

# Sketch: 0
1704619914 18
1704619946 7
1704619978 15
1704620010 16
1704620042 9
1704620074 15
1704620106 10
1704620138 14
1704620170 2
1704620202 16
1704620234 15
1704620266 16
1704620298 10
1704620330 41
1704620362 31
1704620394 11
1704620426 12
1704620458 16
1704620490 6



# Sketch: 1
1704619914 23
1704619946 18
1704619978 11
1704620010 11
1704620042 24
1704620074 9
1704620106 13
1704620138 12
1704620170 24
1704620202 9
1704620234 8
1704620266 12
1704620298 22
1704620330 27
1704620362 20
1704620394 18
1704620426 16
1704620458 21
1704620490 21



# Sketch: 2
1704619914 7
1704619946 15
1704619978 11
1704620010 20
1704620042 14
1704620074 22
1704620106 7
1704620138 25
1704620170 5
1704620202 21
1704620234 21
1704620266 21
1704620298 11
1704620330 19
1704620362 19
1704620394 12
1704620426 12
1704620458 9
1704620490 10



# Sketch: 3
1704619914 29
1704619946 27
1704619978 15
1704620010 21
1704620042 41
1704620074 37
1704620106 14
1704620138 28
1704620170 13
1704620202 18
1704620234 7
1704620266 29
1704620298 25
1704620330 15
1704620362 21
1704620394 32
1704620426 16
1704620458 28
1704620490 15



# Sketch: 4
1704619914 19
1704619946 14
1704619978 19
1704620010 28
1704620042 16
1704620074 18
1704620106 4
1704620138 14
1704620170 11
1704620202 21
1704620234 12
1704620266 12
1704620298 27
1704620330 12
1704620362 25
1704620394 10
1704620426 12
1704620458 22
1704620490 25



# Sketch: 5
1704619914 31
1704619946 17
1704619978 19
1704620010 19
1704620042 16
1704620074 30
1704620106 15
1704620138 7
1704620170 23
1704620202 9
1704620234 30
1704620266 14
1704620298 25
1704620330 26
1704620362 12
1704620394 22
1704620426 21
1704620458 30
1704620490 24



# Sketch: 6
1704619914 18
1704619946 17
1704619978 12
1704620010 15
1704620042 11
1704620074 15
1704620106 12
1704620138 13
1704620170 18
1704620202 30
1704620234 17
1704620266 19
1704620298 34
1704620330 18
1704620362 11
1704620394 21
1704620426 21
1704620458 11
1704620490 16



# Sketch: 7
1704619914 16
1704619946 23
1704619978 15
1704620010 14
1704620042 9
1704620074 17
1704620106 9
1704620138 12
1704620170 27
1704620202 12
1704620234 18
1704620266 8
1704620298 26
1704620330 18
1704620362 8
1704620394 22
1704620426 19
1704620458 13
1704620490 16



# Sketch: 8
1704619914 11
1704619946 8
1704619978 19
1704620010 23
1704620042 14
1704620074 15
1704620106 6
1704620138 30
1704620170 6
1704620202 11
1704620234 15
1704620266 11
1704620298 14
1704620330 20
1704620362 48
1704620394 21
1704620426 21
1704620458 25
1704620490 21



# Sketch: 9
1704619914 17
1704619946 14
1704619978 20
1704620010 20
1704620042 10
1704620074 10
1704620106 13
1704620138 12
1704620170 11
1704620202 12
1704620234 11
1704620266 15
1704620298 17
1704620330 13
1704620362 12
1704620394 13
1704620426 21
1704620458 26
1704620490 22



# Sketch: 10
1704619914 12
1704619946 32
1704619978 29
1704620010 23
1704620042 15
1704620074 21
1704620106 12
1704620138 19
1704620170 17
1704620202 18
1704620234 9
1704620266 9
1704620298 24
1704620330 19
1704620362 22
1704620394 18
1704620426 28
1704620458 24
1704620490 7



# Sketch: 11
1704619914 17
1704619946 26
1704619978 16
1704620010 40
1704620042 18
1704620074 9
1704620106 13
1704620138 18
1704620170 14
1704620202 9
1704620234 27
1704620266 19
1704620298 16
1704620330 11
1704620362 18
1704620394 15
1704620426 31
1704620458 19
1704620490 6



# Sketch: 12
1704619914 15
1704619946 16
1704619978 13
1704620010 17
1704620042 12
1704620074 9
1704620106 12
1704620138 2
1704620170 7
1704620202 19
1704620234 20
1704620266 17
1704620298 26
1704620330 5
1704620362 16
1704620394 38
1704620426 17
1704620458 26
1704620490 20



# Sketch: 13
1704619914 6
1704619946 18
1704619978 12
1704620010 8
1704620042 3
1704620074 9
1704620106 7
1704620138 9
1704620170 15
1704620202 15
1704620234 20
1704620266 6
1704620298 12
1704620330 25
1704620362 12
1704620394 12
1704620426 28
1704620458 20
1704620490 21



# Sketch: 14
1704619914 10
1704619946 5
1704619978 6
1704620010 20
1704620042 19
1704620074 10
1704620106 14
1704620138 34
1704620170 18
1704620202 14
1704620234 26
1704620266 18
1704620298 12
1704620330 13
1704620362 20
1704620394 18
1704620426 7
1704620458 15
1704620490 7



# Sketch: 15
1704619914 16
1704619946 7
1704619978 9
1704620010 22
1704620042 18
1704620074 20
1704620106 18
1704620138 14
1704620170 17
1704620202 16
1704620234 20
1704620266 22
1704620298 17
1704620330 16
1704620362 12
1704620394 20
1704620426 10
1704620458 31
1704620490 15



# Sketch: 16
1704619914 14
1704619946 10
1704619978 27
1704620010 8
1704620042 23
1704620074 15
1704620106 9
1704620138 21
1704620170 14
1704620202 5
1704620234 23
1704620266 10
1704620298 10
1704620330 16
1704620362 22
1704620394 22
1704620426 16
1704620458 22
1704620490 14



# Sketch: 17
1704619914 23
1704619946 27
1704619978 9
1704620010 25
1704620042 22
1704620074 21
1704620106 16
1704620138 12
1704620170 16
1704620202 16
1704620234 20
1704620266 29
1704620298 44
1704620330 10
1704620362 14
1704620394 21
1704620426 10
1704620458 11
1704620490 25



# Sketch: 18
1704619914 22
1704619946 12
1704619978 10
1704620010 23
1704620042 13
1704620074 13
1704620106 13
1704620138 18
1704620170 21
1704620202 15
1704620234 18
1704620266 21
1704620298 22
1704620330 19
1704620362 14
1704620394 14
1704620426 11
1704620458 19
1704620490 10



# Sketch: 19
1704619914 10
1704619946 32
1704619978 13
1704620010 19
1704620042 10
1704620074 18
1704620106 8
1704620138 30
1704620170 20
1704620202 12
1704620234 25
1704620266 16
1704620298 10
1704620330 12
1704620362 9
1704620394 8
1704620426 13
1704620458 10
1704620490 15



# Sketch: 20
1704619914 13
1704619946 13
1704619978 22
1704620010 23
1704620042 7
1704620074 9
1704620106 15
1704620138 27
1704620170 9
1704620202 8
1704620234 11
1704620266 14
1704620298 29
1704620330 11
1704620362 14
1704620394 9
1704620426 17
1704620458 12
1704620490 8



# Sketch: 21
1704619914 14
1704619946 17
1704619978 16
1704620010 23
1704620042 18
1704620074 11
1704620106 10
1704620138 20
1704620170 19
1704620202 9
1704620234 24
1704620266 19
1704620298 19
1704620330 26
1704620362 10
1704620394 11
1704620426 27
1704620458 18
1704620490 18



# Sketch: 22
1704619914 25
1704619946 9
1704619978 29
1704620010 12
1704620042 6
1704620074 19
1704620106 10
1704620138 27
1704620170 12
1704620202 13
1704620234 17
1704620266 21
1704620298 34
1704620330 17
1704620362 12
1704620394 15
1704620426 23
1704620458 9
1704620490 8



# Sketch: 23
1704619914 15
1704619946 8
1704619978 15
1704620010 16
1704620042 11
1704620074 21
1704620106 21
1704620138 20
1704620170 12
1704620202 30
1704620234 33
1704620266 17
1704620298 20
1704620330 15
1704620362 16
1704620394 19
1704620426 17
1704620458 17
1704620490 12



# Sketch: 24
1704619914 17
1704619946 26
1704619978 20
1704620010 44
1704620042 27
1704620074 12
1704620106 35
1704620138 19
1704620170 13
1704620202 16
1704620234 31
1704620266 32
1704620298 15
1704620330 32
1704620362 23
1704620394 29
1704620426 28
1704620458 37
1704620490 21



# Sketch: 25
1704619914 19
1704619946 12
1704619978 29
1704620010 13
1704620042 29
1704620074 18
1704620106 6
1704620138 28
1704620170 9
1704620202 15
1704620234 18
1704620266 25
1704620298 30
1704620330 38
1704620362 16
1704620394 22
1704620426 35
1704620458 13
1704620490 9



# Sketch: 26
1704619914 24
1704619946 10
1704619978 21
1704620010 24
1704620042 9
1704620074 20
1704620106 18
1704620138 23
1704620170 29
1704620202 15
1704620234 18
1704620266 30
1704620298 14
1704620330 13
1704620362 27
1704620394 12
1704620426 18
1704620458 19
1704620490 12



# Sketch: 27
1704619914 17
1704619946 32
1704619978 6
1704620010 8
1704620042 23
1704620074 20
1704620106 17
1704620138 19
1704620170 17
1704620202 17
1704620234 21
1704620266 27
1704620298 10
1704620330 13
1704620362 8
1704620394 13
1704620426 23
1704620458 22
1704620490 11



# Sketch: 28
1704619914 27
1704619946 22
1704619978 15
1704620010 19
1704620042 28
1704620074 11
1704620106 10
1704620138 10
1704620170 11
1704620202 22
1704620234 17
1704620266 12
1704620298 9
1704620330 9
1704620362 9
1704620394 12
1704620426 28
1704620458 11
1704620490 15



# Sketch: 29
1704619914 12
1704619946 19
1704619978 14
1704620010 6
1704620042 33
1704620074 54
1704620106 13
1704620138 27
1704620170 15
1704620202 19
1704620234 17
1704620266 19
1704620298 28
1704620330 12
1704620362 21
1704620394 24
1704620426 18
1704620458 14
1704620490 10



# Sketch: 30
1704619914 7
1704619946 12
1704619978 15
1704620010 17
1704620042 16
1704620074 20
1704620106 12
1704620138 9
1704620170 20
1704620202 11
1704620234 9
1704620266 16
1704620298 27
1704620330 17
1704620362 14
1704620394 19
1704620426 31
1704620458 26
1704620490 9



# Sketch: 31
1704619914 21
1704619946 22
1704619978 22
1704620010 32
1704620042 39
1704620074 19
1704620106 23
1704620138 19
1704620170 19
1704620202 26
1704620234 25
1704620266 24
1704620298 22
1704620330 37
1704620362 15
1704620394 38
1704620426 20
1704620458 30
1704620490 20

