

# Sketch: 0
1704619914 3
1704619922 4
1704619930 8
1704619938 3
1704619946 1
1704619954 1
1704619962 4
1704619970 1
1704619978 4
1704619986 1
1704619994 4
1704620002 6
1704620010 7
1704620018 3
1704620026 1
1704620034 5
1704620042 1
1704620050 3
1704620058 2
1704620066 3
1704620074 6
1704620082 4
1704620090 3
1704620098 2
1704620106 3
1704620114 5
1704620122 2
1704620130 0
1704620138 4
1704620146 4
1704620154 6
1704620162 0
1704620170 0
1704620178 0
1704620186 2
1704620194 0
1704620202 3
1704620210 2
1704620218 7
1704620226 4
1704620234 4
1704620242 4
1704620250 2
1704620258 5
1704620266 7
1704620274 4
1704620282 3
1704620290 2
1704620298 0
1704620306 1
1704620314 2
1704620322 7
1704620330 13
1704620338 3
1704620346 12
1704620354 13
1704620362 8
1704620370 4
1704620378 14
1704620386 5
1704620394 3
1704620402 3
1704620410 3
1704620418 2
1704620426 3
1704620434 3
1704620442 3
1704620450 3
1704620458 5
1704620466 1
1704620474 9
1704620482 1
1704620490 2
1704620498 3
1704620506 1



# Sketch: 1
1704619914 5
1704619922 9
1704619930 3
1704619938 6
1704619946 3
1704619954 2
1704619962 4
1704619970 9
1704619978 2
1704619986 1
1704619994 6
1704620002 2
1704620010 1
1704620018 1
1704620026 3
1704620034 6
1704620042 14
1704620050 4
1704620058 3
1704620066 3
1704620074 1
1704620082 0
1704620090 5
1704620098 3
1704620106 1
1704620114 6
1704620122 4
1704620130 2
1704620138 4
1704620146 5
1704620154 1
1704620162 2
1704620170 11
1704620178 5
1704620186 5
1704620194 3
1704620202 2
1704620210 3
1704620218 3
1704620226 1
1704620234 6
1704620242 0
1704620250 1
1704620258 1
1704620266 1
1704620274 4
1704620282 5
1704620290 2
1704620298 12
1704620306 2
1704620314 3
1704620322 5
1704620330 9
1704620338 7
1704620346 5
1704620354 6
1704620362 6
1704620370 5
1704620378 7
1704620386 2
1704620394 4
1704620402 4
1704620410 8
1704620418 2
1704620426 5
1704620434 2
1704620442 8
1704620450 1
1704620458 2
1704620466 1
1704620474 2
1704620482 16
1704620490 2
1704620498 8
1704620506 11



# Sketch: 2
1704619914 2
1704619922 0
1704619930 3
1704619938 2
1704619946 6
1704619954 3
1704619962 2
1704619970 4
1704619978 0
1704619986 1
1704619994 8
1704620002 2
1704620010 2
1704620018 5
1704620026 10
1704620034 3
1704620042 3
1704620050 5
1704620058 3
1704620066 3
1704620074 5
1704620082 6
1704620090 3
1704620098 8
1704620106 0
1704620114 1
1704620122 2
1704620130 4
1704620138 15
1704620146 3
1704620154 1
1704620162 6
1704620170 1
1704620178 1
1704620186 0
1704620194 3
1704620202 1
1704620210 4
1704620218 9
1704620226 7
1704620234 4
1704620242 1
1704620250 2
1704620258 14
1704620266 4
1704620274 3
1704620282 2
1704620290 12
1704620298 2
1704620306 1
1704620314 5
1704620322 3
1704620330 7
1704620338 3
1704620346 2
1704620354 7
1704620362 4
1704620370 10
1704620378 3
1704620386 2
1704620394 4
1704620402 3
1704620410 4
1704620418 1
1704620426 2
1704620434 2
1704620442 7
1704620450 1
1704620458 0
1704620466 2
1704620474 4
1704620482 3
1704620490 1
1704620498 4
1704620506 5



# Sketch: 3
1704619914 8
1704619922 5
1704619930 9
1704619938 7
1704619946 14
1704619954 3
1704619962 10
1704619970 0
1704619978 2
1704619986 4
1704619994 2
1704620002 7
1704620010 5
1704620018 7
1704620026 8
1704620034 1
1704620042 12
1704620050 12
1704620058 13
1704620066 4
1704620074 4
1704620082 22
1704620090 5
1704620098 6
1704620106 4
1704620114 3
1704620122 5
1704620130 2
1704620138 3
1704620146 7
1704620154 9
1704620162 9
1704620170 3
1704620178 5
1704620186 3
1704620194 2
1704620202 5
1704620210 2
1704620218 5
1704620226 6
1704620234 3
1704620242 3
1704620250 0
1704620258 1
1704620266 10
1704620274 5
1704620282 9
1704620290 5
1704620298 12
1704620306 4
1704620314 6
1704620322 3
1704620330 2
1704620338 7
1704620346 3
1704620354 3
1704620362 4
1704620370 5
1704620378 11
1704620386 1
1704620394 7
1704620402 4
1704620410 11
1704620418 10
1704620426 3
1704620434 10
1704620442 1
1704620450 2
1704620458 3
1704620466 10
1704620474 7
1704620482 8
1704620490 6
1704620498 4
1704620506 5



# Sketch: 4
1704619914 3
1704619922 6
1704619930 4
1704619938 6
1704619946 8
1704619954 3
1704619962 0
1704619970 3
1704619978 14
1704619986 3
1704619994 0
1704620002 2
1704620010 7
1704620018 4
1704620026 8
1704620034 9
1704620042 5
1704620050 5
1704620058 2
1704620066 4
1704620074 4
1704620082 4
1704620090 5
1704620098 5
1704620106 1
1704620114 1
1704620122 0
1704620130 2
1704620138 3
1704620146 5
1704620154 3
1704620162 3
1704620170 1
1704620178 4
1704620186 5
1704620194 1
1704620202 2
1704620210 10
1704620218 7
1704620226 2
1704620234 3
1704620242 3
1704620250 2
1704620258 4
1704620266 5
1704620274 0
1704620282 4
1704620290 3
1704620298 12
1704620306 7
1704620314 6
1704620322 2
1704620330 1
1704620338 3
1704620346 4
1704620354 4
1704620362 12
1704620370 8
1704620378 0
1704620386 5
1704620394 2
1704620402 2
1704620410 4
1704620418 2
1704620426 1
1704620434 1
1704620442 6
1704620450 4
1704620458 3
1704620466 8
1704620474 0
1704620482 11
1704620490 2
1704620498 11
1704620506 12



# Sketch: 5
1704619914 3
1704619922 5
1704619930 7
1704619938 16
1704619946 3
1704619954 5
1704619962 4
1704619970 5
1704619978 4
1704619986 7
1704619994 2
1704620002 6
1704620010 8
1704620018 2
1704620026 7
1704620034 2
1704620042 1
1704620050 8
1704620058 4
1704620066 3
1704620074 3
1704620082 21
1704620090 2
1704620098 4
1704620106 4
1704620114 6
1704620122 4
1704620130 1
1704620138 4
1704620146 1
1704620154 0
1704620162 2
1704620170 4
1704620178 9
1704620186 6
1704620194 4
1704620202 1
1704620210 1
1704620218 4
1704620226 3
1704620234 11
1704620242 4
1704620250 3
1704620258 12
1704620266 2
1704620274 5
1704620282 1
1704620290 6
1704620298 6
1704620306 7
1704620314 9
1704620322 3
1704620330 5
1704620338 3
1704620346 5
1704620354 13
1704620362 3
1704620370 6
1704620378 2
1704620386 1
1704620394 3
1704620402 5
1704620410 6
1704620418 8
1704620426 4
1704620434 4
1704620442 12
1704620450 1
1704620458 4
1704620466 12
1704620474 4
1704620482 10
1704620490 12
1704620498 3
1704620506 9



# Sketch: 6
1704619914 0
1704619922 9
1704619930 3
1704619938 6
1704619946 4
1704619954 9
1704619962 3
1704619970 1
1704619978 0
1704619986 5
1704619994 3
1704620002 4
1704620010 6
1704620018 3
1704620026 1
1704620034 5
1704620042 9
1704620050 0
1704620058 2
1704620066 0
1704620074 0
1704620082 6
1704620090 8
1704620098 1
1704620106 1
1704620114 1
1704620122 7
1704620130 3
1704620138 5
1704620146 5
1704620154 1
1704620162 2
1704620170 7
1704620178 6
1704620186 2
1704620194 3
1704620202 5
1704620210 10
1704620218 6
1704620226 9
1704620234 0
1704620242 5
1704620250 10
1704620258 2
1704620266 4
1704620274 5
1704620282 8
1704620290 2
1704620298 12
1704620306 3
1704620314 3
1704620322 16
1704620330 4
1704620338 4
1704620346 3
1704620354 7
1704620362 7
1704620370 3
1704620378 0
1704620386 1
1704620394 4
1704620402 12
1704620410 3
1704620418 2
1704620426 5
1704620434 4
1704620442 12
1704620450 0
1704620458 4
1704620466 2
1704620474 2
1704620482 3
1704620490 8
1704620498 3
1704620506 5



# Sketch: 7
1704619914 1
1704619922 1
1704619930 1
1704619938 13
1704619946 8
1704619954 8
1704619962 6
1704619970 1
1704619978 1
1704619986 2
1704619994 7
1704620002 5
1704620010 2
1704620018 0
1704620026 7
1704620034 5
1704620042 4
1704620050 3
1704620058 0
1704620066 2
1704620074 1
1704620082 9
1704620090 2
1704620098 5
1704620106 2
1704620114 1
1704620122 2
1704620130 4
1704620138 4
1704620146 3
1704620154 3
1704620162 2
1704620170 6
1704620178 7
1704620186 5
1704620194 9
1704620202 0
1704620210 2
1704620218 5
1704620226 5
1704620234 4
1704620242 3
1704620250 6
1704620258 5
1704620266 1
1704620274 2
1704620282 3
1704620290 2
1704620298 6
1704620306 4
1704620314 7
1704620322 9
1704620330 4
1704620338 7
1704620346 2
1704620354 5
1704620362 0
1704620370 1
1704620378 1
1704620386 6
1704620394 6
1704620402 4
1704620410 1
1704620418 11
1704620426 4
1704620434 3
1704620442 12
1704620450 0
1704620458 0
1704620466 1
1704620474 8
1704620482 4
1704620490 5
1704620498 3
1704620506 8



# Sketch: 8
1704619914 2
1704619922 3
1704619930 4
1704619938 2
1704619946 1
1704619954 0
1704619962 3
1704619970 4
1704619978 3
1704619986 7
1704619994 8
1704620002 1
1704620010 5
1704620018 1
1704620026 10
1704620034 7
1704620042 2
1704620050 4
1704620058 6
1704620066 2
1704620074 0
1704620082 4
1704620090 4
1704620098 7
1704620106 1
1704620114 2
1704620122 0
1704620130 3
1704620138 21
1704620146 0
1704620154 2
1704620162 7
1704620170 5
1704620178 1
1704620186 0
1704620194 0
1704620202 1
1704620210 0
1704620218 6
1704620226 4
1704620234 5
1704620242 4
1704620250 4
1704620258 2
1704620266 1
1704620274 6
1704620282 1
1704620290 3
1704620298 4
1704620306 0
1704620314 9
1704620322 1
1704620330 7
1704620338 7
1704620346 2
1704620354 4
1704620362 9
1704620370 24
1704620378 8
1704620386 7
1704620394 6
1704620402 14
1704620410 1
1704620418 0
1704620426 6
1704620434 2
1704620442 7
1704620450 6
1704620458 2
1704620466 16
1704620474 5
1704620482 2
1704620490 5
1704620498 5
1704620506 11



# Sketch: 9
1704619914 4
1704619922 5
1704619930 5
1704619938 3
1704619946 6
1704619954 1
1704619962 1
1704619970 6
1704619978 3
1704619986 11
1704619994 0
1704620002 6
1704620010 6
1704620018 8
1704620026 3
1704620034 3
1704620042 0
1704620050 2
1704620058 3
1704620066 5
1704620074 2
1704620082 2
1704620090 4
1704620098 2
1704620106 0
1704620114 1
1704620122 7
1704620130 5
1704620138 3
1704620146 3
1704620154 6
1704620162 0
1704620170 2
1704620178 5
1704620186 2
1704620194 2
1704620202 2
1704620210 4
1704620218 1
1704620226 5
1704620234 3
1704620242 3
1704620250 5
1704620258 0
1704620266 5
1704620274 6
1704620282 3
1704620290 1
1704620298 4
1704620306 2
1704620314 8
1704620322 3
1704620330 5
1704620338 3
1704620346 1
1704620354 4
1704620362 1
1704620370 1
1704620378 2
1704620386 8
1704620394 2
1704620402 3
1704620410 0
1704620418 8
1704620426 6
1704620434 2
1704620442 7
1704620450 6
1704620458 4
1704620466 9
1704620474 2
1704620482 11
1704620490 5
1704620498 13
1704620506 4



# Sketch: 10
1704619914 1
1704619922 4
1704619930 5
1704619938 2
1704619946 5
1704619954 16
1704619962 6
1704619970 5
1704619978 2
1704619986 3
1704619994 11
1704620002 13
1704620010 2
1704620018 7
1704620026 7
1704620034 7
1704620042 6
1704620050 4
1704620058 1
1704620066 4
1704620074 4
1704620082 8
1704620090 2
1704620098 7
1704620106 5
1704620114 2
1704620122 3
1704620130 2
1704620138 2
1704620146 3
1704620154 11
1704620162 3
1704620170 2
1704620178 5
1704620186 6
1704620194 4
1704620202 3
1704620210 7
1704620218 4
1704620226 4
1704620234 2
1704620242 5
1704620250 1
1704620258 1
1704620266 3
1704620274 3
1704620282 3
1704620290 0
1704620298 8
1704620306 6
1704620314 6
1704620322 4
1704620330 3
1704620338 2
1704620346 8
1704620354 6
1704620362 8
1704620370 3
1704620378 6
1704620386 5
1704620394 1
1704620402 7
1704620410 6
1704620418 4
1704620426 11
1704620434 6
1704620442 6
1704620450 5
1704620458 14
1704620466 6
1704620474 0
1704620482 4
1704620490 6
1704620498 1
1704620506 0



# Sketch: 11
1704619914 6
1704619922 2
1704619930 2
1704619938 7
1704619946 3
1704619954 12
1704619962 4
1704619970 7
1704619978 5
1704619986 2
1704619994 3
1704620002 6
1704620010 20
1704620018 1
1704620026 13
1704620034 6
1704620042 6
1704620050 5
1704620058 6
1704620066 1
1704620074 1
1704620082 3
1704620090 3
1704620098 2
1704620106 2
1704620114 1
1704620122 4
1704620130 6
1704620138 6
1704620146 8
1704620154 2
1704620162 2
1704620170 5
1704620178 2
1704620186 1
1704620194 6
1704620202 3
1704620210 1
1704620218 5
1704620226 0
1704620234 8
1704620242 2
1704620250 4
1704620258 13
1704620266 3
1704620274 2
1704620282 6
1704620290 8
1704620298 2
1704620306 11
1704620314 1
1704620322 2
1704620330 3
1704620338 1
1704620346 5
1704620354 2
1704620362 4
1704620370 7
1704620378 7
1704620386 0
1704620394 5
1704620402 5
1704620410 3
1704620418 2
1704620426 4
1704620434 4
1704620442 13
1704620450 10
1704620458 0
1704620466 3
1704620474 1
1704620482 15
1704620490 1
1704620498 3
1704620506 2



# Sketch: 12
1704619914 2
1704619922 1
1704619930 4
1704619938 8
1704619946 8
1704619954 2
1704619962 0
1704619970 6
1704619978 1
1704619986 1
1704619994 3
1704620002 8
1704620010 8
1704620018 2
1704620026 4
1704620034 3
1704620042 6
1704620050 1
1704620058 2
1704620066 3
1704620074 2
1704620082 2
1704620090 2
1704620098 3
1704620106 0
1704620114 7
1704620122 4
1704620130 1
1704620138 0
1704620146 1
1704620154 0
1704620162 1
1704620170 3
1704620178 1
1704620186 3
1704620194 0
1704620202 2
1704620210 6
1704620218 3
1704620226 8
1704620234 3
1704620242 4
1704620250 9
1704620258 4
1704620266 3
1704620274 1
1704620282 3
1704620290 10
1704620298 5
1704620306 3
1704620314 7
1704620322 11
1704620330 3
1704620338 0
1704620346 2
1704620354 0
1704620362 4
1704620370 3
1704620378 9
1704620386 0
1704620394 20
1704620402 10
1704620410 4
1704620418 4
1704620426 3
1704620434 3
1704620442 7
1704620450 4
1704620458 2
1704620466 9
1704620474 8
1704620482 7
1704620490 8
1704620498 9
1704620506 3



# Sketch: 13
1704619914 1
1704619922 1
1704619930 2
1704619938 2
1704619946 13
1704619954 1
1704619962 3
1704619970 1
1704619978 4
1704619986 2
1704619994 4
1704620002 2
1704620010 1
1704620018 3
1704620026 0
1704620034 4
1704620042 1
1704620050 2
1704620058 0
1704620066 0
1704620074 2
1704620082 4
1704620090 1
1704620098 2
1704620106 2
1704620114 1
1704620122 1
1704620130 3
1704620138 2
1704620146 1
1704620154 0
1704620162 6
1704620170 0
1704620178 2
1704620186 8
1704620194 5
1704620202 4
1704620210 1
1704620218 4
1704620226 6
1704620234 6
1704620242 11
1704620250 2
1704620258 1
1704620266 0
1704620274 1
1704620282 3
1704620290 2
1704620298 2
1704620306 4
1704620314 4
1704620322 2
1704620330 4
1704620338 6
1704620346 1
1704620354 14
1704620362 5
1704620370 0
1704620378 3
1704620386 4
1704620394 2
1704620402 5
1704620410 1
1704620418 4
1704620426 6
1704620434 9
1704620442 6
1704620450 7
1704620458 7
1704620466 5
1704620474 7
1704620482 1
1704620490 15
1704620498 1
1704620506 5



# Sketch: 14
1704619914 6
1704619922 1
1704619930 2
1704619938 1
1704619946 0
1704619954 2
1704619962 1
1704619970 2
1704619978 1
1704619986 2
1704619994 1
1704620002 2
1704620010 2
1704620018 3
1704620026 1
1704620034 14
1704620042 9
1704620050 5
1704620058 1
1704620066 4
1704620074 1
1704620082 4
1704620090 3
1704620098 2
1704620106 2
1704620114 8
1704620122 2
1704620130 2
1704620138 4
1704620146 4
1704620154 14
1704620162 12
1704620170 4
1704620178 2
1704620186 2
1704620194 10
1704620202 4
1704620210 4
1704620218 3
1704620226 3
1704620234 13
1704620242 7
1704620250 3
1704620258 3
1704620266 7
1704620274 1
1704620282 5
1704620290 5
1704620298 3
1704620306 1
1704620314 8
1704620322 0
1704620330 2
1704620338 6
1704620346 1
1704620354 4
1704620362 1
1704620370 14
1704620378 2
1704620386 3
1704620394 9
1704620402 3
1704620410 6
1704620418 0
1704620426 1
1704620434 1
1704620442 1
1704620450 4
1704620458 1
1704620466 4
1704620474 3
1704620482 7
1704620490 4
1704620498 0
1704620506 3



# Sketch: 15
1704619914 6
1704619922 3
1704619930 4
1704619938 3
1704619946 1
1704619954 2
1704619962 1
1704619970 3
1704619978 0
1704619986 6
1704619994 2
1704620002 1
1704620010 3
1704620018 3
1704620026 11
1704620034 5
1704620042 3
1704620050 2
1704620058 9
1704620066 4
1704620074 0
1704620082 5
1704620090 4
1704620098 11
1704620106 3
1704620114 7
1704620122 8
1704620130 0
1704620138 2
1704620146 6
1704620154 2
1704620162 4
1704620170 3
1704620178 6
1704620186 5
1704620194 3
1704620202 1
1704620210 5
1704620218 1
1704620226 9
1704620234 3
1704620242 1
1704620250 12
1704620258 4
1704620266 2
1704620274 5
1704620282 11
1704620290 4
1704620298 4
1704620306 5
1704620314 7
1704620322 1
1704620330 2
1704620338 4
1704620346 2
1704620354 8
1704620362 7
1704620370 2
1704620378 2
1704620386 1
1704620394 3
1704620402 9
1704620410 5
1704620418 3
1704620426 3
1704620434 0
1704620442 5
1704620450 2
1704620458 9
1704620466 4
1704620474 7
1704620482 11
1704620490 5
1704620498 5
1704620506 5



# Sketch: 16
1704619914 0
1704619922 4
1704619930 5
1704619938 5
1704619946 5
1704619954 2
1704619962 1
1704619970 2
1704619978 1
1704619986 7
1704619994 3
1704620002 16
1704620010 4
1704620018 2
1704620026 1
1704620034 1
1704620042 8
1704620050 7
1704620058 5
1704620066 3
1704620074 1
1704620082 3
1704620090 9
1704620098 2
1704620106 0
1704620114 1
1704620122 7
1704620130 1
1704620138 8
1704620146 2
1704620154 4
1704620162 7
1704620170 4
1704620178 6
1704620186 3
1704620194 1
1704620202 3
1704620210 1
1704620218 0
1704620226 1
1704620234 2
1704620242 1
1704620250 16
1704620258 4
1704620266 3
1704620274 1
1704620282 4
1704620290 2
1704620298 4
1704620306 3
1704620314 1
1704620322 2
1704620330 8
1704620338 2
1704620346 3
1704620354 3
1704620362 2
1704620370 5
1704620378 6
1704620386 9
1704620394 3
1704620402 4
1704620410 9
1704620418 6
1704620426 7
1704620434 3
1704620442 6
1704620450 0
1704620458 6
1704620466 1
1704620474 4
1704620482 11
1704620490 12
1704620498 1
1704620506 1



# Sketch: 17
1704619914 7
1704619922 5
1704619930 6
1704619938 5
1704619946 8
1704619954 7
1704619962 12
1704619970 0
1704619978 1
1704619986 3
1704619994 2
1704620002 3
1704620010 5
1704620018 5
1704620026 14
1704620034 1
1704620042 6
1704620050 2
1704620058 4
1704620066 10
1704620074 7
1704620082 3
1704620090 2
1704620098 9
1704620106 0
1704620114 5
1704620122 10
1704620130 1
1704620138 3
1704620146 2
1704620154 2
1704620162 5
1704620170 3
1704620178 9
1704620186 3
1704620194 1
1704620202 2
1704620210 8
1704620218 3
1704620226 3
1704620234 6
1704620242 7
1704620250 1
1704620258 6
1704620266 1
1704620274 11
1704620282 11
1704620290 6
1704620298 13
1704620306 6
1704620314 21
1704620322 4
1704620330 4
1704620338 0
1704620346 0
1704620354 6
1704620362 2
1704620370 4
1704620378 1
1704620386 7
1704620394 4
1704620402 4
1704620410 4
1704620418 9
1704620426 1
1704620434 3
1704620442 1
1704620450 5
1704620458 1
1704620466 6
1704620474 0
1704620482 4
1704620490 8
1704620498 12
1704620506 5



# Sketch: 18
1704619914 2
1704619922 5
1704619930 5
1704619938 10
1704619946 6
1704619954 6
1704619962 0
1704619970 0
1704619978 7
1704619986 1
1704619994 2
1704620002 0
1704620010 0
1704620018 1
1704620026 15
1704620034 7
1704620042 4
1704620050 0
1704620058 4
1704620066 5
1704620074 2
1704620082 3
1704620090 3
1704620098 5
1704620106 4
1704620114 4
1704620122 5
1704620130 0
1704620138 0
1704620146 5
1704620154 8
1704620162 5
1704620170 6
1704620178 11
1704620186 0
1704620194 4
1704620202 2
1704620210 3
1704620218 5
1704620226 5
1704620234 5
1704620242 3
1704620250 4
1704620258 6
1704620266 13
1704620274 0
1704620282 4
1704620290 4
1704620298 8
1704620306 6
1704620314 7
1704620322 1
1704620330 5
1704620338 3
1704620346 6
1704620354 5
1704620362 6
1704620370 4
1704620378 2
1704620386 2
1704620394 2
1704620402 4
1704620410 4
1704620418 4
1704620426 6
1704620434 2
1704620442 2
1704620450 1
1704620458 3
1704620466 5
1704620474 3
1704620482 8
1704620490 6
1704620498 2
1704620506 2



# Sketch: 19
1704619914 4
1704619922 4
1704619930 2
1704619938 0
1704619946 3
1704619954 17
1704619962 10
1704619970 2
1704619978 2
1704619986 6
1704619994 1
1704620002 4
1704620010 6
1704620018 0
1704620026 11
1704620034 2
1704620042 3
1704620050 3
1704620058 1
1704620066 3
1704620074 4
1704620082 7
1704620090 5
1704620098 2
1704620106 2
1704620114 4
1704620122 1
1704620130 1
1704620138 11
1704620146 2
1704620154 13
1704620162 4
1704620170 1
1704620178 15
1704620186 2
1704620194 2
1704620202 1
1704620210 4
1704620218 0
1704620226 7
1704620234 5
1704620242 5
1704620250 10
1704620258 5
1704620266 4
1704620274 4
1704620282 6
1704620290 2
1704620298 2
1704620306 1
1704620314 2
1704620322 5
1704620330 1
1704620338 3
1704620346 3
1704620354 5
1704620362 1
1704620370 6
1704620378 1
1704620386 1
1704620394 1
1704620402 2
1704620410 1
1704620418 4
1704620426 5
1704620434 1
1704620442 1
1704620450 6
1704620458 4
1704620466 0
1704620474 1
1704620482 5
1704620490 8
1704620498 1
1704620506 6



# Sketch: 20
1704619914 6
1704619922 5
1704619930 1
1704619938 1
1704619946 10
1704619954 1
1704619962 1
1704619970 1
1704619978 2
1704619986 14
1704619994 0
1704620002 6
1704620010 0
1704620018 5
1704620026 12
1704620034 6
1704620042 1
1704620050 1
1704620058 1
1704620066 4
1704620074 2
1704620082 1
1704620090 1
1704620098 5
1704620106 5
1704620114 5
1704620122 4
1704620130 1
1704620138 18
1704620146 3
1704620154 5
1704620162 1
1704620170 2
1704620178 1
1704620186 1
1704620194 5
1704620202 2
1704620210 4
1704620218 1
1704620226 1
1704620234 0
1704620242 4
1704620250 5
1704620258 2
1704620266 3
1704620274 2
1704620282 7
1704620290 2
1704620298 0
1704620306 2
1704620314 15
1704620322 12
1704620330 3
1704620338 3
1704620346 1
1704620354 4
1704620362 3
1704620370 3
1704620378 5
1704620386 3
1704620394 2
1704620402 1
1704620410 2
1704620418 4
1704620426 2
1704620434 3
1704620442 8
1704620450 4
1704620458 3
1704620466 5
1704620474 2
1704620482 2
1704620490 4
1704620498 0
1704620506 4



# Sketch: 21
1704619914 5
1704619922 2
1704619930 4
1704619938 3
1704619946 5
1704619954 4
1704619962 3
1704619970 5
1704619978 4
1704619986 4
1704619994 7
1704620002 1
1704620010 4
1704620018 5
1704620026 9
1704620034 5
1704620042 3
1704620050 9
1704620058 3
1704620066 3
1704620074 3
1704620082 1
1704620090 5
1704620098 2
1704620106 2
1704620114 4
1704620122 4
1704620130 0
1704620138 6
1704620146 9
1704620154 5
1704620162 0
1704620170 5
1704620178 5
1704620186 6
1704620194 3
1704620202 3
1704620210 3
1704620218 3
1704620226 0
1704620234 14
1704620242 4
1704620250 2
1704620258 4
1704620266 4
1704620274 11
1704620282 1
1704620290 3
1704620298 3
1704620306 3
1704620314 7
1704620322 6
1704620330 8
1704620338 4
1704620346 1
1704620354 13
1704620362 0
1704620370 4
1704620378 3
1704620386 3
1704620394 1
1704620402 4
1704620410 5
1704620418 1
1704620426 5
1704620434 2
1704620442 13
1704620450 7
1704620458 3
1704620466 6
1704620474 6
1704620482 3
1704620490 2
1704620498 8
1704620506 8



# Sketch: 22
1704619914 16
1704619922 3
1704619930 4
1704619938 2
1704619946 4
1704619954 2
1704619962 1
1704619970 2
1704619978 1
1704619986 11
1704619994 7
1704620002 10
1704620010 1
1704620018 3
1704620026 7
1704620034 1
1704620042 0
1704620050 0
1704620058 4
1704620066 2
1704620074 2
1704620082 1
1704620090 5
1704620098 11
1704620106 1
1704620114 3
1704620122 2
1704620130 4
1704620138 4
1704620146 3
1704620154 13
1704620162 7
1704620170 3
1704620178 2
1704620186 4
1704620194 3
1704620202 2
1704620210 4
1704620218 2
1704620226 5
1704620234 3
1704620242 7
1704620250 3
1704620258 4
1704620266 7
1704620274 2
1704620282 4
1704620290 8
1704620298 10
1704620306 7
1704620314 9
1704620322 8
1704620330 1
1704620338 4
1704620346 2
1704620354 10
1704620362 4
1704620370 5
1704620378 0
1704620386 3
1704620394 0
1704620402 4
1704620410 4
1704620418 7
1704620426 5
1704620434 11
1704620442 4
1704620450 3
1704620458 0
1704620466 5
1704620474 2
1704620482 2
1704620490 3
1704620498 2
1704620506 3



# Sketch: 23
1704619914 6
1704619922 3
1704619930 3
1704619938 3
1704619946 2
1704619954 1
1704619962 4
1704619970 1
1704619978 3
1704619986 6
1704619994 3
1704620002 3
1704620010 6
1704620018 5
1704620026 2
1704620034 3
1704620042 2
1704620050 2
1704620058 3
1704620066 4
1704620074 3
1704620082 3
1704620090 4
1704620098 11
1704620106 10
1704620114 2
1704620122 6
1704620130 3
1704620138 10
1704620146 4
1704620154 2
1704620162 4
1704620170 2
1704620178 4
1704620186 1
1704620194 5
1704620202 13
1704620210 2
1704620218 8
1704620226 7
1704620234 7
1704620242 10
1704620250 4
1704620258 12
1704620266 4
1704620274 5
1704620282 3
1704620290 5
1704620298 5
1704620306 2
1704620314 6
1704620322 7
1704620330 1
1704620338 2
1704620346 7
1704620354 5
1704620362 2
1704620370 7
1704620378 5
1704620386 2
1704620394 8
1704620402 2
1704620410 7
1704620418 2
1704620426 1
1704620434 6
1704620442 7
1704620450 3
1704620458 2
1704620466 7
1704620474 6
1704620482 2
1704620490 2
1704620498 3
1704620506 7



# Sketch: 24
1704619914 3
1704619922 2
1704619930 9
1704619938 3
1704619946 15
1704619954 5
1704619962 5
1704619970 1
1704619978 6
1704619986 6
1704619994 6
1704620002 2
1704620010 24
1704620018 4
1704620026 6
1704620034 10
1704620042 8
1704620050 11
1704620058 2
1704620066 6
1704620074 1
1704620082 4
1704620090 0
1704620098 7
1704620106 6
1704620114 12
1704620122 4
1704620130 13
1704620138 9
1704620146 1
1704620154 5
1704620162 4
1704620170 5
1704620178 4
1704620186 2
1704620194 2
1704620202 2
1704620210 1
1704620218 6
1704620226 7
1704620234 10
1704620242 6
1704620250 12
1704620258 3
1704620266 7
1704620274 8
1704620282 8
1704620290 9
1704620298 5
1704620306 4
1704620314 2
1704620322 4
1704620330 3
1704620338 9
1704620346 6
1704620354 14
1704620362 9
1704620370 11
1704620378 3
1704620386 0
1704620394 6
1704620402 11
1704620410 8
1704620418 4
1704620426 7
1704620434 10
1704620442 9
1704620450 2
1704620458 5
1704620466 12
1704620474 13
1704620482 7
1704620490 11
1704620498 3
1704620506 7



# Sketch: 25
1704619914 5
1704619922 2
1704619930 8
1704619938 4
1704619946 2
1704619954 1
1704619962 6
1704619970 3
1704619978 6
1704619986 5
1704619994 13
1704620002 5
1704620010 7
1704620018 1
1704620026 3
1704620034 2
1704620042 11
1704620050 4
1704620058 6
1704620066 8
1704620074 0
1704620082 6
1704620090 8
1704620098 4
1704620106 2
1704620114 2
1704620122 0
1704620130 2
1704620138 4
1704620146 6
1704620154 11
1704620162 7
1704620170 6
1704620178 2
1704620186 1
1704620194 0
1704620202 5
1704620210 3
1704620218 2
1704620226 5
1704620234 1
1704620242 5
1704620250 1
1704620258 11
1704620266 8
1704620274 2
1704620282 9
1704620290 6
1704620298 5
1704620306 17
1704620314 5
1704620322 3
1704620330 9
1704620338 3
1704620346 19
1704620354 7
1704620362 2
1704620370 3
1704620378 9
1704620386 2
1704620394 5
1704620402 8
1704620410 4
1704620418 5
1704620426 17
1704620434 13
1704620442 0
1704620450 5
1704620458 0
1704620466 6
1704620474 2
1704620482 5
1704620490 3
1704620498 4
1704620506 2



# Sketch: 26
1704619914 9
1704619922 6
1704619930 3
1704619938 6
1704619946 2
1704619954 1
1704619962 2
1704619970 5
1704619978 2
1704619986 14
1704619994 3
1704620002 2
1704620010 4
1704620018 6
1704620026 4
1704620034 10
1704620042 2
1704620050 3
1704620058 1
1704620066 3
1704620074 9
1704620082 7
1704620090 2
1704620098 2
1704620106 8
1704620114 3
1704620122 5
1704620130 2
1704620138 9
1704620146 5
1704620154 5
1704620162 4
1704620170 11
1704620178 9
1704620186 6
1704620194 3
1704620202 5
1704620210 1
1704620218 7
1704620226 2
1704620234 9
1704620242 3
1704620250 3
1704620258 3
1704620266 18
1704620274 3
1704620282 6
1704620290 3
1704620298 2
1704620306 4
1704620314 2
1704620322 6
1704620330 1
1704620338 1
1704620346 4
1704620354 7
1704620362 6
1704620370 8
1704620378 9
1704620386 4
1704620394 0
1704620402 6
1704620410 4
1704620418 2
1704620426 6
1704620434 4
1704620442 4
1704620450 4
1704620458 1
1704620466 2
1704620474 4
1704620482 12
1704620490 4
1704620498 4
1704620506 4



# Sketch: 27
1704619914 4
1704619922 7
1704619930 2
1704619938 4
1704619946 13
1704619954 10
1704619962 5
1704619970 4
1704619978 1
1704619986 2
1704619994 1
1704620002 2
1704620010 1
1704620018 0
1704620026 4
1704620034 3
1704620042 4
1704620050 3
1704620058 6
1704620066 10
1704620074 7
1704620082 5
1704620090 3
1704620098 5
1704620106 6
1704620114 2
1704620122 5
1704620130 4
1704620138 2
1704620146 1
1704620154 1
1704620162 15
1704620170 3
1704620178 8
1704620186 4
1704620194 2
1704620202 2
1704620210 5
1704620218 4
1704620226 6
1704620234 3
1704620242 2
1704620250 3
1704620258 13
1704620266 7
1704620274 8
1704620282 9
1704620290 3
1704620298 0
1704620306 4
1704620314 4
1704620322 2
1704620330 7
1704620338 3
1704620346 0
1704620354 3
1704620362 4
1704620370 2
1704620378 1
1704620386 1
1704620394 0
1704620402 5
1704620410 5
1704620418 3
1704620426 11
1704620434 3
1704620442 1
1704620450 8
1704620458 8
1704620466 2
1704620474 11
1704620482 1
1704620490 1
1704620498 6
1704620506 4



# Sketch: 28
1704619914 4
1704619922 13
1704619930 5
1704619938 5
1704619946 13
1704619954 2
1704619962 6
1704619970 1
1704619978 4
1704619986 1
1704619994 4
1704620002 6
1704620010 3
1704620018 2
1704620026 9
1704620034 5
1704620042 4
1704620050 5
1704620058 2
1704620066 17
1704620074 1
1704620082 5
1704620090 2
1704620098 3
1704620106 1
1704620114 1
1704620122 0
1704620130 8
1704620138 1
1704620146 2
1704620154 2
1704620162 5
1704620170 3
1704620178 1
1704620186 5
1704620194 2
1704620202 4
1704620210 10
1704620218 6
1704620226 2
1704620234 6
1704620242 2
1704620250 6
1704620258 3
1704620266 2
1704620274 2
1704620282 2
1704620290 6
1704620298 2
1704620306 1
1704620314 0
1704620322 6
1704620330 1
1704620338 2
1704620346 4
1704620354 2
1704620362 3
1704620370 1
1704620378 4
1704620386 1
1704620394 1
1704620402 7
1704620410 1
1704620418 3
1704620426 7
1704620434 5
1704620442 7
1704620450 9
1704620458 2
1704620466 2
1704620474 4
1704620482 3
1704620490 7
1704620498 7
1704620506 1



# Sketch: 29
1704619914 0
1704619922 2
1704619930 6
1704619938 4
1704619946 3
1704619954 9
1704619962 3
1704619970 4
1704619978 1
1704619986 3
1704619994 3
1704620002 7
1704620010 2
1704620018 3
1704620026 0
1704620034 1
1704620042 10
1704620050 10
1704620058 7
1704620066 6
1704620074 18
1704620082 30
1704620090 1
1704620098 5
1704620106 3
1704620114 3
1704620122 5
1704620130 2
1704620138 7
1704620146 4
1704620154 5
1704620162 11
1704620170 1
1704620178 6
1704620186 3
1704620194 5
1704620202 4
1704620210 7
1704620218 5
1704620226 3
1704620234 9
1704620242 2
1704620250 2
1704620258 4
1704620266 3
1704620274 6
1704620282 6
1704620290 4
1704620298 9
1704620306 7
1704620314 7
1704620322 5
1704620330 2
1704620338 3
1704620346 5
1704620354 2
1704620362 10
1704620370 5
1704620378 3
1704620386 3
1704620394 3
1704620402 5
1704620410 7
1704620418 9
1704620426 4
1704620434 7
1704620442 2
1704620450 5
1704620458 5
1704620466 4
1704620474 0
1704620482 5
1704620490 3
1704620498 2
1704620506 5



# Sketch: 30
1704619914 3
1704619922 1
1704619930 2
1704619938 1
1704619946 6
1704619954 6
1704619962 0
1704619970 0
1704619978 3
1704619986 0
1704619994 3
1704620002 9
1704620010 1
1704620018 3
1704620026 11
1704620034 2
1704620042 4
1704620050 5
1704620058 5
1704620066 2
1704620074 5
1704620082 4
1704620090 3
1704620098 8
1704620106 2
1704620114 5
1704620122 2
1704620130 3
1704620138 1
1704620146 4
1704620154 1
1704620162 3
1704620170 4
1704620178 9
1704620186 6
1704620194 1
1704620202 5
1704620210 4
1704620218 2
1704620226 0
1704620234 0
1704620242 3
1704620250 2
1704620258 4
1704620266 5
1704620274 6
1704620282 4
1704620290 1
1704620298 6
1704620306 4
1704620314 9
1704620322 8
1704620330 7
1704620338 5
1704620346 3
1704620354 2
1704620362 7
1704620370 2
1704620378 4
1704620386 1
1704620394 5
1704620402 6
1704620410 4
1704620418 4
1704620426 2
1704620434 4
1704620442 7
1704620450 18
1704620458 1
1704620466 5
1704620474 0
1704620482 20
1704620490 5
1704620498 2
1704620506 2



# Sketch: 31
1704619914 5
1704619922 5
1704619930 3
1704619938 8
1704619946 7
1704619954 5
1704619962 6
1704619970 4
1704619978 1
1704619986 11
1704619994 6
1704620002 4
1704620010 9
1704620018 11
1704620026 6
1704620034 6
1704620042 12
1704620050 8
1704620058 7
1704620066 12
1704620074 3
1704620082 3
1704620090 7
1704620098 6
1704620106 4
1704620114 7
1704620122 10
1704620130 2
1704620138 6
1704620146 3
1704620154 7
1704620162 3
1704620170 5
1704620178 2
1704620186 6
1704620194 6
1704620202 10
1704620210 5
1704620218 3
1704620226 8
1704620234 8
1704620242 5
1704620250 4
1704620258 8
1704620266 3
1704620274 6
1704620282 10
1704620290 5
1704620298 11
1704620306 3
1704620314 4
1704620322 4
1704620330 4
1704620338 10
1704620346 10
1704620354 13
1704620362 6
1704620370 7
1704620378 2
1704620386 0
1704620394 3
1704620402 10
1704620410 19
1704620418 6
1704620426 5
1704620434 5
1704620442 5
1704620450 5
1704620458 5
1704620466 11
1704620474 8
1704620482 6
1704620490 13
1704620498 5
1704620506 2

