

# Sketch: 0
1704619914 2
1704619918 2
1704619922 0
1704619926 0
1704619930 1
1704619934 1
1704619938 1
1704619942 3
1704619946 4
1704619950 3
1704619954 0
1704619958 1
1704619962 0
1704619966 5
1704619970 0
1704619974 1
1704619978 3
1704619982 0
1704619986 0
1704619990 1
1704619994 1
1704619998 3
1704620002 1
1704620006 2
1704620010 0
1704620014 3
1704620018 2
1704620022 5
1704620026 0
1704620030 2
1704620034 3
1704620038 0
1704620042 1
1704620046 1
1704620050 6
1704620054 6
1704620058 7
1704620062 5
1704620066 4
1704620070 3
1704620074 3
1704620078 4
1704620082 15
1704620086 2
1704620090 1
1704620094 0
1704620098 1
1704620102 1
1704620106 0
1704620110 0
1704620114 2
1704620118 1
1704620122 4
1704620126 2
1704620130 0
1704620134 0
1704620138 2
1704620142 0
1704620146 2
1704620150 1
1704620154 1
1704620158 1
1704620162 0
1704620166 1
1704620170 2
1704620174 0
1704620178 2
1704620182 2
1704620186 1
1704620190 0
1704620194 0
1704620198 2
1704620202 0
1704620206 5
1704620210 1
1704620214 1
1704620218 1
1704620222 1
1704620226 2
1704620230 0
1704620234 2
1704620238 3
1704620242 2
1704620246 0
1704620250 0
1704620254 3
1704620258 0
1704620262 2
1704620266 11
1704620270 2
1704620274 1
1704620278 1
1704620282 8
1704620286 3
1704620290 4
1704620294 1
1704620298 2
1704620302 3
1704620306 1
1704620310 6
1704620314 3
1704620318 5
1704620322 0
1704620326 1
1704620330 3
1704620334 2
1704620338 0
1704620342 0
1704620346 0
1704620350 2
1704620354 1
1704620358 2
1704620362 1
1704620366 0
1704620370 3
1704620374 3
1704620378 1
1704620382 5
1704620386 1
1704620390 4
1704620394 3
1704620398 1
1704620402 0
1704620406 3
1704620410 1
1704620414 0
1704620418 3
1704620422 0
1704620426 2
1704620430 2
1704620434 3
1704620438 2
1704620442 0
1704620446 7
1704620450 0
1704620454 3
1704620458 2
1704620462 9
1704620466 1
1704620470 1
1704620474 3
1704620478 2
1704620482 1
1704620486 0
1704620490 1
1704620494 1
1704620498 0
1704620502 2
1704620506 2
1704620510 0



# Sketch: 1
1704619914 0
1704619918 2
1704619922 0
1704619926 0
1704619930 2
1704619934 0
1704619938 1
1704619942 2
1704619946 2
1704619950 0
1704619954 1
1704619958 0
1704619962 1
1704619966 1
1704619970 4
1704619974 6
1704619978 2
1704619982 1
1704619986 1
1704619990 1
1704619994 3
1704619998 1
1704620002 1
1704620006 1
1704620010 0
1704620014 5
1704620018 1
1704620022 1
1704620026 1
1704620030 0
1704620034 1
1704620038 1
1704620042 2
1704620046 6
1704620050 1
1704620054 3
1704620058 7
1704620062 0
1704620066 2
1704620070 0
1704620074 1
1704620078 1
1704620082 7
1704620086 1
1704620090 2
1704620094 1
1704620098 0
1704620102 2
1704620106 2
1704620110 1
1704620114 0
1704620118 3
1704620122 3
1704620126 4
1704620130 0
1704620134 0
1704620138 2
1704620142 2
1704620146 1
1704620150 2
1704620154 0
1704620158 2
1704620162 0
1704620166 1
1704620170 3
1704620174 2
1704620178 2
1704620182 3
1704620186 0
1704620190 2
1704620194 3
1704620198 0
1704620202 0
1704620206 0
1704620210 1
1704620214 3
1704620218 2
1704620222 1
1704620226 1
1704620230 0
1704620234 5
1704620238 4
1704620242 8
1704620246 1
1704620250 0
1704620254 0
1704620258 10
1704620262 2
1704620266 0
1704620270 2
1704620274 0
1704620278 4
1704620282 3
1704620286 3
1704620290 1
1704620294 0
1704620298 0
1704620302 1
1704620306 1
1704620310 3
1704620314 3
1704620318 2
1704620322 1
1704620326 2
1704620330 6
1704620334 7
1704620338 5
1704620342 1
1704620346 3
1704620350 1
1704620354 1
1704620358 3
1704620362 0
1704620366 0
1704620370 0
1704620374 3
1704620378 0
1704620382 0
1704620386 4
1704620390 0
1704620394 19
1704620398 0
1704620402 0
1704620406 5
1704620410 0
1704620414 1
1704620418 1
1704620422 3
1704620426 1
1704620430 5
1704620434 1
1704620438 0
1704620442 0
1704620446 14
1704620450 0
1704620454 1
1704620458 1
1704620462 1
1704620466 1
1704620470 3
1704620474 0
1704620478 1
1704620482 1
1704620486 0
1704620490 0
1704620494 0
1704620498 1
1704620502 2
1704620506 3
1704620510 1



# Sketch: 2
1704619914 0
1704619918 3
1704619922 9
1704619926 2
1704619930 0
1704619934 2
1704619938 0
1704619942 0
1704619946 0
1704619950 0
1704619954 1
1704619958 1
1704619962 6
1704619966 1
1704619970 0
1704619974 0
1704619978 10
1704619982 1
1704619986 6
1704619990 5
1704619994 2
1704619998 3
1704620002 1
1704620006 0
1704620010 0
1704620014 8
1704620018 4
1704620022 3
1704620026 8
1704620030 6
1704620034 2
1704620038 2
1704620042 1
1704620046 9
1704620050 1
1704620054 5
1704620058 4
1704620062 0
1704620066 2
1704620070 3
1704620074 2
1704620078 12
1704620082 3
1704620086 0
1704620090 3
1704620094 2
1704620098 2
1704620102 2
1704620106 5
1704620110 3
1704620114 3
1704620118 2
1704620122 2
1704620126 3
1704620130 0
1704620134 1
1704620138 7
1704620142 3
1704620146 2
1704620150 1
1704620154 6
1704620158 3
1704620162 2
1704620166 0
1704620170 5
1704620174 0
1704620178 8
1704620182 2
1704620186 2
1704620190 1
1704620194 1
1704620198 1
1704620202 1
1704620206 1
1704620210 1
1704620214 1
1704620218 2
1704620222 3
1704620226 5
1704620230 2
1704620234 3
1704620238 1
1704620242 0
1704620246 3
1704620250 2
1704620254 7
1704620258 1
1704620262 4
1704620266 1
1704620270 2
1704620274 0
1704620278 6
1704620282 1
1704620286 3
1704620290 1
1704620294 0
1704620298 2
1704620302 4
1704620306 1
1704620310 5
1704620314 1
1704620318 2
1704620322 4
1704620326 4
1704620330 0
1704620334 7
1704620338 3
1704620342 2
1704620346 8
1704620350 1
1704620354 1
1704620358 9
1704620362 3
1704620366 2
1704620370 0
1704620374 5
1704620378 5
1704620382 1
1704620386 1
1704620390 3
1704620394 0
1704620398 3
1704620402 1
1704620406 2
1704620410 0
1704620414 1
1704620418 0
1704620422 2
1704620426 4
1704620430 0
1704620434 0
1704620438 4
1704620442 1
1704620446 2
1704620450 0
1704620454 3
1704620458 2
1704620462 0
1704620466 6
1704620470 0
1704620474 2
1704620478 0
1704620482 2
1704620486 1
1704620490 6
1704620494 6
1704620498 3
1704620502 3
1704620506 0
1704620510 5



# Sketch: 3
1704619914 0
1704619918 0
1704619922 2
1704619926 0
1704619930 1
1704619934 0
1704619938 0
1704619942 2
1704619946 1
1704619950 3
1704619954 0
1704619958 4
1704619962 1
1704619966 0
1704619970 0
1704619974 1
1704619978 1
1704619982 0
1704619986 2
1704619990 1
1704619994 3
1704619998 1
1704620002 7
1704620006 2
1704620010 8
1704620014 1
1704620018 0
1704620022 0
1704620026 0
1704620030 1
1704620034 2
1704620038 1
1704620042 3
1704620046 0
1704620050 1
1704620054 0
1704620058 0
1704620062 0
1704620066 0
1704620070 0
1704620074 0
1704620078 2
1704620082 7
1704620086 1
1704620090 6
1704620094 2
1704620098 2
1704620102 2
1704620106 1
1704620110 0
1704620114 1
1704620118 1
1704620122 3
1704620126 0
1704620130 0
1704620134 0
1704620138 2
1704620142 4
1704620146 1
1704620150 1
1704620154 0
1704620158 4
1704620162 3
1704620166 0
1704620170 2
1704620174 1
1704620178 1
1704620182 0
1704620186 0
1704620190 1
1704620194 0
1704620198 2
1704620202 1
1704620206 0
1704620210 0
1704620214 0
1704620218 3
1704620222 2
1704620226 0
1704620230 0
1704620234 3
1704620238 3
1704620242 0
1704620246 4
1704620250 0
1704620254 2
1704620258 6
1704620262 0
1704620266 0
1704620270 0
1704620274 1
1704620278 1
1704620282 2
1704620286 1
1704620290 3
1704620294 4
1704620298 1
1704620302 1
1704620306 1
1704620310 3
1704620314 5
1704620318 1
1704620322 1
1704620326 2
1704620330 0
1704620334 0
1704620338 1
1704620342 1
1704620346 1
1704620350 0
1704620354 0
1704620358 3
1704620362 2
1704620366 7
1704620370 4
1704620374 2
1704620378 6
1704620382 0
1704620386 1
1704620390 0
1704620394 1
1704620398 2
1704620402 1
1704620406 9
1704620410 0
1704620414 2
1704620418 1
1704620422 5
1704620426 2
1704620430 1
1704620434 0
1704620438 2
1704620442 1
1704620446 4
1704620450 2
1704620454 2
1704620458 1
1704620462 1
1704620466 0
1704620470 0
1704620474 0
1704620478 2
1704620482 2
1704620486 3
1704620490 6
1704620494 3
1704620498 10
1704620502 1
1704620506 1
1704620510 3



# Sketch: 4
1704619914 1
1704619918 1
1704619922 2
1704619926 5
1704619930 4
1704619934 1
1704619938 0
1704619942 1
1704619946 0
1704619950 1
1704619954 11
1704619958 1
1704619962 0
1704619966 1
1704619970 3
1704619974 0
1704619978 2
1704619982 0
1704619986 3
1704619990 2
1704619994 5
1704619998 0
1704620002 7
1704620006 6
1704620010 3
1704620014 1
1704620018 1
1704620022 0
1704620026 8
1704620030 13
1704620034 1
1704620038 4
1704620042 0
1704620046 0
1704620050 0
1704620054 4
1704620058 3
1704620062 1
1704620066 0
1704620070 0
1704620074 1
1704620078 2
1704620082 4
1704620086 1
1704620090 1
1704620094 0
1704620098 0
1704620102 1
1704620106 3
1704620110 1
1704620114 0
1704620118 0
1704620122 4
1704620126 3
1704620130 3
1704620134 2
1704620138 3
1704620142 0
1704620146 0
1704620150 6
1704620154 8
1704620158 2
1704620162 2
1704620166 4
1704620170 1
1704620174 2
1704620178 4
1704620182 5
1704620186 2
1704620190 2
1704620194 0
1704620198 0
1704620202 0
1704620206 4
1704620210 0
1704620214 4
1704620218 1
1704620222 3
1704620226 2
1704620230 1
1704620234 0
1704620238 3
1704620242 0
1704620246 0
1704620250 3
1704620254 0
1704620258 2
1704620262 8
1704620266 2
1704620270 2
1704620274 2
1704620278 2
1704620282 3
1704620286 4
1704620290 1
1704620294 0
1704620298 0
1704620302 2
1704620306 1
1704620310 1
1704620314 3
1704620318 5
1704620322 10
1704620326 3
1704620330 0
1704620334 1
1704620338 5
1704620342 2
1704620346 1
1704620350 1
1704620354 0
1704620358 1
1704620362 8
1704620366 1
1704620370 1
1704620374 2
1704620378 2
1704620382 1
1704620386 1
1704620390 1
1704620394 1
1704620398 1
1704620402 0
1704620406 2
1704620410 2
1704620414 0
1704620418 1
1704620422 0
1704620426 1
1704620430 2
1704620434 5
1704620438 4
1704620442 2
1704620446 4
1704620450 0
1704620454 2
1704620458 1
1704620462 1
1704620466 2
1704620470 2
1704620474 0
1704620478 1
1704620482 0
1704620486 7
1704620490 3
1704620494 3
1704620498 8
1704620502 2
1704620506 0
1704620510 4



# Sketch: 5
1704619914 1
1704619918 7
1704619922 1
1704619926 2
1704619930 0
1704619934 0
1704619938 1
1704619942 0
1704619946 1
1704619950 3
1704619954 2
1704619958 0
1704619962 0
1704619966 3
1704619970 0
1704619974 1
1704619978 1
1704619982 1
1704619986 0
1704619990 1
1704619994 3
1704619998 6
1704620002 0
1704620006 0
1704620010 0
1704620014 1
1704620018 1
1704620022 4
1704620026 0
1704620030 0
1704620034 7
1704620038 3
1704620042 0
1704620046 2
1704620050 1
1704620054 3
1704620058 0
1704620062 0
1704620066 2
1704620070 0
1704620074 0
1704620078 4
1704620082 5
1704620086 3
1704620090 3
1704620094 0
1704620098 1
1704620102 2
1704620106 3
1704620110 1
1704620114 0
1704620118 1
1704620122 1
1704620126 0
1704620130 1
1704620134 0
1704620138 2
1704620142 0
1704620146 1
1704620150 1
1704620154 6
1704620158 4
1704620162 3
1704620166 1
1704620170 0
1704620174 1
1704620178 3
1704620182 0
1704620186 0
1704620190 1
1704620194 1
1704620198 3
1704620202 0
1704620206 1
1704620210 1
1704620214 0
1704620218 0
1704620222 4
1704620226 1
1704620230 1
1704620234 0
1704620238 10
1704620242 4
1704620246 5
1704620250 1
1704620254 15
1704620258 12
1704620262 1
1704620266 0
1704620270 1
1704620274 7
1704620278 0
1704620282 3
1704620286 8
1704620290 1
1704620294 0
1704620298 0
1704620302 3
1704620306 1
1704620310 1
1704620314 0
1704620318 2
1704620322 1
1704620326 2
1704620330 1
1704620334 7
1704620338 1
1704620342 0
1704620346 2
1704620350 2
1704620354 4
1704620358 12
1704620362 4
1704620366 4
1704620370 0
1704620374 1
1704620378 1
1704620382 0
1704620386 0
1704620390 1
1704620394 3
1704620398 0
1704620402 4
1704620406 2
1704620410 0
1704620414 2
1704620418 3
1704620422 0
1704620426 2
1704620430 2
1704620434 1
1704620438 2
1704620442 0
1704620446 9
1704620450 1
1704620454 8
1704620458 4
1704620462 1
1704620466 2
1704620470 2
1704620474 6
1704620478 3
1704620482 5
1704620486 0
1704620490 2
1704620494 2
1704620498 4
1704620502 0
1704620506 2
1704620510 0



# Sketch: 6
1704619914 1
1704619918 0
1704619922 0
1704619926 6
1704619930 0
1704619934 3
1704619938 4
1704619942 3
1704619946 4
1704619950 2
1704619954 2
1704619958 2
1704619962 4
1704619966 3
1704619970 4
1704619974 0
1704619978 4
1704619982 0
1704619986 12
1704619990 8
1704619994 1
1704619998 2
1704620002 4
1704620006 6
1704620010 3
1704620014 2
1704620018 3
1704620022 3
1704620026 0
1704620030 2
1704620034 6
1704620038 6
1704620042 1
1704620046 4
1704620050 1
1704620054 3
1704620058 4
1704620062 0
1704620066 2
1704620070 6
1704620074 2
1704620078 0
1704620082 2
1704620086 1
1704620090 0
1704620094 0
1704620098 2
1704620102 0
1704620106 4
1704620110 2
1704620114 1
1704620118 0
1704620122 0
1704620126 2
1704620130 3
1704620134 2
1704620138 1
1704620142 4
1704620146 2
1704620150 1
1704620154 1
1704620158 0
1704620162 4
1704620166 5
1704620170 2
1704620174 1
1704620178 2
1704620182 4
1704620186 4
1704620190 1
1704620194 4
1704620198 3
1704620202 2
1704620206 2
1704620210 1
1704620214 0
1704620218 0
1704620222 2
1704620226 6
1704620230 1
1704620234 1
1704620238 2
1704620242 2
1704620246 1
1704620250 2
1704620254 2
1704620258 1
1704620262 2
1704620266 0
1704620270 1
1704620274 1
1704620278 5
1704620282 3
1704620286 7
1704620290 4
1704620294 4
1704620298 2
1704620302 4
1704620306 5
1704620310 1
1704620314 6
1704620318 4
1704620322 3
1704620326 2
1704620330 0
1704620334 0
1704620338 0
1704620342 0
1704620346 1
1704620350 2
1704620354 3
1704620358 5
1704620362 3
1704620366 3
1704620370 0
1704620374 2
1704620378 15
1704620382 3
1704620386 2
1704620390 0
1704620394 0
1704620398 0
1704620402 2
1704620406 3
1704620410 1
1704620414 4
1704620418 3
1704620422 6
1704620426 3
1704620430 2
1704620434 1
1704620438 1
1704620442 0
1704620446 0
1704620450 0
1704620454 1
1704620458 1
1704620462 2
1704620466 1
1704620470 1
1704620474 3
1704620478 1
1704620482 5
1704620486 19
1704620490 2
1704620494 6
1704620498 4
1704620502 3
1704620506 0
1704620510 2



# Sketch: 7
1704619914 1
1704619918 17
1704619922 0
1704619926 1
1704619930 3
1704619934 0
1704619938 5
1704619942 7
1704619946 1
1704619950 13
1704619954 1
1704619958 1
1704619962 3
1704619966 7
1704619970 1
1704619974 1
1704619978 0
1704619982 0
1704619986 0
1704619990 10
1704619994 3
1704619998 1
1704620002 2
1704620006 6
1704620010 2
1704620014 0
1704620018 1
1704620022 2
1704620026 0
1704620030 0
1704620034 2
1704620038 3
1704620042 2
1704620046 2
1704620050 1
1704620054 2
1704620058 2
1704620062 2
1704620066 2
1704620070 2
1704620074 3
1704620078 0
1704620082 3
1704620086 3
1704620090 2
1704620094 0
1704620098 2
1704620102 1
1704620106 2
1704620110 1
1704620114 1
1704620118 1
1704620122 2
1704620126 1
1704620130 1
1704620134 2
1704620138 1
1704620142 1
1704620146 1
1704620150 1
1704620154 2
1704620158 0
1704620162 0
1704620166 0
1704620170 5
1704620174 1
1704620178 3
1704620182 3
1704620186 2
1704620190 2
1704620194 6
1704620198 5
1704620202 3
1704620206 1
1704620210 2
1704620214 2
1704620218 0
1704620222 1
1704620226 3
1704620230 4
1704620234 2
1704620238 5
1704620242 1
1704620246 5
1704620250 6
1704620254 1
1704620258 1
1704620262 2
1704620266 5
1704620270 2
1704620274 0
1704620278 2
1704620282 1
1704620286 0
1704620290 2
1704620294 0
1704620298 3
1704620302 3
1704620306 2
1704620310 0
1704620314 2
1704620318 1
1704620322 3
1704620326 5
1704620330 1
1704620334 1
1704620338 0
1704620342 1
1704620346 0
1704620350 0
1704620354 0
1704620358 1
1704620362 4
1704620366 1
1704620370 2
1704620374 3
1704620378 2
1704620382 2
1704620386 1
1704620390 0
1704620394 1
1704620398 2
1704620402 3
1704620406 4
1704620410 3
1704620414 1
1704620418 0
1704620422 1
1704620426 3
1704620430 4
1704620434 3
1704620438 3
1704620442 0
1704620446 1
1704620450 0
1704620454 1
1704620458 1
1704620462 4
1704620466 7
1704620470 4
1704620474 7
1704620478 2
1704620482 3
1704620486 0
1704620490 3
1704620494 0
1704620498 0
1704620502 0
1704620506 2
1704620510 1



# Sketch: 8
1704619914 5
1704619918 2
1704619922 1
1704619926 0
1704619930 4
1704619934 2
1704619938 1
1704619942 1
1704619946 3
1704619950 2
1704619954 1
1704619958 4
1704619962 0
1704619966 1
1704619970 0
1704619974 2
1704619978 4
1704619982 0
1704619986 1
1704619990 0
1704619994 0
1704619998 0
1704620002 3
1704620006 3
1704620010 3
1704620014 0
1704620018 0
1704620022 2
1704620026 1
1704620030 6
1704620034 6
1704620038 3
1704620042 3
1704620046 3
1704620050 0
1704620054 3
1704620058 1
1704620062 2
1704620066 1
1704620070 3
1704620074 2
1704620078 0
1704620082 8
1704620086 0
1704620090 2
1704620094 6
1704620098 0
1704620102 1
1704620106 1
1704620110 1
1704620114 1
1704620118 1
1704620122 0
1704620126 2
1704620130 0
1704620134 4
1704620138 2
1704620142 3
1704620146 1
1704620150 3
1704620154 1
1704620158 4
1704620162 0
1704620166 3
1704620170 4
1704620174 2
1704620178 8
1704620182 1
1704620186 0
1704620190 3
1704620194 3
1704620198 1
1704620202 0
1704620206 1
1704620210 5
1704620214 1
1704620218 2
1704620222 1
1704620226 2
1704620230 4
1704620234 4
1704620238 1
1704620242 1
1704620246 0
1704620250 6
1704620254 4
1704620258 0
1704620262 0
1704620266 1
1704620270 0
1704620274 2
1704620278 2
1704620282 1
1704620286 5
1704620290 0
1704620294 2
1704620298 0
1704620302 0
1704620306 1
1704620310 0
1704620314 2
1704620318 1
1704620322 1
1704620326 2
1704620330 9
1704620334 1
1704620338 0
1704620342 3
1704620346 0
1704620350 4
1704620354 3
1704620358 3
1704620362 3
1704620366 2
1704620370 3
1704620374 2
1704620378 3
1704620382 0
1704620386 0
1704620390 1
1704620394 2
1704620398 4
1704620402 0
1704620406 2
1704620410 0
1704620414 7
1704620418 5
1704620422 3
1704620426 1
1704620430 0
1704620434 4
1704620438 2
1704620442 4
1704620446 3
1704620450 4
1704620454 3
1704620458 2
1704620462 0
1704620466 1
1704620470 2
1704620474 0
1704620478 2
1704620482 2
1704620486 6
1704620490 4
1704620494 10
1704620498 2
1704620502 2
1704620506 1
1704620510 3



# Sketch: 9
1704619914 2
1704619918 2
1704619922 0
1704619926 2
1704619930 4
1704619934 1
1704619938 0
1704619942 2
1704619946 5
1704619950 5
1704619954 2
1704619958 0
1704619962 2
1704619966 1
1704619970 1
1704619974 2
1704619978 4
1704619982 1
1704619986 0
1704619990 0
1704619994 1
1704619998 8
1704620002 2
1704620006 1
1704620010 2
1704620014 1
1704620018 0
1704620022 1
1704620026 3
1704620030 3
1704620034 2
1704620038 1
1704620042 0
1704620046 1
1704620050 0
1704620054 3
1704620058 1
1704620062 3
1704620066 0
1704620070 1
1704620074 1
1704620078 9
1704620082 6
1704620086 0
1704620090 2
1704620094 0
1704620098 3
1704620102 1
1704620106 0
1704620110 1
1704620114 3
1704620118 2
1704620122 6
1704620126 2
1704620130 1
1704620134 1
1704620138 8
1704620142 8
1704620146 3
1704620150 0
1704620154 0
1704620158 1
1704620162 1
1704620166 1
1704620170 1
1704620174 1
1704620178 2
1704620182 1
1704620186 1
1704620190 1
1704620194 1
1704620198 2
1704620202 0
1704620206 2
1704620210 4
1704620214 1
1704620218 0
1704620222 1
1704620226 3
1704620230 1
1704620234 0
1704620238 4
1704620242 1
1704620246 0
1704620250 0
1704620254 5
1704620258 10
1704620262 11
1704620266 6
1704620270 3
1704620274 2
1704620278 2
1704620282 4
1704620286 1
1704620290 4
1704620294 3
1704620298 3
1704620302 4
1704620306 3
1704620310 2
1704620314 1
1704620318 6
1704620322 2
1704620326 2
1704620330 0
1704620334 3
1704620338 2
1704620342 1
1704620346 0
1704620350 3
1704620354 0
1704620358 10
1704620362 3
1704620366 5
1704620370 4
1704620374 5
1704620378 0
1704620382 2
1704620386 1
1704620390 0
1704620394 0
1704620398 0
1704620402 2
1704620406 3
1704620410 8
1704620414 6
1704620418 5
1704620422 0
1704620426 1
1704620430 1
1704620434 2
1704620438 1
1704620442 5
1704620446 0
1704620450 1
1704620454 1
1704620458 2
1704620462 4
1704620466 0
1704620470 1
1704620474 0
1704620478 1
1704620482 1
1704620486 1
1704620490 2
1704620494 2
1704620498 0
1704620502 3
1704620506 0
1704620510 2



# Sketch: 10
1704619914 1
1704619918 1
1704619922 2
1704619926 2
1704619930 2
1704619934 1
1704619938 4
1704619942 3
1704619946 4
1704619950 4
1704619954 4
1704619958 0
1704619962 0
1704619966 0
1704619970 1
1704619974 1
1704619978 0
1704619982 4
1704619986 1
1704619990 0
1704619994 2
1704619998 2
1704620002 9
1704620006 1
1704620010 1
1704620014 1
1704620018 3
1704620022 0
1704620026 0
1704620030 3
1704620034 0
1704620038 3
1704620042 3
1704620046 6
1704620050 1
1704620054 3
1704620058 1
1704620062 2
1704620066 3
1704620070 3
1704620074 3
1704620078 2
1704620082 0
1704620086 1
1704620090 1
1704620094 1
1704620098 3
1704620102 2
1704620106 2
1704620110 1
1704620114 2
1704620118 1
1704620122 1
1704620126 0
1704620130 3
1704620134 2
1704620138 0
1704620142 1
1704620146 2
1704620150 0
1704620154 2
1704620158 4
1704620162 6
1704620166 5
1704620170 0
1704620174 4
1704620178 7
1704620182 1
1704620186 5
1704620190 2
1704620194 2
1704620198 1
1704620202 0
1704620206 4
1704620210 3
1704620214 1
1704620218 0
1704620222 3
1704620226 1
1704620230 2
1704620234 5
1704620238 1
1704620242 1
1704620246 0
1704620250 1
1704620254 0
1704620258 4
1704620262 1
1704620266 6
1704620270 1
1704620274 2
1704620278 0
1704620282 3
1704620286 2
1704620290 0
1704620294 4
1704620298 6
1704620302 4
1704620306 3
1704620310 1
1704620314 2
1704620318 2
1704620322 6
1704620326 1
1704620330 3
1704620334 4
1704620338 2
1704620342 0
1704620346 0
1704620350 3
1704620354 0
1704620358 2
1704620362 2
1704620366 4
1704620370 1
1704620374 2
1704620378 1
1704620382 1
1704620386 1
1704620390 3
1704620394 1
1704620398 0
1704620402 8
1704620406 3
1704620410 2
1704620414 4
1704620418 5
1704620422 1
1704620426 3
1704620430 5
1704620434 3
1704620438 0
1704620442 2
1704620446 2
1704620450 0
1704620454 6
1704620458 2
1704620462 0
1704620466 4
1704620470 5
1704620474 5
1704620478 3
1704620482 3
1704620486 1
1704620490 5
1704620494 0
1704620498 0
1704620502 2
1704620506 3
1704620510 2



# Sketch: 11
1704619914 0
1704619918 1
1704619922 1
1704619926 3
1704619930 5
1704619934 2
1704619938 2
1704619942 2
1704619946 2
1704619950 12
1704619954 3
1704619958 3
1704619962 4
1704619966 3
1704619970 1
1704619974 1
1704619978 1
1704619982 0
1704619986 0
1704619990 2
1704619994 1
1704619998 2
1704620002 3
1704620006 2
1704620010 7
1704620014 0
1704620018 0
1704620022 2
1704620026 0
1704620030 1
1704620034 0
1704620038 4
1704620042 4
1704620046 3
1704620050 3
1704620054 1
1704620058 6
1704620062 4
1704620066 2
1704620070 2
1704620074 2
1704620078 0
1704620082 8
1704620086 0
1704620090 2
1704620094 0
1704620098 6
1704620102 0
1704620106 0
1704620110 5
1704620114 6
1704620118 1
1704620122 5
1704620126 1
1704620130 0
1704620134 2
1704620138 4
1704620142 6
1704620146 6
1704620150 0
1704620154 0
1704620158 2
1704620162 0
1704620166 2
1704620170 1
1704620174 1
1704620178 3
1704620182 3
1704620186 2
1704620190 0
1704620194 3
1704620198 1
1704620202 1
1704620206 2
1704620210 4
1704620214 4
1704620218 4
1704620222 2
1704620226 0
1704620230 0
1704620234 4
1704620238 1
1704620242 2
1704620246 3
1704620250 0
1704620254 1
1704620258 2
1704620262 0
1704620266 6
1704620270 2
1704620274 6
1704620278 5
1704620282 5
1704620286 3
1704620290 0
1704620294 2
1704620298 0
1704620302 1
1704620306 3
1704620310 4
1704620314 2
1704620318 1
1704620322 1
1704620326 1
1704620330 8
1704620334 1
1704620338 2
1704620342 2
1704620346 4
1704620350 2
1704620354 4
1704620358 4
1704620362 1
1704620366 2
1704620370 2
1704620374 6
1704620378 0
1704620382 0
1704620386 3
1704620390 2
1704620394 1
1704620398 2
1704620402 0
1704620406 6
1704620410 1
1704620414 2
1704620418 2
1704620422 6
1704620426 8
1704620430 4
1704620434 2
1704620438 2
1704620442 6
1704620446 0
1704620450 1
1704620454 2
1704620458 3
1704620462 0
1704620466 3
1704620470 3
1704620474 2
1704620478 0
1704620482 1
1704620486 1
1704620490 6
1704620494 1
1704620498 1
1704620502 4
1704620506 1
1704620510 4



# Sketch: 12
1704619914 0
1704619918 2
1704619922 0
1704619926 3
1704619930 1
1704619934 1
1704619938 1
1704619942 1
1704619946 1
1704619950 3
1704619954 2
1704619958 1
1704619962 5
1704619966 1
1704619970 1
1704619974 0
1704619978 0
1704619982 1
1704619986 2
1704619990 6
1704619994 2
1704619998 1
1704620002 1
1704620006 6
1704620010 1
1704620014 3
1704620018 1
1704620022 0
1704620026 4
1704620030 7
1704620034 0
1704620038 1
1704620042 3
1704620046 6
1704620050 5
1704620054 1
1704620058 3
1704620062 0
1704620066 7
1704620070 2
1704620074 0
1704620078 3
1704620082 3
1704620086 1
1704620090 2
1704620094 2
1704620098 3
1704620102 5
1704620106 2
1704620110 0
1704620114 1
1704620118 2
1704620122 1
1704620126 2
1704620130 1
1704620134 1
1704620138 5
1704620142 2
1704620146 0
1704620150 2
1704620154 1
1704620158 1
1704620162 0
1704620166 3
1704620170 3
1704620174 0
1704620178 1
1704620182 0
1704620186 2
1704620190 3
1704620194 1
1704620198 0
1704620202 1
1704620206 3
1704620210 7
1704620214 2
1704620218 0
1704620222 1
1704620226 6
1704620230 4
1704620234 3
1704620238 5
1704620242 3
1704620246 5
1704620250 2
1704620254 0
1704620258 0
1704620262 1
1704620266 1
1704620270 1
1704620274 10
1704620278 2
1704620282 1
1704620286 0
1704620290 4
1704620294 1
1704620298 4
1704620302 1
1704620306 1
1704620310 4
1704620314 19
1704620318 0
1704620322 4
1704620326 2
1704620330 4
1704620334 1
1704620338 0
1704620342 4
1704620346 3
1704620350 0
1704620354 1
1704620358 3
1704620362 0
1704620366 1
1704620370 3
1704620374 2
1704620378 8
1704620382 6
1704620386 0
1704620390 0
1704620394 1
1704620398 3
1704620402 5
1704620406 1
1704620410 0
1704620414 2
1704620418 0
1704620422 1
1704620426 0
1704620430 0
1704620434 3
1704620438 1
1704620442 7
1704620446 3
1704620450 1
1704620454 1
1704620458 3
1704620462 0
1704620466 0
1704620470 0
1704620474 2
1704620478 2
1704620482 1
1704620486 4
1704620490 1
1704620494 0
1704620498 3
1704620502 1
1704620506 3
1704620510 0



# Sketch: 13
1704619914 0
1704619918 1
1704619922 2
1704619926 7
1704619930 1
1704619934 3
1704619938 2
1704619942 3
1704619946 1
1704619950 2
1704619954 1
1704619958 0
1704619962 1
1704619966 2
1704619970 4
1704619974 1
1704619978 4
1704619982 0
1704619986 0
1704619990 2
1704619994 2
1704619998 2
1704620002 2
1704620006 3
1704620010 1
1704620014 3
1704620018 4
1704620022 4
1704620026 4
1704620030 2
1704620034 2
1704620038 5
1704620042 4
1704620046 4
1704620050 2
1704620054 4
1704620058 1
1704620062 2
1704620066 1
1704620070 2
1704620074 1
1704620078 2
1704620082 2
1704620086 1
1704620090 1
1704620094 7
1704620098 0
1704620102 3
1704620106 1
1704620110 0
1704620114 4
1704620118 4
1704620122 4
1704620126 0
1704620130 1
1704620134 6
1704620138 3
1704620142 1
1704620146 2
1704620150 0
1704620154 4
1704620158 1
1704620162 3
1704620166 5
1704620170 1
1704620174 0
1704620178 1
1704620182 3
1704620186 0
1704620190 5
1704620194 2
1704620198 4
1704620202 1
1704620206 2
1704620210 1
1704620214 2
1704620218 1
1704620222 3
1704620226 2
1704620230 2
1704620234 3
1704620238 3
1704620242 1
1704620246 3
1704620250 1
1704620254 6
1704620258 2
1704620262 0
1704620266 2
1704620270 2
1704620274 0
1704620278 2
1704620282 0
1704620286 2
1704620290 2
1704620294 1
1704620298 6
1704620302 1
1704620306 1
1704620310 2
1704620314 2
1704620318 0
1704620322 2
1704620326 3
1704620330 7
1704620334 0
1704620338 6
1704620342 0
1704620346 0
1704620350 0
1704620354 1
1704620358 2
1704620362 7
1704620366 1
1704620370 4
1704620374 4
1704620378 1
1704620382 1
1704620386 1
1704620390 5
1704620394 3
1704620398 0
1704620402 3
1704620406 5
1704620410 2
1704620414 2
1704620418 1
1704620422 6
1704620426 0
1704620430 1
1704620434 3
1704620438 6
1704620442 4
1704620446 1
1704620450 5
1704620454 1
1704620458 3
1704620462 2
1704620466 0
1704620470 2
1704620474 3
1704620478 2
1704620482 10
1704620486 0
1704620490 3
1704620494 4
1704620498 1
1704620502 3
1704620506 2
1704620510 0



# Sketch: 14
1704619914 4
1704619918 3
1704619922 3
1704619926 5
1704619930 0
1704619934 5
1704619938 1
1704619942 1
1704619946 4
1704619950 2
1704619954 1
1704619958 0
1704619962 5
1704619966 3
1704619970 0
1704619974 2
1704619978 1
1704619982 1
1704619986 1
1704619990 1
1704619994 0
1704619998 9
1704620002 4
1704620006 1
1704620010 6
1704620014 0
1704620018 0
1704620022 2
1704620026 4
1704620030 5
1704620034 1
1704620038 3
1704620042 3
1704620046 5
1704620050 1
1704620054 3
1704620058 8
1704620062 4
1704620066 4
1704620070 7
1704620074 0
1704620078 1
1704620082 1
1704620086 0
1704620090 8
1704620094 1
1704620098 2
1704620102 9
1704620106 2
1704620110 0
1704620114 3
1704620118 1
1704620122 8
1704620126 1
1704620130 1
1704620134 0
1704620138 1
1704620142 0
1704620146 7
1704620150 1
1704620154 2
1704620158 1
1704620162 2
1704620166 9
1704620170 0
1704620174 2
1704620178 4
1704620182 3
1704620186 3
1704620190 5
1704620194 3
1704620198 1
1704620202 0
1704620206 4
1704620210 0
1704620214 5
1704620218 1
1704620222 6
1704620226 2
1704620230 4
1704620234 2
1704620238 2
1704620242 4
1704620246 2
1704620250 0
1704620254 4
1704620258 4
1704620262 3
1704620266 2
1704620270 0
1704620274 2
1704620278 1
1704620282 4
1704620286 3
1704620290 0
1704620294 2
1704620298 8
1704620302 3
1704620306 16
1704620310 2
1704620314 0
1704620318 3
1704620322 1
1704620326 3
1704620330 1
1704620334 1
1704620338 1
1704620342 2
1704620346 18
1704620350 2
1704620354 3
1704620358 3
1704620362 3
1704620366 0
1704620370 6
1704620374 1
1704620378 3
1704620382 1
1704620386 2
1704620390 2
1704620394 6
1704620398 1
1704620402 9
1704620406 5
1704620410 1
1704620414 4
1704620418 1
1704620422 4
1704620426 11
1704620430 1
1704620434 2
1704620438 2
1704620442 0
1704620446 0
1704620450 3
1704620454 1
1704620458 1
1704620462 1
1704620466 0
1704620470 1
1704620474 0
1704620478 4
1704620482 5
1704620486 4
1704620490 14
1704620494 4
1704620498 3
1704620502 0
1704620506 2
1704620510 4



# Sketch: 15
1704619914 1
1704619918 1
1704619922 1
1704619926 4
1704619930 1
1704619934 3
1704619938 2
1704619942 3
1704619946 2
1704619950 7
1704619954 3
1704619958 0
1704619962 1
1704619966 5
1704619970 3
1704619974 6
1704619978 1
1704619982 1
1704619986 0
1704619990 4
1704619994 0
1704619998 0
1704620002 0
1704620006 4
1704620010 3
1704620014 2
1704620018 0
1704620022 1
1704620026 2
1704620030 6
1704620034 6
1704620038 1
1704620042 3
1704620046 1
1704620050 2
1704620054 3
1704620058 2
1704620062 2
1704620066 1
1704620070 2
1704620074 0
1704620078 6
1704620082 9
1704620086 1
1704620090 4
1704620094 2
1704620098 1
1704620102 1
1704620106 0
1704620110 6
1704620114 1
1704620118 4
1704620122 1
1704620126 0
1704620130 2
1704620134 5
1704620138 0
1704620142 3
1704620146 3
1704620150 0
1704620154 1
1704620158 2
1704620162 3
1704620166 2
1704620170 2
1704620174 4
1704620178 2
1704620182 8
1704620186 2
1704620190 3
1704620194 1
1704620198 2
1704620202 1
1704620206 0
1704620210 1
1704620214 0
1704620218 2
1704620222 2
1704620226 3
1704620230 0
1704620234 0
1704620238 4
1704620242 2
1704620246 1
1704620250 0
1704620254 5
1704620258 7
1704620262 2
1704620266 6
1704620270 4
1704620274 3
1704620278 2
1704620282 1
1704620286 1
1704620290 4
1704620294 8
1704620298 2
1704620302 1
1704620306 1
1704620310 0
1704620314 2
1704620318 3
1704620322 1
1704620326 1
1704620330 2
1704620334 0
1704620338 4
1704620342 1
1704620346 2
1704620350 3
1704620354 1
1704620358 2
1704620362 2
1704620366 6
1704620370 0
1704620374 4
1704620378 5
1704620382 2
1704620386 2
1704620390 0
1704620394 1
1704620398 2
1704620402 2
1704620406 2
1704620410 3
1704620414 4
1704620418 0
1704620422 3
1704620426 2
1704620430 3
1704620434 2
1704620438 4
1704620442 11
1704620446 7
1704620450 1
1704620454 4
1704620458 4
1704620462 1
1704620466 2
1704620470 1
1704620474 5
1704620478 3
1704620482 3
1704620486 3
1704620490 3
1704620494 1
1704620498 0
1704620502 6
1704620506 3
1704620510 0



# Sketch: 16
1704619914 0
1704619918 5
1704619922 3
1704619926 0
1704619930 2
1704619934 0
1704619938 1
1704619942 4
1704619946 12
1704619950 0
1704619954 5
1704619958 3
1704619962 4
1704619966 1
1704619970 2
1704619974 3
1704619978 3
1704619982 1
1704619986 0
1704619990 4
1704619994 0
1704619998 0
1704620002 2
1704620006 1
1704620010 2
1704620014 5
1704620018 1
1704620022 3
1704620026 4
1704620030 2
1704620034 2
1704620038 0
1704620042 1
1704620046 1
1704620050 2
1704620054 0
1704620058 0
1704620062 3
1704620066 11
1704620070 4
1704620074 1
1704620078 4
1704620082 8
1704620086 0
1704620090 2
1704620094 0
1704620098 1
1704620102 2
1704620106 0
1704620110 0
1704620114 1
1704620118 1
1704620122 1
1704620126 1
1704620130 1
1704620134 0
1704620138 2
1704620142 3
1704620146 1
1704620150 5
1704620154 0
1704620158 0
1704620162 1
1704620166 0
1704620170 2
1704620174 0
1704620178 3
1704620182 2
1704620186 0
1704620190 0
1704620194 1
1704620198 2
1704620202 12
1704620206 1
1704620210 0
1704620214 3
1704620218 1
1704620222 1
1704620226 6
1704620230 1
1704620234 5
1704620238 2
1704620242 3
1704620246 1
1704620250 5
1704620254 2
1704620258 3
1704620262 1
1704620266 4
1704620270 1
1704620274 7
1704620278 0
1704620282 1
1704620286 3
1704620290 2
1704620294 1
1704620298 0
1704620302 1
1704620306 0
1704620310 1
1704620314 3
1704620318 0
1704620322 0
1704620326 2
1704620330 0
1704620334 0
1704620338 2
1704620342 3
1704620346 3
1704620350 1
1704620354 8
1704620358 1
1704620362 1
1704620366 2
1704620370 4
1704620374 18
1704620378 4
1704620382 4
1704620386 0
1704620390 1
1704620394 0
1704620398 0
1704620402 1
1704620406 4
1704620410 1
1704620414 2
1704620418 3
1704620422 1
1704620426 1
1704620430 2
1704620434 2
1704620438 11
1704620442 0
1704620446 6
1704620450 6
1704620454 2
1704620458 1
1704620462 1
1704620466 7
1704620470 3
1704620474 4
1704620478 3
1704620482 1
1704620486 4
1704620490 16
1704620494 0
1704620498 3
1704620502 5
1704620506 0
1704620510 2



# Sketch: 17
1704619914 0
1704619918 5
1704619922 2
1704619926 3
1704619930 1
1704619934 1
1704619938 5
1704619942 10
1704619946 3
1704619950 3
1704619954 2
1704619958 0
1704619962 0
1704619966 4
1704619970 2
1704619974 1
1704619978 3
1704619982 0
1704619986 0
1704619990 0
1704619994 0
1704619998 1
1704620002 0
1704620006 1
1704620010 1
1704620014 0
1704620018 0
1704620022 1
1704620026 1
1704620030 3
1704620034 0
1704620038 1
1704620042 2
1704620046 2
1704620050 0
1704620054 3
1704620058 1
1704620062 4
1704620066 1
1704620070 1
1704620074 3
1704620078 1
1704620082 0
1704620086 3
1704620090 7
1704620094 2
1704620098 0
1704620102 0
1704620106 1
1704620110 4
1704620114 6
1704620118 0
1704620122 1
1704620126 6
1704620130 4
1704620134 0
1704620138 2
1704620142 1
1704620146 2
1704620150 0
1704620154 3
1704620158 2
1704620162 0
1704620166 1
1704620170 2
1704620174 4
1704620178 0
1704620182 2
1704620186 0
1704620190 1
1704620194 0
1704620198 0
1704620202 7
1704620206 0
1704620210 1
1704620214 5
1704620218 0
1704620222 2
1704620226 3
1704620230 4
1704620234 1
1704620238 5
1704620242 4
1704620246 3
1704620250 2
1704620254 2
1704620258 1
1704620262 11
1704620266 1
1704620270 2
1704620274 4
1704620278 2
1704620282 2
1704620286 5
1704620290 3
1704620294 0
1704620298 1
1704620302 3
1704620306 3
1704620310 0
1704620314 6
1704620318 0
1704620322 2
1704620326 1
1704620330 0
1704620334 1
1704620338 2
1704620342 2
1704620346 0
1704620350 0
1704620354 1
1704620358 0
1704620362 1
1704620366 2
1704620370 3
1704620374 0
1704620378 1
1704620382 0
1704620386 2
1704620390 0
1704620394 0
1704620398 5
1704620402 4
1704620406 1
1704620410 1
1704620414 0
1704620418 4
1704620422 3
1704620426 1
1704620430 2
1704620434 2
1704620438 1
1704620442 1
1704620446 6
1704620450 2
1704620454 6
1704620458 1
1704620462 3
1704620466 6
1704620470 0
1704620474 4
1704620478 1
1704620482 2
1704620486 19
1704620490 3
1704620494 2
1704620498 0
1704620502 0
1704620506 0
1704620510 15



# Sketch: 18
1704619914 2
1704619918 0
1704619922 1
1704619926 0
1704619930 0
1704619934 3
1704619938 3
1704619942 2
1704619946 1
1704619950 2
1704619954 1
1704619958 2
1704619962 1
1704619966 2
1704619970 0
1704619974 2
1704619978 0
1704619982 4
1704619986 11
1704619990 0
1704619994 3
1704619998 0
1704620002 0
1704620006 5
1704620010 3
1704620014 1
1704620018 2
1704620022 1
1704620026 4
1704620030 2
1704620034 1
1704620038 2
1704620042 3
1704620046 3
1704620050 3
1704620054 2
1704620058 3
1704620062 0
1704620066 2
1704620070 2
1704620074 1
1704620078 2
1704620082 9
1704620086 1
1704620090 3
1704620094 2
1704620098 0
1704620102 4
1704620106 0
1704620110 0
1704620114 2
1704620118 1
1704620122 0
1704620126 2
1704620130 0
1704620134 1
1704620138 2
1704620142 0
1704620146 0
1704620150 1
1704620154 1
1704620158 2
1704620162 0
1704620166 2
1704620170 0
1704620174 4
1704620178 1
1704620182 0
1704620186 2
1704620190 1
1704620194 1
1704620198 0
1704620202 0
1704620206 3
1704620210 2
1704620214 1
1704620218 2
1704620222 1
1704620226 1
1704620230 2
1704620234 2
1704620238 5
1704620242 4
1704620246 3
1704620250 1
1704620254 2
1704620258 1
1704620262 0
1704620266 0
1704620270 4
1704620274 0
1704620278 0
1704620282 1
1704620286 2
1704620290 0
1704620294 2
1704620298 6
1704620302 2
1704620306 2
1704620310 2
1704620314 4
1704620318 2
1704620322 3
1704620326 1
1704620330 2
1704620334 1
1704620338 1
1704620342 1
1704620346 1
1704620350 6
1704620354 2
1704620358 7
1704620362 0
1704620366 0
1704620370 3
1704620374 0
1704620378 4
1704620382 1
1704620386 6
1704620390 1
1704620394 3
1704620398 0
1704620402 2
1704620406 1
1704620410 1
1704620414 5
1704620418 2
1704620422 6
1704620426 1
1704620430 1
1704620434 2
1704620438 4
1704620442 0
1704620446 0
1704620450 0
1704620454 4
1704620458 2
1704620462 0
1704620466 16
1704620470 0
1704620474 1
1704620478 1
1704620482 4
1704620486 6
1704620490 4
1704620494 1
1704620498 1
1704620502 1
1704620506 2
1704620510 4



# Sketch: 19
1704619914 2
1704619918 3
1704619922 1
1704619926 0
1704619930 2
1704619934 1
1704619938 1
1704619942 3
1704619946 0
1704619950 0
1704619954 0
1704619958 3
1704619962 0
1704619966 0
1704619970 3
1704619974 2
1704619978 0
1704619982 0
1704619986 1
1704619990 2
1704619994 0
1704619998 2
1704620002 4
1704620006 7
1704620010 3
1704620014 2
1704620018 0
1704620022 1
1704620026 2
1704620030 3
1704620034 1
1704620038 0
1704620042 2
1704620046 2
1704620050 2
1704620054 1
1704620058 3
1704620062 2
1704620066 6
1704620070 1
1704620074 1
1704620078 0
1704620082 6
1704620086 4
1704620090 0
1704620094 0
1704620098 4
1704620102 10
1704620106 0
1704620110 5
1704620114 3
1704620118 3
1704620122 1
1704620126 1
1704620130 0
1704620134 0
1704620138 0
1704620142 2
1704620146 0
1704620150 3
1704620154 0
1704620158 11
1704620162 3
1704620166 8
1704620170 5
1704620174 2
1704620178 4
1704620182 0
1704620186 0
1704620190 0
1704620194 0
1704620198 0
1704620202 2
1704620206 3
1704620210 9
1704620214 1
1704620218 4
1704620222 1
1704620226 1
1704620230 3
1704620234 2
1704620238 2
1704620242 1
1704620246 2
1704620250 3
1704620254 0
1704620258 3
1704620262 1
1704620266 3
1704620270 2
1704620274 1
1704620278 1
1704620282 4
1704620286 0
1704620290 3
1704620294 0
1704620298 2
1704620302 1
1704620306 3
1704620310 1
1704620314 2
1704620318 2
1704620322 1
1704620326 6
1704620330 1
1704620334 1
1704620338 1
1704620342 0
1704620346 1
1704620350 3
1704620354 8
1704620358 3
1704620362 2
1704620366 0
1704620370 4
1704620374 0
1704620378 1
1704620382 1
1704620386 2
1704620390 1
1704620394 0
1704620398 1
1704620402 0
1704620406 1
1704620410 0
1704620414 0
1704620418 2
1704620422 1
1704620426 2
1704620430 0
1704620434 2
1704620438 0
1704620442 6
1704620446 4
1704620450 1
1704620454 0
1704620458 1
1704620462 1
1704620466 1
1704620470 2
1704620474 0
1704620478 3
1704620482 1
1704620486 10
1704620490 4
1704620494 2
1704620498 10
1704620502 2
1704620506 6
1704620510 3



# Sketch: 20
1704619914 3
1704619918 0
1704619922 1
1704619926 1
1704619930 1
1704619934 8
1704619938 0
1704619942 2
1704619946 1
1704619950 0
1704619954 2
1704619958 3
1704619962 0
1704619966 3
1704619970 2
1704619974 1
1704619978 0
1704619982 1
1704619986 2
1704619990 0
1704619994 1
1704619998 1
1704620002 0
1704620006 1
1704620010 2
1704620014 1
1704620018 2
1704620022 3
1704620026 7
1704620030 6
1704620034 0
1704620038 8
1704620042 1
1704620046 2
1704620050 1
1704620054 1
1704620058 1
1704620062 0
1704620066 1
1704620070 0
1704620074 2
1704620078 1
1704620082 3
1704620086 1
1704620090 0
1704620094 3
1704620098 8
1704620102 1
1704620106 0
1704620110 0
1704620114 1
1704620118 3
1704620122 1
1704620126 1
1704620130 1
1704620134 0
1704620138 6
1704620142 1
1704620146 3
1704620150 3
1704620154 3
1704620158 4
1704620162 1
1704620166 3
1704620170 1
1704620174 2
1704620178 3
1704620182 0
1704620186 3
1704620190 2
1704620194 1
1704620198 1
1704620202 0
1704620206 1
1704620210 4
1704620214 1
1704620218 2
1704620222 5
1704620226 1
1704620230 1
1704620234 0
1704620238 1
1704620242 1
1704620246 0
1704620250 2
1704620254 0
1704620258 1
1704620262 1
1704620266 2
1704620270 5
1704620274 3
1704620278 0
1704620282 3
1704620286 4
1704620290 2
1704620294 3
1704620298 2
1704620302 3
1704620306 3
1704620310 1
1704620314 3
1704620318 1
1704620322 0
1704620326 1
1704620330 2
1704620334 3
1704620338 2
1704620342 1
1704620346 0
1704620350 3
1704620354 1
1704620358 5
1704620362 3
1704620366 3
1704620370 0
1704620374 2
1704620378 3
1704620382 2
1704620386 0
1704620390 1
1704620394 1
1704620398 0
1704620402 1
1704620406 1
1704620410 1
1704620414 4
1704620418 0
1704620422 2
1704620426 1
1704620430 9
1704620434 0
1704620438 1
1704620442 5
1704620446 4
1704620450 0
1704620454 2
1704620458 1
1704620462 3
1704620466 8
1704620470 2
1704620474 1
1704620478 0
1704620482 1
1704620486 10
1704620490 0
1704620494 2
1704620498 6
1704620502 2
1704620506 3
1704620510 2



# Sketch: 21
1704619914 0
1704619918 3
1704619922 1
1704619926 1
1704619930 4
1704619934 4
1704619938 0
1704619942 0
1704619946 5
1704619950 2
1704619954 4
1704619958 0
1704619962 0
1704619966 1
1704619970 1
1704619974 0
1704619978 0
1704619982 5
1704619986 4
1704619990 2
1704619994 8
1704619998 2
1704620002 3
1704620006 4
1704620010 35
1704620014 6
1704620018 1
1704620022 1
1704620026 2
1704620030 2
1704620034 4
1704620038 4
1704620042 8
1704620046 2
1704620050 1
1704620054 7
1704620058 0
1704620062 0
1704620066 0
1704620070 0
1704620074 1
1704620078 1
1704620082 2
1704620086 2
1704620090 2
1704620094 0
1704620098 4
1704620102 3
1704620106 6
1704620110 3
1704620114 6
1704620118 2
1704620122 4
1704620126 2
1704620130 4
1704620134 6
1704620138 2
1704620142 5
1704620146 1
1704620150 2
1704620154 3
1704620158 3
1704620162 2
1704620166 0
1704620170 3
1704620174 5
1704620178 0
1704620182 0
1704620186 0
1704620190 0
1704620194 2
1704620198 0
1704620202 0
1704620206 2
1704620210 0
1704620214 2
1704620218 1
1704620222 3
1704620226 4
1704620230 6
1704620234 2
1704620238 8
1704620242 7
1704620246 1
1704620250 4
1704620254 5
1704620258 4
1704620262 2
1704620266 0
1704620270 1
1704620274 0
1704620278 3
1704620282 3
1704620286 2
1704620290 2
1704620294 8
1704620298 1
1704620302 5
1704620306 3
1704620310 3
1704620314 1
1704620318 1
1704620322 3
1704620326 5
1704620330 1
1704620334 2
1704620338 8
1704620342 9
1704620346 7
1704620350 2
1704620354 6
1704620358 5
1704620362 5
1704620366 0
1704620370 7
1704620374 6
1704620378 0
1704620382 2
1704620386 3
1704620390 0
1704620394 1
1704620398 3
1704620402 1
1704620406 4
1704620410 0
1704620414 9
1704620418 3
1704620422 2
1704620426 0
1704620430 12
1704620434 8
1704620438 1
1704620442 0
1704620446 4
1704620450 0
1704620454 3
1704620458 0
1704620462 4
1704620466 5
1704620470 5
1704620474 5
1704620478 3
1704620482 1
1704620486 1
1704620490 6
1704620494 5
1704620498 0
1704620502 0
1704620506 1
1704620510 4



# Sketch: 22
1704619914 2
1704619918 2
1704619922 4
1704619926 2
1704619930 0
1704619934 7
1704619938 3
1704619942 3
1704619946 1
1704619950 4
1704619954 2
1704619958 1
1704619962 0
1704619966 1
1704619970 1
1704619974 2
1704619978 2
1704619982 0
1704619986 2
1704619990 0
1704619994 7
1704619998 1
1704620002 0
1704620006 3
1704620010 0
1704620014 3
1704620018 7
1704620022 1
1704620026 4
1704620030 3
1704620034 2
1704620038 3
1704620042 2
1704620046 1
1704620050 2
1704620054 5
1704620058 0
1704620062 0
1704620066 1
1704620070 0
1704620074 0
1704620078 0
1704620082 5
1704620086 6
1704620090 0
1704620094 1
1704620098 0
1704620102 1
1704620106 1
1704620110 0
1704620114 4
1704620118 0
1704620122 1
1704620126 0
1704620130 0
1704620134 0
1704620138 3
1704620142 1
1704620146 0
1704620150 1
1704620154 5
1704620158 9
1704620162 4
1704620166 2
1704620170 0
1704620174 3
1704620178 1
1704620182 0
1704620186 1
1704620190 1
1704620194 4
1704620198 1
1704620202 1
1704620206 1
1704620210 4
1704620214 0
1704620218 4
1704620222 3
1704620226 4
1704620230 2
1704620234 4
1704620238 5
1704620242 2
1704620246 2
1704620250 6
1704620254 0
1704620258 3
1704620262 1
1704620266 1
1704620270 3
1704620274 2
1704620278 2
1704620282 0
1704620286 3
1704620290 9
1704620294 3
1704620298 2
1704620302 3
1704620306 10
1704620310 0
1704620314 3
1704620318 3
1704620322 0
1704620326 1
1704620330 1
1704620334 3
1704620338 6
1704620342 1
1704620346 3
1704620350 4
1704620354 4
1704620358 2
1704620362 2
1704620366 1
1704620370 1
1704620374 4
1704620378 0
1704620382 0
1704620386 3
1704620390 3
1704620394 2
1704620398 1
1704620402 1
1704620406 2
1704620410 1
1704620414 7
1704620418 0
1704620422 2
1704620426 1
1704620430 1
1704620434 1
1704620438 0
1704620442 0
1704620446 2
1704620450 1
1704620454 0
1704620458 0
1704620462 3
1704620466 0
1704620470 1
1704620474 4
1704620478 2
1704620482 0
1704620486 6
1704620490 2
1704620494 0
1704620498 6
1704620502 3
1704620506 0
1704620510 4



# Sketch: 23
1704619914 4
1704619918 6
1704619922 0
1704619926 8
1704619930 2
1704619934 2
1704619938 1
1704619942 4
1704619946 6
1704619950 11
1704619954 4
1704619958 3
1704619962 1
1704619966 1
1704619970 0
1704619974 0
1704619978 1
1704619982 1
1704619986 0
1704619990 2
1704619994 1
1704619998 0
1704620002 0
1704620006 2
1704620010 1
1704620014 1
1704620018 1
1704620022 2
1704620026 1
1704620030 2
1704620034 2
1704620038 0
1704620042 5
1704620046 2
1704620050 0
1704620054 0
1704620058 1
1704620062 1
1704620066 6
1704620070 1
1704620074 1
1704620078 1
1704620082 1
1704620086 1
1704620090 1
1704620094 2
1704620098 2
1704620102 9
1704620106 0
1704620110 5
1704620114 7
1704620118 0
1704620122 2
1704620126 0
1704620130 2
1704620134 6
1704620138 1
1704620142 2
1704620146 2
1704620150 3
1704620154 3
1704620158 0
1704620162 0
1704620166 4
1704620170 0
1704620174 6
1704620178 4
1704620182 3
1704620186 0
1704620190 1
1704620194 2
1704620198 1
1704620202 3
1704620206 2
1704620210 1
1704620214 3
1704620218 0
1704620222 1
1704620226 2
1704620230 1
1704620234 2
1704620238 0
1704620242 0
1704620246 0
1704620250 3
1704620254 0
1704620258 1
1704620262 4
1704620266 2
1704620270 0
1704620274 2
1704620278 0
1704620282 2
1704620286 4
1704620290 0
1704620294 1
1704620298 4
1704620302 3
1704620306 0
1704620310 2
1704620314 1
1704620318 4
1704620322 7
1704620326 1
1704620330 0
1704620334 0
1704620338 1
1704620342 5
1704620346 1
1704620350 0
1704620354 1
1704620358 1
1704620362 3
1704620366 3
1704620370 6
1704620374 0
1704620378 0
1704620382 1
1704620386 1
1704620390 1
1704620394 1
1704620398 0
1704620402 1
1704620406 4
1704620410 4
1704620414 2
1704620418 0
1704620422 3
1704620426 5
1704620430 8
1704620434 0
1704620438 0
1704620442 2
1704620446 4
1704620450 1
1704620454 5
1704620458 2
1704620462 0
1704620466 2
1704620470 0
1704620474 3
1704620478 0
1704620482 2
1704620486 2
1704620490 2
1704620494 0
1704620498 1
1704620502 1
1704620506 0
1704620510 2



# Sketch: 24
1704619914 1
1704619918 1
1704619922 0
1704619926 4
1704619930 0
1704619934 0
1704619938 1
1704619942 4
1704619946 3
1704619950 0
1704619954 3
1704619958 4
1704619962 1
1704619966 0
1704619970 0
1704619974 0
1704619978 2
1704619982 0
1704619986 10
1704619990 2
1704619994 1
1704619998 0
1704620002 0
1704620006 1
1704620010 3
1704620014 1
1704620018 0
1704620022 2
1704620026 0
1704620030 8
1704620034 0
1704620038 1
1704620042 1
1704620046 2
1704620050 2
1704620054 0
1704620058 2
1704620062 1
1704620066 1
1704620070 1
1704620074 1
1704620078 1
1704620082 1
1704620086 1
1704620090 2
1704620094 1
1704620098 1
1704620102 0
1704620106 0
1704620110 0
1704620114 3
1704620118 0
1704620122 1
1704620126 0
1704620130 1
1704620134 0
1704620138 1
1704620142 1
1704620146 2
1704620150 0
1704620154 0
1704620158 2
1704620162 0
1704620166 5
1704620170 0
1704620174 5
1704620178 4
1704620182 3
1704620186 4
1704620190 0
1704620194 1
1704620198 0
1704620202 1
1704620206 0
1704620210 2
1704620214 1
1704620218 0
1704620222 3
1704620226 0
1704620230 1
1704620234 1
1704620238 1
1704620242 1
1704620246 1
1704620250 3
1704620254 0
1704620258 2
1704620262 2
1704620266 1
1704620270 1
1704620274 0
1704620278 1
1704620282 3
1704620286 1
1704620290 0
1704620294 0
1704620298 2
1704620302 2
1704620306 3
1704620310 5
1704620314 1
1704620318 6
1704620322 0
1704620326 5
1704620330 1
1704620334 2
1704620338 5
1704620342 0
1704620346 0
1704620350 0
1704620354 10
1704620358 6
1704620362 2
1704620366 1
1704620370 0
1704620374 6
1704620378 5
1704620382 3
1704620386 1
1704620390 1
1704620394 1
1704620398 1
1704620402 0
1704620406 3
1704620410 0
1704620414 1
1704620418 6
1704620422 2
1704620426 4
1704620430 0
1704620434 0
1704620438 2
1704620442 6
1704620446 4
1704620450 3
1704620454 3
1704620458 4
1704620462 1
1704620466 1
1704620470 6
1704620474 1
1704620478 4
1704620482 2
1704620486 3
1704620490 2
1704620494 5
1704620498 1
1704620502 2
1704620506 1
1704620510 0



# Sketch: 25
1704619914 2
1704619918 2
1704619922 1
1704619926 4
1704619930 4
1704619934 5
1704619938 1
1704619942 4
1704619946 1
1704619950 2
1704619954 4
1704619958 13
1704619962 4
1704619966 1
1704619970 0
1704619974 1
1704619978 1
1704619982 1
1704619986 4
1704619990 0
1704619994 3
1704619998 2
1704620002 2
1704620006 2
1704620010 0
1704620014 0
1704620018 4
1704620022 2
1704620026 7
1704620030 5
1704620034 1
1704620038 2
1704620042 2
1704620046 10
1704620050 3
1704620054 4
1704620058 2
1704620062 2
1704620066 6
1704620070 4
1704620074 1
1704620078 2
1704620082 1
1704620086 2
1704620090 1
1704620094 6
1704620098 3
1704620102 0
1704620106 0
1704620110 1
1704620114 4
1704620118 1
1704620122 5
1704620126 0
1704620130 0
1704620134 2
1704620138 4
1704620142 0
1704620146 2
1704620150 3
1704620154 10
1704620158 6
1704620162 11
1704620166 5
1704620170 2
1704620174 3
1704620178 2
1704620182 8
1704620186 5
1704620190 2
1704620194 1
1704620198 0
1704620202 3
1704620206 5
1704620210 0
1704620214 2
1704620218 2
1704620222 2
1704620226 2
1704620230 0
1704620234 2
1704620238 2
1704620242 1
1704620246 4
1704620250 1
1704620254 2
1704620258 2
1704620262 5
1704620266 4
1704620270 2
1704620274 1
1704620278 3
1704620282 3
1704620286 4
1704620290 1
1704620294 5
1704620298 10
1704620302 9
1704620306 3
1704620310 0
1704620314 8
1704620318 1
1704620322 9
1704620326 1
1704620330 1
1704620334 0
1704620338 2
1704620342 1
1704620346 0
1704620350 0
1704620354 2
1704620358 1
1704620362 1
1704620366 10
1704620370 2
1704620374 0
1704620378 2
1704620382 2
1704620386 1
1704620390 3
1704620394 0
1704620398 3
1704620402 1
1704620406 7
1704620410 4
1704620414 5
1704620418 3
1704620422 2
1704620426 2
1704620430 6
1704620434 1
1704620438 2
1704620442 4
1704620446 6
1704620450 21
1704620454 4
1704620458 5
1704620462 7
1704620466 3
1704620470 4
1704620474 0
1704620478 2
1704620482 4
1704620486 5
1704620490 3
1704620494 0
1704620498 3
1704620502 1
1704620506 4
1704620510 9



# Sketch: 26
1704619914 5
1704619918 1
1704619922 0
1704619926 2
1704619930 3
1704619934 3
1704619938 9
1704619942 2
1704619946 2
1704619950 5
1704619954 3
1704619958 1
1704619962 2
1704619966 0
1704619970 2
1704619974 1
1704619978 1
1704619982 0
1704619986 0
1704619990 8
1704619994 0
1704619998 0
1704620002 1
1704620006 2
1704620010 1
1704620014 0
1704620018 3
1704620022 3
1704620026 9
1704620030 5
1704620034 1
1704620038 3
1704620042 0
1704620046 1
1704620050 0
1704620054 2
1704620058 4
1704620062 0
1704620066 2
1704620070 1
1704620074 0
1704620078 3
1704620082 4
1704620086 2
1704620090 3
1704620094 0
1704620098 4
1704620102 1
1704620106 1
1704620110 1
1704620114 1
1704620118 2
1704620122 2
1704620126 0
1704620130 2
1704620134 0
1704620138 3
1704620142 12
1704620146 3
1704620150 1
1704620154 4
1704620158 0
1704620162 0
1704620166 1
1704620170 3
1704620174 1
1704620178 1
1704620182 5
1704620186 3
1704620190 1
1704620194 1
1704620198 3
1704620202 1
1704620206 4
1704620210 2
1704620214 6
1704620218 4
1704620222 5
1704620226 5
1704620230 4
1704620234 0
1704620238 1
1704620242 3
1704620246 3
1704620250 4
1704620254 1
1704620258 0
1704620262 0
1704620266 17
1704620270 2
1704620274 2
1704620278 1
1704620282 1
1704620286 2
1704620290 4
1704620294 3
1704620298 8
1704620302 6
1704620306 1
1704620310 2
1704620314 5
1704620318 1
1704620322 0
1704620326 0
1704620330 1
1704620334 2
1704620338 0
1704620342 0
1704620346 5
1704620350 1
1704620354 6
1704620358 3
1704620362 1
1704620366 1
1704620370 1
1704620374 3
1704620378 1
1704620382 3
1704620386 0
1704620390 3
1704620394 3
1704620398 1
1704620402 4
1704620406 3
1704620410 1
1704620414 5
1704620418 1
1704620422 1
1704620426 1
1704620430 2
1704620434 3
1704620438 7
1704620442 0
1704620446 5
1704620450 2
1704620454 3
1704620458 0
1704620462 0
1704620466 5
1704620470 3
1704620474 2
1704620478 4
1704620482 1
1704620486 2
1704620490 1
1704620494 1
1704620498 4
1704620502 0
1704620506 2
1704620510 1



# Sketch: 27
1704619914 3
1704619918 5
1704619922 5
1704619926 1
1704619930 5
1704619934 6
1704619938 2
1704619942 1
1704619946 4
1704619950 1
1704619954 2
1704619958 2
1704619962 0
1704619966 1
1704619970 0
1704619974 2
1704619978 2
1704619982 3
1704619986 9
1704619990 0
1704619994 3
1704619998 4
1704620002 3
1704620006 0
1704620010 2
1704620014 5
1704620018 6
1704620022 1
1704620026 1
1704620030 5
1704620034 5
1704620038 3
1704620042 5
1704620046 5
1704620050 4
1704620054 4
1704620058 2
1704620062 0
1704620066 6
1704620070 0
1704620074 0
1704620078 0
1704620082 2
1704620086 9
1704620090 0
1704620094 2
1704620098 4
1704620102 5
1704620106 4
1704620110 2
1704620114 3
1704620118 0
1704620122 2
1704620126 7
1704620130 0
1704620134 3
1704620138 5
1704620142 7
1704620146 2
1704620150 3
1704620154 1
1704620158 2
1704620162 4
1704620166 1
1704620170 3
1704620174 4
1704620178 3
1704620182 3
1704620186 6
1704620190 1
1704620194 4
1704620198 0
1704620202 2
1704620206 0
1704620210 1
1704620214 3
1704620218 2
1704620222 4
1704620226 6
1704620230 1
1704620234 3
1704620238 4
1704620242 3
1704620246 5
1704620250 2
1704620254 2
1704620258 2
1704620262 3
1704620266 0
1704620270 5
1704620274 4
1704620278 2
1704620282 3
1704620286 2
1704620290 3
1704620294 2
1704620298 2
1704620302 7
1704620306 3
1704620310 1
1704620314 2
1704620318 13
1704620322 3
1704620326 3
1704620330 4
1704620334 4
1704620338 2
1704620342 1
1704620346 10
1704620350 4
1704620354 1
1704620358 8
1704620362 3
1704620366 1
1704620370 3
1704620374 6
1704620378 1
1704620382 1
1704620386 0
1704620390 0
1704620394 2
1704620398 3
1704620402 4
1704620406 4
1704620410 0
1704620414 3
1704620418 1
1704620422 0
1704620426 1
1704620430 3
1704620434 3
1704620438 1
1704620442 2
1704620446 1
1704620450 0
1704620454 1
1704620458 2
1704620462 0
1704620466 11
1704620470 4
1704620474 0
1704620478 5
1704620482 1
1704620486 1
1704620490 2
1704620494 4
1704620498 3
1704620502 0
1704620506 4
1704620510 3



# Sketch: 28
1704619914 1
1704619918 2
1704619922 3
1704619926 7
1704619930 3
1704619934 0
1704619938 2
1704619942 3
1704619946 1
1704619950 9
1704619954 7
1704619958 6
1704619962 3
1704619966 1
1704619970 4
1704619974 3
1704619978 7
1704619982 1
1704619986 3
1704619990 3
1704619994 2
1704619998 0
1704620002 1
1704620006 2
1704620010 1
1704620014 2
1704620018 3
1704620022 0
1704620026 7
1704620030 3
1704620034 1
1704620038 5
1704620042 0
1704620046 1
1704620050 1
1704620054 0
1704620058 0
1704620062 5
1704620066 4
1704620070 1
1704620074 1
1704620078 2
1704620082 1
1704620086 2
1704620090 1
1704620094 3
1704620098 4
1704620102 3
1704620106 0
1704620110 0
1704620114 0
1704620118 2
1704620122 4
1704620126 3
1704620130 1
1704620134 0
1704620138 1
1704620142 9
1704620146 3
1704620150 4
1704620154 0
1704620158 1
1704620162 5
1704620166 3
1704620170 0
1704620174 0
1704620178 0
1704620182 1
1704620186 1
1704620190 3
1704620194 1
1704620198 2
1704620202 2
1704620206 0
1704620210 1
1704620214 2
1704620218 3
1704620222 2
1704620226 0
1704620230 3
1704620234 4
1704620238 0
1704620242 0
1704620246 3
1704620250 4
1704620254 0
1704620258 3
1704620262 0
1704620266 1
1704620270 2
1704620274 4
1704620278 3
1704620282 4
1704620286 1
1704620290 4
1704620294 5
1704620298 1
1704620302 1
1704620306 1
1704620310 0
1704620314 0
1704620318 8
1704620322 9
1704620326 3
1704620330 2
1704620334 1
1704620338 2
1704620342 1
1704620346 2
1704620350 4
1704620354 2
1704620358 2
1704620362 3
1704620366 1
1704620370 0
1704620374 0
1704620378 3
1704620382 0
1704620386 0
1704620390 4
1704620394 1
1704620398 3
1704620402 1
1704620406 5
1704620410 2
1704620414 6
1704620418 5
1704620422 0
1704620426 4
1704620430 2
1704620434 2
1704620438 0
1704620442 0
1704620446 3
1704620450 2
1704620454 2
1704620458 1
1704620462 2
1704620466 2
1704620470 2
1704620474 0
1704620478 1
1704620482 5
1704620486 5
1704620490 6
1704620494 0
1704620498 1
1704620502 0
1704620506 1
1704620510 12



# Sketch: 29
1704619914 2
1704619918 4
1704619922 0
1704619926 0
1704619930 3
1704619934 0
1704619938 0
1704619942 16
1704619946 3
1704619950 1
1704619954 4
1704619958 1
1704619962 5
1704619966 2
1704619970 0
1704619974 2
1704619978 0
1704619982 0
1704619986 1
1704619990 0
1704619994 3
1704619998 1
1704620002 4
1704620006 5
1704620010 3
1704620014 3
1704620018 0
1704620022 1
1704620026 1
1704620030 3
1704620034 1
1704620038 2
1704620042 3
1704620046 1
1704620050 4
1704620054 1
1704620058 1
1704620062 1
1704620066 1
1704620070 0
1704620074 0
1704620078 1
1704620082 0
1704620086 4
1704620090 4
1704620094 0
1704620098 10
1704620102 0
1704620106 0
1704620110 1
1704620114 0
1704620118 2
1704620122 0
1704620126 5
1704620130 4
1704620134 0
1704620138 2
1704620142 7
1704620146 4
1704620150 4
1704620154 0
1704620158 6
1704620162 0
1704620166 4
1704620170 0
1704620174 3
1704620178 2
1704620182 2
1704620186 0
1704620190 0
1704620194 1
1704620198 2
1704620202 0
1704620206 0
1704620210 0
1704620214 3
1704620218 0
1704620222 5
1704620226 2
1704620230 2
1704620234 3
1704620238 3
1704620242 0
1704620246 2
1704620250 0
1704620254 4
1704620258 0
1704620262 1
1704620266 1
1704620270 2
1704620274 0
1704620278 1
1704620282 2
1704620286 3
1704620290 1
1704620294 1
1704620298 3
1704620302 3
1704620306 0
1704620310 0
1704620314 3
1704620318 1
1704620322 1
1704620326 0
1704620330 1
1704620334 3
1704620338 0
1704620342 1
1704620346 0
1704620350 0
1704620354 0
1704620358 4
1704620362 3
1704620366 3
1704620370 1
1704620374 2
1704620378 2
1704620382 2
1704620386 2
1704620390 6
1704620394 2
1704620398 10
1704620402 0
1704620406 7
1704620410 1
1704620414 7
1704620418 0
1704620422 2
1704620426 5
1704620430 0
1704620434 0
1704620438 2
1704620442 1
1704620446 7
1704620450 3
1704620454 1
1704620458 1
1704620462 0
1704620466 4
1704620470 2
1704620474 1
1704620478 8
1704620482 5
1704620486 2
1704620490 0
1704620494 1
1704620498 2
1704620502 2
1704620506 0
1704620510 1



# Sketch: 30
1704619914 0
1704619918 2
1704619922 3
1704619926 0
1704619930 1
1704619934 6
1704619938 3
1704619942 0
1704619946 3
1704619950 1
1704619954 1
1704619958 1
1704619962 1
1704619966 4
1704619970 1
1704619974 1
1704619978 2
1704619982 0
1704619986 0
1704619990 9
1704619994 2
1704619998 3
1704620002 1
1704620006 2
1704620010 2
1704620014 0
1704620018 2
1704620022 2
1704620026 2
1704620030 2
1704620034 5
1704620038 4
1704620042 0
1704620046 3
1704620050 2
1704620054 4
1704620058 1
1704620062 0
1704620066 5
1704620070 5
1704620074 1
1704620078 2
1704620082 4
1704620086 2
1704620090 3
1704620094 0
1704620098 7
1704620102 1
1704620106 0
1704620110 0
1704620114 4
1704620118 0
1704620122 1
1704620126 1
1704620130 1
1704620134 0
1704620138 0
1704620142 11
1704620146 0
1704620150 1
1704620154 0
1704620158 0
1704620162 0
1704620166 1
1704620170 1
1704620174 1
1704620178 2
1704620182 2
1704620186 5
1704620190 0
1704620194 2
1704620198 5
1704620202 0
1704620206 4
1704620210 2
1704620214 0
1704620218 3
1704620222 2
1704620226 0
1704620230 1
1704620234 1
1704620238 2
1704620242 2
1704620246 0
1704620250 1
1704620254 1
1704620258 2
1704620262 1
1704620266 4
1704620270 1
1704620274 1
1704620278 1
1704620282 0
1704620286 0
1704620290 2
1704620294 1
1704620298 7
1704620302 4
1704620306 3
1704620310 0
1704620314 2
1704620318 6
1704620322 6
1704620326 1
1704620330 5
1704620334 4
1704620338 3
1704620342 4
1704620346 0
1704620350 1
1704620354 4
1704620358 6
1704620362 1
1704620366 4
1704620370 3
1704620374 1
1704620378 2
1704620382 4
1704620386 3
1704620390 1
1704620394 0
1704620398 1
1704620402 0
1704620406 9
1704620410 3
1704620414 6
1704620418 3
1704620422 3
1704620426 0
1704620430 4
1704620434 3
1704620438 3
1704620442 0
1704620446 1
1704620450 3
1704620454 1
1704620458 0
1704620462 0
1704620466 3
1704620470 1
1704620474 0
1704620478 0
1704620482 1
1704620486 4
1704620490 0
1704620494 0
1704620498 0
1704620502 0
1704620506 1
1704620510 3



# Sketch: 31
1704619914 0
1704619918 0
1704619922 3
1704619926 1
1704619930 1
1704619934 2
1704619938 0
1704619942 2
1704619946 4
1704619950 0
1704619954 3
1704619958 6
1704619962 1
1704619966 2
1704619970 2
1704619974 4
1704619978 0
1704619982 1
1704619986 0
1704619990 0
1704619994 6
1704619998 1
1704620002 3
1704620006 0
1704620010 2
1704620014 0
1704620018 2
1704620022 0
1704620026 0
1704620030 10
1704620034 2
1704620038 2
1704620042 2
1704620046 3
1704620050 3
1704620054 1
1704620058 1
1704620062 0
1704620066 0
1704620070 0
1704620074 0
1704620078 0
1704620082 2
1704620086 2
1704620090 0
1704620094 1
1704620098 2
1704620102 2
1704620106 1
1704620110 0
1704620114 0
1704620118 0
1704620122 1
1704620126 1
1704620130 1
1704620134 2
1704620138 4
1704620142 0
1704620146 2
1704620150 0
1704620154 1
1704620158 1
1704620162 1
1704620166 3
1704620170 2
1704620174 0
1704620178 1
1704620182 1
1704620186 0
1704620190 7
1704620194 2
1704620198 0
1704620202 0
1704620206 1
1704620210 3
1704620214 3
1704620218 7
1704620222 0
1704620226 2
1704620230 2
1704620234 1
1704620238 3
1704620242 0
1704620246 2
1704620250 1
1704620254 2
1704620258 2
1704620262 0
1704620266 0
1704620270 2
1704620274 3
1704620278 0
1704620282 3
1704620286 4
1704620290 1
1704620294 1
1704620298 0
1704620302 0
1704620306 1
1704620310 1
1704620314 3
1704620318 5
1704620322 0
1704620326 3
1704620330 3
1704620334 6
1704620338 4
1704620342 0
1704620346 1
1704620350 0
1704620354 1
1704620358 2
1704620362 2
1704620366 0
1704620370 5
1704620374 2
1704620378 1
1704620382 1
1704620386 0
1704620390 0
1704620394 9
1704620398 3
1704620402 0
1704620406 2
1704620410 4
1704620414 2
1704620418 0
1704620422 1
1704620426 0
1704620430 0
1704620434 1
1704620438 2
1704620442 4
1704620446 2
1704620450 0
1704620454 0
1704620458 3
1704620462 0
1704620466 2
1704620470 3
1704620474 2
1704620478 3
1704620482 1
1704620486 3
1704620490 0
1704620494 1
1704620498 2
1704620502 2
1704620506 3
1704620510 3

