

# Sketch: 0
1704619914 5
1704619946 14
1704619978 12
1704620010 29
1704620042 10
1704620074 18
1704620106 9
1704620138 37
1704620170 9
1704620202 11
1704620234 14
1704620266 9
1704620298 18
1704620330 21
1704620362 13
1704620394 17
1704620426 21
1704620458 35
1704620490 12



# Sketch: 1
1704619914 15
1704619946 24
1704619978 22
1704620010 30
1704620042 23
1704620074 19
1704620106 7
1704620138 18
1704620170 12
1704620202 8
1704620234 26
1704620266 27
1704620298 40
1704620330 49
1704620362 20
1704620394 16
1704620426 19
1704620458 10
1704620490 8



# Sketch: 2
1704619914 15
1704619946 10
1704619978 12
1704620010 12
1704620042 13
1704620074 26
1704620106 20
1704620138 7
1704620170 5
1704620202 16
1704620234 19
1704620266 18
1704620298 18
1704620330 13
1704620362 19
1704620394 18
1704620426 30
1704620458 12
1704620490 19



# Sketch: 3
1704619914 10
1704619946 17
1704619978 9
1704620010 15
1704620042 22
1704620074 19
1704620106 9
1704620138 17
1704620170 19
1704620202 18
1704620234 17
1704620266 16
1704620298 9
1704620330 17
1704620362 20
1704620394 24
1704620426 14
1704620458 23
1704620490 21



# Sketch: 4
1704619914 16
1704619946 15
1704619978 8
1704620010 24
1704620042 13
1704620074 6
1704620106 11
1704620138 18
1704620170 13
1704620202 14
1704620234 12
1704620266 31
1704620298 28
1704620330 11
1704620362 12
1704620394 23
1704620426 21
1704620458 15
1704620490 8



# Sketch: 5
1704619914 25
1704619946 8
1704619978 12
1704620010 28
1704620042 16
1704620074 12
1704620106 14
1704620138 15
1704620170 12
1704620202 15
1704620234 9
1704620266 11
1704620298 11
1704620330 9
1704620362 32
1704620394 13
1704620426 18
1704620458 23
1704620490 24



# Sketch: 6
1704619914 13
1704619946 23
1704619978 13
1704620010 23
1704620042 16
1704620074 24
1704620106 8
1704620138 26
1704620170 14
1704620202 14
1704620234 12
1704620266 28
1704620298 21
1704620330 14
1704620362 24
1704620394 14
1704620426 24
1704620458 29
1704620490 17



# Sketch: 7
1704619914 7
1704619946 11
1704619978 28
1704620010 20
1704620042 8
1704620074 23
1704620106 11
1704620138 11
1704620170 14
1704620202 15
1704620234 10
1704620266 18
1704620298 16
1704620330 13
1704620362 10
1704620394 23
1704620426 15
1704620458 16
1704620490 7



# Sketch: 8
1704619914 33
1704619946 47
1704619978 25
1704620010 31
1704620042 27
1704620074 16
1704620106 22
1704620138 22
1704620170 18
1704620202 10
1704620234 18
1704620266 28
1704620298 26
1704620330 17
1704620362 26
1704620394 17
1704620426 23
1704620458 31
1704620490 11



# Sketch: 9
1704619914 12
1704619946 19
1704619978 19
1704620010 26
1704620042 13
1704620074 14
1704620106 9
1704620138 14
1704620170 18
1704620202 17
1704620234 20
1704620266 17
1704620298 17
1704620330 17
1704620362 15
1704620394 11
1704620426 9
1704620458 32
1704620490 12



# Sketch: 10
1704619914 18
1704619946 8
1704619978 14
1704620010 29
1704620042 15
1704620074 24
1704620106 15
1704620138 20
1704620170 10
1704620202 17
1704620234 16
1704620266 15
1704620298 26
1704620330 11
1704620362 13
1704620394 15
1704620426 31
1704620458 15
1704620490 5



# Sketch: 11
1704619914 8
1704619946 17
1704619978 3
1704620010 13
1704620042 9
1704620074 8
1704620106 9
1704620138 13
1704620170 10
1704620202 14
1704620234 17
1704620266 33
1704620298 5
1704620330 20
1704620362 20
1704620394 10
1704620426 39
1704620458 8
1704620490 11



# Sketch: 12
1704619914 7
1704619946 5
1704619978 26
1704620010 23
1704620042 20
1704620074 19
1704620106 8
1704620138 19
1704620170 15
1704620202 12
1704620234 21
1704620266 11
1704620298 23
1704620330 15
1704620362 9
1704620394 19
1704620426 13
1704620458 12
1704620490 10



# Sketch: 13
1704619914 14
1704619946 19
1704619978 8
1704620010 16
1704620042 16
1704620074 11
1704620106 12
1704620138 10
1704620170 11
1704620202 18
1704620234 23
1704620266 12
1704620298 26
1704620330 23
1704620362 16
1704620394 13
1704620426 25
1704620458 15
1704620490 10



# Sketch: 14
1704619914 22
1704619946 13
1704619978 13
1704620010 17
1704620042 19
1704620074 37
1704620106 10
1704620138 20
1704620170 19
1704620202 24
1704620234 18
1704620266 22
1704620298 21
1704620330 19
1704620362 15
1704620394 26
1704620426 16
1704620458 14
1704620490 18



# Sketch: 15
1704619914 13
1704619946 12
1704619978 46
1704620010 32
1704620042 16
1704620074 28
1704620106 36
1704620138 44
1704620170 22
1704620202 29
1704620234 43
1704620266 36
1704620298 20
1704620330 32
1704620362 32
1704620394 32
1704620426 23
1704620458 35
1704620490 31



# Sketch: 16
1704619914 28
1704619946 10
1704619978 19
1704620010 11
1704620042 20
1704620074 17
1704620106 10
1704620138 32
1704620170 24
1704620202 13
1704620234 28
1704620266 20
1704620298 20
1704620330 13
1704620362 15
1704620394 17
1704620426 15
1704620458 22
1704620490 8



# Sketch: 17
1704619914 23
1704619946 12
1704619978 10
1704620010 21
1704620042 16
1704620074 12
1704620106 13
1704620138 23
1704620170 11
1704620202 16
1704620234 15
1704620266 14
1704620298 15
1704620330 27
1704620362 17
1704620394 17
1704620426 16
1704620458 15
1704620490 9



# Sketch: 18
1704619914 18
1704619946 15
1704619978 40
1704620010 11
1704620042 17
1704620074 8
1704620106 14
1704620138 9
1704620170 8
1704620202 14
1704620234 9
1704620266 7
1704620298 20
1704620330 14
1704620362 9
1704620394 20
1704620426 18
1704620458 10
1704620490 11



# Sketch: 19
1704619914 10
1704619946 27
1704619978 16
1704620010 11
1704620042 16
1704620074 19
1704620106 21
1704620138 6
1704620170 9
1704620202 10
1704620234 13
1704620266 7
1704620298 24
1704620330 12
1704620362 18
1704620394 9
1704620426 24
1704620458 23
1704620490 16



# Sketch: 20
1704619914 24
1704619946 15
1704619978 11
1704620010 22
1704620042 27
1704620074 11
1704620106 15
1704620138 20
1704620170 17
1704620202 14
1704620234 17
1704620266 10
1704620298 22
1704620330 14
1704620362 14
1704620394 14
1704620426 22
1704620458 22
1704620490 31



# Sketch: 21
1704619914 10
1704619946 13
1704619978 8
1704620010 15
1704620042 8
1704620074 10
1704620106 13
1704620138 10
1704620170 15
1704620202 18
1704620234 23
1704620266 15
1704620298 12
1704620330 15
1704620362 20
1704620394 19
1704620426 8
1704620458 19
1704620490 26



# Sketch: 22
1704619914 20
1704619946 22
1704619978 9
1704620010 10
1704620042 28
1704620074 8
1704620106 15
1704620138 18
1704620170 35
1704620202 16
1704620234 27
1704620266 15
1704620298 18
1704620330 16
1704620362 12
1704620394 25
1704620426 13
1704620458 19
1704620490 16



# Sketch: 23
1704619914 25
1704619946 29
1704619978 10
1704620010 7
1704620042 16
1704620074 16
1704620106 13
1704620138 19
1704620170 8
1704620202 8
1704620234 13
1704620266 10
1704620298 24
1704620330 12
1704620362 16
1704620394 21
1704620426 17
1704620458 18
1704620490 8



# Sketch: 24
1704619914 10
1704619946 15
1704619978 13
1704620010 6
1704620042 21
1704620074 16
1704620106 4
1704620138 13
1704620170 9
1704620202 13
1704620234 31
1704620266 13
1704620298 41
1704620330 24
1704620362 27
1704620394 9
1704620426 27
1704620458 13
1704620490 9



# Sketch: 25
1704619914 9
1704619946 16
1704619978 13
1704620010 16
1704620042 8
1704620074 20
1704620106 5
1704620138 11
1704620170 18
1704620202 14
1704620234 14
1704620266 12
1704620298 9
1704620330 20
1704620362 9
1704620394 12
1704620426 15
1704620458 13
1704620490 14



# Sketch: 26
1704619914 32
1704619946 13
1704619978 21
1704620010 13
1704620042 41
1704620074 16
1704620106 8
1704620138 17
1704620170 26
1704620202 13
1704620234 13
1704620266 28
1704620298 21
1704620330 14
1704620362 14
1704620394 11
1704620426 13
1704620458 16
1704620490 10



# Sketch: 27
1704619914 22
1704619946 12
1704619978 15
1704620010 16
1704620042 19
1704620074 15
1704620106 15
1704620138 14
1704620170 13
1704620202 14
1704620234 16
1704620266 23
1704620298 22
1704620330 18
1704620362 15
1704620394 36
1704620426 13
1704620458 24
1704620490 16



# Sketch: 28
1704619914 22
1704619946 24
1704619978 11
1704620010 18
1704620042 19
1704620074 25
1704620106 13
1704620138 30
1704620170 24
1704620202 20
1704620234 31
1704620266 15
1704620298 35
1704620330 19
1704620362 17
1704620394 26
1704620426 13
1704620458 15
1704620490 18



# Sketch: 29
1704619914 15
1704619946 22
1704619978 32
1704620010 33
1704620042 18
1704620074 26
1704620106 26
1704620138 36
1704620170 19
1704620202 36
1704620234 19
1704620266 8
1704620298 15
1704620330 24
1704620362 19
1704620394 27
1704620426 24
1704620458 16
1704620490 16



# Sketch: 30
1704619914 28
1704619946 14
1704619978 16
1704620010 37
1704620042 22
1704620074 12
1704620106 10
1704620138 13
1704620170 23
1704620202 11
1704620234 21
1704620266 19
1704620298 17
1704620330 29
1704620362 24
1704620394 31
1704620426 23
1704620458 34
1704620490 27



# Sketch: 31
1704619914 16
1704619946 26
1704619978 10
1704620010 14
1704620042 11
1704620074 32
1704620106 10
1704620138 10
1704620170 4
1704620202 17
1704620234 18
1704620266 32
1704620298 21
1704620330 23
1704620362 9
1704620394 6
1704620426 25
1704620458 22
1704620490 10

