

# Sketch: 0
1704620514 78
1704620642 77
1704620770 85
1704620898 83
1704621026 29



# Sketch: 1
1704620514 54
1704620642 73
1704620770 69
1704620898 105
1704621026 42



# Sketch: 2
1704620514 54
1704620642 69
1704620770 45
1704620898 55
1704621026 41



# Sketch: 3
1704620514 74
1704620642 84
1704620770 65
1704620898 85
1704621026 50



# Sketch: 4
1704620514 108
1704620642 73
1704620770 86
1704620898 85
1704621026 55



# Sketch: 5
1704620514 66
1704620642 55
1704620770 67
1704620898 85
1704621026 63



# Sketch: 6
1704620514 98
1704620642 83
1704620770 86
1704620898 68
1704621026 45



# Sketch: 7
1704620514 63
1704620642 155
1704620770 61
1704620898 97
1704621026 46



# Sketch: 8
1704620514 86
1704620642 95
1704620770 69
1704620898 66
1704621026 40



# Sketch: 9
1704620514 92
1704620642 60
1704620770 58
1704620898 75
1704621026 53



# Sketch: 10
1704620514 68
1704620642 66
1704620770 79
1704620898 78
1704621026 52



# Sketch: 11
1704620514 76
1704620642 66
1704620770 63
1704620898 71
1704621026 75



# Sketch: 12
1704620514 54
1704620642 37
1704620770 68
1704620898 78
1704621026 41



# Sketch: 13
1704620514 57
1704620642 52
1704620770 155
1704620898 83
1704621026 32



# Sketch: 14
1704620514 78
1704620642 96
1704620770 169
1704620898 83
1704621026 72



# Sketch: 15
1704620514 83
1704620642 67
1704620770 39
1704620898 74
1704621026 40



# Sketch: 16
1704620514 55
1704620642 58
1704620770 73
1704620898 59
1704621026 59



# Sketch: 17
1704620514 83
1704620642 66
1704620770 54
1704620898 77
1704621026 30



# Sketch: 18
1704620514 65
1704620642 53
1704620770 69
1704620898 67
1704621026 38



# Sketch: 19
1704620514 79
1704620642 56
1704620770 92
1704620898 98
1704621026 54



# Sketch: 20
1704620514 52
1704620642 64
1704620770 69
1704620898 76
1704621026 45



# Sketch: 21
1704620514 49
1704620642 74
1704620770 58
1704620898 67
1704621026 36



# Sketch: 22
1704620514 83
1704620642 122
1704620770 112
1704620898 103
1704621026 71



# Sketch: 23
1704620514 51
1704620642 67
1704620770 57
1704620898 87
1704621026 46



# Sketch: 24
1704620514 55
1704620642 62
1704620770 60
1704620898 73
1704621026 31



# Sketch: 25
1704620514 114
1704620642 136
1704620770 146
1704620898 116
1704621026 88



# Sketch: 26
1704620514 60
1704620642 92
1704620770 71
1704620898 61
1704621026 43



# Sketch: 27
1704620514 54
1704620642 47
1704620770 55
1704620898 50
1704621026 39



# Sketch: 28
1704620514 37
1704620642 56
1704620770 64
1704620898 47
1704621026 49



# Sketch: 29
1704620514 89
1704620642 88
1704620770 95
1704620898 70
1704621026 54



# Sketch: 30
1704620514 81
1704620642 68
1704620770 63
1704620898 50
1704621026 50



# Sketch: 31
1704620514 67
1704620642 71
1704620770 52
1704620898 73
1704621026 76

