

# Sketch: 0
1704620514 17
1704620546 10
1704620578 14
1704620610 38
1704620642 21
1704620674 12
1704620706 18
1704620738 12
1704620770 15
1704620802 9
1704620834 17
1704620866 13
1704620898 21
1704620930 12
1704620962 17
1704620994 14
1704621026 14
1704621058 13
1704621090 23



# Sketch: 1
1704620514 25
1704620546 22
1704620578 17
1704620610 19
1704620642 23
1704620674 10
1704620706 15
1704620738 22
1704620770 16
1704620802 14
1704620834 16
1704620866 11
1704620898 19
1704620930 9
1704620962 17
1704620994 20
1704621026 23
1704621058 36
1704621090 27



# Sketch: 2
1704620514 24
1704620546 18
1704620578 15
1704620610 10
1704620642 16
1704620674 18
1704620706 6
1704620738 18
1704620770 14
1704620802 10
1704620834 32
1704620866 16
1704620898 11
1704620930 12
1704620962 21
1704620994 28
1704621026 17
1704621058 23
1704621090 10



# Sketch: 3
1704620514 22
1704620546 12
1704620578 13
1704620610 27
1704620642 26
1704620674 13
1704620706 21
1704620738 43
1704620770 19
1704620802 9
1704620834 19
1704620866 17
1704620898 25
1704620930 15
1704620962 21
1704620994 25
1704621026 10
1704621058 28
1704621090 8



# Sketch: 4
1704620514 22
1704620546 13
1704620578 17
1704620610 24
1704620642 10
1704620674 15
1704620706 12
1704620738 18
1704620770 31
1704620802 21
1704620834 11
1704620866 14
1704620898 26
1704620930 20
1704620962 12
1704620994 16
1704621026 22
1704621058 17
1704621090 10



# Sketch: 5
1704620514 29
1704620546 22
1704620578 31
1704620610 16
1704620642 31
1704620674 13
1704620706 14
1704620738 21
1704620770 16
1704620802 32
1704620834 21
1704620866 23
1704620898 18
1704620930 27
1704620962 24
1704620994 29
1704621026 23
1704621058 19
1704621090 20



# Sketch: 6
1704620514 15
1704620546 19
1704620578 11
1704620610 21
1704620642 27
1704620674 13
1704620706 23
1704620738 16
1704620770 16
1704620802 21
1704620834 26
1704620866 14
1704620898 17
1704620930 12
1704620962 20
1704620994 23
1704621026 20
1704621058 9
1704621090 12



# Sketch: 7
1704620514 22
1704620546 12
1704620578 10
1704620610 11
1704620642 8
1704620674 11
1704620706 27
1704620738 31
1704620770 16
1704620802 20
1704620834 12
1704620866 23
1704620898 9
1704620930 11
1704620962 9
1704620994 20
1704621026 13
1704621058 25
1704621090 13



# Sketch: 8
1704620514 14
1704620546 6
1704620578 14
1704620610 32
1704620642 18
1704620674 16
1704620706 19
1704620738 13
1704620770 16
1704620802 16
1704620834 13
1704620866 10
1704620898 16
1704620930 17
1704620962 40
1704620994 18
1704621026 12
1704621058 18
1704621090 20



# Sketch: 9
1704620514 12
1704620546 17
1704620578 19
1704620610 21
1704620642 16
1704620674 13
1704620706 11
1704620738 22
1704620770 23
1704620802 16
1704620834 19
1704620866 15
1704620898 14
1704620930 17
1704620962 15
1704620994 31
1704621026 14
1704621058 16
1704621090 13



# Sketch: 10
1704620514 17
1704620546 20
1704620578 14
1704620610 12
1704620642 17
1704620674 8
1704620706 12
1704620738 15
1704620770 20
1704620802 8
1704620834 14
1704620866 14
1704620898 14
1704620930 31
1704620962 14
1704620994 24
1704621026 10
1704621058 10
1704621090 14



# Sketch: 11
1704620514 41
1704620546 18
1704620578 10
1704620610 39
1704620642 18
1704620674 13
1704620706 11
1704620738 18
1704620770 11
1704620802 14
1704620834 16
1704620866 16
1704620898 24
1704620930 20
1704620962 13
1704620994 16
1704621026 26
1704621058 11
1704621090 9



# Sketch: 12
1704620514 15
1704620546 7
1704620578 15
1704620610 7
1704620642 13
1704620674 19
1704620706 13
1704620738 14
1704620770 6
1704620802 17
1704620834 14
1704620866 15
1704620898 8
1704620930 13
1704620962 15
1704620994 39
1704621026 11
1704621058 9
1704621090 8



# Sketch: 13
1704620514 26
1704620546 23
1704620578 32
1704620610 20
1704620642 20
1704620674 20
1704620706 21
1704620738 10
1704620770 10
1704620802 21
1704620834 24
1704620866 16
1704620898 16
1704620930 16
1704620962 18
1704620994 20
1704621026 10
1704621058 19
1704621090 19



# Sketch: 14
1704620514 10
1704620546 11
1704620578 18
1704620610 15
1704620642 13
1704620674 12
1704620706 23
1704620738 14
1704620770 25
1704620802 33
1704620834 21
1704620866 11
1704620898 18
1704620930 11
1704620962 16
1704620994 19
1704621026 12
1704621058 10
1704621090 10



# Sketch: 15
1704620514 23
1704620546 31
1704620578 11
1704620610 14
1704620642 26
1704620674 28
1704620706 17
1704620738 21
1704620770 25
1704620802 16
1704620834 20
1704620866 16
1704620898 11
1704620930 25
1704620962 20
1704620994 24
1704621026 14
1704621058 15
1704621090 15



# Sketch: 16
1704620514 17
1704620546 18
1704620578 11
1704620610 5
1704620642 18
1704620674 15
1704620706 17
1704620738 12
1704620770 21
1704620802 15
1704620834 17
1704620866 9
1704620898 40
1704620930 13
1704620962 3
1704620994 31
1704621026 13
1704621058 18
1704621090 7



# Sketch: 17
1704620514 26
1704620546 12
1704620578 13
1704620610 14
1704620642 25
1704620674 34
1704620706 13
1704620738 17
1704620770 45
1704620802 11
1704620834 36
1704620866 15
1704620898 21
1704620930 19
1704620962 10
1704620994 18
1704621026 10
1704621058 21
1704621090 17



# Sketch: 18
1704620514 17
1704620546 16
1704620578 12
1704620610 12
1704620642 15
1704620674 15
1704620706 20
1704620738 13
1704620770 17
1704620802 18
1704620834 17
1704620866 17
1704620898 26
1704620930 13
1704620962 11
1704620994 20
1704621026 23
1704621058 14
1704621090 10



# Sketch: 19
1704620514 10
1704620546 15
1704620578 36
1704620610 13
1704620642 9
1704620674 6
1704620706 28
1704620738 24
1704620770 37
1704620802 43
1704620834 15
1704620866 15
1704620898 23
1704620930 26
1704620962 13
1704620994 27
1704621026 13
1704621058 14
1704621090 23



# Sketch: 20
1704620514 15
1704620546 13
1704620578 25
1704620610 19
1704620642 12
1704620674 13
1704620706 18
1704620738 17
1704620770 30
1704620802 4
1704620834 16
1704620866 10
1704620898 14
1704620930 43
1704620962 26
1704620994 15
1704621026 4
1704621058 12
1704621090 8



# Sketch: 21
1704620514 16
1704620546 15
1704620578 21
1704620610 27
1704620642 12
1704620674 25
1704620706 15
1704620738 13
1704620770 33
1704620802 8
1704620834 23
1704620866 12
1704620898 27
1704620930 20
1704620962 12
1704620994 17
1704621026 19
1704621058 16
1704621090 5



# Sketch: 22
1704620514 11
1704620546 15
1704620578 12
1704620610 9
1704620642 9
1704620674 14
1704620706 32
1704620738 46
1704620770 11
1704620802 14
1704620834 10
1704620866 4
1704620898 8
1704620930 15
1704620962 21
1704620994 22
1704621026 23
1704621058 10
1704621090 14



# Sketch: 23
1704620514 17
1704620546 20
1704620578 15
1704620610 34
1704620642 14
1704620674 71
1704620706 21
1704620738 31
1704620770 31
1704620802 40
1704620834 22
1704620866 18
1704620898 10
1704620930 25
1704620962 30
1704620994 23
1704621026 10
1704621058 21
1704621090 10



# Sketch: 24
1704620514 33
1704620546 13
1704620578 36
1704620610 26
1704620642 26
1704620674 24
1704620706 28
1704620738 41
1704620770 45
1704620802 52
1704620834 24
1704620866 26
1704620898 15
1704620930 39
1704620962 24
1704620994 37
1704621026 28
1704621058 34
1704621090 19



# Sketch: 25
1704620514 15
1704620546 27
1704620578 16
1704620610 7
1704620642 17
1704620674 14
1704620706 16
1704620738 25
1704620770 23
1704620802 21
1704620834 15
1704620866 13
1704620898 18
1704620930 5
1704620962 29
1704620994 15
1704621026 16
1704621058 29
1704621090 19



# Sketch: 26
1704620514 19
1704620546 10
1704620578 12
1704620610 13
1704620642 20
1704620674 10
1704620706 12
1704620738 23
1704620770 8
1704620802 15
1704620834 29
1704620866 23
1704620898 17
1704620930 14
1704620962 5
1704620994 15
1704621026 20
1704621058 14
1704621090 21



# Sketch: 27
1704620514 14
1704620546 20
1704620578 12
1704620610 9
1704620642 16
1704620674 5
1704620706 22
1704620738 10
1704620770 17
1704620802 13
1704620834 48
1704620866 18
1704620898 25
1704620930 7
1704620962 24
1704620994 22
1704621026 26
1704621058 15
1704621090 9



# Sketch: 28
1704620514 11
1704620546 21
1704620578 15
1704620610 15
1704620642 12
1704620674 16
1704620706 8
1704620738 20
1704620770 7
1704620802 26
1704620834 15
1704620866 15
1704620898 15
1704620930 10
1704620962 8
1704620994 23
1704621026 34
1704621058 25
1704621090 8



# Sketch: 29
1704620514 21
1704620546 24
1704620578 12
1704620610 17
1704620642 34
1704620674 19
1704620706 14
1704620738 27
1704620770 41
1704620802 16
1704620834 21
1704620866 26
1704620898 18
1704620930 18
1704620962 4
1704620994 39
1704621026 29
1704621058 21
1704621090 13



# Sketch: 30
1704620514 10
1704620546 10
1704620578 11
1704620610 13
1704620642 11
1704620674 25
1704620706 31
1704620738 13
1704620770 15
1704620802 14
1704620834 23
1704620866 11
1704620898 21
1704620930 9
1704620962 23
1704620994 18
1704621026 13
1704621058 20
1704621090 8



# Sketch: 31
1704620514 17
1704620546 14
1704620578 20
1704620610 37
1704620642 23
1704620674 17
1704620706 26
1704620738 31
1704620770 18
1704620802 36
1704620834 22
1704620866 29
1704620898 27
1704620930 22
1704620962 26
1704620994 18
1704621026 17
1704621058 33
1704621090 19

