

# Sketch: 0
1704620514 29
1704620578 30
1704620642 37
1704620706 25
1704620770 47
1704620834 18
1704620898 36
1704620962 46
1704621026 44
1704621090 10



# Sketch: 1
1704620514 32
1704620578 22
1704620642 14
1704620706 44
1704620770 26
1704620834 24
1704620898 39
1704620962 46
1704621026 41
1704621090 10



# Sketch: 2
1704620514 48
1704620578 35
1704620642 20
1704620706 22
1704620770 28
1704620834 27
1704620898 30
1704620962 21
1704621026 25
1704621090 15



# Sketch: 3
1704620514 36
1704620578 50
1704620642 17
1704620706 47
1704620770 47
1704620834 34
1704620898 30
1704620962 31
1704621026 33
1704621090 12



# Sketch: 4
1704620514 44
1704620578 28
1704620642 30
1704620706 41
1704620770 32
1704620834 34
1704620898 44
1704620962 51
1704621026 41
1704621090 11



# Sketch: 5
1704620514 44
1704620578 45
1704620642 36
1704620706 30
1704620770 36
1704620834 33
1704620898 41
1704620962 26
1704621026 38
1704621090 12



# Sketch: 6
1704620514 28
1704620578 32
1704620642 31
1704620706 40
1704620770 16
1704620834 30
1704620898 30
1704620962 30
1704621026 53
1704621090 17



# Sketch: 7
1704620514 31
1704620578 23
1704620642 45
1704620706 23
1704620770 31
1704620834 35
1704620898 36
1704620962 40
1704621026 31
1704621090 10



# Sketch: 8
1704620514 28
1704620578 35
1704620642 53
1704620706 53
1704620770 26
1704620834 27
1704620898 31
1704620962 47
1704621026 39
1704621090 16



# Sketch: 9
1704620514 33
1704620578 20
1704620642 27
1704620706 35
1704620770 18
1704620834 38
1704620898 37
1704620962 49
1704621026 20
1704621090 13



# Sketch: 10
1704620514 34
1704620578 46
1704620642 32
1704620706 43
1704620770 80
1704620834 66
1704620898 45
1704620962 44
1704621026 34
1704621090 22



# Sketch: 11
1704620514 51
1704620578 39
1704620642 39
1704620706 55
1704620770 38
1704620834 48
1704620898 41
1704620962 34
1704621026 25
1704621090 11



# Sketch: 12
1704620514 46
1704620578 32
1704620642 46
1704620706 33
1704620770 30
1704620834 54
1704620898 52
1704620962 38
1704621026 44
1704621090 15



# Sketch: 13
1704620514 34
1704620578 39
1704620642 20
1704620706 21
1704620770 52
1704620834 26
1704620898 34
1704620962 36
1704621026 20
1704621090 12



# Sketch: 14
1704620514 44
1704620578 33
1704620642 26
1704620706 35
1704620770 35
1704620834 23
1704620898 31
1704620962 42
1704621026 35
1704621090 13



# Sketch: 15
1704620514 22
1704620578 20
1704620642 22
1704620706 34
1704620770 40
1704620834 34
1704620898 26
1704620962 32
1704621026 43
1704621090 13



# Sketch: 16
1704620514 26
1704620578 42
1704620642 27
1704620706 40
1704620770 37
1704620834 33
1704620898 20
1704620962 44
1704621026 43
1704621090 10



# Sketch: 17
1704620514 41
1704620578 35
1704620642 107
1704620706 40
1704620770 30
1704620834 39
1704620898 23
1704620962 55
1704621026 21
1704621090 8



# Sketch: 18
1704620514 42
1704620578 12
1704620642 30
1704620706 31
1704620770 39
1704620834 49
1704620898 17
1704620962 31
1704621026 34
1704621090 5



# Sketch: 19
1704620514 30
1704620578 58
1704620642 29
1704620706 54
1704620770 32
1704620834 43
1704620898 38
1704620962 44
1704621026 33
1704621090 22



# Sketch: 20
1704620514 25
1704620578 45
1704620642 43
1704620706 36
1704620770 36
1704620834 24
1704620898 41
1704620962 34
1704621026 42
1704621090 6



# Sketch: 21
1704620514 45
1704620578 45
1704620642 77
1704620706 34
1704620770 61
1704620834 42
1704620898 73
1704620962 54
1704621026 55
1704621090 32



# Sketch: 22
1704620514 55
1704620578 23
1704620642 32
1704620706 34
1704620770 33
1704620834 23
1704620898 40
1704620962 37
1704621026 27
1704621090 18



# Sketch: 23
1704620514 15
1704620578 25
1704620642 18
1704620706 40
1704620770 27
1704620834 45
1704620898 50
1704620962 26
1704621026 28
1704621090 7



# Sketch: 24
1704620514 35
1704620578 56
1704620642 38
1704620706 57
1704620770 86
1704620834 29
1704620898 35
1704620962 62
1704621026 42
1704621090 14



# Sketch: 25
1704620514 30
1704620578 26
1704620642 40
1704620706 22
1704620770 18
1704620834 32
1704620898 32
1704620962 38
1704621026 40
1704621090 26



# Sketch: 26
1704620514 36
1704620578 43
1704620642 26
1704620706 50
1704620770 56
1704620834 32
1704620898 26
1704620962 24
1704621026 38
1704621090 7



# Sketch: 27
1704620514 34
1704620578 34
1704620642 23
1704620706 41
1704620770 36
1704620834 34
1704620898 38
1704620962 70
1704621026 25
1704621090 13



# Sketch: 28
1704620514 39
1704620578 36
1704620642 53
1704620706 31
1704620770 55
1704620834 43
1704620898 36
1704620962 44
1704621026 38
1704621090 24



# Sketch: 29
1704620514 34
1704620578 38
1704620642 36
1704620706 42
1704620770 33
1704620834 19
1704620898 37
1704620962 34
1704621026 23
1704621090 7



# Sketch: 30
1704620514 35
1704620578 47
1704620642 30
1704620706 48
1704620770 45
1704620834 44
1704620898 35
1704620962 43
1704621026 47
1704621090 15



# Sketch: 31
1704620514 21
1704620578 42
1704620642 29
1704620706 74
1704620770 95
1704620834 71
1704620898 34
1704620962 34
1704621026 42
1704621090 15

