

# Sketch: 0
0 0.512359
1 0.479095
2 0.498469
3 0.357584
4 0.358715
5 0.436834
6 0.611814
7 0.485656



# Sketch: 1
0 0.811429
1 0.697047
2 0.590832
3 0.80534
4 0.673405
5 0.537982
6 0.504401
7 0.793178



# Sketch: 2
0 0.148869
1 0.219005
2 0.250651
3 0.327389
4 0.240515
5 0.212771
6 0.224887
7 0.435602



# Sketch: 3
0 0.630814
1 0.576271
2 0.660487
3 0.584192
4 0.224239
5 0.259926
6 0.303515
7 0.495752



# Sketch: 4
0 0.350871
1 0.155946
2 0.0836263
3 0.0202559
4 0.18466
5 0.35552
6 0.385039
7 0.320839



# Sketch: 5
0 0.183737
1 0.143063
2 0.126777
3 0.150832
4 0.342776
5 0.200347
6 0.66987
7 0.466871



# Sketch: 6
0 0.735028
1 0.597277
2 0.357912
3 0.470594
4 0.393881
5 0.566674
6 0.576518
7 0.708157



# Sketch: 7
0 1.03377
1 1.17275
2 1.20299
3 0.809236
4 0.216848
5 0.221989
6 0.173749
7 0.57815



# Sketch: 8
0 0.412617
1 0.369462
2 0.341099
3 0.327419
4 0.437335
5 0.437444
6 0.469562
7 0.401692



# Sketch: 9
0 0.779082
1 0.290539
2 0.261782
3 0.489083
4 0.0907256
5 0.21332
6 0.0615671
7 0.351006



# Sketch: 10
0 0.209493
1 0.194071
2 0.194527
3 0.336103
4 0.259602
5 0.123877
6 0.115094
7 0.361345



# Sketch: 11
0 1.02879
1 0.77165
2 1.3183
3 1.08301
4 0.698674
5 0.264987
6 0.30418
7 0.407963



# Sketch: 12
0 0.411851
1 0.381279
2 0.395852
3 0.482769
4 1.07067
5 1.9918
6 0.759801
7 2.16444



# Sketch: 13
0 0.439121
1 0.537104
2 0.297001
3 0.138894
4 0.51228
5 0.317332
6 0.209048
7 0.175052



# Sketch: 14
0 0.584856
1 0.482959
2 0.318748
3 0.301969
4 0.510876
5 0.484242
6 0.539314
7 0.419496



# Sketch: 15
0 0.301768
1 0.27222
2 0.269447
3 0.228789
4 0.274675
5 0.318139
6 0.397864
7 0.532159



# Sketch: 16
0 0.762049
1 0.736546
2 0.829047
3 0.622533
4 0.551009
5 0.319497
6 0.222389
7 0.40871



# Sketch: 17
0 2.37465
1 2.40851
2 2.96491
3 2.84742
4 2.44407
5 2.7478
6 1.81904
7 1.09892



# Sketch: 18
0 0.316121
1 0.265769
2 0.249584
3 0.311007
4 0.533502
5 0.558933
6 0.442243
7 0.638456



# Sketch: 19
0 0.681482
1 0.626475
2 0.519437
3 0.771591
4 0.59879
5 0.574707
6 0.536029
7 0.380769



# Sketch: 20
0 0.463899
1 0.524579
2 0.804306
3 0.84794
4 0.736474
5 1.00816
6 0.903538
7 1.48636



# Sketch: 21
0 0.388409
1 0.347491
2 0.522469
3 0.783757
4 0.709529
5 0.587262
6 1.75666
7 1.37747



# Sketch: 22
0 0.403354
1 0.474057
2 0.729795
3 0.80329
4 1.3325
5 1.82177
6 0.430586
7 0.506704



# Sketch: 23
0 1.03958
1 1.23756
2 0.778846
3 0.52523
4 0.27392
5 0.27418
6 0.125319
7 0.254319



# Sketch: 24
0 0.199091
1 0.227905
2 0.205049
3 0.224513
4 0.297532
5 0.125372
6 0.0451859
7 0.301391



# Sketch: 25
0 0.423572
1 0.632225
2 0.845569
3 0.887023
4 1.25566
5 1.0795
6 0.927606
7 0.744878



# Sketch: 26
0 0.640999
1 0.613349
2 0.653955
3 0.656194
4 0.563018
5 0.572357
6 0.583783
7 0.399635



# Sketch: 27
0 0.755818
1 0.8415
2 0.771688
3 0.72164
4 0.720104
5 0.578143
6 0.524999
7 0.441644



# Sketch: 28
0 0.373205
1 0.358365
2 0.463115
3 0.551513
4 0.376755
5 0.308081
6 0.284404
7 0.43153



# Sketch: 29
0 0.564705
1 0.527586
2 0.685212
3 0.695389
4 0.751135
5 0.645922
6 0.550022
7 1.17366



# Sketch: 30
0 0.799057
1 0.648
2 0.276238
3 0.314986
4 0.134637
5 0.0879943
6 0.288417
7 0.225876



# Sketch: 31
0 0.482203
1 0.439911
2 0.593237
3 0.365057
4 0.443232
5 0.219701
6 0.196257
7 0.961539

