

# Sketch: 0
1704621114 2
1704621122 6
1704621130 8
1704621138 4
1704621146 3
1704621154 1
1704621162 1
1704621170 14
1704621178 3
1704621186 3
1704621194 9
1704621202 2
1704621210 2
1704621218 2
1704621226 9
1704621234 2
1704621242 2
1704621250 4
1704621258 4
1704621266 4
1704621274 2
1704621282 2
1704621290 8
1704621298 4
1704621306 3
1704621314 2
1704621322 5
1704621330 5
1704621338 7
1704621346 8
1704621354 4
1704621362 9
1704621370 6
1704621378 3
1704621386 1
1704621394 6
1704621402 4
1704621410 1
1704621418 6
1704621426 5
1704621434 5
1704621442 2
1704621450 1
1704621458 13
1704621466 8
1704621474 11
1704621482 2
1704621490 2
1704621498 5
1704621506 7
1704621514 0
1704621522 4
1704621530 1
1704621538 3
1704621546 2
1704621554 3
1704621562 2
1704621570 3
1704621578 0
1704621586 0
1704621594 4
1704621602 6
1704621610 7
1704621618 1
1704621626 2
1704621634 13
1704621642 2
1704621650 2
1704621658 1
1704621666 2
1704621674 1
1704621682 2
1704621690 12
1704621698 5
1704621706 2



# Sketch: 1
1704621114 8
1704621122 7
1704621130 2
1704621138 3
1704621146 0
1704621154 2
1704621162 5
1704621170 28
1704621178 5
1704621186 4
1704621194 12
1704621202 5
1704621210 1
1704621218 10
1704621226 6
1704621234 4
1704621242 2
1704621250 9
1704621258 7
1704621266 1
1704621274 3
1704621282 5
1704621290 3
1704621298 2
1704621306 1
1704621314 5
1704621322 1
1704621330 5
1704621338 11
1704621346 5
1704621354 1
1704621362 0
1704621370 6
1704621378 1
1704621386 3
1704621394 4
1704621402 5
1704621410 1
1704621418 6
1704621426 1
1704621434 8
1704621442 3
1704621450 3
1704621458 6
1704621466 4
1704621474 1
1704621482 3
1704621490 4
1704621498 5
1704621506 0
1704621514 2
1704621522 2
1704621530 6
1704621538 1
1704621546 9
1704621554 0
1704621562 2
1704621570 3
1704621578 3
1704621586 4
1704621594 1
1704621602 9
1704621610 2
1704621618 0
1704621626 3
1704621634 6
1704621642 17
1704621650 5
1704621658 4
1704621666 5
1704621674 3
1704621682 3
1704621690 1
1704621698 0
1704621706 0



# Sketch: 2
1704621114 4
1704621122 7
1704621130 2
1704621138 2
1704621146 1
1704621154 1
1704621162 7
1704621170 5
1704621178 6
1704621186 4
1704621194 11
1704621202 1
1704621210 1
1704621218 1
1704621226 6
1704621234 2
1704621242 4
1704621250 3
1704621258 3
1704621266 2
1704621274 4
1704621282 6
1704621290 4
1704621298 5
1704621306 9
1704621314 6
1704621322 4
1704621330 4
1704621338 1
1704621346 7
1704621354 4
1704621362 6
1704621370 0
1704621378 5
1704621386 6
1704621394 5
1704621402 5
1704621410 2
1704621418 0
1704621426 1
1704621434 11
1704621442 5
1704621450 5
1704621458 8
1704621466 2
1704621474 5
1704621482 4
1704621490 8
1704621498 3
1704621506 5
1704621514 17
1704621522 6
1704621530 5
1704621538 2
1704621546 1
1704621554 4
1704621562 4
1704621570 9
1704621578 5
1704621586 2
1704621594 2
1704621602 13
1704621610 4
1704621618 16
1704621626 1
1704621634 8
1704621642 13
1704621650 7
1704621658 4
1704621666 3
1704621674 5
1704621682 7
1704621690 5
1704621698 9
1704621706 4



# Sketch: 3
1704621114 0
1704621122 4
1704621130 3
1704621138 7
1704621146 1
1704621154 17
1704621162 2
1704621170 1
1704621178 1
1704621186 1
1704621194 6
1704621202 4
1704621210 2
1704621218 2
1704621226 4
1704621234 1
1704621242 2
1704621250 6
1704621258 5
1704621266 6
1704621274 12
1704621282 3
1704621290 3
1704621298 5
1704621306 2
1704621314 2
1704621322 6
1704621330 2
1704621338 1
1704621346 5
1704621354 3
1704621362 1
1704621370 6
1704621378 1
1704621386 3
1704621394 6
1704621402 4
1704621410 0
1704621418 18
1704621426 1
1704621434 7
1704621442 8
1704621450 6
1704621458 7
1704621466 5
1704621474 9
1704621482 4
1704621490 5
1704621498 0
1704621506 2
1704621514 8
1704621522 2
1704621530 2
1704621538 5
1704621546 0
1704621554 11
1704621562 12
1704621570 2
1704621578 3
1704621586 4
1704621594 5
1704621602 3
1704621610 5
1704621618 7
1704621626 5
1704621634 4
1704621642 7
1704621650 1
1704621658 3
1704621666 7
1704621674 2
1704621682 25
1704621690 6
1704621698 3
1704621706 6



# Sketch: 4
1704621114 1
1704621122 1
1704621130 2
1704621138 3
1704621146 0
1704621154 7
1704621162 8
1704621170 6
1704621178 5
1704621186 7
1704621194 12
1704621202 12
1704621210 3
1704621218 1
1704621226 8
1704621234 2
1704621242 11
1704621250 3
1704621258 13
1704621266 6
1704621274 2
1704621282 6
1704621290 6
1704621298 9
1704621306 4
1704621314 1
1704621322 6
1704621330 3
1704621338 19
1704621346 5
1704621354 14
1704621362 1
1704621370 6
1704621378 10
1704621386 8
1704621394 3
1704621402 6
1704621410 4
1704621418 7
1704621426 6
1704621434 1
1704621442 12
1704621450 5
1704621458 8
1704621466 3
1704621474 11
1704621482 6
1704621490 4
1704621498 4
1704621506 1
1704621514 5
1704621522 3
1704621530 3
1704621538 4
1704621546 5
1704621554 0
1704621562 1
1704621570 6
1704621578 0
1704621586 3
1704621594 4
1704621602 4
1704621610 8
1704621618 2
1704621626 4
1704621634 13
1704621642 4
1704621650 6
1704621658 22
1704621666 4
1704621674 3
1704621682 10
1704621690 5
1704621698 2
1704621706 5



# Sketch: 5
1704621114 6
1704621122 3
1704621130 6
1704621138 9
1704621146 4
1704621154 1
1704621162 6
1704621170 10
1704621178 5
1704621186 3
1704621194 5
1704621202 0
1704621210 3
1704621218 2
1704621226 2
1704621234 0
1704621242 5
1704621250 9
1704621258 6
1704621266 5
1704621274 6
1704621282 2
1704621290 5
1704621298 2
1704621306 4
1704621314 6
1704621322 4
1704621330 7
1704621338 5
1704621346 5
1704621354 8
1704621362 6
1704621370 4
1704621378 9
1704621386 11
1704621394 2
1704621402 5
1704621410 3
1704621418 7
1704621426 1
1704621434 20
1704621442 12
1704621450 3
1704621458 0
1704621466 3
1704621474 1
1704621482 3
1704621490 4
1704621498 5
1704621506 5
1704621514 13
1704621522 3
1704621530 13
1704621538 2
1704621546 2
1704621554 1
1704621562 10
1704621570 0
1704621578 10
1704621586 5
1704621594 2
1704621602 4
1704621610 1
1704621618 1
1704621626 9
1704621634 15
1704621642 3
1704621650 0
1704621658 3
1704621666 1
1704621674 1
1704621682 7
1704621690 7
1704621698 5
1704621706 7



# Sketch: 6
1704621114 3
1704621122 1
1704621130 1
1704621138 1
1704621146 2
1704621154 2
1704621162 5
1704621170 3
1704621178 5
1704621186 4
1704621194 3
1704621202 2
1704621210 0
1704621218 1
1704621226 8
1704621234 5
1704621242 3
1704621250 6
1704621258 2
1704621266 7
1704621274 2
1704621282 6
1704621290 11
1704621298 2
1704621306 5
1704621314 6
1704621322 1
1704621330 0
1704621338 0
1704621346 4
1704621354 3
1704621362 3
1704621370 7
1704621378 1
1704621386 6
1704621394 3
1704621402 5
1704621410 2
1704621418 1
1704621426 1
1704621434 8
1704621442 8
1704621450 2
1704621458 1
1704621466 3
1704621474 6
1704621482 8
1704621490 4
1704621498 5
1704621506 2
1704621514 5
1704621522 7
1704621530 3
1704621538 1
1704621546 2
1704621554 2
1704621562 1
1704621570 3
1704621578 5
1704621586 3
1704621594 7
1704621602 2
1704621610 0
1704621618 2
1704621626 3
1704621634 4
1704621642 1
1704621650 4
1704621658 3
1704621666 5
1704621674 3
1704621682 5
1704621690 1
1704621698 6
1704621706 4



# Sketch: 7
1704621114 7
1704621122 17
1704621130 13
1704621138 6
1704621146 1
1704621154 3
1704621162 3
1704621170 6
1704621178 1
1704621186 3
1704621194 6
1704621202 6
1704621210 2
1704621218 5
1704621226 1
1704621234 1
1704621242 3
1704621250 10
1704621258 3
1704621266 3
1704621274 2
1704621282 2
1704621290 5
1704621298 2
1704621306 5
1704621314 13
1704621322 2
1704621330 4
1704621338 3
1704621346 12
1704621354 4
1704621362 3
1704621370 4
1704621378 9
1704621386 2
1704621394 4
1704621402 2
1704621410 6
1704621418 6
1704621426 7
1704621434 11
1704621442 4
1704621450 3
1704621458 8
1704621466 1
1704621474 3
1704621482 8
1704621490 16
1704621498 4
1704621506 8
1704621514 5
1704621522 5
1704621530 3
1704621538 10
1704621546 7
1704621554 7
1704621562 4
1704621570 6
1704621578 6
1704621586 4
1704621594 10
1704621602 9
1704621610 5
1704621618 5
1704621626 11
1704621634 9
1704621642 7
1704621650 2
1704621658 4
1704621666 5
1704621674 10
1704621682 3
1704621690 9
1704621698 7
1704621706 1



# Sketch: 8
1704621114 3
1704621122 5
1704621130 6
1704621138 6
1704621146 4
1704621154 1
1704621162 8
1704621170 3
1704621178 1
1704621186 0
1704621194 2
1704621202 3
1704621210 1
1704621218 7
1704621226 2
1704621234 5
1704621242 12
1704621250 2
1704621258 8
1704621266 7
1704621274 7
1704621282 1
1704621290 5
1704621298 5
1704621306 1
1704621314 2
1704621322 2
1704621330 10
1704621338 4
1704621346 4
1704621354 5
1704621362 5
1704621370 5
1704621378 0
1704621386 9
1704621394 1
1704621402 2
1704621410 8
1704621418 8
1704621426 13
1704621434 2
1704621442 5
1704621450 7
1704621458 1
1704621466 5
1704621474 2
1704621482 2
1704621490 2
1704621498 5
1704621506 4
1704621514 4
1704621522 9
1704621530 1
1704621538 3
1704621546 2
1704621554 1
1704621562 2
1704621570 7
1704621578 2
1704621586 2
1704621594 4
1704621602 7
1704621610 1
1704621618 6
1704621626 5
1704621634 4
1704621642 2
1704621650 4
1704621658 5
1704621666 1
1704621674 0
1704621682 4
1704621690 2
1704621698 2
1704621706 7



# Sketch: 9
1704621114 9
1704621122 7
1704621130 5
1704621138 5
1704621146 6
1704621154 5
1704621162 9
1704621170 16
1704621178 4
1704621186 7
1704621194 8
1704621202 2
1704621210 2
1704621218 1
1704621226 6
1704621234 8
1704621242 1
1704621250 9
1704621258 1
1704621266 3
1704621274 3
1704621282 3
1704621290 6
1704621298 11
1704621306 6
1704621314 5
1704621322 2
1704621330 4
1704621338 5
1704621346 6
1704621354 4
1704621362 4
1704621370 11
1704621378 5
1704621386 6
1704621394 2
1704621402 6
1704621410 1
1704621418 1
1704621426 1
1704621434 11
1704621442 2
1704621450 5
1704621458 5
1704621466 12
1704621474 16
1704621482 3
1704621490 6
1704621498 4
1704621506 4
1704621514 3
1704621522 14
1704621530 6
1704621538 2
1704621546 2
1704621554 1
1704621562 1
1704621570 3
1704621578 4
1704621586 4
1704621594 10
1704621602 9
1704621610 11
1704621618 9
1704621626 6
1704621634 3
1704621642 16
1704621650 8
1704621658 2
1704621666 6
1704621674 5
1704621682 1
1704621690 2
1704621698 9
1704621706 4



# Sketch: 10
1704621114 4
1704621122 2
1704621130 0
1704621138 3
1704621146 5
1704621154 1
1704621162 6
1704621170 2
1704621178 0
1704621186 11
1704621194 2
1704621202 1
1704621210 7
1704621218 9
1704621226 0
1704621234 4
1704621242 12
1704621250 1
1704621258 0
1704621266 4
1704621274 4
1704621282 1
1704621290 9
1704621298 6
1704621306 15
1704621314 5
1704621322 1
1704621330 9
1704621338 9
1704621346 2
1704621354 1
1704621362 2
1704621370 6
1704621378 2
1704621386 4
1704621394 19
1704621402 0
1704621410 3
1704621418 2
1704621426 12
1704621434 7
1704621442 1
1704621450 10
1704621458 3
1704621466 2
1704621474 6
1704621482 16
1704621490 4
1704621498 2
1704621506 5
1704621514 4
1704621522 9
1704621530 7
1704621538 9
1704621546 12
1704621554 6
1704621562 5
1704621570 9
1704621578 2
1704621586 2
1704621594 5
1704621602 6
1704621610 2
1704621618 5
1704621626 10
1704621634 3
1704621642 9
1704621650 2
1704621658 25
1704621666 10
1704621674 6
1704621682 3
1704621690 6
1704621698 6
1704621706 5



# Sketch: 11
1704621114 3
1704621122 12
1704621130 12
1704621138 13
1704621146 2
1704621154 0
1704621162 8
1704621170 7
1704621178 9
1704621186 3
1704621194 3
1704621202 2
1704621210 4
1704621218 4
1704621226 3
1704621234 4
1704621242 3
1704621250 3
1704621258 1
1704621266 11
1704621274 7
1704621282 0
1704621290 4
1704621298 6
1704621306 3
1704621314 6
1704621322 9
1704621330 1
1704621338 2
1704621346 10
1704621354 5
1704621362 6
1704621370 4
1704621378 7
1704621386 8
1704621394 8
1704621402 6
1704621410 5
1704621418 9
1704621426 3
1704621434 9
1704621442 4
1704621450 6
1704621458 1
1704621466 3
1704621474 3
1704621482 5
1704621490 7
1704621498 3
1704621506 5
1704621514 3
1704621522 7
1704621530 3
1704621538 0
1704621546 1
1704621554 2
1704621562 3
1704621570 2
1704621578 2
1704621586 4
1704621594 9
1704621602 9
1704621610 7
1704621618 1
1704621626 4
1704621634 8
1704621642 3
1704621650 5
1704621658 4
1704621666 4
1704621674 5
1704621682 5
1704621690 8
1704621698 5
1704621706 5



# Sketch: 12
1704621114 7
1704621122 4
1704621130 2
1704621138 3
1704621146 2
1704621154 3
1704621162 7
1704621170 1
1704621178 0
1704621186 4
1704621194 0
1704621202 9
1704621210 5
1704621218 3
1704621226 5
1704621234 2
1704621242 0
1704621250 3
1704621258 6
1704621266 3
1704621274 4
1704621282 9
1704621290 1
1704621298 8
1704621306 2
1704621314 8
1704621322 3
1704621330 6
1704621338 6
1704621346 1
1704621354 3
1704621362 3
1704621370 1
1704621378 4
1704621386 4
1704621394 7
1704621402 5
1704621410 2
1704621418 5
1704621426 2
1704621434 3
1704621442 5
1704621450 7
1704621458 4
1704621466 1
1704621474 3
1704621482 3
1704621490 1
1704621498 2
1704621506 3
1704621514 7
1704621522 7
1704621530 4
1704621538 1
1704621546 6
1704621554 2
1704621562 8
1704621570 2
1704621578 4
1704621586 3
1704621594 6
1704621602 9
1704621610 3
1704621618 2
1704621626 12
1704621634 5
1704621642 2
1704621650 2
1704621658 0
1704621666 13
1704621674 3
1704621682 6
1704621690 3
1704621698 6
1704621706 3



# Sketch: 13
1704621114 3
1704621122 4
1704621130 8
1704621138 2
1704621146 2
1704621154 7
1704621162 1
1704621170 32
1704621178 4
1704621186 12
1704621194 7
1704621202 6
1704621210 9
1704621218 5
1704621226 13
1704621234 3
1704621242 11
1704621250 2
1704621258 0
1704621266 5
1704621274 0
1704621282 1
1704621290 9
1704621298 2
1704621306 17
1704621314 4
1704621322 2
1704621330 7
1704621338 3
1704621346 2
1704621354 8
1704621362 4
1704621370 4
1704621378 4
1704621386 5
1704621394 4
1704621402 7
1704621410 4
1704621418 5
1704621426 14
1704621434 12
1704621442 5
1704621450 10
1704621458 5
1704621466 1
1704621474 5
1704621482 2
1704621490 8
1704621498 5
1704621506 3
1704621514 3
1704621522 5
1704621530 8
1704621538 4
1704621546 8
1704621554 10
1704621562 8
1704621570 9
1704621578 3
1704621586 4
1704621594 6
1704621602 12
1704621610 6
1704621618 1
1704621626 2
1704621634 11
1704621642 0
1704621650 15
1704621658 5
1704621666 10
1704621674 6
1704621682 9
1704621690 4
1704621698 4
1704621706 4



# Sketch: 14
1704621114 1
1704621122 8
1704621130 3
1704621138 0
1704621146 5
1704621154 0
1704621162 9
1704621170 10
1704621178 4
1704621186 5
1704621194 10
1704621202 4
1704621210 4
1704621218 1
1704621226 3
1704621234 0
1704621242 3
1704621250 3
1704621258 0
1704621266 2
1704621274 5
1704621282 4
1704621290 1
1704621298 4
1704621306 2
1704621314 4
1704621322 6
1704621330 2
1704621338 2
1704621346 0
1704621354 10
1704621362 2
1704621370 3
1704621378 5
1704621386 3
1704621394 0
1704621402 2
1704621410 6
1704621418 3
1704621426 2
1704621434 6
1704621442 4
1704621450 8
1704621458 13
1704621466 5
1704621474 6
1704621482 3
1704621490 6
1704621498 5
1704621506 2
1704621514 4
1704621522 9
1704621530 8
1704621538 2
1704621546 2
1704621554 2
1704621562 4
1704621570 2
1704621578 3
1704621586 2
1704621594 7
1704621602 9
1704621610 1
1704621618 5
1704621626 4
1704621634 8
1704621642 1
1704621650 1
1704621658 3
1704621666 2
1704621674 4
1704621682 2
1704621690 1
1704621698 7
1704621706 1



# Sketch: 15
1704621114 4
1704621122 8
1704621130 5
1704621138 3
1704621146 3
1704621154 3
1704621162 17
1704621170 6
1704621178 3
1704621186 5
1704621194 0
1704621202 2
1704621210 0
1704621218 0
1704621226 3
1704621234 2
1704621242 3
1704621250 9
1704621258 4
1704621266 3
1704621274 2
1704621282 7
1704621290 1
1704621298 4
1704621306 5
1704621314 4
1704621322 9
1704621330 2
1704621338 1
1704621346 11
1704621354 3
1704621362 4
1704621370 5
1704621378 6
1704621386 7
1704621394 3
1704621402 3
1704621410 2
1704621418 1
1704621426 4
1704621434 3
1704621442 4
1704621450 6
1704621458 7
1704621466 4
1704621474 5
1704621482 2
1704621490 6
1704621498 13
1704621506 4
1704621514 7
1704621522 0
1704621530 2
1704621538 4
1704621546 1
1704621554 2
1704621562 3
1704621570 0
1704621578 12
1704621586 6
1704621594 6
1704621602 9
1704621610 8
1704621618 2
1704621626 10
1704621634 4
1704621642 3
1704621650 2
1704621658 3
1704621666 1
1704621674 9
1704621682 2
1704621690 4
1704621698 1
1704621706 5



# Sketch: 16
1704621114 6
1704621122 3
1704621130 3
1704621138 2
1704621146 3
1704621154 7
1704621162 11
1704621170 9
1704621178 15
1704621186 8
1704621194 1
1704621202 2
1704621210 3
1704621218 3
1704621226 10
1704621234 4
1704621242 4
1704621250 5
1704621258 1
1704621266 6
1704621274 4
1704621282 2
1704621290 5
1704621298 35
1704621306 3
1704621314 4
1704621322 2
1704621330 0
1704621338 2
1704621346 3
1704621354 2
1704621362 7
1704621370 4
1704621378 2
1704621386 10
1704621394 1
1704621402 3
1704621410 3
1704621418 5
1704621426 5
1704621434 3
1704621442 3
1704621450 5
1704621458 2
1704621466 1
1704621474 2
1704621482 6
1704621490 6
1704621498 3
1704621506 3
1704621514 12
1704621522 4
1704621530 4
1704621538 5
1704621546 3
1704621554 1
1704621562 5
1704621570 5
1704621578 6
1704621586 5
1704621594 7
1704621602 3
1704621610 5
1704621618 5
1704621626 5
1704621634 12
1704621642 1
1704621650 2
1704621658 9
1704621666 3
1704621674 6
1704621682 0
1704621690 3
1704621698 6
1704621706 7



# Sketch: 17
1704621114 1
1704621122 3
1704621130 1
1704621138 3
1704621146 4
1704621154 1
1704621162 6
1704621170 3
1704621178 2
1704621186 69
1704621194 1
1704621202 3
1704621210 0
1704621218 4
1704621226 5
1704621234 1
1704621242 1
1704621250 1
1704621258 2
1704621266 7
1704621274 7
1704621282 5
1704621290 6
1704621298 0
1704621306 5
1704621314 5
1704621322 2
1704621330 10
1704621338 2
1704621346 1
1704621354 10
1704621362 1
1704621370 4
1704621378 3
1704621386 1
1704621394 1
1704621402 2
1704621410 4
1704621418 11
1704621426 3
1704621434 3
1704621442 3
1704621450 8
1704621458 3
1704621466 1
1704621474 2
1704621482 4
1704621490 0
1704621498 1
1704621506 7
1704621514 2
1704621522 0
1704621530 0
1704621538 5
1704621546 4
1704621554 2
1704621562 3
1704621570 1
1704621578 2
1704621586 2
1704621594 2
1704621602 3
1704621610 7
1704621618 3
1704621626 3
1704621634 9
1704621642 6
1704621650 8
1704621658 1
1704621666 19
1704621674 8
1704621682 9
1704621690 8
1704621698 6
1704621706 5



# Sketch: 18
1704621114 4
1704621122 5
1704621130 6
1704621138 3
1704621146 2
1704621154 2
1704621162 3
1704621170 6
1704621178 10
1704621186 2
1704621194 6
1704621202 2
1704621210 0
1704621218 1
1704621226 5
1704621234 3
1704621242 4
1704621250 1
1704621258 2
1704621266 1
1704621274 2
1704621282 1
1704621290 6
1704621298 2
1704621306 7
1704621314 3
1704621322 7
1704621330 3
1704621338 4
1704621346 4
1704621354 3
1704621362 4
1704621370 11
1704621378 3
1704621386 5
1704621394 5
1704621402 0
1704621410 4
1704621418 13
1704621426 8
1704621434 11
1704621442 9
1704621450 10
1704621458 8
1704621466 6
1704621474 4
1704621482 2
1704621490 3
1704621498 0
1704621506 4
1704621514 3
1704621522 1
1704621530 1
1704621538 3
1704621546 2
1704621554 5
1704621562 4
1704621570 3
1704621578 3
1704621586 3
1704621594 18
1704621602 3
1704621610 6
1704621618 5
1704621626 3
1704621634 7
1704621642 2
1704621650 1
1704621658 9
1704621666 13
1704621674 3
1704621682 0
1704621690 4
1704621698 2
1704621706 2



# Sketch: 19
1704621114 2
1704621122 2
1704621130 2
1704621138 1
1704621146 11
1704621154 3
1704621162 5
1704621170 7
1704621178 3
1704621186 4
1704621194 13
1704621202 2
1704621210 22
1704621218 5
1704621226 1
1704621234 5
1704621242 4
1704621250 2
1704621258 2
1704621266 5
1704621274 10
1704621282 4
1704621290 3
1704621298 7
1704621306 3
1704621314 1
1704621322 0
1704621330 3
1704621338 1
1704621346 2
1704621354 15
1704621362 0
1704621370 7
1704621378 4
1704621386 3
1704621394 4
1704621402 0
1704621410 3
1704621418 2
1704621426 5
1704621434 2
1704621442 6
1704621450 2
1704621458 2
1704621466 3
1704621474 2
1704621482 0
1704621490 2
1704621498 4
1704621506 5
1704621514 5
1704621522 2
1704621530 10
1704621538 2
1704621546 2
1704621554 1
1704621562 3
1704621570 4
1704621578 1
1704621586 2
1704621594 0
1704621602 10
1704621610 6
1704621618 1
1704621626 3
1704621634 10
1704621642 4
1704621650 4
1704621658 3
1704621666 1
1704621674 4
1704621682 4
1704621690 7
1704621698 2
1704621706 1



# Sketch: 20
1704621114 10
1704621122 2
1704621130 3
1704621138 0
1704621146 3
1704621154 2
1704621162 3
1704621170 1
1704621178 2
1704621186 0
1704621194 2
1704621202 1
1704621210 0
1704621218 5
1704621226 2
1704621234 1
1704621242 10
1704621250 14
1704621258 4
1704621266 14
1704621274 14
1704621282 5
1704621290 1
1704621298 0
1704621306 5
1704621314 2
1704621322 3
1704621330 3
1704621338 1
1704621346 5
1704621354 24
1704621362 1
1704621370 5
1704621378 5
1704621386 7
1704621394 2
1704621402 8
1704621410 3
1704621418 3
1704621426 4
1704621434 3
1704621442 3
1704621450 6
1704621458 3
1704621466 2
1704621474 6
1704621482 1
1704621490 1
1704621498 7
1704621506 10
1704621514 2
1704621522 2
1704621530 2
1704621538 1
1704621546 1
1704621554 4
1704621562 1
1704621570 3
1704621578 2
1704621586 3
1704621594 0
1704621602 5
1704621610 5
1704621618 5
1704621626 5
1704621634 20
1704621642 9
1704621650 9
1704621658 0
1704621666 5
1704621674 3
1704621682 4
1704621690 2
1704621698 3
1704621706 1



# Sketch: 21
1704621114 2
1704621122 0
1704621130 4
1704621138 2
1704621146 9
1704621154 2
1704621162 4
1704621170 1
1704621178 3
1704621186 6
1704621194 12
1704621202 5
1704621210 0
1704621218 2
1704621226 8
1704621234 2
1704621242 5
1704621250 3
1704621258 2
1704621266 1
1704621274 5
1704621282 3
1704621290 4
1704621298 3
1704621306 5
1704621314 2
1704621322 2
1704621330 5
1704621338 6
1704621346 4
1704621354 5
1704621362 8
1704621370 4
1704621378 8
1704621386 8
1704621394 1
1704621402 1
1704621410 10
1704621418 8
1704621426 2
1704621434 4
1704621442 1
1704621450 7
1704621458 2
1704621466 2
1704621474 5
1704621482 3
1704621490 4
1704621498 3
1704621506 2
1704621514 4
1704621522 5
1704621530 8
1704621538 7
1704621546 1
1704621554 4
1704621562 1
1704621570 3
1704621578 0
1704621586 3
1704621594 6
1704621602 7
1704621610 2
1704621618 7
1704621626 3
1704621634 5
1704621642 3
1704621650 4
1704621658 1
1704621666 4
1704621674 5
1704621682 5
1704621690 6
1704621698 10
1704621706 4



# Sketch: 22
1704621114 3
1704621122 3
1704621130 3
1704621138 5
1704621146 3
1704621154 5
1704621162 4
1704621170 3
1704621178 1
1704621186 4
1704621194 10
1704621202 9
1704621210 5
1704621218 0
1704621226 1
1704621234 5
1704621242 3
1704621250 2
1704621258 3
1704621266 6
1704621274 2
1704621282 5
1704621290 3
1704621298 8
1704621306 4
1704621314 6
1704621322 0
1704621330 9
1704621338 0
1704621346 2
1704621354 7
1704621362 12
1704621370 5
1704621378 7
1704621386 2
1704621394 5
1704621402 8
1704621410 3
1704621418 12
1704621426 1
1704621434 5
1704621442 1
1704621450 3
1704621458 2
1704621466 2
1704621474 10
1704621482 4
1704621490 4
1704621498 6
1704621506 6
1704621514 7
1704621522 4
1704621530 2
1704621538 7
1704621546 5
1704621554 4
1704621562 5
1704621570 7
1704621578 9
1704621586 3
1704621594 2
1704621602 12
1704621610 2
1704621618 3
1704621626 6
1704621634 7
1704621642 6
1704621650 4
1704621658 0
1704621666 9
1704621674 3
1704621682 6
1704621690 6
1704621698 0
1704621706 4



# Sketch: 23
1704621114 6
1704621122 8
1704621130 5
1704621138 9
1704621146 5
1704621154 3
1704621162 3
1704621170 6
1704621178 1
1704621186 5
1704621194 3
1704621202 4
1704621210 4
1704621218 5
1704621226 6
1704621234 3
1704621242 8
1704621250 10
1704621258 9
1704621266 5
1704621274 13
1704621282 2
1704621290 6
1704621298 3
1704621306 2
1704621314 3
1704621322 3
1704621330 7
1704621338 2
1704621346 8
1704621354 4
1704621362 4
1704621370 15
1704621378 4
1704621386 5
1704621394 5
1704621402 5
1704621410 5
1704621418 1
1704621426 6
1704621434 8
1704621442 5
1704621450 18
1704621458 13
1704621466 3
1704621474 5
1704621482 4
1704621490 4
1704621498 4
1704621506 4
1704621514 3
1704621522 2
1704621530 2
1704621538 3
1704621546 2
1704621554 5
1704621562 2
1704621570 1
1704621578 3
1704621586 5
1704621594 1
1704621602 10
1704621610 13
1704621618 6
1704621626 0
1704621634 13
1704621642 4
1704621650 8
1704621658 6
1704621666 2
1704621674 3
1704621682 1
1704621690 4
1704621698 9
1704621706 5



# Sketch: 24
1704621114 2
1704621122 4
1704621130 4
1704621138 5
1704621146 13
1704621154 4
1704621162 2
1704621170 6
1704621178 5
1704621186 2
1704621194 4
1704621202 1
1704621210 8
1704621218 4
1704621226 3
1704621234 4
1704621242 2
1704621250 18
1704621258 8
1704621266 4
1704621274 4
1704621282 4
1704621290 14
1704621298 15
1704621306 3
1704621314 12
1704621322 5
1704621330 3
1704621338 0
1704621346 6
1704621354 5
1704621362 1
1704621370 12
1704621378 3
1704621386 1
1704621394 9
1704621402 2
1704621410 8
1704621418 1
1704621426 2
1704621434 1
1704621442 3
1704621450 4
1704621458 2
1704621466 14
1704621474 5
1704621482 12
1704621490 3
1704621498 14
1704621506 4
1704621514 7
1704621522 6
1704621530 8
1704621538 5
1704621546 5
1704621554 3
1704621562 5
1704621570 2
1704621578 6
1704621586 11
1704621594 3
1704621602 5
1704621610 6
1704621618 12
1704621626 3
1704621634 10
1704621642 5
1704621650 3
1704621658 2
1704621666 2
1704621674 4
1704621682 8
1704621690 4
1704621698 3
1704621706 9



# Sketch: 25
1704621114 2
1704621122 4
1704621130 2
1704621138 0
1704621146 12
1704621154 1
1704621162 8
1704621170 11
1704621178 5
1704621186 6
1704621194 4
1704621202 2
1704621210 2
1704621218 1
1704621226 2
1704621234 3
1704621242 5
1704621250 1
1704621258 3
1704621266 5
1704621274 7
1704621282 2
1704621290 2
1704621298 18
1704621306 6
1704621314 0
1704621322 2
1704621330 1
1704621338 1
1704621346 3
1704621354 1
1704621362 5
1704621370 3
1704621378 6
1704621386 6
1704621394 3
1704621402 3
1704621410 2
1704621418 4
1704621426 3
1704621434 5
1704621442 5
1704621450 6
1704621458 13
1704621466 5
1704621474 10
1704621482 1
1704621490 3
1704621498 1
1704621506 2
1704621514 19
1704621522 37
1704621530 13
1704621538 6
1704621546 4
1704621554 0
1704621562 3
1704621570 2
1704621578 1
1704621586 2
1704621594 4
1704621602 17
1704621610 2
1704621618 0
1704621626 3
1704621634 7
1704621642 3
1704621650 4
1704621658 10
1704621666 5
1704621674 2
1704621682 4
1704621690 6
1704621698 4
1704621706 4



# Sketch: 26
1704621114 7
1704621122 5
1704621130 7
1704621138 2
1704621146 0
1704621154 3
1704621162 2
1704621170 5
1704621178 1
1704621186 22
1704621194 0
1704621202 4
1704621210 5
1704621218 4
1704621226 6
1704621234 5
1704621242 1
1704621250 6
1704621258 3
1704621266 8
1704621274 6
1704621282 2
1704621290 3
1704621298 3
1704621306 4
1704621314 1
1704621322 2
1704621330 3
1704621338 4
1704621346 4
1704621354 1
1704621362 12
1704621370 0
1704621378 1
1704621386 3
1704621394 6
1704621402 5
1704621410 3
1704621418 4
1704621426 2
1704621434 2
1704621442 0
1704621450 5
1704621458 4
1704621466 7
1704621474 6
1704621482 7
1704621490 9
1704621498 1
1704621506 3
1704621514 3
1704621522 3
1704621530 7
1704621538 4
1704621546 0
1704621554 1
1704621562 3
1704621570 8
1704621578 0
1704621586 4
1704621594 2
1704621602 2
1704621610 0
1704621618 2
1704621626 4
1704621634 6
1704621642 3
1704621650 4
1704621658 1
1704621666 1
1704621674 5
1704621682 2
1704621690 2
1704621698 5
1704621706 2



# Sketch: 27
1704621114 5
1704621122 3
1704621130 4
1704621138 3
1704621146 1
1704621154 5
1704621162 4
1704621170 11
1704621178 3
1704621186 3
1704621194 1
1704621202 4
1704621210 1
1704621218 4
1704621226 5
1704621234 4
1704621242 3
1704621250 0
1704621258 9
1704621266 3
1704621274 1
1704621282 2
1704621290 4
1704621298 4
1704621306 10
1704621314 11
1704621322 6
1704621330 2
1704621338 5
1704621346 1
1704621354 4
1704621362 1
1704621370 1
1704621378 2
1704621386 1
1704621394 4
1704621402 3
1704621410 4
1704621418 5
1704621426 0
1704621434 2
1704621442 3
1704621450 8
1704621458 12
1704621466 23
1704621474 4
1704621482 2
1704621490 2
1704621498 5
1704621506 14
1704621514 3
1704621522 2
1704621530 7
1704621538 5
1704621546 4
1704621554 1
1704621562 1
1704621570 3
1704621578 2
1704621586 6
1704621594 2
1704621602 5
1704621610 0
1704621618 3
1704621626 2
1704621634 6
1704621642 6
1704621650 3
1704621658 1
1704621666 3
1704621674 6
1704621682 2
1704621690 2
1704621698 0
1704621706 2



# Sketch: 28
1704621114 9
1704621122 5
1704621130 7
1704621138 6
1704621146 6
1704621154 3
1704621162 2
1704621170 1
1704621178 2
1704621186 7
1704621194 12
1704621202 5
1704621210 2
1704621218 4
1704621226 4
1704621234 8
1704621242 11
1704621250 4
1704621258 8
1704621266 0
1704621274 1
1704621282 4
1704621290 5
1704621298 2
1704621306 5
1704621314 3
1704621322 2
1704621330 9
1704621338 5
1704621346 9
1704621354 3
1704621362 3
1704621370 6
1704621378 4
1704621386 3
1704621394 2
1704621402 1
1704621410 1
1704621418 7
1704621426 2
1704621434 6
1704621442 0
1704621450 6
1704621458 4
1704621466 16
1704621474 6
1704621482 2
1704621490 3
1704621498 6
1704621506 11
1704621514 6
1704621522 8
1704621530 7
1704621538 0
1704621546 7
1704621554 4
1704621562 6
1704621570 6
1704621578 2
1704621586 6
1704621594 2
1704621602 3
1704621610 2
1704621618 1
1704621626 8
1704621634 5
1704621642 1
1704621650 3
1704621658 2
1704621666 7
1704621674 5
1704621682 2
1704621690 1
1704621698 5
1704621706 4



# Sketch: 29
1704621114 6
1704621122 5
1704621130 1
1704621138 4
1704621146 0
1704621154 1
1704621162 8
1704621170 16
1704621178 3
1704621186 3
1704621194 2
1704621202 4
1704621210 2
1704621218 0
1704621226 1
1704621234 2
1704621242 5
1704621250 2
1704621258 0
1704621266 3
1704621274 2
1704621282 0
1704621290 4
1704621298 1
1704621306 2
1704621314 4
1704621322 4
1704621330 6
1704621338 3
1704621346 2
1704621354 1
1704621362 5
1704621370 3
1704621378 11
1704621386 4
1704621394 4
1704621402 3
1704621410 7
1704621418 4
1704621426 1
1704621434 5
1704621442 19
1704621450 2
1704621458 3
1704621466 3
1704621474 7
1704621482 1
1704621490 6
1704621498 8
1704621506 8
1704621514 9
1704621522 3
1704621530 10
1704621538 9
1704621546 1
1704621554 5
1704621562 3
1704621570 0
1704621578 1
1704621586 1
1704621594 7
1704621602 6
1704621610 7
1704621618 1
1704621626 2
1704621634 1
1704621642 1
1704621650 4
1704621658 4
1704621666 1
1704621674 2
1704621682 3
1704621690 4
1704621698 1
1704621706 5



# Sketch: 30
1704621114 19
1704621122 10
1704621130 2
1704621138 5
1704621146 4
1704621154 2
1704621162 1
1704621170 4
1704621178 7
1704621186 16
1704621194 7
1704621202 3
1704621210 11
1704621218 6
1704621226 16
1704621234 2
1704621242 5
1704621250 16
1704621258 10
1704621266 4
1704621274 6
1704621282 0
1704621290 3
1704621298 9
1704621306 10
1704621314 7
1704621322 5
1704621330 9
1704621338 7
1704621346 2
1704621354 9
1704621362 1
1704621370 2
1704621378 5
1704621386 10
1704621394 1
1704621402 4
1704621410 3
1704621418 4
1704621426 6
1704621434 5
1704621442 3
1704621450 9
1704621458 5
1704621466 2
1704621474 5
1704621482 6
1704621490 7
1704621498 2
1704621506 3
1704621514 3
1704621522 2
1704621530 5
1704621538 8
1704621546 6
1704621554 12
1704621562 26
1704621570 8
1704621578 8
1704621586 2
1704621594 5
1704621602 9
1704621610 3
1704621618 3
1704621626 8
1704621634 13
1704621642 3
1704621650 3
1704621658 6
1704621666 9
1704621674 7
1704621682 10
1704621690 10
1704621698 6
1704621706 1



# Sketch: 31
1704621114 5
1704621122 7
1704621130 7
1704621138 6
1704621146 4
1704621154 9
1704621162 3
1704621170 5
1704621178 3
1704621186 3
1704621194 9
1704621202 2
1704621210 0
1704621218 5
1704621226 3
1704621234 12
1704621242 6
1704621250 3
1704621258 7
1704621266 5
1704621274 4
1704621282 0
1704621290 1
1704621298 6
1704621306 5
1704621314 3
1704621322 3
1704621330 4
1704621338 3
1704621346 12
1704621354 3
1704621362 9
1704621370 6
1704621378 0
1704621386 5
1704621394 11
1704621402 1
1704621410 4
1704621418 4
1704621426 5
1704621434 3
1704621442 1
1704621450 5
1704621458 4
1704621466 18
1704621474 2
1704621482 9
1704621490 8
1704621498 4
1704621506 6
1704621514 3
1704621522 2
1704621530 7
1704621538 3
1704621546 1
1704621554 7
1704621562 2
1704621570 1
1704621578 6
1704621586 0
1704621594 1
1704621602 6
1704621610 7
1704621618 6
1704621626 8
1704621634 14
1704621642 3
1704621650 3
1704621658 6
1704621666 14
1704621674 6
1704621682 3
1704621690 6
1704621698 3
1704621706 4

