

# Sketch: 0
1704621114 39
1704621178 32
1704621242 30
1704621306 43
1704621370 32
1704621434 44
1704621498 25
1704621562 23
1704621626 25
1704621690 19



# Sketch: 1
1704621114 55
1704621178 47
1704621242 32
1704621306 29
1704621370 27
1704621434 32
1704621498 25
1704621562 24
1704621626 46
1704621690 1



# Sketch: 2
1704621114 29
1704621178 32
1704621242 31
1704621306 41
1704621370 24
1704621434 48
1704621498 43
1704621562 55
1704621626 48
1704621690 18



# Sketch: 3
1704621114 35
1704621178 21
1704621242 42
1704621306 22
1704621370 39
1704621434 51
1704621498 30
1704621562 41
1704621626 54
1704621690 15



# Sketch: 4
1704621114 28
1704621178 50
1704621242 56
1704621306 53
1704621370 50
1704621434 50
1704621498 25
1704621562 28
1704621626 66
1704621690 12



# Sketch: 5
1704621114 45
1704621178 20
1704621242 40
1704621306 45
1704621370 42
1704621434 46
1704621498 44
1704621562 33
1704621626 39
1704621690 19



# Sketch: 6
1704621114 18
1704621178 28
1704621242 39
1704621306 22
1704621370 26
1704621434 40
1704621498 27
1704621562 23
1704621626 28
1704621690 11



# Sketch: 7
1704621114 56
1704621178 25
1704621242 30
1704621306 46
1704621370 40
1704621434 54
1704621498 49
1704621562 49
1704621626 51
1704621690 17



# Sketch: 8
1704621114 36
1704621178 21
1704621242 47
1704621306 33
1704621370 46
1704621434 26
1704621498 29
1704621562 31
1704621626 25
1704621690 11



# Sketch: 9
1704621114 62
1704621178 38
1704621242 37
1704621306 36
1704621370 33
1704621434 60
1704621498 36
1704621562 51
1704621626 47
1704621690 15



# Sketch: 10
1704621114 23
1704621178 34
1704621242 37
1704621306 44
1704621370 48
1704621434 49
1704621498 54
1704621562 36
1704621626 68
1704621690 17



# Sketch: 11
1704621114 57
1704621178 32
1704621242 35
1704621306 42
1704621370 50
1704621434 38
1704621498 24
1704621562 37
1704621626 38
1704621690 18



# Sketch: 12
1704621114 29
1704621178 28
1704621242 34
1704621306 32
1704621370 30
1704621434 27
1704621498 32
1704621562 37
1704621626 43
1704621690 12



# Sketch: 13
1704621114 59
1704621178 59
1704621242 30
1704621306 47
1704621370 47
1704621434 48
1704621498 46
1704621562 49
1704621626 58
1704621690 12



# Sketch: 14
1704621114 36
1704621178 31
1704621242 22
1704621306 28
1704621370 24
1704621434 51
1704621498 34
1704621562 33
1704621626 25
1704621690 9



# Sketch: 15
1704621114 49
1704621178 15
1704621242 33
1704621306 39
1704621370 31
1704621434 37
1704621498 33
1704621562 46
1704621626 34
1704621690 10



# Sketch: 16
1704621114 44
1704621178 46
1704621242 62
1704621306 23
1704621370 33
1704621434 28
1704621498 35
1704621562 41
1704621626 38
1704621690 16



# Sketch: 17
1704621114 22
1704621178 85
1704621242 29
1704621306 36
1704621370 29
1704621434 24
1704621498 21
1704621562 23
1704621626 63
1704621690 19



# Sketch: 18
1704621114 31
1704621178 29
1704621242 19
1704621306 35
1704621370 49
1704621434 53
1704621498 19
1704621562 45
1704621626 38
1704621690 8



# Sketch: 19
1704621114 33
1704621178 55
1704621242 37
1704621306 25
1704621370 28
1704621434 19
1704621498 31
1704621562 27
1704621626 33
1704621690 10



# Sketch: 20
1704621114 24
1704621178 13
1704621242 62
1704621306 44
1704621370 37
1704621434 25
1704621498 29
1704621562 24
1704621626 55
1704621690 6



# Sketch: 21
1704621114 24
1704621178 38
1704621242 26
1704621306 37
1704621370 42
1704621434 28
1704621498 34
1704621562 29
1704621626 30
1704621690 20



# Sketch: 22
1704621114 29
1704621178 35
1704621242 32
1704621306 40
1704621370 43
1704621434 31
1704621498 41
1704621562 43
1704621626 41
1704621690 10



# Sketch: 23
1704621114 45
1704621178 31
1704621242 56
1704621306 33
1704621370 46
1704621434 60
1704621498 25
1704621562 41
1704621626 37
1704621690 18



# Sketch: 24
1704621114 40
1704621178 31
1704621242 69
1704621306 35
1704621370 38
1704621434 44
1704621498 52
1704621562 50
1704621626 37
1704621690 16



# Sketch: 25
1704621114 40
1704621178 25
1704621242 43
1704621306 19
1704621370 30
1704621434 48
1704621498 82
1704621562 31
1704621626 38
1704621690 14



# Sketch: 26
1704621114 31
1704621178 47
1704621242 32
1704621306 31
1704621370 24
1704621434 40
1704621498 22
1704621562 21
1704621626 26
1704621690 9



# Sketch: 27
1704621114 36
1704621178 25
1704621242 26
1704621306 40
1704621370 20
1704621434 56
1704621498 41
1704621562 22
1704621626 29
1704621690 4



# Sketch: 28
1704621114 39
1704621178 44
1704621242 35
1704621306 39
1704621370 26
1704621434 43
1704621498 49
1704621562 28
1704621626 33
1704621690 10



# Sketch: 29
1704621114 41
1704621178 17
1704621242 17
1704621306 27
1704621370 37
1704621434 46
1704621498 53
1704621562 26
1704621626 18
1704621690 10



# Sketch: 30
1704621114 47
1704621178 68
1704621242 53
1704621306 50
1704621370 35
1704621434 42
1704621498 41
1704621562 64
1704621626 59
1704621690 17



# Sketch: 31
1704621114 46
1704621178 37
1704621242 32
1704621306 42
1704621370 36
1704621434 50
1704621498 33
1704621562 29
1704621626 57
1704621690 13

