

# Sketch: 0
1704621714 132
1704621842 123
1704621970 106
1704622098 86
1704622226 48



# Sketch: 1
1704621714 82
1704621842 53
1704621970 63
1704622098 84
1704622226 53



# Sketch: 2
1704621714 68
1704621842 73
1704621970 88
1704622098 46
1704622226 30



# Sketch: 3
1704621714 76
1704621842 48
1704621970 81
1704622098 49
1704622226 40



# Sketch: 4
1704621714 112
1704621842 116
1704621970 122
1704622098 93
1704622226 59



# Sketch: 5
1704621714 94
1704621842 97
1704621970 106
1704622098 76
1704622226 74



# Sketch: 6
1704621714 36
1704621842 66
1704621970 57
1704622098 49
1704622226 35



# Sketch: 7
1704621714 101
1704621842 52
1704621970 52
1704622098 79
1704622226 30



# Sketch: 8
1704621714 86
1704621842 43
1704621970 55
1704622098 42
1704622226 29



# Sketch: 9
1704621714 74
1704621842 56
1704621970 89
1704622098 69
1704622226 38



# Sketch: 10
1704621714 66
1704621842 63
1704621970 59
1704622098 63
1704622226 47



# Sketch: 11
1704621714 55
1704621842 93
1704621970 77
1704622098 82
1704622226 41



# Sketch: 12
1704621714 85
1704621842 66
1704621970 67
1704622098 63
1704622226 43



# Sketch: 13
1704621714 82
1704621842 81
1704621970 79
1704622098 50
1704622226 41



# Sketch: 14
1704621714 68
1704621842 57
1704621970 62
1704622098 80
1704622226 35



# Sketch: 15
1704621714 63
1704621842 54
1704621970 81
1704622098 52
1704622226 32



# Sketch: 16
1704621714 117
1704621842 70
1704621970 81
1704622098 40
1704622226 43



# Sketch: 17
1704621714 59
1704621842 55
1704621970 79
1704622098 49
1704622226 45



# Sketch: 18
1704621714 58
1704621842 67
1704621970 87
1704622098 83
1704622226 26



# Sketch: 19
1704621714 79
1704621842 95
1704621970 90
1704622098 71
1704622226 49



# Sketch: 20
1704621714 70
1704621842 56
1704621970 92
1704622098 65
1704622226 39



# Sketch: 21
1704621714 47
1704621842 43
1704621970 54
1704622098 43
1704622226 49



# Sketch: 22
1704621714 84
1704621842 98
1704621970 73
1704622098 60
1704622226 46



# Sketch: 23
1704621714 76
1704621842 68
1704621970 75
1704622098 55
1704622226 29



# Sketch: 24
1704621714 67
1704621842 93
1704621970 52
1704622098 58
1704622226 29



# Sketch: 25
1704621714 83
1704621842 60
1704621970 48
1704622098 59
1704622226 54



# Sketch: 26
1704621714 110
1704621842 87
1704621970 88
1704622098 70
1704622226 90



# Sketch: 27
1704621714 65
1704621842 63
1704621970 53
1704622098 62
1704622226 34



# Sketch: 28
1704621714 49
1704621842 62
1704621970 61
1704622098 66
1704622226 41



# Sketch: 29
1704621714 64
1704621842 52
1704621970 57
1704622098 77
1704622226 26



# Sketch: 30
1704621714 69
1704621842 72
1704621970 59
1704622098 69
1704622226 37



# Sketch: 31
1704621714 138
1704621842 102
1704621970 96
1704622098 96
1704622226 43

