

# Sketch: 0
0 0.281
1 0.254033
2 0.269463
3 0.355817
4 0.350276
5 0.441015
6 0.306917
7 0.572876



# Sketch: 1
0 3.51285
1 2.89394
2 2.21759
3 2.13867
4 2.45368
5 2.43684
6 1.30417
7 1.72859



# Sketch: 2
0 0.814491
1 0.77041
2 1.07925
3 1.57542
4 1.10661
5 1.8783
6 0.301713
7 0.498717



# Sketch: 3
0 0.82781
1 1.02344
2 1.6344
3 1.53893
4 1.4055
5 1.51603
6 0.86708
7 0.487546



# Sketch: 4
0 0.775216
1 0.469536
2 0.482848
3 0.0574242
4 0.032119
5 0.141976
6 0.287375
7 0.383617



# Sketch: 5
0 0.297827
1 0.288841
2 0.275883
3 0.397821
4 0.364881
5 1.38649
6 0.606561
7 0.679476



# Sketch: 6
0 0.898618
1 0.974243
2 0.812234
3 0.765161
4 0.739989
5 0.628887
6 0.600846
7 0.511108



# Sketch: 7
0 0.959787
1 0.898772
2 0.761131
3 0.653747
4 0.562526
5 0.502944
6 0.634799
7 0.591975



# Sketch: 8
0 0.385435
1 0.308525
2 0.436065
3 0.747989
4 0.429694
5 0.411771
6 0.206901
7 1.13948



# Sketch: 9
0 0.825839
1 0.750211
2 0.81301
3 0.676776
4 0.610241
5 0.52846
6 0.653654
7 0.691961



# Sketch: 10
0 2.16965
1 1.62606
2 1.11586
3 0.924125
4 0.951084
5 0.464664
6 0.576107
7 0.325958



# Sketch: 11
0 0.27508
1 0.262675
2 0.402383
3 0.415826
4 0.542194
5 0.498399
6 0.521836
7 0.540457



# Sketch: 12
0 0.516078
1 0.532587
2 0.514164
3 0.453652
4 0.475984
5 0.506893
6 0.473387
7 0.553368



# Sketch: 13
0 0.236558
1 0.224964
2 0.241851
3 0.311745
4 0.363401
5 0.461996
6 0.313617
7 0.491463



# Sketch: 14
0 0.624682
1 0.451825
2 0.523192
3 0.430511
4 0.429263
5 0.595479
6 0.700513
7 0.569512



# Sketch: 15
0 0.474583
1 0.477021
2 0.478612
3 0.606746
4 0.806337
5 0.708227
6 0.818284
7 0.707332



# Sketch: 16
0 0.361981
1 0.297116
2 0.549549
3 0.55436
4 0.526311
5 0.524992
6 0.63949
7 0.519736



# Sketch: 17
0 0.402619
1 0.415637
2 0.350812
3 0.341754
4 0.542721
5 0.420664
6 0.282792
7 0.562155



# Sketch: 18
0 0.335609
1 0.325224
2 0.318934
3 0.496171
4 0.345911
5 0.465092
6 0.327284
7 0.522697



# Sketch: 19
0 1.34365
1 0.96319
2 0.545493
3 0.388635
4 0.260609
5 0.246886
6 0.454712
7 0.31844



# Sketch: 20
0 0.252657
1 0.183963
2 0.398425
3 0.451225
4 0.864509
5 0.467659
6 0.244535
7 0.485198



# Sketch: 21
0 0.34357
1 0.439285
2 0.58212
3 0.736389
4 0.764656
5 1.47482
6 2.07852
7 2.8183



# Sketch: 22
0 0.0819663
1 0.0700645
2 0.0909013
3 0.364729
4 0.246124
5 0.258743
6 0.373548
7 1.28736



# Sketch: 23
0 0.333826
1 0.356985
2 0.375443
3 0.379438
4 0.323506
5 0.378657
6 0.308319
7 0.466684



# Sketch: 24
0 0.352361
1 0.261445
2 0.254618
3 0.439609
4 0.48461
5 0.496072
6 0.359612
7 0.532993



# Sketch: 25
0 0.180112
1 0.228805
2 0.441499
3 0.92143
4 1.74068
5 1.64733
6 1.39034
7 2.1196



# Sketch: 26
0 1.09304
1 1.19613
2 0.918069
3 0.591378
4 0.373893
5 0.909793
6 0.149972
7 0.380243



# Sketch: 27
0 0.313009
1 0.376812
2 0.2703
3 0.2972
4 0.338126
5 0.478564
6 0.286394
7 1.70999



# Sketch: 28
0 0.367931
1 0.380247
2 0.337707
3 0.440046
4 0.444161
5 0.506316
6 0.671558
7 0.540537



# Sketch: 29
0 0.22507
1 0.318549
2 0.216875
3 0.293747
4 0.436814
5 0.503729
6 0.593928
7 0.710991



# Sketch: 30
0 0.724309
1 0.701933
2 0.673418
3 0.648817
4 0.645665
5 0.572977
6 0.646621
7 0.552733



# Sketch: 31
0 0.533677
1 0.601783
2 0.894782
3 0.487575
4 0.549163
5 0.461979
6 0.280774
7 0.469637

