

# Sketch: 0
1704622314 32
1704622346 17
1704622378 17
1704622410 23
1704622442 17
1704622474 8
1704622506 15
1704622538 16
1704622570 19
1704622602 34
1704622634 18
1704622666 10
1704622698 25
1704622730 19
1704622762 18
1704622794 22
1704622826 18
1704622858 28
1704622890 10



# Sketch: 1
1704622314 11
1704622346 9
1704622378 9
1704622410 15
1704622442 28
1704622474 15
1704622506 11
1704622538 13
1704622570 19
1704622602 15
1704622634 10
1704622666 14
1704622698 20
1704622730 23
1704622762 4
1704622794 32
1704622826 20
1704622858 14
1704622890 7



# Sketch: 2
1704622314 12
1704622346 6
1704622378 17
1704622410 26
1704622442 13
1704622474 9
1704622506 11
1704622538 14
1704622570 10
1704622602 19
1704622634 12
1704622666 8
1704622698 15
1704622730 9
1704622762 11
1704622794 7
1704622826 12
1704622858 35
1704622890 8



# Sketch: 3
1704622314 17
1704622346 13
1704622378 15
1704622410 19
1704622442 14
1704622474 12
1704622506 7
1704622538 17
1704622570 54
1704622602 6
1704622634 16
1704622666 35
1704622698 17
1704622730 17
1704622762 12
1704622794 14
1704622826 15
1704622858 20
1704622890 14



# Sketch: 4
1704622314 32
1704622346 17
1704622378 12
1704622410 29
1704622442 33
1704622474 46
1704622506 9
1704622538 31
1704622570 28
1704622602 24
1704622634 36
1704622666 26
1704622698 28
1704622730 7
1704622762 15
1704622794 17
1704622826 8
1704622858 25
1704622890 8



# Sketch: 5
1704622314 13
1704622346 11
1704622378 6
1704622410 10
1704622442 7
1704622474 6
1704622506 17
1704622538 8
1704622570 10
1704622602 11
1704622634 12
1704622666 13
1704622698 11
1704622730 9
1704622762 22
1704622794 12
1704622826 8
1704622858 7
1704622890 23



# Sketch: 6
1704622314 12
1704622346 19
1704622378 15
1704622410 12
1704622442 24
1704622474 7
1704622506 15
1704622538 15
1704622570 14
1704622602 10
1704622634 4
1704622666 16
1704622698 14
1704622730 6
1704622762 11
1704622794 4
1704622826 15
1704622858 10
1704622890 10



# Sketch: 7
1704622314 19
1704622346 10
1704622378 11
1704622410 14
1704622442 19
1704622474 17
1704622506 13
1704622538 14
1704622570 15
1704622602 13
1704622634 5
1704622666 9
1704622698 16
1704622730 6
1704622762 10
1704622794 7
1704622826 10
1704622858 12
1704622890 11



# Sketch: 8
1704622314 11
1704622346 11
1704622378 11
1704622410 4
1704622442 10
1704622474 14
1704622506 8
1704622538 7
1704622570 10
1704622602 14
1704622634 7
1704622666 7
1704622698 8
1704622730 11
1704622762 10
1704622794 13
1704622826 12
1704622858 31
1704622890 8



# Sketch: 9
1704622314 19
1704622346 11
1704622378 15
1704622410 13
1704622442 23
1704622474 13
1704622506 11
1704622538 9
1704622570 16
1704622602 15
1704622634 9
1704622666 16
1704622698 22
1704622730 10
1704622762 15
1704622794 30
1704622826 19
1704622858 8
1704622890 12



# Sketch: 10
1704622314 18
1704622346 7
1704622378 30
1704622410 27
1704622442 24
1704622474 13
1704622506 27
1704622538 21
1704622570 28
1704622602 32
1704622634 48
1704622666 12
1704622698 76
1704622730 27
1704622762 26
1704622794 30
1704622826 13
1704622858 23
1704622890 15



# Sketch: 11
1704622314 16
1704622346 10
1704622378 5
1704622410 8
1704622442 14
1704622474 13
1704622506 9
1704622538 14
1704622570 11
1704622602 13
1704622634 17
1704622666 17
1704622698 18
1704622730 11
1704622762 8
1704622794 10
1704622826 15
1704622858 13
1704622890 5



# Sketch: 12
1704622314 16
1704622346 11
1704622378 17
1704622410 17
1704622442 14
1704622474 21
1704622506 6
1704622538 15
1704622570 19
1704622602 13
1704622634 4
1704622666 19
1704622698 17
1704622730 19
1704622762 13
1704622794 34
1704622826 6
1704622858 9
1704622890 16



# Sketch: 13
1704622314 16
1704622346 12
1704622378 23
1704622410 7
1704622442 5
1704622474 11
1704622506 21
1704622538 11
1704622570 17
1704622602 17
1704622634 16
1704622666 10
1704622698 28
1704622730 14
1704622762 6
1704622794 21
1704622826 18
1704622858 15
1704622890 18



# Sketch: 14
1704622314 10
1704622346 12
1704622378 17
1704622410 12
1704622442 15
1704622474 10
1704622506 16
1704622538 14
1704622570 10
1704622602 16
1704622634 12
1704622666 19
1704622698 15
1704622730 10
1704622762 11
1704622794 13
1704622826 17
1704622858 35
1704622890 23



# Sketch: 15
1704622314 16
1704622346 17
1704622378 5
1704622410 5
1704622442 9
1704622474 15
1704622506 14
1704622538 11
1704622570 15
1704622602 11
1704622634 14
1704622666 6
1704622698 12
1704622730 15
1704622762 7
1704622794 7
1704622826 71
1704622858 17
1704622890 8



# Sketch: 16
1704622314 20
1704622346 11
1704622378 8
1704622410 20
1704622442 8
1704622474 7
1704622506 9
1704622538 7
1704622570 15
1704622602 7
1704622634 8
1704622666 13
1704622698 12
1704622730 12
1704622762 16
1704622794 10
1704622826 12
1704622858 17
1704622890 9



# Sketch: 17
1704622314 14
1704622346 18
1704622378 8
1704622410 16
1704622442 12
1704622474 14
1704622506 9
1704622538 19
1704622570 23
1704622602 35
1704622634 10
1704622666 15
1704622698 17
1704622730 15
1704622762 21
1704622794 17
1704622826 4
1704622858 17
1704622890 14



# Sketch: 18
1704622314 19
1704622346 7
1704622378 12
1704622410 11
1704622442 16
1704622474 19
1704622506 18
1704622538 19
1704622570 14
1704622602 12
1704622634 11
1704622666 13
1704622698 19
1704622730 8
1704622762 11
1704622794 23
1704622826 16
1704622858 12
1704622890 14



# Sketch: 19
1704622314 9
1704622346 12
1704622378 9
1704622410 18
1704622442 7
1704622474 13
1704622506 17
1704622538 4
1704622570 12
1704622602 12
1704622634 3
1704622666 13
1704622698 23
1704622730 8
1704622762 7
1704622794 2
1704622826 8
1704622858 24
1704622890 15



# Sketch: 20
1704622314 19
1704622346 12
1704622378 23
1704622410 16
1704622442 16
1704622474 34
1704622506 13
1704622538 12
1704622570 15
1704622602 7
1704622634 9
1704622666 11
1704622698 18
1704622730 20
1704622762 10
1704622794 16
1704622826 8
1704622858 19
1704622890 26



# Sketch: 21
1704622314 10
1704622346 13
1704622378 12
1704622410 18
1704622442 28
1704622474 17
1704622506 11
1704622538 16
1704622570 11
1704622602 11
1704622634 11
1704622666 11
1704622698 15
1704622730 6
1704622762 11
1704622794 14
1704622826 10
1704622858 39
1704622890 9



# Sketch: 22
1704622314 8
1704622346 15
1704622378 23
1704622410 24
1704622442 20
1704622474 32
1704622506 13
1704622538 4
1704622570 9
1704622602 11
1704622634 14
1704622666 12
1704622698 12
1704622730 12
1704622762 8
1704622794 21
1704622826 7
1704622858 14
1704622890 7



# Sketch: 23
1704622314 15
1704622346 34
1704622378 27
1704622410 27
1704622442 14
1704622474 17
1704622506 25
1704622538 26
1704622570 28
1704622602 31
1704622634 24
1704622666 14
1704622698 26
1704622730 39
1704622762 20
1704622794 16
1704622826 29
1704622858 22
1704622890 16



# Sketch: 24
1704622314 11
1704622346 42
1704622378 12
1704622410 13
1704622442 32
1704622474 9
1704622506 12
1704622538 19
1704622570 21
1704622602 10
1704622634 21
1704622666 12
1704622698 15
1704622730 31
1704622762 10
1704622794 24
1704622826 7
1704622858 12
1704622890 18



# Sketch: 25
1704622314 11
1704622346 10
1704622378 16
1704622410 16
1704622442 20
1704622474 10
1704622506 13
1704622538 11
1704622570 8
1704622602 13
1704622634 8
1704622666 19
1704622698 8
1704622730 31
1704622762 6
1704622794 17
1704622826 11
1704622858 16
1704622890 16



# Sketch: 26
1704622314 15
1704622346 12
1704622378 14
1704622410 10
1704622442 16
1704622474 21
1704622506 24
1704622538 21
1704622570 32
1704622602 15
1704622634 7
1704622666 20
1704622698 17
1704622730 16
1704622762 11
1704622794 16
1704622826 9
1704622858 19
1704622890 9



# Sketch: 27
1704622314 13
1704622346 6
1704622378 5
1704622410 15
1704622442 7
1704622474 3
1704622506 9
1704622538 10
1704622570 4
1704622602 13
1704622634 10
1704622666 8
1704622698 18
1704622730 10
1704622762 10
1704622794 22
1704622826 9
1704622858 19
1704622890 3



# Sketch: 28
1704622314 15
1704622346 11
1704622378 8
1704622410 18
1704622442 18
1704622474 10
1704622506 14
1704622538 22
1704622570 62
1704622602 43
1704622634 27
1704622666 20
1704622698 22
1704622730 20
1704622762 18
1704622794 33
1704622826 14
1704622858 12
1704622890 12



# Sketch: 29
1704622314 12
1704622346 16
1704622378 8
1704622410 18
1704622442 13
1704622474 19
1704622506 1
1704622538 14
1704622570 9
1704622602 12
1704622634 19
1704622666 3
1704622698 13
1704622730 17
1704622762 14
1704622794 14
1704622826 16
1704622858 11
1704622890 7



# Sketch: 30
1704622314 12
1704622346 9
1704622378 17
1704622410 23
1704622442 19
1704622474 19
1704622506 9
1704622538 15
1704622570 9
1704622602 17
1704622634 8
1704622666 5
1704622698 10
1704622730 3
1704622762 19
1704622794 20
1704622826 14
1704622858 14
1704622890 13



# Sketch: 31
1704622314 13
1704622346 10
1704622378 24
1704622410 20
1704622442 9
1704622474 25
1704622506 27
1704622538 23
1704622570 32
1704622602 47
1704622634 29
1704622666 15
1704622698 9
1704622730 17
1704622762 20
1704622794 8
1704622826 8
1704622858 39
1704622890 28

