

# Sketch: 0
1704622314 2
1704622322 5
1704622330 4
1704622338 3
1704622346 9
1704622354 1
1704622362 5
1704622370 2
1704622378 0
1704622386 3
1704622394 5
1704622402 3
1704622410 4
1704622418 8
1704622426 3
1704622434 1
1704622442 6
1704622450 3
1704622458 5
1704622466 4
1704622474 3
1704622482 3
1704622490 0
1704622498 0
1704622506 0
1704622514 2
1704622522 2
1704622530 2
1704622538 8
1704622546 5
1704622554 1
1704622562 7
1704622570 2
1704622578 7
1704622586 3
1704622594 0
1704622602 6
1704622610 3
1704622618 3
1704622626 2
1704622634 1
1704622642 2
1704622650 2
1704622658 2
1704622666 2
1704622674 4
1704622682 1
1704622690 4
1704622698 4
1704622706 2
1704622714 1
1704622722 2
1704622730 2
1704622738 1
1704622746 2
1704622754 1
1704622762 2
1704622770 8
1704622778 5
1704622786 3
1704622794 5
1704622802 2
1704622810 0
1704622818 2
1704622826 5
1704622834 7
1704622842 3
1704622850 8
1704622858 11
1704622866 5
1704622874 1
1704622882 3
1704622890 2
1704622898 2
1704622906 12



# Sketch: 1
1704622314 4
1704622322 1
1704622330 3
1704622338 3
1704622346 2
1704622354 1
1704622362 0
1704622370 11
1704622378 8
1704622386 3
1704622394 4
1704622402 0
1704622410 1
1704622418 2
1704622426 0
1704622434 5
1704622442 5
1704622450 7
1704622458 3
1704622466 5
1704622474 5
1704622482 4
1704622490 2
1704622498 1
1704622506 8
1704622514 3
1704622522 3
1704622530 9
1704622538 2
1704622546 2
1704622554 2
1704622562 7
1704622570 7
1704622578 0
1704622586 4
1704622594 1
1704622602 1
1704622610 4
1704622618 2
1704622626 1
1704622634 4
1704622642 4
1704622650 3
1704622658 17
1704622666 3
1704622674 0
1704622682 13
1704622690 1
1704622698 4
1704622706 12
1704622714 3
1704622722 4
1704622730 1
1704622738 14
1704622746 7
1704622754 14
1704622762 9
1704622770 4
1704622778 10
1704622786 5
1704622794 16
1704622802 5
1704622810 4
1704622818 5
1704622826 1
1704622834 9
1704622842 4
1704622850 5
1704622858 1
1704622866 6
1704622874 4
1704622882 2
1704622890 3
1704622898 4
1704622906 0



# Sketch: 2
1704622314 2
1704622322 6
1704622330 4
1704622338 5
1704622346 5
1704622354 1
1704622362 2
1704622370 1
1704622378 3
1704622386 4
1704622394 2
1704622402 4
1704622410 1
1704622418 5
1704622426 14
1704622434 2
1704622442 7
1704622450 5
1704622458 1
1704622466 5
1704622474 9
1704622482 7
1704622490 3
1704622498 8
1704622506 6
1704622514 2
1704622522 6
1704622530 3
1704622538 3
1704622546 3
1704622554 5
1704622562 8
1704622570 5
1704622578 6
1704622586 3
1704622594 9
1704622602 2
1704622610 2
1704622618 3
1704622626 1
1704622634 3
1704622642 1
1704622650 1
1704622658 1
1704622666 3
1704622674 1
1704622682 4
1704622690 2
1704622698 5
1704622706 10
1704622714 1
1704622722 5
1704622730 8
1704622738 5
1704622746 3
1704622754 0
1704622762 2
1704622770 1
1704622778 0
1704622786 3
1704622794 1
1704622802 12
1704622810 8
1704622818 2
1704622826 7
1704622834 2
1704622842 2
1704622850 3
1704622858 2
1704622866 12
1704622874 3
1704622882 1
1704622890 5
1704622898 4
1704622906 1



# Sketch: 3
1704622314 5
1704622322 7
1704622330 2
1704622338 3
1704622346 5
1704622354 1
1704622362 0
1704622370 2
1704622378 4
1704622386 9
1704622394 3
1704622402 2
1704622410 13
1704622418 5
1704622426 6
1704622434 6
1704622442 8
1704622450 3
1704622458 2
1704622466 5
1704622474 3
1704622482 2
1704622490 2
1704622498 2
1704622506 11
1704622514 4
1704622522 2
1704622530 7
1704622538 3
1704622546 4
1704622554 3
1704622562 14
1704622570 18
1704622578 9
1704622586 6
1704622594 1
1704622602 1
1704622610 0
1704622618 2
1704622626 17
1704622634 9
1704622642 4
1704622650 9
1704622658 2
1704622666 1
1704622674 2
1704622682 2
1704622690 2
1704622698 3
1704622706 2
1704622714 4
1704622722 1
1704622730 3
1704622738 4
1704622746 9
1704622754 3
1704622762 5
1704622770 6
1704622778 2
1704622786 3
1704622794 6
1704622802 6
1704622810 7
1704622818 6
1704622826 9
1704622834 4
1704622842 2
1704622850 4
1704622858 5
1704622866 15
1704622874 4
1704622882 7
1704622890 12
1704622898 6
1704622906 5



# Sketch: 4
1704622314 5
1704622322 7
1704622330 3
1704622338 1
1704622346 4
1704622354 1
1704622362 4
1704622370 2
1704622378 6
1704622386 2
1704622394 4
1704622402 4
1704622410 7
1704622418 4
1704622426 8
1704622434 3
1704622442 3
1704622450 1
1704622458 0
1704622466 5
1704622474 14
1704622482 2
1704622490 3
1704622498 3
1704622506 1
1704622514 3
1704622522 5
1704622530 3
1704622538 3
1704622546 5
1704622554 0
1704622562 3
1704622570 6
1704622578 1
1704622586 8
1704622594 9
1704622602 3
1704622610 7
1704622618 12
1704622626 5
1704622634 4
1704622642 2
1704622650 4
1704622658 2
1704622666 6
1704622674 6
1704622682 2
1704622690 6
1704622698 0
1704622706 64
1704622714 5
1704622722 7
1704622730 8
1704622738 5
1704622746 1
1704622754 2
1704622762 3
1704622770 5
1704622778 5
1704622786 5
1704622794 9
1704622802 5
1704622810 7
1704622818 2
1704622826 1
1704622834 0
1704622842 6
1704622850 6
1704622858 2
1704622866 5
1704622874 2
1704622882 4
1704622890 0
1704622898 9
1704622906 1



# Sketch: 5
1704622314 4
1704622322 3
1704622330 7
1704622338 5
1704622346 3
1704622354 7
1704622362 1
1704622370 6
1704622378 5
1704622386 3
1704622394 0
1704622402 2
1704622410 2
1704622418 4
1704622426 5
1704622434 2
1704622442 2
1704622450 4
1704622458 15
1704622466 0
1704622474 9
1704622482 3
1704622490 1
1704622498 6
1704622506 3
1704622514 2
1704622522 1
1704622530 3
1704622538 2
1704622546 5
1704622554 1
1704622562 6
1704622570 4
1704622578 2
1704622586 1
1704622594 3
1704622602 1
1704622610 1
1704622618 4
1704622626 2
1704622634 3
1704622642 3
1704622650 5
1704622658 2
1704622666 1
1704622674 2
1704622682 7
1704622690 0
1704622698 6
1704622706 3
1704622714 3
1704622722 6
1704622730 9
1704622738 2
1704622746 2
1704622754 2
1704622762 1
1704622770 1
1704622778 7
1704622786 2
1704622794 4
1704622802 8
1704622810 2
1704622818 4
1704622826 4
1704622834 3
1704622842 0
1704622850 3
1704622858 9
1704622866 5
1704622874 0
1704622882 3
1704622890 1
1704622898 7
1704622906 1



# Sketch: 6
1704622314 5
1704622322 2
1704622330 2
1704622338 3
1704622346 6
1704622354 5
1704622362 6
1704622370 2
1704622378 4
1704622386 1
1704622394 3
1704622402 3
1704622410 4
1704622418 3
1704622426 1
1704622434 2
1704622442 4
1704622450 5
1704622458 3
1704622466 5
1704622474 3
1704622482 0
1704622490 3
1704622498 1
1704622506 1
1704622514 9
1704622522 3
1704622530 2
1704622538 0
1704622546 1
1704622554 0
1704622562 4
1704622570 2
1704622578 4
1704622586 7
1704622594 5
1704622602 0
1704622610 0
1704622618 2
1704622626 4
1704622634 4
1704622642 3
1704622650 1
1704622658 0
1704622666 2
1704622674 3
1704622682 4
1704622690 5
1704622698 5
1704622706 5
1704622714 8
1704622722 0
1704622730 1
1704622738 10
1704622746 0
1704622754 9
1704622762 4
1704622770 0
1704622778 8
1704622786 1
1704622794 5
1704622802 4
1704622810 2
1704622818 4
1704622826 2
1704622834 2
1704622842 3
1704622850 12
1704622858 10
1704622866 0
1704622874 2
1704622882 3
1704622890 6
1704622898 1
1704622906 1



# Sketch: 7
1704622314 3
1704622322 5
1704622330 2
1704622338 4
1704622346 2
1704622354 2
1704622362 0
1704622370 4
1704622378 2
1704622386 6
1704622394 0
1704622402 8
1704622410 3
1704622418 3
1704622426 5
1704622434 0
1704622442 0
1704622450 1
1704622458 2
1704622466 2
1704622474 5
1704622482 3
1704622490 1
1704622498 6
1704622506 1
1704622514 3
1704622522 1
1704622530 2
1704622538 0
1704622546 4
1704622554 2
1704622562 5
1704622570 5
1704622578 1
1704622586 3
1704622594 1
1704622602 34
1704622610 4
1704622618 3
1704622626 3
1704622634 2
1704622642 1
1704622650 3
1704622658 1
1704622666 6
1704622674 2
1704622682 3
1704622690 4
1704622698 5
1704622706 7
1704622714 4
1704622722 4
1704622730 2
1704622738 3
1704622746 2
1704622754 2
1704622762 4
1704622770 0
1704622778 3
1704622786 2
1704622794 6
1704622802 4
1704622810 10
1704622818 5
1704622826 1
1704622834 1
1704622842 4
1704622850 1
1704622858 19
1704622866 3
1704622874 1
1704622882 2
1704622890 4
1704622898 3
1704622906 7



# Sketch: 8
1704622314 3
1704622322 1
1704622330 2
1704622338 4
1704622346 4
1704622354 1
1704622362 0
1704622370 2
1704622378 0
1704622386 1
1704622394 4
1704622402 3
1704622410 1
1704622418 8
1704622426 2
1704622434 7
1704622442 11
1704622450 0
1704622458 1
1704622466 2
1704622474 6
1704622482 1
1704622490 7
1704622498 1
1704622506 2
1704622514 1
1704622522 7
1704622530 1
1704622538 3
1704622546 2
1704622554 2
1704622562 3
1704622570 0
1704622578 3
1704622586 0
1704622594 2
1704622602 1
1704622610 1
1704622618 0
1704622626 0
1704622634 3
1704622642 2
1704622650 2
1704622658 3
1704622666 3
1704622674 0
1704622682 4
1704622690 7
1704622698 4
1704622706 2
1704622714 1
1704622722 4
1704622730 1
1704622738 3
1704622746 3
1704622754 0
1704622762 3
1704622770 2
1704622778 4
1704622786 4
1704622794 12
1704622802 8
1704622810 2
1704622818 2
1704622826 1
1704622834 1
1704622842 1
1704622850 1
1704622858 1
1704622866 2
1704622874 1
1704622882 5
1704622890 2
1704622898 2
1704622906 0



# Sketch: 9
1704622314 4
1704622322 2
1704622330 5
1704622338 8
1704622346 5
1704622354 3
1704622362 2
1704622370 4
1704622378 4
1704622386 3
1704622394 4
1704622402 2
1704622410 3
1704622418 4
1704622426 2
1704622434 0
1704622442 4
1704622450 1
1704622458 4
1704622466 4
1704622474 7
1704622482 3
1704622490 5
1704622498 3
1704622506 3
1704622514 3
1704622522 4
1704622530 3
1704622538 1
1704622546 2
1704622554 5
1704622562 7
1704622570 8
1704622578 8
1704622586 8
1704622594 2
1704622602 5
1704622610 1
1704622618 3
1704622626 2
1704622634 3
1704622642 1
1704622650 2
1704622658 2
1704622666 0
1704622674 1
1704622682 5
1704622690 3
1704622698 5
1704622706 4
1704622714 2
1704622722 3
1704622730 2
1704622738 5
1704622746 3
1704622754 1
1704622762 0
1704622770 5
1704622778 4
1704622786 4
1704622794 8
1704622802 2
1704622810 2
1704622818 4
1704622826 6
1704622834 0
1704622842 1
1704622850 2
1704622858 8
1704622866 9
1704622874 0
1704622882 1
1704622890 2
1704622898 3
1704622906 11



# Sketch: 10
1704622314 2
1704622322 4
1704622330 1
1704622338 1
1704622346 3
1704622354 4
1704622362 4
1704622370 1
1704622378 1
1704622386 8
1704622394 0
1704622402 2
1704622410 0
1704622418 7
1704622426 3
1704622434 1
1704622442 5
1704622450 2
1704622458 0
1704622466 7
1704622474 4
1704622482 4
1704622490 5
1704622498 4
1704622506 3
1704622514 4
1704622522 5
1704622530 4
1704622538 3
1704622546 2
1704622554 3
1704622562 1
1704622570 4
1704622578 2
1704622586 1
1704622594 29
1704622602 8
1704622610 11
1704622618 2
1704622626 0
1704622634 3
1704622642 6
1704622650 0
1704622658 1
1704622666 3
1704622674 2
1704622682 3
1704622690 15
1704622698 2
1704622706 2
1704622714 0
1704622722 1
1704622730 1
1704622738 1
1704622746 2
1704622754 1
1704622762 1
1704622770 1
1704622778 0
1704622786 3
1704622794 2
1704622802 2
1704622810 2
1704622818 5
1704622826 6
1704622834 2
1704622842 3
1704622850 0
1704622858 2
1704622866 1
1704622874 3
1704622882 4
1704622890 0
1704622898 2
1704622906 10



# Sketch: 11
1704622314 4
1704622322 3
1704622330 1
1704622338 4
1704622346 6
1704622354 0
1704622362 3
1704622370 3
1704622378 5
1704622386 5
1704622394 3
1704622402 5
1704622410 3
1704622418 6
1704622426 7
1704622434 3
1704622442 6
1704622450 5
1704622458 6
1704622466 2
1704622474 14
1704622482 10
1704622490 2
1704622498 8
1704622506 6
1704622514 1
1704622522 0
1704622530 4
1704622538 1
1704622546 8
1704622554 1
1704622562 5
1704622570 2
1704622578 2
1704622586 6
1704622594 5
1704622602 10
1704622610 1
1704622618 5
1704622626 0
1704622634 3
1704622642 1
1704622650 3
1704622658 16
1704622666 1
1704622674 3
1704622682 3
1704622690 4
1704622698 1
1704622706 8
1704622714 4
1704622722 2
1704622730 7
1704622738 1
1704622746 2
1704622754 2
1704622762 3
1704622770 1
1704622778 2
1704622786 5
1704622794 2
1704622802 8
1704622810 2
1704622818 4
1704622826 3
1704622834 2
1704622842 4
1704622850 1
1704622858 14
1704622866 4
1704622874 2
1704622882 5
1704622890 2
1704622898 3
1704622906 11



# Sketch: 12
1704622314 7
1704622322 5
1704622330 3
1704622338 6
1704622346 1
1704622354 2
1704622362 4
1704622370 3
1704622378 5
1704622386 2
1704622394 2
1704622402 1
1704622410 2
1704622418 5
1704622426 3
1704622434 2
1704622442 10
1704622450 0
1704622458 0
1704622466 5
1704622474 16
1704622482 7
1704622490 5
1704622498 5
1704622506 9
1704622514 3
1704622522 2
1704622530 0
1704622538 2
1704622546 2
1704622554 5
1704622562 5
1704622570 0
1704622578 2
1704622586 7
1704622594 16
1704622602 5
1704622610 4
1704622618 8
1704622626 1
1704622634 5
1704622642 2
1704622650 3
1704622658 7
1704622666 1
1704622674 2
1704622682 2
1704622690 13
1704622698 0
1704622706 4
1704622714 3
1704622722 1
1704622730 1
1704622738 3
1704622746 5
1704622754 5
1704622762 1
1704622770 3
1704622778 9
1704622786 2
1704622794 3
1704622802 7
1704622810 0
1704622818 1
1704622826 13
1704622834 1
1704622842 2
1704622850 1
1704622858 10
1704622866 7
1704622874 2
1704622882 7
1704622890 5
1704622898 1
1704622906 4



# Sketch: 13
1704622314 2
1704622322 4
1704622330 6
1704622338 3
1704622346 12
1704622354 1
1704622362 0
1704622370 1
1704622378 3
1704622386 3
1704622394 2
1704622402 5
1704622410 4
1704622418 2
1704622426 7
1704622434 1
1704622442 2
1704622450 2
1704622458 3
1704622466 1
1704622474 4
1704622482 1
1704622490 2
1704622498 4
1704622506 5
1704622514 11
1704622522 0
1704622530 3
1704622538 1
1704622546 4
1704622554 2
1704622562 2
1704622570 4
1704622578 1
1704622586 4
1704622594 2
1704622602 7
1704622610 8
1704622618 2
1704622626 3
1704622634 7
1704622642 7
1704622650 3
1704622658 1
1704622666 4
1704622674 1
1704622682 1
1704622690 2
1704622698 3
1704622706 2
1704622714 6
1704622722 3
1704622730 1
1704622738 3
1704622746 2
1704622754 0
1704622762 0
1704622770 3
1704622778 0
1704622786 7
1704622794 3
1704622802 2
1704622810 2
1704622818 3
1704622826 1
1704622834 11
1704622842 4
1704622850 0
1704622858 5
1704622866 4
1704622874 7
1704622882 2
1704622890 4
1704622898 8
1704622906 1



# Sketch: 14
1704622314 1
1704622322 5
1704622330 7
1704622338 1
1704622346 2
1704622354 3
1704622362 1
1704622370 2
1704622378 0
1704622386 8
1704622394 2
1704622402 2
1704622410 3
1704622418 2
1704622426 4
1704622434 7
1704622442 7
1704622450 4
1704622458 6
1704622466 3
1704622474 9
1704622482 6
1704622490 0
1704622498 3
1704622506 4
1704622514 2
1704622522 8
1704622530 3
1704622538 0
1704622546 5
1704622554 3
1704622562 4
1704622570 4
1704622578 3
1704622586 8
1704622594 2
1704622602 1
1704622610 6
1704622618 15
1704622626 3
1704622634 4
1704622642 0
1704622650 2
1704622658 1
1704622666 1
1704622674 5
1704622682 8
1704622690 4
1704622698 7
1704622706 12
1704622714 1
1704622722 4
1704622730 1
1704622738 5
1704622746 1
1704622754 7
1704622762 1
1704622770 4
1704622778 5
1704622786 2
1704622794 2
1704622802 2
1704622810 2
1704622818 17
1704622826 4
1704622834 6
1704622842 3
1704622850 2
1704622858 2
1704622866 3
1704622874 1
1704622882 20
1704622890 3
1704622898 4
1704622906 2



# Sketch: 15
1704622314 1
1704622322 1
1704622330 3
1704622338 2
1704622346 1
1704622354 0
1704622362 4
1704622370 1
1704622378 5
1704622386 1
1704622394 10
1704622402 1
1704622410 3
1704622418 4
1704622426 7
1704622434 7
1704622442 2
1704622450 5
1704622458 1
1704622466 4
1704622474 6
1704622482 4
1704622490 3
1704622498 0
1704622506 0
1704622514 3
1704622522 8
1704622530 3
1704622538 1
1704622546 5
1704622554 3
1704622562 3
1704622570 1
1704622578 4
1704622586 6
1704622594 4
1704622602 2
1704622610 0
1704622618 9
1704622626 2
1704622634 5
1704622642 3
1704622650 2
1704622658 2
1704622666 2
1704622674 2
1704622682 2
1704622690 1
1704622698 1
1704622706 5
1704622714 3
1704622722 5
1704622730 9
1704622738 1
1704622746 1
1704622754 1
1704622762 0
1704622770 2
1704622778 4
1704622786 2
1704622794 1
1704622802 2
1704622810 0
1704622818 2
1704622826 0
1704622834 3
1704622842 6
1704622850 1
1704622858 2
1704622866 5
1704622874 2
1704622882 3
1704622890 2
1704622898 6
1704622906 4



# Sketch: 16
1704622314 2
1704622322 10
1704622330 12
1704622338 9
1704622346 2
1704622354 4
1704622362 4
1704622370 5
1704622378 2
1704622386 7
1704622394 1
1704622402 4
1704622410 1
1704622418 3
1704622426 4
1704622434 2
1704622442 8
1704622450 4
1704622458 4
1704622466 6
1704622474 8
1704622482 1
1704622490 1
1704622498 1
1704622506 3
1704622514 7
1704622522 5
1704622530 1
1704622538 1
1704622546 5
1704622554 1
1704622562 3
1704622570 10
1704622578 5
1704622586 5
1704622594 11
1704622602 3
1704622610 8
1704622618 6
1704622626 4
1704622634 3
1704622642 1
1704622650 1
1704622658 3
1704622666 1
1704622674 6
1704622682 5
1704622690 9
1704622698 12
1704622706 3
1704622714 3
1704622722 1
1704622730 3
1704622738 7
1704622746 0
1704622754 7
1704622762 4
1704622770 0
1704622778 4
1704622786 2
1704622794 12
1704622802 10
1704622810 4
1704622818 2
1704622826 6
1704622834 2
1704622842 1
1704622850 3
1704622858 3
1704622866 1
1704622874 5
1704622882 2
1704622890 3
1704622898 6
1704622906 3



# Sketch: 17
1704622314 1
1704622322 0
1704622330 6
1704622338 3
1704622346 7
1704622354 5
1704622362 9
1704622370 0
1704622378 1
1704622386 6
1704622394 0
1704622402 6
1704622410 3
1704622418 2
1704622426 6
1704622434 8
1704622442 2
1704622450 4
1704622458 4
1704622466 2
1704622474 2
1704622482 17
1704622490 1
1704622498 2
1704622506 3
1704622514 1
1704622522 1
1704622530 7
1704622538 9
1704622546 2
1704622554 13
1704622562 7
1704622570 2
1704622578 1
1704622586 3
1704622594 4
1704622602 1
1704622610 3
1704622618 1
1704622626 1
1704622634 4
1704622642 3
1704622650 10
1704622658 4
1704622666 3
1704622674 2
1704622682 1
1704622690 2
1704622698 2
1704622706 7
1704622714 4
1704622722 3
1704622730 4
1704622738 0
1704622746 0
1704622754 0
1704622762 2
1704622770 3
1704622778 3
1704622786 5
1704622794 2
1704622802 1
1704622810 7
1704622818 6
1704622826 1
1704622834 4
1704622842 4
1704622850 1
1704622858 3
1704622866 4
1704622874 3
1704622882 8
1704622890 4
1704622898 4
1704622906 1



# Sketch: 18
1704622314 1
1704622322 6
1704622330 2
1704622338 3
1704622346 2
1704622354 4
1704622362 0
1704622370 3
1704622378 5
1704622386 2
1704622394 2
1704622402 2
1704622410 0
1704622418 6
1704622426 3
1704622434 0
1704622442 0
1704622450 1
1704622458 2
1704622466 4
1704622474 1
1704622482 3
1704622490 2
1704622498 5
1704622506 2
1704622514 0
1704622522 3
1704622530 1
1704622538 1
1704622546 4
1704622554 2
1704622562 3
1704622570 5
1704622578 3
1704622586 2
1704622594 1
1704622602 4
1704622610 2
1704622618 1
1704622626 8
1704622634 3
1704622642 3
1704622650 6
1704622658 1
1704622666 3
1704622674 0
1704622682 6
1704622690 5
1704622698 4
1704622706 4
1704622714 1
1704622722 9
1704622730 1
1704622738 8
1704622746 2
1704622754 5
1704622762 0
1704622770 3
1704622778 2
1704622786 0
1704622794 1
1704622802 2
1704622810 4
1704622818 9
1704622826 4
1704622834 14
1704622842 1
1704622850 4
1704622858 9
1704622866 1
1704622874 1
1704622882 3
1704622890 6
1704622898 4
1704622906 5



# Sketch: 19
1704622314 6
1704622322 4
1704622330 5
1704622338 8
1704622346 3
1704622354 4
1704622362 7
1704622370 7
1704622378 2
1704622386 1
1704622394 4
1704622402 6
1704622410 4
1704622418 3
1704622426 3
1704622434 2
1704622442 3
1704622450 7
1704622458 7
1704622466 2
1704622474 5
1704622482 3
1704622490 1
1704622498 4
1704622506 3
1704622514 1
1704622522 0
1704622530 2
1704622538 5
1704622546 4
1704622554 6
1704622562 4
1704622570 2
1704622578 4
1704622586 3
1704622594 4
1704622602 1
1704622610 7
1704622618 9
1704622626 2
1704622634 4
1704622642 10
1704622650 5
1704622658 2
1704622666 4
1704622674 0
1704622682 3
1704622690 3
1704622698 1
1704622706 4
1704622714 9
1704622722 3
1704622730 0
1704622738 3
1704622746 2
1704622754 7
1704622762 0
1704622770 3
1704622778 2
1704622786 4
1704622794 2
1704622802 4
1704622810 3
1704622818 7
1704622826 3
1704622834 1
1704622842 3
1704622850 4
1704622858 9
1704622866 8
1704622874 6
1704622882 1
1704622890 0
1704622898 6
1704622906 1



# Sketch: 20
1704622314 7
1704622322 2
1704622330 1
1704622338 2
1704622346 1
1704622354 6
1704622362 3
1704622370 1
1704622378 4
1704622386 7
1704622394 7
1704622402 3
1704622410 5
1704622418 11
1704622426 3
1704622434 1
1704622442 1
1704622450 2
1704622458 9
1704622466 4
1704622474 5
1704622482 1
1704622490 9
1704622498 1
1704622506 6
1704622514 3
1704622522 0
1704622530 2
1704622538 4
1704622546 4
1704622554 0
1704622562 3
1704622570 5
1704622578 1
1704622586 6
1704622594 3
1704622602 5
1704622610 2
1704622618 5
1704622626 3
1704622634 6
1704622642 5
1704622650 2
1704622658 1
1704622666 5
1704622674 2
1704622682 3
1704622690 4
1704622698 0
1704622706 1
1704622714 5
1704622722 1
1704622730 6
1704622738 4
1704622746 3
1704622754 4
1704622762 2
1704622770 1
1704622778 1
1704622786 1
1704622794 6
1704622802 6
1704622810 6
1704622818 0
1704622826 2
1704622834 0
1704622842 3
1704622850 2
1704622858 1
1704622866 1
1704622874 0
1704622882 1
1704622890 2
1704622898 3
1704622906 6



# Sketch: 21
1704622314 1
1704622322 6
1704622330 4
1704622338 6
1704622346 1
1704622354 4
1704622362 3
1704622370 0
1704622378 2
1704622386 5
1704622394 3
1704622402 7
1704622410 1
1704622418 0
1704622426 1
1704622434 4
1704622442 4
1704622450 4
1704622458 4
1704622466 3
1704622474 6
1704622482 5
1704622490 1
1704622498 1
1704622506 3
1704622514 0
1704622522 2
1704622530 0
1704622538 5
1704622546 2
1704622554 2
1704622562 8
1704622570 0
1704622578 6
1704622586 2
1704622594 1
1704622602 3
1704622610 2
1704622618 2
1704622626 2
1704622634 7
1704622642 1
1704622650 1
1704622658 2
1704622666 4
1704622674 2
1704622682 3
1704622690 7
1704622698 3
1704622706 2
1704622714 9
1704622722 7
1704622730 5
1704622738 0
1704622746 3
1704622754 2
1704622762 2
1704622770 0
1704622778 2
1704622786 1
1704622794 3
1704622802 3
1704622810 1
1704622818 0
1704622826 2
1704622834 4
1704622842 3
1704622850 2
1704622858 0
1704622866 3
1704622874 4
1704622882 3
1704622890 2
1704622898 6
1704622906 2



# Sketch: 22
1704622314 3
1704622322 5
1704622330 2
1704622338 8
1704622346 3
1704622354 3
1704622362 1
1704622370 1
1704622378 2
1704622386 9
1704622394 1
1704622402 4
1704622410 1
1704622418 4
1704622426 8
1704622434 2
1704622442 3
1704622450 6
1704622458 2
1704622466 5
1704622474 4
1704622482 1
1704622490 1
1704622498 4
1704622506 0
1704622514 1
1704622522 5
1704622530 1
1704622538 2
1704622546 2
1704622554 1
1704622562 6
1704622570 3
1704622578 10
1704622586 6
1704622594 1
1704622602 1
1704622610 13
1704622618 0
1704622626 3
1704622634 1
1704622642 3
1704622650 1
1704622658 0
1704622666 1
1704622674 4
1704622682 2
1704622690 15
1704622698 5
1704622706 3
1704622714 6
1704622722 3
1704622730 4
1704622738 8
1704622746 0
1704622754 1
1704622762 3
1704622770 3
1704622778 2
1704622786 2
1704622794 7
1704622802 6
1704622810 3
1704622818 3
1704622826 4
1704622834 3
1704622842 3
1704622850 0
1704622858 7
1704622866 5
1704622874 3
1704622882 5
1704622890 4
1704622898 7
1704622906 7



# Sketch: 23
1704622314 3
1704622322 4
1704622330 1
1704622338 2
1704622346 3
1704622354 0
1704622362 1
1704622370 1
1704622378 2
1704622386 2
1704622394 3
1704622402 3
1704622410 5
1704622418 13
1704622426 4
1704622434 11
1704622442 2
1704622450 8
1704622458 3
1704622466 4
1704622474 4
1704622482 5
1704622490 1
1704622498 6
1704622506 4
1704622514 7
1704622522 1
1704622530 3
1704622538 4
1704622546 2
1704622554 1
1704622562 8
1704622570 9
1704622578 2
1704622586 1
1704622594 2
1704622602 4
1704622610 2
1704622618 3
1704622626 4
1704622634 6
1704622642 5
1704622650 0
1704622658 2
1704622666 2
1704622674 5
1704622682 1
1704622690 2
1704622698 7
1704622706 7
1704622714 3
1704622722 3
1704622730 2
1704622738 3
1704622746 1
1704622754 0
1704622762 2
1704622770 2
1704622778 3
1704622786 9
1704622794 8
1704622802 3
1704622810 3
1704622818 2
1704622826 3
1704622834 0
1704622842 4
1704622850 1
1704622858 9
1704622866 2
1704622874 1
1704622882 2
1704622890 5
1704622898 2
1704622906 0



# Sketch: 24
1704622314 0
1704622322 5
1704622330 0
1704622338 1
1704622346 10
1704622354 3
1704622362 2
1704622370 5
1704622378 1
1704622386 3
1704622394 2
1704622402 1
1704622410 3
1704622418 11
1704622426 2
1704622434 1
1704622442 4
1704622450 19
1704622458 3
1704622466 1
1704622474 2
1704622482 0
1704622490 1
1704622498 5
1704622506 5
1704622514 5
1704622522 0
1704622530 6
1704622538 0
1704622546 5
1704622554 1
1704622562 0
1704622570 0
1704622578 15
1704622586 33
1704622594 5
1704622602 1
1704622610 11
1704622618 20
1704622626 3
1704622634 5
1704622642 4
1704622650 3
1704622658 8
1704622666 5
1704622674 1
1704622682 0
1704622690 3
1704622698 3
1704622706 1
1704622714 0
1704622722 6
1704622730 1
1704622738 9
1704622746 3
1704622754 1
1704622762 8
1704622770 0
1704622778 1
1704622786 8
1704622794 8
1704622802 8
1704622810 0
1704622818 11
1704622826 0
1704622834 2
1704622842 3
1704622850 3
1704622858 6
1704622866 9
1704622874 4
1704622882 5
1704622890 2
1704622898 8
1704622906 2



# Sketch: 25
1704622314 7
1704622322 5
1704622330 2
1704622338 3
1704622346 4
1704622354 17
1704622362 4
1704622370 2
1704622378 2
1704622386 3
1704622394 0
1704622402 1
1704622410 1
1704622418 3
1704622426 0
1704622434 0
1704622442 6
1704622450 6
1704622458 2
1704622466 5
1704622474 3
1704622482 3
1704622490 1
1704622498 4
1704622506 3
1704622514 3
1704622522 2
1704622530 1
1704622538 0
1704622546 1
1704622554 8
1704622562 4
1704622570 2
1704622578 3
1704622586 4
1704622594 3
1704622602 5
1704622610 2
1704622618 1
1704622626 3
1704622634 6
1704622642 5
1704622650 6
1704622658 1
1704622666 5
1704622674 3
1704622682 6
1704622690 2
1704622698 15
1704622706 10
1704622714 2
1704622722 6
1704622730 11
1704622738 15
1704622746 1
1704622754 11
1704622762 6
1704622770 1
1704622778 3
1704622786 1
1704622794 7
1704622802 4
1704622810 2
1704622818 1
1704622826 4
1704622834 4
1704622842 3
1704622850 0
1704622858 4
1704622866 3
1704622874 5
1704622882 1
1704622890 2
1704622898 3
1704622906 6



# Sketch: 26
1704622314 1
1704622322 3
1704622330 1
1704622338 1
1704622346 1
1704622354 3
1704622362 0
1704622370 1
1704622378 4
1704622386 3
1704622394 3
1704622402 2
1704622410 5
1704622418 12
1704622426 5
1704622434 2
1704622442 3
1704622450 5
1704622458 1
1704622466 2
1704622474 2
1704622482 7
1704622490 3
1704622498 5
1704622506 4
1704622514 2
1704622522 1
1704622530 0
1704622538 2
1704622546 3
1704622554 2
1704622562 1
1704622570 2
1704622578 2
1704622586 3
1704622594 2
1704622602 6
1704622610 6
1704622618 7
1704622626 11
1704622634 2
1704622642 5
1704622650 2
1704622658 1
1704622666 3
1704622674 3
1704622682 2
1704622690 4
1704622698 5
1704622706 1
1704622714 1
1704622722 2
1704622730 2
1704622738 2
1704622746 1
1704622754 2
1704622762 7
1704622770 2
1704622778 2
1704622786 5
1704622794 9
1704622802 0
1704622810 0
1704622818 5
1704622826 3
1704622834 4
1704622842 0
1704622850 4
1704622858 6
1704622866 6
1704622874 0
1704622882 0
1704622890 4
1704622898 6
1704622906 7



# Sketch: 27
1704622314 9
1704622322 11
1704622330 6
1704622338 5
1704622346 8
1704622354 1
1704622362 9
1704622370 3
1704622378 3
1704622386 5
1704622394 8
1704622402 1
1704622410 5
1704622418 4
1704622426 8
1704622434 18
1704622442 16
1704622450 11
1704622458 5
1704622466 12
1704622474 4
1704622482 3
1704622490 3
1704622498 3
1704622506 5
1704622514 5
1704622522 2
1704622530 5
1704622538 7
1704622546 1
1704622554 8
1704622562 9
1704622570 5
1704622578 5
1704622586 4
1704622594 3
1704622602 4
1704622610 5
1704622618 5
1704622626 4
1704622634 5
1704622642 7
1704622650 4
1704622658 1
1704622666 2
1704622674 6
1704622682 5
1704622690 14
1704622698 7
1704622706 8
1704622714 8
1704622722 4
1704622730 4
1704622738 9
1704622746 2
1704622754 6
1704622762 5
1704622770 7
1704622778 5
1704622786 4
1704622794 3
1704622802 4
1704622810 5
1704622818 5
1704622826 3
1704622834 4
1704622842 4
1704622850 65
1704622858 5
1704622866 5
1704622874 11
1704622882 4
1704622890 11
1704622898 16
1704622906 3



# Sketch: 28
1704622314 3
1704622322 6
1704622330 4
1704622338 3
1704622346 6
1704622354 1
1704622362 0
1704622370 1
1704622378 2
1704622386 4
1704622394 4
1704622402 3
1704622410 1
1704622418 6
1704622426 1
1704622434 3
1704622442 5
1704622450 2
1704622458 9
1704622466 3
1704622474 1
1704622482 2
1704622490 8
1704622498 1
1704622506 4
1704622514 4
1704622522 9
1704622530 4
1704622538 4
1704622546 7
1704622554 6
1704622562 2
1704622570 8
1704622578 3
1704622586 3
1704622594 3
1704622602 7
1704622610 8
1704622618 1
1704622626 4
1704622634 1
1704622642 2
1704622650 2
1704622658 0
1704622666 1
1704622674 5
1704622682 5
1704622690 3
1704622698 5
1704622706 3
1704622714 2
1704622722 2
1704622730 1
1704622738 5
1704622746 6
1704622754 2
1704622762 1
1704622770 0
1704622778 5
1704622786 2
1704622794 2
1704622802 3
1704622810 6
1704622818 2
1704622826 2
1704622834 4
1704622842 1
1704622850 1
1704622858 4
1704622866 5
1704622874 1
1704622882 4
1704622890 5
1704622898 3
1704622906 2



# Sketch: 29
1704622314 2
1704622322 3
1704622330 8
1704622338 3
1704622346 4
1704622354 7
1704622362 5
1704622370 2
1704622378 5
1704622386 15
1704622394 4
1704622402 3
1704622410 9
1704622418 4
1704622426 4
1704622434 7
1704622442 7
1704622450 2
1704622458 2
1704622466 1
1704622474 6
1704622482 4
1704622490 6
1704622498 3
1704622506 10
1704622514 5
1704622522 5
1704622530 6
1704622538 3
1704622546 4
1704622554 7
1704622562 6
1704622570 16
1704622578 4
1704622586 8
1704622594 4
1704622602 0
1704622610 4
1704622618 4
1704622626 18
1704622634 20
1704622642 2
1704622650 12
1704622658 2
1704622666 0
1704622674 4
1704622682 11
1704622690 6
1704622698 8
1704622706 12
1704622714 3
1704622722 9
1704622730 1
1704622738 7
1704622746 8
1704622754 4
1704622762 5
1704622770 5
1704622778 5
1704622786 7
1704622794 8
1704622802 15
1704622810 2
1704622818 0
1704622826 2
1704622834 3
1704622842 2
1704622850 2
1704622858 9
1704622866 16
1704622874 6
1704622882 7
1704622890 4
1704622898 9
1704622906 2



# Sketch: 30
1704622314 4
1704622322 8
1704622330 1
1704622338 7
1704622346 4
1704622354 1
1704622362 0
1704622370 1
1704622378 0
1704622386 10
1704622394 4
1704622402 3
1704622410 1
1704622418 1
1704622426 1
1704622434 1
1704622442 4
1704622450 1
1704622458 5
1704622466 0
1704622474 1
1704622482 7
1704622490 2
1704622498 6
1704622506 1
1704622514 0
1704622522 2
1704622530 2
1704622538 6
1704622546 5
1704622554 0
1704622562 6
1704622570 0
1704622578 2
1704622586 4
1704622594 4
1704622602 7
1704622610 2
1704622618 3
1704622626 2
1704622634 2
1704622642 5
1704622650 2
1704622658 4
1704622666 1
1704622674 2
1704622682 1
1704622690 2
1704622698 6
1704622706 16
1704622714 4
1704622722 2
1704622730 2
1704622738 1
1704622746 1
1704622754 4
1704622762 6
1704622770 0
1704622778 3
1704622786 5
1704622794 3
1704622802 1
1704622810 2
1704622818 3
1704622826 1
1704622834 1
1704622842 0
1704622850 3
1704622858 13
1704622866 6
1704622874 9
1704622882 6
1704622890 3
1704622898 6
1704622906 2



# Sketch: 31
1704622314 3
1704622322 3
1704622330 3
1704622338 4
1704622346 2
1704622354 24
1704622362 2
1704622370 14
1704622378 8
1704622386 9
1704622394 5
1704622402 3
1704622410 6
1704622418 10
1704622426 7
1704622434 6
1704622442 4
1704622450 4
1704622458 9
1704622466 0
1704622474 1
1704622482 6
1704622490 1
1704622498 7
1704622506 5
1704622514 8
1704622522 5
1704622530 9
1704622538 5
1704622546 2
1704622554 3
1704622562 16
1704622570 20
1704622578 2
1704622586 10
1704622594 1
1704622602 1
1704622610 2
1704622618 4
1704622626 22
1704622634 9
1704622642 3
1704622650 9
1704622658 3
1704622666 1
1704622674 5
1704622682 1
1704622690 2
1704622698 2
1704622706 5
1704622714 2
1704622722 1
1704622730 2
1704622738 31
1704622746 6
1704622754 4
1704622762 4
1704622770 9
1704622778 6
1704622786 4
1704622794 2
1704622802 3
1704622810 1
1704622818 1
1704622826 9
1704622834 4
1704622842 5
1704622850 5
1704622858 14
1704622866 7
1704622874 11
1704622882 6
1704622890 14
1704622898 13
1704622906 1

