

# Sketch: 0
1704622314 60
1704622442 47
1704622570 108
1704622698 44
1704622826 28



# Sketch: 1
1704622314 51
1704622442 59
1704622570 73
1704622698 53
1704622826 33



# Sketch: 2
1704622314 50
1704622442 80
1704622570 122
1704622698 49
1704622826 57



# Sketch: 3
1704622314 67
1704622442 33
1704622570 44
1704622698 48
1704622826 24



# Sketch: 4
1704622314 37
1704622442 60
1704622570 44
1704622698 69
1704622826 48



# Sketch: 5
1704622314 68
1704622442 68
1704622570 58
1704622698 53
1704622826 32



# Sketch: 6
1704622314 72
1704622442 67
1704622570 51
1704622698 105
1704622826 69



# Sketch: 7
1704622314 60
1704622442 39
1704622570 42
1704622698 53
1704622826 40



# Sketch: 8
1704622314 68
1704622442 50
1704622570 75
1704622698 51
1704622826 42



# Sketch: 9
1704622314 50
1704622442 48
1704622570 44
1704622698 54
1704622826 59



# Sketch: 10
1704622314 64
1704622442 56
1704622570 57
1704622698 71
1704622826 55



# Sketch: 11
1704622314 62
1704622442 91
1704622570 91
1704622698 55
1704622826 58



# Sketch: 12
1704622314 42
1704622442 64
1704622570 60
1704622698 54
1704622826 29



# Sketch: 13
1704622314 62
1704622442 83
1704622570 44
1704622698 70
1704622826 28



# Sketch: 14
1704622314 101
1704622442 67
1704622570 66
1704622698 151
1704622826 60



# Sketch: 15
1704622314 59
1704622442 83
1704622570 69
1704622698 52
1704622826 36



# Sketch: 16
1704622314 44
1704622442 46
1704622570 36
1704622698 61
1704622826 46



# Sketch: 17
1704622314 45
1704622442 55
1704622570 64
1704622698 46
1704622826 36



# Sketch: 18
1704622314 68
1704622442 38
1704622570 54
1704622698 59
1704622826 68



# Sketch: 19
1704622314 49
1704622442 42
1704622570 57
1704622698 60
1704622826 43



# Sketch: 20
1704622314 63
1704622442 69
1704622570 51
1704622698 61
1704622826 68



# Sketch: 21
1704622314 108
1704622442 68
1704622570 87
1704622698 91
1704622826 62



# Sketch: 22
1704622314 45
1704622442 54
1704622570 57
1704622698 40
1704622826 33



# Sketch: 23
1704622314 43
1704622442 47
1704622570 54
1704622698 57
1704622826 35



# Sketch: 24
1704622314 37
1704622442 76
1704622570 65
1704622698 60
1704622826 25



# Sketch: 25
1704622314 71
1704622442 89
1704622570 60
1704622698 100
1704622826 44



# Sketch: 26
1704622314 49
1704622442 46
1704622570 50
1704622698 44
1704622826 45



# Sketch: 27
1704622314 89
1704622442 101
1704622570 103
1704622698 111
1704622826 112



# Sketch: 28
1704622314 74
1704622442 62
1704622570 65
1704622698 69
1704622826 33



# Sketch: 29
1704622314 37
1704622442 48
1704622570 90
1704622698 51
1704622826 38



# Sketch: 30
1704622314 55
1704622442 62
1704622570 82
1704622698 55
1704622826 51



# Sketch: 31
1704622314 42
1704622442 31
1704622570 35
1704622698 34
1704622826 42

