

# Sketch: 0
1704622314 21
1704622346 19
1704622378 19
1704622410 12
1704622442 28
1704622474 20
1704622506 10
1704622538 32
1704622570 24
1704622602 8
1704622634 10
1704622666 25
1704622698 24
1704622730 10
1704622762 15
1704622794 15
1704622826 16
1704622858 19
1704622890 8



# Sketch: 1
1704622314 11
1704622346 9
1704622378 11
1704622410 7
1704622442 14
1704622474 23
1704622506 10
1704622538 10
1704622570 10
1704622602 27
1704622634 10
1704622666 20
1704622698 15
1704622730 9
1704622762 13
1704622794 15
1704622826 8
1704622858 15
1704622890 5



# Sketch: 2
1704622314 15
1704622346 17
1704622378 37
1704622410 36
1704622442 22
1704622474 20
1704622506 27
1704622538 22
1704622570 40
1704622602 56
1704622634 27
1704622666 9
1704622698 15
1704622730 37
1704622762 24
1704622794 14
1704622826 10
1704622858 31
1704622890 27



# Sketch: 3
1704622314 12
1704622346 1
1704622378 8
1704622410 13
1704622442 11
1704622474 15
1704622506 16
1704622538 13
1704622570 5
1704622602 17
1704622634 7
1704622666 14
1704622698 8
1704622730 11
1704622762 8
1704622794 14
1704622826 62
1704622858 16
1704622890 17



# Sketch: 4
1704622314 13
1704622346 5
1704622378 16
1704622410 13
1704622442 8
1704622474 15
1704622506 12
1704622538 8
1704622570 20
1704622602 21
1704622634 7
1704622666 7
1704622698 12
1704622730 10
1704622762 9
1704622794 7
1704622826 5
1704622858 24
1704622890 10



# Sketch: 5
1704622314 19
1704622346 9
1704622378 7
1704622410 22
1704622442 14
1704622474 11
1704622506 14
1704622538 23
1704622570 14
1704622602 11
1704622634 4
1704622666 7
1704622698 12
1704622730 14
1704622762 13
1704622794 5
1704622826 15
1704622858 30
1704622890 25



# Sketch: 6
1704622314 9
1704622346 8
1704622378 12
1704622410 18
1704622442 4
1704622474 15
1704622506 9
1704622538 7
1704622570 38
1704622602 15
1704622634 16
1704622666 10
1704622698 18
1704622730 15
1704622762 3
1704622794 9
1704622826 16
1704622858 21
1704622890 13



# Sketch: 7
1704622314 7
1704622346 6
1704622378 10
1704622410 30
1704622442 4
1704622474 8
1704622506 11
1704622538 7
1704622570 13
1704622602 12
1704622634 10
1704622666 5
1704622698 16
1704622730 6
1704622762 17
1704622794 20
1704622826 14
1704622858 28
1704622890 16



# Sketch: 8
1704622314 11
1704622346 11
1704622378 8
1704622410 15
1704622442 17
1704622474 32
1704622506 3
1704622538 16
1704622570 8
1704622602 9
1704622634 10
1704622666 7
1704622698 8
1704622730 13
1704622762 17
1704622794 22
1704622826 7
1704622858 14
1704622890 6



# Sketch: 9
1704622314 15
1704622346 15
1704622378 14
1704622410 7
1704622442 25
1704622474 19
1704622506 17
1704622538 9
1704622570 19
1704622602 18
1704622634 12
1704622666 17
1704622698 36
1704622730 9
1704622762 11
1704622794 10
1704622826 7
1704622858 19
1704622890 13



# Sketch: 10
1704622314 22
1704622346 6
1704622378 38
1704622410 30
1704622442 13
1704622474 27
1704622506 24
1704622538 28
1704622570 22
1704622602 39
1704622634 36
1704622666 23
1704622698 6
1704622730 25
1704622762 25
1704622794 18
1704622826 20
1704622858 38
1704622890 23



# Sketch: 11
1704622314 12
1704622346 11
1704622378 13
1704622410 15
1704622442 23
1704622474 11
1704622506 12
1704622538 18
1704622570 14
1704622602 8
1704622634 26
1704622666 8
1704622698 15
1704622730 7
1704622762 22
1704622794 13
1704622826 24
1704622858 28
1704622890 10



# Sketch: 12
1704622314 17
1704622346 4
1704622378 8
1704622410 19
1704622442 17
1704622474 7
1704622506 13
1704622538 7
1704622570 9
1704622602 17
1704622634 10
1704622666 30
1704622698 4
1704622730 10
1704622762 4
1704622794 26
1704622826 10
1704622858 11
1704622890 13



# Sketch: 13
1704622314 15
1704622346 43
1704622378 26
1704622410 15
1704622442 20
1704622474 14
1704622506 10
1704622538 15
1704622570 31
1704622602 6
1704622634 19
1704622666 14
1704622698 68
1704622730 35
1704622762 15
1704622794 13
1704622826 23
1704622858 13
1704622890 14



# Sketch: 14
1704622314 28
1704622346 20
1704622378 10
1704622410 34
1704622442 18
1704622474 27
1704622506 10
1704622538 15
1704622570 14
1704622602 18
1704622634 13
1704622666 22
1704622698 19
1704622730 15
1704622762 23
1704622794 11
1704622826 10
1704622858 12
1704622890 11



# Sketch: 15
1704622314 11
1704622346 12
1704622378 10
1704622410 6
1704622442 14
1704622474 25
1704622506 13
1704622538 11
1704622570 7
1704622602 9
1704622634 11
1704622666 15
1704622698 18
1704622730 12
1704622762 10
1704622794 18
1704622826 9
1704622858 14
1704622890 9



# Sketch: 16
1704622314 17
1704622346 13
1704622378 11
1704622410 7
1704622442 16
1704622474 8
1704622506 7
1704622538 9
1704622570 14
1704622602 10
1704622634 9
1704622666 7
1704622698 22
1704622730 11
1704622762 10
1704622794 25
1704622826 12
1704622858 9
1704622890 11



# Sketch: 17
1704622314 9
1704622346 6
1704622378 19
1704622410 17
1704622442 24
1704622474 11
1704622506 12
1704622538 22
1704622570 10
1704622602 20
1704622634 15
1704622666 13
1704622698 21
1704622730 16
1704622762 6
1704622794 18
1704622826 6
1704622858 14
1704622890 7



# Sketch: 18
1704622314 11
1704622346 12
1704622378 13
1704622410 17
1704622442 17
1704622474 9
1704622506 16
1704622538 19
1704622570 10
1704622602 5
1704622634 7
1704622666 12
1704622698 13
1704622730 10
1704622762 4
1704622794 9
1704622826 18
1704622858 18
1704622890 14



# Sketch: 19
1704622314 26
1704622346 13
1704622378 15
1704622410 7
1704622442 14
1704622474 13
1704622506 13
1704622538 12
1704622570 17
1704622602 28
1704622634 11
1704622666 11
1704622698 17
1704622730 8
1704622762 11
1704622794 21
1704622826 5
1704622858 10
1704622890 11



# Sketch: 20
1704622314 7
1704622346 15
1704622378 10
1704622410 19
1704622442 15
1704622474 7
1704622506 9
1704622538 18
1704622570 8
1704622602 20
1704622634 4
1704622666 4
1704622698 11
1704622730 14
1704622762 19
1704622794 20
1704622826 13
1704622858 12
1704622890 12



# Sketch: 21
1704622314 21
1704622346 7
1704622378 11
1704622410 16
1704622442 13
1704622474 10
1704622506 7
1704622538 18
1704622570 16
1704622602 17
1704622634 8
1704622666 17
1704622698 18
1704622730 15
1704622762 5
1704622794 20
1704622826 6
1704622858 18
1704622890 11



# Sketch: 22
1704622314 16
1704622346 24
1704622378 14
1704622410 5
1704622442 18
1704622474 16
1704622506 20
1704622538 20
1704622570 17
1704622602 13
1704622634 16
1704622666 22
1704622698 19
1704622730 19
1704622762 13
1704622794 22
1704622826 26
1704622858 13
1704622890 10



# Sketch: 23
1704622314 12
1704622346 8
1704622378 21
1704622410 10
1704622442 14
1704622474 11
1704622506 8
1704622538 20
1704622570 27
1704622602 18
1704622634 18
1704622666 15
1704622698 23
1704622730 9
1704622762 4
1704622794 7
1704622826 26
1704622858 20
1704622890 5



# Sketch: 24
1704622314 21
1704622346 30
1704622378 24
1704622410 10
1704622442 23
1704622474 25
1704622506 25
1704622538 19
1704622570 87
1704622602 53
1704622634 54
1704622666 21
1704622698 18
1704622730 30
1704622762 14
1704622794 36
1704622826 14
1704622858 28
1704622890 16



# Sketch: 25
1704622314 13
1704622346 24
1704622378 14
1704622410 22
1704622442 18
1704622474 23
1704622506 17
1704622538 6
1704622570 12
1704622602 13
1704622634 15
1704622666 23
1704622698 24
1704622730 8
1704622762 16
1704622794 22
1704622826 12
1704622858 21
1704622890 13



# Sketch: 26
1704622314 15
1704622346 25
1704622378 14
1704622410 33
1704622442 28
1704622474 15
1704622506 22
1704622538 15
1704622570 36
1704622602 17
1704622634 19
1704622666 15
1704622698 33
1704622730 17
1704622762 12
1704622794 33
1704622826 20
1704622858 20
1704622890 21



# Sketch: 27
1704622314 23
1704622346 22
1704622378 8
1704622410 21
1704622442 30
1704622474 17
1704622506 15
1704622538 11
1704622570 17
1704622602 9
1704622634 13
1704622666 5
1704622698 34
1704622730 9
1704622762 14
1704622794 31
1704622826 15
1704622858 27
1704622890 17



# Sketch: 28
1704622314 14
1704622346 8
1704622378 7
1704622410 5
1704622442 9
1704622474 8
1704622506 8
1704622538 7
1704622570 8
1704622602 11
1704622634 8
1704622666 8
1704622698 17
1704622730 15
1704622762 13
1704622794 11
1704622826 6
1704622858 8
1704622890 9



# Sketch: 29
1704622314 5
1704622346 8
1704622378 10
1704622410 10
1704622442 7
1704622474 10
1704622506 17
1704622538 17
1704622570 12
1704622602 16
1704622634 13
1704622666 7
1704622698 10
1704622730 24
1704622762 15
1704622794 7
1704622826 6
1704622858 25
1704622890 13



# Sketch: 30
1704622314 21
1704622346 14
1704622378 8
1704622410 14
1704622442 17
1704622474 17
1704622506 9
1704622538 15
1704622570 15
1704622602 11
1704622634 12
1704622666 23
1704622698 11
1704622730 19
1704622762 13
1704622794 12
1704622826 11
1704622858 11
1704622890 9



# Sketch: 31
1704622314 17
1704622346 6
1704622378 5
1704622410 19
1704622442 9
1704622474 10
1704622506 18
1704622538 3
1704622570 5
1704622602 7
1704622634 9
1704622666 5
1704622698 11
1704622730 16
1704622762 13
1704622794 22
1704622826 7
1704622858 21
1704622890 13

