

# Sketch: 0
1704622914 0
1704622922 12
1704622930 4
1704622938 2
1704622946 1
1704622954 0
1704622962 6
1704622970 0
1704622978 3
1704622986 4
1704622994 5
1704623002 2
1704623010 1
1704623018 0
1704623026 0
1704623034 6
1704623042 4
1704623050 7
1704623058 3
1704623066 10
1704623074 2
1704623082 2
1704623090 5
1704623098 2
1704623106 1
1704623114 0
1704623122 4
1704623130 1
1704623138 6
1704623146 7
1704623154 1
1704623162 3
1704623170 13
1704623178 5
1704623186 7
1704623194 4
1704623202 12
1704623210 2
1704623218 5
1704623226 4
1704623234 5
1704623242 3
1704623250 5
1704623258 4
1704623266 2
1704623274 2
1704623282 3
1704623290 3
1704623298 5
1704623306 6
1704623314 2
1704623322 2
1704623330 1
1704623338 7
1704623346 2
1704623354 2
1704623362 3
1704623370 3
1704623378 5
1704623386 1
1704623394 3
1704623402 2
1704623410 1
1704623418 0
1704623426 5
1704623434 2
1704623442 0
1704623450 2
1704623458 3
1704623466 3
1704623474 4
1704623482 0
1704623490 4
1704623498 0
1704623506 2



# Sketch: 1
1704622914 5
1704622922 10
1704622930 7
1704622938 10
1704622946 11
1704622954 2
1704622962 1
1704622970 10
1704622978 6
1704622986 10
1704622994 8
1704623002 4
1704623010 7
1704623018 10
1704623026 1
1704623034 6
1704623042 7
1704623050 7
1704623058 10
1704623066 3
1704623074 6
1704623082 0
1704623090 6
1704623098 5
1704623106 7
1704623114 5
1704623122 6
1704623130 24
1704623138 8
1704623146 7
1704623154 4
1704623162 7
1704623170 3
1704623178 9
1704623186 3
1704623194 5
1704623202 0
1704623210 8
1704623218 18
1704623226 11
1704623234 8
1704623242 7
1704623250 17
1704623258 11
1704623266 5
1704623274 5
1704623282 5
1704623290 8
1704623298 4
1704623306 3
1704623314 8
1704623322 2
1704623330 2
1704623338 8
1704623346 10
1704623354 7
1704623362 6
1704623370 7
1704623378 8
1704623386 4
1704623394 9
1704623402 3
1704623410 5
1704623418 5
1704623426 13
1704623434 2
1704623442 5
1704623450 6
1704623458 14
1704623466 7
1704623474 7
1704623482 4
1704623490 23
1704623498 2
1704623506 0



# Sketch: 2
1704622914 3
1704622922 5
1704622930 2
1704622938 3
1704622946 2
1704622954 2
1704622962 1
1704622970 3
1704622978 1
1704622986 2
1704622994 9
1704623002 7
1704623010 7
1704623018 4
1704623026 1
1704623034 2
1704623042 9
1704623050 3
1704623058 6
1704623066 1
1704623074 4
1704623082 0
1704623090 3
1704623098 3
1704623106 10
1704623114 0
1704623122 4
1704623130 0
1704623138 3
1704623146 4
1704623154 3
1704623162 6
1704623170 2
1704623178 2
1704623186 34
1704623194 0
1704623202 2
1704623210 0
1704623218 15
1704623226 1
1704623234 3
1704623242 4
1704623250 2
1704623258 0
1704623266 0
1704623274 3
1704623282 6
1704623290 5
1704623298 2
1704623306 1
1704623314 1
1704623322 1
1704623330 1
1704623338 1
1704623346 0
1704623354 4
1704623362 2
1704623370 0
1704623378 2
1704623386 4
1704623394 6
1704623402 1
1704623410 4
1704623418 0
1704623426 7
1704623434 2
1704623442 4
1704623450 7
1704623458 12
1704623466 7
1704623474 9
1704623482 1
1704623490 4
1704623498 2
1704623506 1



# Sketch: 3
1704622914 3
1704622922 7
1704622930 6
1704622938 1
1704622946 1
1704622954 5
1704622962 1
1704622970 9
1704622978 19
1704622986 1
1704622994 3
1704623002 5
1704623010 1
1704623018 1
1704623026 4
1704623034 5
1704623042 6
1704623050 3
1704623058 4
1704623066 1
1704623074 4
1704623082 4
1704623090 1
1704623098 7
1704623106 3
1704623114 3
1704623122 6
1704623130 5
1704623138 2
1704623146 4
1704623154 1
1704623162 6
1704623170 3
1704623178 6
1704623186 3
1704623194 2
1704623202 2
1704623210 1
1704623218 4
1704623226 4
1704623234 3
1704623242 1
1704623250 7
1704623258 8
1704623266 1
1704623274 1
1704623282 5
1704623290 4
1704623298 3
1704623306 4
1704623314 5
1704623322 1
1704623330 4
1704623338 5
1704623346 1
1704623354 4
1704623362 5
1704623370 1
1704623378 4
1704623386 1
1704623394 2
1704623402 5
1704623410 7
1704623418 3
1704623426 0
1704623434 4
1704623442 8
1704623450 4
1704623458 3
1704623466 2
1704623474 2
1704623482 1
1704623490 1
1704623498 3
1704623506 3



# Sketch: 4
1704622914 6
1704622922 8
1704622930 5
1704622938 2
1704622946 2
1704622954 0
1704622962 3
1704622970 5
1704622978 1
1704622986 2
1704622994 2
1704623002 5
1704623010 1
1704623018 4
1704623026 5
1704623034 1
1704623042 2
1704623050 1
1704623058 1
1704623066 2
1704623074 4
1704623082 0
1704623090 0
1704623098 9
1704623106 0
1704623114 2
1704623122 1
1704623130 1
1704623138 0
1704623146 2
1704623154 0
1704623162 0
1704623170 0
1704623178 5
1704623186 2
1704623194 4
1704623202 4
1704623210 2
1704623218 4
1704623226 1
1704623234 2
1704623242 2
1704623250 2
1704623258 5
1704623266 10
1704623274 4
1704623282 2
1704623290 0
1704623298 4
1704623306 3
1704623314 7
1704623322 3
1704623330 1
1704623338 3
1704623346 1
1704623354 1
1704623362 4
1704623370 7
1704623378 2
1704623386 5
1704623394 5
1704623402 4
1704623410 1
1704623418 8
1704623426 1
1704623434 3
1704623442 1
1704623450 4
1704623458 4
1704623466 1
1704623474 2
1704623482 3
1704623490 3
1704623498 11
1704623506 6



# Sketch: 5
1704622914 2
1704622922 5
1704622930 5
1704622938 2
1704622946 3
1704622954 6
1704622962 2
1704622970 2
1704622978 3
1704622986 0
1704622994 1
1704623002 2
1704623010 2
1704623018 11
1704623026 3
1704623034 4
1704623042 3
1704623050 5
1704623058 10
1704623066 2
1704623074 4
1704623082 8
1704623090 3
1704623098 9
1704623106 2
1704623114 3
1704623122 3
1704623130 4
1704623138 3
1704623146 6
1704623154 2
1704623162 6
1704623170 8
1704623178 5
1704623186 4
1704623194 1
1704623202 5
1704623210 5
1704623218 1
1704623226 1
1704623234 2
1704623242 3
1704623250 5
1704623258 5
1704623266 3
1704623274 3
1704623282 5
1704623290 1
1704623298 2
1704623306 3
1704623314 1
1704623322 2
1704623330 1
1704623338 4
1704623346 0
1704623354 1
1704623362 2
1704623370 4
1704623378 0
1704623386 1
1704623394 4
1704623402 5
1704623410 2
1704623418 3
1704623426 0
1704623434 4
1704623442 2
1704623450 3
1704623458 1
1704623466 3
1704623474 0
1704623482 9
1704623490 0
1704623498 2
1704623506 5



# Sketch: 6
1704622914 15
1704622922 3
1704622930 10
1704622938 4
1704622946 5
1704622954 6
1704622962 5
1704622970 4
1704622978 1
1704622986 7
1704622994 13
1704623002 2
1704623010 2
1704623018 1
1704623026 2
1704623034 8
1704623042 2
1704623050 6
1704623058 5
1704623066 4
1704623074 5
1704623082 1
1704623090 4
1704623098 2
1704623106 4
1704623114 2
1704623122 7
1704623130 1
1704623138 4
1704623146 14
1704623154 5
1704623162 15
1704623170 4
1704623178 2
1704623186 10
1704623194 4
1704623202 2
1704623210 3
1704623218 2
1704623226 15
1704623234 10
1704623242 4
1704623250 7
1704623258 15
1704623266 27
1704623274 9
1704623282 2
1704623290 0
1704623298 5
1704623306 7
1704623314 5
1704623322 7
1704623330 3
1704623338 0
1704623346 0
1704623354 7
1704623362 5
1704623370 2
1704623378 3
1704623386 4
1704623394 5
1704623402 6
1704623410 4
1704623418 2
1704623426 2
1704623434 4
1704623442 2
1704623450 5
1704623458 6
1704623466 0
1704623474 3
1704623482 4
1704623490 5
1704623498 1
1704623506 0



# Sketch: 7
1704622914 3
1704622922 3
1704622930 11
1704622938 4
1704622946 2
1704622954 14
1704622962 4
1704622970 12
1704622978 5
1704622986 10
1704622994 4
1704623002 3
1704623010 0
1704623018 2
1704623026 8
1704623034 4
1704623042 6
1704623050 17
1704623058 2
1704623066 1
1704623074 1
1704623082 0
1704623090 2
1704623098 3
1704623106 6
1704623114 6
1704623122 5
1704623130 6
1704623138 3
1704623146 21
1704623154 3
1704623162 10
1704623170 5
1704623178 3
1704623186 5
1704623194 2
1704623202 5
1704623210 2
1704623218 3
1704623226 6
1704623234 6
1704623242 1
1704623250 4
1704623258 3
1704623266 3
1704623274 3
1704623282 1
1704623290 5
1704623298 8
1704623306 4
1704623314 2
1704623322 5
1704623330 6
1704623338 3
1704623346 6
1704623354 0
1704623362 0
1704623370 9
1704623378 5
1704623386 4
1704623394 11
1704623402 9
1704623410 0
1704623418 9
1704623426 5
1704623434 2
1704623442 1
1704623450 17
1704623458 1
1704623466 2
1704623474 4
1704623482 3
1704623490 3
1704623498 1
1704623506 0



# Sketch: 8
1704622914 5
1704622922 10
1704622930 13
1704622938 5
1704622946 7
1704622954 3
1704622962 2
1704622970 4
1704622978 8
1704622986 4
1704622994 0
1704623002 9
1704623010 3
1704623018 2
1704623026 0
1704623034 0
1704623042 6
1704623050 5
1704623058 2
1704623066 6
1704623074 1
1704623082 1
1704623090 6
1704623098 7
1704623106 1
1704623114 0
1704623122 4
1704623130 4
1704623138 12
1704623146 4
1704623154 4
1704623162 4
1704623170 7
1704623178 3
1704623186 3
1704623194 1
1704623202 5
1704623210 1
1704623218 1
1704623226 0
1704623234 2
1704623242 1
1704623250 2
1704623258 2
1704623266 3
1704623274 0
1704623282 6
1704623290 10
1704623298 1
1704623306 2
1704623314 5
1704623322 3
1704623330 2
1704623338 2
1704623346 6
1704623354 4
1704623362 4
1704623370 15
1704623378 1
1704623386 0
1704623394 6
1704623402 2
1704623410 0
1704623418 5
1704623426 2
1704623434 4
1704623442 1
1704623450 0
1704623458 8
1704623466 6
1704623474 4
1704623482 3
1704623490 2
1704623498 5
1704623506 0



# Sketch: 9
1704622914 6
1704622922 6
1704622930 16
1704622938 4
1704622946 2
1704622954 5
1704622962 3
1704622970 2
1704622978 1
1704622986 4
1704622994 2
1704623002 0
1704623010 5
1704623018 13
1704623026 5
1704623034 2
1704623042 5
1704623050 7
1704623058 8
1704623066 7
1704623074 3
1704623082 3
1704623090 12
1704623098 4
1704623106 9
1704623114 3
1704623122 4
1704623130 5
1704623138 1
1704623146 9
1704623154 7
1704623162 3
1704623170 13
1704623178 22
1704623186 3
1704623194 3
1704623202 3
1704623210 5
1704623218 1
1704623226 3
1704623234 3
1704623242 1
1704623250 14
1704623258 4
1704623266 11
1704623274 2
1704623282 4
1704623290 2
1704623298 3
1704623306 2
1704623314 3
1704623322 3
1704623330 7
1704623338 0
1704623346 4
1704623354 1
1704623362 1
1704623370 2
1704623378 1
1704623386 0
1704623394 10
1704623402 5
1704623410 3
1704623418 3
1704623426 3
1704623434 3
1704623442 2
1704623450 18
1704623458 5
1704623466 3
1704623474 3
1704623482 4
1704623490 3
1704623498 8
1704623506 0



# Sketch: 10
1704622914 4
1704622922 5
1704622930 2
1704622938 2
1704622946 5
1704622954 0
1704622962 3
1704622970 3
1704622978 4
1704622986 3
1704622994 2
1704623002 2
1704623010 6
1704623018 3
1704623026 4
1704623034 1
1704623042 2
1704623050 3
1704623058 3
1704623066 6
1704623074 4
1704623082 0
1704623090 2
1704623098 3
1704623106 4
1704623114 1
1704623122 5
1704623130 1
1704623138 5
1704623146 4
1704623154 4
1704623162 6
1704623170 6
1704623178 1
1704623186 3
1704623194 5
1704623202 4
1704623210 2
1704623218 2
1704623226 1
1704623234 7
1704623242 3
1704623250 4
1704623258 0
1704623266 3
1704623274 3
1704623282 5
1704623290 3
1704623298 1
1704623306 1
1704623314 1
1704623322 4
1704623330 4
1704623338 4
1704623346 3
1704623354 2
1704623362 6
1704623370 4
1704623378 3
1704623386 3
1704623394 0
1704623402 2
1704623410 0
1704623418 3
1704623426 3
1704623434 6
1704623442 1
1704623450 2
1704623458 1
1704623466 4
1704623474 1
1704623482 4
1704623490 2
1704623498 2
1704623506 1



# Sketch: 11
1704622914 3
1704622922 2
1704622930 7
1704622938 4
1704622946 5
1704622954 7
1704622962 3
1704622970 5
1704622978 1
1704622986 2
1704622994 6
1704623002 0
1704623010 7
1704623018 5
1704623026 0
1704623034 5
1704623042 3
1704623050 3
1704623058 10
1704623066 1
1704623074 3
1704623082 1
1704623090 3
1704623098 2
1704623106 5
1704623114 1
1704623122 5
1704623130 3
1704623138 6
1704623146 5
1704623154 4
1704623162 7
1704623170 4
1704623178 3
1704623186 4
1704623194 6
1704623202 14
1704623210 2
1704623218 7
1704623226 4
1704623234 3
1704623242 3
1704623250 5
1704623258 3
1704623266 1
1704623274 1
1704623282 3
1704623290 13
1704623298 1
1704623306 0
1704623314 1
1704623322 2
1704623330 1
1704623338 1
1704623346 3
1704623354 3
1704623362 1
1704623370 2
1704623378 0
1704623386 5
1704623394 0
1704623402 5
1704623410 5
1704623418 10
1704623426 5
1704623434 4
1704623442 2
1704623450 7
1704623458 7
1704623466 0
1704623474 5
1704623482 7
1704623490 1
1704623498 2
1704623506 0



# Sketch: 12
1704622914 11
1704622922 1
1704622930 1
1704622938 4
1704622946 4
1704622954 2
1704622962 1
1704622970 0
1704622978 6
1704622986 1
1704622994 0
1704623002 0
1704623010 3
1704623018 5
1704623026 1
1704623034 2
1704623042 2
1704623050 8
1704623058 1
1704623066 6
1704623074 4
1704623082 6
1704623090 1
1704623098 2
1704623106 3
1704623114 1
1704623122 2
1704623130 6
1704623138 2
1704623146 10
1704623154 6
1704623162 2
1704623170 2
1704623178 3
1704623186 0
1704623194 6
1704623202 8
1704623210 4
1704623218 8
1704623226 5
1704623234 0
1704623242 5
1704623250 6
1704623258 3
1704623266 3
1704623274 3
1704623282 1
1704623290 2
1704623298 4
1704623306 3
1704623314 2
1704623322 4
1704623330 2
1704623338 1
1704623346 1
1704623354 5
1704623362 2
1704623370 1
1704623378 3
1704623386 3
1704623394 4
1704623402 0
1704623410 1
1704623418 1
1704623426 3
1704623434 6
1704623442 2
1704623450 10
1704623458 3
1704623466 9
1704623474 0
1704623482 7
1704623490 1
1704623498 2
1704623506 0



# Sketch: 13
1704622914 5
1704622922 4
1704622930 5
1704622938 9
1704622946 4
1704622954 3
1704622962 5
1704622970 5
1704622978 1
1704622986 1
1704622994 2
1704623002 2
1704623010 9
1704623018 0
1704623026 2
1704623034 4
1704623042 4
1704623050 1
1704623058 6
1704623066 2
1704623074 3
1704623082 1
1704623090 5
1704623098 4
1704623106 3
1704623114 2
1704623122 5
1704623130 5
1704623138 12
1704623146 2
1704623154 2
1704623162 2
1704623170 3
1704623178 2
1704623186 5
1704623194 6
1704623202 1
1704623210 7
1704623218 1
1704623226 2
1704623234 2
1704623242 2
1704623250 2
1704623258 4
1704623266 4
1704623274 4
1704623282 4
1704623290 11
1704623298 2
1704623306 5
1704623314 6
1704623322 1
1704623330 3
1704623338 1
1704623346 5
1704623354 0
1704623362 7
1704623370 2
1704623378 12
1704623386 4
1704623394 2
1704623402 5
1704623410 0
1704623418 2
1704623426 2
1704623434 0
1704623442 0
1704623450 1
1704623458 3
1704623466 0
1704623474 1
1704623482 2
1704623490 6
1704623498 0
1704623506 5



# Sketch: 14
1704622914 2
1704622922 5
1704622930 3
1704622938 6
1704622946 4
1704622954 2
1704622962 3
1704622970 7
1704622978 6
1704622986 3
1704622994 1
1704623002 3
1704623010 1
1704623018 6
1704623026 4
1704623034 0
1704623042 2
1704623050 4
1704623058 8
1704623066 2
1704623074 6
1704623082 5
1704623090 8
1704623098 5
1704623106 5
1704623114 2
1704623122 14
1704623130 5
1704623138 1
1704623146 7
1704623154 3
1704623162 2
1704623170 5
1704623178 5
1704623186 8
1704623194 1
1704623202 2
1704623210 4
1704623218 8
1704623226 3
1704623234 1
1704623242 4
1704623250 0
1704623258 7
1704623266 9
1704623274 2
1704623282 5
1704623290 2
1704623298 4
1704623306 6
1704623314 7
1704623322 4
1704623330 4
1704623338 1
1704623346 3
1704623354 3
1704623362 4
1704623370 3
1704623378 1
1704623386 1
1704623394 0
1704623402 4
1704623410 2
1704623418 4
1704623426 3
1704623434 1
1704623442 1
1704623450 4
1704623458 1
1704623466 5
1704623474 4
1704623482 6
1704623490 3
1704623498 1
1704623506 4



# Sketch: 15
1704622914 5
1704622922 5
1704622930 12
1704622938 21
1704622946 2
1704622954 12
1704622962 5
1704622970 8
1704622978 6
1704622986 8
1704622994 3
1704623002 4
1704623010 8
1704623018 7
1704623026 3
1704623034 7
1704623042 13
1704623050 4
1704623058 4
1704623066 7
1704623074 6
1704623082 2
1704623090 2
1704623098 6
1704623106 12
1704623114 7
1704623122 14
1704623130 10
1704623138 8
1704623146 9
1704623154 10
1704623162 4
1704623170 15
1704623178 4
1704623186 4
1704623194 16
1704623202 2
1704623210 3
1704623218 4
1704623226 14
1704623234 13
1704623242 4
1704623250 18
1704623258 2
1704623266 6
1704623274 8
1704623282 6
1704623290 13
1704623298 4
1704623306 11
1704623314 6
1704623322 0
1704623330 3
1704623338 4
1704623346 20
1704623354 13
1704623362 3
1704623370 7
1704623378 6
1704623386 3
1704623394 10
1704623402 4
1704623410 2
1704623418 4
1704623426 5
1704623434 7
1704623442 5
1704623450 5
1704623458 10
1704623466 5
1704623474 7
1704623482 7
1704623490 1
1704623498 7
1704623506 5



# Sketch: 16
1704622914 0
1704622922 8
1704622930 3
1704622938 5
1704622946 9
1704622954 6
1704622962 4
1704622970 2
1704622978 4
1704622986 3
1704622994 4
1704623002 1
1704623010 1
1704623018 6
1704623026 3
1704623034 3
1704623042 4
1704623050 2
1704623058 7
1704623066 7
1704623074 21
1704623082 2
1704623090 1
1704623098 2
1704623106 5
1704623114 1
1704623122 11
1704623130 2
1704623138 22
1704623146 3
1704623154 12
1704623162 7
1704623170 5
1704623178 9
1704623186 3
1704623194 9
1704623202 6
1704623210 1
1704623218 8
1704623226 5
1704623234 4
1704623242 5
1704623250 13
1704623258 2
1704623266 1
1704623274 10
1704623282 2
1704623290 7
1704623298 3
1704623306 3
1704623314 4
1704623322 4
1704623330 8
1704623338 3
1704623346 3
1704623354 3
1704623362 3
1704623370 6
1704623378 2
1704623386 5
1704623394 8
1704623402 5
1704623410 0
1704623418 3
1704623426 2
1704623434 10
1704623442 3
1704623450 4
1704623458 3
1704623466 4
1704623474 2
1704623482 2
1704623490 7
1704623498 3
1704623506 2



# Sketch: 17
1704622914 18
1704622922 3
1704622930 1
1704622938 0
1704622946 11
1704622954 1
1704622962 4
1704622970 5
1704622978 6
1704622986 2
1704622994 0
1704623002 3
1704623010 1
1704623018 3
1704623026 3
1704623034 2
1704623042 4
1704623050 6
1704623058 9
1704623066 8
1704623074 4
1704623082 1
1704623090 2
1704623098 4
1704623106 1
1704623114 0
1704623122 3
1704623130 2
1704623138 8
1704623146 2
1704623154 5
1704623162 4
1704623170 8
1704623178 3
1704623186 0
1704623194 5
1704623202 5
1704623210 3
1704623218 9
1704623226 2
1704623234 3
1704623242 1
1704623250 6
1704623258 3
1704623266 3
1704623274 2
1704623282 1
1704623290 0
1704623298 4
1704623306 2
1704623314 2
1704623322 0
1704623330 3
1704623338 4
1704623346 2
1704623354 1
1704623362 2
1704623370 2
1704623378 1
1704623386 2
1704623394 3
1704623402 7
1704623410 7
1704623418 0
1704623426 2
1704623434 1
1704623442 1
1704623450 4
1704623458 3
1704623466 3
1704623474 5
1704623482 3
1704623490 2
1704623498 2
1704623506 1



# Sketch: 18
1704622914 3
1704622922 1
1704622930 8
1704622938 6
1704622946 2
1704622954 2
1704622962 4
1704622970 4
1704622978 7
1704622986 2
1704622994 3
1704623002 5
1704623010 1
1704623018 3
1704623026 0
1704623034 3
1704623042 0
1704623050 1
1704623058 0
1704623066 0
1704623074 4
1704623082 3
1704623090 4
1704623098 4
1704623106 3
1704623114 4
1704623122 1
1704623130 2
1704623138 4
1704623146 5
1704623154 1
1704623162 3
1704623170 4
1704623178 4
1704623186 2
1704623194 2
1704623202 0
1704623210 1
1704623218 4
1704623226 2
1704623234 0
1704623242 5
1704623250 4
1704623258 3
1704623266 4
1704623274 4
1704623282 3
1704623290 1
1704623298 4
1704623306 3
1704623314 9
1704623322 12
1704623330 5
1704623338 6
1704623346 1
1704623354 1
1704623362 1
1704623370 5
1704623378 2
1704623386 2
1704623394 6
1704623402 4
1704623410 1
1704623418 3
1704623426 1
1704623434 5
1704623442 3
1704623450 3
1704623458 10
1704623466 1
1704623474 1
1704623482 3
1704623490 12
1704623498 4
1704623506 2



# Sketch: 19
1704622914 2
1704622922 3
1704622930 0
1704622938 2
1704622946 11
1704622954 2
1704622962 1
1704622970 4
1704622978 1
1704622986 2
1704622994 1
1704623002 1
1704623010 5
1704623018 5
1704623026 2
1704623034 2
1704623042 1
1704623050 5
1704623058 11
1704623066 7
1704623074 4
1704623082 5
1704623090 2
1704623098 3
1704623106 5
1704623114 2
1704623122 4
1704623130 4
1704623138 2
1704623146 7
1704623154 6
1704623162 7
1704623170 2
1704623178 4
1704623186 5
1704623194 4
1704623202 6
1704623210 4
1704623218 5
1704623226 4
1704623234 1
1704623242 1
1704623250 6
1704623258 5
1704623266 1
1704623274 1
1704623282 1
1704623290 5
1704623298 3
1704623306 3
1704623314 1
1704623322 2
1704623330 5
1704623338 0
1704623346 6
1704623354 5
1704623362 5
1704623370 4
1704623378 2
1704623386 1
1704623394 6
1704623402 3
1704623410 1
1704623418 1
1704623426 1
1704623434 4
1704623442 3
1704623450 5
1704623458 6
1704623466 3
1704623474 0
1704623482 4
1704623490 1
1704623498 0
1704623506 5



# Sketch: 20
1704622914 6
1704622922 7
1704622930 4
1704622938 3
1704622946 7
1704622954 5
1704622962 0
1704622970 4
1704622978 3
1704622986 1
1704622994 1
1704623002 7
1704623010 2
1704623018 2
1704623026 2
1704623034 3
1704623042 2
1704623050 8
1704623058 5
1704623066 1
1704623074 4
1704623082 5
1704623090 4
1704623098 6
1704623106 2
1704623114 2
1704623122 6
1704623130 2
1704623138 10
1704623146 8
1704623154 3
1704623162 2
1704623170 1
1704623178 6
1704623186 5
1704623194 3
1704623202 2
1704623210 3
1704623218 2
1704623226 0
1704623234 1
1704623242 1
1704623250 1
1704623258 6
1704623266 0
1704623274 5
1704623282 16
1704623290 1
1704623298 6
1704623306 0
1704623314 3
1704623322 3
1704623330 6
1704623338 3
1704623346 2
1704623354 5
1704623362 3
1704623370 1
1704623378 0
1704623386 3
1704623394 11
1704623402 8
1704623410 8
1704623418 2
1704623426 3
1704623434 5
1704623442 3
1704623450 6
1704623458 10
1704623466 2
1704623474 0
1704623482 0
1704623490 2
1704623498 9
1704623506 3



# Sketch: 21
1704622914 3
1704622922 4
1704622930 2
1704622938 7
1704622946 1
1704622954 2
1704622962 4
1704622970 3
1704622978 5
1704622986 4
1704622994 3
1704623002 5
1704623010 3
1704623018 7
1704623026 0
1704623034 2
1704623042 6
1704623050 7
1704623058 4
1704623066 4
1704623074 3
1704623082 1
1704623090 1
1704623098 10
1704623106 14
1704623114 5
1704623122 4
1704623130 3
1704623138 3
1704623146 1
1704623154 4
1704623162 5
1704623170 17
1704623178 7
1704623186 2
1704623194 7
1704623202 2
1704623210 0
1704623218 3
1704623226 4
1704623234 12
1704623242 2
1704623250 6
1704623258 4
1704623266 4
1704623274 5
1704623282 5
1704623290 4
1704623298 2
1704623306 1
1704623314 4
1704623322 1
1704623330 4
1704623338 5
1704623346 8
1704623354 3
1704623362 2
1704623370 3
1704623378 4
1704623386 2
1704623394 3
1704623402 5
1704623410 3
1704623418 5
1704623426 4
1704623434 2
1704623442 2
1704623450 4
1704623458 6
1704623466 4
1704623474 0
1704623482 4
1704623490 5
1704623498 2
1704623506 2



# Sketch: 22
1704622914 11
1704622922 6
1704622930 5
1704622938 5
1704622946 7
1704622954 5
1704622962 4
1704622970 2
1704622978 1
1704622986 1
1704622994 4
1704623002 4
1704623010 5
1704623018 4
1704623026 0
1704623034 8
1704623042 2
1704623050 2
1704623058 2
1704623066 5
1704623074 10
1704623082 5
1704623090 1
1704623098 12
1704623106 0
1704623114 4
1704623122 8
1704623130 5
1704623138 11
1704623146 11
1704623154 7
1704623162 6
1704623170 2
1704623178 13
1704623186 7
1704623194 9
1704623202 3
1704623210 1
1704623218 4
1704623226 4
1704623234 5
1704623242 1
1704623250 2
1704623258 2
1704623266 3
1704623274 6
1704623282 1
1704623290 10
1704623298 2
1704623306 5
1704623314 3
1704623322 6
1704623330 2
1704623338 14
1704623346 2
1704623354 2
1704623362 3
1704623370 2
1704623378 2
1704623386 4
1704623394 4
1704623402 4
1704623410 5
1704623418 5
1704623426 12
1704623434 1
1704623442 0
1704623450 18
1704623458 4
1704623466 5
1704623474 1
1704623482 3
1704623490 1
1704623498 3
1704623506 1



# Sketch: 23
1704622914 1
1704622922 4
1704622930 1
1704622938 0
1704622946 1
1704622954 1
1704622962 0
1704622970 4
1704622978 7
1704622986 4
1704622994 1
1704623002 2
1704623010 7
1704623018 5
1704623026 0
1704623034 2
1704623042 2
1704623050 4
1704623058 5
1704623066 2
1704623074 13
1704623082 3
1704623090 6
1704623098 2
1704623106 0
1704623114 13
1704623122 1
1704623130 8
1704623138 2
1704623146 10
1704623154 6
1704623162 2
1704623170 5
1704623178 4
1704623186 4
1704623194 1
1704623202 2
1704623210 7
1704623218 3
1704623226 1
1704623234 3
1704623242 3
1704623250 4
1704623258 3
1704623266 2
1704623274 4
1704623282 4
1704623290 0
1704623298 6
1704623306 10
1704623314 4
1704623322 4
1704623330 4
1704623338 0
1704623346 0
1704623354 3
1704623362 1
1704623370 1
1704623378 1
1704623386 2
1704623394 0
1704623402 0
1704623410 3
1704623418 0
1704623426 3
1704623434 11
1704623442 2
1704623450 9
1704623458 16
1704623466 5
1704623474 2
1704623482 7
1704623490 1
1704623498 1
1704623506 4



# Sketch: 24
1704622914 6
1704622922 3
1704622930 3
1704622938 7
1704622946 4
1704622954 0
1704622962 4
1704622970 7
1704622978 5
1704622986 4
1704622994 2
1704623002 2
1704623010 2
1704623018 5
1704623026 3
1704623034 2
1704623042 2
1704623050 3
1704623058 5
1704623066 2
1704623074 5
1704623082 4
1704623090 2
1704623098 9
1704623106 6
1704623114 0
1704623122 4
1704623130 8
1704623138 19
1704623146 3
1704623154 3
1704623162 7
1704623170 5
1704623178 2
1704623186 3
1704623194 3
1704623202 0
1704623210 1
1704623218 1
1704623226 2
1704623234 5
1704623242 2
1704623250 4
1704623258 4
1704623266 6
1704623274 2
1704623282 1
1704623290 3
1704623298 3
1704623306 2
1704623314 1
1704623322 3
1704623330 1
1704623338 0
1704623346 0
1704623354 5
1704623362 3
1704623370 5
1704623378 2
1704623386 2
1704623394 5
1704623402 6
1704623410 1
1704623418 5
1704623426 2
1704623434 1
1704623442 1
1704623450 3
1704623458 4
1704623466 1
1704623474 3
1704623482 0
1704623490 3
1704623498 1
1704623506 0



# Sketch: 25
1704622914 5
1704622922 2
1704622930 5
1704622938 6
1704622946 3
1704622954 7
1704622962 5
1704622970 0
1704622978 1
1704622986 1
1704622994 3
1704623002 2
1704623010 3
1704623018 11
1704623026 1
1704623034 5
1704623042 2
1704623050 8
1704623058 4
1704623066 0
1704623074 4
1704623082 2
1704623090 9
1704623098 4
1704623106 1
1704623114 6
1704623122 6
1704623130 0
1704623138 1
1704623146 4
1704623154 5
1704623162 3
1704623170 2
1704623178 11
1704623186 3
1704623194 2
1704623202 1
1704623210 2
1704623218 1
1704623226 1
1704623234 3
1704623242 1
1704623250 2
1704623258 0
1704623266 2
1704623274 3
1704623282 0
1704623290 6
1704623298 3
1704623306 8
1704623314 0
1704623322 8
1704623330 5
1704623338 11
1704623346 7
1704623354 5
1704623362 4
1704623370 2
1704623378 4
1704623386 5
1704623394 6
1704623402 2
1704623410 2
1704623418 0
1704623426 5
1704623434 3
1704623442 3
1704623450 8
1704623458 5
1704623466 1
1704623474 7
1704623482 1
1704623490 1
1704623498 4
1704623506 4



# Sketch: 26
1704622914 4
1704622922 14
1704622930 4
1704622938 7
1704622946 3
1704622954 4
1704622962 5
1704622970 3
1704622978 5
1704622986 0
1704622994 4
1704623002 5
1704623010 3
1704623018 3
1704623026 9
1704623034 1
1704623042 4
1704623050 9
1704623058 2
1704623066 2
1704623074 3
1704623082 2
1704623090 8
1704623098 8
1704623106 5
1704623114 2
1704623122 4
1704623130 4
1704623138 3
1704623146 2
1704623154 1
1704623162 4
1704623170 6
1704623178 4
1704623186 13
1704623194 6
1704623202 10
1704623210 2
1704623218 2
1704623226 5
1704623234 2
1704623242 0
1704623250 3
1704623258 2
1704623266 5
1704623274 6
1704623282 5
1704623290 2
1704623298 4
1704623306 3
1704623314 1
1704623322 5
1704623330 1
1704623338 1
1704623346 7
1704623354 3
1704623362 4
1704623370 2
1704623378 6
1704623386 3
1704623394 4
1704623402 3
1704623410 2
1704623418 3
1704623426 4
1704623434 8
1704623442 6
1704623450 10
1704623458 4
1704623466 5
1704623474 0
1704623482 1
1704623490 2
1704623498 1
1704623506 3



# Sketch: 27
1704622914 10
1704622922 2
1704622930 2
1704622938 3
1704622946 3
1704622954 1
1704622962 2
1704622970 15
1704622978 13
1704622986 5
1704622994 6
1704623002 6
1704623010 3
1704623018 5
1704623026 5
1704623034 7
1704623042 2
1704623050 4
1704623058 3
1704623066 1
1704623074 3
1704623082 2
1704623090 3
1704623098 6
1704623106 3
1704623114 2
1704623122 5
1704623130 3
1704623138 3
1704623146 6
1704623154 2
1704623162 2
1704623170 5
1704623178 4
1704623186 4
1704623194 3
1704623202 1
1704623210 3
1704623218 7
1704623226 3
1704623234 3
1704623242 4
1704623250 4
1704623258 3
1704623266 4
1704623274 5
1704623282 4
1704623290 1
1704623298 5
1704623306 5
1704623314 5
1704623322 3
1704623330 8
1704623338 3
1704623346 4
1704623354 4
1704623362 7
1704623370 1
1704623378 4
1704623386 3
1704623394 12
1704623402 9
1704623410 2
1704623418 2
1704623426 4
1704623434 1
1704623442 7
1704623450 4
1704623458 7
1704623466 32
1704623474 4
1704623482 5
1704623490 1
1704623498 0
1704623506 3



# Sketch: 28
1704622914 1
1704622922 6
1704622930 0
1704622938 4
1704622946 2
1704622954 2
1704622962 4
1704622970 2
1704622978 1
1704622986 2
1704622994 1
1704623002 7
1704623010 3
1704623018 9
1704623026 4
1704623034 3
1704623042 4
1704623050 0
1704623058 7
1704623066 2
1704623074 6
1704623082 4
1704623090 3
1704623098 5
1704623106 2
1704623114 1
1704623122 3
1704623130 1
1704623138 3
1704623146 9
1704623154 2
1704623162 5
1704623170 3
1704623178 4
1704623186 1
1704623194 9
1704623202 1
1704623210 4
1704623218 6
1704623226 5
1704623234 4
1704623242 4
1704623250 4
1704623258 1
1704623266 10
1704623274 5
1704623282 1
1704623290 11
1704623298 3
1704623306 1
1704623314 3
1704623322 7
1704623330 2
1704623338 3
1704623346 1
1704623354 2
1704623362 7
1704623370 4
1704623378 5
1704623386 1
1704623394 3
1704623402 0
1704623410 1
1704623418 7
1704623426 3
1704623434 10
1704623442 1
1704623450 5
1704623458 3
1704623466 3
1704623474 3
1704623482 1
1704623490 5
1704623498 11
1704623506 2



# Sketch: 29
1704622914 3
1704622922 7
1704622930 7
1704622938 4
1704622946 1
1704622954 0
1704622962 7
1704622970 3
1704622978 5
1704622986 10
1704622994 5
1704623002 6
1704623010 47
1704623018 25
1704623026 0
1704623034 2
1704623042 2
1704623050 5
1704623058 6
1704623066 4
1704623074 4
1704623082 5
1704623090 2
1704623098 6
1704623106 5
1704623114 15
1704623122 1
1704623130 9
1704623138 10
1704623146 6
1704623154 7
1704623162 0
1704623170 2
1704623178 3
1704623186 7
1704623194 3
1704623202 6
1704623210 5
1704623218 10
1704623226 9
1704623234 10
1704623242 2
1704623250 7
1704623258 6
1704623266 9
1704623274 5
1704623282 7
1704623290 4
1704623298 1
1704623306 0
1704623314 5
1704623322 2
1704623330 6
1704623338 1
1704623346 12
1704623354 9
1704623362 4
1704623370 3
1704623378 9
1704623386 4
1704623394 3
1704623402 3
1704623410 3
1704623418 2
1704623426 3
1704623434 7
1704623442 2
1704623450 1
1704623458 1
1704623466 9
1704623474 9
1704623482 3
1704623490 4
1704623498 8
1704623506 3



# Sketch: 30
1704622914 0
1704622922 2
1704622930 2
1704622938 0
1704622946 7
1704622954 54
1704622962 22
1704622970 4
1704622978 2
1704622986 2
1704622994 3
1704623002 4
1704623010 6
1704623018 1
1704623026 2
1704623034 4
1704623042 1
1704623050 3
1704623058 6
1704623066 4
1704623074 1
1704623082 2
1704623090 1
1704623098 7
1704623106 8
1704623114 3
1704623122 2
1704623130 3
1704623138 5
1704623146 14
1704623154 2
1704623162 2
1704623170 2
1704623178 1
1704623186 1
1704623194 2
1704623202 0
1704623210 2
1704623218 5
1704623226 3
1704623234 5
1704623242 3
1704623250 2
1704623258 2
1704623266 3
1704623274 6
1704623282 3
1704623290 1
1704623298 10
1704623306 4
1704623314 3
1704623322 3
1704623330 1
1704623338 1
1704623346 5
1704623354 7
1704623362 4
1704623370 6
1704623378 3
1704623386 3
1704623394 1
1704623402 4
1704623410 2
1704623418 5
1704623426 5
1704623434 2
1704623442 3
1704623450 5
1704623458 4
1704623466 4
1704623474 6
1704623482 0
1704623490 1
1704623498 6
1704623506 4



# Sketch: 31
1704622914 1
1704622922 5
1704622930 3
1704622938 3
1704622946 2
1704622954 3
1704622962 4
1704622970 2
1704622978 2
1704622986 5
1704622994 3
1704623002 3
1704623010 2
1704623018 5
1704623026 4
1704623034 2
1704623042 7
1704623050 9
1704623058 3
1704623066 12
1704623074 9
1704623082 3
1704623090 11
1704623098 2
1704623106 0
1704623114 3
1704623122 8
1704623130 1
1704623138 8
1704623146 6
1704623154 10
1704623162 6
1704623170 3
1704623178 3
1704623186 1
1704623194 2
1704623202 4
1704623210 4
1704623218 1
1704623226 7
1704623234 1
1704623242 5
1704623250 4
1704623258 7
1704623266 1
1704623274 4
1704623282 5
1704623290 3
1704623298 4
1704623306 3
1704623314 1
1704623322 6
1704623330 3
1704623338 2
1704623346 4
1704623354 2
1704623362 3
1704623370 5
1704623378 4
1704623386 9
1704623394 2
1704623402 6
1704623410 2
1704623418 4
1704623426 6
1704623434 6
1704623442 5
1704623450 4
1704623458 3
1704623466 3
1704623474 4
1704623482 2
1704623490 0
1704623498 10
1704623506 1

