

# Sketch: 0
1704622914 10
1704622946 11
1704622978 15
1704623010 10
1704623042 27
1704623074 17
1704623106 25
1704623138 16
1704623170 17
1704623202 18
1704623234 26
1704623266 23
1704623298 17
1704623330 19
1704623362 16
1704623394 16
1704623426 9
1704623458 25
1704623490 4



# Sketch: 1
1704622914 8
1704622946 20
1704622978 9
1704623010 23
1704623042 7
1704623074 11
1704623106 8
1704623138 30
1704623170 25
1704623202 10
1704623234 16
1704623266 17
1704623298 11
1704623330 19
1704623362 24
1704623394 8
1704623426 7
1704623458 7
1704623490 9



# Sketch: 2
1704622914 15
1704622946 27
1704622978 24
1704623010 14
1704623042 24
1704623074 16
1704623106 19
1704623138 21
1704623170 11
1704623202 22
1704623234 26
1704623266 11
1704623298 21
1704623330 25
1704623362 15
1704623394 15
1704623426 14
1704623458 40
1704623490 6



# Sketch: 3
1704622914 14
1704622946 15
1704622978 11
1704623010 18
1704623042 15
1704623074 18
1704623106 12
1704623138 18
1704623170 14
1704623202 12
1704623234 12
1704623266 19
1704623298 10
1704623330 5
1704623362 4
1704623394 13
1704623426 13
1704623458 16
1704623490 8



# Sketch: 4
1704622914 14
1704622946 21
1704622978 27
1704623010 21
1704623042 31
1704623074 13
1704623106 60
1704623138 21
1704623170 10
1704623202 29
1704623234 24
1704623266 12
1704623298 9
1704623330 21
1704623362 14
1704623394 18
1704623426 14
1704623458 17
1704623490 13



# Sketch: 5
1704622914 27
1704622946 16
1704622978 11
1704623010 17
1704623042 15
1704623074 16
1704623106 4
1704623138 22
1704623170 22
1704623202 11
1704623234 15
1704623266 10
1704623298 12
1704623330 8
1704623362 29
1704623394 8
1704623426 9
1704623458 21
1704623490 18



# Sketch: 6
1704622914 20
1704622946 16
1704622978 12
1704623010 9
1704623042 11
1704623074 14
1704623106 8
1704623138 23
1704623170 20
1704623202 13
1704623234 11
1704623266 26
1704623298 17
1704623330 12
1704623362 11
1704623394 8
1704623426 13
1704623458 10
1704623490 6



# Sketch: 7
1704622914 41
1704622946 35
1704622978 13
1704623010 8
1704623042 12
1704623074 16
1704623106 15
1704623138 27
1704623170 37
1704623202 21
1704623234 17
1704623266 11
1704623298 9
1704623330 18
1704623362 15
1704623394 5
1704623426 15
1704623458 28
1704623490 12



# Sketch: 8
1704622914 37
1704622946 24
1704622978 9
1704623010 6
1704623042 26
1704623074 10
1704623106 13
1704623138 20
1704623170 25
1704623202 17
1704623234 17
1704623266 19
1704623298 11
1704623330 21
1704623362 13
1704623394 21
1704623426 21
1704623458 15
1704623490 3



# Sketch: 9
1704622914 17
1704622946 15
1704622978 20
1704623010 76
1704623042 12
1704623074 20
1704623106 10
1704623138 12
1704623170 12
1704623202 13
1704623234 13
1704623266 11
1704623298 5
1704623330 23
1704623362 11
1704623394 8
1704623426 31
1704623458 11
1704623490 5



# Sketch: 10
1704622914 16
1704622946 15
1704622978 22
1704623010 24
1704623042 28
1704623074 17
1704623106 40
1704623138 24
1704623170 27
1704623202 29
1704623234 17
1704623266 15
1704623298 48
1704623330 19
1704623362 16
1704623394 21
1704623426 17
1704623458 28
1704623490 16



# Sketch: 11
1704622914 12
1704622946 10
1704622978 12
1704623010 8
1704623042 13
1704623074 20
1704623106 9
1704623138 18
1704623170 20
1704623202 15
1704623234 21
1704623266 11
1704623298 7
1704623330 5
1704623362 24
1704623394 16
1704623426 27
1704623458 16
1704623490 9



# Sketch: 12
1704622914 43
1704622946 12
1704622978 12
1704623010 14
1704623042 17
1704623074 44
1704623106 15
1704623138 19
1704623170 24
1704623202 19
1704623234 13
1704623266 9
1704623298 18
1704623330 9
1704623362 11
1704623394 15
1704623426 16
1704623458 8
1704623490 4



# Sketch: 13
1704622914 21
1704622946 9
1704622978 16
1704623010 11
1704623042 22
1704623074 21
1704623106 11
1704623138 18
1704623170 14
1704623202 8
1704623234 10
1704623266 19
1704623298 12
1704623330 26
1704623362 16
1704623394 14
1704623426 22
1704623458 8
1704623490 19



# Sketch: 14
1704622914 18
1704622946 18
1704622978 11
1704623010 8
1704623042 10
1704623074 12
1704623106 11
1704623138 21
1704623170 29
1704623202 18
1704623234 14
1704623266 15
1704623298 13
1704623330 23
1704623362 7
1704623394 22
1704623426 15
1704623458 20
1704623490 14



# Sketch: 15
1704622914 18
1704622946 8
1704622978 11
1704623010 11
1704623042 6
1704623074 8
1704623106 9
1704623138 17
1704623170 7
1704623202 10
1704623234 18
1704623266 8
1704623298 10
1704623330 8
1704623362 25
1704623394 14
1704623426 10
1704623458 29
1704623490 2



# Sketch: 16
1704622914 23
1704622946 11
1704622978 35
1704623010 14
1704623042 10
1704623074 10
1704623106 23
1704623138 22
1704623170 5
1704623202 11
1704623234 6
1704623266 12
1704623298 14
1704623330 10
1704623362 14
1704623394 14
1704623426 14
1704623458 20
1704623490 7



# Sketch: 17
1704622914 20
1704622946 15
1704622978 13
1704623010 12
1704623042 21
1704623074 23
1704623106 27
1704623138 30
1704623170 45
1704623202 12
1704623234 24
1704623266 17
1704623298 33
1704623330 17
1704623362 12
1704623394 24
1704623426 26
1704623458 11
1704623490 9



# Sketch: 18
1704622914 7
1704622946 12
1704622978 14
1704623010 16
1704623042 8
1704623074 16
1704623106 18
1704623138 16
1704623170 17
1704623202 13
1704623234 22
1704623266 18
1704623298 15
1704623330 9
1704623362 12
1704623394 16
1704623426 16
1704623458 11
1704623490 1



# Sketch: 19
1704622914 22
1704622946 32
1704622978 25
1704623010 23
1704623042 18
1704623074 12
1704623106 30
1704623138 22
1704623170 29
1704623202 29
1704623234 19
1704623266 24
1704623298 17
1704623330 23
1704623362 13
1704623394 17
1704623426 15
1704623458 31
1704623490 21



# Sketch: 20
1704622914 18
1704622946 12
1704622978 12
1704623010 14
1704623042 17
1704623074 17
1704623106 13
1704623138 16
1704623170 9
1704623202 13
1704623234 10
1704623266 19
1704623298 11
1704623330 12
1704623362 12
1704623394 16
1704623426 16
1704623458 9
1704623490 3



# Sketch: 21
1704622914 26
1704622946 10
1704622978 3
1704623010 17
1704623042 19
1704623074 18
1704623106 15
1704623138 13
1704623170 17
1704623202 12
1704623234 27
1704623266 41
1704623298 12
1704623330 6
1704623362 17
1704623394 24
1704623426 17
1704623458 11
1704623490 7



# Sketch: 22
1704622914 15
1704622946 8
1704622978 23
1704623010 17
1704623042 20
1704623074 20
1704623106 14
1704623138 21
1704623170 26
1704623202 10
1704623234 21
1704623266 19
1704623298 9
1704623330 6
1704623362 10
1704623394 6
1704623426 15
1704623458 15
1704623490 5



# Sketch: 23
1704622914 23
1704622946 11
1704622978 9
1704623010 12
1704623042 10
1704623074 10
1704623106 21
1704623138 18
1704623170 9
1704623202 20
1704623234 7
1704623266 14
1704623298 8
1704623330 19
1704623362 16
1704623394 20
1704623426 14
1704623458 5
1704623490 12



# Sketch: 24
1704622914 14
1704622946 17
1704622978 14
1704623010 22
1704623042 7
1704623074 14
1704623106 6
1704623138 38
1704623170 13
1704623202 15
1704623234 12
1704623266 6
1704623298 10
1704623330 13
1704623362 7
1704623394 10
1704623426 19
1704623458 8
1704623490 8



# Sketch: 25
1704622914 15
1704622946 15
1704622978 10
1704623010 22
1704623042 24
1704623074 8
1704623106 17
1704623138 21
1704623170 21
1704623202 8
1704623234 8
1704623266 12
1704623298 13
1704623330 10
1704623362 8
1704623394 17
1704623426 12
1704623458 23
1704623490 15



# Sketch: 26
1704622914 17
1704622946 17
1704622978 16
1704623010 13
1704623042 27
1704623074 18
1704623106 22
1704623138 32
1704623170 33
1704623202 16
1704623234 29
1704623266 34
1704623298 18
1704623330 8
1704623362 8
1704623394 39
1704623426 11
1704623458 11
1704623490 6



# Sketch: 27
1704622914 6
1704622946 13
1704622978 7
1704623010 13
1704623042 18
1704623074 23
1704623106 15
1704623138 12
1704623170 12
1704623202 22
1704623234 12
1704623266 18
1704623298 13
1704623330 15
1704623362 19
1704623394 11
1704623426 15
1704623458 8
1704623490 10



# Sketch: 28
1704622914 15
1704622946 9
1704622978 17
1704623010 16
1704623042 18
1704623074 11
1704623106 9
1704623138 31
1704623170 13
1704623202 10
1704623234 14
1704623266 11
1704623298 14
1704623330 6
1704623362 5
1704623394 6
1704623426 15
1704623458 19
1704623490 13



# Sketch: 29
1704622914 23
1704622946 11
1704622978 19
1704623010 14
1704623042 11
1704623074 12
1704623106 10
1704623138 33
1704623170 15
1704623202 10
1704623234 11
1704623266 19
1704623298 6
1704623330 9
1704623362 10
1704623394 14
1704623426 23
1704623458 12
1704623490 7



# Sketch: 30
1704622914 21
1704622946 80
1704622978 4
1704623010 5
1704623042 23
1704623074 27
1704623106 12
1704623138 16
1704623170 13
1704623202 14
1704623234 7
1704623266 15
1704623298 14
1704623330 19
1704623362 11
1704623394 8
1704623426 27
1704623458 10
1704623490 9



# Sketch: 31
1704622914 28
1704622946 18
1704622978 12
1704623010 11
1704623042 38
1704623074 15
1704623106 13
1704623138 17
1704623170 31
1704623202 21
1704623234 22
1704623266 23
1704623298 17
1704623330 14
1704623362 8
1704623394 10
1704623426 12
1704623458 17
1704623490 15

