

# Sketch: 0
1704622914 34
1704622978 46
1704623042 42
1704623106 27
1704623170 25
1704623234 61
1704623298 15
1704623362 18
1704623426 34
1704623490 9



# Sketch: 1
1704622914 24
1704622978 29
1704623042 39
1704623106 36
1704623170 33
1704623234 48
1704623298 34
1704623362 23
1704623426 35
1704623490 5



# Sketch: 2
1704622914 35
1704622978 40
1704623042 34
1704623106 32
1704623170 46
1704623234 50
1704623298 27
1704623362 21
1704623426 34
1704623490 16



# Sketch: 3
1704622914 45
1704622978 17
1704623042 34
1704623106 36
1704623170 20
1704623234 19
1704623298 27
1704623362 23
1704623426 13
1704623490 5



# Sketch: 4
1704622914 27
1704622978 30
1704623042 22
1704623106 46
1704623170 24
1704623234 25
1704623298 22
1704623362 20
1704623426 30
1704623490 7



# Sketch: 5
1704622914 25
1704622978 21
1704623042 33
1704623106 20
1704623170 37
1704623234 28
1704623298 32
1704623362 29
1704623426 33
1704623490 10



# Sketch: 6
1704622914 42
1704622978 32
1704623042 33
1704623106 31
1704623170 25
1704623234 45
1704623298 56
1704623362 27
1704623426 27
1704623490 6



# Sketch: 7
1704622914 31
1704622978 24
1704623042 35
1704623106 39
1704623170 16
1704623234 46
1704623298 13
1704623362 29
1704623426 22
1704623490 2



# Sketch: 8
1704622914 37
1704622978 94
1704623042 16
1704623106 51
1704623170 33
1704623234 29
1704623298 22
1704623362 22
1704623426 31
1704623490 10



# Sketch: 9
1704622914 50
1704622978 36
1704623042 27
1704623106 43
1704623170 34
1704623234 33
1704623298 16
1704623362 35
1704623426 32
1704623490 8



# Sketch: 10
1704622914 35
1704622978 37
1704623042 32
1704623106 45
1704623170 25
1704623234 23
1704623298 25
1704623362 25
1704623426 34
1704623490 18



# Sketch: 11
1704622914 37
1704622978 29
1704623042 31
1704623106 45
1704623170 35
1704623234 36
1704623298 37
1704623362 51
1704623426 50
1704623490 24



# Sketch: 12
1704622914 30
1704622978 23
1704623042 23
1704623106 38
1704623170 14
1704623234 26
1704623298 31
1704623362 27
1704623426 34
1704623490 4



# Sketch: 13
1704622914 40
1704622978 33
1704623042 46
1704623106 39
1704623170 32
1704623234 35
1704623298 30
1704623362 26
1704623426 33
1704623490 5



# Sketch: 14
1704622914 64
1704622978 23
1704623042 43
1704623106 36
1704623170 57
1704623234 45
1704623298 25
1704623362 26
1704623426 66
1704623490 9



# Sketch: 15
1704622914 25
1704622978 20
1704623042 44
1704623106 46
1704623170 42
1704623234 28
1704623298 37
1704623362 34
1704623426 45
1704623490 10



# Sketch: 16
1704622914 38
1704622978 30
1704623042 20
1704623106 35
1704623170 17
1704623234 25
1704623298 17
1704623362 31
1704623426 28
1704623490 10



# Sketch: 17
1704622914 41
1704622978 24
1704623042 28
1704623106 38
1704623170 36
1704623234 44
1704623298 31
1704623362 19
1704623426 26
1704623490 5



# Sketch: 18
1704622914 26
1704622978 24
1704623042 49
1704623106 29
1704623170 45
1704623234 23
1704623298 29
1704623362 34
1704623426 27
1704623490 4



# Sketch: 19
1704622914 34
1704622978 25
1704623042 43
1704623106 19
1704623170 30
1704623234 30
1704623298 27
1704623362 34
1704623426 23
1704623490 2



# Sketch: 20
1704622914 24
1704622978 20
1704623042 32
1704623106 23
1704623170 31
1704623234 28
1704623298 27
1704623362 40
1704623426 22
1704623490 7



# Sketch: 21
1704622914 25
1704622978 42
1704623042 30
1704623106 55
1704623170 75
1704623234 42
1704623298 50
1704623362 30
1704623426 71
1704623490 13



# Sketch: 22
1704622914 40
1704622978 29
1704623042 39
1704623106 40
1704623170 42
1704623234 21
1704623298 24
1704623362 16
1704623426 22
1704623490 10



# Sketch: 23
1704622914 24
1704622978 19
1704623042 31
1704623106 61
1704623170 37
1704623234 19
1704623298 16
1704623362 24
1704623426 20
1704623490 3



# Sketch: 24
1704622914 108
1704622978 16
1704623042 38
1704623106 23
1704623170 24
1704623234 24
1704623298 19
1704623362 21
1704623426 36
1704623490 7



# Sketch: 25
1704622914 47
1704622978 22
1704623042 37
1704623106 70
1704623170 72
1704623234 39
1704623298 29
1704623362 42
1704623426 28
1704623490 12



# Sketch: 26
1704622914 25
1704622978 21
1704623042 32
1704623106 26
1704623170 31
1704623234 38
1704623298 22
1704623362 30
1704623426 29
1704623490 3



# Sketch: 27
1704622914 43
1704622978 46
1704623042 32
1704623106 70
1704623170 44
1704623234 44
1704623298 44
1704623362 34
1704623426 27
1704623490 22



# Sketch: 28
1704622914 32
1704622978 35
1704623042 29
1704623106 25
1704623170 48
1704623234 31
1704623298 36
1704623362 32
1704623426 39
1704623490 2



# Sketch: 29
1704622914 28
1704622978 33
1704623042 49
1704623106 39
1704623170 32
1704623234 26
1704623298 21
1704623362 33
1704623426 42
1704623490 21



# Sketch: 30
1704622914 52
1704622978 48
1704623042 22
1704623106 36
1704623170 25
1704623234 23
1704623298 48
1704623362 24
1704623426 28
1704623490 8



# Sketch: 31
1704622914 19
1704622978 19
1704623042 47
1704623106 20
1704623170 36
1704623234 25
1704623298 22
1704623362 27
1704623426 19
1704623490 19

