

# Sketch: 0
0 0.243109
1 0.259122
2 0.312839
3 0.325336
4 0.397727
5 0.445573
6 0.300848
7 0.374595



# Sketch: 1
0 0.491076
1 0.319166
2 0.21744
3 0.16103
4 0.0907643
5 0.215156
6 0.316387
7 0.963149



# Sketch: 2
0 0.622734
1 0.535141
2 0.584369
3 0.647484
4 0.571504
5 0.636642
6 0.67551
7 0.462944



# Sketch: 3
0 0.824405
1 0.793882
2 0.758861
3 0.774892
4 0.745882
5 0.73805
6 0.809305
7 0.587455



# Sketch: 4
0 0.829681
1 0.844347
2 0.800195
3 0.689848
4 0.657254
5 1.05381
6 0.784316
7 0.435935



# Sketch: 5
0 0.676815
1 0.536892
2 0.478209
3 0.469713
4 0.562977
5 0.457752
6 0.868503
7 0.339755



# Sketch: 6
0 0.712109
1 0.667549
2 0.798548
3 0.747673
4 0.617456
5 0.671152
6 0.837205
7 0.762423



# Sketch: 7
0 0.252983
1 0.236814
2 0.183037
3 0.250124
4 0.471296
5 0.51087
6 0.278472
7 1.07622



# Sketch: 8
0 0.644949
1 1.05046
2 1.0842
3 1.0005
4 0.358894
5 0.429632
6 1.45595
7 0.461517



# Sketch: 9
0 0.502289
1 0.440058
2 0.472212
3 0.495619
4 0.479946
5 0.502432
6 0.717807
7 0.565098



# Sketch: 10
0 0.153923
1 0.0251505
2 0.127841
3 0.0844931
4 0.0565508
5 0.0990821
6 0.125629
7 0.661374



# Sketch: 11
0 0.247924
1 0.258517
2 0.497066
3 0.363267
4 0.385485
5 0.400415
6 0.429833
7 0.533157



# Sketch: 12
0 0.842567
1 0.679885
2 0.6241
3 0.593851
4 0.592942
5 0.667155
6 0.758586
7 0.646489



# Sketch: 13
0 0.165277
1 0.114748
2 0.13307
3 0.207438
4 0.267206
5 0.121179
6 0.222929
7 1.44392



# Sketch: 14
0 0.87756
1 0.54135
2 0.605405
3 0.589622
4 0.641201
5 1.15358
6 1.81109
7 1.00374



# Sketch: 15
0 0.735759
1 0.551934
2 0.648067
3 1.2368
4 1.54085
5 1.20572
6 0.47061
7 0.246233



# Sketch: 16
0 0.514646
1 0.433276
2 0.386395
3 0.406629
4 0.450023
5 0.45724
6 0.474953
7 0.474948



# Sketch: 17
0 1.02604
1 1.03175
2 1.19239
3 0.891866
4 1.02736
5 0.617467
6 0.361335
7 0.679778



# Sketch: 18
0 1.85123
1 1.39436
2 1.65863
3 1.46935
4 1.45174
5 1.40974
6 1.24737
7 0.749551



# Sketch: 19
0 0.469679
1 0.451687
2 0.495844
3 0.558335
4 0.515308
5 0.514712
6 0.619108
7 0.600934



# Sketch: 20
0 1.19027
1 1.52661
2 2.0253
3 2.07634
4 1.82271
5 1.69002
6 0.484916
7 0.575272



# Sketch: 21
0 0.561599
1 0.703989
2 0.598809
3 0.644798
4 0.621687
5 0.628468
6 0.577723
7 0.532799



# Sketch: 22
0 1.13254
1 0.900119
2 0.474657
3 0.252981
4 0.211235
5 0.680091
6 0.3395
7 0.140412



# Sketch: 23
0 0.56711
1 0.463405
2 0.513913
3 0.729812
4 0.53157
5 0.764758
6 0.649187
7 0.609007



# Sketch: 24
0 2.01806
1 2.12087
2 1.98118
3 1.67496
4 1.19109
5 0.735488
6 0.399491
7 0.88159



# Sketch: 25
0 0.292031
1 0.351136
2 0.317066
3 0.342858
4 0.28072
5 0.283442
6 0.470838
7 0.296524



# Sketch: 26
0 0.605082
1 0.636616
2 0.616731
3 0.56941
4 0.516483
5 0.547243
6 1.16078
7 0.54506



# Sketch: 27
0 0.430609
1 0.365741
2 0.402027
3 0.434446
4 0.619291
5 0.422431
6 0.398929
7 0.336543



# Sketch: 28
0 1.2818
1 1.17592
2 0.876745
3 0.943447
4 0.898553
5 0.042571
6 0.482108
7 0.278038



# Sketch: 29
0 0.192647
1 0.14455
2 0.0955443
3 0.217561
4 0.204404
5 0.315445
6 0.134969
7 0.238063



# Sketch: 30
0 0.692463
1 0.609323
2 0.790982
3 0.206034
4 0.11591
5 0.0990658
6 0.263436
7 0.125062



# Sketch: 31
0 0.50805
1 0.456789
2 0.386115
3 0.390354
4 0.437071
5 0.380714
6 0.544711
7 0.431652

