

# Sketch: 0
1704624114 21
1704624178 39
1704624242 27
1704624306 26
1704624370 29
1704624434 15
1704624498 36
1704624562 24
1704624626 18
1704624690 4



# Sketch: 1
1704624114 44
1704624178 21
1704624242 47
1704624306 23
1704624370 85
1704624434 40
1704624498 23
1704624562 36
1704624626 24
1704624690 9



# Sketch: 2
1704624114 27
1704624178 73
1704624242 40
1704624306 47
1704624370 71
1704624434 43
1704624498 25
1704624562 31
1704624626 45
1704624690 15



# Sketch: 3
1704624114 20
1704624178 38
1704624242 27
1704624306 21
1704624370 26
1704624434 17
1704624498 31
1704624562 38
1704624626 24
1704624690 5



# Sketch: 4
1704624114 23
1704624178 16
1704624242 28
1704624306 20
1704624370 33
1704624434 21
1704624498 27
1704624562 28
1704624626 28
1704624690 8



# Sketch: 5
1704624114 48
1704624178 35
1704624242 42
1704624306 28
1704624370 30
1704624434 28
1704624498 18
1704624562 19
1704624626 25
1704624690 6



# Sketch: 6
1704624114 51
1704624178 33
1704624242 48
1704624306 53
1704624370 41
1704624434 28
1704624498 51
1704624562 43
1704624626 24
1704624690 9



# Sketch: 7
1704624114 21
1704624178 23
1704624242 34
1704624306 24
1704624370 23
1704624434 34
1704624498 26
1704624562 26
1704624626 21
1704624690 8



# Sketch: 8
1704624114 39
1704624178 46
1704624242 66
1704624306 49
1704624370 29
1704624434 28
1704624498 49
1704624562 31
1704624626 25
1704624690 3



# Sketch: 9
1704624114 37
1704624178 67
1704624242 28
1704624306 21
1704624370 25
1704624434 27
1704624498 16
1704624562 34
1704624626 10
1704624690 10



# Sketch: 10
1704624114 33
1704624178 31
1704624242 37
1704624306 24
1704624370 38
1704624434 44
1704624498 38
1704624562 41
1704624626 26
1704624690 8



# Sketch: 11
1704624114 39
1704624178 23
1704624242 45
1704624306 42
1704624370 53
1704624434 51
1704624498 43
1704624562 34
1704624626 23
1704624690 12



# Sketch: 12
1704624114 55
1704624178 30
1704624242 31
1704624306 29
1704624370 29
1704624434 23
1704624498 35
1704624562 19
1704624626 30
1704624690 3



# Sketch: 13
1704624114 51
1704624178 25
1704624242 33
1704624306 26
1704624370 21
1704624434 33
1704624498 28
1704624562 30
1704624626 32
1704624690 3



# Sketch: 14
1704624114 42
1704624178 26
1704624242 42
1704624306 29
1704624370 23
1704624434 42
1704624498 37
1704624562 60
1704624626 25
1704624690 9



# Sketch: 15
1704624114 71
1704624178 35
1704624242 19
1704624306 40
1704624370 42
1704624434 35
1704624498 40
1704624562 38
1704624626 44
1704624690 17



# Sketch: 16
1704624114 15
1704624178 20
1704624242 23
1704624306 26
1704624370 30
1704624434 27
1704624498 36
1704624562 28
1704624626 23
1704624690 3



# Sketch: 17
1704624114 26
1704624178 29
1704624242 32
1704624306 41
1704624370 45
1704624434 20
1704624498 38
1704624562 56
1704624626 10
1704624690 8



# Sketch: 18
1704624114 26
1704624178 15
1704624242 31
1704624306 29
1704624370 32
1704624434 26
1704624498 49
1704624562 26
1704624626 27
1704624690 12



# Sketch: 19
1704624114 33
1704624178 48
1704624242 32
1704624306 21
1704624370 31
1704624434 31
1704624498 31
1704624562 26
1704624626 21
1704624690 7



# Sketch: 20
1704624114 18
1704624178 56
1704624242 27
1704624306 22
1704624370 36
1704624434 33
1704624498 30
1704624562 29
1704624626 24
1704624690 2



# Sketch: 21
1704624114 16
1704624178 47
1704624242 26
1704624306 60
1704624370 55
1704624434 36
1704624498 37
1704624562 57
1704624626 37
1704624690 15



# Sketch: 22
1704624114 23
1704624178 26
1704624242 27
1704624306 32
1704624370 29
1704624434 20
1704624498 44
1704624562 36
1704624626 37
1704624690 9



# Sketch: 23
1704624114 25
1704624178 28
1704624242 30
1704624306 22
1704624370 32
1704624434 25
1704624498 24
1704624562 22
1704624626 23
1704624690 5



# Sketch: 24
1704624114 39
1704624178 22
1704624242 39
1704624306 34
1704624370 70
1704624434 23
1704624498 39
1704624562 21
1704624626 17
1704624690 7



# Sketch: 25
1704624114 27
1704624178 38
1704624242 45
1704624306 35
1704624370 38
1704624434 53
1704624498 51
1704624562 43
1704624626 41
1704624690 4



# Sketch: 26
1704624114 18
1704624178 23
1704624242 27
1704624306 46
1704624370 38
1704624434 27
1704624498 26
1704624562 21
1704624626 37
1704624690 4



# Sketch: 27
1704624114 37
1704624178 44
1704624242 38
1704624306 67
1704624370 70
1704624434 42
1704624498 51
1704624562 61
1704624626 41
1704624690 12



# Sketch: 28
1704624114 17
1704624178 50
1704624242 29
1704624306 41
1704624370 39
1704624434 39
1704624498 32
1704624562 28
1704624626 28
1704624690 11



# Sketch: 29
1704624114 31
1704624178 23
1704624242 26
1704624306 23
1704624370 31
1704624434 30
1704624498 42
1704624562 62
1704624626 29
1704624690 6



# Sketch: 30
1704624114 50
1704624178 63
1704624242 34
1704624306 40
1704624370 22
1704624434 20
1704624498 32
1704624562 22
1704624626 15
1704624690 6



# Sketch: 31
1704624114 30
1704624178 31
1704624242 20
1704624306 26
1704624370 32
1704624434 24
1704624498 20
1704624562 29
1704624626 20
1704624690 3

