

# Sketch: 0
1704624114 54
1704624178 72
1704624242 37
1704624306 51
1704624370 70
1704624434 43
1704624498 32
1704624562 44
1704624626 46
1704624690 7



# Sketch: 1
1704624114 59
1704624178 40
1704624242 36
1704624306 30
1704624370 40
1704624434 27
1704624498 25
1704624562 26
1704624626 31
1704624690 3



# Sketch: 2
1704624114 31
1704624178 14
1704624242 29
1704624306 53
1704624370 17
1704624434 32
1704624498 18
1704624562 23
1704624626 16
1704624690 8



# Sketch: 3
1704624114 26
1704624178 12
1704624242 31
1704624306 35
1704624370 41
1704624434 16
1704624498 31
1704624562 38
1704624626 39
1704624690 20



# Sketch: 4
1704624114 19
1704624178 59
1704624242 46
1704624306 87
1704624370 58
1704624434 42
1704624498 34
1704624562 40
1704624626 28
1704624690 18



# Sketch: 5
1704624114 32
1704624178 57
1704624242 43
1704624306 49
1704624370 64
1704624434 41
1704624498 57
1704624562 39
1704624626 42
1704624690 11



# Sketch: 6
1704624114 34
1704624178 17
1704624242 27
1704624306 15
1704624370 25
1704624434 22
1704624498 25
1704624562 31
1704624626 17
1704624690 3



# Sketch: 7
1704624114 20
1704624178 32
1704624242 37
1704624306 16
1704624370 27
1704624434 49
1704624498 33
1704624562 33
1704624626 38
1704624690 6



# Sketch: 8
1704624114 31
1704624178 24
1704624242 66
1704624306 38
1704624370 31
1704624434 24
1704624498 26
1704624562 47
1704624626 22
1704624690 3



# Sketch: 9
1704624114 66
1704624178 56
1704624242 29
1704624306 52
1704624370 39
1704624434 24
1704624498 29
1704624562 42
1704624626 29
1704624690 8



# Sketch: 10
1704624114 22
1704624178 29
1704624242 17
1704624306 45
1704624370 38
1704624434 33
1704624498 18
1704624562 32
1704624626 28
1704624690 7



# Sketch: 11
1704624114 23
1704624178 31
1704624242 44
1704624306 35
1704624370 59
1704624434 35
1704624498 23
1704624562 42
1704624626 23
1704624690 5



# Sketch: 12
1704624114 19
1704624178 16
1704624242 29
1704624306 17
1704624370 34
1704624434 34
1704624498 32
1704624562 32
1704624626 23
1704624690 6



# Sketch: 13
1704624114 24
1704624178 30
1704624242 40
1704624306 36
1704624370 35
1704624434 32
1704624498 29
1704624562 46
1704624626 18
1704624690 10



# Sketch: 14
1704624114 47
1704624178 36
1704624242 22
1704624306 30
1704624370 38
1704624434 19
1704624498 66
1704624562 36
1704624626 27
1704624690 4



# Sketch: 15
1704624114 52
1704624178 27
1704624242 46
1704624306 34
1704624370 39
1704624434 31
1704624498 30
1704624562 43
1704624626 39
1704624690 11



# Sketch: 16
1704624114 39
1704624178 55
1704624242 23
1704624306 32
1704624370 22
1704624434 19
1704624498 26
1704624562 23
1704624626 17
1704624690 2



# Sketch: 17
1704624114 21
1704624178 15
1704624242 38
1704624306 40
1704624370 35
1704624434 23
1704624498 48
1704624562 29
1704624626 21
1704624690 6



# Sketch: 18
1704624114 44
1704624178 30
1704624242 26
1704624306 35
1704624370 29
1704624434 33
1704624498 39
1704624562 36
1704624626 31
1704624690 8



# Sketch: 19
1704624114 25
1704624178 43
1704624242 32
1704624306 22
1704624370 34
1704624434 32
1704624498 26
1704624562 51
1704624626 21
1704624690 6



# Sketch: 20
1704624114 27
1704624178 36
1704624242 32
1704624306 17
1704624370 55
1704624434 21
1704624498 22
1704624562 21
1704624626 30
1704624690 12



# Sketch: 21
1704624114 48
1704624178 27
1704624242 22
1704624306 26
1704624370 33
1704624434 22
1704624498 22
1704624562 26
1704624626 28
1704624690 8



# Sketch: 22
1704624114 26
1704624178 43
1704624242 37
1704624306 13
1704624370 41
1704624434 18
1704624498 43
1704624562 28
1704624626 22
1704624690 8



# Sketch: 23
1704624114 47
1704624178 27
1704624242 49
1704624306 49
1704624370 58
1704624434 40
1704624498 35
1704624562 29
1704624626 31
1704624690 10



# Sketch: 24
1704624114 33
1704624178 67
1704624242 28
1704624306 23
1704624370 41
1704624434 35
1704624498 39
1704624562 32
1704624626 18
1704624690 14



# Sketch: 25
1704624114 30
1704624178 29
1704624242 27
1704624306 42
1704624370 41
1704624434 14
1704624498 41
1704624562 25
1704624626 26
1704624690 8



# Sketch: 26
1704624114 17
1704624178 35
1704624242 44
1704624306 22
1704624370 39
1704624434 40
1704624498 66
1704624562 54
1704624626 14
1704624690 4



# Sketch: 27
1704624114 19
1704624178 35
1704624242 26
1704624306 20
1704624370 14
1704624434 20
1704624498 45
1704624562 25
1704624626 38
1704624690 4



# Sketch: 28
1704624114 23
1704624178 22
1704624242 31
1704624306 11
1704624370 20
1704624434 42
1704624498 22
1704624562 32
1704624626 17
1704624690 7



# Sketch: 29
1704624114 17
1704624178 33
1704624242 28
1704624306 24
1704624370 29
1704624434 39
1704624498 34
1704624562 23
1704624626 31
1704624690 9



# Sketch: 30
1704624114 36
1704624178 38
1704624242 25
1704624306 34
1704624370 38
1704624434 48
1704624498 40
1704624562 33
1704624626 27
1704624690 4



# Sketch: 31
1704624114 42
1704624178 37
1704624242 33
1704624306 34
1704624370 44
1704624434 35
1704624498 49
1704624562 38
1704624626 16
1704624690 3

