

# Sketch: 0
1704624114 29
1704624178 35
1704624242 29
1704624306 23
1704624370 32
1704624434 14
1704624498 27
1704624562 29
1704624626 31
1704624690 6



# Sketch: 1
1704624114 44
1704624178 52
1704624242 57
1704624306 74
1704624370 68
1704624434 39
1704624498 55
1704624562 55
1704624626 34
1704624690 16



# Sketch: 2
1704624114 20
1704624178 20
1704624242 24
1704624306 24
1704624370 32
1704624434 13
1704624498 29
1704624562 18
1704624626 15
1704624690 6



# Sketch: 3
1704624114 32
1704624178 67
1704624242 45
1704624306 24
1704624370 39
1704624434 33
1704624498 27
1704624562 28
1704624626 19
1704624690 5



# Sketch: 4
1704624114 34
1704624178 20
1704624242 21
1704624306 11
1704624370 23
1704624434 14
1704624498 20
1704624562 24
1704624626 15
1704624690 5



# Sketch: 5
1704624114 17
1704624178 34
1704624242 27
1704624306 53
1704624370 41
1704624434 33
1704624498 37
1704624562 38
1704624626 14
1704624690 3



# Sketch: 6
1704624114 52
1704624178 32
1704624242 29
1704624306 19
1704624370 48
1704624434 31
1704624498 40
1704624562 44
1704624626 31
1704624690 2



# Sketch: 7
1704624114 28
1704624178 37
1704624242 44
1704624306 29
1704624370 24
1704624434 25
1704624498 32
1704624562 46
1704624626 27
1704624690 8



# Sketch: 8
1704624114 21
1704624178 47
1704624242 23
1704624306 14
1704624370 29
1704624434 30
1704624498 31
1704624562 33
1704624626 14
1704624690 10



# Sketch: 9
1704624114 23
1704624178 33
1704624242 41
1704624306 47
1704624370 38
1704624434 31
1704624498 42
1704624562 35
1704624626 49
1704624690 4



# Sketch: 10
1704624114 22
1704624178 29
1704624242 34
1704624306 13
1704624370 28
1704624434 28
1704624498 17
1704624562 32
1704624626 31
1704624690 7



# Sketch: 11
1704624114 48
1704624178 22
1704624242 36
1704624306 24
1704624370 37
1704624434 32
1704624498 44
1704624562 28
1704624626 34
1704624690 8



# Sketch: 12
1704624114 25
1704624178 36
1704624242 29
1704624306 26
1704624370 31
1704624434 23
1704624498 28
1704624562 29
1704624626 20
1704624690 10



# Sketch: 13
1704624114 26
1704624178 18
1704624242 36
1704624306 22
1704624370 37
1704624434 34
1704624498 34
1704624562 35
1704624626 26
1704624690 7



# Sketch: 14
1704624114 23
1704624178 42
1704624242 77
1704624306 43
1704624370 26
1704624434 24
1704624498 33
1704624562 36
1704624626 24
1704624690 6



# Sketch: 15
1704624114 40
1704624178 43
1704624242 42
1704624306 48
1704624370 101
1704624434 57
1704624498 58
1704624562 53
1704624626 52
1704624690 19



# Sketch: 16
1704624114 18
1704624178 38
1704624242 22
1704624306 34
1704624370 39
1704624434 16
1704624498 33
1704624562 43
1704624626 38
1704624690 3



# Sketch: 17
1704624114 25
1704624178 26
1704624242 18
1704624306 37
1704624370 24
1704624434 24
1704624498 54
1704624562 24
1704624626 15
1704624690 2



# Sketch: 18
1704624114 19
1704624178 57
1704624242 30
1704624306 27
1704624370 36
1704624434 45
1704624498 23
1704624562 17
1704624626 9
1704624690 6



# Sketch: 19
1704624114 30
1704624178 28
1704624242 35
1704624306 47
1704624370 44
1704624434 35
1704624498 28
1704624562 21
1704624626 27
1704624690 8



# Sketch: 20
1704624114 23
1704624178 47
1704624242 47
1704624306 27
1704624370 28
1704624434 31
1704624498 26
1704624562 48
1704624626 13
1704624690 11



# Sketch: 21
1704624114 57
1704624178 30
1704624242 31
1704624306 34
1704624370 25
1704624434 35
1704624498 44
1704624562 35
1704624626 18
1704624690 3



# Sketch: 22
1704624114 48
1704624178 40
1704624242 35
1704624306 32
1704624370 81
1704624434 47
1704624498 46
1704624562 45
1704624626 49
1704624690 14



# Sketch: 23
1704624114 29
1704624178 22
1704624242 23
1704624306 40
1704624370 23
1704624434 12
1704624498 36
1704624562 32
1704624626 20
1704624690 10



# Sketch: 24
1704624114 27
1704624178 29
1704624242 31
1704624306 32
1704624370 16
1704624434 30
1704624498 23
1704624562 36
1704624626 35
1704624690 9



# Sketch: 25
1704624114 31
1704624178 28
1704624242 27
1704624306 37
1704624370 18
1704624434 49
1704624498 24
1704624562 26
1704624626 24
1704624690 9



# Sketch: 26
1704624114 32
1704624178 28
1704624242 43
1704624306 29
1704624370 26
1704624434 40
1704624498 42
1704624562 34
1704624626 29
1704624690 10



# Sketch: 27
1704624114 37
1704624178 30
1704624242 32
1704624306 53
1704624370 65
1704624434 33
1704624498 28
1704624562 44
1704624626 26
1704624690 9



# Sketch: 28
1704624114 67
1704624178 36
1704624242 23
1704624306 29
1704624370 35
1704624434 20
1704624498 19
1704624562 34
1704624626 23
1704624690 9



# Sketch: 29
1704624114 57
1704624178 41
1704624242 37
1704624306 63
1704624370 61
1704624434 30
1704624498 34
1704624562 52
1704624626 41
1704624690 13



# Sketch: 30
1704624114 44
1704624178 34
1704624242 20
1704624306 34
1704624370 39
1704624434 26
1704624498 49
1704624562 26
1704624626 29
1704624690 1



# Sketch: 31
1704624114 25
1704624178 43
1704624242 32
1704624306 18
1704624370 34
1704624434 51
1704624498 42
1704624562 19
1704624626 22
1704624690 4

