

# Sketch: 0
1704624714 13
1704624730 13
1704624746 4
1704624762 3
1704624778 10
1704624794 7
1704624810 2
1704624826 4
1704624842 7
1704624858 5
1704624874 1
1704624890 6
1704624906 0
1704624922 7
1704624938 9
1704624954 10
1704624970 9
1704624986 12
1704625002 26
1704625018 6
1704625034 7
1704625050 5
1704625066 7
1704625082 15
1704625098 6
1704625114 45
1704625130 10
1704625146 41
1704625162 25
1704625178 7
1704625194 71
1704625210 70
1704625226 14
1704625242 17
1704625258 7
1704625274 12
1704625290 3
1704625306 1



# Sketch: 1
1704624714 19
1704624730 5
1704624746 18
1704624762 2
1704624778 15
1704624794 13
1704624810 10
1704624826 7
1704624842 3
1704624858 2
1704624874 4
1704624890 12
1704624906 7
1704624922 10
1704624938 10
1704624954 12
1704624970 7
1704624986 14
1704625002 5
1704625018 12
1704625034 11
1704625050 6
1704625066 6
1704625082 8
1704625098 1
1704625114 15
1704625130 5
1704625146 22
1704625162 14
1704625178 7
1704625194 116
1704625210 174
1704625226 37
1704625242 3
1704625258 4
1704625274 13
1704625290 18
1704625306 6



# Sketch: 2
1704624714 14
1704624730 1
1704624746 14
1704624762 2
1704624778 6
1704624794 15
1704624810 1
1704624826 4
1704624842 16
1704624858 10
1704624874 4
1704624890 5
1704624906 6
1704624922 5
1704624938 13
1704624954 8
1704624970 5
1704624986 5
1704625002 10
1704625018 6
1704625034 7
1704625050 7
1704625066 14
1704625082 4
1704625098 1
1704625114 30
1704625130 27
1704625146 22
1704625162 12
1704625178 4
1704625194 65
1704625210 110
1704625226 22
1704625242 22
1704625258 8
1704625274 5
1704625290 7
1704625306 3



# Sketch: 3
1704624714 5
1704624730 2
1704624746 10
1704624762 3
1704624778 8
1704624794 8
1704624810 2
1704624826 3
1704624842 9
1704624858 4
1704624874 5
1704624890 17
1704624906 7
1704624922 1
1704624938 9
1704624954 11
1704624970 8
1704624986 10
1704625002 4
1704625018 13
1704625034 4
1704625050 16
1704625066 6
1704625082 2
1704625098 15
1704625114 22
1704625130 5
1704625146 21
1704625162 5
1704625178 11
1704625194 16
1704625210 18
1704625226 7
1704625242 14
1704625258 11
1704625274 8
1704625290 8
1704625306 1



# Sketch: 4
1704624714 5
1704624730 15
1704624746 9
1704624762 1
1704624778 7
1704624794 5
1704624810 1
1704624826 2
1704624842 3
1704624858 16
1704624874 8
1704624890 10
1704624906 1
1704624922 7
1704624938 5
1704624954 5
1704624970 7
1704624986 10
1704625002 9
1704625018 14
1704625034 3
1704625050 3
1704625066 10
1704625082 9
1704625098 12
1704625114 20
1704625130 34
1704625146 26
1704625162 11
1704625178 4
1704625194 41
1704625210 74
1704625226 12
1704625242 8
1704625258 13
1704625274 12
1704625290 10
1704625306 0



# Sketch: 5
1704624714 19
1704624730 14
1704624746 3
1704624762 9
1704624778 6
1704624794 14
1704624810 4
1704624826 11
1704624842 10
1704624858 5
1704624874 5
1704624890 9
1704624906 7
1704624922 10
1704624938 9
1704624954 5
1704624970 11
1704624986 4
1704625002 6
1704625018 5
1704625034 5
1704625050 7
1704625066 12
1704625082 27
1704625098 5
1704625114 30
1704625130 14
1704625146 14
1704625162 8
1704625178 5
1704625194 51
1704625210 36
1704625226 14
1704625242 12
1704625258 14
1704625274 5
1704625290 16
1704625306 3



# Sketch: 6
1704624714 8
1704624730 2
1704624746 4
1704624762 9
1704624778 14
1704624794 14
1704624810 0
1704624826 5
1704624842 5
1704624858 6
1704624874 7
1704624890 11
1704624906 5
1704624922 3
1704624938 2
1704624954 13
1704624970 2
1704624986 4
1704625002 15
1704625018 3
1704625034 3
1704625050 3
1704625066 8
1704625082 9
1704625098 6
1704625114 8
1704625130 14
1704625146 30
1704625162 11
1704625178 6
1704625194 29
1704625210 35
1704625226 10
1704625242 15
1704625258 13
1704625274 6
1704625290 4
1704625306 0



# Sketch: 7
1704624714 7
1704624730 8
1704624746 10
1704624762 7
1704624778 1
1704624794 8
1704624810 15
1704624826 7
1704624842 13
1704624858 11
1704624874 9
1704624890 8
1704624906 10
1704624922 3
1704624938 10
1704624954 13
1704624970 11
1704624986 12
1704625002 0
1704625018 4
1704625034 9
1704625050 6
1704625066 5
1704625082 14
1704625098 11
1704625114 36
1704625130 40
1704625146 22
1704625162 17
1704625178 4
1704625194 115
1704625210 201
1704625226 99
1704625242 24
1704625258 9
1704625274 2
1704625290 6
1704625306 5



# Sketch: 8
1704624714 6
1704624730 15
1704624746 10
1704624762 9
1704624778 10
1704624794 8
1704624810 13
1704624826 11
1704624842 12
1704624858 1
1704624874 5
1704624890 7
1704624906 6
1704624922 3
1704624938 4
1704624954 5
1704624970 7
1704624986 9
1704625002 1
1704625018 16
1704625034 3
1704625050 10
1704625066 6
1704625082 22
1704625098 12
1704625114 47
1704625130 41
1704625146 50
1704625162 15
1704625178 13
1704625194 85
1704625210 66
1704625226 23
1704625242 18
1704625258 38
1704625274 66
1704625290 14
1704625306 3



# Sketch: 9
1704624714 6
1704624730 10
1704624746 6
1704624762 6
1704624778 3
1704624794 12
1704624810 8
1704624826 4
1704624842 9
1704624858 2
1704624874 1
1704624890 3
1704624906 4
1704624922 12
1704624938 9
1704624954 7
1704624970 9
1704624986 8
1704625002 5
1704625018 7
1704625034 4
1704625050 6
1704625066 3
1704625082 10
1704625098 8
1704625114 10
1704625130 16
1704625146 7
1704625162 11
1704625178 5
1704625194 36
1704625210 44
1704625226 6
1704625242 14
1704625258 13
1704625274 6
1704625290 13
1704625306 5



# Sketch: 10
1704624714 10
1704624730 6
1704624746 6
1704624762 2
1704624778 16
1704624794 11
1704624810 9
1704624826 7
1704624842 7
1704624858 9
1704624874 14
1704624890 1
1704624906 9
1704624922 13
1704624938 8
1704624954 7
1704624970 8
1704624986 10
1704625002 4
1704625018 23
1704625034 8
1704625050 16
1704625066 7
1704625082 8
1704625098 9
1704625114 28
1704625130 23
1704625146 25
1704625162 29
1704625178 2
1704625194 69
1704625210 51
1704625226 8
1704625242 12
1704625258 13
1704625274 3
1704625290 7
1704625306 5



# Sketch: 11
1704624714 8
1704624730 6
1704624746 7
1704624762 7
1704624778 17
1704624794 12
1704624810 1
1704624826 12
1704624842 11
1704624858 3
1704624874 10
1704624890 17
1704624906 4
1704624922 9
1704624938 16
1704624954 8
1704624970 9
1704624986 8
1704625002 8
1704625018 6
1704625034 14
1704625050 8
1704625066 18
1704625082 20
1704625098 5
1704625114 63
1704625130 13
1704625146 47
1704625162 49
1704625178 15
1704625194 90
1704625210 179
1704625226 52
1704625242 35
1704625258 9
1704625274 6
1704625290 16
1704625306 2



# Sketch: 12
1704624714 12
1704624730 6
1704624746 7
1704624762 8
1704624778 10
1704624794 9
1704624810 5
1704624826 1
1704624842 10
1704624858 11
1704624874 11
1704624890 8
1704624906 5
1704624922 15
1704624938 11
1704624954 5
1704624970 6
1704624986 8
1704625002 8
1704625018 10
1704625034 5
1704625050 6
1704625066 23
1704625082 18
1704625098 17
1704625114 28
1704625130 25
1704625146 23
1704625162 10
1704625178 12
1704625194 39
1704625210 63
1704625226 26
1704625242 21
1704625258 8
1704625274 6
1704625290 7
1704625306 3



# Sketch: 13
1704624714 9
1704624730 15
1704624746 9
1704624762 4
1704624778 6
1704624794 8
1704624810 6
1704624826 10
1704624842 13
1704624858 1
1704624874 5
1704624890 7
1704624906 7
1704624922 2
1704624938 4
1704624954 13
1704624970 9
1704624986 11
1704625002 5
1704625018 24
1704625034 5
1704625050 6
1704625066 15
1704625082 8
1704625098 10
1704625114 12
1704625130 20
1704625146 17
1704625162 14
1704625178 9
1704625194 44
1704625210 57
1704625226 16
1704625242 10
1704625258 5
1704625274 2
1704625290 3
1704625306 4



# Sketch: 14
1704624714 2
1704624730 5
1704624746 10
1704624762 1
1704624778 3
1704624794 26
1704624810 12
1704624826 2
1704624842 13
1704624858 5
1704624874 5
1704624890 23
1704624906 4
1704624922 6
1704624938 11
1704624954 9
1704624970 8
1704624986 8
1704625002 6
1704625018 11
1704625034 20
1704625050 2
1704625066 13
1704625082 7
1704625098 9
1704625114 25
1704625130 32
1704625146 25
1704625162 24
1704625178 10
1704625194 56
1704625210 51
1704625226 36
1704625242 101
1704625258 36
1704625274 31
1704625290 19
1704625306 10



# Sketch: 15
1704624714 9
1704624730 11
1704624746 9
1704624762 5
1704624778 6
1704624794 10
1704624810 1
1704624826 3
1704624842 10
1704624858 6
1704624874 6
1704624890 7
1704624906 4
1704624922 4
1704624938 4
1704624954 11
1704624970 7
1704624986 12
1704625002 6
1704625018 6
1704625034 3
1704625050 9
1704625066 10
1704625082 12
1704625098 9
1704625114 15
1704625130 15
1704625146 13
1704625162 12
1704625178 9
1704625194 19
1704625210 26
1704625226 13
1704625242 7
1704625258 8
1704625274 8
1704625290 7
1704625306 8



# Sketch: 16
1704624714 10
1704624730 0
1704624746 11
1704624762 6
1704624778 8
1704624794 5
1704624810 9
1704624826 3
1704624842 11
1704624858 5
1704624874 3
1704624890 8
1704624906 4
1704624922 21
1704624938 10
1704624954 11
1704624970 8
1704624986 7
1704625002 12
1704625018 11
1704625034 17
1704625050 11
1704625066 8
1704625082 4
1704625098 4
1704625114 36
1704625130 21
1704625146 56
1704625162 18
1704625178 9
1704625194 88
1704625210 109
1704625226 75
1704625242 19
1704625258 53
1704625274 13
1704625290 2
1704625306 3



# Sketch: 17
1704624714 5
1704624730 7
1704624746 3
1704624762 11
1704624778 6
1704624794 16
1704624810 9
1704624826 4
1704624842 32
1704624858 7
1704624874 6
1704624890 11
1704624906 5
1704624922 9
1704624938 4
1704624954 4
1704624970 5
1704624986 12
1704625002 18
1704625018 4
1704625034 3
1704625050 9
1704625066 4
1704625082 5
1704625098 2
1704625114 31
1704625130 30
1704625146 35
1704625162 15
1704625178 11
1704625194 104
1704625210 110
1704625226 25
1704625242 19
1704625258 16
1704625274 8
1704625290 3
1704625306 1



# Sketch: 18
1704624714 4
1704624730 6
1704624746 8
1704624762 1
1704624778 10
1704624794 14
1704624810 0
1704624826 3
1704624842 9
1704624858 2
1704624874 8
1704624890 11
1704624906 3
1704624922 8
1704624938 9
1704624954 10
1704624970 4
1704624986 8
1704625002 8
1704625018 12
1704625034 7
1704625050 6
1704625066 6
1704625082 20
1704625098 12
1704625114 12
1704625130 34
1704625146 28
1704625162 9
1704625178 3
1704625194 74
1704625210 82
1704625226 25
1704625242 14
1704625258 13
1704625274 11
1704625290 3
1704625306 2



# Sketch: 19
1704624714 14
1704624730 6
1704624746 11
1704624762 7
1704624778 2
1704624794 8
1704624810 1
1704624826 8
1704624842 9
1704624858 1
1704624874 4
1704624890 1
1704624906 5
1704624922 13
1704624938 2
1704624954 7
1704624970 10
1704624986 11
1704625002 5
1704625018 7
1704625034 6
1704625050 7
1704625066 27
1704625082 9
1704625098 6
1704625114 23
1704625130 21
1704625146 22
1704625162 8
1704625178 6
1704625194 64
1704625210 59
1704625226 32
1704625242 18
1704625258 20
1704625274 7
1704625290 7
1704625306 0



# Sketch: 20
1704624714 4
1704624730 3
1704624746 3
1704624762 9
1704624778 2
1704624794 6
1704624810 5
1704624826 5
1704624842 1
1704624858 3
1704624874 0
1704624890 4
1704624906 6
1704624922 2
1704624938 7
1704624954 1
1704624970 4
1704624986 11
1704625002 2
1704625018 18
1704625034 3
1704625050 4
1704625066 3
1704625082 5
1704625098 3
1704625114 20
1704625130 19
1704625146 26
1704625162 17
1704625178 8
1704625194 41
1704625210 43
1704625226 16
1704625242 12
1704625258 14
1704625274 9
1704625290 1
1704625306 7



# Sketch: 21
1704624714 11
1704624730 13
1704624746 8
1704624762 5
1704624778 4
1704624794 18
1704624810 7
1704624826 12
1704624842 17
1704624858 8
1704624874 6
1704624890 2
1704624906 12
1704624922 19
1704624938 21
1704624954 8
1704624970 6
1704624986 12
1704625002 9
1704625018 9
1704625034 11
1704625050 18
1704625066 10
1704625082 12
1704625098 12
1704625114 36
1704625130 29
1704625146 30
1704625162 10
1704625178 3
1704625194 23
1704625210 54
1704625226 30
1704625242 13
1704625258 6
1704625274 8
1704625290 11
1704625306 7



# Sketch: 22
1704624714 11
1704624730 16
1704624746 8
1704624762 21
1704624778 5
1704624794 5
1704624810 6
1704624826 5
1704624842 7
1704624858 3
1704624874 6
1704624890 8
1704624906 5
1704624922 12
1704624938 30
1704624954 15
1704624970 9
1704624986 14
1704625002 6
1704625018 11
1704625034 6
1704625050 5
1704625066 9
1704625082 7
1704625098 3
1704625114 31
1704625130 31
1704625146 32
1704625162 10
1704625178 6
1704625194 50
1704625210 103
1704625226 26
1704625242 12
1704625258 15
1704625274 12
1704625290 13
1704625306 1



# Sketch: 23
1704624714 3
1704624730 1
1704624746 7
1704624762 6
1704624778 9
1704624794 4
1704624810 4
1704624826 1
1704624842 5
1704624858 5
1704624874 17
1704624890 5
1704624906 7
1704624922 9
1704624938 2
1704624954 4
1704624970 5
1704624986 7
1704625002 12
1704625018 11
1704625034 11
1704625050 2
1704625066 7
1704625082 5
1704625098 4
1704625114 24
1704625130 14
1704625146 19
1704625162 11
1704625178 13
1704625194 61
1704625210 33
1704625226 15
1704625242 7
1704625258 6
1704625274 8
1704625290 5
1704625306 2



# Sketch: 24
1704624714 11
1704624730 3
1704624746 7
1704624762 7
1704624778 19
1704624794 10
1704624810 14
1704624826 12
1704624842 5
1704624858 10
1704624874 11
1704624890 53
1704624906 31
1704624922 14
1704624938 3
1704624954 9
1704624970 9
1704624986 8
1704625002 31
1704625018 15
1704625034 7
1704625050 10
1704625066 5
1704625082 15
1704625098 4
1704625114 25
1704625130 10
1704625146 21
1704625162 10
1704625178 7
1704625194 33
1704625210 33
1704625226 8
1704625242 10
1704625258 12
1704625274 19
1704625290 9
1704625306 0



# Sketch: 25
1704624714 10
1704624730 6
1704624746 5
1704624762 1
1704624778 2
1704624794 5
1704624810 3
1704624826 3
1704624842 22
1704624858 6
1704624874 3
1704624890 5
1704624906 10
1704624922 14
1704624938 2
1704624954 17
1704624970 13
1704624986 8
1704625002 11
1704625018 4
1704625034 4
1704625050 7
1704625066 22
1704625082 7
1704625098 5
1704625114 12
1704625130 9
1704625146 9
1704625162 4
1704625178 10
1704625194 32
1704625210 37
1704625226 12
1704625242 5
1704625258 5
1704625274 4
1704625290 1
1704625306 3



# Sketch: 26
1704624714 6
1704624730 7
1704624746 4
1704624762 21
1704624778 8
1704624794 9
1704624810 3
1704624826 5
1704624842 8
1704624858 7
1704624874 7
1704624890 6
1704624906 11
1704624922 7
1704624938 16
1704624954 11
1704624970 12
1704624986 10
1704625002 11
1704625018 21
1704625034 12
1704625050 15
1704625066 12
1704625082 5
1704625098 3
1704625114 71
1704625130 39
1704625146 52
1704625162 36
1704625178 15
1704625194 103
1704625210 136
1704625226 25
1704625242 17
1704625258 17
1704625274 8
1704625290 3
1704625306 6



# Sketch: 27
1704624714 6
1704624730 9
1704624746 3
1704624762 8
1704624778 18
1704624794 8
1704624810 5
1704624826 5
1704624842 11
1704624858 8
1704624874 2
1704624890 10
1704624906 12
1704624922 9
1704624938 3
1704624954 7
1704624970 15
1704624986 10
1704625002 5
1704625018 8
1704625034 8
1704625050 10
1704625066 13
1704625082 19
1704625098 12
1704625114 21
1704625130 18
1704625146 35
1704625162 9
1704625178 7
1704625194 58
1704625210 49
1704625226 15
1704625242 8
1704625258 8
1704625274 15
1704625290 10
1704625306 2



# Sketch: 28
1704624714 10
1704624730 7
1704624746 6
1704624762 6
1704624778 9
1704624794 2
1704624810 8
1704624826 9
1704624842 9
1704624858 6
1704624874 13
1704624890 6
1704624906 8
1704624922 15
1704624938 6
1704624954 16
1704624970 18
1704624986 10
1704625002 5
1704625018 9
1704625034 2
1704625050 13
1704625066 5
1704625082 17
1704625098 5
1704625114 41
1704625130 38
1704625146 22
1704625162 17
1704625178 4
1704625194 50
1704625210 40
1704625226 21
1704625242 11
1704625258 6
1704625274 10
1704625290 10
1704625306 5



# Sketch: 29
1704624714 9
1704624730 9
1704624746 9
1704624762 4
1704624778 7
1704624794 14
1704624810 1
1704624826 6
1704624842 20
1704624858 12
1704624874 8
1704624890 3
1704624906 2
1704624922 6
1704624938 4
1704624954 11
1704624970 10
1704624986 7
1704625002 3
1704625018 6
1704625034 5
1704625050 10
1704625066 9
1704625082 12
1704625098 6
1704625114 20
1704625130 31
1704625146 11
1704625162 30
1704625178 12
1704625194 63
1704625210 114
1704625226 52
1704625242 18
1704625258 10
1704625274 6
1704625290 4
1704625306 1



# Sketch: 30
1704624714 10
1704624730 13
1704624746 5
1704624762 8
1704624778 12
1704624794 15
1704624810 4
1704624826 8
1704624842 13
1704624858 7
1704624874 9
1704624890 6
1704624906 12
1704624922 2
1704624938 12
1704624954 6
1704624970 7
1704624986 6
1704625002 6
1704625018 9
1704625034 9
1704625050 4
1704625066 9
1704625082 10
1704625098 8
1704625114 17
1704625130 20
1704625146 20
1704625162 8
1704625178 15
1704625194 52
1704625210 96
1704625226 13
1704625242 13
1704625258 10
1704625274 9
1704625290 4
1704625306 5



# Sketch: 31
1704624714 5
1704624730 8
1704624746 5
1704624762 8
1704624778 21
1704624794 16
1704624810 9
1704624826 13
1704624842 3
1704624858 23
1704624874 7
1704624890 9
1704624906 14
1704624922 13
1704624938 17
1704624954 10
1704624970 10
1704624986 9
1704625002 4
1704625018 15
1704625034 5
1704625050 19
1704625066 6
1704625082 5
1704625098 4
1704625114 20
1704625130 28
1704625146 44
1704625162 15
1704625178 15
1704625194 43
1704625210 25
1704625226 19
1704625242 9
1704625258 19
1704625274 9
1704625290 16
1704625306 0

