

# Sketch: 0
1704624714 15
1704624778 39
1704624842 15
1704624906 44
1704624970 33
1704625034 58
1704625098 71
1704625162 88
1704625226 69
1704625290 16



# Sketch: 1
1704624714 29
1704624778 30
1704624842 32
1704624906 29
1704624970 31
1704625034 57
1704625098 48
1704625162 83
1704625226 49
1704625290 23



# Sketch: 2
1704624714 45
1704624778 32
1704624842 25
1704624906 37
1704624970 40
1704625034 27
1704625098 73
1704625162 126
1704625226 38
1704625290 7



# Sketch: 3
1704624714 38
1704624778 20
1704624842 57
1704624906 42
1704624970 48
1704625034 33
1704625098 87
1704625162 183
1704625226 47
1704625290 8



# Sketch: 4
1704624714 22
1704624778 30
1704624842 32
1704624906 30
1704624970 41
1704625034 30
1704625098 94
1704625162 153
1704625226 45
1704625290 5



# Sketch: 5
1704624714 29
1704624778 16
1704624842 33
1704624906 30
1704624970 25
1704625034 32
1704625098 74
1704625162 185
1704625226 86
1704625290 6



# Sketch: 6
1704624714 30
1704624778 41
1704624842 41
1704624906 31
1704624970 59
1704625034 27
1704625098 66
1704625162 103
1704625226 54
1704625290 8



# Sketch: 7
1704624714 33
1704624778 38
1704624842 26
1704624906 24
1704624970 50
1704625034 35
1704625098 139
1704625162 272
1704625226 62
1704625290 16



# Sketch: 8
1704624714 19
1704624778 24
1704624842 21
1704624906 44
1704624970 25
1704625034 43
1704625098 63
1704625162 98
1704625226 52
1704625290 4



# Sketch: 9
1704624714 21
1704624778 32
1704624842 33
1704624906 27
1704624970 33
1704625034 26
1704625098 41
1704625162 124
1704625226 42
1704625290 13



# Sketch: 10
1704624714 38
1704624778 28
1704624842 78
1704624906 19
1704624970 26
1704625034 44
1704625098 62
1704625162 102
1704625226 40
1704625290 12



# Sketch: 11
1704624714 26
1704624778 33
1704624842 20
1704624906 30
1704624970 17
1704625034 27
1704625098 114
1704625162 197
1704625226 60
1704625290 15



# Sketch: 12
1704624714 50
1704624778 36
1704624842 23
1704624906 47
1704624970 28
1704625034 40
1704625098 138
1704625162 176
1704625226 130
1704625290 6



# Sketch: 13
1704624714 38
1704624778 33
1704624842 56
1704624906 31
1704624970 23
1704625034 17
1704625098 61
1704625162 111
1704625226 57
1704625290 8



# Sketch: 14
1704624714 29
1704624778 26
1704624842 59
1704624906 45
1704624970 51
1704625034 57
1704625098 96
1704625162 142
1704625226 70
1704625290 18



# Sketch: 15
1704624714 30
1704624778 40
1704624842 36
1704624906 27
1704624970 31
1704625034 35
1704625098 89
1704625162 86
1704625226 50
1704625290 12



# Sketch: 16
1704624714 22
1704624778 30
1704624842 42
1704624906 36
1704624970 32
1704625034 36
1704625098 120
1704625162 157
1704625226 69
1704625290 8



# Sketch: 17
1704624714 20
1704624778 32
1704624842 36
1704624906 29
1704624970 40
1704625034 42
1704625098 64
1704625162 76
1704625226 34
1704625290 13



# Sketch: 18
1704624714 41
1704624778 37
1704624842 21
1704624906 52
1704624970 46
1704625034 37
1704625098 95
1704625162 139
1704625226 66
1704625290 16



# Sketch: 19
1704624714 30
1704624778 27
1704624842 30
1704624906 23
1704624970 37
1704625034 53
1704625098 54
1704625162 95
1704625226 58
1704625290 11



# Sketch: 20
1704624714 34
1704624778 30
1704624842 49
1704624906 32
1704624970 33
1704625034 37
1704625098 97
1704625162 177
1704625226 36
1704625290 9



# Sketch: 21
1704624714 39
1704624778 33
1704624842 22
1704624906 29
1704624970 44
1704625034 35
1704625098 105
1704625162 157
1704625226 49
1704625290 13



# Sketch: 22
1704624714 19
1704624778 22
1704624842 26
1704624906 42
1704624970 36
1704625034 21
1704625098 96
1704625162 105
1704625226 108
1704625290 15



# Sketch: 23
1704624714 43
1704624778 28
1704624842 31
1704624906 29
1704624970 53
1704625034 41
1704625098 61
1704625162 128
1704625226 77
1704625290 20



# Sketch: 24
1704624714 17
1704624778 30
1704624842 19
1704624906 31
1704624970 30
1704625034 16
1704625098 71
1704625162 161
1704625226 62
1704625290 2



# Sketch: 25
1704624714 40
1704624778 31
1704624842 26
1704624906 41
1704624970 51
1704625034 20
1704625098 131
1704625162 446
1704625226 184
1704625290 17



# Sketch: 26
1704624714 37
1704624778 18
1704624842 32
1704624906 41
1704624970 19
1704625034 35
1704625098 61
1704625162 122
1704625226 42
1704625290 9



# Sketch: 27
1704624714 34
1704624778 35
1704624842 36
1704624906 48
1704624970 39
1704625034 68
1704625098 56
1704625162 193
1704625226 74
1704625290 16



# Sketch: 28
1704624714 23
1704624778 45
1704624842 25
1704624906 25
1704624970 31
1704625034 30
1704625098 81
1704625162 270
1704625226 66
1704625290 8



# Sketch: 29
1704624714 26
1704624778 24
1704624842 13
1704624906 32
1704624970 24
1704625034 24
1704625098 73
1704625162 217
1704625226 166
1704625290 19



# Sketch: 30
1704624714 36
1704624778 38
1704624842 31
1704624906 24
1704624970 60
1704625034 42
1704625098 58
1704625162 84
1704625226 37
1704625290 4



# Sketch: 31
1704624714 22
1704624778 30
1704624842 26
1704624906 36
1704624970 29
1704625034 36
1704625098 157
1704625162 264
1704625226 49
1704625290 7

