

# Sketch: 0
1704624714 27
1704624746 21
1704624778 32
1704624810 10
1704624842 13
1704624874 18
1704624906 13
1704624938 35
1704624970 21
1704625002 11
1704625034 26
1704625066 20
1704625098 36
1704625130 58
1704625162 36
1704625194 194
1704625226 53
1704625258 23
1704625290 6



# Sketch: 1
1704624714 15
1704624746 8
1704624778 21
1704624810 13
1704624842 10
1704624874 9
1704624906 19
1704624938 23
1704624970 7
1704625002 22
1704625034 11
1704625066 38
1704625098 31
1704625130 15
1704625162 21
1704625194 43
1704625226 15
1704625258 21
1704625290 8



# Sketch: 2
1704624714 17
1704624746 11
1704624778 14
1704624810 17
1704624842 8
1704624874 12
1704624906 11
1704624938 11
1704624970 16
1704625002 15
1704625034 6
1704625066 21
1704625098 32
1704625130 76
1704625162 23
1704625194 172
1704625226 20
1704625258 23
1704625290 11



# Sketch: 3
1704624714 13
1704624746 14
1704624778 11
1704624810 7
1704624842 14
1704624874 18
1704624906 20
1704624938 10
1704624970 18
1704625002 14
1704625034 8
1704625066 18
1704625098 87
1704625130 61
1704625162 23
1704625194 152
1704625226 31
1704625258 92
1704625290 10



# Sketch: 4
1704624714 37
1704624746 12
1704624778 32
1704624810 13
1704624842 15
1704624874 6
1704624906 18
1704624938 15
1704624970 26
1704625002 25
1704625034 17
1704625066 29
1704625098 29
1704625130 44
1704625162 26
1704625194 184
1704625226 36
1704625258 20
1704625290 5



# Sketch: 5
1704624714 18
1704624746 9
1704624778 10
1704624810 13
1704624842 8
1704624874 13
1704624906 17
1704624938 13
1704624970 10
1704625002 32
1704625034 14
1704625066 25
1704625098 18
1704625130 52
1704625162 22
1704625194 83
1704625226 28
1704625258 12
1704625290 3



# Sketch: 6
1704624714 10
1704624746 10
1704624778 4
1704624810 17
1704624842 11
1704624874 17
1704624906 10
1704624938 11
1704624970 26
1704625002 21
1704625034 18
1704625066 31
1704625098 12
1704625130 72
1704625162 14
1704625194 140
1704625226 110
1704625258 16
1704625290 7



# Sketch: 7
1704624714 11
1704624746 8
1704624778 10
1704624810 12
1704624842 20
1704624874 10
1704624906 12
1704624938 23
1704624970 26
1704625002 13
1704625034 16
1704625066 15
1704625098 26
1704625130 49
1704625162 24
1704625194 126
1704625226 13
1704625258 24
1704625290 2



# Sketch: 8
1704624714 13
1704624746 13
1704624778 12
1704624810 5
1704624842 16
1704624874 26
1704624906 10
1704624938 8
1704624970 9
1704625002 8
1704625034 9
1704625066 10
1704625098 21
1704625130 42
1704625162 20
1704625194 58
1704625226 30
1704625258 11
1704625290 5



# Sketch: 9
1704624714 31
1704624746 13
1704624778 20
1704624810 8
1704624842 20
1704624874 14
1704624906 18
1704624938 12
1704624970 24
1704625002 14
1704625034 13
1704625066 25
1704625098 43
1704625130 25
1704625162 19
1704625194 196
1704625226 88
1704625258 48
1704625290 6



# Sketch: 10
1704624714 16
1704624746 15
1704624778 30
1704624810 14
1704624842 7
1704624874 9
1704624906 31
1704624938 32
1704624970 15
1704625002 19
1704625034 25
1704625066 21
1704625098 39
1704625130 28
1704625162 27
1704625194 67
1704625226 26
1704625258 35
1704625290 13



# Sketch: 11
1704624714 16
1704624746 8
1704624778 21
1704624810 11
1704624842 19
1704624874 10
1704624906 8
1704624938 14
1704624970 25
1704625002 20
1704625034 15
1704625066 19
1704625098 74
1704625130 58
1704625162 45
1704625194 122
1704625226 31
1704625258 21
1704625290 39



# Sketch: 12
1704624714 15
1704624746 10
1704624778 15
1704624810 7
1704624842 21
1704624874 49
1704624906 12
1704624938 35
1704624970 14
1704625002 13
1704625034 5
1704625066 17
1704625098 28
1704625130 30
1704625162 21
1704625194 190
1704625226 23
1704625258 13
1704625290 15



# Sketch: 13
1704624714 13
1704624746 8
1704624778 22
1704624810 22
1704624842 20
1704624874 19
1704624906 26
1704624938 11
1704624970 15
1704625002 10
1704625034 16
1704625066 30
1704625098 54
1704625130 45
1704625162 29
1704625194 318
1704625226 66
1704625258 16
1704625290 4



# Sketch: 14
1704624714 12
1704624746 15
1704624778 15
1704624810 16
1704624842 21
1704624874 2
1704624906 20
1704624938 30
1704624970 27
1704625002 19
1704625034 15
1704625066 29
1704625098 22
1704625130 30
1704625162 20
1704625194 67
1704625226 16
1704625258 14
1704625290 9



# Sketch: 15
1704624714 19
1704624746 23
1704624778 20
1704624810 8
1704624842 21
1704624874 11
1704624906 11
1704624938 14
1704624970 24
1704625002 11
1704625034 14
1704625066 27
1704625098 22
1704625130 32
1704625162 16
1704625194 48
1704625226 21
1704625258 10
1704625290 13



# Sketch: 16
1704624714 23
1704624746 8
1704624778 16
1704624810 6
1704624842 16
1704624874 18
1704624906 11
1704624938 12
1704624970 18
1704625002 13
1704625034 10
1704625066 8
1704625098 17
1704625130 16
1704625162 18
1704625194 49
1704625226 31
1704625258 17
1704625290 7



# Sketch: 17
1704624714 18
1704624746 10
1704624778 29
1704624810 12
1704624842 17
1704624874 28
1704624906 10
1704624938 15
1704624970 17
1704625002 8
1704625034 18
1704625066 16
1704625098 30
1704625130 47
1704625162 20
1704625194 174
1704625226 62
1704625258 30
1704625290 16



# Sketch: 18
1704624714 15
1704624746 11
1704624778 12
1704624810 11
1704624842 26
1704624874 7
1704624906 24
1704624938 24
1704624970 18
1704625002 15
1704625034 19
1704625066 26
1704625098 40
1704625130 50
1704625162 16
1704625194 153
1704625226 19
1704625258 34
1704625290 15



# Sketch: 19
1704624714 17
1704624746 16
1704624778 23
1704624810 13
1704624842 15
1704624874 16
1704624906 22
1704624938 33
1704624970 14
1704625002 13
1704625034 17
1704625066 21
1704625098 15
1704625130 54
1704625162 21
1704625194 120
1704625226 38
1704625258 15
1704625290 11



# Sketch: 20
1704624714 27
1704624746 28
1704624778 17
1704624810 4
1704624842 10
1704624874 16
1704624906 14
1704624938 13
1704624970 25
1704625002 34
1704625034 20
1704625066 17
1704625098 30
1704625130 48
1704625162 25
1704625194 131
1704625226 163
1704625258 47
1704625290 43



# Sketch: 21
1704624714 12
1704624746 12
1704624778 25
1704624810 7
1704624842 12
1704624874 13
1704624906 10
1704624938 16
1704624970 11
1704625002 26
1704625034 14
1704625066 23
1704625098 40
1704625130 80
1704625162 33
1704625194 143
1704625226 68
1704625258 29
1704625290 3



# Sketch: 22
1704624714 17
1704624746 15
1704624778 29
1704624810 17
1704624842 24
1704624874 19
1704624906 13
1704624938 5
1704624970 19
1704625002 20
1704625034 17
1704625066 20
1704625098 20
1704625130 49
1704625162 16
1704625194 92
1704625226 43
1704625258 24
1704625290 14



# Sketch: 23
1704624714 18
1704624746 21
1704624778 38
1704624810 15
1704624842 16
1704624874 20
1704624906 21
1704624938 18
1704624970 17
1704625002 33
1704625034 40
1704625066 20
1704625098 46
1704625130 77
1704625162 34
1704625194 141
1704625226 24
1704625258 44
1704625290 16



# Sketch: 24
1704624714 18
1704624746 29
1704624778 14
1704624810 10
1704624842 33
1704624874 14
1704624906 30
1704624938 24
1704624970 21
1704625002 20
1704625034 10
1704625066 13
1704625098 47
1704625130 51
1704625162 20
1704625194 228
1704625226 31
1704625258 15
1704625290 9



# Sketch: 25
1704624714 9
1704624746 11
1704624778 20
1704624810 10
1704624842 17
1704624874 38
1704624906 17
1704624938 19
1704624970 15
1704625002 12
1704625034 12
1704625066 11
1704625098 34
1704625130 77
1704625162 31
1704625194 138
1704625226 32
1704625258 17
1704625290 8



# Sketch: 26
1704624714 17
1704624746 16
1704624778 15
1704624810 17
1704624842 10
1704624874 11
1704624906 13
1704624938 15
1704624970 5
1704625002 17
1704625034 18
1704625066 19
1704625098 21
1704625130 67
1704625162 23
1704625194 67
1704625226 22
1704625258 11
1704625290 17



# Sketch: 27
1704624714 13
1704624746 5
1704624778 6
1704624810 9
1704624842 42
1704624874 14
1704624906 7
1704624938 10
1704624970 15
1704625002 14
1704625034 19
1704625066 37
1704625098 22
1704625130 50
1704625162 17
1704625194 104
1704625226 45
1704625258 25
1704625290 14



# Sketch: 28
1704624714 14
1704624746 16
1704624778 25
1704624810 6
1704624842 17
1704624874 15
1704624906 13
1704624938 9
1704624970 19
1704625002 17
1704625034 10
1704625066 12
1704625098 96
1704625130 80
1704625162 42
1704625194 235
1704625226 23
1704625258 26
1704625290 12



# Sketch: 29
1704624714 8
1704624746 23
1704624778 15
1704624810 4
1704624842 15
1704624874 13
1704624906 12
1704624938 38
1704624970 17
1704625002 24
1704625034 9
1704625066 7
1704625098 20
1704625130 30
1704625162 14
1704625194 68
1704625226 23
1704625258 14
1704625290 2



# Sketch: 30
1704624714 7
1704624746 12
1704624778 11
1704624810 9
1704624842 12
1704624874 7
1704624906 13
1704624938 9
1704624970 6
1704625002 45
1704625034 14
1704625066 17
1704625098 21
1704625130 31
1704625162 10
1704625194 78
1704625226 35
1704625258 17
1704625290 10



# Sketch: 31
1704624714 13
1704624746 15
1704624778 31
1704624810 30
1704624842 17
1704624874 17
1704624906 30
1704624938 14
1704624970 23
1704625002 24
1704625034 18
1704625066 26
1704625098 30
1704625130 69
1704625162 35
1704625194 178
1704625226 76
1704625258 22
1704625290 11

