

# Sketch: 0
1704624714 13
1704624730 2
1704624746 6
1704624762 5
1704624778 11
1704624794 3
1704624810 2
1704624826 1
1704624842 11
1704624858 7
1704624874 4
1704624890 9
1704624906 8
1704624922 4
1704624938 10
1704624954 8
1704624970 13
1704624986 10
1704625002 7
1704625018 9
1704625034 4
1704625050 11
1704625066 10
1704625082 14
1704625098 7
1704625114 24
1704625130 31
1704625146 10
1704625162 13
1704625178 7
1704625194 45
1704625210 76
1704625226 26
1704625242 24
1704625258 23
1704625274 4
1704625290 4
1704625306 0



# Sketch: 1
1704624714 1
1704624730 2
1704624746 1
1704624762 1
1704624778 13
1704624794 8
1704624810 10
1704624826 7
1704624842 16
1704624858 4
1704624874 6
1704624890 15
1704624906 8
1704624922 16
1704624938 2
1704624954 5
1704624970 8
1704624986 4
1704625002 6
1704625018 12
1704625034 2
1704625050 3
1704625066 6
1704625082 9
1704625098 1
1704625114 14
1704625130 5
1704625146 9
1704625162 4
1704625178 6
1704625194 27
1704625210 23
1704625226 17
1704625242 7
1704625258 7
1704625274 5
1704625290 2
1704625306 3



# Sketch: 2
1704624714 13
1704624730 9
1704624746 3
1704624762 7
1704624778 5
1704624794 16
1704624810 6
1704624826 6
1704624842 7
1704624858 14
1704624874 5
1704624890 11
1704624906 3
1704624922 5
1704624938 4
1704624954 9
1704624970 9
1704624986 8
1704625002 4
1704625018 13
1704625034 7
1704625050 5
1704625066 4
1704625082 9
1704625098 18
1704625114 15
1704625130 17
1704625146 31
1704625162 8
1704625178 5
1704625194 30
1704625210 57
1704625226 14
1704625242 13
1704625258 7
1704625274 7
1704625290 14
1704625306 3



# Sketch: 3
1704624714 6
1704624730 1
1704624746 2
1704624762 3
1704624778 2
1704624794 9
1704624810 1
1704624826 5
1704624842 3
1704624858 4
1704624874 2
1704624890 11
1704624906 5
1704624922 3
1704624938 11
1704624954 7
1704624970 11
1704624986 13
1704625002 5
1704625018 9
1704625034 3
1704625050 11
1704625066 4
1704625082 3
1704625098 3
1704625114 21
1704625130 20
1704625146 14
1704625162 29
1704625178 13
1704625194 67
1704625210 108
1704625226 65
1704625242 16
1704625258 27
1704625274 17
1704625290 4
1704625306 2



# Sketch: 4
1704624714 16
1704624730 7
1704624746 6
1704624762 9
1704624778 8
1704624794 5
1704624810 4
1704624826 4
1704624842 14
1704624858 2
1704624874 7
1704624890 46
1704624906 4
1704624922 8
1704624938 5
1704624954 21
1704624970 8
1704624986 10
1704625002 9
1704625018 4
1704625034 7
1704625050 6
1704625066 7
1704625082 17
1704625098 5
1704625114 54
1704625130 17
1704625146 38
1704625162 40
1704625178 15
1704625194 82
1704625210 126
1704625226 46
1704625242 31
1704625258 9
1704625274 15
1704625290 4
1704625306 2



# Sketch: 5
1704624714 9
1704624730 28
1704624746 5
1704624762 5
1704624778 13
1704624794 17
1704624810 10
1704624826 3
1704624842 12
1704624858 23
1704624874 10
1704624890 14
1704624906 12
1704624922 12
1704624938 7
1704624954 21
1704624970 9
1704624986 12
1704625002 9
1704625018 11
1704625034 12
1704625050 17
1704625066 21
1704625082 7
1704625098 5
1704625114 35
1704625130 27
1704625146 50
1704625162 23
1704625178 15
1704625194 100
1704625210 49
1704625226 9
1704625242 10
1704625258 20
1704625274 12
1704625290 10
1704625306 3



# Sketch: 6
1704624714 12
1704624730 6
1704624746 11
1704624762 5
1704624778 23
1704624794 10
1704624810 3
1704624826 3
1704624842 14
1704624858 7
1704624874 13
1704624890 6
1704624906 23
1704624922 13
1704624938 16
1704624954 9
1704624970 12
1704624986 14
1704625002 5
1704625018 20
1704625034 16
1704625050 13
1704625066 5
1704625082 16
1704625098 10
1704625114 21
1704625130 17
1704625146 23
1704625162 3
1704625178 7
1704625194 41
1704625210 58
1704625226 12
1704625242 33
1704625258 12
1704625274 8
1704625290 10
1704625306 3



# Sketch: 7
1704624714 7
1704624730 5
1704624746 4
1704624762 4
1704624778 5
1704624794 8
1704624810 2
1704624826 18
1704624842 15
1704624858 11
1704624874 15
1704624890 6
1704624906 6
1704624922 7
1704624938 5
1704624954 8
1704624970 8
1704624986 8
1704625002 9
1704625018 4
1704625034 18
1704625050 15
1704625066 5
1704625082 8
1704625098 12
1704625114 26
1704625130 14
1704625146 9
1704625162 6
1704625178 4
1704625194 22
1704625210 24
1704625226 18
1704625242 6
1704625258 8
1704625274 6
1704625290 9
1704625306 6



# Sketch: 8
1704624714 7
1704624730 18
1704624746 7
1704624762 11
1704624778 4
1704624794 12
1704624810 11
1704624826 9
1704624842 23
1704624858 11
1704624874 14
1704624890 5
1704624906 6
1704624922 7
1704624938 16
1704624954 5
1704624970 20
1704624986 12
1704625002 6
1704625018 2
1704625034 7
1704625050 10
1704625066 13
1704625082 16
1704625098 8
1704625114 35
1704625130 23
1704625146 35
1704625162 12
1704625178 11
1704625194 84
1704625210 121
1704625226 20
1704625242 8
1704625258 18
1704625274 9
1704625290 13
1704625306 1



# Sketch: 9
1704624714 7
1704624730 5
1704624746 6
1704624762 11
1704624778 12
1704624794 9
1704624810 3
1704624826 1
1704624842 23
1704624858 2
1704624874 11
1704624890 11
1704624906 4
1704624922 7
1704624938 6
1704624954 7
1704624970 9
1704624986 1
1704625002 6
1704625018 16
1704625034 2
1704625050 8
1704625066 13
1704625082 6
1704625098 4
1704625114 41
1704625130 34
1704625146 20
1704625162 20
1704625178 12
1704625194 67
1704625210 89
1704625226 39
1704625242 18
1704625258 11
1704625274 11
1704625290 14
1704625306 5



# Sketch: 10
1704624714 4
1704624730 15
1704624746 3
1704624762 8
1704624778 3
1704624794 5
1704624810 6
1704624826 3
1704624842 6
1704624858 5
1704624874 3
1704624890 11
1704624906 9
1704624922 6
1704624938 5
1704624954 9
1704624970 4
1704624986 14
1704625002 11
1704625018 3
1704625034 8
1704625050 10
1704625066 4
1704625082 10
1704625098 6
1704625114 55
1704625130 22
1704625146 33
1704625162 15
1704625178 11
1704625194 58
1704625210 62
1704625226 16
1704625242 13
1704625258 15
1704625274 28
1704625290 8
1704625306 0



# Sketch: 11
1704624714 4
1704624730 8
1704624746 12
1704624762 16
1704624778 7
1704624794 7
1704624810 0
1704624826 7
1704624842 1
1704624858 7
1704624874 2
1704624890 7
1704624906 6
1704624922 3
1704624938 12
1704624954 5
1704624970 4
1704624986 10
1704625002 16
1704625018 2
1704625034 10
1704625050 4
1704625066 15
1704625082 4
1704625098 11
1704625114 25
1704625130 35
1704625146 29
1704625162 11
1704625178 14
1704625194 57
1704625210 111
1704625226 17
1704625242 16
1704625258 7
1704625274 1
1704625290 5
1704625306 2



# Sketch: 12
1704624714 9
1704624730 8
1704624746 10
1704624762 7
1704624778 4
1704624794 6
1704624810 3
1704624826 9
1704624842 16
1704624858 2
1704624874 4
1704624890 8
1704624906 1
1704624922 12
1704624938 8
1704624954 16
1704624970 10
1704624986 14
1704625002 11
1704625018 5
1704625034 14
1704625050 9
1704625066 12
1704625082 7
1704625098 6
1704625114 14
1704625130 21
1704625146 36
1704625162 10
1704625178 1
1704625194 82
1704625210 92
1704625226 42
1704625242 16
1704625258 21
1704625274 6
1704625290 4
1704625306 2



# Sketch: 13
1704624714 11
1704624730 4
1704624746 7
1704624762 0
1704624778 10
1704624794 5
1704624810 6
1704624826 4
1704624842 10
1704624858 3
1704624874 8
1704624890 4
1704624906 7
1704624922 3
1704624938 6
1704624954 10
1704624970 4
1704624986 7
1704625002 5
1704625018 9
1704625034 10
1704625050 3
1704625066 9
1704625082 4
1704625098 6
1704625114 20
1704625130 17
1704625146 19
1704625162 20
1704625178 13
1704625194 66
1704625210 115
1704625226 31
1704625242 17
1704625258 6
1704625274 3
1704625290 6
1704625306 2



# Sketch: 14
1704624714 13
1704624730 5
1704624746 9
1704624762 9
1704624778 16
1704624794 12
1704624810 5
1704624826 9
1704624842 15
1704624858 7
1704624874 15
1704624890 6
1704624906 7
1704624922 7
1704624938 8
1704624954 8
1704624970 6
1704624986 14
1704625002 8
1704625018 10
1704625034 2
1704625050 5
1704625066 8
1704625082 9
1704625098 8
1704625114 16
1704625130 33
1704625146 26
1704625162 17
1704625178 9
1704625194 24
1704625210 60
1704625226 19
1704625242 8
1704625258 16
1704625274 6
1704625290 5
1704625306 4



# Sketch: 15
1704624714 5
1704624730 3
1704624746 4
1704624762 3
1704624778 3
1704624794 6
1704624810 3
1704624826 2
1704624842 13
1704624858 7
1704624874 5
1704624890 9
1704624906 5
1704624922 10
1704624938 8
1704624954 15
1704624970 10
1704624986 5
1704625002 6
1704625018 11
1704625034 7
1704625050 5
1704625066 8
1704625082 4
1704625098 6
1704625114 16
1704625130 22
1704625146 18
1704625162 9
1704625178 4
1704625194 43
1704625210 48
1704625226 14
1704625242 13
1704625258 13
1704625274 7
1704625290 7
1704625306 3



# Sketch: 16
1704624714 10
1704624730 8
1704624746 9
1704624762 7
1704624778 15
1704624794 14
1704624810 9
1704624826 6
1704624842 5
1704624858 5
1704624874 3
1704624890 8
1704624906 21
1704624922 18
1704624938 5
1704624954 9
1704624970 9
1704624986 4
1704625002 33
1704625018 23
1704625034 14
1704625050 14
1704625066 6
1704625082 2
1704625098 9
1704625114 54
1704625130 23
1704625146 41
1704625162 33
1704625178 6
1704625194 111
1704625210 131
1704625226 10
1704625242 6
1704625258 24
1704625274 6
1704625290 8
1704625306 3



# Sketch: 17
1704624714 9
1704624730 5
1704624746 8
1704624762 3
1704624778 10
1704624794 8
1704624810 1
1704624826 2
1704624842 5
1704624858 11
1704624874 5
1704624890 2
1704624906 5
1704624922 13
1704624938 1
1704624954 1
1704624970 2
1704624986 6
1704625002 12
1704625018 7
1704625034 9
1704625050 4
1704625066 13
1704625082 12
1704625098 3
1704625114 16
1704625130 36
1704625146 25
1704625162 15
1704625178 4
1704625194 68
1704625210 106
1704625226 78
1704625242 10
1704625258 2
1704625274 8
1704625290 5
1704625306 3



# Sketch: 18
1704624714 4
1704624730 9
1704624746 7
1704624762 1
1704624778 5
1704624794 7
1704624810 4
1704624826 8
1704624842 13
1704624858 0
1704624874 3
1704624890 6
1704624906 3
1704624922 8
1704624938 29
1704624954 3
1704624970 9
1704624986 12
1704625002 10
1704625018 9
1704625034 5
1704625050 9
1704625066 8
1704625082 14
1704625098 6
1704625114 8
1704625130 10
1704625146 13
1704625162 10
1704625178 9
1704625194 42
1704625210 61
1704625226 13
1704625242 7
1704625258 13
1704625274 3
1704625290 7
1704625306 1



# Sketch: 19
1704624714 16
1704624730 12
1704624746 7
1704624762 28
1704624778 10
1704624794 16
1704624810 16
1704624826 7
1704624842 6
1704624858 5
1704624874 11
1704624890 5
1704624906 1
1704624922 14
1704624938 6
1704624954 7
1704624970 13
1704624986 12
1704625002 3
1704625018 10
1704625034 6
1704625050 6
1704625066 6
1704625082 24
1704625098 2
1704625114 31
1704625130 18
1704625146 16
1704625162 8
1704625178 9
1704625194 37
1704625210 51
1704625226 31
1704625242 23
1704625258 10
1704625274 11
1704625290 7
1704625306 4



# Sketch: 20
1704624714 8
1704624730 11
1704624746 15
1704624762 5
1704624778 15
1704624794 18
1704624810 15
1704624826 14
1704624842 7
1704624858 7
1704624874 2
1704624890 4
1704624906 14
1704624922 20
1704624938 9
1704624954 6
1704624970 10
1704624986 4
1704625002 9
1704625018 14
1704625034 6
1704625050 17
1704625066 15
1704625082 22
1704625098 13
1704625114 31
1704625130 23
1704625146 48
1704625162 30
1704625178 11
1704625194 118
1704625210 79
1704625226 22
1704625242 15
1704625258 15
1704625274 19
1704625290 19
1704625306 1



# Sketch: 21
1704624714 12
1704624730 13
1704624746 14
1704624762 8
1704624778 6
1704624794 15
1704624810 8
1704624826 10
1704624842 17
1704624858 11
1704624874 3
1704624890 9
1704624906 6
1704624922 14
1704624938 21
1704624954 10
1704624970 15
1704624986 11
1704625002 4
1704625018 9
1704625034 4
1704625050 9
1704625066 14
1704625082 13
1704625098 7
1704625114 40
1704625130 23
1704625146 34
1704625162 15
1704625178 7
1704625194 54
1704625210 58
1704625226 12
1704625242 23
1704625258 13
1704625274 12
1704625290 5
1704625306 9



# Sketch: 22
1704624714 11
1704624730 12
1704624746 10
1704624762 5
1704624778 14
1704624794 17
1704624810 2
1704624826 3
1704624842 12
1704624858 4
1704624874 4
1704624890 5
1704624906 13
1704624922 7
1704624938 14
1704624954 9
1704624970 3
1704624986 14
1704625002 12
1704625018 17
1704625034 5
1704625050 11
1704625066 15
1704625082 20
1704625098 1
1704625114 28
1704625130 14
1704625146 32
1704625162 18
1704625178 11
1704625194 78
1704625210 150
1704625226 34
1704625242 10
1704625258 9
1704625274 10
1704625290 10
1704625306 3



# Sketch: 23
1704624714 8
1704624730 8
1704624746 6
1704624762 7
1704624778 12
1704624794 7
1704624810 2
1704624826 3
1704624842 6
1704624858 4
1704624874 3
1704624890 7
1704624906 8
1704624922 6
1704624938 6
1704624954 8
1704624970 5
1704624986 5
1704625002 3
1704625018 15
1704625034 6
1704625050 12
1704625066 10
1704625082 8
1704625098 1
1704625114 24
1704625130 34
1704625146 36
1704625162 18
1704625178 9
1704625194 56
1704625210 101
1704625226 31
1704625242 7
1704625258 16
1704625274 7
1704625290 3
1704625306 4



# Sketch: 24
1704624714 7
1704624730 13
1704624746 6
1704624762 6
1704624778 11
1704624794 19
1704624810 9
1704624826 5
1704624842 11
1704624858 4
1704624874 3
1704624890 4
1704624906 7
1704624922 4
1704624938 6
1704624954 11
1704624970 11
1704624986 5
1704625002 15
1704625018 13
1704625034 10
1704625050 3
1704625066 4
1704625082 9
1704625098 3
1704625114 45
1704625130 51
1704625146 50
1704625162 23
1704625178 11
1704625194 81
1704625210 78
1704625226 20
1704625242 17
1704625258 22
1704625274 13
1704625290 4
1704625306 5



# Sketch: 25
1704624714 6
1704624730 6
1704624746 4
1704624762 2
1704624778 4
1704624794 4
1704624810 4
1704624826 11
1704624842 3
1704624858 3
1704624874 3
1704624890 7
1704624906 4
1704624922 4
1704624938 8
1704624954 4
1704624970 2
1704624986 13
1704625002 4
1704625018 11
1704625034 4
1704625050 8
1704625066 9
1704625082 21
1704625098 18
1704625114 16
1704625130 12
1704625146 13
1704625162 8
1704625178 6
1704625194 26
1704625210 15
1704625226 7
1704625242 8
1704625258 8
1704625274 3
1704625290 5
1704625306 7



# Sketch: 26
1704624714 6
1704624730 6
1704624746 11
1704624762 4
1704624778 8
1704624794 8
1704624810 1
1704624826 3
1704624842 11
1704624858 12
1704624874 4
1704624890 12
1704624906 4
1704624922 8
1704624938 4
1704624954 4
1704624970 13
1704624986 9
1704625002 4
1704625018 9
1704625034 3
1704625050 9
1704625066 19
1704625082 23
1704625098 5
1704625114 33
1704625130 20
1704625146 31
1704625162 28
1704625178 5
1704625194 57
1704625210 100
1704625226 64
1704625242 20
1704625258 27
1704625274 13
1704625290 6
1704625306 1



# Sketch: 27
1704624714 10
1704624730 1
1704624746 27
1704624762 2
1704624778 3
1704624794 7
1704624810 9
1704624826 5
1704624842 6
1704624858 4
1704624874 8
1704624890 11
1704624906 6
1704624922 14
1704624938 11
1704624954 6
1704624970 5
1704624986 6
1704625002 6
1704625018 19
1704625034 3
1704625050 6
1704625066 5
1704625082 10
1704625098 13
1704625114 23
1704625130 7
1704625146 28
1704625162 13
1704625178 8
1704625194 68
1704625210 64
1704625226 14
1704625242 8
1704625258 5
1704625274 6
1704625290 14
1704625306 5



# Sketch: 28
1704624714 15
1704624730 10
1704624746 4
1704624762 6
1704624778 6
1704624794 17
1704624810 4
1704624826 9
1704624842 12
1704624858 20
1704624874 10
1704624890 13
1704624906 11
1704624922 11
1704624938 7
1704624954 14
1704624970 10
1704624986 3
1704625002 5
1704625018 9
1704625034 4
1704625050 10
1704625066 17
1704625082 11
1704625098 5
1704625114 28
1704625130 20
1704625146 20
1704625162 13
1704625178 3
1704625194 47
1704625210 59
1704625226 34
1704625242 106
1704625258 12
1704625274 22
1704625290 28
1704625306 7



# Sketch: 29
1704624714 9
1704624730 4
1704624746 3
1704624762 1
1704624778 7
1704624794 6
1704624810 6
1704624826 8
1704624842 1
1704624858 0
1704624874 6
1704624890 6
1704624906 4
1704624922 8
1704624938 7
1704624954 7
1704624970 3
1704624986 7
1704625002 11
1704625018 7
1704625034 3
1704625050 7
1704625066 1
1704625082 7
1704625098 15
1704625114 14
1704625130 8
1704625146 18
1704625162 5
1704625178 8
1704625194 35
1704625210 30
1704625226 8
1704625242 16
1704625258 6
1704625274 1
1704625290 0
1704625306 2



# Sketch: 30
1704624714 4
1704624730 2
1704624746 9
1704624762 10
1704624778 9
1704624794 13
1704624810 6
1704624826 4
1704624842 4
1704624858 3
1704624874 6
1704624890 15
1704624906 7
1704624922 5
1704624938 16
1704624954 10
1704624970 6
1704624986 13
1704625002 6
1704625018 15
1704625034 9
1704625050 2
1704625066 18
1704625082 6
1704625098 9
1704625114 34
1704625130 54
1704625146 33
1704625162 10
1704625178 5
1704625194 65
1704625210 37
1704625226 10
1704625242 7
1704625258 9
1704625274 8
1704625290 4
1704625306 8



# Sketch: 31
1704624714 9
1704624730 2
1704624746 3
1704624762 8
1704624778 6
1704624794 21
1704624810 7
1704624826 6
1704624842 15
1704624858 1
1704624874 12
1704624890 6
1704624906 5
1704624922 6
1704624938 3
1704624954 17
1704624970 7
1704624986 15
1704625002 6
1704625018 9
1704625034 7
1704625050 4
1704625066 14
1704625082 5
1704625098 3
1704625114 17
1704625130 18
1704625146 29
1704625162 7
1704625178 8
1704625194 43
1704625210 39
1704625226 11
1704625242 6
1704625258 28
1704625274 60
1704625290 16
1704625306 0

