

# Sketch: 0
1704624714 6
1704624746 11
1704624778 28
1704624810 16
1704624842 18
1704624874 10
1704624906 6
1704624938 20
1704624970 19
1704625002 12
1704625034 9
1704625066 21
1704625098 35
1704625130 51
1704625162 19
1704625194 101
1704625226 51
1704625258 24
1704625290 12



# Sketch: 1
1704624714 19
1704624746 18
1704624778 20
1704624810 13
1704624842 10
1704624874 15
1704624906 16
1704624938 17
1704624970 14
1704625002 11
1704625034 28
1704625066 18
1704625098 23
1704625130 30
1704625162 28
1704625194 97
1704625226 30
1704625258 19
1704625290 11



# Sketch: 2
1704624714 17
1704624746 13
1704624778 25
1704624810 15
1704624842 11
1704624874 23
1704624906 9
1704624938 32
1704624970 18
1704625002 12
1704625034 17
1704625066 18
1704625098 33
1704625130 49
1704625162 9
1704625194 192
1704625226 30
1704625258 25
1704625290 12



# Sketch: 3
1704624714 24
1704624746 13
1704624778 31
1704624810 18
1704624842 30
1704624874 22
1704624906 28
1704624938 21
1704624970 23
1704625002 24
1704625034 32
1704625066 28
1704625098 33
1704625130 67
1704625162 21
1704625194 116
1704625226 16
1704625258 31
1704625290 23



# Sketch: 4
1704624714 11
1704624746 17
1704624778 16
1704624810 14
1704624842 8
1704624874 14
1704624906 16
1704624938 17
1704624970 15
1704625002 18
1704625034 14
1704625066 21
1704625098 39
1704625130 44
1704625162 34
1704625194 113
1704625226 42
1704625258 24
1704625290 10



# Sketch: 5
1704624714 18
1704624746 8
1704624778 14
1704624810 8
1704624842 13
1704624874 15
1704624906 14
1704624938 12
1704624970 20
1704625002 44
1704625034 3
1704625066 21
1704625098 56
1704625130 37
1704625162 14
1704625194 71
1704625226 24
1704625258 18
1704625290 9



# Sketch: 6
1704624714 13
1704624746 20
1704624778 10
1704624810 15
1704624842 34
1704624874 16
1704624906 19
1704624938 22
1704624970 20
1704625002 28
1704625034 17
1704625066 10
1704625098 36
1704625130 45
1704625162 38
1704625194 151
1704625226 71
1704625258 18
1704625290 7



# Sketch: 7
1704624714 11
1704624746 15
1704624778 17
1704624810 3
1704624842 18
1704624874 8
1704624906 19
1704624938 8
1704624970 10
1704625002 27
1704625034 6
1704625066 11
1704625098 35
1704625130 34
1704625162 24
1704625194 68
1704625226 18
1704625258 23
1704625290 17



# Sketch: 8
1704624714 14
1704624746 6
1704624778 19
1704624810 15
1704624842 18
1704624874 18
1704624906 4
1704624938 8
1704624970 13
1704625002 9
1704625034 12
1704625066 16
1704625098 34
1704625130 54
1704625162 21
1704625194 165
1704625226 43
1704625258 22
1704625290 12



# Sketch: 9
1704624714 17
1704624746 9
1704624778 19
1704624810 7
1704624842 37
1704624874 18
1704624906 14
1704624938 14
1704624970 17
1704625002 17
1704625034 22
1704625066 13
1704625098 34
1704625130 40
1704625162 29
1704625194 166
1704625226 43
1704625258 17
1704625290 13



# Sketch: 10
1704624714 15
1704624746 11
1704624778 15
1704624810 4
1704624842 10
1704624874 7
1704624906 18
1704624938 23
1704624970 10
1704625002 9
1704625034 8
1704625066 18
1704625098 22
1704625130 54
1704625162 6
1704625194 47
1704625226 19
1704625258 6
1704625290 5



# Sketch: 11
1704624714 22
1704624746 23
1704624778 11
1704624810 11
1704624842 7
1704624874 15
1704624906 20
1704624938 51
1704624970 11
1704625002 17
1704625034 15
1704625066 31
1704625098 25
1704625130 83
1704625162 33
1704625194 291
1704625226 49
1704625258 23
1704625290 9



# Sketch: 12
1704624714 11
1704624746 16
1704624778 14
1704624810 15
1704624842 15
1704624874 22
1704624906 15
1704624938 9
1704624970 29
1704625002 36
1704625034 18
1704625066 20
1704625098 65
1704625130 61
1704625162 43
1704625194 390
1704625226 42
1704625258 26
1704625290 12



# Sketch: 13
1704624714 11
1704624746 18
1704624778 11
1704624810 3
1704624842 28
1704624874 13
1704624906 11
1704624938 6
1704624970 22
1704625002 9
1704625034 13
1704625066 20
1704625098 31
1704625130 27
1704625162 19
1704625194 60
1704625226 20
1704625258 16
1704625290 13



# Sketch: 14
1704624714 13
1704624746 14
1704624778 32
1704624810 11
1704624842 15
1704624874 15
1704624906 10
1704624938 26
1704624970 19
1704625002 18
1704625034 15
1704625066 28
1704625098 26
1704625130 55
1704625162 33
1704625194 172
1704625226 30
1704625258 14
1704625290 6



# Sketch: 15
1704624714 5
1704624746 10
1704624778 10
1704624810 21
1704624842 12
1704624874 8
1704624906 6
1704624938 7
1704624970 8
1704625002 25
1704625034 9
1704625066 9
1704625098 28
1704625130 34
1704625162 22
1704625194 83
1704625226 25
1704625258 18
1704625290 19



# Sketch: 16
1704624714 9
1704624746 14
1704624778 21
1704624810 6
1704624842 12
1704624874 32
1704624906 19
1704624938 17
1704624970 23
1704625002 6
1704625034 15
1704625066 26
1704625098 18
1704625130 47
1704625162 19
1704625194 65
1704625226 28
1704625258 102
1704625290 6



# Sketch: 17
1704624714 18
1704624746 26
1704624778 10
1704624810 7
1704624842 10
1704624874 15
1704624906 17
1704624938 27
1704624970 21
1704625002 12
1704625034 11
1704625066 16
1704625098 55
1704625130 57
1704625162 59
1704625194 184
1704625226 31
1704625258 26
1704625290 6



# Sketch: 18
1704624714 23
1704624746 9
1704624778 20
1704624810 6
1704624842 4
1704624874 9
1704624906 17
1704624938 5
1704624970 17
1704625002 15
1704625034 22
1704625066 15
1704625098 22
1704625130 63
1704625162 14
1704625194 122
1704625226 22
1704625258 22
1704625290 8



# Sketch: 19
1704624714 14
1704624746 15
1704624778 26
1704624810 4
1704624842 23
1704624874 6
1704624906 28
1704624938 8
1704624970 11
1704625002 24
1704625034 12
1704625066 12
1704625098 43
1704625130 42
1704625162 17
1704625194 74
1704625226 10
1704625258 19
1704625290 12



# Sketch: 20
1704624714 16
1704624746 9
1704624778 18
1704624810 9
1704624842 22
1704624874 10
1704624906 11
1704624938 24
1704624970 13
1704625002 13
1704625034 13
1704625066 18
1704625098 29
1704625130 49
1704625162 18
1704625194 108
1704625226 25
1704625258 22
1704625290 11



# Sketch: 21
1704624714 15
1704624746 14
1704624778 7
1704624810 4
1704624842 20
1704624874 16
1704624906 10
1704624938 12
1704624970 20
1704625002 14
1704625034 3
1704625066 18
1704625098 32
1704625130 49
1704625162 11
1704625194 110
1704625226 34
1704625258 11
1704625290 7



# Sketch: 22
1704624714 14
1704624746 9
1704624778 10
1704624810 16
1704624842 11
1704624874 12
1704624906 8
1704624938 21
1704624970 17
1704625002 14
1704625034 23
1704625066 17
1704625098 28
1704625130 67
1704625162 15
1704625194 164
1704625226 69
1704625258 20
1704625290 13



# Sketch: 23
1704624714 18
1704624746 13
1704624778 16
1704624810 12
1704624842 21
1704624874 18
1704624906 34
1704624938 20
1704624970 23
1704625002 10
1704625034 8
1704625066 19
1704625098 18
1704625130 26
1704625162 14
1704625194 42
1704625226 25
1704625258 19
1704625290 10



# Sketch: 24
1704624714 12
1704624746 19
1704624778 27
1704624810 15
1704624842 10
1704624874 13
1704624906 14
1704624938 36
1704624970 21
1704625002 23
1704625034 9
1704625066 36
1704625098 25
1704625130 66
1704625162 16
1704625194 52
1704625226 21
1704625258 16
1704625290 0



# Sketch: 25
1704624714 25
1704624746 3
1704624778 23
1704624810 13
1704624842 15
1704624874 15
1704624906 14
1704624938 14
1704624970 17
1704625002 31
1704625034 21
1704625066 22
1704625098 43
1704625130 44
1704625162 21
1704625194 95
1704625226 131
1704625258 45
1704625290 20



# Sketch: 26
1704624714 20
1704624746 15
1704624778 17
1704624810 22
1704624842 11
1704624874 6
1704624906 13
1704624938 7
1704624970 15
1704625002 17
1704625034 14
1704625066 20
1704625098 21
1704625130 36
1704625162 15
1704625194 24
1704625226 19
1704625258 11
1704625290 17



# Sketch: 27
1704624714 52
1704624746 18
1704624778 39
1704624810 9
1704624842 29
1704624874 25
1704624906 23
1704624938 17
1704624970 33
1704625002 17
1704625034 34
1704625066 25
1704625098 70
1704625130 70
1704625162 30
1704625194 190
1704625226 84
1704625258 43
1704625290 16



# Sketch: 28
1704624714 12
1704624746 11
1704624778 15
1704624810 6
1704624842 10
1704624874 14
1704624906 12
1704624938 26
1704624970 11
1704625002 9
1704625034 6
1704625066 34
1704625098 37
1704625130 47
1704625162 22
1704625194 186
1704625226 113
1704625258 12
1704625290 5



# Sketch: 29
1704624714 23
1704624746 8
1704624778 20
1704624810 23
1704624842 25
1704624874 20
1704624906 23
1704624938 9
1704624970 24
1704625002 34
1704625034 23
1704625066 19
1704625098 36
1704625130 50
1704625162 29
1704625194 168
1704625226 52
1704625258 30
1704625290 9



# Sketch: 30
1704624714 13
1704624746 6
1704624778 21
1704624810 13
1704624842 22
1704624874 10
1704624906 15
1704624938 8
1704624970 13
1704625002 10
1704625034 13
1704625066 33
1704625098 39
1704625130 55
1704625162 30
1704625194 214
1704625226 66
1704625258 16
1704625290 17



# Sketch: 31
1704624714 18
1704624746 35
1704624778 33
1704624810 19
1704624842 14
1704624874 49
1704624906 33
1704624938 27
1704624970 16
1704625002 37
1704625034 28
1704625066 35
1704625098 32
1704625130 60
1704625162 38
1704625194 178
1704625226 59
1704625258 48
1704625290 17

