

# Sketch: 0
1704624714 18
1704624730 4
1704624746 4
1704624762 10
1704624778 16
1704624794 3
1704624810 4
1704624826 9
1704624842 11
1704624858 7
1704624874 10
1704624890 9
1704624906 8
1704624922 15
1704624938 6
1704624954 10
1704624970 6
1704624986 14
1704625002 8
1704625018 7
1704625034 4
1704625050 12
1704625066 12
1704625082 20
1704625098 11
1704625114 15
1704625130 18
1704625146 28
1704625162 16
1704625178 4
1704625194 31
1704625210 41
1704625226 20
1704625242 15
1704625258 5
1704625274 2
1704625290 7
1704625306 2



# Sketch: 1
1704624714 10
1704624730 9
1704624746 3
1704624762 8
1704624778 4
1704624794 12
1704624810 5
1704624826 7
1704624842 9
1704624858 7
1704624874 5
1704624890 7
1704624906 6
1704624922 6
1704624938 3
1704624954 1
1704624970 9
1704624986 5
1704625002 8
1704625018 4
1704625034 4
1704625050 10
1704625066 17
1704625082 6
1704625098 4
1704625114 61
1704625130 14
1704625146 45
1704625162 37
1704625178 18
1704625194 94
1704625210 156
1704625226 37
1704625242 13
1704625258 17
1704625274 12
1704625290 4
1704625306 2



# Sketch: 2
1704624714 15
1704624730 6
1704624746 9
1704624762 2
1704624778 19
1704624794 25
1704624810 6
1704624826 2
1704624842 10
1704624858 10
1704624874 14
1704624890 7
1704624906 15
1704624922 8
1704624938 13
1704624954 17
1704624970 15
1704624986 8
1704625002 4
1704625018 11
1704625034 13
1704625050 22
1704625066 11
1704625082 12
1704625098 6
1704625114 34
1704625130 22
1704625146 36
1704625162 30
1704625178 7
1704625194 109
1704625210 172
1704625226 70
1704625242 14
1704625258 30
1704625274 16
1704625290 8
1704625306 3



# Sketch: 3
1704624714 11
1704624730 5
1704624746 1
1704624762 6
1704624778 5
1704624794 11
1704624810 3
1704624826 4
1704624842 11
1704624858 0
1704624874 2
1704624890 8
1704624906 7
1704624922 3
1704624938 9
1704624954 16
1704624970 14
1704624986 5
1704625002 9
1704625018 3
1704625034 4
1704625050 3
1704625066 11
1704625082 6
1704625098 1
1704625114 11
1704625130 12
1704625146 25
1704625162 14
1704625178 10
1704625194 57
1704625210 106
1704625226 97
1704625242 11
1704625258 8
1704625274 4
1704625290 2
1704625306 3



# Sketch: 4
1704624714 1
1704624730 6
1704624746 3
1704624762 4
1704624778 6
1704624794 9
1704624810 12
1704624826 1
1704624842 7
1704624858 4
1704624874 1
1704624890 13
1704624906 10
1704624922 12
1704624938 10
1704624954 8
1704624970 5
1704624986 12
1704625002 4
1704625018 3
1704625034 4
1704625050 2
1704625066 8
1704625082 10
1704625098 2
1704625114 28
1704625130 38
1704625146 20
1704625162 11
1704625178 8
1704625194 48
1704625210 104
1704625226 14
1704625242 9
1704625258 12
1704625274 10
1704625290 4
1704625306 2



# Sketch: 5
1704624714 16
1704624730 11
1704624746 14
1704624762 5
1704624778 3
1704624794 4
1704624810 8
1704624826 5
1704624842 11
1704624858 6
1704624874 7
1704624890 4
1704624906 2
1704624922 7
1704624938 7
1704624954 12
1704624970 7
1704624986 9
1704625002 42
1704625018 13
1704625034 5
1704625050 15
1704625066 10
1704625082 16
1704625098 14
1704625114 9
1704625130 23
1704625146 19
1704625162 13
1704625178 8
1704625194 75
1704625210 84
1704625226 24
1704625242 15
1704625258 25
1704625274 7
1704625290 12
1704625306 3



# Sketch: 6
1704624714 14
1704624730 14
1704624746 3
1704624762 6
1704624778 16
1704624794 8
1704624810 5
1704624826 13
1704624842 7
1704624858 24
1704624874 6
1704624890 17
1704624906 4
1704624922 17
1704624938 30
1704624954 6
1704624970 15
1704624986 6
1704625002 11
1704625018 3
1704625034 10
1704625050 15
1704625066 11
1704625082 14
1704625098 19
1704625114 17
1704625130 44
1704625146 32
1704625162 29
1704625178 19
1704625194 40
1704625210 55
1704625226 26
1704625242 10
1704625258 11
1704625274 15
1704625290 14
1704625306 1



# Sketch: 7
1704624714 8
1704624730 3
1704624746 9
1704624762 3
1704624778 5
1704624794 11
1704624810 4
1704624826 4
1704624842 18
1704624858 12
1704624874 5
1704624890 6
1704624906 6
1704624922 16
1704624938 9
1704624954 10
1704624970 9
1704624986 12
1704625002 5
1704625018 10
1704625034 14
1704625050 4
1704625066 0
1704625082 21
1704625098 2
1704625114 33
1704625130 22
1704625146 13
1704625162 15
1704625178 4
1704625194 54
1704625210 52
1704625226 22
1704625242 14
1704625258 16
1704625274 5
1704625290 10
1704625306 3



# Sketch: 8
1704624714 8
1704624730 5
1704624746 9
1704624762 2
1704624778 5
1704624794 11
1704624810 2
1704624826 12
1704624842 14
1704624858 10
1704624874 4
1704624890 15
1704624906 11
1704624922 6
1704624938 3
1704624954 11
1704624970 1
1704624986 9
1704625002 6
1704625018 23
1704625034 6
1704625050 11
1704625066 13
1704625082 2
1704625098 7
1704625114 14
1704625130 14
1704625146 12
1704625162 10
1704625178 6
1704625194 29
1704625210 24
1704625226 14
1704625242 7
1704625258 20
1704625274 7
1704625290 10
1704625306 2



# Sketch: 9
1704624714 3
1704624730 19
1704624746 9
1704624762 10
1704624778 7
1704624794 20
1704624810 5
1704624826 4
1704624842 9
1704624858 0
1704624874 4
1704624890 11
1704624906 9
1704624922 8
1704624938 8
1704624954 5
1704624970 10
1704624986 9
1704625002 9
1704625018 7
1704625034 3
1704625050 4
1704625066 7
1704625082 9
1704625098 8
1704625114 79
1704625130 28
1704625146 74
1704625162 31
1704625178 7
1704625194 191
1704625210 174
1704625226 36
1704625242 26
1704625258 22
1704625274 9
1704625290 11
1704625306 7



# Sketch: 10
1704624714 5
1704624730 4
1704624746 1
1704624762 4
1704624778 7
1704624794 10
1704624810 0
1704624826 2
1704624842 3
1704624858 5
1704624874 1
1704624890 21
1704624906 8
1704624922 4
1704624938 11
1704624954 13
1704624970 6
1704624986 7
1704625002 4
1704625018 6
1704625034 5
1704625050 3
1704625066 7
1704625082 13
1704625098 2
1704625114 27
1704625130 15
1704625146 30
1704625162 15
1704625178 5
1704625194 55
1704625210 39
1704625226 4
1704625242 3
1704625258 8
1704625274 5
1704625290 8
1704625306 4



# Sketch: 11
1704624714 8
1704624730 14
1704624746 10
1704624762 7
1704624778 9
1704624794 16
1704624810 3
1704624826 10
1704624842 10
1704624858 1
1704624874 8
1704624890 6
1704624906 4
1704624922 5
1704624938 2
1704624954 11
1704624970 9
1704624986 6
1704625002 25
1704625018 7
1704625034 4
1704625050 6
1704625066 17
1704625082 8
1704625098 10
1704625114 24
1704625130 18
1704625146 23
1704625162 15
1704625178 7
1704625194 70
1704625210 58
1704625226 14
1704625242 10
1704625258 16
1704625274 7
1704625290 14
1704625306 8



# Sketch: 12
1704624714 4
1704624730 12
1704624746 10
1704624762 1
1704624778 15
1704624794 13
1704624810 18
1704624826 4
1704624842 21
1704624858 5
1704624874 7
1704624890 11
1704624906 15
1704624922 24
1704624938 22
1704624954 12
1704624970 14
1704624986 12
1704625002 4
1704625018 22
1704625034 9
1704625050 20
1704625066 15
1704625082 15
1704625098 17
1704625114 58
1704625130 20
1704625146 59
1704625162 24
1704625178 15
1704625194 54
1704625210 112
1704625226 49
1704625242 27
1704625258 17
1704625274 30
1704625290 19
1704625306 2



# Sketch: 13
1704624714 11
1704624730 8
1704624746 14
1704624762 7
1704624778 13
1704624794 13
1704624810 12
1704624826 7
1704624842 14
1704624858 10
1704624874 4
1704624890 4
1704624906 13
1704624922 6
1704624938 5
1704624954 7
1704624970 11
1704624986 7
1704625002 10
1704625018 26
1704625034 12
1704625050 15
1704625066 14
1704625082 16
1704625098 7
1704625114 28
1704625130 11
1704625146 30
1704625162 14
1704625178 9
1704625194 57
1704625210 77
1704625226 21
1704625242 12
1704625258 14
1704625274 10
1704625290 18
1704625306 1



# Sketch: 14
1704624714 3
1704624730 4
1704624746 6
1704624762 11
1704624778 11
1704624794 10
1704624810 0
1704624826 4
1704624842 5
1704624858 11
1704624874 7
1704624890 4
1704624906 8
1704624922 7
1704624938 9
1704624954 10
1704624970 7
1704624986 5
1704625002 5
1704625018 12
1704625034 8
1704625050 11
1704625066 6
1704625082 8
1704625098 7
1704625114 35
1704625130 59
1704625146 38
1704625162 14
1704625178 11
1704625194 76
1704625210 64
1704625226 4
1704625242 15
1704625258 7
1704625274 3
1704625290 8
1704625306 3



# Sketch: 15
1704624714 5
1704624730 4
1704624746 6
1704624762 4
1704624778 3
1704624794 9
1704624810 6
1704624826 3
1704624842 3
1704624858 4
1704624874 10
1704624890 14
1704624906 1
1704624922 4
1704624938 3
1704624954 6
1704624970 6
1704624986 9
1704625002 10
1704625018 11
1704625034 3
1704625050 4
1704625066 20
1704625082 9
1704625098 12
1704625114 21
1704625130 17
1704625146 21
1704625162 10
1704625178 15
1704625194 43
1704625210 33
1704625226 10
1704625242 9
1704625258 10
1704625274 6
1704625290 6
1704625306 6



# Sketch: 16
1704624714 5
1704624730 5
1704624746 3
1704624762 24
1704624778 11
1704624794 10
1704624810 9
1704624826 2
1704624842 3
1704624858 1
1704624874 2
1704624890 7
1704624906 3
1704624922 11
1704624938 8
1704624954 19
1704624970 4
1704624986 24
1704625002 2
1704625018 31
1704625034 9
1704625050 8
1704625066 12
1704625082 4
1704625098 4
1704625114 36
1704625130 36
1704625146 28
1704625162 14
1704625178 8
1704625194 34
1704625210 59
1704625226 26
1704625242 106
1704625258 24
1704625274 25
1704625290 18
1704625306 6



# Sketch: 17
1704624714 10
1704624730 5
1704624746 10
1704624762 0
1704624778 13
1704624794 5
1704624810 2
1704624826 4
1704624842 6
1704624858 4
1704624874 7
1704624890 3
1704624906 5
1704624922 11
1704624938 11
1704624954 9
1704624970 12
1704624986 4
1704625002 8
1704625018 7
1704625034 8
1704625050 6
1704625066 11
1704625082 7
1704625098 4
1704625114 12
1704625130 20
1704625146 11
1704625162 6
1704625178 7
1704625194 26
1704625210 45
1704625226 10
1704625242 7
1704625258 14
1704625274 16
1704625290 3
1704625306 2



# Sketch: 18
1704624714 10
1704624730 8
1704624746 6
1704624762 3
1704624778 5
1704624794 9
1704624810 5
1704624826 5
1704624842 9
1704624858 6
1704624874 3
1704624890 10
1704624906 20
1704624922 4
1704624938 3
1704624954 5
1704624970 4
1704624986 5
1704625002 11
1704625018 3
1704625034 16
1704625050 8
1704625066 16
1704625082 8
1704625098 7
1704625114 17
1704625130 22
1704625146 17
1704625162 6
1704625178 3
1704625194 42
1704625210 22
1704625226 20
1704625242 12
1704625258 6
1704625274 10
1704625290 3
1704625306 3



# Sketch: 19
1704624714 10
1704624730 9
1704624746 6
1704624762 7
1704624778 8
1704624794 19
1704624810 2
1704624826 3
1704624842 11
1704624858 8
1704624874 10
1704624890 12
1704624906 6
1704624922 10
1704624938 8
1704624954 10
1704624970 12
1704624986 7
1704625002 6
1704625018 11
1704625034 10
1704625050 5
1704625066 11
1704625082 5
1704625098 7
1704625114 11
1704625130 19
1704625146 41
1704625162 13
1704625178 3
1704625194 66
1704625210 86
1704625226 23
1704625242 26
1704625258 18
1704625274 5
1704625290 2
1704625306 0



# Sketch: 20
1704624714 5
1704624730 9
1704624746 7
1704624762 9
1704624778 3
1704624794 11
1704624810 4
1704624826 1
1704624842 14
1704624858 3
1704624874 5
1704624890 7
1704624906 10
1704624922 6
1704624938 10
1704624954 15
1704624970 9
1704624986 6
1704625002 11
1704625018 8
1704625034 9
1704625050 8
1704625066 8
1704625082 13
1704625098 4
1704625114 29
1704625130 15
1704625146 21
1704625162 13
1704625178 7
1704625194 72
1704625210 60
1704625226 16
1704625242 14
1704625258 10
1704625274 4
1704625290 3
1704625306 2



# Sketch: 21
1704624714 4
1704624730 9
1704624746 10
1704624762 2
1704624778 18
1704624794 4
1704624810 10
1704624826 13
1704624842 22
1704624858 8
1704624874 8
1704624890 7
1704624906 7
1704624922 2
1704624938 3
1704624954 8
1704624970 11
1704624986 16
1704625002 4
1704625018 15
1704625034 7
1704625050 5
1704625066 10
1704625082 8
1704625098 9
1704625114 37
1704625130 30
1704625146 35
1704625162 18
1704625178 5
1704625194 64
1704625210 163
1704625226 34
1704625242 18
1704625258 5
1704625274 2
1704625290 5
1704625306 1



# Sketch: 22
1704624714 5
1704624730 4
1704624746 22
1704624762 12
1704624778 4
1704624794 6
1704624810 2
1704624826 3
1704624842 7
1704624858 2
1704624874 10
1704624890 6
1704624906 5
1704624922 12
1704624938 15
1704624954 17
1704624970 7
1704624986 6
1704625002 8
1704625018 6
1704625034 6
1704625050 6
1704625066 10
1704625082 4
1704625098 9
1704625114 18
1704625130 10
1704625146 20
1704625162 5
1704625178 4
1704625194 62
1704625210 51
1704625226 18
1704625242 9
1704625258 5
1704625274 4
1704625290 3
1704625306 3



# Sketch: 23
1704624714 11
1704624730 5
1704624746 8
1704624762 6
1704624778 11
1704624794 10
1704624810 9
1704624826 14
1704624842 8
1704624858 7
1704624874 4
1704624890 46
1704624906 5
1704624922 5
1704624938 17
1704624954 4
1704624970 5
1704624986 14
1704625002 5
1704625018 6
1704625034 8
1704625050 11
1704625066 10
1704625082 16
1704625098 4
1704625114 11
1704625130 23
1704625146 26
1704625162 12
1704625178 9
1704625194 45
1704625210 48
1704625226 15
1704625242 31
1704625258 8
1704625274 11
1704625290 7
1704625306 4



# Sketch: 24
1704624714 11
1704624730 7
1704624746 6
1704624762 5
1704624778 6
1704624794 13
1704624810 5
1704624826 7
1704624842 21
1704624858 7
1704624874 7
1704624890 4
1704624906 5
1704624922 13
1704624938 8
1704624954 11
1704624970 6
1704624986 14
1704625002 8
1704625018 9
1704625034 5
1704625050 6
1704625066 11
1704625082 3
1704625098 3
1704625114 23
1704625130 14
1704625146 18
1704625162 28
1704625178 6
1704625194 47
1704625210 66
1704625226 48
1704625242 14
1704625258 16
1704625274 7
1704625290 7
1704625306 6



# Sketch: 25
1704624714 23
1704624730 5
1704624746 7
1704624762 8
1704624778 15
1704624794 10
1704624810 8
1704624826 11
1704624842 8
1704624858 7
1704624874 10
1704624890 3
1704624906 6
1704624922 4
1704624938 13
1704624954 3
1704624970 10
1704624986 13
1704625002 8
1704625018 19
1704625034 10
1704625050 10
1704625066 8
1704625082 7
1704625098 3
1704625114 18
1704625130 19
1704625146 11
1704625162 6
1704625178 9
1704625194 17
1704625210 31
1704625226 15
1704625242 11
1704625258 5
1704625274 6
1704625290 7
1704625306 3



# Sketch: 26
1704624714 7
1704624730 7
1704624746 8
1704624762 3
1704624778 9
1704624794 3
1704624810 12
1704624826 5
1704624842 3
1704624858 1
1704624874 10
1704624890 9
1704624906 7
1704624922 10
1704624938 3
1704624954 4
1704624970 2
1704624986 8
1704625002 6
1704625018 4
1704625034 3
1704625050 7
1704625066 2
1704625082 26
1704625098 2
1704625114 32
1704625130 29
1704625146 25
1704625162 7
1704625178 8
1704625194 93
1704625210 93
1704625226 22
1704625242 11
1704625258 29
1704625274 67
1704625290 11
1704625306 4



# Sketch: 27
1704624714 6
1704624730 12
1704624746 3
1704624762 8
1704624778 11
1704624794 14
1704624810 4
1704624826 9
1704624842 13
1704624858 7
1704624874 4
1704624890 3
1704624906 7
1704624922 4
1704624938 8
1704624954 6
1704624970 15
1704624986 9
1704625002 6
1704625018 11
1704625034 5
1704625050 3
1704625066 8
1704625082 11
1704625098 6
1704625114 9
1704625130 23
1704625146 16
1704625162 14
1704625178 11
1704625194 28
1704625210 29
1704625226 11
1704625242 12
1704625258 18
1704625274 15
1704625290 7
1704625306 3



# Sketch: 28
1704624714 12
1704624730 16
1704624746 6
1704624762 0
1704624778 3
1704624794 10
1704624810 2
1704624826 6
1704624842 15
1704624858 9
1704624874 11
1704624890 9
1704624906 4
1704624922 13
1704624938 2
1704624954 3
1704624970 4
1704624986 9
1704625002 6
1704625018 8
1704625034 6
1704625050 2
1704625066 3
1704625082 24
1704625098 16
1704625114 24
1704625130 16
1704625146 12
1704625162 10
1704625178 10
1704625194 44
1704625210 48
1704625226 16
1704625242 6
1704625258 19
1704625274 6
1704625290 9
1704625306 3



# Sketch: 29
1704624714 8
1704624730 6
1704624746 4
1704624762 20
1704624778 3
1704624794 1
1704624810 6
1704624826 5
1704624842 7
1704624858 7
1704624874 2
1704624890 7
1704624906 6
1704624922 12
1704624938 8
1704624954 5
1704624970 8
1704624986 5
1704625002 4
1704625018 6
1704625034 7
1704625050 4
1704625066 3
1704625082 13
1704625098 3
1704625114 32
1704625130 36
1704625146 41
1704625162 9
1704625178 6
1704625194 43
1704625210 58
1704625226 32
1704625242 25
1704625258 14
1704625274 11
1704625290 4
1704625306 5



# Sketch: 30
1704624714 10
1704624730 1
1704624746 11
1704624762 1
1704624778 9
1704624794 17
1704624810 2
1704624826 8
1704624842 18
1704624858 6
1704624874 15
1704624890 4
1704624906 5
1704624922 7
1704624938 6
1704624954 9
1704624970 6
1704624986 10
1704625002 6
1704625018 12
1704625034 7
1704625050 12
1704625066 7
1704625082 2
1704625098 9
1704625114 24
1704625130 17
1704625146 14
1704625162 7
1704625178 13
1704625194 38
1704625210 70
1704625226 17
1704625242 13
1704625258 8
1704625274 3
1704625290 8
1704625306 1



# Sketch: 31
1704624714 4
1704624730 12
1704624746 11
1704624762 9
1704624778 7
1704624794 8
1704624810 3
1704624826 8
1704624842 5
1704624858 11
1704624874 7
1704624890 5
1704624906 5
1704624922 11
1704624938 9
1704624954 6
1704624970 9
1704624986 10
1704625002 3
1704625018 12
1704625034 3
1704625050 8
1704625066 9
1704625082 14
1704625098 10
1704625114 47
1704625130 22
1704625146 26
1704625162 28
1704625178 5
1704625194 77
1704625210 98
1704625226 19
1704625242 13
1704625258 2
1704625274 7
1704625290 8
1704625306 6

