

# Sketch: 0
1704624714 36
1704624778 32
1704624842 37
1704624906 39
1704624970 35
1704625034 48
1704625098 72
1704625162 92
1704625226 42
1704625290 9



# Sketch: 1
1704624714 30
1704624778 28
1704624842 28
1704624906 16
1704624970 26
1704625034 37
1704625098 124
1704625162 305
1704625226 79
1704625290 6



# Sketch: 2
1704624714 32
1704624778 52
1704624842 41
1704624906 53
1704624970 38
1704625034 58
1704625098 98
1704625162 318
1704625226 130
1704625290 11



# Sketch: 3
1704624714 23
1704624778 23
1704624842 21
1704624906 35
1704624970 31
1704625034 24
1704625098 49
1704625162 187
1704625226 120
1704625290 5



# Sketch: 4
1704624714 14
1704624778 28
1704624842 25
1704624906 40
1704624970 24
1704625034 24
1704625098 88
1704625162 171
1704625226 45
1704625290 6



# Sketch: 5
1704624714 46
1704624778 20
1704624842 28
1704624906 28
1704624970 71
1704625034 46
1704625098 65
1704625162 180
1704625226 71
1704625290 15



# Sketch: 6
1704624714 37
1704624778 42
1704624842 54
1704624906 57
1704624970 35
1704625034 50
1704625098 112
1704625162 143
1704625226 62
1704625290 15



# Sketch: 7
1704624714 23
1704624778 24
1704624842 41
1704624906 41
1704624970 36
1704625034 39
1704625098 70
1704625162 125
1704625226 57
1704625290 13



# Sketch: 8
1704624714 24
1704624778 30
1704624842 43
1704624906 31
1704624970 39
1704625034 32
1704625098 47
1704625162 69
1704625226 48
1704625290 12



# Sketch: 9
1704624714 41
1704624778 36
1704624842 24
1704624906 30
1704624970 35
1704625034 23
1704625098 189
1704625162 403
1704625226 93
1704625290 18



# Sketch: 10
1704624714 14
1704624778 19
1704624842 30
1704624906 36
1704624970 23
1704625034 28
1704625098 74
1704625162 114
1704625226 20
1704625290 12



# Sketch: 11
1704624714 39
1704624778 38
1704624842 25
1704624906 22
1704624970 47
1704625034 35
1704625098 75
1704625162 150
1704625226 47
1704625290 22



# Sketch: 12
1704624714 27
1704624778 50
1704624842 44
1704624906 73
1704624970 52
1704625034 59
1704625098 154
1704625162 205
1704625226 123
1704625290 21



# Sketch: 13
1704624714 40
1704624778 45
1704624842 32
1704624906 31
1704624970 54
1704625034 57
1704625098 76
1704625162 157
1704625226 57
1704625290 19



# Sketch: 14
1704624714 24
1704624778 25
1704624842 27
1704624906 34
1704624970 29
1704625034 33
1704625098 139
1704625162 165
1704625226 29
1704625290 11



# Sketch: 15
1704624714 19
1704624778 21
1704624842 31
1704624906 14
1704624970 36
1704625034 36
1704625098 71
1704625162 101
1704625226 35
1704625290 12



# Sketch: 16
1704624714 37
1704624778 32
1704624842 13
1704624906 41
1704624970 61
1704625034 33
1704625098 104
1704625162 115
1704625226 181
1704625290 24



# Sketch: 17
1704624714 25
1704624778 24
1704624842 20
1704624906 36
1704624970 31
1704625034 32
1704625098 47
1704625162 84
1704625226 47
1704625290 5



# Sketch: 18
1704624714 27
1704624778 24
1704624842 28
1704624906 32
1704624970 23
1704625034 48
1704625098 63
1704625162 73
1704625226 48
1704625290 6



# Sketch: 19
1704624714 32
1704624778 32
1704624842 41
1704624906 34
1704624970 36
1704625034 31
1704625098 78
1704625162 168
1704625226 72
1704625290 2



# Sketch: 20
1704624714 30
1704624778 19
1704624842 29
1704624906 41
1704624970 34
1704625034 38
1704625098 69
1704625162 152
1704625226 44
1704625290 5



# Sketch: 21
1704624714 25
1704624778 45
1704624842 45
1704624906 20
1704624970 46
1704625034 30
1704625098 111
1704625162 250
1704625226 59
1704625290 6



# Sketch: 22
1704624714 43
1704624778 15
1704624842 25
1704624906 49
1704624970 27
1704625034 26
1704625098 57
1704625162 122
1704625226 36
1704625290 6



# Sketch: 23
1704624714 30
1704624778 44
1704624842 65
1704624906 31
1704624970 30
1704625034 45
1704625098 64
1704625162 114
1704625226 65
1704625290 11



# Sketch: 24
1704624714 29
1704624778 31
1704624842 39
1704624906 37
1704624970 37
1704625034 25
1704625098 58
1704625162 147
1704625226 85
1704625290 13



# Sketch: 25
1704624714 43
1704624778 44
1704624842 28
1704624906 26
1704624970 50
1704625034 35
1704625098 51
1704625162 63
1704625226 37
1704625290 10



# Sketch: 26
1704624714 25
1704624778 29
1704624842 23
1704624906 24
1704624970 20
1704625034 38
1704625098 88
1704625162 201
1704625226 129
1704625290 15



# Sketch: 27
1704624714 29
1704624778 38
1704624842 27
1704624906 25
1704624970 41
1704625034 27
1704625098 54
1704625162 82
1704625226 56
1704625290 10



# Sketch: 28
1704624714 34
1704624778 21
1704624842 44
1704624906 22
1704624970 27
1704625034 35
1704625098 68
1704625162 112
1704625226 47
1704625290 12



# Sketch: 29
1704624714 38
1704624778 15
1704624842 23
1704624906 31
1704624970 23
1704625034 27
1704625098 112
1704625162 116
1704625226 82
1704625290 9



# Sketch: 30
1704624714 23
1704624778 36
1704624842 43
1704624906 27
1704624970 34
1704625034 28
1704625098 64
1704625162 128
1704625226 41
1704625290 9



# Sketch: 31
1704624714 36
1704624778 26
1704624842 28
1704624906 31
1704624970 34
1704625034 34
1704625098 105
1704625162 208
1704625226 41
1704625290 14

