

# Sketch: 0
1704624714 40
1704624778 71
1704624842 16
1704624906 68
1704624970 52
1704625034 51
1704625098 96
1704625162 123
1704625226 54
1704625290 13



# Sketch: 1
1704624714 10
1704624778 23
1704624842 27
1704624906 62
1704624970 31
1704625034 37
1704625098 71
1704625162 137
1704625226 20
1704625290 12



# Sketch: 2
1704624714 26
1704624778 37
1704624842 26
1704624906 31
1704624970 25
1704625034 28
1704625098 67
1704625162 165
1704625226 49
1704625290 15



# Sketch: 3
1704624714 35
1704624778 34
1704624842 51
1704624906 36
1704624970 38
1704625034 52
1704625098 81
1704625162 162
1704625226 32
1704625290 5



# Sketch: 4
1704624714 35
1704624778 28
1704624842 27
1704624906 28
1704624970 30
1704625034 46
1704625098 48
1704625162 75
1704625226 68
1704625290 19



# Sketch: 5
1704624714 26
1704624778 15
1704624842 41
1704624906 21
1704624970 26
1704625034 21
1704625098 50
1704625162 65
1704625226 40
1704625290 10



# Sketch: 6
1704624714 37
1704624778 23
1704624842 25
1704624906 22
1704624970 33
1704625034 36
1704625098 95
1704625162 124
1704625226 35
1704625290 9



# Sketch: 7
1704624714 49
1704624778 26
1704624842 25
1704624906 34
1704624970 45
1704625034 34
1704625098 126
1704625162 330
1704625226 143
1704625290 12



# Sketch: 8
1704624714 27
1704624778 25
1704624842 34
1704624906 26
1704624970 39
1704625034 28
1704625098 69
1704625162 100
1704625226 71
1704625290 4



# Sketch: 9
1704624714 23
1704624778 29
1704624842 35
1704624906 35
1704624970 25
1704625034 32
1704625098 91
1704625162 117
1704625226 134
1704625290 21



# Sketch: 10
1704624714 41
1704624778 28
1704624842 28
1704624906 23
1704624970 26
1704625034 34
1704625098 130
1704625162 176
1704625226 54
1704625290 12



# Sketch: 11
1704624714 34
1704624778 20
1704624842 44
1704624906 24
1704624970 36
1704625034 52
1704625098 48
1704625162 116
1704625226 57
1704625290 11



# Sketch: 12
1704624714 28
1704624778 30
1704624842 27
1704624906 37
1704624970 41
1704625034 60
1704625098 79
1704625162 192
1704625226 68
1704625290 9



# Sketch: 13
1704624714 21
1704624778 33
1704624842 43
1704624906 26
1704624970 39
1704625034 24
1704625098 114
1704625162 232
1704625226 38
1704625290 3



# Sketch: 14
1704624714 29
1704624778 27
1704624842 40
1704624906 44
1704624970 30
1704625034 42
1704625098 47
1704625162 47
1704625226 40
1704625290 6



# Sketch: 15
1704624714 31
1704624778 25
1704624842 36
1704624906 24
1704624970 57
1704625034 30
1704625098 94
1704625162 195
1704625226 169
1704625290 31



# Sketch: 16
1704624714 32
1704624778 37
1704624842 17
1704624906 36
1704624970 34
1704625034 26
1704625098 160
1704625162 293
1704625226 68
1704625290 11



# Sketch: 17
1704624714 14
1704624778 16
1704624842 64
1704624906 37
1704624970 45
1704625034 52
1704625098 57
1704625162 95
1704625226 37
1704625290 12



# Sketch: 18
1704624714 20
1704624778 19
1704624842 37
1704624906 25
1704624970 38
1704625034 14
1704625098 68
1704625162 241
1704625226 68
1704625290 6



# Sketch: 19
1704624714 31
1704624778 23
1704624842 25
1704624906 21
1704624970 33
1704625034 45
1704625098 120
1704625162 214
1704625226 78
1704625290 5



# Sketch: 20
1704624714 30
1704624778 29
1704624842 42
1704624906 30
1704624970 40
1704625034 27
1704625098 54
1704625162 97
1704625226 40
1704625290 10



# Sketch: 21
1704624714 33
1704624778 27
1704624842 43
1704624906 29
1704624970 29
1704625034 34
1704625098 108
1704625162 123
1704625226 59
1704625290 12



# Sketch: 22
1704624714 42
1704624778 51
1704624842 23
1704624906 60
1704624970 50
1704625034 58
1704625098 70
1704625162 109
1704625226 59
1704625290 15



# Sketch: 23
1704624714 22
1704624778 31
1704624842 27
1704624906 26
1704624970 26
1704625034 50
1704625098 100
1704625162 166
1704625226 53
1704625290 9



# Sketch: 24
1704624714 25
1704624778 62
1704624842 27
1704624906 60
1704624970 38
1704625034 46
1704625098 82
1704625162 324
1704625226 145
1704625290 21



# Sketch: 25
1704624714 36
1704624778 40
1704624842 26
1704624906 34
1704624970 25
1704625034 27
1704625098 66
1704625162 125
1704625226 65
1704625290 20



# Sketch: 26
1704624714 15
1704624778 36
1704624842 19
1704624906 29
1704624970 38
1704625034 28
1704625098 40
1704625162 73
1704625226 26
1704625290 6



# Sketch: 27
1704624714 73
1704624778 30
1704624842 57
1704624906 42
1704624970 49
1704625034 33
1704625098 107
1704625162 182
1704625226 67
1704625290 10



# Sketch: 28
1704624714 22
1704624778 21
1704624842 22
1704624906 44
1704624970 33
1704625034 36
1704625098 91
1704625162 187
1704625226 71
1704625290 14



# Sketch: 29
1704624714 24
1704624778 32
1704624842 25
1704624906 33
1704624970 31
1704625034 28
1704625098 61
1704625162 68
1704625226 49
1704625290 10



# Sketch: 30
1704624714 36
1704624778 29
1704624842 34
1704624906 22
1704624970 53
1704625034 30
1704625098 94
1704625162 109
1704625226 64
1704625290 4



# Sketch: 31
1704624714 28
1704624778 31
1704624842 39
1704624906 18
1704624970 30
1704625034 20
1704625098 112
1704625162 258
1704625226 107
1704625290 7

