

# Sketch: 0
1704625314 58
1704625442 77
1704625570 74
1704625698 52
1704625826 35



# Sketch: 1
1704625314 43
1704625442 45
1704625570 60
1704625698 81
1704625826 31



# Sketch: 2
1704625314 52
1704625442 70
1704625570 62
1704625698 75
1704625826 15



# Sketch: 3
1704625314 94
1704625442 64
1704625570 60
1704625698 40
1704625826 31



# Sketch: 4
1704625314 39
1704625442 89
1704625570 64
1704625698 45
1704625826 31



# Sketch: 5
1704625314 49
1704625442 54
1704625570 92
1704625698 48
1704625826 37



# Sketch: 6
1704625314 52
1704625442 59
1704625570 58
1704625698 71
1704625826 37



# Sketch: 7
1704625314 97
1704625442 64
1704625570 86
1704625698 67
1704625826 53



# Sketch: 8
1704625314 93
1704625442 96
1704625570 96
1704625698 62
1704625826 53



# Sketch: 9
1704625314 57
1704625442 47
1704625570 70
1704625698 66
1704625826 37



# Sketch: 10
1704625314 74
1704625442 111
1704625570 78
1704625698 76
1704625826 49



# Sketch: 11
1704625314 80
1704625442 94
1704625570 77
1704625698 52
1704625826 40



# Sketch: 12
1704625314 81
1704625442 63
1704625570 57
1704625698 62
1704625826 45



# Sketch: 13
1704625314 95
1704625442 84
1704625570 68
1704625698 93
1704625826 46



# Sketch: 14
1704625314 92
1704625442 82
1704625570 100
1704625698 89
1704625826 64



# Sketch: 15
1704625314 76
1704625442 47
1704625570 61
1704625698 71
1704625826 39



# Sketch: 16
1704625314 87
1704625442 63
1704625570 65
1704625698 58
1704625826 36



# Sketch: 17
1704625314 36
1704625442 50
1704625570 53
1704625698 57
1704625826 31



# Sketch: 18
1704625314 90
1704625442 44
1704625570 85
1704625698 48
1704625826 50



# Sketch: 19
1704625314 64
1704625442 75
1704625570 59
1704625698 71
1704625826 49



# Sketch: 20
1704625314 46
1704625442 43
1704625570 45
1704625698 56
1704625826 41



# Sketch: 21
1704625314 79
1704625442 87
1704625570 106
1704625698 65
1704625826 35



# Sketch: 22
1704625314 47
1704625442 47
1704625570 51
1704625698 49
1704625826 29



# Sketch: 23
1704625314 86
1704625442 61
1704625570 59
1704625698 49
1704625826 47



# Sketch: 24
1704625314 62
1704625442 54
1704625570 89
1704625698 57
1704625826 39



# Sketch: 25
1704625314 53
1704625442 62
1704625570 51
1704625698 31
1704625826 70



# Sketch: 26
1704625314 63
1704625442 63
1704625570 82
1704625698 75
1704625826 82



# Sketch: 27
1704625314 59
1704625442 78
1704625570 76
1704625698 49
1704625826 32



# Sketch: 28
1704625314 42
1704625442 40
1704625570 54
1704625698 54
1704625826 32



# Sketch: 29
1704625314 63
1704625442 59
1704625570 65
1704625698 55
1704625826 68



# Sketch: 30
1704625314 44
1704625442 37
1704625570 40
1704625698 30
1704625826 41



# Sketch: 31
1704625314 139
1704625442 93
1704625570 96
1704625698 70
1704625826 79

