

# Sketch: 0
0 1.50719
1 1.20595
2 0.895935
3 0.774838
4 0.492592
5 0.185205
6 0.3028
7 0.370151



# Sketch: 1
0 0.332398
1 0.32976
2 0.326935
3 0.294017
4 0.358626
5 0.451077
6 0.390261
7 0.373615



# Sketch: 2
0 0.453671
1 0.453562
2 0.551195
3 0.621014
4 0.564059
5 0.679866
6 0.608309
7 0.608213



# Sketch: 3
0 1.08792
1 0.936106
2 0.968655
3 0.990378
4 1.12551
5 0.399938
6 0.694788
7 0.594009



# Sketch: 4
0 1.63572
1 1.45443
2 1.36605
3 1.25618
4 0.702996
5 0.493071
6 0.513217
7 0.610511



# Sketch: 5
0 0.925876
1 0.885153
2 0.630636
3 0.645709
4 0.634165
5 0.0655976
6 0.065181
7 0.728623



# Sketch: 6
0 0.735482
1 0.678794
2 0.587471
3 0.596182
4 0.620712
5 0.452236
6 0.626604
7 0.64213



# Sketch: 7
0 2.29928
1 1.98299
2 1.72094
3 1.34283
4 0.91535
5 0.841349
6 0.444836
7 0.260841



# Sketch: 8
0 0.32303
1 0.311514
2 0.313892
3 0.326726
4 0.394013
5 0.63036
6 0.466541
7 0.497194



# Sketch: 9
0 0.469719
1 0.469229
2 0.260275
3 0.147415
4 0.165593
5 0.124457
6 0.0757894
7 0.176762



# Sketch: 10
0 0.58048
1 0.61316
2 0.59536
3 0.503219
4 0.343976
5 0.317722
6 0.388485
7 0.391042



# Sketch: 11
0 0.0737721
1 0.194332
2 0.0851199
3 0.123662
4 0.209825
5 0.563644
6 1.27383
7 0.293649



# Sketch: 12
0 0.339901
1 0.336011
2 0.324434
3 0.473328
4 1.72167
5 2.5147
6 1.5086
7 0.514128



# Sketch: 13
0 0.509393
1 0.0752008
2 0.300871
3 0.578154
4 1.10116
5 0.366881
6 0.358053
7 0.341659



# Sketch: 14
0 0.319222
1 0.474197
2 0.517399
3 0.839692
4 0.807566
5 1.30259
6 0.592681
7 0.836157



# Sketch: 15
0 0.37616
1 0.370532
2 0.448092
3 0.52385
4 0.507897
5 0.462308
6 0.512677
7 0.551132



# Sketch: 16
0 0.351047
1 0.392881
2 0.440276
3 0.424802
4 0.425081
5 0.392594
6 0.388646
7 1.51734



# Sketch: 17
0 0.601614
1 0.633466
2 0.576101
3 0.586321
4 0.614945
5 0.459042
6 0.498624
7 0.850589



# Sketch: 18
0 0.204401
1 0.280376
2 0.357347
3 0.467493
4 0.70905
5 0.56415
6 0.324238
7 0.439484



# Sketch: 19
0 0.599232
1 0.63558
2 0.531099
3 0.45424
4 0.348563
5 0.260901
6 0.488948
7 0.310702



# Sketch: 20
0 0.161576
1 0.297276
2 0.404084
3 0.323771
4 0.423929
5 0.785171
6 0.31565
7 0.700932



# Sketch: 21
0 0.457803
1 0.439646
2 0.453137
3 0.532209
4 0.512073
5 0.661871
6 0.591323
7 0.598795



# Sketch: 22
0 0.239827
1 0.292066
2 0.343876
3 0.281249
4 0.174515
5 0.343282
6 1.31611
7 1.29237



# Sketch: 23
0 0.394066
1 0.349016
2 0.389181
3 0.263007
4 0.322209
5 0.376813
6 0.386297
7 0.465809



# Sketch: 24
0 0.35371
1 0.31983
2 0.334754
3 0.369089
4 0.445864
5 0.353063
6 0.373835
7 0.373829



# Sketch: 25
0 0.371125
1 0.321125
2 0.321464
3 0.344868
4 0.451962
5 0.507848
6 0.49812
7 1.62722



# Sketch: 26
0 1.18464
1 1.15146
2 0.781772
3 1.24331
4 1.23302
5 2.15704
6 0.853144
7 0.638479



# Sketch: 27
0 0.49248
1 0.443022
2 0.508304
3 0.464411
4 0.331744
5 0.458392
6 0.361511
7 0.444372



# Sketch: 28
0 0.514223
1 0.584741
2 0.527089
3 0.511156
4 0.417292
5 0.479008
6 0.467287
7 0.492175



# Sketch: 29
0 0.378035
1 0.37246
2 0.34596
3 0.399648
4 0.446811
5 0.38559
6 0.409319
7 0.427454



# Sketch: 30
0 0.178861
1 0.15123
2 0.164142
3 0.194524
4 0.250368
5 0.21507
6 0.346744
7 0.322931



# Sketch: 31
0 0.641605
1 0.66827
2 0.775715
3 0.746293
4 0.271426
5 0.169382
6 0.293672
7 0.247342

