

# Sketch: 0
1704625314 0
1704625318 0
1704625322 1
1704625326 3
1704625330 2
1704625334 6
1704625338 5
1704625342 3
1704625346 2
1704625350 3
1704625354 0
1704625358 5
1704625362 3
1704625366 4
1704625370 3
1704625374 1
1704625378 1
1704625382 3
1704625386 1
1704625390 0
1704625394 1
1704625398 5
1704625402 1
1704625406 2
1704625410 2
1704625414 4
1704625418 0
1704625422 4
1704625426 6
1704625430 1
1704625434 1
1704625438 2
1704625442 2
1704625446 3
1704625450 2
1704625454 2
1704625458 2
1704625462 2
1704625466 0
1704625470 3
1704625474 3
1704625478 3
1704625482 0
1704625486 0
1704625490 1
1704625494 2
1704625498 3
1704625502 0
1704625506 4
1704625510 0
1704625514 3
1704625518 2
1704625522 2
1704625526 0
1704625530 3
1704625534 0
1704625538 0
1704625542 0
1704625546 22
1704625550 4
1704625554 2
1704625558 2
1704625562 1
1704625566 2
1704625570 3
1704625574 2
1704625578 0
1704625582 2
1704625586 2
1704625590 2
1704625594 2
1704625598 1
1704625602 0
1704625606 3
1704625610 2
1704625614 2
1704625618 2
1704625622 1
1704625626 0
1704625630 2
1704625634 1
1704625638 0
1704625642 1
1704625646 2
1704625650 0
1704625654 1
1704625658 3
1704625662 0
1704625666 4
1704625670 3
1704625674 0
1704625678 3
1704625682 0
1704625686 0
1704625690 1
1704625694 0
1704625698 2
1704625702 2
1704625706 5
1704625710 4
1704625714 5
1704625718 4
1704625722 0
1704625726 2
1704625730 2
1704625734 2
1704625738 0
1704625742 1
1704625746 7
1704625750 3
1704625754 3
1704625758 0
1704625762 1
1704625766 1
1704625770 1
1704625774 0
1704625778 6
1704625782 1
1704625786 1
1704625790 1
1704625794 2
1704625798 4
1704625802 1
1704625806 1
1704625810 1
1704625814 0
1704625818 4
1704625822 3
1704625826 1
1704625830 3
1704625834 0
1704625838 1
1704625842 13
1704625846 9
1704625850 7
1704625854 6
1704625858 1
1704625862 3
1704625866 4
1704625870 4
1704625874 0
1704625878 1
1704625882 0
1704625886 0
1704625890 1
1704625894 0
1704625898 13
1704625902 1
1704625906 0
1704625910 3



# Sketch: 1
1704625314 1
1704625318 8
1704625322 1
1704625326 0
1704625330 0
1704625334 2
1704625338 1
1704625342 5
1704625346 3
1704625350 1
1704625354 2
1704625358 2
1704625362 0
1704625366 0
1704625370 1
1704625374 0
1704625378 0
1704625382 0
1704625386 1
1704625390 1
1704625394 0
1704625398 0
1704625402 8
1704625406 0
1704625410 2
1704625414 1
1704625418 0
1704625422 0
1704625426 0
1704625430 0
1704625434 0
1704625438 1
1704625442 1
1704625446 0
1704625450 0
1704625454 3
1704625458 1
1704625462 2
1704625466 2
1704625470 0
1704625474 1
1704625478 0
1704625482 3
1704625486 0
1704625490 4
1704625494 0
1704625498 3
1704625502 1
1704625506 0
1704625510 0
1704625514 3
1704625518 1
1704625522 0
1704625526 2
1704625530 0
1704625534 2
1704625538 1
1704625542 0
1704625546 2
1704625550 0
1704625554 3
1704625558 5
1704625562 5
1704625566 0
1704625570 0
1704625574 3
1704625578 4
1704625582 3
1704625586 3
1704625590 0
1704625594 0
1704625598 3
1704625602 2
1704625606 1
1704625610 1
1704625614 1
1704625618 1
1704625622 1
1704625626 4
1704625630 1
1704625634 5
1704625638 0
1704625642 1
1704625646 0
1704625650 2
1704625654 4
1704625658 1
1704625662 2
1704625666 0
1704625670 2
1704625674 0
1704625678 1
1704625682 1
1704625686 1
1704625690 1
1704625694 1
1704625698 0
1704625702 1
1704625706 0
1704625710 1
1704625714 1
1704625718 0
1704625722 0
1704625726 2
1704625730 1
1704625734 3
1704625738 1
1704625742 2
1704625746 0
1704625750 4
1704625754 1
1704625758 2
1704625762 0
1704625766 0
1704625770 0
1704625774 0
1704625778 0
1704625782 1
1704625786 0
1704625790 2
1704625794 3
1704625798 0
1704625802 2
1704625806 0
1704625810 0
1704625814 0
1704625818 1
1704625822 0
1704625826 0
1704625830 7
1704625834 1
1704625838 1
1704625842 2
1704625846 0
1704625850 0
1704625854 2
1704625858 1
1704625862 0
1704625866 1
1704625870 4
1704625874 11
1704625878 1
1704625882 8
1704625886 3
1704625890 0
1704625894 5
1704625898 0
1704625902 2
1704625906 0
1704625910 0



# Sketch: 2
1704625314 0
1704625318 5
1704625322 4
1704625326 5
1704625330 3
1704625334 5
1704625338 4
1704625342 3
1704625346 0
1704625350 0
1704625354 1
1704625358 1
1704625362 5
1704625366 2
1704625370 3
1704625374 0
1704625378 0
1704625382 3
1704625386 4
1704625390 2
1704625394 0
1704625398 6
1704625402 2
1704625406 4
1704625410 4
1704625414 5
1704625418 4
1704625422 0
1704625426 1
1704625430 1
1704625434 2
1704625438 2
1704625442 2
1704625446 2
1704625450 1
1704625454 0
1704625458 0
1704625462 0
1704625466 0
1704625470 0
1704625474 1
1704625478 0
1704625482 2
1704625486 2
1704625490 1
1704625494 0
1704625498 0
1704625502 4
1704625506 6
1704625510 4
1704625514 2
1704625518 4
1704625522 1
1704625526 2
1704625530 6
1704625534 4
1704625538 9
1704625542 1
1704625546 3
1704625550 1
1704625554 1
1704625558 2
1704625562 0
1704625566 1
1704625570 7
1704625574 1
1704625578 1
1704625582 0
1704625586 5
1704625590 1
1704625594 0
1704625598 3
1704625602 2
1704625606 3
1704625610 1
1704625614 1
1704625618 3
1704625622 7
1704625626 4
1704625630 3
1704625634 6
1704625638 6
1704625642 3
1704625646 1
1704625650 5
1704625654 3
1704625658 7
1704625662 1
1704625666 2
1704625670 5
1704625674 0
1704625678 3
1704625682 0
1704625686 0
1704625690 0
1704625694 0
1704625698 1
1704625702 0
1704625706 0
1704625710 2
1704625714 8
1704625718 2
1704625722 0
1704625726 2
1704625730 0
1704625734 0
1704625738 0
1704625742 3
1704625746 7
1704625750 2
1704625754 1
1704625758 4
1704625762 1
1704625766 1
1704625770 7
1704625774 5
1704625778 3
1704625782 1
1704625786 2
1704625790 4
1704625794 1
1704625798 5
1704625802 0
1704625806 0
1704625810 2
1704625814 0
1704625818 1
1704625822 4
1704625826 0
1704625830 1
1704625834 2
1704625838 2
1704625842 2
1704625846 0
1704625850 5
1704625854 1
1704625858 3
1704625862 4
1704625866 4
1704625870 2
1704625874 1
1704625878 5
1704625882 3
1704625886 2
1704625890 3
1704625894 4
1704625898 6
1704625902 1
1704625906 1
1704625910 3



# Sketch: 3
1704625314 2
1704625318 0
1704625322 1
1704625326 3
1704625330 1
1704625334 1
1704625338 5
1704625342 3
1704625346 0
1704625350 1
1704625354 1
1704625358 1
1704625362 1
1704625366 0
1704625370 0
1704625374 0
1704625378 4
1704625382 6
1704625386 1
1704625390 1
1704625394 4
1704625398 10
1704625402 2
1704625406 1
1704625410 0
1704625414 1
1704625418 3
1704625422 1
1704625426 1
1704625430 4
1704625434 1
1704625438 2
1704625442 1
1704625446 3
1704625450 1
1704625454 1
1704625458 4
1704625462 0
1704625466 3
1704625470 0
1704625474 1
1704625478 4
1704625482 0
1704625486 0
1704625490 2
1704625494 1
1704625498 2
1704625502 0
1704625506 1
1704625510 0
1704625514 8
1704625518 0
1704625522 0
1704625526 1
1704625530 1
1704625534 5
1704625538 0
1704625542 0
1704625546 3
1704625550 1
1704625554 3
1704625558 5
1704625562 2
1704625566 5
1704625570 2
1704625574 2
1704625578 2
1704625582 3
1704625586 3
1704625590 3
1704625594 2
1704625598 0
1704625602 3
1704625606 2
1704625610 0
1704625614 4
1704625618 1
1704625622 0
1704625626 2
1704625630 0
1704625634 2
1704625638 0
1704625642 2
1704625646 5
1704625650 1
1704625654 1
1704625658 5
1704625662 4
1704625666 6
1704625670 2
1704625674 1
1704625678 2
1704625682 1
1704625686 0
1704625690 3
1704625694 2
1704625698 2
1704625702 1
1704625706 2
1704625710 1
1704625714 0
1704625718 2
1704625722 2
1704625726 1
1704625730 2
1704625734 2
1704625738 2
1704625742 1
1704625746 1
1704625750 1
1704625754 0
1704625758 2
1704625762 0
1704625766 3
1704625770 2
1704625774 3
1704625778 1
1704625782 4
1704625786 0
1704625790 2
1704625794 0
1704625798 1
1704625802 0
1704625806 4
1704625810 2
1704625814 2
1704625818 4
1704625822 3
1704625826 1
1704625830 2
1704625834 0
1704625838 6
1704625842 0
1704625846 2
1704625850 1
1704625854 1
1704625858 1
1704625862 3
1704625866 0
1704625870 4
1704625874 2
1704625878 0
1704625882 3
1704625886 2
1704625890 1
1704625894 4
1704625898 1
1704625902 2
1704625906 0
1704625910 2



# Sketch: 4
1704625314 0
1704625318 5
1704625322 0
1704625326 1
1704625330 2
1704625334 1
1704625338 3
1704625342 1
1704625346 1
1704625350 1
1704625354 1
1704625358 1
1704625362 0
1704625366 0
1704625370 3
1704625374 1
1704625378 3
1704625382 0
1704625386 1
1704625390 5
1704625394 0
1704625398 4
1704625402 1
1704625406 0
1704625410 1
1704625414 3
1704625418 0
1704625422 1
1704625426 0
1704625430 3
1704625434 5
1704625438 3
1704625442 1
1704625446 3
1704625450 3
1704625454 6
1704625458 0
1704625462 2
1704625466 0
1704625470 1
1704625474 0
1704625478 2
1704625482 2
1704625486 1
1704625490 1
1704625494 0
1704625498 5
1704625502 2
1704625506 2
1704625510 0
1704625514 4
1704625518 6
1704625522 2
1704625526 2
1704625530 0
1704625534 2
1704625538 2
1704625542 4
1704625546 2
1704625550 2
1704625554 3
1704625558 1
1704625562 0
1704625566 2
1704625570 2
1704625574 2
1704625578 1
1704625582 0
1704625586 5
1704625590 1
1704625594 1
1704625598 4
1704625602 2
1704625606 5
1704625610 1
1704625614 2
1704625618 3
1704625622 1
1704625626 2
1704625630 1
1704625634 3
1704625638 3
1704625642 2
1704625646 0
1704625650 4
1704625654 2
1704625658 3
1704625662 0
1704625666 1
1704625670 2
1704625674 2
1704625678 0
1704625682 1
1704625686 5
1704625690 3
1704625694 4
1704625698 2
1704625702 0
1704625706 2
1704625710 3
1704625714 2
1704625718 0
1704625722 2
1704625726 4
1704625730 2
1704625734 3
1704625738 0
1704625742 0
1704625746 0
1704625750 2
1704625754 1
1704625758 3
1704625762 0
1704625766 1
1704625770 3
1704625774 1
1704625778 2
1704625782 2
1704625786 8
1704625790 3
1704625794 3
1704625798 1
1704625802 0
1704625806 3
1704625810 1
1704625814 0
1704625818 1
1704625822 2
1704625826 2
1704625830 3
1704625834 1
1704625838 1
1704625842 1
1704625846 0
1704625850 2
1704625854 2
1704625858 10
1704625862 3
1704625866 1
1704625870 2
1704625874 1
1704625878 0
1704625882 0
1704625886 0
1704625890 0
1704625894 2
1704625898 1
1704625902 1
1704625906 0
1704625910 0



# Sketch: 5
1704625314 0
1704625318 0
1704625322 6
1704625326 11
1704625330 0
1704625334 0
1704625338 2
1704625342 1
1704625346 0
1704625350 2
1704625354 1
1704625358 0
1704625362 1
1704625366 2
1704625370 1
1704625374 1
1704625378 1
1704625382 1
1704625386 0
1704625390 0
1704625394 1
1704625398 3
1704625402 0
1704625406 2
1704625410 1
1704625414 1
1704625418 3
1704625422 3
1704625426 3
1704625430 2
1704625434 4
1704625438 4
1704625442 0
1704625446 1
1704625450 4
1704625454 0
1704625458 2
1704625462 0
1704625466 0
1704625470 2
1704625474 0
1704625478 2
1704625482 4
1704625486 2
1704625490 1
1704625494 3
1704625498 1
1704625502 0
1704625506 2
1704625510 2
1704625514 2
1704625518 1
1704625522 3
1704625526 3
1704625530 3
1704625534 2
1704625538 4
1704625542 0
1704625546 1
1704625550 5
1704625554 0
1704625558 1
1704625562 1
1704625566 5
1704625570 0
1704625574 2
1704625578 3
1704625582 5
1704625586 2
1704625590 0
1704625594 2
1704625598 3
1704625602 1
1704625606 2
1704625610 1
1704625614 4
1704625618 1
1704625622 1
1704625626 1
1704625630 0
1704625634 1
1704625638 0
1704625642 3
1704625646 4
1704625650 2
1704625654 3
1704625658 2
1704625662 1
1704625666 4
1704625670 2
1704625674 2
1704625678 4
1704625682 0
1704625686 1
1704625690 0
1704625694 1
1704625698 1
1704625702 3
1704625706 2
1704625710 1
1704625714 6
1704625718 0
1704625722 1
1704625726 2
1704625730 0
1704625734 10
1704625738 2
1704625742 1
1704625746 7
1704625750 0
1704625754 3
1704625758 1
1704625762 5
1704625766 1
1704625770 0
1704625774 1
1704625778 0
1704625782 0
1704625786 0
1704625790 1
1704625794 1
1704625798 0
1704625802 3
1704625806 5
1704625810 2
1704625814 6
1704625818 2
1704625822 3
1704625826 2
1704625830 3
1704625834 8
1704625838 3
1704625842 2
1704625846 0
1704625850 3
1704625854 0
1704625858 4
1704625862 2
1704625866 2
1704625870 0
1704625874 1
1704625878 5
1704625882 2
1704625886 1
1704625890 0
1704625894 4
1704625898 2
1704625902 9
1704625906 3
1704625910 0



# Sketch: 6
1704625314 7
1704625318 1
1704625322 2
1704625326 1
1704625330 1
1704625334 2
1704625338 1
1704625342 0
1704625346 3
1704625350 4
1704625354 0
1704625358 2
1704625362 1
1704625366 2
1704625370 0
1704625374 2
1704625378 4
1704625382 0
1704625386 1
1704625390 3
1704625394 0
1704625398 2
1704625402 3
1704625406 3
1704625410 0
1704625414 3
1704625418 2
1704625422 0
1704625426 1
1704625430 1
1704625434 1
1704625438 3
1704625442 1
1704625446 2
1704625450 2
1704625454 2
1704625458 2
1704625462 1
1704625466 3
1704625470 3
1704625474 5
1704625478 1
1704625482 6
1704625486 0
1704625490 0
1704625494 2
1704625498 0
1704625502 3
1704625506 10
1704625510 3
1704625514 5
1704625518 0
1704625522 3
1704625526 3
1704625530 1
1704625534 4
1704625538 2
1704625542 0
1704625546 0
1704625550 1
1704625554 5
1704625558 3
1704625562 0
1704625566 4
1704625570 2
1704625574 4
1704625578 4
1704625582 2
1704625586 8
1704625590 3
1704625594 2
1704625598 0
1704625602 1
1704625606 5
1704625610 0
1704625614 2
1704625618 2
1704625622 2
1704625626 4
1704625630 4
1704625634 4
1704625638 2
1704625642 1
1704625646 2
1704625650 1
1704625654 0
1704625658 4
1704625662 2
1704625666 3
1704625670 3
1704625674 1
1704625678 1
1704625682 3
1704625686 2
1704625690 4
1704625694 7
1704625698 3
1704625702 3
1704625706 2
1704625710 4
1704625714 0
1704625718 0
1704625722 1
1704625726 0
1704625730 0
1704625734 6
1704625738 2
1704625742 1
1704625746 0
1704625750 0
1704625754 1
1704625758 1
1704625762 4
1704625766 0
1704625770 0
1704625774 3
1704625778 2
1704625782 2
1704625786 3
1704625790 4
1704625794 1
1704625798 6
1704625802 0
1704625806 3
1704625810 2
1704625814 3
1704625818 0
1704625822 0
1704625826 1
1704625830 1
1704625834 2
1704625838 1
1704625842 0
1704625846 1
1704625850 0
1704625854 0
1704625858 2
1704625862 1
1704625866 0
1704625870 1
1704625874 1
1704625878 2
1704625882 1
1704625886 2
1704625890 1
1704625894 0
1704625898 1
1704625902 0
1704625906 0
1704625910 0



# Sketch: 7
1704625314 2
1704625318 1
1704625322 0
1704625326 0
1704625330 2
1704625334 2
1704625338 4
1704625342 2
1704625346 1
1704625350 0
1704625354 1
1704625358 2
1704625362 3
1704625366 2
1704625370 3
1704625374 1
1704625378 0
1704625382 0
1704625386 11
1704625390 0
1704625394 4
1704625398 1
1704625402 1
1704625406 7
1704625410 1
1704625414 3
1704625418 0
1704625422 0
1704625426 0
1704625430 0
1704625434 4
1704625438 2
1704625442 0
1704625446 1
1704625450 4
1704625454 0
1704625458 3
1704625462 1
1704625466 0
1704625470 4
1704625474 9
1704625478 3
1704625482 1
1704625486 0
1704625490 0
1704625494 2
1704625498 0
1704625502 2
1704625506 0
1704625510 2
1704625514 1
1704625518 2
1704625522 1
1704625526 2
1704625530 3
1704625534 1
1704625538 1
1704625542 1
1704625546 0
1704625550 2
1704625554 0
1704625558 3
1704625562 0
1704625566 0
1704625570 0
1704625574 1
1704625578 0
1704625582 4
1704625586 0
1704625590 5
1704625594 0
1704625598 6
1704625602 1
1704625606 6
1704625610 0
1704625614 2
1704625618 8
1704625622 5
1704625626 1
1704625630 2
1704625634 3
1704625638 5
1704625642 7
1704625646 11
1704625650 0
1704625654 2
1704625658 3
1704625662 0
1704625666 0
1704625670 8
1704625674 2
1704625678 3
1704625682 0
1704625686 2
1704625690 0
1704625694 1
1704625698 0
1704625702 0
1704625706 0
1704625710 0
1704625714 0
1704625718 2
1704625722 0
1704625726 0
1704625730 1
1704625734 7
1704625738 0
1704625742 0
1704625746 2
1704625750 0
1704625754 0
1704625758 5
1704625762 1
1704625766 0
1704625770 2
1704625774 0
1704625778 6
1704625782 2
1704625786 6
1704625790 0
1704625794 3
1704625798 2
1704625802 9
1704625806 4
1704625810 0
1704625814 4
1704625818 0
1704625822 1
1704625826 1
1704625830 1
1704625834 2
1704625838 2
1704625842 0
1704625846 1
1704625850 3
1704625854 0
1704625858 3
1704625862 1
1704625866 0
1704625870 2
1704625874 0
1704625878 0
1704625882 3
1704625886 0
1704625890 1
1704625894 1
1704625898 3
1704625902 0
1704625906 0
1704625910 1



# Sketch: 8
1704625314 1
1704625318 3
1704625322 1
1704625326 0
1704625330 0
1704625334 2
1704625338 5
1704625342 4
1704625346 4
1704625350 2
1704625354 1
1704625358 4
1704625362 9
1704625366 1
1704625370 3
1704625374 6
1704625378 6
1704625382 0
1704625386 0
1704625390 5
1704625394 2
1704625398 2
1704625402 2
1704625406 2
1704625410 1
1704625414 7
1704625418 1
1704625422 0
1704625426 0
1704625430 3
1704625434 3
1704625438 2
1704625442 2
1704625446 1
1704625450 2
1704625454 2
1704625458 2
1704625462 1
1704625466 1
1704625470 1
1704625474 3
1704625478 1
1704625482 4
1704625486 2
1704625490 2
1704625494 0
1704625498 0
1704625502 1
1704625506 3
1704625510 10
1704625514 11
1704625518 10
1704625522 3
1704625526 5
1704625530 17
1704625534 2
1704625538 3
1704625542 6
1704625546 3
1704625550 0
1704625554 0
1704625558 3
1704625562 1
1704625566 0
1704625570 1
1704625574 1
1704625578 3
1704625582 2
1704625586 1
1704625590 0
1704625594 0
1704625598 5
1704625602 1
1704625606 0
1704625610 0
1704625614 0
1704625618 1
1704625622 4
1704625626 1
1704625630 3
1704625634 3
1704625638 2
1704625642 0
1704625646 1
1704625650 1
1704625654 7
1704625658 5
1704625662 1
1704625666 2
1704625670 6
1704625674 7
1704625678 3
1704625682 1
1704625686 4
1704625690 0
1704625694 1
1704625698 1
1704625702 1
1704625706 1
1704625710 4
1704625714 1
1704625718 1
1704625722 2
1704625726 0
1704625730 7
1704625734 4
1704625738 2
1704625742 5
1704625746 1
1704625750 0
1704625754 2
1704625758 4
1704625762 2
1704625766 2
1704625770 1
1704625774 1
1704625778 1
1704625782 3
1704625786 0
1704625790 1
1704625794 0
1704625798 1
1704625802 1
1704625806 0
1704625810 2
1704625814 0
1704625818 0
1704625822 0
1704625826 0
1704625830 3
1704625834 3
1704625838 1
1704625842 1
1704625846 3
1704625850 4
1704625854 3
1704625858 1
1704625862 10
1704625866 3
1704625870 1
1704625874 0
1704625878 1
1704625882 1
1704625886 1
1704625890 3
1704625894 2
1704625898 1
1704625902 2
1704625906 0
1704625910 1



# Sketch: 9
1704625314 0
1704625318 0
1704625322 0
1704625326 0
1704625330 5
1704625334 2
1704625338 0
1704625342 1
1704625346 3
1704625350 0
1704625354 1
1704625358 2
1704625362 2
1704625366 7
1704625370 8
1704625374 2
1704625378 0
1704625382 0
1704625386 5
1704625390 1
1704625394 0
1704625398 0
1704625402 0
1704625406 0
1704625410 1
1704625414 2
1704625418 1
1704625422 0
1704625426 1
1704625430 2
1704625434 5
1704625438 4
1704625442 0
1704625446 2
1704625450 0
1704625454 2
1704625458 2
1704625462 2
1704625466 2
1704625470 4
1704625474 0
1704625478 3
1704625482 23
1704625486 0
1704625490 2
1704625494 0
1704625498 3
1704625502 8
1704625506 1
1704625510 1
1704625514 3
1704625518 1
1704625522 3
1704625526 1
1704625530 2
1704625534 5
1704625538 3
1704625542 2
1704625546 5
1704625550 2
1704625554 1
1704625558 2
1704625562 1
1704625566 1
1704625570 0
1704625574 6
1704625578 0
1704625582 2
1704625586 3
1704625590 1
1704625594 0
1704625598 3
1704625602 0
1704625606 1
1704625610 1
1704625614 0
1704625618 1
1704625622 3
1704625626 0
1704625630 1
1704625634 7
1704625638 1
1704625642 3
1704625646 1
1704625650 1
1704625654 1
1704625658 1
1704625662 0
1704625666 2
1704625670 2
1704625674 2
1704625678 1
1704625682 0
1704625686 3
1704625690 1
1704625694 1
1704625698 4
1704625702 2
1704625706 2
1704625710 1
1704625714 1
1704625718 7
1704625722 2
1704625726 0
1704625730 0
1704625734 1
1704625738 2
1704625742 3
1704625746 1
1704625750 1
1704625754 2
1704625758 0
1704625762 5
1704625766 0
1704625770 0
1704625774 0
1704625778 4
1704625782 2
1704625786 2
1704625790 0
1704625794 0
1704625798 1
1704625802 0
1704625806 2
1704625810 0
1704625814 2
1704625818 3
1704625822 5
1704625826 3
1704625830 0
1704625834 2
1704625838 1
1704625842 2
1704625846 0
1704625850 0
1704625854 1
1704625858 2
1704625862 7
1704625866 3
1704625870 1
1704625874 2
1704625878 1
1704625882 3
1704625886 1
1704625890 4
1704625894 0
1704625898 0
1704625902 0
1704625906 0
1704625910 2



# Sketch: 10
1704625314 2
1704625318 1
1704625322 3
1704625326 1
1704625330 0
1704625334 0
1704625338 3
1704625342 1
1704625346 8
1704625350 2
1704625354 1
1704625358 0
1704625362 1
1704625366 2
1704625370 0
1704625374 0
1704625378 2
1704625382 0
1704625386 2
1704625390 1
1704625394 2
1704625398 3
1704625402 4
1704625406 1
1704625410 1
1704625414 5
1704625418 0
1704625422 0
1704625426 2
1704625430 1
1704625434 2
1704625438 3
1704625442 1
1704625446 0
1704625450 0
1704625454 4
1704625458 1
1704625462 1
1704625466 1
1704625470 1
1704625474 4
1704625478 3
1704625482 0
1704625486 0
1704625490 0
1704625494 4
1704625498 0
1704625502 3
1704625506 3
1704625510 3
1704625514 1
1704625518 0
1704625522 1
1704625526 4
1704625530 2
1704625534 3
1704625538 1
1704625542 1
1704625546 8
1704625550 0
1704625554 0
1704625558 0
1704625562 2
1704625566 5
1704625570 1
1704625574 2
1704625578 5
1704625582 1
1704625586 5
1704625590 1
1704625594 2
1704625598 2
1704625602 0
1704625606 0
1704625610 1
1704625614 0
1704625618 6
1704625622 0
1704625626 1
1704625630 1
1704625634 1
1704625638 0
1704625642 5
1704625646 3
1704625650 1
1704625654 4
1704625658 1
1704625662 0
1704625666 1
1704625670 1
1704625674 6
1704625678 9
1704625682 0
1704625686 1
1704625690 7
1704625694 2
1704625698 2
1704625702 0
1704625706 0
1704625710 0
1704625714 0
1704625718 3
1704625722 0
1704625726 1
1704625730 1
1704625734 6
1704625738 0
1704625742 0
1704625746 5
1704625750 0
1704625754 4
1704625758 2
1704625762 3
1704625766 7
1704625770 0
1704625774 0
1704625778 2
1704625782 2
1704625786 2
1704625790 2
1704625794 2
1704625798 0
1704625802 8
1704625806 1
1704625810 1
1704625814 1
1704625818 0
1704625822 4
1704625826 2
1704625830 3
1704625834 0
1704625838 1
1704625842 2
1704625846 0
1704625850 1
1704625854 3
1704625858 1
1704625862 6
1704625866 0
1704625870 3
1704625874 6
1704625878 3
1704625882 0
1704625886 0
1704625890 1
1704625894 0
1704625898 1
1704625902 4
1704625906 2
1704625910 6



# Sketch: 11
1704625314 1
1704625318 2
1704625322 2
1704625326 0
1704625330 4
1704625334 0
1704625338 1
1704625342 13
1704625346 17
1704625350 5
1704625354 1
1704625358 2
1704625362 1
1704625366 0
1704625370 1
1704625374 1
1704625378 0
1704625382 2
1704625386 5
1704625390 2
1704625394 2
1704625398 9
1704625402 1
1704625406 1
1704625410 6
1704625414 10
1704625418 0
1704625422 2
1704625426 1
1704625430 0
1704625434 1
1704625438 1
1704625442 1
1704625446 1
1704625450 1
1704625454 1
1704625458 4
1704625462 1
1704625466 3
1704625470 0
1704625474 0
1704625478 2
1704625482 8
1704625486 0
1704625490 0
1704625494 4
1704625498 2
1704625502 8
1704625506 2
1704625510 1
1704625514 3
1704625518 1
1704625522 6
1704625526 2
1704625530 4
1704625534 4
1704625538 1
1704625542 0
1704625546 2
1704625550 1
1704625554 0
1704625558 3
1704625562 6
1704625566 2
1704625570 3
1704625574 2
1704625578 0
1704625582 3
1704625586 1
1704625590 8
1704625594 0
1704625598 3
1704625602 0
1704625606 2
1704625610 5
1704625614 5
1704625618 2
1704625622 0
1704625626 0
1704625630 0
1704625634 6
1704625638 5
1704625642 1
1704625646 1
1704625650 2
1704625654 0
1704625658 3
1704625662 1
1704625666 11
1704625670 2
1704625674 1
1704625678 1
1704625682 2
1704625686 2
1704625690 4
1704625694 0
1704625698 1
1704625702 0
1704625706 2
1704625710 1
1704625714 4
1704625718 1
1704625722 0
1704625726 1
1704625730 1
1704625734 2
1704625738 4
1704625742 1
1704625746 0
1704625750 1
1704625754 1
1704625758 3
1704625762 2
1704625766 4
1704625770 3
1704625774 3
1704625778 3
1704625782 2
1704625786 1
1704625790 0
1704625794 2
1704625798 1
1704625802 5
1704625806 3
1704625810 2
1704625814 1
1704625818 3
1704625822 0
1704625826 4
1704625830 1
1704625834 1
1704625838 2
1704625842 2
1704625846 3
1704625850 1
1704625854 0
1704625858 4
1704625862 0
1704625866 3
1704625870 1
1704625874 0
1704625878 0
1704625882 0
1704625886 6
1704625890 4
1704625894 5
1704625898 2
1704625902 2
1704625906 0
1704625910 0



# Sketch: 12
1704625314 0
1704625318 1
1704625322 4
1704625326 1
1704625330 2
1704625334 8
1704625338 4
1704625342 1
1704625346 2
1704625350 2
1704625354 2
1704625358 1
1704625362 2
1704625366 0
1704625370 0
1704625374 1
1704625378 3
1704625382 0
1704625386 3
1704625390 1
1704625394 3
1704625398 0
1704625402 1
1704625406 2
1704625410 2
1704625414 7
1704625418 1
1704625422 3
1704625426 1
1704625430 2
1704625434 3
1704625438 1
1704625442 2
1704625446 2
1704625450 2
1704625454 3
1704625458 1
1704625462 2
1704625466 2
1704625470 0
1704625474 2
1704625478 0
1704625482 1
1704625486 1
1704625490 1
1704625494 2
1704625498 1
1704625502 3
1704625506 0
1704625510 1
1704625514 4
1704625518 2
1704625522 2
1704625526 1
1704625530 2
1704625534 4
1704625538 0
1704625542 1
1704625546 2
1704625550 4
1704625554 1
1704625558 5
1704625562 4
1704625566 0
1704625570 1
1704625574 3
1704625578 1
1704625582 0
1704625586 5
1704625590 0
1704625594 2
1704625598 3
1704625602 0
1704625606 1
1704625610 4
1704625614 0
1704625618 0
1704625622 1
1704625626 0
1704625630 0
1704625634 2
1704625638 0
1704625642 3
1704625646 1
1704625650 1
1704625654 1
1704625658 1
1704625662 0
1704625666 1
1704625670 0
1704625674 1
1704625678 5
1704625682 0
1704625686 1
1704625690 1
1704625694 1
1704625698 3
1704625702 4
1704625706 3
1704625710 2
1704625714 2
1704625718 0
1704625722 0
1704625726 2
1704625730 2
1704625734 2
1704625738 1
1704625742 3
1704625746 1
1704625750 3
1704625754 6
1704625758 0
1704625762 1
1704625766 1
1704625770 1
1704625774 0
1704625778 8
1704625782 0
1704625786 1
1704625790 2
1704625794 1
1704625798 1
1704625802 0
1704625806 2
1704625810 1
1704625814 0
1704625818 0
1704625822 5
1704625826 4
1704625830 12
1704625834 0
1704625838 0
1704625842 1
1704625846 1
1704625850 0
1704625854 3
1704625858 1
1704625862 1
1704625866 4
1704625870 2
1704625874 0
1704625878 1
1704625882 2
1704625886 2
1704625890 0
1704625894 0
1704625898 1
1704625902 1
1704625906 1
1704625910 1



# Sketch: 13
1704625314 1
1704625318 1
1704625322 6
1704625326 10
1704625330 0
1704625334 1
1704625338 6
1704625342 3
1704625346 6
1704625350 3
1704625354 1
1704625358 3
1704625362 0
1704625366 3
1704625370 3
1704625374 2
1704625378 3
1704625382 3
1704625386 2
1704625390 2
1704625394 0
1704625398 2
1704625402 0
1704625406 0
1704625410 0
1704625414 4
1704625418 1
1704625422 1
1704625426 2
1704625430 1
1704625434 3
1704625438 0
1704625442 1
1704625446 3
1704625450 2
1704625454 7
1704625458 0
1704625462 2
1704625466 5
1704625470 4
1704625474 3
1704625478 1
1704625482 1
1704625486 0
1704625490 1
1704625494 2
1704625498 0
1704625502 1
1704625506 0
1704625510 3
1704625514 0
1704625518 2
1704625522 3
1704625526 2
1704625530 0
1704625534 0
1704625538 9
1704625542 1
1704625546 2
1704625550 2
1704625554 2
1704625558 0
1704625562 3
1704625566 2
1704625570 0
1704625574 3
1704625578 2
1704625582 3
1704625586 5
1704625590 3
1704625594 0
1704625598 1
1704625602 0
1704625606 0
1704625610 0
1704625614 3
1704625618 5
1704625622 4
1704625626 1
1704625630 2
1704625634 3
1704625638 0
1704625642 2
1704625646 0
1704625650 3
1704625654 0
1704625658 2
1704625662 0
1704625666 1
1704625670 1
1704625674 0
1704625678 1
1704625682 0
1704625686 1
1704625690 5
1704625694 2
1704625698 0
1704625702 1
1704625706 5
1704625710 0
1704625714 0
1704625718 1
1704625722 1
1704625726 1
1704625730 0
1704625734 7
1704625738 0
1704625742 3
1704625746 1
1704625750 0
1704625754 1
1704625758 3
1704625762 0
1704625766 4
1704625770 3
1704625774 2
1704625778 0
1704625782 1
1704625786 1
1704625790 0
1704625794 2
1704625798 1
1704625802 1
1704625806 10
1704625810 0
1704625814 0
1704625818 6
1704625822 4
1704625826 3
1704625830 3
1704625834 4
1704625838 2
1704625842 0
1704625846 7
1704625850 0
1704625854 0
1704625858 5
1704625862 6
1704625866 0
1704625870 1
1704625874 0
1704625878 0
1704625882 4
1704625886 0
1704625890 1
1704625894 4
1704625898 0
1704625902 1
1704625906 0
1704625910 1



# Sketch: 14
1704625314 4
1704625318 4
1704625322 3
1704625326 5
1704625330 0
1704625334 1
1704625338 4
1704625342 0
1704625346 3
1704625350 0
1704625354 1
1704625358 1
1704625362 2
1704625366 2
1704625370 1
1704625374 2
1704625378 3
1704625382 3
1704625386 7
1704625390 1
1704625394 5
1704625398 2
1704625402 5
1704625406 1
1704625410 0
1704625414 5
1704625418 1
1704625422 0
1704625426 1
1704625430 2
1704625434 0
1704625438 2
1704625442 0
1704625446 0
1704625450 0
1704625454 0
1704625458 0
1704625462 0
1704625466 4
1704625470 0
1704625474 0
1704625478 1
1704625482 2
1704625486 0
1704625490 0
1704625494 1
1704625498 1
1704625502 3
1704625506 5
1704625510 3
1704625514 1
1704625518 1
1704625522 2
1704625526 10
1704625530 3
1704625534 4
1704625538 2
1704625542 1
1704625546 2
1704625550 3
1704625554 2
1704625558 5
1704625562 4
1704625566 1
1704625570 5
1704625574 0
1704625578 0
1704625582 2
1704625586 5
1704625590 1
1704625594 2
1704625598 4
1704625602 3
1704625606 2
1704625610 7
1704625614 1
1704625618 0
1704625622 1
1704625626 8
1704625630 2
1704625634 2
1704625638 5
1704625642 1
1704625646 4
1704625650 2
1704625654 4
1704625658 4
1704625662 1
1704625666 7
1704625670 0
1704625674 1
1704625678 4
1704625682 0
1704625686 3
1704625690 0
1704625694 0
1704625698 0
1704625702 0
1704625706 1
1704625710 4
1704625714 2
1704625718 6
1704625722 4
1704625726 2
1704625730 0
1704625734 2
1704625738 0
1704625742 2
1704625746 15
1704625750 0
1704625754 0
1704625758 3
1704625762 0
1704625766 5
1704625770 0
1704625774 6
1704625778 1
1704625782 2
1704625786 0
1704625790 2
1704625794 1
1704625798 2
1704625802 0
1704625806 4
1704625810 3
1704625814 1
1704625818 1
1704625822 0
1704625826 1
1704625830 0
1704625834 1
1704625838 3
1704625842 2
1704625846 1
1704625850 3
1704625854 1
1704625858 5
1704625862 3
1704625866 5
1704625870 4
1704625874 1
1704625878 3
1704625882 1
1704625886 1
1704625890 5
1704625894 3
1704625898 1
1704625902 1
1704625906 0
1704625910 1



# Sketch: 15
1704625314 1
1704625318 0
1704625322 1
1704625326 7
1704625330 0
1704625334 1
1704625338 0
1704625342 2
1704625346 4
1704625350 1
1704625354 2
1704625358 1
1704625362 5
1704625366 2
1704625370 4
1704625374 1
1704625378 1
1704625382 1
1704625386 1
1704625390 1
1704625394 1
1704625398 1
1704625402 2
1704625406 2
1704625410 1
1704625414 0
1704625418 1
1704625422 0
1704625426 4
1704625430 2
1704625434 2
1704625438 1
1704625442 0
1704625446 1
1704625450 1
1704625454 1
1704625458 1
1704625462 0
1704625466 0
1704625470 0
1704625474 7
1704625478 3
1704625482 0
1704625486 0
1704625490 0
1704625494 2
1704625498 1
1704625502 4
1704625506 1
1704625510 0
1704625514 0
1704625518 0
1704625522 3
1704625526 6
1704625530 11
1704625534 4
1704625538 0
1704625542 1
1704625546 8
1704625550 2
1704625554 4
1704625558 0
1704625562 3
1704625566 0
1704625570 0
1704625574 4
1704625578 0
1704625582 1
1704625586 1
1704625590 2
1704625594 4
1704625598 2
1704625602 4
1704625606 0
1704625610 0
1704625614 2
1704625618 3
1704625622 1
1704625626 3
1704625630 3
1704625634 6
1704625638 3
1704625642 1
1704625646 3
1704625650 2
1704625654 4
1704625658 1
1704625662 2
1704625666 2
1704625670 0
1704625674 0
1704625678 0
1704625682 0
1704625686 1
1704625690 4
1704625694 3
1704625698 0
1704625702 0
1704625706 2
1704625710 1
1704625714 1
1704625718 0
1704625722 7
1704625726 0
1704625730 2
1704625734 1
1704625738 1
1704625742 0
1704625746 3
1704625750 1
1704625754 0
1704625758 0
1704625762 3
1704625766 0
1704625770 0
1704625774 2
1704625778 1
1704625782 0
1704625786 7
1704625790 3
1704625794 1
1704625798 0
1704625802 0
1704625806 6
1704625810 0
1704625814 1
1704625818 3
1704625822 0
1704625826 1
1704625830 1
1704625834 1
1704625838 1
1704625842 0
1704625846 1
1704625850 0
1704625854 0
1704625858 4
1704625862 0
1704625866 0
1704625870 0
1704625874 1
1704625878 1
1704625882 3
1704625886 4
1704625890 2
1704625894 1
1704625898 1
1704625902 0
1704625906 1
1704625910 0



# Sketch: 16
1704625314 1
1704625318 1
1704625322 1
1704625326 6
1704625330 3
1704625334 5
1704625338 2
1704625342 3
1704625346 2
1704625350 3
1704625354 0
1704625358 3
1704625362 2
1704625366 1
1704625370 2
1704625374 1
1704625378 1
1704625382 6
1704625386 0
1704625390 1
1704625394 4
1704625398 5
1704625402 1
1704625406 0
1704625410 4
1704625414 0
1704625418 2
1704625422 2
1704625426 0
1704625430 1
1704625434 3
1704625438 3
1704625442 1
1704625446 1
1704625450 2
1704625454 0
1704625458 3
1704625462 0
1704625466 0
1704625470 1
1704625474 1
1704625478 3
1704625482 2
1704625486 1
1704625490 0
1704625494 0
1704625498 0
1704625502 2
1704625506 1
1704625510 0
1704625514 2
1704625518 2
1704625522 3
1704625526 2
1704625530 0
1704625534 2
1704625538 2
1704625542 3
1704625546 2
1704625550 0
1704625554 1
1704625558 14
1704625562 4
1704625566 3
1704625570 0
1704625574 5
1704625578 4
1704625582 3
1704625586 1
1704625590 4
1704625594 1
1704625598 2
1704625602 2
1704625606 1
1704625610 4
1704625614 0
1704625618 1
1704625622 3
1704625626 3
1704625630 1
1704625634 1
1704625638 3
1704625642 2
1704625646 3
1704625650 5
1704625654 1
1704625658 1
1704625662 1
1704625666 3
1704625670 2
1704625674 0
1704625678 0
1704625682 2
1704625686 6
1704625690 2
1704625694 5
1704625698 2
1704625702 2
1704625706 1
1704625710 2
1704625714 0
1704625718 2
1704625722 0
1704625726 1
1704625730 5
1704625734 5
1704625738 5
1704625742 0
1704625746 0
1704625750 2
1704625754 1
1704625758 0
1704625762 2
1704625766 0
1704625770 1
1704625774 5
1704625778 0
1704625782 1
1704625786 0
1704625790 1
1704625794 0
1704625798 5
1704625802 1
1704625806 2
1704625810 1
1704625814 2
1704625818 1
1704625822 2
1704625826 1
1704625830 3
1704625834 2
1704625838 4
1704625842 2
1704625846 2
1704625850 1
1704625854 3
1704625858 6
1704625862 2
1704625866 1
1704625870 4
1704625874 1
1704625878 0
1704625882 2
1704625886 1
1704625890 2
1704625894 0
1704625898 0
1704625902 0
1704625906 0
1704625910 1



# Sketch: 17
1704625314 1
1704625318 1
1704625322 0
1704625326 6
1704625330 2
1704625334 0
1704625338 3
1704625342 11
1704625346 4
1704625350 6
1704625354 4
1704625358 1
1704625362 1
1704625366 0
1704625370 1
1704625374 2
1704625378 2
1704625382 3
1704625386 1
1704625390 4
1704625394 1
1704625398 7
1704625402 1
1704625406 2
1704625410 0
1704625414 7
1704625418 0
1704625422 1
1704625426 1
1704625430 5
1704625434 2
1704625438 1
1704625442 0
1704625446 5
1704625450 2
1704625454 2
1704625458 2
1704625462 3
1704625466 2
1704625470 0
1704625474 1
1704625478 3
1704625482 0
1704625486 5
1704625490 3
1704625494 3
1704625498 4
1704625502 3
1704625506 1
1704625510 1
1704625514 5
1704625518 0
1704625522 2
1704625526 1
1704625530 0
1704625534 3
1704625538 1
1704625542 0
1704625546 1
1704625550 1
1704625554 4
1704625558 3
1704625562 3
1704625566 0
1704625570 0
1704625574 0
1704625578 6
1704625582 0
1704625586 10
1704625590 3
1704625594 4
1704625598 1
1704625602 4
1704625606 1
1704625610 0
1704625614 2
1704625618 2
1704625622 1
1704625626 2
1704625630 1
1704625634 0
1704625638 2
1704625642 2
1704625646 6
1704625650 3
1704625654 5
1704625658 1
1704625662 2
1704625666 1
1704625670 0
1704625674 0
1704625678 3
1704625682 1
1704625686 4
1704625690 1
1704625694 2
1704625698 6
1704625702 1
1704625706 2
1704625710 3
1704625714 3
1704625718 1
1704625722 1
1704625726 6
1704625730 1
1704625734 0
1704625738 2
1704625742 1
1704625746 1
1704625750 1
1704625754 4
1704625758 0
1704625762 0
1704625766 0
1704625770 0
1704625774 1
1704625778 3
1704625782 0
1704625786 1
1704625790 1
1704625794 2
1704625798 1
1704625802 5
1704625806 4
1704625810 3
1704625814 2
1704625818 1
1704625822 2
1704625826 2
1704625830 4
1704625834 1
1704625838 1
1704625842 3
1704625846 3
1704625850 1
1704625854 1
1704625858 3
1704625862 2
1704625866 10
1704625870 3
1704625874 1
1704625878 5
1704625882 3
1704625886 0
1704625890 3
1704625894 2
1704625898 0
1704625902 1
1704625906 0
1704625910 2



# Sketch: 18
1704625314 3
1704625318 2
1704625322 2
1704625326 2
1704625330 6
1704625334 5
1704625338 13
1704625342 3
1704625346 2
1704625350 0
1704625354 1
1704625358 1
1704625362 2
1704625366 1
1704625370 1
1704625374 6
1704625378 2
1704625382 1
1704625386 4
1704625390 0
1704625394 1
1704625398 10
1704625402 1
1704625406 1
1704625410 5
1704625414 4
1704625418 0
1704625422 1
1704625426 3
1704625430 0
1704625434 1
1704625438 2
1704625442 4
1704625446 1
1704625450 1
1704625454 5
1704625458 1
1704625462 3
1704625466 0
1704625470 0
1704625474 1
1704625478 0
1704625482 1
1704625486 0
1704625490 1
1704625494 0
1704625498 2
1704625502 2
1704625506 1
1704625510 0
1704625514 0
1704625518 2
1704625522 6
1704625526 11
1704625530 4
1704625534 3
1704625538 0
1704625542 1
1704625546 1
1704625550 7
1704625554 3
1704625558 2
1704625562 7
1704625566 4
1704625570 2
1704625574 1
1704625578 2
1704625582 0
1704625586 0
1704625590 2
1704625594 0
1704625598 3
1704625602 1
1704625606 0
1704625610 1
1704625614 5
1704625618 2
1704625622 7
1704625626 1
1704625630 2
1704625634 9
1704625638 4
1704625642 5
1704625646 2
1704625650 0
1704625654 1
1704625658 1
1704625662 1
1704625666 1
1704625670 1
1704625674 1
1704625678 0
1704625682 1
1704625686 0
1704625690 3
1704625694 0
1704625698 1
1704625702 3
1704625706 1
1704625710 1
1704625714 1
1704625718 1
1704625722 0
1704625726 3
1704625730 2
1704625734 2
1704625738 2
1704625742 1
1704625746 7
1704625750 6
1704625754 4
1704625758 0
1704625762 0
1704625766 1
1704625770 1
1704625774 2
1704625778 3
1704625782 3
1704625786 0
1704625790 1
1704625794 1
1704625798 0
1704625802 2
1704625806 8
1704625810 0
1704625814 1
1704625818 0
1704625822 5
1704625826 0
1704625830 2
1704625834 0
1704625838 14
1704625842 4
1704625846 1
1704625850 0
1704625854 3
1704625858 2
1704625862 1
1704625866 0
1704625870 0
1704625874 0
1704625878 0
1704625882 0
1704625886 8
1704625890 1
1704625894 0
1704625898 1
1704625902 1
1704625906 2
1704625910 1



# Sketch: 19
1704625314 0
1704625318 1
1704625322 5
1704625326 2
1704625330 1
1704625334 8
1704625338 3
1704625342 3
1704625346 6
1704625350 1
1704625354 1
1704625358 1
1704625362 1
1704625366 0
1704625370 2
1704625374 4
1704625378 2
1704625382 1
1704625386 3
1704625390 0
1704625394 2
1704625398 6
1704625402 2
1704625406 6
1704625410 0
1704625414 1
1704625418 0
1704625422 1
1704625426 2
1704625430 4
1704625434 3
1704625438 1
1704625442 2
1704625446 5
1704625450 4
1704625454 6
1704625458 3
1704625462 2
1704625466 2
1704625470 4
1704625474 7
1704625478 1
1704625482 7
1704625486 2
1704625490 0
1704625494 1
1704625498 0
1704625502 0
1704625506 0
1704625510 3
1704625514 1
1704625518 0
1704625522 3
1704625526 2
1704625530 2
1704625534 1
1704625538 2
1704625542 0
1704625546 4
1704625550 1
1704625554 1
1704625558 1
1704625562 3
1704625566 4
1704625570 3
1704625574 1
1704625578 4
1704625582 2
1704625586 3
1704625590 7
1704625594 7
1704625598 3
1704625602 3
1704625606 0
1704625610 0
1704625614 1
1704625618 11
1704625622 4
1704625626 0
1704625630 6
1704625634 2
1704625638 0
1704625642 8
1704625646 0
1704625650 1
1704625654 3
1704625658 1
1704625662 0
1704625666 2
1704625670 1
1704625674 2
1704625678 2
1704625682 3
1704625686 6
1704625690 4
1704625694 4
1704625698 2
1704625702 1
1704625706 3
1704625710 2
1704625714 0
1704625718 1
1704625722 0
1704625726 1
1704625730 0
1704625734 2
1704625738 1
1704625742 0
1704625746 1
1704625750 0
1704625754 2
1704625758 1
1704625762 0
1704625766 3
1704625770 2
1704625774 2
1704625778 1
1704625782 1
1704625786 1
1704625790 1
1704625794 1
1704625798 4
1704625802 5
1704625806 3
1704625810 1
1704625814 5
1704625818 2
1704625822 4
1704625826 5
1704625830 1
1704625834 4
1704625838 2
1704625842 0
1704625846 3
1704625850 0
1704625854 1
1704625858 6
1704625862 5
1704625866 2
1704625870 2
1704625874 0
1704625878 0
1704625882 1
1704625886 1
1704625890 0
1704625894 0
1704625898 4
1704625902 2
1704625906 1
1704625910 1



# Sketch: 20
1704625314 4
1704625318 3
1704625322 1
1704625326 1
1704625330 4
1704625334 1
1704625338 1
1704625342 2
1704625346 1
1704625350 2
1704625354 0
1704625358 4
1704625362 1
1704625366 10
1704625370 7
1704625374 3
1704625378 0
1704625382 1
1704625386 1
1704625390 3
1704625394 2
1704625398 6
1704625402 2
1704625406 0
1704625410 0
1704625414 2
1704625418 2
1704625422 4
1704625426 2
1704625430 2
1704625434 1
1704625438 1
1704625442 2
1704625446 3
1704625450 1
1704625454 4
1704625458 1
1704625462 7
1704625466 1
1704625470 5
1704625474 8
1704625478 1
1704625482 0
1704625486 1
1704625490 0
1704625494 0
1704625498 0
1704625502 2
1704625506 1
1704625510 0
1704625514 4
1704625518 1
1704625522 0
1704625526 3
1704625530 4
1704625534 1
1704625538 1
1704625542 2
1704625546 2
1704625550 2
1704625554 2
1704625558 1
1704625562 1
1704625566 2
1704625570 1
1704625574 4
1704625578 2
1704625582 2
1704625586 1
1704625590 2
1704625594 5
1704625598 2
1704625602 4
1704625606 3
1704625610 1
1704625614 3
1704625618 0
1704625622 5
1704625626 1
1704625630 0
1704625634 2
1704625638 1
1704625642 4
1704625646 1
1704625650 0
1704625654 1
1704625658 1
1704625662 2
1704625666 1
1704625670 2
1704625674 0
1704625678 1
1704625682 1
1704625686 2
1704625690 5
1704625694 4
1704625698 1
1704625702 2
1704625706 0
1704625710 3
1704625714 1
1704625718 1
1704625722 2
1704625726 2
1704625730 1
1704625734 1
1704625738 4
1704625742 0
1704625746 1
1704625750 0
1704625754 2
1704625758 0
1704625762 2
1704625766 0
1704625770 1
1704625774 0
1704625778 0
1704625782 0
1704625786 2
1704625790 0
1704625794 0
1704625798 0
1704625802 8
1704625806 3
1704625810 8
1704625814 2
1704625818 0
1704625822 1
1704625826 0
1704625830 2
1704625834 0
1704625838 3
1704625842 0
1704625846 0
1704625850 3
1704625854 1
1704625858 7
1704625862 4
1704625866 0
1704625870 4
1704625874 0
1704625878 7
1704625882 7
1704625886 0
1704625890 4
1704625894 0
1704625898 4
1704625902 1
1704625906 0
1704625910 1



# Sketch: 21
1704625314 1
1704625318 1
1704625322 4
1704625326 3
1704625330 8
1704625334 12
1704625338 3
1704625342 5
1704625346 4
1704625350 3
1704625354 4
1704625358 1
1704625362 3
1704625366 4
1704625370 0
1704625374 2
1704625378 2
1704625382 0
1704625386 2
1704625390 6
1704625394 3
1704625398 2
1704625402 1
1704625406 0
1704625410 2
1704625414 2
1704625418 1
1704625422 0
1704625426 0
1704625430 1
1704625434 1
1704625438 3
1704625442 2
1704625446 0
1704625450 0
1704625454 1
1704625458 2
1704625462 11
1704625466 2
1704625470 1
1704625474 0
1704625478 4
1704625482 0
1704625486 1
1704625490 1
1704625494 2
1704625498 1
1704625502 2
1704625506 2
1704625510 2
1704625514 1
1704625518 0
1704625522 8
1704625526 4
1704625530 1
1704625534 4
1704625538 1
1704625542 3
1704625546 3
1704625550 1
1704625554 0
1704625558 4
1704625562 1
1704625566 6
1704625570 2
1704625574 4
1704625578 4
1704625582 2
1704625586 2
1704625590 6
1704625594 10
1704625598 5
1704625602 5
1704625606 3
1704625610 1
1704625614 6
1704625618 0
1704625622 2
1704625626 1
1704625630 3
1704625634 3
1704625638 10
1704625642 2
1704625646 0
1704625650 2
1704625654 3
1704625658 2
1704625662 5
1704625666 1
1704625670 2
1704625674 1
1704625678 3
1704625682 3
1704625686 1
1704625690 1
1704625694 0
1704625698 4
1704625702 1
1704625706 2
1704625710 9
1704625714 3
1704625718 2
1704625722 5
1704625726 4
1704625730 3
1704625734 3
1704625738 11
1704625742 4
1704625746 4
1704625750 2
1704625754 11
1704625758 2
1704625762 1
1704625766 0
1704625770 3
1704625774 1
1704625778 8
1704625782 4
1704625786 1
1704625790 9
1704625794 3
1704625798 7
1704625802 2
1704625806 1
1704625810 1
1704625814 7
1704625818 2
1704625822 4
1704625826 5
1704625830 5
1704625834 1
1704625838 2
1704625842 0
1704625846 1
1704625850 4
1704625854 2
1704625858 4
1704625862 3
1704625866 0
1704625870 2
1704625874 3
1704625878 3
1704625882 0
1704625886 0
1704625890 2
1704625894 1
1704625898 4
1704625902 1
1704625906 4
1704625910 0



# Sketch: 22
1704625314 3
1704625318 1
1704625322 0
1704625326 3
1704625330 0
1704625334 2
1704625338 0
1704625342 8
1704625346 2
1704625350 3
1704625354 1
1704625358 0
1704625362 2
1704625366 1
1704625370 4
1704625374 4
1704625378 0
1704625382 1
1704625386 5
1704625390 5
1704625394 2
1704625398 1
1704625402 2
1704625406 1
1704625410 2
1704625414 1
1704625418 0
1704625422 0
1704625426 0
1704625430 6
1704625434 0
1704625438 2
1704625442 0
1704625446 1
1704625450 2
1704625454 1
1704625458 1
1704625462 1
1704625466 3
1704625470 4
1704625474 3
1704625478 6
1704625482 2
1704625486 0
1704625490 0
1704625494 2
1704625498 0
1704625502 3
1704625506 2
1704625510 0
1704625514 1
1704625518 0
1704625522 0
1704625526 5
1704625530 5
1704625534 1
1704625538 7
1704625542 0
1704625546 2
1704625550 2
1704625554 3
1704625558 4
1704625562 0
1704625566 0
1704625570 2
1704625574 1
1704625578 3
1704625582 2
1704625586 1
1704625590 2
1704625594 0
1704625598 1
1704625602 2
1704625606 0
1704625610 2
1704625614 0
1704625618 0
1704625622 2
1704625626 0
1704625630 2
1704625634 0
1704625638 2
1704625642 1
1704625646 2
1704625650 3
1704625654 2
1704625658 1
1704625662 2
1704625666 3
1704625670 1
1704625674 1
1704625678 0
1704625682 2
1704625686 8
1704625690 0
1704625694 1
1704625698 2
1704625702 1
1704625706 4
1704625710 0
1704625714 3
1704625718 2
1704625722 3
1704625726 2
1704625730 2
1704625734 2
1704625738 2
1704625742 1
1704625746 2
1704625750 1
1704625754 0
1704625758 1
1704625762 0
1704625766 2
1704625770 1
1704625774 1
1704625778 1
1704625782 1
1704625786 1
1704625790 4
1704625794 0
1704625798 5
1704625802 0
1704625806 3
1704625810 1
1704625814 1
1704625818 6
1704625822 0
1704625826 2
1704625830 2
1704625834 2
1704625838 1
1704625842 1
1704625846 14
1704625850 1
1704625854 1
1704625858 5
1704625862 4
1704625866 3
1704625870 3
1704625874 2
1704625878 3
1704625882 1
1704625886 1
1704625890 3
1704625894 0
1704625898 5
1704625902 5
1704625906 1
1704625910 0



# Sketch: 23
1704625314 0
1704625318 1
1704625322 4
1704625326 40
1704625330 1
1704625334 6
1704625338 4
1704625342 2
1704625346 1
1704625350 0
1704625354 1
1704625358 3
1704625362 2
1704625366 2
1704625370 4
1704625374 2
1704625378 3
1704625382 3
1704625386 1
1704625390 3
1704625394 0
1704625398 1
1704625402 0
1704625406 1
1704625410 0
1704625414 3
1704625418 0
1704625422 3
1704625426 0
1704625430 4
1704625434 1
1704625438 1
1704625442 2
1704625446 0
1704625450 1
1704625454 0
1704625458 4
1704625462 7
1704625466 0
1704625470 0
1704625474 3
1704625478 1
1704625482 1
1704625486 0
1704625490 0
1704625494 1
1704625498 1
1704625502 2
1704625506 0
1704625510 1
1704625514 1
1704625518 0
1704625522 2
1704625526 1
1704625530 3
1704625534 4
1704625538 1
1704625542 1
1704625546 0
1704625550 2
1704625554 3
1704625558 9
1704625562 2
1704625566 6
1704625570 2
1704625574 0
1704625578 0
1704625582 1
1704625586 5
1704625590 10
1704625594 0
1704625598 1
1704625602 2
1704625606 0
1704625610 5
1704625614 0
1704625618 0
1704625622 1
1704625626 1
1704625630 0
1704625634 6
1704625638 3
1704625642 0
1704625646 3
1704625650 0
1704625654 4
1704625658 2
1704625662 0
1704625666 1
1704625670 2
1704625674 0
1704625678 0
1704625682 1
1704625686 0
1704625690 1
1704625694 1
1704625698 0
1704625702 0
1704625706 7
1704625710 0
1704625714 0
1704625718 1
1704625722 1
1704625726 3
1704625730 0
1704625734 2
1704625738 2
1704625742 0
1704625746 8
1704625750 4
1704625754 3
1704625758 3
1704625762 2
1704625766 5
1704625770 0
1704625774 1
1704625778 1
1704625782 0
1704625786 1
1704625790 0
1704625794 1
1704625798 1
1704625802 0
1704625806 0
1704625810 5
1704625814 0
1704625818 0
1704625822 2
1704625826 1
1704625830 1
1704625834 0
1704625838 3
1704625842 1
1704625846 3
1704625850 2
1704625854 3
1704625858 1
1704625862 6
1704625866 2
1704625870 1
1704625874 1
1704625878 2
1704625882 3
1704625886 2
1704625890 1
1704625894 1
1704625898 1
1704625902 0
1704625906 1
1704625910 3



# Sketch: 24
1704625314 4
1704625318 0
1704625322 2
1704625326 1
1704625330 0
1704625334 0
1704625338 0
1704625342 3
1704625346 2
1704625350 0
1704625354 0
1704625358 5
1704625362 5
1704625366 0
1704625370 0
1704625374 0
1704625378 1
1704625382 2
1704625386 3
1704625390 2
1704625394 0
1704625398 3
1704625402 1
1704625406 3
1704625410 5
1704625414 0
1704625418 0
1704625422 1
1704625426 0
1704625430 2
1704625434 1
1704625438 1
1704625442 1
1704625446 2
1704625450 0
1704625454 0
1704625458 1
1704625462 0
1704625466 0
1704625470 1
1704625474 0
1704625478 0
1704625482 0
1704625486 1
1704625490 0
1704625494 0
1704625498 0
1704625502 4
1704625506 1
1704625510 0
1704625514 5
1704625518 2
1704625522 4
1704625526 4
1704625530 1
1704625534 0
1704625538 0
1704625542 2
1704625546 0
1704625550 3
1704625554 3
1704625558 0
1704625562 3
1704625566 2
1704625570 6
1704625574 2
1704625578 0
1704625582 4
1704625586 1
1704625590 1
1704625594 7
1704625598 1
1704625602 0
1704625606 2
1704625610 4
1704625614 2
1704625618 1
1704625622 3
1704625626 0
1704625630 1
1704625634 0
1704625638 1
1704625642 2
1704625646 2
1704625650 0
1704625654 4
1704625658 3
1704625662 1
1704625666 1
1704625670 4
1704625674 6
1704625678 5
1704625682 0
1704625686 1
1704625690 0
1704625694 2
1704625698 1
1704625702 0
1704625706 0
1704625710 1
1704625714 0
1704625718 0
1704625722 1
1704625726 1
1704625730 1
1704625734 2
1704625738 5
1704625742 2
1704625746 1
1704625750 1
1704625754 1
1704625758 3
1704625762 0
1704625766 2
1704625770 3
1704625774 0
1704625778 0
1704625782 1
1704625786 2
1704625790 0
1704625794 0
1704625798 8
1704625802 1
1704625806 4
1704625810 1
1704625814 3
1704625818 3
1704625822 3
1704625826 5
1704625830 2
1704625834 3
1704625838 2
1704625842 2
1704625846 5
1704625850 4
1704625854 4
1704625858 2
1704625862 0
1704625866 5
1704625870 2
1704625874 4
1704625878 1
1704625882 2
1704625886 2
1704625890 1
1704625894 2
1704625898 3
1704625902 2
1704625906 0
1704625910 0



# Sketch: 25
1704625314 1
1704625318 1
1704625322 0
1704625326 2
1704625330 3
1704625334 1
1704625338 0
1704625342 1
1704625346 1
1704625350 0
1704625354 1
1704625358 1
1704625362 2
1704625366 2
1704625370 2
1704625374 2
1704625378 0
1704625382 3
1704625386 11
1704625390 2
1704625394 1
1704625398 2
1704625402 3
1704625406 3
1704625410 1
1704625414 9
1704625418 0
1704625422 0
1704625426 0
1704625430 3
1704625434 1
1704625438 5
1704625442 1
1704625446 0
1704625450 1
1704625454 0
1704625458 2
1704625462 4
1704625466 1
1704625470 0
1704625474 6
1704625478 9
1704625482 3
1704625486 9
1704625490 0
1704625494 2
1704625498 1
1704625502 0
1704625506 12
1704625510 1
1704625514 2
1704625518 0
1704625522 4
1704625526 2
1704625530 9
1704625534 4
1704625538 6
1704625542 2
1704625546 0
1704625550 1
1704625554 0
1704625558 3
1704625562 1
1704625566 2
1704625570 0
1704625574 2
1704625578 3
1704625582 7
1704625586 4
1704625590 7
1704625594 5
1704625598 12
1704625602 3
1704625606 1
1704625610 2
1704625614 2
1704625618 4
1704625622 2
1704625626 8
1704625630 1
1704625634 3
1704625638 5
1704625642 1
1704625646 2
1704625650 5
1704625654 6
1704625658 6
1704625662 1
1704625666 3
1704625670 0
1704625674 1
1704625678 4
1704625682 0
1704625686 7
1704625690 2
1704625694 3
1704625698 2
1704625702 3
1704625706 1
1704625710 2
1704625714 1
1704625718 0
1704625722 1
1704625726 1
1704625730 3
1704625734 5
1704625738 1
1704625742 3
1704625746 2
1704625750 5
1704625754 2
1704625758 4
1704625762 1
1704625766 2
1704625770 1
1704625774 3
1704625778 1
1704625782 4
1704625786 0
1704625790 0
1704625794 1
1704625798 4
1704625802 2
1704625806 2
1704625810 0
1704625814 0
1704625818 7
1704625822 2
1704625826 3
1704625830 2
1704625834 2
1704625838 0
1704625842 2
1704625846 1
1704625850 4
1704625854 5
1704625858 6
1704625862 2
1704625866 4
1704625870 4
1704625874 1
1704625878 6
1704625882 4
1704625886 3
1704625890 5
1704625894 2
1704625898 6
1704625902 1
1704625906 2
1704625910 3



# Sketch: 26
1704625314 0
1704625318 0
1704625322 2
1704625326 10
1704625330 2
1704625334 6
1704625338 10
1704625342 1
1704625346 4
1704625350 3
1704625354 1
1704625358 1
1704625362 1
1704625366 2
1704625370 2
1704625374 2
1704625378 1
1704625382 0
1704625386 1
1704625390 1
1704625394 3
1704625398 4
1704625402 1
1704625406 0
1704625410 0
1704625414 9
1704625418 2
1704625422 1
1704625426 2
1704625430 4
1704625434 6
1704625438 4
1704625442 2
1704625446 4
1704625450 10
1704625454 8
1704625458 1
1704625462 3
1704625466 2
1704625470 1
1704625474 2
1704625478 0
1704625482 2
1704625486 1
1704625490 1
1704625494 3
1704625498 2
1704625502 3
1704625506 3
1704625510 2
1704625514 3
1704625518 2
1704625522 2
1704625526 2
1704625530 4
1704625534 1
1704625538 1
1704625542 1
1704625546 4
1704625550 2
1704625554 6
1704625558 5
1704625562 5
1704625566 1
1704625570 0
1704625574 3
1704625578 13
1704625582 0
1704625586 2
1704625590 1
1704625594 4
1704625598 4
1704625602 0
1704625606 2
1704625610 2
1704625614 0
1704625618 0
1704625622 1
1704625626 0
1704625630 0
1704625634 4
1704625638 3
1704625642 5
1704625646 1
1704625650 1
1704625654 2
1704625658 1
1704625662 0
1704625666 1
1704625670 1
1704625674 0
1704625678 2
1704625682 3
1704625686 5
1704625690 2
1704625694 5
1704625698 0
1704625702 1
1704625706 1
1704625710 0
1704625714 1
1704625718 3
1704625722 2
1704625726 1
1704625730 0
1704625734 5
1704625738 4
1704625742 3
1704625746 6
1704625750 0
1704625754 1
1704625758 2
1704625762 1
1704625766 0
1704625770 0
1704625774 1
1704625778 2
1704625782 0
1704625786 3
1704625790 4
1704625794 0
1704625798 4
1704625802 1
1704625806 3
1704625810 0
1704625814 2
1704625818 2
1704625822 3
1704625826 1
1704625830 5
1704625834 0
1704625838 2
1704625842 2
1704625846 1
1704625850 2
1704625854 0
1704625858 2
1704625862 2
1704625866 0
1704625870 2
1704625874 2
1704625878 1
1704625882 0
1704625886 0
1704625890 3
1704625894 20
1704625898 7
1704625902 0
1704625906 0
1704625910 1



# Sketch: 27
1704625314 3
1704625318 4
1704625322 1
1704625326 2
1704625330 0
1704625334 1
1704625338 4
1704625342 4
1704625346 2
1704625350 2
1704625354 3
1704625358 5
1704625362 5
1704625366 2
1704625370 1
1704625374 0
1704625378 4
1704625382 1
1704625386 2
1704625390 1
1704625394 0
1704625398 4
1704625402 2
1704625406 1
1704625410 1
1704625414 2
1704625418 0
1704625422 8
1704625426 4
1704625430 2
1704625434 1
1704625438 5
1704625442 0
1704625446 1
1704625450 0
1704625454 2
1704625458 1
1704625462 1
1704625466 2
1704625470 2
1704625474 5
1704625478 1
1704625482 1
1704625486 2
1704625490 2
1704625494 1
1704625498 2
1704625502 0
1704625506 1
1704625510 1
1704625514 1
1704625518 1
1704625522 2
1704625526 0
1704625530 0
1704625534 5
1704625538 0
1704625542 0
1704625546 1
1704625550 3
1704625554 4
1704625558 2
1704625562 2
1704625566 0
1704625570 6
1704625574 3
1704625578 4
1704625582 4
1704625586 1
1704625590 1
1704625594 4
1704625598 3
1704625602 0
1704625606 3
1704625610 0
1704625614 10
1704625618 0
1704625622 0
1704625626 1
1704625630 1
1704625634 6
1704625638 3
1704625642 0
1704625646 2
1704625650 2
1704625654 1
1704625658 2
1704625662 1
1704625666 2
1704625670 1
1704625674 1
1704625678 2
1704625682 1
1704625686 0
1704625690 3
1704625694 1
1704625698 1
1704625702 4
1704625706 1
1704625710 2
1704625714 5
1704625718 1
1704625722 2
1704625726 0
1704625730 8
1704625734 5
1704625738 1
1704625742 1
1704625746 0
1704625750 0
1704625754 1
1704625758 0
1704625762 6
1704625766 0
1704625770 1
1704625774 0
1704625778 3
1704625782 3
1704625786 0
1704625790 0
1704625794 0
1704625798 1
1704625802 0
1704625806 1
1704625810 0
1704625814 2
1704625818 1
1704625822 0
1704625826 4
1704625830 0
1704625834 2
1704625838 0
1704625842 2
1704625846 0
1704625850 2
1704625854 2
1704625858 4
1704625862 2
1704625866 1
1704625870 1
1704625874 2
1704625878 0
1704625882 1
1704625886 2
1704625890 5
1704625894 2
1704625898 2
1704625902 2
1704625906 1
1704625910 1



# Sketch: 28
1704625314 2
1704625318 1
1704625322 1
1704625326 2
1704625330 4
1704625334 1
1704625338 1
1704625342 5
1704625346 2
1704625350 3
1704625354 0
1704625358 0
1704625362 4
1704625366 2
1704625370 1
1704625374 2
1704625378 2
1704625382 2
1704625386 0
1704625390 0
1704625394 1
1704625398 2
1704625402 0
1704625406 1
1704625410 1
1704625414 9
1704625418 0
1704625422 0
1704625426 4
1704625430 3
1704625434 2
1704625438 2
1704625442 1
1704625446 8
1704625450 1
1704625454 1
1704625458 6
1704625462 3
1704625466 1
1704625470 2
1704625474 1
1704625478 2
1704625482 2
1704625486 0
1704625490 1
1704625494 0
1704625498 0
1704625502 3
1704625506 2
1704625510 12
1704625514 0
1704625518 3
1704625522 2
1704625526 5
1704625530 0
1704625534 3
1704625538 2
1704625542 0
1704625546 1
1704625550 1
1704625554 2
1704625558 0
1704625562 0
1704625566 2
1704625570 2
1704625574 2
1704625578 1
1704625582 5
1704625586 3
1704625590 2
1704625594 1
1704625598 1
1704625602 1
1704625606 0
1704625610 2
1704625614 1
1704625618 4
1704625622 21
1704625626 7
1704625630 5
1704625634 1
1704625638 0
1704625642 2
1704625646 4
1704625650 2
1704625654 1
1704625658 5
1704625662 2
1704625666 3
1704625670 1
1704625674 5
1704625678 2
1704625682 1
1704625686 4
1704625690 4
1704625694 1
1704625698 4
1704625702 2
1704625706 1
1704625710 1
1704625714 0
1704625718 1
1704625722 1
1704625726 1
1704625730 1
1704625734 12
1704625738 5
1704625742 0
1704625746 0
1704625750 1
1704625754 1
1704625758 4
1704625762 1
1704625766 3
1704625770 2
1704625774 1
1704625778 5
1704625782 3
1704625786 1
1704625790 3
1704625794 5
1704625798 8
1704625802 0
1704625806 1
1704625810 1
1704625814 2
1704625818 1
1704625822 0
1704625826 3
1704625830 3
1704625834 0
1704625838 0
1704625842 3
1704625846 1
1704625850 1
1704625854 6
1704625858 1
1704625862 4
1704625866 1
1704625870 1
1704625874 2
1704625878 1
1704625882 4
1704625886 12
1704625890 7
1704625894 1
1704625898 4
1704625902 2
1704625906 2
1704625910 4



# Sketch: 29
1704625314 3
1704625318 4
1704625322 1
1704625326 11
1704625330 1
1704625334 1
1704625338 0
1704625342 1
1704625346 0
1704625350 1
1704625354 0
1704625358 1
1704625362 1
1704625366 1
1704625370 1
1704625374 2
1704625378 1
1704625382 0
1704625386 3
1704625390 1
1704625394 3
1704625398 0
1704625402 2
1704625406 0
1704625410 0
1704625414 1
1704625418 8
1704625422 3
1704625426 7
1704625430 0
1704625434 0
1704625438 1
1704625442 2
1704625446 2
1704625450 1
1704625454 1
1704625458 1
1704625462 0
1704625466 0
1704625470 4
1704625474 2
1704625478 1
1704625482 2
1704625486 0
1704625490 0
1704625494 0
1704625498 1
1704625502 3
1704625506 2
1704625510 3
1704625514 3
1704625518 0
1704625522 0
1704625526 6
1704625530 0
1704625534 1
1704625538 7
1704625542 0
1704625546 0
1704625550 0
1704625554 2
1704625558 0
1704625562 0
1704625566 32
1704625570 5
1704625574 5
1704625578 4
1704625582 0
1704625586 1
1704625590 3
1704625594 2
1704625598 1
1704625602 1
1704625606 2
1704625610 4
1704625614 1
1704625618 0
1704625622 0
1704625626 1
1704625630 0
1704625634 0
1704625638 0
1704625642 2
1704625646 2
1704625650 0
1704625654 2
1704625658 2
1704625662 0
1704625666 4
1704625670 3
1704625674 1
1704625678 0
1704625682 0
1704625686 2
1704625690 4
1704625694 1
1704625698 1
1704625702 1
1704625706 1
1704625710 2
1704625714 1
1704625718 1
1704625722 0
1704625726 4
1704625730 0
1704625734 7
1704625738 1
1704625742 1
1704625746 2
1704625750 3
1704625754 0
1704625758 4
1704625762 3
1704625766 0
1704625770 2
1704625774 5
1704625778 1
1704625782 0
1704625786 1
1704625790 7
1704625794 2
1704625798 2
1704625802 3
1704625806 4
1704625810 1
1704625814 0
1704625818 1
1704625822 4
1704625826 2
1704625830 0
1704625834 0
1704625838 0
1704625842 1
1704625846 0
1704625850 0
1704625854 2
1704625858 3
1704625862 2
1704625866 1
1704625870 4
1704625874 1
1704625878 1
1704625882 3
1704625886 0
1704625890 6
1704625894 5
1704625898 2
1704625902 3
1704625906 2
1704625910 0



# Sketch: 30
1704625314 1
1704625318 0
1704625322 2
1704625326 1
1704625330 3
1704625334 2
1704625338 6
1704625342 3
1704625346 1
1704625350 0
1704625354 0
1704625358 3
1704625362 0
1704625366 0
1704625370 3
1704625374 1
1704625378 0
1704625382 1
1704625386 4
1704625390 0
1704625394 0
1704625398 0
1704625402 2
1704625406 3
1704625410 0
1704625414 8
1704625418 0
1704625422 1
1704625426 2
1704625430 1
1704625434 4
1704625438 4
1704625442 0
1704625446 0
1704625450 2
1704625454 1
1704625458 1
1704625462 0
1704625466 3
1704625470 0
1704625474 0
1704625478 1
1704625482 4
1704625486 1
1704625490 0
1704625494 3
1704625498 1
1704625502 3
1704625506 2
1704625510 1
1704625514 1
1704625518 1
1704625522 2
1704625526 1
1704625530 0
1704625534 2
1704625538 0
1704625542 2
1704625546 1
1704625550 0
1704625554 0
1704625558 3
1704625562 0
1704625566 2
1704625570 1
1704625574 1
1704625578 1
1704625582 0
1704625586 0
1704625590 0
1704625594 0
1704625598 2
1704625602 4
1704625606 6
1704625610 0
1704625614 1
1704625618 3
1704625622 3
1704625626 6
1704625630 6
1704625634 4
1704625638 0
1704625642 0
1704625646 2
1704625650 4
1704625654 1
1704625658 3
1704625662 0
1704625666 4
1704625670 1
1704625674 8
1704625678 1
1704625682 1
1704625686 0
1704625690 2
1704625694 1
1704625698 2
1704625702 1
1704625706 0
1704625710 0
1704625714 0
1704625718 0
1704625722 0
1704625726 0
1704625730 0
1704625734 1
1704625738 1
1704625742 0
1704625746 0
1704625750 6
1704625754 0
1704625758 0
1704625762 2
1704625766 1
1704625770 3
1704625774 4
1704625778 1
1704625782 0
1704625786 1
1704625790 2
1704625794 3
1704625798 4
1704625802 0
1704625806 2
1704625810 1
1704625814 0
1704625818 0
1704625822 0
1704625826 1
1704625830 0
1704625834 0
1704625838 1
1704625842 0
1704625846 2
1704625850 3
1704625854 0
1704625858 0
1704625862 1
1704625866 0
1704625870 0
1704625874 0
1704625878 0
1704625882 1
1704625886 5
1704625890 3
1704625894 2
1704625898 0
1704625902 1
1704625906 2
1704625910 2



# Sketch: 31
1704625314 1
1704625318 1
1704625322 4
1704625326 3
1704625330 3
1704625334 1
1704625338 1
1704625342 3
1704625346 6
1704625350 1
1704625354 0
1704625358 0
1704625362 6
1704625366 3
1704625370 5
1704625374 2
1704625378 1
1704625382 3
1704625386 9
1704625390 1
1704625394 3
1704625398 5
1704625402 1
1704625406 0
1704625410 4
1704625414 4
1704625418 1
1704625422 1
1704625426 3
1704625430 4
1704625434 2
1704625438 6
1704625442 0
1704625446 3
1704625450 5
1704625454 3
1704625458 7
1704625462 2
1704625466 3
1704625470 4
1704625474 1
1704625478 2
1704625482 7
1704625486 1
1704625490 0
1704625494 0
1704625498 1
1704625502 2
1704625506 1
1704625510 3
1704625514 2
1704625518 0
1704625522 0
1704625526 7
1704625530 2
1704625534 0
1704625538 0
1704625542 1
1704625546 3
1704625550 1
1704625554 1
1704625558 1
1704625562 12
1704625566 6
1704625570 3
1704625574 5
1704625578 1
1704625582 3
1704625586 3
1704625590 2
1704625594 12
1704625598 2
1704625602 2
1704625606 4
1704625610 5
1704625614 8
1704625618 2
1704625622 6
1704625626 3
1704625630 4
1704625634 2
1704625638 1
1704625642 2
1704625646 7
1704625650 1
1704625654 5
1704625658 0
1704625662 1
1704625666 2
1704625670 0
1704625674 4
1704625678 6
1704625682 3
1704625686 5
1704625690 3
1704625694 4
1704625698 7
1704625702 3
1704625706 1
1704625710 3
1704625714 3
1704625718 1
1704625722 0
1704625726 3
1704625730 3
1704625734 4
1704625738 0
1704625742 1
1704625746 0
1704625750 6
1704625754 7
1704625758 5
1704625762 0
1704625766 1
1704625770 1
1704625774 2
1704625778 17
1704625782 2
1704625786 3
1704625790 13
1704625794 4
1704625798 3
1704625802 0
1704625806 4
1704625810 2
1704625814 0
1704625818 4
1704625822 3
1704625826 0
1704625830 2
1704625834 6
1704625838 2
1704625842 1
1704625846 3
1704625850 2
1704625854 2
1704625858 4
1704625862 2
1704625866 0
1704625870 2
1704625874 1
1704625878 3
1704625882 1
1704625886 0
1704625890 2
1704625894 1
1704625898 6
1704625902 1
1704625906 1
1704625910 0

