

# Sketch: 0
1704565914 56
1704566042 61
1704566170 72
1704566298 98
1704566426 41



# Sketch: 1
1704565914 72
1704566042 72
1704566170 34
1704566298 121
1704566426 50



# Sketch: 2
1704565914 99
1704566042 72
1704566170 70
1704566298 61
1704566426 49



# Sketch: 3
1704565914 68
1704566042 47
1704566170 49
1704566298 81
1704566426 40



# Sketch: 4
1704565914 64
1704566042 80
1704566170 47
1704566298 70
1704566426 45



# Sketch: 5
1704565914 75
1704566042 33
1704566170 46
1704566298 64
1704566426 39



# Sketch: 6
1704565914 38
1704566042 57
1704566170 35
1704566298 46
1704566426 24



# Sketch: 7
1704565914 69
1704566042 69
1704566170 55
1704566298 54
1704566426 54



# Sketch: 8
1704565914 32
1704566042 66
1704566170 51
1704566298 80
1704566426 49



# Sketch: 9
1704565914 39
1704566042 60
1704566170 46
1704566298 58
1704566426 38



# Sketch: 10
1704565914 55
1704566042 56
1704566170 62
1704566298 61
1704566426 44



# Sketch: 11
1704565914 72
1704566042 68
1704566170 58
1704566298 65
1704566426 48



# Sketch: 12
1704565914 48
1704566042 60
1704566170 50
1704566298 62
1704566426 28



# Sketch: 13
1704565914 54
1704566042 60
1704566170 67
1704566298 63
1704566426 33



# Sketch: 14
1704565914 78
1704566042 97
1704566170 79
1704566298 80
1704566426 60



# Sketch: 15
1704565914 78
1704566042 59
1704566170 54
1704566298 81
1704566426 23



# Sketch: 16
1704565914 54
1704566042 51
1704566170 27
1704566298 61
1704566426 30



# Sketch: 17
1704565914 64
1704566042 93
1704566170 80
1704566298 72
1704566426 54



# Sketch: 18
1704565914 81
1704566042 107
1704566170 89
1704566298 113
1704566426 57



# Sketch: 19
1704565914 99
1704566042 71
1704566170 65
1704566298 103
1704566426 50



# Sketch: 20
1704565914 70
1704566042 60
1704566170 46
1704566298 83
1704566426 60



# Sketch: 21
1704565914 89
1704566042 66
1704566170 84
1704566298 91
1704566426 66



# Sketch: 22
1704565914 51
1704566042 55
1704566170 43
1704566298 34
1704566426 35



# Sketch: 23
1704565914 51
1704566042 55
1704566170 77
1704566298 88
1704566426 45



# Sketch: 24
1704565914 105
1704566042 47
1704566170 44
1704566298 81
1704566426 28



# Sketch: 25
1704565914 98
1704566042 92
1704566170 51
1704566298 80
1704566426 55



# Sketch: 26
1704565914 95
1704566042 41
1704566170 46
1704566298 63
1704566426 59



# Sketch: 27
1704565914 64
1704566042 68
1704566170 69
1704566298 77
1704566426 57



# Sketch: 28
1704565914 23
1704566042 56
1704566170 69
1704566298 64
1704566426 29



# Sketch: 29
1704565914 77
1704566042 64
1704566170 68
1704566298 86
1704566426 41



# Sketch: 30
1704565914 55
1704566042 66
1704566170 69
1704566298 81
1704566426 61



# Sketch: 31
1704565914 48
1704566042 45
1704566170 53
1704566298 84
1704566426 61

