

# Sketch: 0
1704565914 53
1704566042 51
1704566170 64
1704566298 46
1704566426 39



# Sketch: 1
1704565914 80
1704566042 61
1704566170 52
1704566298 65
1704566426 43



# Sketch: 2
1704565914 71
1704566042 80
1704566170 69
1704566298 75
1704566426 64



# Sketch: 3
1704565914 36
1704566042 79
1704566170 46
1704566298 69
1704566426 30



# Sketch: 4
1704565914 75
1704566042 61
1704566170 54
1704566298 85
1704566426 50



# Sketch: 5
1704565914 92
1704566042 74
1704566170 50
1704566298 72
1704566426 53



# Sketch: 6
1704565914 110
1704566042 52
1704566170 53
1704566298 89
1704566426 79



# Sketch: 7
1704565914 79
1704566042 84
1704566170 62
1704566298 114
1704566426 55



# Sketch: 8
1704565914 72
1704566042 60
1704566170 76
1704566298 92
1704566426 44



# Sketch: 9
1704565914 65
1704566042 38
1704566170 40
1704566298 93
1704566426 42



# Sketch: 10
1704565914 50
1704566042 75
1704566170 58
1704566298 91
1704566426 35



# Sketch: 11
1704565914 56
1704566042 76
1704566170 63
1704566298 85
1704566426 30



# Sketch: 12
1704565914 70
1704566042 56
1704566170 60
1704566298 90
1704566426 51



# Sketch: 13
1704565914 78
1704566042 98
1704566170 77
1704566298 119
1704566426 62



# Sketch: 14
1704565914 102
1704566042 97
1704566170 57
1704566298 60
1704566426 48



# Sketch: 15
1704565914 71
1704566042 68
1704566170 66
1704566298 91
1704566426 36



# Sketch: 16
1704565914 70
1704566042 60
1704566170 71
1704566298 59
1704566426 66



# Sketch: 17
1704565914 40
1704566042 74
1704566170 60
1704566298 85
1704566426 42



# Sketch: 18
1704565914 67
1704566042 75
1704566170 59
1704566298 65
1704566426 46



# Sketch: 19
1704565914 83
1704566042 80
1704566170 82
1704566298 51
1704566426 31



# Sketch: 20
1704565914 69
1704566042 82
1704566170 57
1704566298 93
1704566426 38



# Sketch: 21
1704565914 48
1704566042 57
1704566170 51
1704566298 58
1704566426 38



# Sketch: 22
1704565914 68
1704566042 37
1704566170 38
1704566298 50
1704566426 30



# Sketch: 23
1704565914 72
1704566042 77
1704566170 61
1704566298 92
1704566426 56



# Sketch: 24
1704565914 35
1704566042 30
1704566170 49
1704566298 56
1704566426 19



# Sketch: 25
1704565914 58
1704566042 37
1704566170 65
1704566298 81
1704566426 69



# Sketch: 26
1704565914 47
1704566042 55
1704566170 45
1704566298 72
1704566426 38



# Sketch: 27
1704565914 51
1704566042 47
1704566170 71
1704566298 71
1704566426 38



# Sketch: 28
1704565914 81
1704566042 73
1704566170 49
1704566298 69
1704566426 50



# Sketch: 29
1704565914 65
1704566042 41
1704566170 53
1704566298 65
1704566426 40



# Sketch: 30
1704565914 62
1704566042 66
1704566170 43
1704566298 58
1704566426 38



# Sketch: 31
1704565914 45
1704566042 53
1704566170 54
1704566298 45
1704566426 53

