

# Sketch: 0
1704565914 6
1704565946 29
1704565978 14
1704566010 14
1704566042 16
1704566074 9
1704566106 5
1704566138 10
1704566170 10
1704566202 5
1704566234 14
1704566266 16
1704566298 7
1704566330 8
1704566362 12
1704566394 18
1704566426 8
1704566458 9
1704566490 22



# Sketch: 1
1704565914 19
1704565946 26
1704565978 20
1704566010 10
1704566042 17
1704566074 21
1704566106 11
1704566138 8
1704566170 23
1704566202 29
1704566234 8
1704566266 11
1704566298 22
1704566330 21
1704566362 11
1704566394 19
1704566426 22
1704566458 19
1704566490 14



# Sketch: 2
1704565914 15
1704565946 7
1704565978 11
1704566010 13
1704566042 14
1704566074 6
1704566106 17
1704566138 15
1704566170 9
1704566202 11
1704566234 12
1704566266 17
1704566298 14
1704566330 26
1704566362 5
1704566394 16
1704566426 6
1704566458 10
1704566490 7



# Sketch: 3
1704565914 13
1704565946 10
1704565978 16
1704566010 15
1704566042 16
1704566074 5
1704566106 7
1704566138 13
1704566170 7
1704566202 14
1704566234 12
1704566266 13
1704566298 12
1704566330 15
1704566362 12
1704566394 24
1704566426 13
1704566458 22
1704566490 4



# Sketch: 4
1704565914 24
1704565946 16
1704565978 13
1704566010 12
1704566042 26
1704566074 13
1704566106 3
1704566138 17
1704566170 10
1704566202 21
1704566234 14
1704566266 24
1704566298 17
1704566330 56
1704566362 13
1704566394 34
1704566426 17
1704566458 14
1704566490 15



# Sketch: 5
1704565914 18
1704565946 23
1704565978 24
1704566010 16
1704566042 13
1704566074 26
1704566106 14
1704566138 14
1704566170 18
1704566202 30
1704566234 9
1704566266 5
1704566298 15
1704566330 20
1704566362 25
1704566394 19
1704566426 27
1704566458 29
1704566490 4



# Sketch: 6
1704565914 24
1704565946 41
1704565978 11
1704566010 23
1704566042 19
1704566074 5
1704566106 17
1704566138 23
1704566170 16
1704566202 11
1704566234 25
1704566266 15
1704566298 8
1704566330 17
1704566362 14
1704566394 28
1704566426 12
1704566458 17
1704566490 16



# Sketch: 7
1704565914 19
1704565946 35
1704565978 22
1704566010 9
1704566042 23
1704566074 11
1704566106 13
1704566138 15
1704566170 10
1704566202 25
1704566234 11
1704566266 21
1704566298 22
1704566330 15
1704566362 36
1704566394 24
1704566426 8
1704566458 21
1704566490 15



# Sketch: 8
1704565914 21
1704565946 14
1704565978 10
1704566010 10
1704566042 17
1704566074 7
1704566106 21
1704566138 13
1704566170 10
1704566202 15
1704566234 17
1704566266 14
1704566298 6
1704566330 9
1704566362 21
1704566394 17
1704566426 13
1704566458 14
1704566490 13



# Sketch: 9
1704565914 21
1704565946 8
1704565978 12
1704566010 13
1704566042 29
1704566074 28
1704566106 17
1704566138 12
1704566170 13
1704566202 15
1704566234 11
1704566266 16
1704566298 15
1704566330 11
1704566362 19
1704566394 34
1704566426 12
1704566458 14
1704566490 12



# Sketch: 10
1704565914 32
1704565946 12
1704565978 6
1704566010 12
1704566042 9
1704566074 12
1704566106 21
1704566138 18
1704566170 7
1704566202 16
1704566234 11
1704566266 8
1704566298 14
1704566330 15
1704566362 9
1704566394 19
1704566426 6
1704566458 5
1704566490 7



# Sketch: 11
1704565914 27
1704565946 33
1704565978 13
1704566010 22
1704566042 6
1704566074 9
1704566106 17
1704566138 28
1704566170 12
1704566202 10
1704566234 11
1704566266 15
1704566298 8
1704566330 12
1704566362 27
1704566394 9
1704566426 15
1704566458 22
1704566490 9



# Sketch: 12
1704565914 33
1704565946 18
1704565978 18
1704566010 38
1704566042 17
1704566074 33
1704566106 14
1704566138 28
1704566170 31
1704566202 24
1704566234 18
1704566266 39
1704566298 17
1704566330 30
1704566362 32
1704566394 40
1704566426 32
1704566458 18
1704566490 30



# Sketch: 13
1704565914 9
1704565946 21
1704565978 9
1704566010 6
1704566042 17
1704566074 6
1704566106 7
1704566138 13
1704566170 18
1704566202 15
1704566234 3
1704566266 14
1704566298 21
1704566330 16
1704566362 3
1704566394 18
1704566426 15
1704566458 17
1704566490 7



# Sketch: 14
1704565914 16
1704565946 17
1704565978 8
1704566010 4
1704566042 28
1704566074 17
1704566106 9
1704566138 27
1704566170 14
1704566202 21
1704566234 19
1704566266 19
1704566298 49
1704566330 18
1704566362 20
1704566394 24
1704566426 17
1704566458 12
1704566490 10



# Sketch: 15
1704565914 20
1704565946 15
1704565978 7
1704566010 11
1704566042 10
1704566074 13
1704566106 6
1704566138 16
1704566170 11
1704566202 14
1704566234 19
1704566266 8
1704566298 13
1704566330 18
1704566362 24
1704566394 23
1704566426 17
1704566458 9
1704566490 14



# Sketch: 16
1704565914 23
1704565946 15
1704565978 9
1704566010 7
1704566042 21
1704566074 25
1704566106 28
1704566138 16
1704566170 12
1704566202 10
1704566234 15
1704566266 19
1704566298 24
1704566330 12
1704566362 44
1704566394 24
1704566426 14
1704566458 10
1704566490 23



# Sketch: 17
1704565914 24
1704565946 15
1704565978 25
1704566010 20
1704566042 21
1704566074 11
1704566106 18
1704566138 20
1704566170 15
1704566202 14
1704566234 10
1704566266 19
1704566298 13
1704566330 15
1704566362 18
1704566394 25
1704566426 20
1704566458 14
1704566490 15



# Sketch: 18
1704565914 18
1704565946 13
1704565978 7
1704566010 2
1704566042 10
1704566074 5
1704566106 12
1704566138 22
1704566170 7
1704566202 7
1704566234 8
1704566266 4
1704566298 17
1704566330 22
1704566362 12
1704566394 14
1704566426 13
1704566458 19
1704566490 5



# Sketch: 19
1704565914 15
1704565946 18
1704565978 18
1704566010 16
1704566042 39
1704566074 22
1704566106 11
1704566138 19
1704566170 17
1704566202 15
1704566234 22
1704566266 7
1704566298 9
1704566330 22
1704566362 19
1704566394 22
1704566426 17
1704566458 20
1704566490 17



# Sketch: 20
1704565914 22
1704565946 35
1704565978 27
1704566010 16
1704566042 27
1704566074 30
1704566106 13
1704566138 13
1704566170 17
1704566202 19
1704566234 12
1704566266 21
1704566298 21
1704566330 32
1704566362 25
1704566394 31
1704566426 40
1704566458 18
1704566490 10



# Sketch: 21
1704565914 20
1704565946 20
1704565978 12
1704566010 17
1704566042 25
1704566074 22
1704566106 20
1704566138 35
1704566170 10
1704566202 10
1704566234 19
1704566266 19
1704566298 22
1704566330 18
1704566362 11
1704566394 27
1704566426 22
1704566458 26
1704566490 22



# Sketch: 22
1704565914 11
1704565946 2
1704565978 15
1704566010 24
1704566042 28
1704566074 24
1704566106 8
1704566138 12
1704566170 8
1704566202 13
1704566234 14
1704566266 10
1704566298 14
1704566330 11
1704566362 16
1704566394 34
1704566426 26
1704566458 20
1704566490 16



# Sketch: 23
1704565914 15
1704565946 10
1704565978 4
1704566010 20
1704566042 23
1704566074 17
1704566106 8
1704566138 24
1704566170 16
1704566202 12
1704566234 9
1704566266 13
1704566298 14
1704566330 14
1704566362 27
1704566394 16
1704566426 13
1704566458 20
1704566490 3



# Sketch: 24
1704565914 8
1704565946 12
1704565978 15
1704566010 21
1704566042 10
1704566074 16
1704566106 9
1704566138 7
1704566170 22
1704566202 5
1704566234 11
1704566266 16
1704566298 6
1704566330 8
1704566362 24
1704566394 24
1704566426 13
1704566458 15
1704566490 7



# Sketch: 25
1704565914 15
1704565946 20
1704565978 20
1704566010 12
1704566042 16
1704566074 20
1704566106 10
1704566138 31
1704566170 12
1704566202 8
1704566234 13
1704566266 14
1704566298 17
1704566330 11
1704566362 13
1704566394 51
1704566426 24
1704566458 11
1704566490 11



# Sketch: 26
1704565914 11
1704565946 22
1704565978 20
1704566010 12
1704566042 8
1704566074 15
1704566106 7
1704566138 17
1704566170 20
1704566202 18
1704566234 12
1704566266 10
1704566298 7
1704566330 18
1704566362 18
1704566394 25
1704566426 22
1704566458 7
1704566490 9



# Sketch: 27
1704565914 18
1704565946 14
1704565978 18
1704566010 7
1704566042 10
1704566074 10
1704566106 7
1704566138 26
1704566170 4
1704566202 23
1704566234 13
1704566266 15
1704566298 12
1704566330 12
1704566362 9
1704566394 26
1704566426 13
1704566458 18
1704566490 8



# Sketch: 28
1704565914 32
1704565946 24
1704565978 21
1704566010 13
1704566042 17
1704566074 8
1704566106 24
1704566138 20
1704566170 20
1704566202 13
1704566234 9
1704566266 19
1704566298 11
1704566330 14
1704566362 11
1704566394 17
1704566426 15
1704566458 15
1704566490 10



# Sketch: 29
1704565914 18
1704565946 17
1704565978 8
1704566010 20
1704566042 9
1704566074 9
1704566106 16
1704566138 18
1704566170 39
1704566202 10
1704566234 28
1704566266 13
1704566298 15
1704566330 15
1704566362 17
1704566394 21
1704566426 14
1704566458 21
1704566490 27



# Sketch: 30
1704565914 21
1704565946 11
1704565978 12
1704566010 20
1704566042 22
1704566074 10
1704566106 11
1704566138 26
1704566170 16
1704566202 5
1704566234 10
1704566266 25
1704566298 11
1704566330 13
1704566362 11
1704566394 27
1704566426 17
1704566458 7
1704566490 8



# Sketch: 31
1704565914 15
1704565946 7
1704565978 28
1704566010 10
1704566042 12
1704566074 21
1704566106 9
1704566138 7
1704566170 8
1704566202 11
1704566234 11
1704566266 15
1704566298 12
1704566330 10
1704566362 21
1704566394 38
1704566426 16
1704566458 17
1704566490 14

