

# Sketch: 0
1704565914 1
1704565918 2
1704565922 0
1704565926 3
1704565930 1
1704565934 2
1704565938 4
1704565942 3
1704565946 3
1704565950 5
1704565954 3
1704565958 0
1704565962 1
1704565966 1
1704565970 2
1704565974 0
1704565978 1
1704565982 3
1704565986 3
1704565990 1
1704565994 1
1704565998 0
1704566002 2
1704566006 3
1704566010 1
1704566014 3
1704566018 2
1704566022 1
1704566026 3
1704566030 3
1704566034 3
1704566038 1
1704566042 1
1704566046 4
1704566050 7
1704566054 1
1704566058 2
1704566062 0
1704566066 1
1704566070 3
1704566074 1
1704566078 0
1704566082 0
1704566086 0
1704566090 1
1704566094 0
1704566098 3
1704566102 3
1704566106 3
1704566110 0
1704566114 0
1704566118 6
1704566122 3
1704566126 1
1704566130 0
1704566134 0
1704566138 2
1704566142 2
1704566146 5
1704566150 0
1704566154 1
1704566158 0
1704566162 3
1704566166 1
1704566170 0
1704566174 1
1704566178 0
1704566182 0
1704566186 0
1704566190 1
1704566194 0
1704566198 3
1704566202 1
1704566206 4
1704566210 3
1704566214 2
1704566218 1
1704566222 0
1704566226 1
1704566230 1
1704566234 0
1704566238 3
1704566242 0
1704566246 0
1704566250 2
1704566254 4
1704566258 0
1704566262 1
1704566266 1
1704566270 2
1704566274 1
1704566278 5
1704566282 1
1704566286 4
1704566290 1
1704566294 1
1704566298 2
1704566302 0
1704566306 0
1704566310 1
1704566314 1
1704566318 0
1704566322 1
1704566326 4
1704566330 1
1704566334 1
1704566338 1
1704566342 0
1704566346 2
1704566350 1
1704566354 1
1704566358 3
1704566362 9
1704566366 2
1704566370 3
1704566374 1
1704566378 11
1704566382 2
1704566386 3
1704566390 2
1704566394 4
1704566398 1
1704566402 8
1704566406 2
1704566410 0
1704566414 11
1704566418 0
1704566422 1
1704566426 1
1704566430 2
1704566434 2
1704566438 0
1704566442 0
1704566446 1
1704566450 0
1704566454 1
1704566458 1
1704566462 0
1704566466 1
1704566470 3
1704566474 1
1704566478 2
1704566482 3
1704566486 1
1704566490 2
1704566494 3
1704566498 2
1704566502 0
1704566506 1
1704566510 2



# Sketch: 1
1704565914 0
1704565918 0
1704565922 1
1704565926 1
1704565930 0
1704565934 3
1704565938 2
1704565942 2
1704565946 0
1704565950 1
1704565954 4
1704565958 1
1704565962 2
1704565966 4
1704565970 0
1704565974 1
1704565978 0
1704565982 6
1704565986 2
1704565990 3
1704565994 1
1704565998 0
1704566002 2
1704566006 4
1704566010 1
1704566014 0
1704566018 1
1704566022 1
1704566026 2
1704566030 1
1704566034 5
1704566038 0
1704566042 4
1704566046 1
1704566050 0
1704566054 1
1704566058 0
1704566062 0
1704566066 0
1704566070 1
1704566074 1
1704566078 0
1704566082 2
1704566086 1
1704566090 3
1704566094 0
1704566098 1
1704566102 4
1704566106 3
1704566110 2
1704566114 3
1704566118 2
1704566122 0
1704566126 0
1704566130 1
1704566134 0
1704566138 2
1704566142 0
1704566146 1
1704566150 11
1704566154 0
1704566158 0
1704566162 2
1704566166 6
1704566170 0
1704566174 3
1704566178 1
1704566182 0
1704566186 1
1704566190 0
1704566194 1
1704566198 7
1704566202 1
1704566206 4
1704566210 2
1704566214 0
1704566218 0
1704566222 2
1704566226 2
1704566230 0
1704566234 0
1704566238 1
1704566242 0
1704566246 1
1704566250 0
1704566254 1
1704566258 0
1704566262 7
1704566266 1
1704566270 4
1704566274 1
1704566278 6
1704566282 0
1704566286 1
1704566290 1
1704566294 4
1704566298 5
1704566302 1
1704566306 1
1704566310 2
1704566314 3
1704566318 0
1704566322 3
1704566326 4
1704566330 6
1704566334 0
1704566338 0
1704566342 0
1704566346 0
1704566350 2
1704566354 0
1704566358 1
1704566362 4
1704566366 4
1704566370 1
1704566374 2
1704566378 1
1704566382 1
1704566386 1
1704566390 8
1704566394 4
1704566398 0
1704566402 4
1704566406 3
1704566410 0
1704566414 0
1704566418 4
1704566422 9
1704566426 0
1704566430 4
1704566434 4
1704566438 1
1704566442 2
1704566446 0
1704566450 7
1704566454 1
1704566458 1
1704566462 0
1704566466 0
1704566470 0
1704566474 2
1704566478 3
1704566482 4
1704566486 1
1704566490 3
1704566494 5
1704566498 0
1704566502 1
1704566506 8
1704566510 0



# Sketch: 2
1704565914 2
1704565918 1
1704565922 0
1704565926 1
1704565930 0
1704565934 2
1704565938 0
1704565942 2
1704565946 3
1704565950 2
1704565954 1
1704565958 1
1704565962 1
1704565966 0
1704565970 1
1704565974 9
1704565978 1
1704565982 1
1704565986 9
1704565990 6
1704565994 8
1704565998 0
1704566002 1
1704566006 4
1704566010 4
1704566014 3
1704566018 0
1704566022 5
1704566026 3
1704566030 5
1704566034 3
1704566038 0
1704566042 1
1704566046 6
1704566050 5
1704566054 1
1704566058 9
1704566062 1
1704566066 3
1704566070 0
1704566074 0
1704566078 1
1704566082 2
1704566086 1
1704566090 1
1704566094 1
1704566098 4
1704566102 2
1704566106 0
1704566110 1
1704566114 0
1704566118 2
1704566122 2
1704566126 3
1704566130 5
1704566134 0
1704566138 1
1704566142 1
1704566146 8
1704566150 0
1704566154 3
1704566158 0
1704566162 1
1704566166 2
1704566170 1
1704566174 1
1704566178 1
1704566182 4
1704566186 0
1704566190 3
1704566194 0
1704566198 1
1704566202 1
1704566206 0
1704566210 0
1704566214 0
1704566218 0
1704566222 1
1704566226 2
1704566230 2
1704566234 5
1704566238 1
1704566242 4
1704566246 2
1704566250 0
1704566254 6
1704566258 1
1704566262 2
1704566266 0
1704566270 1
1704566274 4
1704566278 0
1704566282 2
1704566286 3
1704566290 3
1704566294 2
1704566298 0
1704566302 1
1704566306 1
1704566310 1
1704566314 0
1704566318 2
1704566322 4
1704566326 5
1704566330 2
1704566334 1
1704566338 4
1704566342 1
1704566346 1
1704566350 2
1704566354 3
1704566358 5
1704566362 6
1704566366 1
1704566370 1
1704566374 2
1704566378 7
1704566382 4
1704566386 2
1704566390 1
1704566394 14
1704566398 1
1704566402 2
1704566406 2
1704566410 7
1704566414 8
1704566418 4
1704566422 6
1704566426 4
1704566430 1
1704566434 2
1704566438 11
1704566442 0
1704566446 3
1704566450 2
1704566454 1
1704566458 0
1704566462 2
1704566466 2
1704566470 2
1704566474 5
1704566478 0
1704566482 1
1704566486 0
1704566490 2
1704566494 0
1704566498 1
1704566502 3
1704566506 0
1704566510 0



# Sketch: 3
1704565914 1
1704565918 1
1704565922 6
1704565926 1
1704565930 4
1704565934 4
1704565938 4
1704565942 4
1704565946 10
1704565950 4
1704565954 2
1704565958 4
1704565962 4
1704565966 3
1704565970 0
1704565974 0
1704565978 1
1704565982 1
1704565986 1
1704565990 2
1704565994 2
1704565998 1
1704566002 0
1704566006 1
1704566010 0
1704566014 0
1704566018 0
1704566022 1
1704566026 2
1704566030 0
1704566034 0
1704566038 1
1704566042 7
1704566046 1
1704566050 3
1704566054 5
1704566058 1
1704566062 0
1704566066 2
1704566070 1
1704566074 1
1704566078 0
1704566082 1
1704566086 2
1704566090 1
1704566094 1
1704566098 0
1704566102 2
1704566106 0
1704566110 1
1704566114 4
1704566118 2
1704566122 1
1704566126 1
1704566130 2
1704566134 3
1704566138 9
1704566142 4
1704566146 5
1704566150 2
1704566154 2
1704566158 2
1704566162 2
1704566166 0
1704566170 2
1704566174 2
1704566178 2
1704566182 1
1704566186 0
1704566190 1
1704566194 1
1704566198 0
1704566202 0
1704566206 0
1704566210 2
1704566214 1
1704566218 1
1704566222 0
1704566226 3
1704566230 1
1704566234 0
1704566238 0
1704566242 5
1704566246 1
1704566250 2
1704566254 0
1704566258 1
1704566262 0
1704566266 0
1704566270 0
1704566274 2
1704566278 2
1704566282 2
1704566286 1
1704566290 4
1704566294 2
1704566298 3
1704566302 4
1704566306 0
1704566310 0
1704566314 0
1704566318 1
1704566322 0
1704566326 0
1704566330 1
1704566334 1
1704566338 0
1704566342 0
1704566346 2
1704566350 0
1704566354 5
1704566358 0
1704566362 0
1704566366 1
1704566370 0
1704566374 2
1704566378 2
1704566382 1
1704566386 3
1704566390 0
1704566394 5
1704566398 0
1704566402 6
1704566406 2
1704566410 1
1704566414 4
1704566418 1
1704566422 5
1704566426 1
1704566430 3
1704566434 6
1704566438 6
1704566442 3
1704566446 2
1704566450 2
1704566454 1
1704566458 1
1704566462 2
1704566466 1
1704566470 0
1704566474 0
1704566478 5
1704566482 0
1704566486 1
1704566490 2
1704566494 2
1704566498 1
1704566502 2
1704566506 0
1704566510 4



# Sketch: 4
1704565914 2
1704565918 0
1704565922 0
1704565926 0
1704565930 5
1704565934 7
1704565938 4
1704565942 5
1704565946 3
1704565950 2
1704565954 2
1704565958 5
1704565962 2
1704565966 0
1704565970 6
1704565974 3
1704565978 3
1704565982 0
1704565986 0
1704565990 1
1704565994 2
1704565998 3
1704566002 4
1704566006 4
1704566010 4
1704566014 1
1704566018 2
1704566022 1
1704566026 4
1704566030 1
1704566034 6
1704566038 2
1704566042 12
1704566046 4
1704566050 3
1704566054 4
1704566058 1
1704566062 1
1704566066 5
1704566070 1
1704566074 3
1704566078 3
1704566082 1
1704566086 1
1704566090 7
1704566094 0
1704566098 4
1704566102 7
1704566106 1
1704566110 0
1704566114 1
1704566118 5
1704566122 3
1704566126 5
1704566130 8
1704566134 1
1704566138 2
1704566142 0
1704566146 1
1704566150 0
1704566154 1
1704566158 2
1704566162 1
1704566166 0
1704566170 0
1704566174 3
1704566178 1
1704566182 1
1704566186 5
1704566190 3
1704566194 1
1704566198 4
1704566202 2
1704566206 0
1704566210 9
1704566214 5
1704566218 6
1704566222 2
1704566226 1
1704566230 2
1704566234 0
1704566238 1
1704566242 1
1704566246 6
1704566250 1
1704566254 0
1704566258 0
1704566262 3
1704566266 7
1704566270 0
1704566274 2
1704566278 3
1704566282 2
1704566286 2
1704566290 3
1704566294 4
1704566298 1
1704566302 3
1704566306 3
1704566310 3
1704566314 5
1704566318 3
1704566322 2
1704566326 0
1704566330 7
1704566334 2
1704566338 0
1704566342 0
1704566346 2
1704566350 0
1704566354 3
1704566358 4
1704566362 5
1704566366 7
1704566370 1
1704566374 3
1704566378 3
1704566382 2
1704566386 6
1704566390 2
1704566394 9
1704566398 2
1704566402 2
1704566406 1
1704566410 0
1704566414 6
1704566418 5
1704566422 3
1704566426 2
1704566430 3
1704566434 2
1704566438 5
1704566442 3
1704566446 7
1704566450 7
1704566454 2
1704566458 1
1704566462 1
1704566466 2
1704566470 0
1704566474 3
1704566478 1
1704566482 1
1704566486 4
1704566490 6
1704566494 0
1704566498 0
1704566502 1
1704566506 6
1704566510 3



# Sketch: 5
1704565914 3
1704565918 1
1704565922 1
1704565926 2
1704565930 2
1704565934 4
1704565938 2
1704565942 2
1704565946 1
1704565950 0
1704565954 1
1704565958 3
1704565962 1
1704565966 0
1704565970 0
1704565974 11
1704565978 3
1704565982 2
1704565986 1
1704565990 1
1704565994 1
1704565998 2
1704566002 0
1704566006 1
1704566010 0
1704566014 2
1704566018 1
1704566022 1
1704566026 1
1704566030 1
1704566034 1
1704566038 0
1704566042 1
1704566046 5
1704566050 0
1704566054 0
1704566058 7
1704566062 2
1704566066 2
1704566070 4
1704566074 0
1704566078 1
1704566082 0
1704566086 0
1704566090 1
1704566094 3
1704566098 5
1704566102 1
1704566106 3
1704566110 2
1704566114 3
1704566118 2
1704566122 0
1704566126 1
1704566130 2
1704566134 1
1704566138 2
1704566142 2
1704566146 15
1704566150 0
1704566154 1
1704566158 5
1704566162 1
1704566166 3
1704566170 0
1704566174 2
1704566178 1
1704566182 1
1704566186 0
1704566190 2
1704566194 4
1704566198 0
1704566202 3
1704566206 1
1704566210 0
1704566214 1
1704566218 2
1704566222 0
1704566226 0
1704566230 1
1704566234 3
1704566238 2
1704566242 2
1704566246 1
1704566250 0
1704566254 1
1704566258 0
1704566262 2
1704566266 0
1704566270 0
1704566274 0
1704566278 5
1704566282 0
1704566286 0
1704566290 1
1704566294 1
1704566298 3
1704566302 4
1704566306 5
1704566310 1
1704566314 1
1704566318 0
1704566322 0
1704566326 0
1704566330 6
1704566334 1
1704566338 0
1704566342 13
1704566346 2
1704566350 1
1704566354 2
1704566358 3
1704566362 1
1704566366 1
1704566370 4
1704566374 1
1704566378 2
1704566382 0
1704566386 0
1704566390 2
1704566394 2
1704566398 0
1704566402 5
1704566406 1
1704566410 2
1704566414 1
1704566418 4
1704566422 0
1704566426 2
1704566430 3
1704566434 1
1704566438 1
1704566442 2
1704566446 4
1704566450 1
1704566454 1
1704566458 0
1704566462 1
1704566466 0
1704566470 6
1704566474 3
1704566478 2
1704566482 1
1704566486 3
1704566490 11
1704566494 0
1704566498 0
1704566502 1
1704566506 3
1704566510 0



# Sketch: 6
1704565914 0
1704565918 1
1704565922 3
1704565926 1
1704565930 1
1704565934 1
1704565938 1
1704565942 1
1704565946 12
1704565950 5
1704565954 0
1704565958 2
1704565962 2
1704565966 0
1704565970 2
1704565974 1
1704565978 0
1704565982 4
1704565986 1
1704565990 1
1704565994 1
1704565998 0
1704566002 2
1704566006 1
1704566010 1
1704566014 1
1704566018 1
1704566022 0
1704566026 1
1704566030 1
1704566034 0
1704566038 3
1704566042 1
1704566046 1
1704566050 2
1704566054 4
1704566058 1
1704566062 2
1704566066 0
1704566070 0
1704566074 1
1704566078 5
1704566082 7
1704566086 3
1704566090 1
1704566094 3
1704566098 0
1704566102 4
1704566106 3
1704566110 2
1704566114 0
1704566118 0
1704566122 1
1704566126 2
1704566130 0
1704566134 9
1704566138 1
1704566142 0
1704566146 0
1704566150 0
1704566154 0
1704566158 2
1704566162 1
1704566166 2
1704566170 1
1704566174 0
1704566178 0
1704566182 1
1704566186 0
1704566190 0
1704566194 1
1704566198 4
1704566202 5
1704566206 0
1704566210 3
1704566214 1
1704566218 0
1704566222 0
1704566226 4
1704566230 0
1704566234 3
1704566238 1
1704566242 4
1704566246 1
1704566250 0
1704566254 3
1704566258 1
1704566262 0
1704566266 1
1704566270 1
1704566274 0
1704566278 1
1704566282 0
1704566286 1
1704566290 4
1704566294 0
1704566298 1
1704566302 1
1704566306 1
1704566310 2
1704566314 1
1704566318 0
1704566322 3
1704566326 2
1704566330 2
1704566334 1
1704566338 0
1704566342 5
1704566346 2
1704566350 2
1704566354 0
1704566358 1
1704566362 1
1704566366 1
1704566370 2
1704566374 3
1704566378 2
1704566382 0
1704566386 2
1704566390 3
1704566394 4
1704566398 4
1704566402 5
1704566406 2
1704566410 4
1704566414 2
1704566418 0
1704566422 5
1704566426 2
1704566430 2
1704566434 3
1704566438 1
1704566442 0
1704566446 0
1704566450 3
1704566454 1
1704566458 1
1704566462 0
1704566466 0
1704566470 10
1704566474 0
1704566478 10
1704566482 1
1704566486 3
1704566490 0
1704566494 0
1704566498 5
1704566502 0
1704566506 1
1704566510 0



# Sketch: 7
1704565914 1
1704565918 1
1704565922 3
1704565926 0
1704565930 3
1704565934 1
1704565938 1
1704565942 3
1704565946 2
1704565950 1
1704565954 1
1704565958 12
1704565962 1
1704565966 0
1704565970 5
1704565974 2
1704565978 1
1704565982 0
1704565986 1
1704565990 2
1704565994 1
1704565998 5
1704566002 0
1704566006 1
1704566010 1
1704566014 3
1704566018 1
1704566022 0
1704566026 2
1704566030 0
1704566034 0
1704566038 24
1704566042 0
1704566046 2
1704566050 1
1704566054 0
1704566058 1
1704566062 2
1704566066 0
1704566070 3
1704566074 3
1704566078 2
1704566082 0
1704566086 1
1704566090 3
1704566094 4
1704566098 19
1704566102 1
1704566106 1
1704566110 0
1704566114 2
1704566118 1
1704566122 1
1704566126 1
1704566130 5
1704566134 6
1704566138 9
1704566142 0
1704566146 0
1704566150 2
1704566154 1
1704566158 3
1704566162 2
1704566166 3
1704566170 5
1704566174 0
1704566178 1
1704566182 4
1704566186 0
1704566190 1
1704566194 2
1704566198 12
1704566202 4
1704566206 7
1704566210 4
1704566214 1
1704566218 10
1704566222 1
1704566226 0
1704566230 1
1704566234 2
1704566238 5
1704566242 4
1704566246 0
1704566250 1
1704566254 1
1704566258 0
1704566262 1
1704566266 1
1704566270 5
1704566274 0
1704566278 22
1704566282 1
1704566286 3
1704566290 4
1704566294 2
1704566298 3
1704566302 5
1704566306 1
1704566310 0
1704566314 1
1704566318 2
1704566322 0
1704566326 0
1704566330 1
1704566334 5
1704566338 1
1704566342 0
1704566346 1
1704566350 1
1704566354 1
1704566358 0
1704566362 2
1704566366 1
1704566370 3
1704566374 5
1704566378 1
1704566382 6
1704566386 2
1704566390 1
1704566394 3
1704566398 1
1704566402 3
1704566406 2
1704566410 1
1704566414 0
1704566418 2
1704566422 1
1704566426 3
1704566430 2
1704566434 1
1704566438 1
1704566442 1
1704566446 1
1704566450 1
1704566454 0
1704566458 1
1704566462 0
1704566466 0
1704566470 0
1704566474 1
1704566478 7
1704566482 0
1704566486 1
1704566490 2
1704566494 2
1704566498 1
1704566502 0
1704566506 3
1704566510 16



# Sketch: 8
1704565914 1
1704565918 1
1704565922 3
1704565926 1
1704565930 5
1704565934 8
1704565938 0
1704565942 3
1704565946 5
1704565950 4
1704565954 1
1704565958 1
1704565962 1
1704565966 1
1704565970 0
1704565974 2
1704565978 0
1704565982 2
1704565986 0
1704565990 0
1704565994 0
1704565998 0
1704566002 8
1704566006 3
1704566010 2
1704566014 1
1704566018 1
1704566022 1
1704566026 2
1704566030 1
1704566034 5
1704566038 4
1704566042 1
1704566046 1
1704566050 1
1704566054 1
1704566058 6
1704566062 1
1704566066 2
1704566070 2
1704566074 4
1704566078 3
1704566082 1
1704566086 2
1704566090 1
1704566094 1
1704566098 1
1704566102 1
1704566106 10
1704566110 0
1704566114 2
1704566118 0
1704566122 4
1704566126 0
1704566130 1
1704566134 4
1704566138 0
1704566142 5
1704566146 3
1704566150 1
1704566154 3
1704566158 0
1704566162 4
1704566166 0
1704566170 4
1704566174 1
1704566178 2
1704566182 0
1704566186 1
1704566190 1
1704566194 0
1704566198 0
1704566202 0
1704566206 1
1704566210 1
1704566214 0
1704566218 1
1704566222 3
1704566226 0
1704566230 2
1704566234 1
1704566238 2
1704566242 4
1704566246 3
1704566250 2
1704566254 3
1704566258 2
1704566262 0
1704566266 1
1704566270 1
1704566274 0
1704566278 0
1704566282 1
1704566286 0
1704566290 5
1704566294 2
1704566298 0
1704566302 1
1704566306 3
1704566310 5
1704566314 4
1704566318 2
1704566322 2
1704566326 1
1704566330 0
1704566334 3
1704566338 3
1704566342 1
1704566346 7
1704566350 3
1704566354 1
1704566358 0
1704566362 9
1704566366 3
1704566370 1
1704566374 3
1704566378 3
1704566382 3
1704566386 2
1704566390 0
1704566394 5
1704566398 5
1704566402 2
1704566406 3
1704566410 1
1704566414 0
1704566418 0
1704566422 3
1704566426 0
1704566430 6
1704566434 0
1704566438 1
1704566442 0
1704566446 0
1704566450 3
1704566454 1
1704566458 0
1704566462 2
1704566466 1
1704566470 7
1704566474 1
1704566478 0
1704566482 2
1704566486 3
1704566490 1
1704566494 0
1704566498 0
1704566502 1
1704566506 0
1704566510 0



# Sketch: 9
1704565914 5
1704565918 1
1704565922 3
1704565926 1
1704565930 0
1704565934 1
1704565938 2
1704565942 0
1704565946 1
1704565950 1
1704565954 24
1704565958 2
1704565962 2
1704565966 7
1704565970 3
1704565974 1
1704565978 2
1704565982 1
1704565986 0
1704565990 2
1704565994 1
1704565998 1
1704566002 1
1704566006 1
1704566010 5
1704566014 1
1704566018 1
1704566022 0
1704566026 2
1704566030 3
1704566034 0
1704566038 0
1704566042 4
1704566046 3
1704566050 0
1704566054 0
1704566058 1
1704566062 0
1704566066 1
1704566070 0
1704566074 3
1704566078 1
1704566082 1
1704566086 12
1704566090 3
1704566094 1
1704566098 2
1704566102 4
1704566106 3
1704566110 0
1704566114 3
1704566118 1
1704566122 0
1704566126 2
1704566130 1
1704566134 1
1704566138 2
1704566142 1
1704566146 0
1704566150 3
1704566154 8
1704566158 0
1704566162 2
1704566166 2
1704566170 1
1704566174 0
1704566178 1
1704566182 1
1704566186 6
1704566190 2
1704566194 3
1704566198 0
1704566202 0
1704566206 1
1704566210 0
1704566214 1
1704566218 5
1704566222 0
1704566226 0
1704566230 0
1704566234 2
1704566238 0
1704566242 3
1704566246 1
1704566250 1
1704566254 0
1704566258 7
1704566262 0
1704566266 2
1704566270 3
1704566274 2
1704566278 1
1704566282 1
1704566286 0
1704566290 1
1704566294 1
1704566298 1
1704566302 2
1704566306 0
1704566310 3
1704566314 1
1704566318 10
1704566322 1
1704566326 30
1704566330 2
1704566334 1
1704566338 0
1704566342 0
1704566346 1
1704566350 0
1704566354 1
1704566358 0
1704566362 4
1704566366 1
1704566370 1
1704566374 2
1704566378 0
1704566382 7
1704566386 1
1704566390 2
1704566394 3
1704566398 1
1704566402 7
1704566406 2
1704566410 7
1704566414 8
1704566418 1
1704566422 5
1704566426 2
1704566430 6
1704566434 0
1704566438 0
1704566442 1
1704566446 0
1704566450 1
1704566454 0
1704566458 1
1704566462 2
1704566466 2
1704566470 2
1704566474 2
1704566478 2
1704566482 1
1704566486 1
1704566490 1
1704566494 0
1704566498 0
1704566502 1
1704566506 0
1704566510 1



# Sketch: 10
1704565914 2
1704565918 0
1704565922 4
1704565926 0
1704565930 2
1704565934 3
1704565938 2
1704565942 1
1704565946 3
1704565950 2
1704565954 3
1704565958 3
1704565962 0
1704565966 0
1704565970 5
1704565974 4
1704565978 2
1704565982 1
1704565986 1
1704565990 2
1704565994 3
1704565998 1
1704566002 8
1704566006 3
1704566010 1
1704566014 0
1704566018 1
1704566022 1
1704566026 1
1704566030 2
1704566034 3
1704566038 3
1704566042 7
1704566046 3
1704566050 3
1704566054 2
1704566058 3
1704566062 2
1704566066 5
1704566070 4
1704566074 2
1704566078 2
1704566082 5
1704566086 2
1704566090 6
1704566094 2
1704566098 2
1704566102 6
1704566106 0
1704566110 0
1704566114 0
1704566118 4
1704566122 0
1704566126 5
1704566130 3
1704566134 0
1704566138 1
1704566142 3
1704566146 0
1704566150 2
1704566154 4
1704566158 5
1704566162 2
1704566166 1
1704566170 2
1704566174 0
1704566178 3
1704566182 0
1704566186 6
1704566190 0
1704566194 2
1704566198 4
1704566202 4
1704566206 3
1704566210 8
1704566214 3
1704566218 5
1704566222 2
1704566226 0
1704566230 0
1704566234 1
1704566238 4
1704566242 6
1704566246 1
1704566250 0
1704566254 2
1704566258 3
1704566262 1
1704566266 0
1704566270 2
1704566274 5
1704566278 2
1704566282 1
1704566286 1
1704566290 1
1704566294 2
1704566298 4
1704566302 3
1704566306 4
1704566310 5
1704566314 3
1704566318 2
1704566322 3
1704566326 0
1704566330 7
1704566334 1
1704566338 6
1704566342 12
1704566346 3
1704566350 2
1704566354 4
1704566358 8
1704566362 2
1704566366 2
1704566370 1
1704566374 1
1704566378 1
1704566382 6
1704566386 2
1704566390 1
1704566394 8
1704566398 1
1704566402 5
1704566406 0
1704566410 6
1704566414 3
1704566418 4
1704566422 3
1704566426 5
1704566430 3
1704566434 3
1704566438 2
1704566442 3
1704566446 3
1704566450 2
1704566454 4
1704566458 3
1704566462 2
1704566466 1
1704566470 0
1704566474 0
1704566478 1
1704566482 2
1704566486 5
1704566490 2
1704566494 2
1704566498 3
1704566502 3
1704566506 2
1704566510 3



# Sketch: 11
1704565914 0
1704565918 0
1704565922 0
1704565926 1
1704565930 4
1704565934 3
1704565938 8
1704565942 0
1704565946 2
1704565950 1
1704565954 3
1704565958 3
1704565962 2
1704565966 2
1704565970 1
1704565974 1
1704565978 1
1704565982 0
1704565986 1
1704565990 1
1704565994 2
1704565998 3
1704566002 3
1704566006 2
1704566010 0
1704566014 3
1704566018 1
1704566022 2
1704566026 4
1704566030 0
1704566034 3
1704566038 1
1704566042 8
1704566046 5
1704566050 1
1704566054 1
1704566058 9
1704566062 1
1704566066 0
1704566070 3
1704566074 0
1704566078 4
1704566082 2
1704566086 0
1704566090 0
1704566094 0
1704566098 1
1704566102 1
1704566106 0
1704566110 2
1704566114 0
1704566118 1
1704566122 1
1704566126 2
1704566130 0
1704566134 0
1704566138 1
1704566142 0
1704566146 0
1704566150 0
1704566154 1
1704566158 1
1704566162 5
1704566166 0
1704566170 1
1704566174 1
1704566178 2
1704566182 2
1704566186 2
1704566190 0
1704566194 3
1704566198 5
1704566202 1
1704566206 4
1704566210 1
1704566214 2
1704566218 0
1704566222 1
1704566226 0
1704566230 2
1704566234 1
1704566238 1
1704566242 0
1704566246 0
1704566250 1
1704566254 0
1704566258 4
1704566262 7
1704566266 1
1704566270 0
1704566274 1
1704566278 0
1704566282 0
1704566286 0
1704566290 1
1704566294 1
1704566298 1
1704566302 1
1704566306 0
1704566310 0
1704566314 1
1704566318 1
1704566322 1
1704566326 0
1704566330 1
1704566334 0
1704566338 0
1704566342 2
1704566346 9
1704566350 0
1704566354 0
1704566358 1
1704566362 0
1704566366 0
1704566370 0
1704566374 0
1704566378 2
1704566382 6
1704566386 2
1704566390 6
1704566394 10
1704566398 1
1704566402 0
1704566406 1
1704566410 5
1704566414 2
1704566418 1
1704566422 1
1704566426 8
1704566430 2
1704566434 3
1704566438 2
1704566442 2
1704566446 0
1704566450 6
1704566454 0
1704566458 5
1704566462 0
1704566466 3
1704566470 1
1704566474 6
1704566478 4
1704566482 1
1704566486 1
1704566490 3
1704566494 1
1704566498 3
1704566502 2
1704566506 1
1704566510 0



# Sketch: 12
1704565914 2
1704565918 1
1704565922 0
1704565926 0
1704565930 3
1704565934 2
1704565938 3
1704565942 22
1704565946 2
1704565950 1
1704565954 0
1704565958 0
1704565962 0
1704565966 1
1704565970 0
1704565974 0
1704565978 1
1704565982 2
1704565986 1
1704565990 1
1704565994 3
1704565998 1
1704566002 0
1704566006 0
1704566010 2
1704566014 1
1704566018 2
1704566022 0
1704566026 4
1704566030 2
1704566034 2
1704566038 0
1704566042 0
1704566046 2
1704566050 5
1704566054 2
1704566058 2
1704566062 0
1704566066 3
1704566070 0
1704566074 1
1704566078 2
1704566082 2
1704566086 4
1704566090 1
1704566094 2
1704566098 1
1704566102 0
1704566106 0
1704566110 0
1704566114 0
1704566118 0
1704566122 0
1704566126 2
1704566130 1
1704566134 0
1704566138 0
1704566142 6
1704566146 1
1704566150 1
1704566154 0
1704566158 1
1704566162 7
1704566166 2
1704566170 4
1704566174 1
1704566178 2
1704566182 2
1704566186 1
1704566190 1
1704566194 0
1704566198 1
1704566202 2
1704566206 1
1704566210 2
1704566214 2
1704566218 4
1704566222 0
1704566226 1
1704566230 0
1704566234 0
1704566238 2
1704566242 8
1704566246 2
1704566250 1
1704566254 2
1704566258 0
1704566262 2
1704566266 2
1704566270 1
1704566274 0
1704566278 2
1704566282 1
1704566286 7
1704566290 2
1704566294 5
1704566298 0
1704566302 0
1704566306 0
1704566310 1
1704566314 3
1704566318 0
1704566322 0
1704566326 2
1704566330 1
1704566334 0
1704566338 1
1704566342 1
1704566346 4
1704566350 1
1704566354 4
1704566358 2
1704566362 1
1704566366 2
1704566370 0
1704566374 2
1704566378 0
1704566382 0
1704566386 2
1704566390 2
1704566394 4
1704566398 1
1704566402 1
1704566406 5
1704566410 1
1704566414 2
1704566418 1
1704566422 4
1704566426 0
1704566430 4
1704566434 1
1704566438 5
1704566442 1
1704566446 2
1704566450 1
1704566454 3
1704566458 1
1704566462 0
1704566466 1
1704566470 5
1704566474 2
1704566478 3
1704566482 1
1704566486 1
1704566490 3
1704566494 0
1704566498 1
1704566502 2
1704566506 2
1704566510 0



# Sketch: 13
1704565914 0
1704565918 3
1704565922 1
1704565926 4
1704565930 9
1704565934 3
1704565938 2
1704565942 0
1704565946 1
1704565950 2
1704565954 2
1704565958 2
1704565962 3
1704565966 0
1704565970 0
1704565974 0
1704565978 1
1704565982 3
1704565986 1
1704565990 1
1704565994 0
1704565998 2
1704566002 1
1704566006 6
1704566010 3
1704566014 0
1704566018 1
1704566022 0
1704566026 0
1704566030 2
1704566034 0
1704566038 4
1704566042 3
1704566046 0
1704566050 2
1704566054 1
1704566058 2
1704566062 0
1704566066 2
1704566070 2
1704566074 2
1704566078 5
1704566082 0
1704566086 0
1704566090 5
1704566094 1
1704566098 1
1704566102 8
1704566106 1
1704566110 0
1704566114 1
1704566118 1
1704566122 1
1704566126 1
1704566130 1
1704566134 1
1704566138 0
1704566142 2
1704566146 2
1704566150 1
1704566154 2
1704566158 10
1704566162 5
1704566166 0
1704566170 4
1704566174 0
1704566178 3
1704566182 1
1704566186 2
1704566190 1
1704566194 3
1704566198 1
1704566202 2
1704566206 2
1704566210 8
1704566214 0
1704566218 2
1704566222 0
1704566226 1
1704566230 4
1704566234 0
1704566238 1
1704566242 1
1704566246 3
1704566250 5
1704566254 0
1704566258 0
1704566262 0
1704566266 2
1704566270 1
1704566274 1
1704566278 6
1704566282 1
1704566286 2
1704566290 1
1704566294 1
1704566298 0
1704566302 2
1704566306 3
1704566310 1
1704566314 2
1704566318 3
1704566322 2
1704566326 0
1704566330 6
1704566334 1
1704566338 1
1704566342 1
1704566346 1
1704566350 0
1704566354 0
1704566358 2
1704566362 7
1704566366 3
1704566370 3
1704566374 4
1704566378 0
1704566382 1
1704566386 6
1704566390 8
1704566394 4
1704566398 0
1704566402 3
1704566406 5
1704566410 1
1704566414 1
1704566418 4
1704566422 0
1704566426 3
1704566430 5
1704566434 9
1704566438 1
1704566442 1
1704566446 6
1704566450 4
1704566454 2
1704566458 3
1704566462 8
1704566466 0
1704566470 1
1704566474 2
1704566478 2
1704566482 0
1704566486 1
1704566490 1
1704566494 9
1704566498 4
1704566502 1
1704566506 6
1704566510 0



# Sketch: 14
1704565914 0
1704565918 0
1704565922 1
1704565926 2
1704565930 2
1704565934 2
1704565938 0
1704565942 2
1704565946 0
1704565950 1
1704565954 4
1704565958 1
1704565962 5
1704565966 1
1704565970 1
1704565974 1
1704565978 1
1704565982 0
1704565986 2
1704565990 3
1704565994 1
1704565998 0
1704566002 0
1704566006 2
1704566010 1
1704566014 3
1704566018 0
1704566022 1
1704566026 2
1704566030 1
1704566034 1
1704566038 2
1704566042 1
1704566046 3
1704566050 2
1704566054 2
1704566058 6
1704566062 0
1704566066 2
1704566070 2
1704566074 2
1704566078 1
1704566082 3
1704566086 6
1704566090 5
1704566094 0
1704566098 4
1704566102 0
1704566106 2
1704566110 3
1704566114 2
1704566118 4
1704566122 2
1704566126 0
1704566130 1
1704566134 0
1704566138 1
1704566142 2
1704566146 1
1704566150 0
1704566154 1
1704566158 1
1704566162 0
1704566166 3
1704566170 4
1704566174 1
1704566178 1
1704566182 0
1704566186 0
1704566190 0
1704566194 7
1704566198 1
1704566202 0
1704566206 0
1704566210 2
1704566214 2
1704566218 1
1704566222 1
1704566226 1
1704566230 2
1704566234 2
1704566238 3
1704566242 4
1704566246 3
1704566250 1
1704566254 2
1704566258 1
1704566262 2
1704566266 1
1704566270 0
1704566274 0
1704566278 2
1704566282 3
1704566286 0
1704566290 6
1704566294 1
1704566298 1
1704566302 1
1704566306 0
1704566310 3
1704566314 3
1704566318 1
1704566322 0
1704566326 1
1704566330 0
1704566334 0
1704566338 1
1704566342 6
1704566346 1
1704566350 4
1704566354 4
1704566358 2
1704566362 7
1704566366 2
1704566370 0
1704566374 3
1704566378 5
1704566382 1
1704566386 1
1704566390 2
1704566394 3
1704566398 0
1704566402 10
1704566406 2
1704566410 1
1704566414 3
1704566418 1
1704566422 2
1704566426 1
1704566430 0
1704566434 1
1704566438 0
1704566442 2
1704566446 1
1704566450 1
1704566454 1
1704566458 3
1704566462 2
1704566466 1
1704566470 3
1704566474 0
1704566478 1
1704566482 3
1704566486 3
1704566490 2
1704566494 1
1704566498 1
1704566502 0
1704566506 0
1704566510 4



# Sketch: 15
1704565914 6
1704565918 0
1704565922 0
1704565926 3
1704565930 4
1704565934 1
1704565938 0
1704565942 0
1704565946 1
1704565950 1
1704565954 0
1704565958 0
1704565962 0
1704565966 3
1704565970 0
1704565974 1
1704565978 2
1704565982 1
1704565986 2
1704565990 0
1704565994 0
1704565998 2
1704566002 3
1704566006 3
1704566010 1
1704566014 9
1704566018 1
1704566022 1
1704566026 7
1704566030 2
1704566034 0
1704566038 3
1704566042 2
1704566046 1
1704566050 0
1704566054 1
1704566058 8
1704566062 0
1704566066 0
1704566070 0
1704566074 1
1704566078 2
1704566082 0
1704566086 6
1704566090 6
1704566094 0
1704566098 3
1704566102 6
1704566106 0
1704566110 0
1704566114 1
1704566118 1
1704566122 1
1704566126 0
1704566130 0
1704566134 2
1704566138 3
1704566142 4
1704566146 1
1704566150 0
1704566154 2
1704566158 3
1704566162 5
1704566166 2
1704566170 1
1704566174 4
1704566178 0
1704566182 2
1704566186 3
1704566190 0
1704566194 1
1704566198 4
1704566202 3
1704566206 2
1704566210 12
1704566214 1
1704566218 3
1704566222 1
1704566226 1
1704566230 0
1704566234 1
1704566238 0
1704566242 1
1704566246 0
1704566250 0
1704566254 2
1704566258 0
1704566262 2
1704566266 0
1704566270 0
1704566274 1
1704566278 2
1704566282 0
1704566286 2
1704566290 1
1704566294 0
1704566298 9
1704566302 0
1704566306 1
1704566310 5
1704566314 0
1704566318 6
1704566322 2
1704566326 0
1704566330 9
1704566334 1
1704566338 1
1704566342 2
1704566346 1
1704566350 0
1704566354 2
1704566358 3
1704566362 3
1704566366 0
1704566370 1
1704566374 9
1704566378 2
1704566382 5
1704566386 3
1704566390 1
1704566394 4
1704566398 1
1704566402 1
1704566406 0
1704566410 1
1704566414 4
1704566418 2
1704566422 0
1704566426 4
1704566430 1
1704566434 0
1704566438 6
1704566442 1
1704566446 1
1704566450 5
1704566454 0
1704566458 2
1704566462 1
1704566466 2
1704566470 4
1704566474 0
1704566478 11
1704566482 0
1704566486 6
1704566490 4
1704566494 3
1704566498 1
1704566502 3
1704566506 8
1704566510 0



# Sketch: 16
1704565914 7
1704565918 0
1704565922 1
1704565926 0
1704565930 0
1704565934 1
1704565938 5
1704565942 4
1704565946 5
1704565950 1
1704565954 1
1704565958 4
1704565962 2
1704565966 1
1704565970 0
1704565974 1
1704565978 1
1704565982 0
1704565986 0
1704565990 7
1704565994 3
1704565998 0
1704566002 0
1704566006 7
1704566010 1
1704566014 1
1704566018 0
1704566022 4
1704566026 3
1704566030 2
1704566034 0
1704566038 1
1704566042 1
1704566046 0
1704566050 3
1704566054 8
1704566058 2
1704566062 2
1704566066 3
1704566070 2
1704566074 1
1704566078 1
1704566082 2
1704566086 2
1704566090 0
1704566094 3
1704566098 1
1704566102 4
1704566106 2
1704566110 0
1704566114 0
1704566118 2
1704566122 1
1704566126 2
1704566130 5
1704566134 0
1704566138 2
1704566142 4
1704566146 0
1704566150 2
1704566154 1
1704566158 2
1704566162 2
1704566166 3
1704566170 2
1704566174 0
1704566178 0
1704566182 0
1704566186 1
1704566190 3
1704566194 2
1704566198 9
1704566202 1
1704566206 1
1704566210 0
1704566214 0
1704566218 0
1704566222 1
1704566226 3
1704566230 9
1704566234 0
1704566238 5
1704566242 2
1704566246 1
1704566250 1
1704566254 0
1704566258 9
1704566262 3
1704566266 2
1704566270 0
1704566274 0
1704566278 1
1704566282 1
1704566286 0
1704566290 4
1704566294 1
1704566298 3
1704566302 2
1704566306 2
1704566310 0
1704566314 1
1704566318 0
1704566322 0
1704566326 1
1704566330 0
1704566334 1
1704566338 0
1704566342 1
1704566346 0
1704566350 5
1704566354 9
1704566358 4
1704566362 3
1704566366 2
1704566370 2
1704566374 0
1704566378 1
1704566382 1
1704566386 0
1704566390 2
1704566394 2
1704566398 0
1704566402 4
1704566406 6
1704566410 0
1704566414 4
1704566418 4
1704566422 1
1704566426 1
1704566430 0
1704566434 2
1704566438 4
1704566442 3
1704566446 4
1704566450 0
1704566454 2
1704566458 1
1704566462 3
1704566466 2
1704566470 4
1704566474 6
1704566478 1
1704566482 0
1704566486 3
1704566490 0
1704566494 7
1704566498 0
1704566502 6
1704566506 1
1704566510 1



# Sketch: 17
1704565914 4
1704565918 3
1704565922 6
1704565926 4
1704565930 6
1704565934 3
1704565938 1
1704565942 8
1704565946 4
1704565950 1
1704565954 4
1704565958 4
1704565962 2
1704565966 2
1704565970 2
1704565974 1
1704565978 1
1704565982 1
1704565986 2
1704565990 5
1704565994 1
1704565998 0
1704566002 1
1704566006 5
1704566010 3
1704566014 0
1704566018 0
1704566022 1
1704566026 4
1704566030 1
1704566034 2
1704566038 0
1704566042 5
1704566046 0
1704566050 7
1704566054 5
1704566058 4
1704566062 4
1704566066 0
1704566070 1
1704566074 0
1704566078 0
1704566082 3
1704566086 0
1704566090 3
1704566094 0
1704566098 5
1704566102 5
1704566106 0
1704566110 2
1704566114 2
1704566118 0
1704566122 2
1704566126 0
1704566130 2
1704566134 1
1704566138 3
1704566142 2
1704566146 2
1704566150 0
1704566154 2
1704566158 7
1704566162 3
1704566166 2
1704566170 3
1704566174 1
1704566178 5
1704566182 4
1704566186 1
1704566190 3
1704566194 1
1704566198 7
1704566202 6
1704566206 1
1704566210 1
1704566214 4
1704566218 1
1704566222 0
1704566226 1
1704566230 4
1704566234 0
1704566238 0
1704566242 6
1704566246 3
1704566250 0
1704566254 0
1704566258 1
1704566262 2
1704566266 0
1704566270 0
1704566274 0
1704566278 0
1704566282 5
1704566286 0
1704566290 10
1704566294 0
1704566298 0
1704566302 2
1704566306 0
1704566310 3
1704566314 2
1704566318 0
1704566322 0
1704566326 1
1704566330 1
1704566334 1
1704566338 2
1704566342 2
1704566346 6
1704566350 0
1704566354 2
1704566358 1
1704566362 1
1704566366 2
1704566370 1
1704566374 2
1704566378 0
1704566382 1
1704566386 2
1704566390 4
1704566394 6
1704566398 1
1704566402 4
1704566406 2
1704566410 5
1704566414 5
1704566418 2
1704566422 5
1704566426 1
1704566430 0
1704566434 5
1704566438 1
1704566442 0
1704566446 3
1704566450 4
1704566454 0
1704566458 2
1704566462 0
1704566466 2
1704566470 3
1704566474 1
1704566478 3
1704566482 2
1704566486 2
1704566490 2
1704566494 1
1704566498 1
1704566502 3
1704566506 2
1704566510 3



# Sketch: 18
1704565914 2
1704565918 1
1704565922 3
1704565926 0
1704565930 2
1704565934 2
1704565938 5
1704565942 1
1704565946 0
1704565950 0
1704565954 1
1704565958 2
1704565962 1
1704565966 0
1704565970 1
1704565974 1
1704565978 0
1704565982 1
1704565986 0
1704565990 4
1704565994 8
1704565998 1
1704566002 3
1704566006 3
1704566010 2
1704566014 4
1704566018 0
1704566022 5
1704566026 5
1704566030 0
1704566034 1
1704566038 3
1704566042 2
1704566046 2
1704566050 1
1704566054 0
1704566058 1
1704566062 1
1704566066 8
1704566070 0
1704566074 0
1704566078 1
1704566082 1
1704566086 0
1704566090 4
1704566094 0
1704566098 2
1704566102 3
1704566106 2
1704566110 12
1704566114 2
1704566118 0
1704566122 1
1704566126 2
1704566130 2
1704566134 1
1704566138 7
1704566142 1
1704566146 11
1704566150 2
1704566154 0
1704566158 3
1704566162 2
1704566166 2
1704566170 0
1704566174 0
1704566178 4
1704566182 0
1704566186 0
1704566190 1
1704566194 0
1704566198 2
1704566202 1
1704566206 0
1704566210 0
1704566214 0
1704566218 1
1704566222 1
1704566226 6
1704566230 2
1704566234 2
1704566238 0
1704566242 0
1704566246 1
1704566250 1
1704566254 1
1704566258 3
1704566262 2
1704566266 5
1704566270 1
1704566274 2
1704566278 0
1704566282 0
1704566286 4
1704566290 1
1704566294 3
1704566298 0
1704566302 2
1704566306 1
1704566310 1
1704566314 0
1704566318 2
1704566322 0
1704566326 0
1704566330 3
1704566334 2
1704566338 1
1704566342 9
1704566346 7
1704566350 1
1704566354 3
1704566358 0
1704566362 0
1704566366 0
1704566370 2
1704566374 2
1704566378 2
1704566382 2
1704566386 1
1704566390 2
1704566394 6
1704566398 2
1704566402 3
1704566406 1
1704566410 6
1704566414 3
1704566418 1
1704566422 13
1704566426 1
1704566430 1
1704566434 2
1704566438 2
1704566442 1
1704566446 1
1704566450 1
1704566454 1
1704566458 1
1704566462 0
1704566466 2
1704566470 1
1704566474 0
1704566478 1
1704566482 1
1704566486 3
1704566490 0
1704566494 1
1704566498 1
1704566502 1
1704566506 0
1704566510 0



# Sketch: 19
1704565914 3
1704565918 2
1704565922 1
1704565926 3
1704565930 3
1704565934 0
1704565938 11
1704565942 2
1704565946 5
1704565950 4
1704565954 9
1704565958 5
1704565962 8
1704565966 1
1704565970 7
1704565974 3
1704565978 3
1704565982 1
1704565986 1
1704565990 6
1704565994 1
1704565998 1
1704566002 2
1704566006 2
1704566010 0
1704566014 1
1704566018 0
1704566022 4
1704566026 2
1704566030 0
1704566034 11
1704566038 1
1704566042 3
1704566046 3
1704566050 2
1704566054 2
1704566058 7
1704566062 1
1704566066 3
1704566070 2
1704566074 3
1704566078 2
1704566082 1
1704566086 1
1704566090 7
1704566094 1
1704566098 2
1704566102 9
1704566106 0
1704566110 1
1704566114 3
1704566118 0
1704566122 1
1704566126 1
1704566130 0
1704566134 1
1704566138 1
1704566142 3
1704566146 8
1704566150 2
1704566154 5
1704566158 3
1704566162 4
1704566166 0
1704566170 1
1704566174 1
1704566178 5
1704566182 1
1704566186 6
1704566190 3
1704566194 4
1704566198 3
1704566202 5
1704566206 0
1704566210 7
1704566214 4
1704566218 3
1704566222 0
1704566226 0
1704566230 0
1704566234 0
1704566238 5
1704566242 4
1704566246 1
1704566250 4
1704566254 0
1704566258 0
1704566262 0
1704566266 2
1704566270 3
1704566274 1
1704566278 1
1704566282 4
1704566286 0
1704566290 2
1704566294 1
1704566298 4
1704566302 2
1704566306 4
1704566310 2
1704566314 4
1704566318 9
1704566322 4
1704566326 3
1704566330 2
1704566334 7
1704566338 3
1704566342 1
1704566346 0
1704566350 2
1704566354 0
1704566358 3
1704566362 5
1704566366 3
1704566370 2
1704566374 0
1704566378 1
1704566382 0
1704566386 1
1704566390 0
1704566394 3
1704566398 1
1704566402 3
1704566406 3
1704566410 6
1704566414 3
1704566418 3
1704566422 1
1704566426 0
1704566430 6
1704566434 2
1704566438 1
1704566442 5
1704566446 3
1704566450 3
1704566454 5
1704566458 2
1704566462 2
1704566466 1
1704566470 2
1704566474 2
1704566478 2
1704566482 2
1704566486 1
1704566490 1
1704566494 5
1704566498 4
1704566502 0
1704566506 1
1704566510 3



# Sketch: 20
1704565914 4
1704565918 1
1704565922 2
1704565926 1
1704565930 4
1704565934 3
1704565938 1
1704565942 1
1704565946 1
1704565950 4
1704565954 14
1704565958 5
1704565962 5
1704565966 0
1704565970 1
1704565974 6
1704565978 1
1704565982 0
1704565986 0
1704565990 0
1704565994 1
1704565998 2
1704566002 0
1704566006 0
1704566010 0
1704566014 0
1704566018 1
1704566022 3
1704566026 2
1704566030 0
1704566034 3
1704566038 3
1704566042 1
1704566046 1
1704566050 3
1704566054 2
1704566058 2
1704566062 5
1704566066 3
1704566070 1
1704566074 0
1704566078 0
1704566082 1
1704566086 5
1704566090 2
1704566094 0
1704566098 2
1704566102 1
1704566106 0
1704566110 2
1704566114 0
1704566118 1
1704566122 0
1704566126 3
1704566130 3
1704566134 0
1704566138 2
1704566142 4
1704566146 2
1704566150 1
1704566154 3
1704566158 1
1704566162 2
1704566166 1
1704566170 2
1704566174 3
1704566178 1
1704566182 2
1704566186 3
1704566190 2
1704566194 2
1704566198 1
1704566202 1
1704566206 1
1704566210 6
1704566214 0
1704566218 0
1704566222 2
1704566226 2
1704566230 1
1704566234 0
1704566238 1
1704566242 8
1704566246 1
1704566250 0
1704566254 1
1704566258 7
1704566262 5
1704566266 1
1704566270 1
1704566274 3
1704566278 0
1704566282 2
1704566286 3
1704566290 1
1704566294 1
1704566298 0
1704566302 0
1704566306 5
1704566310 10
1704566314 2
1704566318 1
1704566322 0
1704566326 3
1704566330 0
1704566334 0
1704566338 0
1704566342 0
1704566346 3
1704566350 2
1704566354 2
1704566358 2
1704566362 0
1704566366 1
1704566370 0
1704566374 2
1704566378 2
1704566382 7
1704566386 4
1704566390 0
1704566394 1
1704566398 1
1704566402 3
1704566406 3
1704566410 3
1704566414 1
1704566418 2
1704566422 6
1704566426 5
1704566430 0
1704566434 2
1704566438 2
1704566442 3
1704566446 0
1704566450 0
1704566454 0
1704566458 2
1704566462 1
1704566466 4
1704566470 1
1704566474 0
1704566478 0
1704566482 1
1704566486 3
1704566490 2
1704566494 6
1704566498 0
1704566502 4
1704566506 1
1704566510 8



# Sketch: 21
1704565914 2
1704565918 1
1704565922 3
1704565926 0
1704565930 9
1704565934 1
1704565938 4
1704565942 12
1704565946 2
1704565950 1
1704565954 0
1704565958 2
1704565962 4
1704565966 1
1704565970 0
1704565974 0
1704565978 1
1704565982 5
1704565986 0
1704565990 0
1704565994 2
1704565998 10
1704566002 2
1704566006 1
1704566010 0
1704566014 1
1704566018 0
1704566022 1
1704566026 3
1704566030 1
1704566034 7
1704566038 1
1704566042 4
1704566046 4
1704566050 2
1704566054 5
1704566058 2
1704566062 1
1704566066 5
1704566070 7
1704566074 3
1704566078 0
1704566082 1
1704566086 0
1704566090 0
1704566094 2
1704566098 1
1704566102 1
1704566106 1
1704566110 3
1704566114 3
1704566118 0
1704566122 5
1704566126 3
1704566130 2
1704566134 0
1704566138 0
1704566142 3
1704566146 2
1704566150 1
1704566154 1
1704566158 1
1704566162 4
1704566166 0
1704566170 3
1704566174 3
1704566178 4
1704566182 2
1704566186 2
1704566190 1
1704566194 0
1704566198 1
1704566202 1
1704566206 0
1704566210 1
1704566214 2
1704566218 0
1704566222 0
1704566226 2
1704566230 0
1704566234 2
1704566238 3
1704566242 0
1704566246 2
1704566250 0
1704566254 1
1704566258 1
1704566262 2
1704566266 1
1704566270 0
1704566274 0
1704566278 2
1704566282 3
1704566286 6
1704566290 0
1704566294 1
1704566298 1
1704566302 1
1704566306 5
1704566310 0
1704566314 1
1704566318 1
1704566322 1
1704566326 1
1704566330 4
1704566334 1
1704566338 0
1704566342 1
1704566346 0
1704566350 4
1704566354 0
1704566358 2
1704566362 3
1704566366 3
1704566370 3
1704566374 2
1704566378 0
1704566382 1
1704566386 0
1704566390 2
1704566394 3
1704566398 1
1704566402 9
1704566406 1
1704566410 3
1704566414 1
1704566418 15
1704566422 23
1704566426 14
1704566430 4
1704566434 1
1704566438 2
1704566442 3
1704566446 2
1704566450 1
1704566454 2
1704566458 0
1704566462 1
1704566466 1
1704566470 0
1704566474 4
1704566478 5
1704566482 0
1704566486 4
1704566490 4
1704566494 0
1704566498 1
1704566502 7
1704566506 0
1704566510 0



# Sketch: 22
1704565914 2
1704565918 1
1704565922 3
1704565926 3
1704565930 5
1704565934 3
1704565938 2
1704565942 5
1704565946 3
1704565950 2
1704565954 2
1704565958 0
1704565962 0
1704565966 0
1704565970 0
1704565974 0
1704565978 2
1704565982 1
1704565986 2
1704565990 1
1704565994 2
1704565998 0
1704566002 2
1704566006 0
1704566010 0
1704566014 0
1704566018 0
1704566022 3
1704566026 4
1704566030 0
1704566034 0
1704566038 6
1704566042 0
1704566046 0
1704566050 1
1704566054 2
1704566058 3
1704566062 0
1704566066 2
1704566070 3
1704566074 0
1704566078 1
1704566082 1
1704566086 0
1704566090 2
1704566094 0
1704566098 2
1704566102 2
1704566106 0
1704566110 3
1704566114 1
1704566118 1
1704566122 1
1704566126 2
1704566130 0
1704566134 0
1704566138 1
1704566142 1
1704566146 5
1704566150 0
1704566154 2
1704566158 1
1704566162 1
1704566166 2
1704566170 0
1704566174 3
1704566178 1
1704566182 2
1704566186 0
1704566190 1
1704566194 0
1704566198 2
1704566202 0
1704566206 5
1704566210 4
1704566214 1
1704566218 5
1704566222 0
1704566226 1
1704566230 1
1704566234 1
1704566238 1
1704566242 4
1704566246 0
1704566250 0
1704566254 0
1704566258 1
1704566262 2
1704566266 2
1704566270 1
1704566274 0
1704566278 5
1704566282 4
1704566286 5
1704566290 4
1704566294 3
1704566298 1
1704566302 3
1704566306 0
1704566310 2
1704566314 5
1704566318 1
1704566322 1
1704566326 1
1704566330 0
1704566334 2
1704566338 2
1704566342 0
1704566346 2
1704566350 1
1704566354 1
1704566358 9
1704566362 7
1704566366 2
1704566370 2
1704566374 1
1704566378 11
1704566382 0
1704566386 2
1704566390 0
1704566394 3
1704566398 1
1704566402 6
1704566406 1
1704566410 1
1704566414 2
1704566418 5
1704566422 4
1704566426 0
1704566430 1
1704566434 5
1704566438 1
1704566442 5
1704566446 6
1704566450 2
1704566454 2
1704566458 3
1704566462 6
1704566466 2
1704566470 1
1704566474 1
1704566478 0
1704566482 5
1704566486 7
1704566490 1
1704566494 0
1704566498 1
1704566502 1
1704566506 4
1704566510 5



# Sketch: 23
1704565914 2
1704565918 4
1704565922 3
1704565926 0
1704565930 0
1704565934 0
1704565938 0
1704565942 3
1704565946 2
1704565950 1
1704565954 3
1704565958 1
1704565962 3
1704565966 2
1704565970 2
1704565974 2
1704565978 4
1704565982 1
1704565986 0
1704565990 0
1704565994 0
1704565998 3
1704566002 4
1704566006 1
1704566010 0
1704566014 2
1704566018 0
1704566022 1
1704566026 0
1704566030 4
1704566034 0
1704566038 1
1704566042 2
1704566046 1
1704566050 2
1704566054 2
1704566058 1
1704566062 3
1704566066 2
1704566070 1
1704566074 1
1704566078 14
1704566082 1
1704566086 2
1704566090 0
1704566094 0
1704566098 3
1704566102 0
1704566106 0
1704566110 2
1704566114 2
1704566118 1
1704566122 2
1704566126 0
1704566130 2
1704566134 2
1704566138 1
1704566142 0
1704566146 0
1704566150 0
1704566154 0
1704566158 8
1704566162 1
1704566166 0
1704566170 0
1704566174 0
1704566178 2
1704566182 1
1704566186 1
1704566190 3
1704566194 2
1704566198 10
1704566202 2
1704566206 0
1704566210 4
1704566214 0
1704566218 3
1704566222 1
1704566226 0
1704566230 2
1704566234 0
1704566238 0
1704566242 0
1704566246 1
1704566250 1
1704566254 2
1704566258 2
1704566262 0
1704566266 3
1704566270 0
1704566274 2
1704566278 1
1704566282 2
1704566286 1
1704566290 1
1704566294 0
1704566298 1
1704566302 0
1704566306 3
1704566310 0
1704566314 3
1704566318 0
1704566322 0
1704566326 0
1704566330 1
1704566334 0
1704566338 0
1704566342 0
1704566346 2
1704566350 0
1704566354 2
1704566358 4
1704566362 7
1704566366 0
1704566370 0
1704566374 0
1704566378 2
1704566382 2
1704566386 4
1704566390 2
1704566394 8
1704566398 6
1704566402 7
1704566406 1
1704566410 0
1704566414 0
1704566418 0
1704566422 2
1704566426 3
1704566430 0
1704566434 2
1704566438 0
1704566442 1
1704566446 4
1704566450 1
1704566454 1
1704566458 3
1704566462 1
1704566466 2
1704566470 1
1704566474 0
1704566478 4
1704566482 0
1704566486 9
1704566490 1
1704566494 1
1704566498 1
1704566502 1
1704566506 3
1704566510 1



# Sketch: 24
1704565914 4
1704565918 0
1704565922 0
1704565926 0
1704565930 3
1704565934 2
1704565938 1
1704565942 1
1704565946 3
1704565950 5
1704565954 7
1704565958 1
1704565962 1
1704565966 1
1704565970 1
1704565974 5
1704565978 0
1704565982 5
1704565986 1
1704565990 3
1704565994 1
1704565998 5
1704566002 1
1704566006 0
1704566010 0
1704566014 1
1704566018 0
1704566022 0
1704566026 1
1704566030 4
1704566034 11
1704566038 1
1704566042 2
1704566046 4
1704566050 3
1704566054 9
1704566058 4
1704566062 0
1704566066 5
1704566070 5
1704566074 0
1704566078 0
1704566082 4
1704566086 1
1704566090 1
1704566094 7
1704566098 1
1704566102 2
1704566106 0
1704566110 2
1704566114 5
1704566118 3
1704566122 0
1704566126 8
1704566130 1
1704566134 1
1704566138 3
1704566142 3
1704566146 12
1704566150 1
1704566154 1
1704566158 0
1704566162 0
1704566166 20
1704566170 1
1704566174 1
1704566178 0
1704566182 0
1704566186 7
1704566190 1
1704566194 2
1704566198 0
1704566202 4
1704566206 7
1704566210 2
1704566214 5
1704566218 3
1704566222 3
1704566226 1
1704566230 0
1704566234 5
1704566238 2
1704566242 2
1704566246 3
1704566250 0
1704566254 0
1704566258 1
1704566262 8
1704566266 0
1704566270 1
1704566274 3
1704566278 1
1704566282 3
1704566286 1
1704566290 0
1704566294 0
1704566298 1
1704566302 1
1704566306 3
1704566310 0
1704566314 2
1704566318 0
1704566322 0
1704566326 0
1704566330 0
1704566334 2
1704566338 1
1704566342 7
1704566346 1
1704566350 2
1704566354 3
1704566358 3
1704566362 1
1704566366 1
1704566370 0
1704566374 0
1704566378 2
1704566382 2
1704566386 5
1704566390 2
1704566394 5
1704566398 3
1704566402 3
1704566406 1
1704566410 4
1704566414 1
1704566418 5
1704566422 6
1704566426 2
1704566430 3
1704566434 2
1704566438 2
1704566442 2
1704566446 1
1704566450 1
1704566454 0
1704566458 1
1704566462 2
1704566466 1
1704566470 0
1704566474 8
1704566478 0
1704566482 6
1704566486 4
1704566490 2
1704566494 5
1704566498 0
1704566502 4
1704566506 1
1704566510 1



# Sketch: 25
1704565914 1
1704565918 0
1704565922 5
1704565926 1
1704565930 3
1704565934 3
1704565938 2
1704565942 5
1704565946 2
1704565950 3
1704565954 3
1704565958 4
1704565962 1
1704565966 0
1704565970 1
1704565974 0
1704565978 1
1704565982 2
1704565986 1
1704565990 2
1704565994 0
1704565998 2
1704566002 4
1704566006 1
1704566010 0
1704566014 1
1704566018 1
1704566022 8
1704566026 6
1704566030 0
1704566034 3
1704566038 4
1704566042 2
1704566046 1
1704566050 0
1704566054 3
1704566058 5
1704566062 1
1704566066 0
1704566070 2
1704566074 0
1704566078 1
1704566082 0
1704566086 0
1704566090 1
1704566094 4
1704566098 0
1704566102 2
1704566106 1
1704566110 0
1704566114 2
1704566118 2
1704566122 2
1704566126 1
1704566130 2
1704566134 1
1704566138 2
1704566142 1
1704566146 7
1704566150 1
1704566154 1
1704566158 1
1704566162 5
1704566166 2
1704566170 3
1704566174 0
1704566178 1
1704566182 1
1704566186 1
1704566190 2
1704566194 2
1704566198 4
1704566202 0
1704566206 1
1704566210 3
1704566214 1
1704566218 3
1704566222 1
1704566226 1
1704566230 0
1704566234 0
1704566238 0
1704566242 2
1704566246 0
1704566250 0
1704566254 3
1704566258 0
1704566262 4
1704566266 8
1704566270 1
1704566274 1
1704566278 1
1704566282 1
1704566286 2
1704566290 3
1704566294 3
1704566298 2
1704566302 6
1704566306 1
1704566310 2
1704566314 0
1704566318 1
1704566322 1
1704566326 0
1704566330 7
1704566334 15
1704566338 2
1704566342 1
1704566346 1
1704566350 0
1704566354 0
1704566358 0
1704566362 2
1704566366 2
1704566370 0
1704566374 1
1704566378 0
1704566382 2
1704566386 1
1704566390 1
1704566394 10
1704566398 1
1704566402 6
1704566406 2
1704566410 8
1704566414 1
1704566418 0
1704566422 2
1704566426 1
1704566430 3
1704566434 0
1704566438 1
1704566442 2
1704566446 3
1704566450 0
1704566454 3
1704566458 9
1704566462 2
1704566466 4
1704566470 4
1704566474 0
1704566478 1
1704566482 3
1704566486 1
1704566490 5
1704566494 0
1704566498 1
1704566502 6
1704566506 0
1704566510 1



# Sketch: 26
1704565914 4
1704565918 3
1704565922 5
1704565926 3
1704565930 19
1704565934 10
1704565938 3
1704565942 5
1704565946 5
1704565950 3
1704565954 1
1704565958 4
1704565962 2
1704565966 1
1704565970 0
1704565974 9
1704565978 0
1704565982 0
1704565986 0
1704565990 6
1704565994 3
1704565998 1
1704566002 0
1704566006 1
1704566010 0
1704566014 0
1704566018 1
1704566022 3
1704566026 2
1704566030 0
1704566034 0
1704566038 1
1704566042 3
1704566046 2
1704566050 6
1704566054 2
1704566058 2
1704566062 1
1704566066 0
1704566070 2
1704566074 2
1704566078 0
1704566082 2
1704566086 1
1704566090 2
1704566094 1
1704566098 0
1704566102 0
1704566106 0
1704566110 5
1704566114 0
1704566118 3
1704566122 2
1704566126 4
1704566130 2
1704566134 1
1704566138 4
1704566142 2
1704566146 1
1704566150 3
1704566154 2
1704566158 1
1704566162 13
1704566166 1
1704566170 5
1704566174 4
1704566178 3
1704566182 3
1704566186 0
1704566190 1
1704566194 0
1704566198 0
1704566202 1
1704566206 2
1704566210 4
1704566214 0
1704566218 3
1704566222 0
1704566226 0
1704566230 4
1704566234 2
1704566238 1
1704566242 1
1704566246 0
1704566250 3
1704566254 4
1704566258 1
1704566262 0
1704566266 0
1704566270 1
1704566274 0
1704566278 9
1704566282 3
1704566286 1
1704566290 6
1704566294 12
1704566298 1
1704566302 4
1704566306 1
1704566310 5
1704566314 2
1704566318 0
1704566322 0
1704566326 3
1704566330 1
1704566334 0
1704566338 1
1704566342 1
1704566346 3
1704566350 6
1704566354 1
1704566358 2
1704566362 2
1704566366 6
1704566370 0
1704566374 5
1704566378 0
1704566382 2
1704566386 3
1704566390 1
1704566394 2
1704566398 2
1704566402 4
1704566406 1
1704566410 12
1704566414 2
1704566418 3
1704566422 1
1704566426 6
1704566430 8
1704566434 2
1704566438 0
1704566442 0
1704566446 0
1704566450 2
1704566454 3
1704566458 2
1704566462 0
1704566466 2
1704566470 5
1704566474 1
1704566478 2
1704566482 3
1704566486 10
1704566490 7
1704566494 1
1704566498 0
1704566502 0
1704566506 10
1704566510 10



# Sketch: 27
1704565914 0
1704565918 0
1704565922 0
1704565926 1
1704565930 0
1704565934 1
1704565938 1
1704565942 2
1704565946 4
1704565950 2
1704565954 2
1704565958 0
1704565962 0
1704565966 2
1704565970 1
1704565974 1
1704565978 3
1704565982 1
1704565986 0
1704565990 3
1704565994 2
1704565998 2
1704566002 1
1704566006 0
1704566010 2
1704566014 1
1704566018 0
1704566022 4
1704566026 0
1704566030 1
1704566034 2
1704566038 1
1704566042 0
1704566046 3
1704566050 5
1704566054 0
1704566058 1
1704566062 0
1704566066 2
1704566070 0
1704566074 0
1704566078 1
1704566082 0
1704566086 0
1704566090 0
1704566094 1
1704566098 1
1704566102 3
1704566106 0
1704566110 0
1704566114 1
1704566118 0
1704566122 1
1704566126 4
1704566130 1
1704566134 1
1704566138 2
1704566142 2
1704566146 1
1704566150 1
1704566154 0
1704566158 1
1704566162 2
1704566166 1
1704566170 0
1704566174 0
1704566178 3
1704566182 0
1704566186 0
1704566190 1
1704566194 0
1704566198 8
1704566202 1
1704566206 0
1704566210 1
1704566214 3
1704566218 0
1704566222 1
1704566226 6
1704566230 2
1704566234 0
1704566238 5
1704566242 1
1704566246 0
1704566250 1
1704566254 4
1704566258 3
1704566262 2
1704566266 2
1704566270 13
1704566274 2
1704566278 3
1704566282 3
1704566286 3
1704566290 0
1704566294 1
1704566298 0
1704566302 0
1704566306 1
1704566310 1
1704566314 1
1704566318 0
1704566322 2
1704566326 0
1704566330 0
1704566334 4
1704566338 0
1704566342 3
1704566346 0
1704566350 4
1704566354 0
1704566358 8
1704566362 4
1704566366 0
1704566370 0
1704566374 2
1704566378 0
1704566382 1
1704566386 1
1704566390 0
1704566394 6
1704566398 4
1704566402 2
1704566406 0
1704566410 0
1704566414 1
1704566418 1
1704566422 2
1704566426 7
1704566430 2
1704566434 6
1704566438 2
1704566442 6
1704566446 0
1704566450 3
1704566454 0
1704566458 2
1704566462 3
1704566466 1
1704566470 0
1704566474 10
1704566478 3
1704566482 0
1704566486 0
1704566490 0
1704566494 0
1704566498 5
1704566502 3
1704566506 3
1704566510 0



# Sketch: 28
1704565914 1
1704565918 0
1704565922 6
1704565926 5
1704565930 2
1704565934 0
1704565938 2
1704565942 2
1704565946 0
1704565950 4
1704565954 1
1704565958 1
1704565962 1
1704565966 4
1704565970 1
1704565974 2
1704565978 4
1704565982 4
1704565986 2
1704565990 1
1704565994 2
1704565998 0
1704566002 6
1704566006 0
1704566010 1
1704566014 1
1704566018 1
1704566022 1
1704566026 1
1704566030 0
1704566034 2
1704566038 3
1704566042 6
1704566046 3
1704566050 2
1704566054 1
1704566058 4
1704566062 6
1704566066 1
1704566070 2
1704566074 0
1704566078 0
1704566082 2
1704566086 2
1704566090 1
1704566094 0
1704566098 6
1704566102 1
1704566106 2
1704566110 0
1704566114 3
1704566118 1
1704566122 0
1704566126 2
1704566130 3
1704566134 3
1704566138 3
1704566142 2
1704566146 2
1704566150 2
1704566154 3
1704566158 8
1704566162 3
1704566166 2
1704566170 0
1704566174 0
1704566178 1
1704566182 3
1704566186 1
1704566190 2
1704566194 0
1704566198 0
1704566202 1
1704566206 1
1704566210 2
1704566214 1
1704566218 1
1704566222 6
1704566226 4
1704566230 3
1704566234 1
1704566238 0
1704566242 1
1704566246 1
1704566250 0
1704566254 1
1704566258 0
1704566262 1
1704566266 1
1704566270 2
1704566274 2
1704566278 0
1704566282 1
1704566286 2
1704566290 2
1704566294 2
1704566298 0
1704566302 2
1704566306 4
1704566310 2
1704566314 10
1704566318 3
1704566322 3
1704566326 2
1704566330 1
1704566334 2
1704566338 6
1704566342 3
1704566346 6
1704566350 1
1704566354 2
1704566358 2
1704566362 2
1704566366 0
1704566370 2
1704566374 0
1704566378 1
1704566382 1
1704566386 1
1704566390 2
1704566394 4
1704566398 0
1704566402 3
1704566406 0
1704566410 1
1704566414 1
1704566418 3
1704566422 0
1704566426 0
1704566430 2
1704566434 0
1704566438 1
1704566442 1
1704566446 0
1704566450 1
1704566454 2
1704566458 0
1704566462 2
1704566466 0
1704566470 0
1704566474 1
1704566478 2
1704566482 6
1704566486 1
1704566490 2
1704566494 8
1704566498 1
1704566502 1
1704566506 4
1704566510 1



# Sketch: 29
1704565914 1
1704565918 0
1704565922 2
1704565926 1
1704565930 5
1704565934 2
1704565938 0
1704565942 7
1704565946 14
1704565950 1
1704565954 3
1704565958 3
1704565962 0
1704565966 2
1704565970 1
1704565974 2
1704565978 3
1704565982 1
1704565986 0
1704565990 2
1704565994 7
1704565998 0
1704566002 0
1704566006 1
1704566010 2
1704566014 3
1704566018 0
1704566022 6
1704566026 2
1704566030 1
1704566034 4
1704566038 2
1704566042 0
1704566046 0
1704566050 6
1704566054 0
1704566058 0
1704566062 1
1704566066 1
1704566070 1
1704566074 2
1704566078 1
1704566082 1
1704566086 1
1704566090 0
1704566094 0
1704566098 0
1704566102 0
1704566106 4
1704566110 0
1704566114 4
1704566118 1
1704566122 0
1704566126 0
1704566130 1
1704566134 0
1704566138 4
1704566142 0
1704566146 1
1704566150 4
1704566154 0
1704566158 1
1704566162 4
1704566166 0
1704566170 0
1704566174 0
1704566178 2
1704566182 1
1704566186 2
1704566190 2
1704566194 2
1704566198 5
1704566202 3
1704566206 1
1704566210 2
1704566214 1
1704566218 1
1704566222 1
1704566226 3
1704566230 1
1704566234 3
1704566238 1
1704566242 4
1704566246 0
1704566250 1
1704566254 1
1704566258 3
1704566262 0
1704566266 1
1704566270 0
1704566274 3
1704566278 7
1704566282 3
1704566286 3
1704566290 3
1704566294 10
1704566298 1
1704566302 1
1704566306 2
1704566310 4
1704566314 5
1704566318 4
1704566322 4
1704566326 1
1704566330 2
1704566334 10
1704566338 17
1704566342 1
1704566346 0
1704566350 0
1704566354 4
1704566358 0
1704566362 0
1704566366 0
1704566370 0
1704566374 3
1704566378 1
1704566382 1
1704566386 0
1704566390 2
1704566394 4
1704566398 3
1704566402 5
1704566406 6
1704566410 8
1704566414 3
1704566418 0
1704566422 1
1704566426 0
1704566430 2
1704566434 1
1704566438 4
1704566442 2
1704566446 4
1704566450 1
1704566454 0
1704566458 0
1704566462 0
1704566466 0
1704566470 1
1704566474 0
1704566478 3
1704566482 3
1704566486 1
1704566490 3
1704566494 1
1704566498 1
1704566502 0
1704566506 2
1704566510 0



# Sketch: 30
1704565914 7
1704565918 2
1704565922 1
1704565926 0
1704565930 0
1704565934 0
1704565938 4
1704565942 3
1704565946 0
1704565950 2
1704565954 0
1704565958 2
1704565962 0
1704565966 1
1704565970 1
1704565974 4
1704565978 2
1704565982 0
1704565986 0
1704565990 13
1704565994 0
1704565998 1
1704566002 1
1704566006 0
1704566010 1
1704566014 1
1704566018 1
1704566022 1
1704566026 0
1704566030 9
1704566034 0
1704566038 2
1704566042 0
1704566046 1
1704566050 1
1704566054 1
1704566058 2
1704566062 0
1704566066 1
1704566070 0
1704566074 0
1704566078 1
1704566082 5
1704566086 0
1704566090 1
1704566094 0
1704566098 6
1704566102 2
1704566106 2
1704566110 2
1704566114 2
1704566118 1
1704566122 0
1704566126 2
1704566130 0
1704566134 1
1704566138 2
1704566142 7
1704566146 4
1704566150 2
1704566154 2
1704566158 1
1704566162 1
1704566166 0
1704566170 0
1704566174 4
1704566178 1
1704566182 0
1704566186 16
1704566190 0
1704566194 1
1704566198 4
1704566202 8
1704566206 5
1704566210 3
1704566214 1
1704566218 3
1704566222 1
1704566226 0
1704566230 3
1704566234 0
1704566238 1
1704566242 1
1704566246 0
1704566250 5
1704566254 1
1704566258 1
1704566262 2
1704566266 1
1704566270 1
1704566274 0
1704566278 1
1704566282 2
1704566286 0
1704566290 2
1704566294 2
1704566298 0
1704566302 0
1704566306 2
1704566310 1
1704566314 0
1704566318 0
1704566322 2
1704566326 6
1704566330 1
1704566334 0
1704566338 2
1704566342 1
1704566346 2
1704566350 3
1704566354 3
1704566358 5
1704566362 3
1704566366 0
1704566370 2
1704566374 6
1704566378 2
1704566382 6
1704566386 0
1704566390 0
1704566394 3
1704566398 0
1704566402 3
1704566406 3
1704566410 1
1704566414 4
1704566418 0
1704566422 0
1704566426 3
1704566430 4
1704566434 1
1704566438 0
1704566442 1
1704566446 0
1704566450 1
1704566454 1
1704566458 0
1704566462 1
1704566466 1
1704566470 1
1704566474 1
1704566478 2
1704566482 0
1704566486 3
1704566490 5
1704566494 1
1704566498 1
1704566502 0
1704566506 3
1704566510 3



# Sketch: 31
1704565914 1
1704565918 1
1704565922 2
1704565926 1
1704565930 1
1704565934 5
1704565938 2
1704565942 7
1704565946 2
1704565950 1
1704565954 0
1704565958 1
1704565962 6
1704565966 1
1704565970 3
1704565974 3
1704565978 1
1704565982 9
1704565986 0
1704565990 5
1704565994 1
1704565998 2
1704566002 10
1704566006 2
1704566010 2
1704566014 1
1704566018 4
1704566022 1
1704566026 2
1704566030 5
1704566034 1
1704566038 1
1704566042 3
1704566046 0
1704566050 5
1704566054 2
1704566058 3
1704566062 5
1704566066 1
1704566070 2
1704566074 2
1704566078 3
1704566082 0
1704566086 1
1704566090 4
1704566094 0
1704566098 0
1704566102 1
1704566106 0
1704566110 2
1704566114 1
1704566118 4
1704566122 1
1704566126 2
1704566130 0
1704566134 13
1704566138 1
1704566142 0
1704566146 0
1704566150 5
1704566154 2
1704566158 3
1704566162 3
1704566166 3
1704566170 0
1704566174 5
1704566178 4
1704566182 4
1704566186 0
1704566190 3
1704566194 1
1704566198 1
1704566202 2
1704566206 3
1704566210 0
1704566214 1
1704566218 1
1704566222 1
1704566226 2
1704566230 1
1704566234 6
1704566238 1
1704566242 4
1704566246 0
1704566250 9
1704566254 2
1704566258 0
1704566262 1
1704566266 0
1704566270 1
1704566274 1
1704566278 0
1704566282 4
1704566286 1
1704566290 2
1704566294 2
1704566298 6
1704566302 4
1704566306 0
1704566310 5
1704566314 4
1704566318 0
1704566322 3
1704566326 1
1704566330 1
1704566334 1
1704566338 2
1704566342 1
1704566346 2
1704566350 5
1704566354 2
1704566358 3
1704566362 4
1704566366 3
1704566370 1
1704566374 3
1704566378 3
1704566382 9
1704566386 9
1704566390 21
1704566394 5
1704566398 2
1704566402 4
1704566406 0
1704566410 6
1704566414 2
1704566418 0
1704566422 3
1704566426 1
1704566430 0
1704566434 2
1704566438 0
1704566442 2
1704566446 1
1704566450 2
1704566454 2
1704566458 0
1704566462 5
1704566466 1
1704566470 1
1704566474 2
1704566478 3
1704566482 0
1704566486 3
1704566490 2
1704566494 1
1704566498 8
1704566502 0
1704566506 2
1704566510 1

