

# Sketch: 0
1704565914 46
1704565978 23
1704566042 25
1704566106 28
1704566170 25
1704566234 41
1704566298 27
1704566362 44
1704566426 39
1704566490 27



# Sketch: 1
1704565914 31
1704565978 22
1704566042 46
1704566106 49
1704566170 26
1704566234 19
1704566298 48
1704566362 58
1704566426 23
1704566490 10



# Sketch: 2
1704565914 39
1704565978 14
1704566042 27
1704566106 39
1704566170 17
1704566234 28
1704566298 20
1704566362 49
1704566426 34
1704566490 19



# Sketch: 3
1704565914 26
1704565978 26
1704566042 25
1704566106 22
1704566170 25
1704566234 26
1704566298 26
1704566362 40
1704566426 22
1704566490 14



# Sketch: 4
1704565914 17
1704565978 15
1704566042 34
1704566106 18
1704566170 33
1704566234 15
1704566298 37
1704566362 42
1704566426 22
1704566490 16



# Sketch: 5
1704565914 46
1704565978 23
1704566042 41
1704566106 24
1704566170 28
1704566234 26
1704566298 24
1704566362 39
1704566426 33
1704566490 7



# Sketch: 6
1704565914 26
1704565978 22
1704566042 26
1704566106 24
1704566170 16
1704566234 17
1704566298 18
1704566362 39
1704566426 25
1704566490 6



# Sketch: 7
1704565914 33
1704565978 47
1704566042 29
1704566106 22
1704566170 35
1704566234 45
1704566298 16
1704566362 44
1704566426 55
1704566490 15



# Sketch: 8
1704565914 36
1704565978 21
1704566042 36
1704566106 38
1704566170 30
1704566234 43
1704566298 27
1704566362 35
1704566426 28
1704566490 7



# Sketch: 9
1704565914 39
1704565978 36
1704566042 24
1704566106 33
1704566170 22
1704566234 25
1704566298 35
1704566362 35
1704566426 32
1704566490 19



# Sketch: 10
1704565914 24
1704565978 32
1704566042 25
1704566106 32
1704566170 40
1704566234 27
1704566298 26
1704566362 40
1704566426 18
1704566490 18



# Sketch: 11
1704565914 24
1704565978 26
1704566042 24
1704566106 29
1704566170 35
1704566234 37
1704566298 32
1704566362 34
1704566426 31
1704566490 9



# Sketch: 12
1704565914 26
1704565978 30
1704566042 34
1704566106 21
1704566170 11
1704566234 14
1704566298 40
1704566362 25
1704566426 32
1704566490 11



# Sketch: 13
1704565914 25
1704565978 32
1704566042 36
1704566106 23
1704566170 21
1704566234 21
1704566298 34
1704566362 46
1704566426 29
1704566490 6



# Sketch: 14
1704565914 36
1704565978 58
1704566042 65
1704566106 49
1704566170 68
1704566234 42
1704566298 53
1704566362 44
1704566426 53
1704566490 26



# Sketch: 15
1704565914 65
1704565978 24
1704566042 59
1704566106 35
1704566170 24
1704566234 25
1704566298 71
1704566362 56
1704566426 37
1704566490 7



# Sketch: 16
1704565914 39
1704565978 25
1704566042 47
1704566106 40
1704566170 18
1704566234 19
1704566298 28
1704566362 62
1704566426 44
1704566490 6



# Sketch: 17
1704565914 24
1704565978 26
1704566042 40
1704566106 28
1704566170 39
1704566234 36
1704566298 38
1704566362 43
1704566426 36
1704566490 21



# Sketch: 18
1704565914 41
1704565978 27
1704566042 28
1704566106 36
1704566170 52
1704566234 27
1704566298 31
1704566362 43
1704566426 38
1704566490 14



# Sketch: 19
1704565914 46
1704565978 21
1704566042 29
1704566106 18
1704566170 27
1704566234 17
1704566298 34
1704566362 28
1704566426 24
1704566490 14



# Sketch: 20
1704565914 35
1704565978 42
1704566042 33
1704566106 28
1704566170 21
1704566234 35
1704566298 25
1704566362 84
1704566426 46
1704566490 5



# Sketch: 21
1704565914 36
1704565978 29
1704566042 28
1704566106 30
1704566170 16
1704566234 33
1704566298 24
1704566362 37
1704566426 40
1704566490 2



# Sketch: 22
1704565914 50
1704565978 27
1704566042 42
1704566106 32
1704566170 39
1704566234 25
1704566298 36
1704566362 60
1704566426 35
1704566490 5



# Sketch: 23
1704565914 25
1704565978 52
1704566042 29
1704566106 19
1704566170 22
1704566234 37
1704566298 46
1704566362 42
1704566426 22
1704566490 6



# Sketch: 24
1704565914 20
1704565978 42
1704566042 28
1704566106 30
1704566170 41
1704566234 16
1704566298 22
1704566362 33
1704566426 15
1704566490 14



# Sketch: 25
1704565914 36
1704565978 21
1704566042 27
1704566106 38
1704566170 24
1704566234 25
1704566298 22
1704566362 36
1704566426 39
1704566490 6



# Sketch: 26
1704565914 74
1704565978 23
1704566042 14
1704566106 39
1704566170 28
1704566234 27
1704566298 24
1704566362 40
1704566426 33
1704566490 10



# Sketch: 27
1704565914 37
1704565978 25
1704566042 32
1704566106 32
1704566170 20
1704566234 28
1704566298 21
1704566362 21
1704566426 31
1704566490 24



# Sketch: 28
1704565914 50
1704565978 19
1704566042 35
1704566106 50
1704566170 37
1704566234 38
1704566298 37
1704566362 64
1704566426 39
1704566490 17



# Sketch: 29
1704565914 44
1704565978 36
1704566042 31
1704566106 24
1704566170 41
1704566234 33
1704566298 46
1704566362 36
1704566426 43
1704566490 16



# Sketch: 30
1704565914 43
1704565978 54
1704566042 28
1704566106 33
1704566170 20
1704566234 39
1704566298 52
1704566362 39
1704566426 24
1704566490 9



# Sketch: 31
1704565914 44
1704565978 18
1704566042 34
1704566106 30
1704566170 30
1704566234 38
1704566298 19
1704566362 29
1704566426 27
1704566490 18

