

# Sketch: 0
0 0.56792
1 0.935162
2 0.681206
3 0.245705
4 0.117719
5 0.116567
6 0.472174
7 2.60521



# Sketch: 1
0 0.396168
1 0.103605
2 0.296823
3 0.748798
4 0.704141
5 1.13212
6 0.562942
7 2.00939



# Sketch: 2
0 0.760625
1 0.750677
2 0.724122
3 0.659619
4 0.422742
5 0.391472
6 0.434253
7 0.468193



# Sketch: 3
0 0.6886
1 0.712664
2 0.620573
3 0.510757
4 0.50597
5 0.391996
6 0.692934
7 0.533519



# Sketch: 4
0 0.720465
1 0.736225
2 0.630616
3 0.564478
4 0.489807
5 0.483164
6 0.571557
7 0.563369



# Sketch: 5
0 0.741041
1 0.588396
2 0.423754
3 0.465208
4 0.360343
5 0.349374
6 0.418102
7 0.428368



# Sketch: 6
0 1.12859
1 1.16886
2 1.02106
3 0.952756
4 0.809863
5 0.493578
6 0.708577
7 0.684446



# Sketch: 7
0 0.313816
1 0.467625
2 0.318116
3 0.112823
4 0.0356901
5 0.0688205
6 0.284093
7 0.361742



# Sketch: 8
0 0.319974
1 0.265404
2 0.479353
3 0.398655
4 0.328633
5 0.383812
6 0.368744
7 0.471757



# Sketch: 9
0 0.215524
1 0.485042
2 0.327289
3 0.502093
4 0.365593
5 0.518712
6 1.10577
7 0.415542



# Sketch: 10
0 0.612501
1 0.619204
2 0.592794
3 0.749068
4 0.856186
5 0.586788
6 0.479869
7 0.484237



# Sketch: 11
0 0.485831
1 0.570108
2 0.421074
3 0.383599
4 0.3676
5 0.444007
6 0.436053
7 0.49776



# Sketch: 12
0 0.876034
1 0.992479
2 0.852209
3 0.735029
4 0.66409
5 0.725556
6 0.597795
7 0.583467



# Sketch: 13
0 0.687894
1 0.581046
2 0.581424
3 0.394163
4 0.492744
5 0.466871
6 0.485054
7 0.516741



# Sketch: 14
0 1.77796
1 2.0169
2 1.7297
3 1.34303
4 0.864128
5 0.811673
6 0.687347
7 1.06754



# Sketch: 15
0 1.7201
1 1.50466
2 1.62872
3 0.996101
4 1.16369
5 0.93125
6 1.39189
7 1.84526



# Sketch: 16
0 0.42598
1 0.563637
2 0.327873
3 0.0265016
4 0.0989373
5 0.241622
6 0.713002
7 0.626309



# Sketch: 17
0 0.334911
1 0.591364
2 0.789389
3 0.386402
4 0.0847136
5 0.591252
6 1.08293
7 0.362353



# Sketch: 18
0 0.64626
1 0.531081
2 0.411804
3 0.347942
4 0.329228
5 0.554447
6 0.262232
7 0.723713



# Sketch: 19
0 0.640559
1 0.649782
2 0.552099
3 0.527072
4 0.567596
5 0.641794
6 0.538922
7 0.566635



# Sketch: 20
0 0.584287
1 0.32412
2 0.492088
3 0.86898
4 0.830505
5 0.761663
6 1.5574
7 0.579609



# Sketch: 21
0 0.677315
1 0.517728
2 0.423365
3 0.378384
4 0.37953
5 0.380364
6 0.471347
7 0.509323



# Sketch: 22
0 1.51777
1 1.68567
2 1.63
3 1.0384
4 0.162595
5 0.385003
6 0.348585
7 0.408988



# Sketch: 23
0 1.10098
1 1.02831
2 0.877233
3 0.727394
4 0.675056
5 0.491082
6 0.447876
7 0.814974



# Sketch: 24
0 0.935633
1 0.975438
2 0.779115
3 0.724173
4 0.58493
5 0.625773
6 0.53263
7 0.570401



# Sketch: 25
0 0.820371
1 0.603941
2 0.707159
3 0.826941
4 0.945588
5 0.373133
6 0.481817
7 0.938289



# Sketch: 26
0 0.213073
1 0.413586
2 0.840815
3 0.847198
4 0.614437
5 0.690628
6 1.09929
7 0.512587



# Sketch: 27
0 0.494552
1 0.562954
2 0.457207
3 0.501062
4 0.489236
5 0.419211
6 1.48641
7 0.503349



# Sketch: 28
0 0.85754
1 0.860938
2 0.865866
3 0.608779
4 0.731656
5 0.196725
6 0.136165
7 0.260148



# Sketch: 29
0 0.396265
1 0.431934
2 0.257044
3 0.717325
4 0.537055
5 0.540564
6 0.497591
7 0.410349



# Sketch: 30
0 0.210804
1 0.191528
2 0.129181
3 0.145711
4 0.361076
5 0.0855067
6 0.318462
7 0.92048



# Sketch: 31
0 0.516573
1 0.532798
2 0.552557
3 0.348619
4 0.489417
5 0.481942
6 0.398921
7 0.451307

