

# Sketch: 0
1704625914 11
1704625946 16
1704625978 16
1704626010 16
1704626042 20
1704626074 19
1704626106 9
1704626138 13
1704626170 15
1704626202 14
1704626234 7
1704626266 15
1704626298 10
1704626330 16
1704626362 9
1704626394 22
1704626426 10
1704626458 49
1704626490 9



# Sketch: 1
1704625914 11
1704625946 4
1704625978 23
1704626010 12
1704626042 23
1704626074 8
1704626106 10
1704626138 10
1704626170 8
1704626202 10
1704626234 9
1704626266 15
1704626298 10
1704626330 26
1704626362 20
1704626394 14
1704626426 5
1704626458 16
1704626490 9



# Sketch: 2
1704625914 26
1704625946 20
1704625978 29
1704626010 24
1704626042 9
1704626074 11
1704626106 23
1704626138 20
1704626170 45
1704626202 60
1704626234 78
1704626266 17
1704626298 20
1704626330 22
1704626362 23
1704626394 29
1704626426 13
1704626458 23
1704626490 19



# Sketch: 3
1704625914 20
1704625946 14
1704625978 13
1704626010 10
1704626042 8
1704626074 9
1704626106 10
1704626138 25
1704626170 13
1704626202 8
1704626234 10
1704626266 18
1704626298 4
1704626330 17
1704626362 4
1704626394 21
1704626426 8
1704626458 10
1704626490 6



# Sketch: 4
1704625914 19
1704625946 22
1704625978 13
1704626010 12
1704626042 21
1704626074 13
1704626106 15
1704626138 11
1704626170 21
1704626202 9
1704626234 22
1704626266 22
1704626298 15
1704626330 19
1704626362 18
1704626394 18
1704626426 14
1704626458 59
1704626490 9



# Sketch: 5
1704625914 16
1704625946 13
1704625978 16
1704626010 13
1704626042 9
1704626074 13
1704626106 12
1704626138 22
1704626170 13
1704626202 15
1704626234 12
1704626266 19
1704626298 20
1704626330 16
1704626362 17
1704626394 26
1704626426 9
1704626458 11
1704626490 4



# Sketch: 6
1704625914 19
1704625946 17
1704625978 17
1704626010 7
1704626042 15
1704626074 11
1704626106 12
1704626138 25
1704626170 22
1704626202 16
1704626234 16
1704626266 19
1704626298 16
1704626330 17
1704626362 15
1704626394 20
1704626426 13
1704626458 8
1704626490 9



# Sketch: 7
1704625914 16
1704625946 20
1704625978 18
1704626010 6
1704626042 20
1704626074 17
1704626106 20
1704626138 8
1704626170 17
1704626202 11
1704626234 7
1704626266 13
1704626298 15
1704626330 11
1704626362 13
1704626394 20
1704626426 15
1704626458 23
1704626490 13



# Sketch: 8
1704625914 27
1704625946 5
1704625978 30
1704626010 23
1704626042 13
1704626074 10
1704626106 30
1704626138 17
1704626170 35
1704626202 48
1704626234 73
1704626266 11
1704626298 25
1704626330 16
1704626362 27
1704626394 9
1704626426 24
1704626458 24
1704626490 17



# Sketch: 9
1704625914 16
1704625946 32
1704625978 11
1704626010 22
1704626042 14
1704626074 13
1704626106 12
1704626138 13
1704626170 12
1704626202 13
1704626234 14
1704626266 12
1704626298 21
1704626330 5
1704626362 10
1704626394 26
1704626426 24
1704626458 26
1704626490 6



# Sketch: 10
1704625914 24
1704625946 16
1704625978 8
1704626010 16
1704626042 29
1704626074 5
1704626106 8
1704626138 14
1704626170 24
1704626202 12
1704626234 12
1704626266 21
1704626298 16
1704626330 19
1704626362 17
1704626394 17
1704626426 16
1704626458 11
1704626490 13



# Sketch: 11
1704625914 17
1704625946 26
1704625978 20
1704626010 6
1704626042 44
1704626074 52
1704626106 9
1704626138 13
1704626170 15
1704626202 12
1704626234 6
1704626266 9
1704626298 13
1704626330 22
1704626362 7
1704626394 25
1704626426 15
1704626458 12
1704626490 21



# Sketch: 12
1704625914 21
1704625946 23
1704625978 4
1704626010 20
1704626042 37
1704626074 11
1704626106 7
1704626138 18
1704626170 13
1704626202 14
1704626234 8
1704626266 24
1704626298 29
1704626330 14
1704626362 11
1704626394 15
1704626426 30
1704626458 9
1704626490 10



# Sketch: 13
1704625914 22
1704625946 15
1704625978 22
1704626010 27
1704626042 7
1704626074 19
1704626106 29
1704626138 19
1704626170 35
1704626202 35
1704626234 22
1704626266 18
1704626298 12
1704626330 21
1704626362 21
1704626394 24
1704626426 25
1704626458 22
1704626490 22



# Sketch: 14
1704625914 17
1704625946 12
1704625978 26
1704626010 18
1704626042 27
1704626074 13
1704626106 14
1704626138 25
1704626170 18
1704626202 11
1704626234 17
1704626266 15
1704626298 19
1704626330 10
1704626362 4
1704626394 21
1704626426 21
1704626458 14
1704626490 6



# Sketch: 15
1704625914 14
1704625946 21
1704625978 16
1704626010 7
1704626042 17
1704626074 13
1704626106 9
1704626138 29
1704626170 11
1704626202 6
1704626234 14
1704626266 12
1704626298 23
1704626330 20
1704626362 19
1704626394 19
1704626426 17
1704626458 41
1704626490 9



# Sketch: 16
1704625914 10
1704625946 33
1704625978 11
1704626010 14
1704626042 14
1704626074 11
1704626106 22
1704626138 12
1704626170 7
1704626202 14
1704626234 16
1704626266 14
1704626298 24
1704626330 16
1704626362 17
1704626394 8
1704626426 12
1704626458 9
1704626490 14



# Sketch: 17
1704625914 15
1704625946 16
1704625978 10
1704626010 11
1704626042 12
1704626074 26
1704626106 12
1704626138 13
1704626170 12
1704626202 3
1704626234 9
1704626266 18
1704626298 11
1704626330 24
1704626362 11
1704626394 28
1704626426 14
1704626458 16
1704626490 7



# Sketch: 18
1704625914 14
1704625946 18
1704625978 17
1704626010 17
1704626042 33
1704626074 14
1704626106 11
1704626138 14
1704626170 18
1704626202 22
1704626234 49
1704626266 10
1704626298 9
1704626330 10
1704626362 15
1704626394 30
1704626426 30
1704626458 17
1704626490 10



# Sketch: 19
1704625914 22
1704625946 10
1704625978 6
1704626010 11
1704626042 14
1704626074 23
1704626106 10
1704626138 11
1704626170 9
1704626202 13
1704626234 17
1704626266 5
1704626298 12
1704626330 11
1704626362 20
1704626394 13
1704626426 14
1704626458 20
1704626490 9



# Sketch: 20
1704625914 13
1704625946 32
1704625978 12
1704626010 21
1704626042 21
1704626074 18
1704626106 9
1704626138 7
1704626170 10
1704626202 11
1704626234 7
1704626266 17
1704626298 24
1704626330 13
1704626362 12
1704626394 21
1704626426 2
1704626458 8
1704626490 7



# Sketch: 21
1704625914 15
1704625946 12
1704625978 11
1704626010 23
1704626042 16
1704626074 24
1704626106 15
1704626138 6
1704626170 14
1704626202 13
1704626234 13
1704626266 17
1704626298 8
1704626330 26
1704626362 29
1704626394 25
1704626426 27
1704626458 21
1704626490 15



# Sketch: 22
1704625914 12
1704625946 11
1704625978 8
1704626010 18
1704626042 16
1704626074 21
1704626106 9
1704626138 13
1704626170 15
1704626202 15
1704626234 19
1704626266 15
1704626298 10
1704626330 11
1704626362 10
1704626394 17
1704626426 49
1704626458 18
1704626490 9



# Sketch: 23
1704625914 16
1704625946 26
1704625978 25
1704626010 24
1704626042 19
1704626074 12
1704626106 15
1704626138 20
1704626170 26
1704626202 17
1704626234 28
1704626266 8
1704626298 26
1704626330 21
1704626362 16
1704626394 18
1704626426 24
1704626458 23
1704626490 9



# Sketch: 24
1704625914 9
1704625946 9
1704625978 8
1704626010 20
1704626042 5
1704626074 7
1704626106 16
1704626138 18
1704626170 16
1704626202 25
1704626234 12
1704626266 11
1704626298 13
1704626330 17
1704626362 3
1704626394 6
1704626426 20
1704626458 11
1704626490 4



# Sketch: 25
1704625914 14
1704625946 25
1704625978 24
1704626010 4
1704626042 16
1704626074 14
1704626106 7
1704626138 9
1704626170 20
1704626202 20
1704626234 5
1704626266 20
1704626298 15
1704626330 13
1704626362 12
1704626394 21
1704626426 24
1704626458 14
1704626490 7



# Sketch: 26
1704625914 8
1704625946 17
1704625978 17
1704626010 11
1704626042 17
1704626074 9
1704626106 16
1704626138 10
1704626170 13
1704626202 17
1704626234 15
1704626266 19
1704626298 27
1704626330 15
1704626362 16
1704626394 12
1704626426 18
1704626458 19
1704626490 10



# Sketch: 27
1704625914 7
1704625946 10
1704625978 12
1704626010 20
1704626042 21
1704626074 10
1704626106 11
1704626138 10
1704626170 14
1704626202 16
1704626234 16
1704626266 12
1704626298 13
1704626330 11
1704626362 5
1704626394 22
1704626426 10
1704626458 13
1704626490 9



# Sketch: 28
1704625914 15
1704625946 21
1704625978 22
1704626010 15
1704626042 24
1704626074 14
1704626106 14
1704626138 17
1704626170 22
1704626202 14
1704626234 10
1704626266 26
1704626298 14
1704626330 11
1704626362 9
1704626394 13
1704626426 19
1704626458 15
1704626490 8



# Sketch: 29
1704625914 27
1704625946 10
1704625978 9
1704626010 14
1704626042 17
1704626074 13
1704626106 6
1704626138 9
1704626170 13
1704626202 3
1704626234 20
1704626266 14
1704626298 13
1704626330 16
1704626362 13
1704626394 16
1704626426 16
1704626458 15
1704626490 10



# Sketch: 30
1704625914 20
1704625946 10
1704625978 10
1704626010 9
1704626042 14
1704626074 24
1704626106 8
1704626138 14
1704626170 18
1704626202 16
1704626234 6
1704626266 11
1704626298 13
1704626330 4
1704626362 10
1704626394 13
1704626426 15
1704626458 2
1704626490 6



# Sketch: 31
1704625914 17
1704625946 22
1704625978 8
1704626010 9
1704626042 29
1704626074 12
1704626106 3
1704626138 20
1704626170 5
1704626202 12
1704626234 15
1704626266 14
1704626298 17
1704626330 18
1704626362 7
1704626394 9
1704626426 11
1704626458 12
1704626490 13

