

# Sketch: 0
1704625914 14
1704625978 38
1704626042 26
1704626106 36
1704626170 73
1704626234 67
1704626298 36
1704626362 39
1704626426 43
1704626490 18



# Sketch: 1
1704625914 23
1704625978 26
1704626042 38
1704626106 39
1704626170 32
1704626234 36
1704626298 28
1704626362 36
1704626426 47
1704626490 19



# Sketch: 2
1704625914 21
1704625978 28
1704626042 20
1704626106 14
1704626170 23
1704626234 35
1704626298 24
1704626362 26
1704626426 34
1704626490 13



# Sketch: 3
1704625914 16
1704625978 21
1704626042 29
1704626106 26
1704626170 16
1704626234 19
1704626298 29
1704626362 33
1704626426 22
1704626490 10



# Sketch: 4
1704625914 45
1704625978 29
1704626042 25
1704626106 29
1704626170 24
1704626234 27
1704626298 43
1704626362 22
1704626426 28
1704626490 5



# Sketch: 5
1704625914 18
1704625978 55
1704626042 29
1704626106 21
1704626170 25
1704626234 25
1704626298 40
1704626362 30
1704626426 16
1704626490 7



# Sketch: 6
1704625914 30
1704625978 29
1704626042 28
1704626106 34
1704626170 16
1704626234 28
1704626298 32
1704626362 23
1704626426 29
1704626490 10



# Sketch: 7
1704625914 57
1704625978 24
1704626042 30
1704626106 31
1704626170 22
1704626234 28
1704626298 40
1704626362 41
1704626426 27
1704626490 16



# Sketch: 8
1704625914 23
1704625978 39
1704626042 43
1704626106 18
1704626170 24
1704626234 25
1704626298 25
1704626362 28
1704626426 23
1704626490 12



# Sketch: 9
1704625914 25
1704625978 18
1704626042 24
1704626106 28
1704626170 24
1704626234 43
1704626298 26
1704626362 31
1704626426 45
1704626490 8



# Sketch: 10
1704625914 64
1704625978 19
1704626042 27
1704626106 35
1704626170 34
1704626234 38
1704626298 27
1704626362 30
1704626426 31
1704626490 8



# Sketch: 11
1704625914 23
1704625978 22
1704626042 23
1704626106 21
1704626170 10
1704626234 12
1704626298 27
1704626362 24
1704626426 30
1704626490 3



# Sketch: 12
1704625914 41
1704625978 35
1704626042 41
1704626106 23
1704626170 40
1704626234 35
1704626298 42
1704626362 26
1704626426 45
1704626490 9



# Sketch: 13
1704625914 43
1704625978 38
1704626042 25
1704626106 26
1704626170 24
1704626234 18
1704626298 32
1704626362 25
1704626426 67
1704626490 13



# Sketch: 14
1704625914 32
1704625978 29
1704626042 29
1704626106 37
1704626170 40
1704626234 30
1704626298 31
1704626362 35
1704626426 59
1704626490 8



# Sketch: 15
1704625914 41
1704625978 18
1704626042 42
1704626106 29
1704626170 34
1704626234 22
1704626298 37
1704626362 33
1704626426 37
1704626490 15



# Sketch: 16
1704625914 34
1704625978 33
1704626042 24
1704626106 28
1704626170 37
1704626234 40
1704626298 35
1704626362 34
1704626426 31
1704626490 8



# Sketch: 17
1704625914 49
1704625978 23
1704626042 31
1704626106 22
1704626170 27
1704626234 38
1704626298 25
1704626362 43
1704626426 27
1704626490 9



# Sketch: 18
1704625914 38
1704625978 51
1704626042 24
1704626106 49
1704626170 121
1704626234 67
1704626298 37
1704626362 34
1704626426 52
1704626490 11



# Sketch: 19
1704625914 53
1704625978 26
1704626042 52
1704626106 20
1704626170 33
1704626234 34
1704626298 30
1704626362 30
1704626426 38
1704626490 13



# Sketch: 20
1704625914 36
1704625978 33
1704626042 47
1704626106 19
1704626170 30
1704626234 27
1704626298 49
1704626362 36
1704626426 28
1704626490 12



# Sketch: 21
1704625914 39
1704625978 32
1704626042 101
1704626106 31
1704626170 29
1704626234 51
1704626298 35
1704626362 38
1704626426 20
1704626490 13



# Sketch: 22
1704625914 17
1704625978 41
1704626042 34
1704626106 13
1704626170 19
1704626234 37
1704626298 26
1704626362 16
1704626426 41
1704626490 3



# Sketch: 23
1704625914 37
1704625978 26
1704626042 41
1704626106 44
1704626170 43
1704626234 41
1704626298 31
1704626362 37
1704626426 41
1704626490 13



# Sketch: 24
1704625914 26
1704625978 29
1704626042 43
1704626106 16
1704626170 21
1704626234 19
1704626298 29
1704626362 22
1704626426 27
1704626490 5



# Sketch: 25
1704625914 54
1704625978 44
1704626042 47
1704626106 36
1704626170 21
1704626234 40
1704626298 36
1704626362 41
1704626426 44
1704626490 13



# Sketch: 26
1704625914 35
1704625978 20
1704626042 31
1704626106 21
1704626170 31
1704626234 23
1704626298 32
1704626362 31
1704626426 23
1704626490 5



# Sketch: 27
1704625914 31
1704625978 49
1704626042 21
1704626106 64
1704626170 81
1704626234 34
1704626298 46
1704626362 52
1704626426 75
1704626490 17



# Sketch: 28
1704625914 30
1704625978 24
1704626042 34
1704626106 20
1704626170 28
1704626234 48
1704626298 27
1704626362 25
1704626426 27
1704626490 11



# Sketch: 29
1704625914 19
1704625978 29
1704626042 17
1704626106 18
1704626170 39
1704626234 25
1704626298 17
1704626362 41
1704626426 22
1704626490 10



# Sketch: 30
1704625914 41
1704625978 22
1704626042 34
1704626106 30
1704626170 26
1704626234 30
1704626298 31
1704626362 47
1704626426 48
1704626490 6



# Sketch: 31
1704625914 33
1704625978 22
1704626042 30
1704626106 20
1704626170 27
1704626234 33
1704626298 20
1704626362 29
1704626426 28
1704626490 6

