

# Sketch: 0
1704625914 19
1704625946 7
1704625978 11
1704626010 6
1704626042 13
1704626074 17
1704626106 15
1704626138 9
1704626170 15
1704626202 15
1704626234 15
1704626266 20
1704626298 17
1704626330 16
1704626362 11
1704626394 10
1704626426 23
1704626458 20
1704626490 5



# Sketch: 1
1704625914 14
1704625946 17
1704625978 15
1704626010 7
1704626042 32
1704626074 23
1704626106 4
1704626138 10
1704626170 13
1704626202 14
1704626234 28
1704626266 18
1704626298 13
1704626330 22
1704626362 25
1704626394 24
1704626426 10
1704626458 12
1704626490 14



# Sketch: 2
1704625914 9
1704625946 9
1704625978 21
1704626010 17
1704626042 20
1704626074 8
1704626106 18
1704626138 14
1704626170 28
1704626202 33
1704626234 69
1704626266 10
1704626298 11
1704626330 17
1704626362 9
1704626394 10
1704626426 20
1704626458 28
1704626490 19



# Sketch: 3
1704625914 11
1704625946 12
1704625978 14
1704626010 12
1704626042 26
1704626074 7
1704626106 9
1704626138 6
1704626170 10
1704626202 10
1704626234 8
1704626266 14
1704626298 23
1704626330 13
1704626362 20
1704626394 12
1704626426 17
1704626458 9
1704626490 5



# Sketch: 4
1704625914 13
1704625946 25
1704625978 13
1704626010 12
1704626042 18
1704626074 17
1704626106 9
1704626138 15
1704626170 9
1704626202 9
1704626234 3
1704626266 13
1704626298 13
1704626330 9
1704626362 9
1704626394 13
1704626426 19
1704626458 14
1704626490 9



# Sketch: 5
1704625914 17
1704625946 18
1704625978 14
1704626010 14
1704626042 18
1704626074 15
1704626106 11
1704626138 15
1704626170 19
1704626202 6
1704626234 7
1704626266 12
1704626298 33
1704626330 11
1704626362 12
1704626394 8
1704626426 15
1704626458 23
1704626490 16



# Sketch: 6
1704625914 26
1704625946 16
1704625978 22
1704626010 15
1704626042 31
1704626074 18
1704626106 6
1704626138 20
1704626170 20
1704626202 10
1704626234 18
1704626266 21
1704626298 19
1704626330 15
1704626362 26
1704626394 28
1704626426 8
1704626458 42
1704626490 13



# Sketch: 7
1704625914 14
1704625946 17
1704625978 10
1704626010 11
1704626042 11
1704626074 16
1704626106 10
1704626138 16
1704626170 10
1704626202 12
1704626234 11
1704626266 14
1704626298 8
1704626330 17
1704626362 9
1704626394 16
1704626426 22
1704626458 13
1704626490 15



# Sketch: 8
1704625914 26
1704625946 13
1704625978 14
1704626010 23
1704626042 17
1704626074 9
1704626106 7
1704626138 12
1704626170 15
1704626202 19
1704626234 27
1704626266 20
1704626298 12
1704626330 6
1704626362 4
1704626394 17
1704626426 13
1704626458 19
1704626490 8



# Sketch: 9
1704625914 14
1704625946 18
1704625978 16
1704626010 21
1704626042 44
1704626074 49
1704626106 10
1704626138 20
1704626170 10
1704626202 16
1704626234 16
1704626266 18
1704626298 9
1704626330 18
1704626362 9
1704626394 18
1704626426 17
1704626458 21
1704626490 13



# Sketch: 10
1704625914 12
1704625946 13
1704625978 15
1704626010 16
1704626042 19
1704626074 13
1704626106 15
1704626138 16
1704626170 19
1704626202 5
1704626234 26
1704626266 15
1704626298 14
1704626330 19
1704626362 3
1704626394 20
1704626426 11
1704626458 22
1704626490 12



# Sketch: 11
1704625914 29
1704625946 20
1704625978 20
1704626010 14
1704626042 14
1704626074 14
1704626106 12
1704626138 25
1704626170 25
1704626202 12
1704626234 12
1704626266 16
1704626298 24
1704626330 28
1704626362 12
1704626394 20
1704626426 36
1704626458 18
1704626490 22



# Sketch: 12
1704625914 15
1704625946 11
1704625978 15
1704626010 15
1704626042 7
1704626074 17
1704626106 12
1704626138 11
1704626170 11
1704626202 10
1704626234 9
1704626266 23
1704626298 8
1704626330 9
1704626362 11
1704626394 17
1704626426 17
1704626458 16
1704626490 14



# Sketch: 13
1704625914 24
1704625946 21
1704625978 26
1704626010 10
1704626042 14
1704626074 27
1704626106 6
1704626138 13
1704626170 17
1704626202 6
1704626234 18
1704626266 15
1704626298 12
1704626330 24
1704626362 12
1704626394 16
1704626426 21
1704626458 40
1704626490 5



# Sketch: 14
1704625914 18
1704625946 36
1704625978 15
1704626010 17
1704626042 19
1704626074 8
1704626106 13
1704626138 23
1704626170 17
1704626202 9
1704626234 27
1704626266 23
1704626298 19
1704626330 16
1704626362 21
1704626394 17
1704626426 9
1704626458 12
1704626490 9



# Sketch: 15
1704625914 15
1704625946 17
1704625978 11
1704626010 12
1704626042 16
1704626074 17
1704626106 25
1704626138 14
1704626170 11
1704626202 11
1704626234 13
1704626266 7
1704626298 18
1704626330 9
1704626362 15
1704626394 20
1704626426 16
1704626458 14
1704626490 10



# Sketch: 16
1704625914 8
1704625946 10
1704625978 8
1704626010 12
1704626042 11
1704626074 10
1704626106 7
1704626138 12
1704626170 12
1704626202 12
1704626234 19
1704626266 12
1704626298 24
1704626330 33
1704626362 6
1704626394 21
1704626426 20
1704626458 10
1704626490 10



# Sketch: 17
1704625914 11
1704625946 31
1704625978 16
1704626010 13
1704626042 15
1704626074 13
1704626106 22
1704626138 7
1704626170 17
1704626202 17
1704626234 25
1704626266 9
1704626298 22
1704626330 17
1704626362 9
1704626394 14
1704626426 14
1704626458 19
1704626490 8



# Sketch: 18
1704625914 10
1704625946 15
1704625978 8
1704626010 13
1704626042 15
1704626074 12
1704626106 8
1704626138 22
1704626170 10
1704626202 15
1704626234 11
1704626266 15
1704626298 21
1704626330 8
1704626362 7
1704626394 19
1704626426 26
1704626458 13
1704626490 5



# Sketch: 19
1704625914 10
1704625946 22
1704625978 16
1704626010 20
1704626042 22
1704626074 11
1704626106 9
1704626138 8
1704626170 16
1704626202 19
1704626234 5
1704626266 11
1704626298 8
1704626330 13
1704626362 16
1704626394 10
1704626426 16
1704626458 18
1704626490 3



# Sketch: 20
1704625914 15
1704625946 24
1704625978 20
1704626010 17
1704626042 21
1704626074 20
1704626106 7
1704626138 11
1704626170 8
1704626202 14
1704626234 9
1704626266 13
1704626298 12
1704626330 18
1704626362 9
1704626394 19
1704626426 17
1704626458 10
1704626490 7



# Sketch: 21
1704625914 30
1704625946 21
1704625978 20
1704626010 24
1704626042 17
1704626074 15
1704626106 46
1704626138 17
1704626170 42
1704626202 54
1704626234 43
1704626266 13
1704626298 9
1704626330 31
1704626362 25
1704626394 16
1704626426 18
1704626458 38
1704626490 14



# Sketch: 22
1704625914 23
1704625946 18
1704625978 24
1704626010 15
1704626042 18
1704626074 14
1704626106 10
1704626138 21
1704626170 12
1704626202 18
1704626234 19
1704626266 10
1704626298 16
1704626330 11
1704626362 32
1704626394 20
1704626426 17
1704626458 11
1704626490 7



# Sketch: 23
1704625914 15
1704625946 25
1704625978 7
1704626010 18
1704626042 22
1704626074 8
1704626106 9
1704626138 15
1704626170 19
1704626202 20
1704626234 10
1704626266 17
1704626298 17
1704626330 13
1704626362 16
1704626394 23
1704626426 22
1704626458 17
1704626490 11



# Sketch: 24
1704625914 13
1704625946 11
1704625978 7
1704626010 13
1704626042 16
1704626074 15
1704626106 16
1704626138 7
1704626170 14
1704626202 17
1704626234 9
1704626266 14
1704626298 12
1704626330 15
1704626362 3
1704626394 18
1704626426 19
1704626458 19
1704626490 4



# Sketch: 25
1704625914 33
1704625946 9
1704625978 15
1704626010 12
1704626042 44
1704626074 17
1704626106 18
1704626138 32
1704626170 23
1704626202 12
1704626234 15
1704626266 25
1704626298 16
1704626330 14
1704626362 11
1704626394 37
1704626426 24
1704626458 26
1704626490 13



# Sketch: 26
1704625914 17
1704625946 6
1704625978 15
1704626010 21
1704626042 20
1704626074 11
1704626106 9
1704626138 12
1704626170 9
1704626202 12
1704626234 7
1704626266 10
1704626298 22
1704626330 16
1704626362 25
1704626394 32
1704626426 22
1704626458 11
1704626490 7



# Sketch: 27
1704625914 18
1704625946 28
1704625978 40
1704626010 22
1704626042 22
1704626074 18
1704626106 29
1704626138 18
1704626170 63
1704626202 60
1704626234 39
1704626266 23
1704626298 19
1704626330 30
1704626362 18
1704626394 26
1704626426 19
1704626458 28
1704626490 13



# Sketch: 28
1704625914 14
1704625946 22
1704625978 13
1704626010 21
1704626042 4
1704626074 22
1704626106 12
1704626138 22
1704626170 24
1704626202 19
1704626234 10
1704626266 22
1704626298 13
1704626330 12
1704626362 19
1704626394 16
1704626426 18
1704626458 9
1704626490 7



# Sketch: 29
1704625914 14
1704625946 12
1704625978 14
1704626010 10
1704626042 11
1704626074 4
1704626106 17
1704626138 8
1704626170 8
1704626202 17
1704626234 22
1704626266 13
1704626298 21
1704626330 9
1704626362 9
1704626394 19
1704626426 17
1704626458 14
1704626490 4



# Sketch: 30
1704625914 14
1704625946 13
1704625978 7
1704626010 14
1704626042 12
1704626074 11
1704626106 7
1704626138 13
1704626170 10
1704626202 13
1704626234 24
1704626266 17
1704626298 16
1704626330 11
1704626362 13
1704626394 17
1704626426 15
1704626458 12
1704626490 10



# Sketch: 31
1704625914 9
1704625946 21
1704625978 10
1704626010 13
1704626042 12
1704626074 13
1704626106 5
1704626138 21
1704626170 13
1704626202 9
1704626234 10
1704626266 8
1704626298 16
1704626330 8
1704626362 14
1704626394 25
1704626426 6
1704626458 13
1704626490 17

