

# Sketch: 0
0 1.25508
1 1.69204
2 1.57815
3 1.34517
4 1.50959
5 1.15192
6 1.5437
7 0.473415



# Sketch: 1
0 0.352469
1 0.280312
2 0.264584
3 0.280211
4 0.37926
5 0.393588
6 0.330539
7 0.604005



# Sketch: 2
0 0.445285
1 0.342681
2 0.212878
3 0.145147
4 0.134887
5 0.309079
6 0.273445
7 0.369704



# Sketch: 3
0 2.34188
1 2.07369
2 1.58325
3 1.70526
4 1.86927
5 2.07808
6 2.67809
7 3.53079



# Sketch: 4
0 0.208771
1 0.316061
2 0.151672
3 0.202423
4 0.353628
5 0.599047
6 0.485436
7 0.632116



# Sketch: 5
0 0.881846
1 0.730779
2 0.536959
3 0.659989
4 0.436072
5 0.407162
6 0.396283
7 0.632511



# Sketch: 6
0 0.451842
1 0.323603
2 0.559065
3 0.336782
4 0.329626
5 1.27298
6 1.29468
7 0.433488



# Sketch: 7
0 0.26136
1 0.358921
2 0.397987
3 0.329778
4 0.310475
5 0.316445
6 0.459751
7 0.671455



# Sketch: 8
0 1.40223
1 1.35702
2 1.07898
3 0.887665
4 0.569281
5 0.560357
6 0.583909
7 0.809211



# Sketch: 9
0 0.492948
1 0.621874
2 0.314823
3 0.315372
4 0.338584
5 0.377018
6 0.532909
7 2.40205



# Sketch: 10
0 1.25107
1 1.17915
2 0.932836
3 0.881073
4 0.664151
5 0.541232
6 0.523997
7 1.22445



# Sketch: 11
0 0.813731
1 0.556681
2 0.268695
3 0.178097
4 0.335317
5 0.48207
6 0.504282
7 0.659856



# Sketch: 12
0 1.66552
1 0.795147
2 1.1972
3 0.867169
4 0.280249
5 0.265651
6 0.376082
7 0.376734



# Sketch: 13
0 0.54087
1 0.959201
2 1.0932
3 0.851823
4 1.18327
5 0.661281
6 0.622355
7 0.509622



# Sketch: 14
0 0.30242
1 0.420862
2 0.303533
3 0.145875
4 0.289332
5 0.273253
6 0.302581
7 0.632247



# Sketch: 15
0 1.09095
1 0.894587
2 0.709061
3 0.73662
4 0.540288
5 0.462553
6 0.43743
7 0.454108



# Sketch: 16
0 2.19117
1 1.93595
2 1.05738
3 1.00294
4 0.598162
5 0.672821
6 0.506542
7 0.416331



# Sketch: 17
0 0.487721
1 0.431604
2 0.389528
3 0.530905
4 0.359183
5 0.631857
6 0.929902
7 0.605979



# Sketch: 18
0 0.566065
1 0.745761
2 0.579073
3 0.539852
4 0.499985
5 0.536845
6 0.549362
7 0.681256



# Sketch: 19
0 1.08855
1 1.07587
2 0.469655
3 0.560999
4 0.491853
5 0.458977
6 0.352943
7 0.656605



# Sketch: 20
0 0.469817
1 0.451385
2 0.667025
3 0.697061
4 0.451516
5 0.780076
6 1.228
7 1.04955



# Sketch: 21
0 0.92603
1 1.00382
2 0.480581
3 0.38572
4 0.397212
5 0.383053
6 0.467652
7 0.67814



# Sketch: 22
0 0.536913
1 1.01284
2 1.06102
3 1.05225
4 0.312408
5 0.35636
6 0.284763
7 0.632012



# Sketch: 23
0 1.25016
1 1.45682
2 1.03779
3 1.14855
4 2.18234
5 0.835845
6 0.715938
7 0.59238



# Sketch: 24
0 1.39549
1 1.0757
2 0.759878
3 0.795895
4 0.612216
5 0.59544
6 0.52431
7 0.700051



# Sketch: 25
0 2.07827
1 1.03204
2 1.02761
3 0.149426
4 0.0930659
5 0.15762
6 0.442754
7 1.63185



# Sketch: 26
0 0.957605
1 0.913528
2 0.747558
3 0.695191
4 0.555173
5 0.541316
6 0.468037
7 0.650142



# Sketch: 27
0 2.00355
1 2.52456
2 2.05505
3 1.78053
4 0.53468
5 0.800551
6 0.0522447
7 0.531403



# Sketch: 28
0 0.720064
1 0.360073
2 0.728876
3 0.992089
4 0.976665
5 1.20761
6 1.63418
7 0.547355



# Sketch: 29
0 2.39739
1 2.0002
2 1.54834
3 1.37833
4 1.49278
5 0.861413
6 0.81635
7 1.11669



# Sketch: 30
0 1.53471
1 1.53112
2 1.23242
3 1.10188
4 0.879058
5 0.850612
6 0.810358
7 0.588776



# Sketch: 31
0 1.96187
1 1.84321
2 1.37979
3 1.44314
4 0.954955
5 0.772942
6 0.660562
7 0.66665

