

# Sketch: 0
1704625914 25
1704625978 27
1704626042 43
1704626106 29
1704626170 34
1704626234 34
1704626298 34
1704626362 20
1704626426 41
1704626490 8



# Sketch: 1
1704625914 41
1704625978 28
1704626042 30
1704626106 30
1704626170 35
1704626234 29
1704626298 49
1704626362 38
1704626426 30
1704626490 5



# Sketch: 2
1704625914 38
1704625978 20
1704626042 38
1704626106 22
1704626170 28
1704626234 24
1704626298 19
1704626362 25
1704626426 36
1704626490 6



# Sketch: 3
1704625914 26
1704625978 17
1704626042 19
1704626106 18
1704626170 30
1704626234 16
1704626298 22
1704626362 20
1704626426 19
1704626490 6



# Sketch: 4
1704625914 32
1704625978 31
1704626042 20
1704626106 23
1704626170 18
1704626234 29
1704626298 35
1704626362 35
1704626426 41
1704626490 8



# Sketch: 5
1704625914 28
1704625978 39
1704626042 37
1704626106 21
1704626170 16
1704626234 28
1704626298 29
1704626362 35
1704626426 30
1704626490 9



# Sketch: 6
1704625914 33
1704625978 24
1704626042 13
1704626106 29
1704626170 23
1704626234 23
1704626298 25
1704626362 30
1704626426 22
1704626490 6



# Sketch: 7
1704625914 32
1704625978 24
1704626042 100
1704626106 24
1704626170 32
1704626234 45
1704626298 17
1704626362 30
1704626426 23
1704626490 11



# Sketch: 8
1704625914 27
1704625978 31
1704626042 40
1704626106 31
1704626170 26
1704626234 27
1704626298 34
1704626362 44
1704626426 126
1704626490 9



# Sketch: 9
1704625914 22
1704625978 17
1704626042 18
1704626106 21
1704626170 36
1704626234 25
1704626298 38
1704626362 19
1704626426 26
1704626490 4



# Sketch: 10
1704625914 26
1704625978 24
1704626042 36
1704626106 33
1704626170 31
1704626234 42
1704626298 26
1704626362 48
1704626426 44
1704626490 21



# Sketch: 11
1704625914 32
1704625978 35
1704626042 25
1704626106 18
1704626170 21
1704626234 19
1704626298 28
1704626362 29
1704626426 21
1704626490 6



# Sketch: 12
1704625914 29
1704625978 15
1704626042 39
1704626106 23
1704626170 26
1704626234 24
1704626298 18
1704626362 23
1704626426 25
1704626490 14



# Sketch: 13
1704625914 20
1704625978 27
1704626042 32
1704626106 20
1704626170 19
1704626234 26
1704626298 26
1704626362 37
1704626426 29
1704626490 5



# Sketch: 14
1704625914 38
1704625978 41
1704626042 26
1704626106 65
1704626170 86
1704626234 72
1704626298 39
1704626362 45
1704626426 40
1704626490 18



# Sketch: 15
1704625914 63
1704625978 31
1704626042 34
1704626106 43
1704626170 43
1704626234 23
1704626298 26
1704626362 27
1704626426 67
1704626490 11



# Sketch: 16
1704625914 24
1704625978 40
1704626042 22
1704626106 23
1704626170 50
1704626234 25
1704626298 34
1704626362 32
1704626426 26
1704626490 6



# Sketch: 17
1704625914 52
1704625978 30
1704626042 41
1704626106 33
1704626170 31
1704626234 35
1704626298 27
1704626362 37
1704626426 51
1704626490 4



# Sketch: 18
1704625914 26
1704625978 43
1704626042 28
1704626106 47
1704626170 75
1704626234 47
1704626298 32
1704626362 34
1704626426 41
1704626490 17



# Sketch: 19
1704625914 33
1704625978 18
1704626042 33
1704626106 52
1704626170 21
1704626234 26
1704626298 26
1704626362 41
1704626426 24
1704626490 9



# Sketch: 20
1704625914 59
1704625978 49
1704626042 36
1704626106 33
1704626170 25
1704626234 40
1704626298 31
1704626362 28
1704626426 35
1704626490 16



# Sketch: 21
1704625914 40
1704625978 16
1704626042 42
1704626106 20
1704626170 12
1704626234 25
1704626298 24
1704626362 38
1704626426 22
1704626490 15



# Sketch: 22
1704625914 34
1704625978 59
1704626042 18
1704626106 34
1704626170 111
1704626234 74
1704626298 56
1704626362 31
1704626426 47
1704626490 23



# Sketch: 23
1704625914 32
1704625978 22
1704626042 29
1704626106 16
1704626170 31
1704626234 35
1704626298 30
1704626362 30
1704626426 18
1704626490 10



# Sketch: 24
1704625914 49
1704625978 41
1704626042 34
1704626106 32
1704626170 22
1704626234 37
1704626298 40
1704626362 32
1704626426 20
1704626490 10



# Sketch: 25
1704625914 35
1704625978 20
1704626042 33
1704626106 21
1704626170 26
1704626234 16
1704626298 44
1704626362 30
1704626426 50
1704626490 5



# Sketch: 26
1704625914 20
1704625978 31
1704626042 35
1704626106 10
1704626170 23
1704626234 21
1704626298 33
1704626362 27
1704626426 29
1704626490 7



# Sketch: 27
1704625914 21
1704625978 26
1704626042 24
1704626106 22
1704626170 22
1704626234 16
1704626298 32
1704626362 33
1704626426 32
1704626490 10



# Sketch: 28
1704625914 49
1704625978 61
1704626042 41
1704626106 20
1704626170 40
1704626234 62
1704626298 30
1704626362 44
1704626426 36
1704626490 11



# Sketch: 29
1704625914 25
1704625978 23
1704626042 57
1704626106 20
1704626170 22
1704626234 40
1704626298 17
1704626362 27
1704626426 30
1704626490 11



# Sketch: 30
1704625914 44
1704625978 38
1704626042 25
1704626106 52
1704626170 31
1704626234 53
1704626298 58
1704626362 40
1704626426 33
1704626490 11



# Sketch: 31
1704625914 33
1704625978 24
1704626042 42
1704626106 13
1704626170 28
1704626234 37
1704626298 46
1704626362 29
1704626426 41
1704626490 17

