

# Sketch: 0
1704625914 4
1704625930 16
1704625946 4
1704625962 4
1704625978 2
1704625994 6
1704626010 5
1704626026 7
1704626042 28
1704626058 26
1704626074 31
1704626090 23
1704626106 8
1704626122 11
1704626138 8
1704626154 20
1704626170 12
1704626186 12
1704626202 4
1704626218 16
1704626234 17
1704626250 5
1704626266 3
1704626282 16
1704626298 10
1704626314 1
1704626330 3
1704626346 11
1704626362 3
1704626378 6
1704626394 28
1704626410 21
1704626426 7
1704626442 9
1704626458 37
1704626474 4
1704626490 6
1704626506 7



# Sketch: 1
1704625914 16
1704625930 9
1704625946 4
1704625962 12
1704625978 11
1704625994 8
1704626010 6
1704626026 1
1704626042 2
1704626058 8
1704626074 12
1704626090 5
1704626106 9
1704626122 1
1704626138 8
1704626154 4
1704626170 9
1704626186 5
1704626202 4
1704626218 6
1704626234 7
1704626250 4
1704626266 3
1704626282 7
1704626298 8
1704626314 3
1704626330 2
1704626346 2
1704626362 5
1704626378 12
1704626394 5
1704626410 13
1704626426 2
1704626442 7
1704626458 4
1704626474 6
1704626490 9
1704626506 5



# Sketch: 2
1704625914 10
1704625930 7
1704625946 18
1704625962 10
1704625978 9
1704625994 6
1704626010 12
1704626026 7
1704626042 8
1704626058 20
1704626074 4
1704626090 8
1704626106 14
1704626122 11
1704626138 11
1704626154 12
1704626170 40
1704626186 15
1704626202 25
1704626218 39
1704626234 28
1704626250 22
1704626266 2
1704626282 5
1704626298 10
1704626314 11
1704626330 12
1704626346 20
1704626362 12
1704626378 20
1704626394 17
1704626410 11
1704626426 12
1704626442 6
1704626458 11
1704626474 11
1704626490 10
1704626506 2



# Sketch: 3
1704625914 5
1704625930 13
1704625946 3
1704625962 3
1704625978 12
1704625994 9
1704626010 4
1704626026 6
1704626042 7
1704626058 6
1704626074 8
1704626090 24
1704626106 11
1704626122 3
1704626138 6
1704626154 9
1704626170 6
1704626186 1
1704626202 11
1704626218 11
1704626234 10
1704626250 3
1704626266 4
1704626282 9
1704626298 22
1704626314 10
1704626330 3
1704626346 4
1704626362 8
1704626378 1
1704626394 6
1704626410 4
1704626426 9
1704626442 6
1704626458 4
1704626474 11
1704626490 5
1704626506 1



# Sketch: 4
1704625914 10
1704625930 7
1704625946 3
1704625962 10
1704625978 4
1704625994 9
1704626010 1
1704626026 6
1704626042 4
1704626058 10
1704626074 8
1704626090 6
1704626106 7
1704626122 3
1704626138 8
1704626154 4
1704626170 3
1704626186 3
1704626202 15
1704626218 4
1704626234 3
1704626250 4
1704626266 4
1704626282 6
1704626298 11
1704626314 4
1704626330 5
1704626346 4
1704626362 5
1704626378 3
1704626394 10
1704626410 3
1704626426 11
1704626442 11
1704626458 2
1704626474 7
1704626490 6
1704626506 0



# Sketch: 5
1704625914 12
1704625930 2
1704625946 5
1704625962 19
1704625978 19
1704625994 9
1704626010 3
1704626026 12
1704626042 10
1704626058 14
1704626074 4
1704626090 6
1704626106 5
1704626122 4
1704626138 9
1704626154 14
1704626170 10
1704626186 5
1704626202 5
1704626218 6
1704626234 18
1704626250 5
1704626266 17
1704626282 12
1704626298 8
1704626314 4
1704626330 6
1704626346 4
1704626362 4
1704626378 7
1704626394 10
1704626410 15
1704626426 6
1704626442 9
1704626458 11
1704626474 16
1704626490 4
1704626506 0



# Sketch: 6
1704625914 9
1704625930 16
1704625946 7
1704625962 8
1704625978 11
1704625994 6
1704626010 1
1704626026 8
1704626042 5
1704626058 21
1704626074 2
1704626090 5
1704626106 7
1704626122 5
1704626138 6
1704626154 2
1704626170 10
1704626186 20
1704626202 8
1704626218 4
1704626234 9
1704626250 19
1704626266 4
1704626282 12
1704626298 11
1704626314 8
1704626330 11
1704626346 3
1704626362 4
1704626378 11
1704626394 7
1704626410 20
1704626426 17
1704626442 23
1704626458 18
1704626474 6
1704626490 14
1704626506 6



# Sketch: 7
1704625914 9
1704625930 1
1704625946 9
1704625962 6
1704625978 23
1704625994 13
1704626010 8
1704626026 6
1704626042 2
1704626058 5
1704626074 2
1704626090 2
1704626106 5
1704626122 10
1704626138 11
1704626154 4
1704626170 4
1704626186 5
1704626202 4
1704626218 3
1704626234 3
1704626250 10
1704626266 8
1704626282 6
1704626298 5
1704626314 2
1704626330 23
1704626346 4
1704626362 7
1704626378 4
1704626394 4
1704626410 5
1704626426 6
1704626442 17
1704626458 5
1704626474 6
1704626490 4
1704626506 4



# Sketch: 8
1704625914 6
1704625930 2
1704625946 2
1704625962 3
1704625978 4
1704625994 3
1704626010 6
1704626026 12
1704626042 5
1704626058 7
1704626074 3
1704626090 8
1704626106 4
1704626122 7
1704626138 10
1704626154 6
1704626170 13
1704626186 3
1704626202 6
1704626218 3
1704626234 8
1704626250 5
1704626266 7
1704626282 3
1704626298 4
1704626314 5
1704626330 16
1704626346 11
1704626362 2
1704626378 1
1704626394 6
1704626410 7
1704626426 4
1704626442 3
1704626458 4
1704626474 7
1704626490 2
1704626506 2



# Sketch: 9
1704625914 11
1704625930 11
1704625946 7
1704625962 10
1704625978 6
1704625994 5
1704626010 8
1704626026 15
1704626042 8
1704626058 3
1704626074 10
1704626090 6
1704626106 15
1704626122 5
1704626138 16
1704626154 3
1704626170 4
1704626186 6
1704626202 6
1704626218 12
1704626234 11
1704626250 8
1704626266 6
1704626282 8
1704626298 6
1704626314 2
1704626330 16
1704626346 3
1704626362 7
1704626378 18
1704626394 11
1704626410 9
1704626426 3
1704626442 15
1704626458 6
1704626474 10
1704626490 7
1704626506 1



# Sketch: 10
1704625914 5
1704625930 3
1704625946 10
1704625962 2
1704625978 12
1704625994 7
1704626010 4
1704626026 2
1704626042 3
1704626058 6
1704626074 7
1704626090 10
1704626106 1
1704626122 0
1704626138 8
1704626154 5
1704626170 7
1704626186 3
1704626202 10
1704626218 10
1704626234 0
1704626250 9
1704626266 5
1704626282 4
1704626298 4
1704626314 4
1704626330 6
1704626346 2
1704626362 8
1704626378 15
1704626394 3
1704626410 11
1704626426 3
1704626442 25
1704626458 6
1704626474 7
1704626490 7
1704626506 0



# Sketch: 11
1704625914 10
1704625930 1
1704625946 14
1704625962 13
1704625978 7
1704625994 5
1704626010 12
1704626026 3
1704626042 5
1704626058 3
1704626074 5
1704626090 6
1704626106 7
1704626122 11
1704626138 10
1704626154 1
1704626170 6
1704626186 12
1704626202 10
1704626218 6
1704626234 9
1704626250 4
1704626266 8
1704626282 7
1704626298 11
1704626314 17
1704626330 14
1704626346 1
1704626362 7
1704626378 7
1704626394 4
1704626410 8
1704626426 7
1704626442 9
1704626458 6
1704626474 5
1704626490 3
1704626506 2



# Sketch: 12
1704625914 9
1704625930 10
1704625946 6
1704625962 2
1704625978 14
1704625994 13
1704626010 12
1704626026 8
1704626042 6
1704626058 12
1704626074 6
1704626090 12
1704626106 11
1704626122 9
1704626138 9
1704626154 16
1704626170 27
1704626186 14
1704626202 13
1704626218 25
1704626234 9
1704626250 9
1704626266 8
1704626282 11
1704626298 4
1704626314 6
1704626330 10
1704626346 19
1704626362 14
1704626378 11
1704626394 16
1704626410 7
1704626426 6
1704626442 23
1704626458 13
1704626474 17
1704626490 15
1704626506 2



# Sketch: 13
1704625914 19
1704625930 10
1704625946 13
1704625962 11
1704625978 14
1704625994 9
1704626010 14
1704626026 10
1704626042 5
1704626058 6
1704626074 7
1704626090 8
1704626106 14
1704626122 11
1704626138 12
1704626154 10
1704626170 43
1704626186 6
1704626202 5
1704626218 43
1704626234 41
1704626250 14
1704626266 8
1704626282 8
1704626298 6
1704626314 7
1704626330 8
1704626346 14
1704626362 13
1704626378 5
1704626394 13
1704626410 9
1704626426 11
1704626442 16
1704626458 21
1704626474 13
1704626490 15
1704626506 2



# Sketch: 14
1704625914 7
1704625930 13
1704625946 18
1704625962 11
1704625978 6
1704625994 2
1704626010 5
1704626026 8
1704626042 7
1704626058 9
1704626074 10
1704626090 5
1704626106 7
1704626122 2
1704626138 4
1704626154 17
1704626170 14
1704626186 7
1704626202 6
1704626218 1
1704626234 6
1704626250 7
1704626266 4
1704626282 15
1704626298 7
1704626314 5
1704626330 8
1704626346 4
1704626362 6
1704626378 4
1704626394 5
1704626410 8
1704626426 5
1704626442 6
1704626458 5
1704626474 5
1704626490 4
1704626506 3



# Sketch: 15
1704625914 8
1704625930 5
1704625946 5
1704625962 9
1704625978 7
1704625994 4
1704626010 3
1704626026 19
1704626042 13
1704626058 6
1704626074 5
1704626090 13
1704626106 3
1704626122 4
1704626138 3
1704626154 15
1704626170 7
1704626186 3
1704626202 9
1704626218 8
1704626234 7
1704626250 1
1704626266 5
1704626282 1
1704626298 7
1704626314 2
1704626330 16
1704626346 16
1704626362 6
1704626378 9
1704626394 10
1704626410 10
1704626426 3
1704626442 5
1704626458 4
1704626474 4
1704626490 7
1704626506 7



# Sketch: 16
1704625914 18
1704625930 2
1704625946 16
1704625962 20
1704625978 4
1704625994 3
1704626010 12
1704626026 6
1704626042 2
1704626058 9
1704626074 2
1704626090 2
1704626106 7
1704626122 11
1704626138 16
1704626154 1
1704626170 11
1704626186 2
1704626202 7
1704626218 11
1704626234 9
1704626250 21
1704626266 8
1704626282 4
1704626298 3
1704626314 20
1704626330 4
1704626346 4
1704626362 17
1704626378 12
1704626394 3
1704626410 8
1704626426 8
1704626442 15
1704626458 11
1704626474 8
1704626490 4
1704626506 5



# Sketch: 17
1704625914 11
1704625930 4
1704625946 13
1704625962 7
1704625978 5
1704625994 4
1704626010 2
1704626026 10
1704626042 3
1704626058 2
1704626074 6
1704626090 2
1704626106 3
1704626122 4
1704626138 2
1704626154 4
1704626170 7
1704626186 3
1704626202 3
1704626218 9
1704626234 4
1704626250 6
1704626266 10
1704626282 4
1704626298 21
1704626314 11
1704626330 16
1704626346 7
1704626362 3
1704626378 2
1704626394 8
1704626410 6
1704626426 5
1704626442 2
1704626458 5
1704626474 11
1704626490 5
1704626506 1



# Sketch: 18
1704625914 8
1704625930 5
1704625946 6
1704625962 10
1704625978 13
1704625994 4
1704626010 3
1704626026 3
1704626042 11
1704626058 11
1704626074 12
1704626090 9
1704626106 7
1704626122 11
1704626138 8
1704626154 9
1704626170 6
1704626186 7
1704626202 8
1704626218 2
1704626234 5
1704626250 5
1704626266 8
1704626282 17
1704626298 12
1704626314 6
1704626330 11
1704626346 2
1704626362 10
1704626378 3
1704626394 6
1704626410 12
1704626426 5
1704626442 5
1704626458 6
1704626474 41
1704626490 20
1704626506 6



# Sketch: 19
1704625914 7
1704625930 4
1704625946 8
1704625962 9
1704625978 5
1704625994 14
1704626010 7
1704626026 4
1704626042 4
1704626058 15
1704626074 1
1704626090 5
1704626106 6
1704626122 8
1704626138 9
1704626154 2
1704626170 2
1704626186 7
1704626202 4
1704626218 3
1704626234 4
1704626250 6
1704626266 9
1704626282 8
1704626298 7
1704626314 6
1704626330 7
1704626346 9
1704626362 7
1704626378 5
1704626394 8
1704626410 9
1704626426 6
1704626442 9
1704626458 6
1704626474 12
1704626490 6
1704626506 3



# Sketch: 20
1704625914 7
1704625930 7
1704625946 7
1704625962 4
1704625978 6
1704625994 7
1704626010 8
1704626026 9
1704626042 5
1704626058 11
1704626074 11
1704626090 15
1704626106 0
1704626122 8
1704626138 3
1704626154 4
1704626170 11
1704626186 4
1704626202 5
1704626218 5
1704626234 2
1704626250 6
1704626266 12
1704626282 13
1704626298 8
1704626314 9
1704626330 6
1704626346 6
1704626362 5
1704626378 6
1704626394 8
1704626410 8
1704626426 5
1704626442 10
1704626458 8
1704626474 11
1704626490 6
1704626506 5



# Sketch: 21
1704625914 3
1704625930 13
1704625946 4
1704625962 12
1704625978 11
1704625994 12
1704626010 4
1704626026 13
1704626042 9
1704626058 10
1704626074 3
1704626090 3
1704626106 8
1704626122 5
1704626138 3
1704626154 4
1704626170 10
1704626186 9
1704626202 15
1704626218 14
1704626234 6
1704626250 10
1704626266 12
1704626282 3
1704626298 7
1704626314 6
1704626330 5
1704626346 13
1704626362 6
1704626378 7
1704626394 7
1704626410 7
1704626426 3
1704626442 6
1704626458 0
1704626474 5
1704626490 5
1704626506 3



# Sketch: 22
1704625914 12
1704625930 14
1704625946 9
1704625962 6
1704625978 7
1704625994 0
1704626010 10
1704626026 5
1704626042 20
1704626058 6
1704626074 7
1704626090 5
1704626106 9
1704626122 8
1704626138 4
1704626154 4
1704626170 3
1704626186 6
1704626202 1
1704626218 11
1704626234 7
1704626250 4
1704626266 4
1704626282 14
1704626298 9
1704626314 7
1704626330 2
1704626346 7
1704626362 3
1704626378 2
1704626394 4
1704626410 12
1704626426 6
1704626442 9
1704626458 7
1704626474 6
1704626490 8
1704626506 3



# Sketch: 23
1704625914 5
1704625930 9
1704625946 6
1704625962 15
1704625978 8
1704625994 5
1704626010 14
1704626026 9
1704626042 15
1704626058 8
1704626074 10
1704626090 8
1704626106 6
1704626122 8
1704626138 11
1704626154 12
1704626170 16
1704626186 6
1704626202 9
1704626218 8
1704626234 10
1704626250 11
1704626266 7
1704626282 12
1704626298 7
1704626314 10
1704626330 10
1704626346 6
1704626362 5
1704626378 7
1704626394 17
1704626410 16
1704626426 11
1704626442 5
1704626458 16
1704626474 9
1704626490 6
1704626506 2



# Sketch: 24
1704625914 1
1704625930 6
1704625946 2
1704625962 8
1704625978 7
1704625994 6
1704626010 5
1704626026 6
1704626042 5
1704626058 21
1704626074 10
1704626090 9
1704626106 3
1704626122 3
1704626138 3
1704626154 4
1704626170 9
1704626186 1
1704626202 7
1704626218 0
1704626234 3
1704626250 9
1704626266 5
1704626282 5
1704626298 10
1704626314 6
1704626330 7
1704626346 15
1704626362 8
1704626378 3
1704626394 2
1704626410 11
1704626426 10
1704626442 6
1704626458 2
1704626474 7
1704626490 7
1704626506 1



# Sketch: 25
1704625914 9
1704625930 7
1704625946 8
1704625962 8
1704625978 5
1704625994 1
1704626010 6
1704626026 8
1704626042 23
1704626058 8
1704626074 14
1704626090 4
1704626106 3
1704626122 2
1704626138 8
1704626154 3
1704626170 17
1704626186 8
1704626202 5
1704626218 2
1704626234 16
1704626250 22
1704626266 7
1704626282 11
1704626298 13
1704626314 8
1704626330 10
1704626346 7
1704626362 4
1704626378 4
1704626394 14
1704626410 7
1704626426 10
1704626442 11
1704626458 1
1704626474 26
1704626490 6
1704626506 2



# Sketch: 26
1704625914 8
1704625930 4
1704625946 10
1704625962 9
1704625978 2
1704625994 11
1704626010 5
1704626026 1
1704626042 12
1704626058 8
1704626074 3
1704626090 8
1704626106 2
1704626122 4
1704626138 6
1704626154 11
1704626170 1
1704626186 1
1704626202 7
1704626218 9
1704626234 2
1704626250 0
1704626266 8
1704626282 4
1704626298 7
1704626314 3
1704626330 3
1704626346 4
1704626362 1
1704626378 9
1704626394 2
1704626410 8
1704626426 11
1704626442 8
1704626458 5
1704626474 5
1704626490 7
1704626506 3



# Sketch: 27
1704625914 7
1704625930 8
1704625946 11
1704625962 12
1704625978 10
1704625994 16
1704626010 11
1704626026 11
1704626042 12
1704626058 6
1704626074 5
1704626090 8
1704626106 6
1704626122 7
1704626138 6
1704626154 13
1704626170 9
1704626186 12
1704626202 1
1704626218 4
1704626234 8
1704626250 6
1704626266 8
1704626282 11
1704626298 16
1704626314 10
1704626330 7
1704626346 10
1704626362 3
1704626378 12
1704626394 10
1704626410 5
1704626426 3
1704626442 10
1704626458 17
1704626474 12
1704626490 12
1704626506 5



# Sketch: 28
1704625914 7
1704625930 13
1704625946 17
1704625962 13
1704625978 8
1704625994 6
1704626010 3
1704626026 18
1704626042 13
1704626058 14
1704626074 9
1704626090 2
1704626106 7
1704626122 8
1704626138 12
1704626154 7
1704626170 6
1704626186 7
1704626202 3
1704626218 3
1704626234 16
1704626250 24
1704626266 8
1704626282 9
1704626298 14
1704626314 9
1704626330 7
1704626346 8
1704626362 3
1704626378 5
1704626394 11
1704626410 16
1704626426 10
1704626442 7
1704626458 4
1704626474 9
1704626490 7
1704626506 2



# Sketch: 29
1704625914 11
1704625930 7
1704625946 5
1704625962 7
1704625978 3
1704625994 9
1704626010 4
1704626026 6
1704626042 11
1704626058 12
1704626074 5
1704626090 15
1704626106 7
1704626122 5
1704626138 12
1704626154 7
1704626170 9
1704626186 3
1704626202 8
1704626218 3
1704626234 6
1704626250 8
1704626266 6
1704626282 5
1704626298 17
1704626314 6
1704626330 7
1704626346 2
1704626362 5
1704626378 5
1704626394 11
1704626410 10
1704626426 6
1704626442 14
1704626458 9
1704626474 9
1704626490 14
1704626506 1



# Sketch: 30
1704625914 13
1704625930 0
1704625946 9
1704625962 8
1704625978 7
1704625994 5
1704626010 8
1704626026 14
1704626042 8
1704626058 11
1704626074 4
1704626090 2
1704626106 4
1704626122 4
1704626138 7
1704626154 2
1704626170 5
1704626186 3
1704626202 4
1704626218 5
1704626234 8
1704626250 7
1704626266 12
1704626282 8
1704626298 6
1704626314 5
1704626330 5
1704626346 7
1704626362 3
1704626378 8
1704626394 5
1704626410 3
1704626426 16
1704626442 14
1704626458 7
1704626474 9
1704626490 5
1704626506 3



# Sketch: 31
1704625914 15
1704625930 9
1704625946 13
1704625962 5
1704625978 8
1704625994 5
1704626010 8
1704626026 13
1704626042 3
1704626058 13
1704626074 11
1704626090 8
1704626106 3
1704626122 11
1704626138 4
1704626154 3
1704626170 6
1704626186 7
1704626202 6
1704626218 5
1704626234 13
1704626250 5
1704626266 7
1704626282 6
1704626298 6
1704626314 7
1704626330 4
1704626346 9
1704626362 2
1704626378 20
1704626394 17
1704626410 11
1704626426 8
1704626442 8
1704626458 7
1704626474 8
1704626490 3
1704626506 1

