

# Sketch: 0
1704625914 16
1704625946 13
1704625978 33
1704626010 7
1704626042 45
1704626074 46
1704626106 16
1704626138 7
1704626170 15
1704626202 15
1704626234 9
1704626266 18
1704626298 14
1704626330 13
1704626362 8
1704626394 8
1704626426 17
1704626458 15
1704626490 7



# Sketch: 1
1704625914 9
1704625946 29
1704625978 10
1704626010 14
1704626042 21
1704626074 14
1704626106 12
1704626138 26
1704626170 8
1704626202 10
1704626234 18
1704626266 15
1704626298 27
1704626330 6
1704626362 24
1704626394 24
1704626426 14
1704626458 12
1704626490 10



# Sketch: 2
1704625914 31
1704625946 19
1704625978 17
1704626010 13
1704626042 13
1704626074 14
1704626106 20
1704626138 9
1704626170 10
1704626202 13
1704626234 9
1704626266 10
1704626298 12
1704626330 10
1704626362 8
1704626394 22
1704626426 12
1704626458 12
1704626490 6



# Sketch: 3
1704625914 15
1704625946 23
1704625978 30
1704626010 23
1704626042 14
1704626074 26
1704626106 9
1704626138 7
1704626170 14
1704626202 19
1704626234 8
1704626266 20
1704626298 26
1704626330 9
1704626362 13
1704626394 7
1704626426 11
1704626458 10
1704626490 14



# Sketch: 4
1704625914 10
1704625946 10
1704625978 13
1704626010 10
1704626042 21
1704626074 15
1704626106 9
1704626138 13
1704626170 17
1704626202 15
1704626234 45
1704626266 20
1704626298 19
1704626330 13
1704626362 5
1704626394 19
1704626426 18
1704626458 21
1704626490 8



# Sketch: 5
1704625914 21
1704625946 11
1704625978 25
1704626010 9
1704626042 12
1704626074 10
1704626106 15
1704626138 24
1704626170 13
1704626202 10
1704626234 21
1704626266 15
1704626298 13
1704626330 17
1704626362 9
1704626394 21
1704626426 13
1704626458 20
1704626490 7



# Sketch: 6
1704625914 18
1704625946 6
1704625978 15
1704626010 21
1704626042 19
1704626074 16
1704626106 14
1704626138 6
1704626170 20
1704626202 12
1704626234 10
1704626266 18
1704626298 25
1704626330 40
1704626362 31
1704626394 27
1704626426 34
1704626458 14
1704626490 7



# Sketch: 7
1704625914 13
1704625946 25
1704625978 15
1704626010 6
1704626042 19
1704626074 6
1704626106 14
1704626138 19
1704626170 10
1704626202 8
1704626234 16
1704626266 8
1704626298 20
1704626330 13
1704626362 23
1704626394 13
1704626426 15
1704626458 15
1704626490 3



# Sketch: 8
1704625914 20
1704625946 21
1704625978 7
1704626010 23
1704626042 17
1704626074 14
1704626106 5
1704626138 18
1704626170 22
1704626202 21
1704626234 16
1704626266 7
1704626298 9
1704626330 19
1704626362 4
1704626394 24
1704626426 19
1704626458 18
1704626490 8



# Sketch: 9
1704625914 10
1704625946 20
1704625978 7
1704626010 11
1704626042 24
1704626074 15
1704626106 10
1704626138 13
1704626170 25
1704626202 6
1704626234 7
1704626266 12
1704626298 12
1704626330 16
1704626362 15
1704626394 25
1704626426 29
1704626458 23
1704626490 11



# Sketch: 10
1704625914 8
1704625946 22
1704625978 15
1704626010 8
1704626042 8
1704626074 7
1704626106 14
1704626138 9
1704626170 13
1704626202 10
1704626234 14
1704626266 13
1704626298 7
1704626330 20
1704626362 17
1704626394 17
1704626426 9
1704626458 17
1704626490 11



# Sketch: 11
1704625914 4
1704625946 23
1704625978 12
1704626010 7
1704626042 10
1704626074 11
1704626106 6
1704626138 10
1704626170 11
1704626202 12
1704626234 22
1704626266 10
1704626298 19
1704626330 8
1704626362 15
1704626394 22
1704626426 11
1704626458 14
1704626490 7



# Sketch: 12
1704625914 12
1704625946 9
1704625978 11
1704626010 12
1704626042 7
1704626074 14
1704626106 6
1704626138 8
1704626170 7
1704626202 10
1704626234 18
1704626266 13
1704626298 19
1704626330 16
1704626362 12
1704626394 9
1704626426 9
1704626458 11
1704626490 9



# Sketch: 13
1704625914 10
1704625946 26
1704625978 21
1704626010 17
1704626042 30
1704626074 12
1704626106 8
1704626138 14
1704626170 12
1704626202 12
1704626234 22
1704626266 12
1704626298 22
1704626330 17
1704626362 14
1704626394 21
1704626426 19
1704626458 10
1704626490 7



# Sketch: 14
1704625914 19
1704625946 21
1704625978 8
1704626010 7
1704626042 35
1704626074 16
1704626106 7
1704626138 13
1704626170 20
1704626202 19
1704626234 8
1704626266 25
1704626298 19
1704626330 20
1704626362 7
1704626394 20
1704626426 24
1704626458 15
1704626490 6



# Sketch: 15
1704625914 14
1704625946 6
1704625978 34
1704626010 28
1704626042 19
1704626074 27
1704626106 43
1704626138 34
1704626170 71
1704626202 98
1704626234 53
1704626266 25
1704626298 17
1704626330 33
1704626362 33
1704626394 37
1704626426 9
1704626458 107
1704626490 24



# Sketch: 16
1704625914 20
1704625946 24
1704625978 14
1704626010 24
1704626042 14
1704626074 9
1704626106 14
1704626138 17
1704626170 18
1704626202 14
1704626234 12
1704626266 16
1704626298 22
1704626330 19
1704626362 8
1704626394 20
1704626426 14
1704626458 14
1704626490 10



# Sketch: 17
1704625914 10
1704625946 14
1704625978 8
1704626010 9
1704626042 18
1704626074 6
1704626106 13
1704626138 17
1704626170 10
1704626202 11
1704626234 18
1704626266 15
1704626298 10
1704626330 16
1704626362 10
1704626394 11
1704626426 12
1704626458 12
1704626490 4



# Sketch: 18
1704625914 13
1704625946 15
1704625978 13
1704626010 10
1704626042 9
1704626074 19
1704626106 6
1704626138 9
1704626170 6
1704626202 18
1704626234 16
1704626266 11
1704626298 6
1704626330 13
1704626362 6
1704626394 15
1704626426 12
1704626458 6
1704626490 7



# Sketch: 19
1704625914 21
1704625946 15
1704625978 13
1704626010 21
1704626042 18
1704626074 14
1704626106 14
1704626138 23
1704626170 13
1704626202 17
1704626234 17
1704626266 18
1704626298 18
1704626330 15
1704626362 13
1704626394 19
1704626426 18
1704626458 8
1704626490 10



# Sketch: 20
1704625914 13
1704625946 17
1704625978 15
1704626010 23
1704626042 22
1704626074 12
1704626106 18
1704626138 10
1704626170 21
1704626202 8
1704626234 9
1704626266 13
1704626298 7
1704626330 7
1704626362 15
1704626394 18
1704626426 27
1704626458 8
1704626490 12



# Sketch: 21
1704625914 25
1704625946 21
1704625978 12
1704626010 9
1704626042 23
1704626074 12
1704626106 8
1704626138 16
1704626170 17
1704626202 9
1704626234 16
1704626266 18
1704626298 20
1704626330 19
1704626362 10
1704626394 18
1704626426 16
1704626458 24
1704626490 6



# Sketch: 22
1704625914 19
1704625946 21
1704625978 19
1704626010 19
1704626042 34
1704626074 19
1704626106 11
1704626138 15
1704626170 22
1704626202 12
1704626234 8
1704626266 23
1704626298 26
1704626330 17
1704626362 12
1704626394 27
1704626426 16
1704626458 23
1704626490 12



# Sketch: 23
1704625914 8
1704625946 26
1704625978 18
1704626010 25
1704626042 11
1704626074 14
1704626106 11
1704626138 14
1704626170 14
1704626202 9
1704626234 11
1704626266 15
1704626298 19
1704626330 17
1704626362 17
1704626394 29
1704626426 21
1704626458 6
1704626490 18



# Sketch: 24
1704625914 16
1704625946 29
1704625978 25
1704626010 17
1704626042 15
1704626074 13
1704626106 8
1704626138 12
1704626170 12
1704626202 18
1704626234 11
1704626266 23
1704626298 17
1704626330 16
1704626362 33
1704626394 11
1704626426 13
1704626458 15
1704626490 14



# Sketch: 25
1704625914 18
1704625946 13
1704625978 7
1704626010 11
1704626042 7
1704626074 21
1704626106 9
1704626138 17
1704626170 11
1704626202 2
1704626234 6
1704626266 21
1704626298 10
1704626330 17
1704626362 4
1704626394 12
1704626426 21
1704626458 24
1704626490 6



# Sketch: 26
1704625914 31
1704625946 17
1704625978 12
1704626010 11
1704626042 20
1704626074 12
1704626106 14
1704626138 16
1704626170 23
1704626202 10
1704626234 14
1704626266 15
1704626298 14
1704626330 20
1704626362 8
1704626394 23
1704626426 23
1704626458 12
1704626490 12



# Sketch: 27
1704625914 16
1704625946 12
1704625978 10
1704626010 26
1704626042 16
1704626074 31
1704626106 9
1704626138 20
1704626170 12
1704626202 25
1704626234 10
1704626266 15
1704626298 9
1704626330 15
1704626362 23
1704626394 21
1704626426 19
1704626458 21
1704626490 9



# Sketch: 28
1704625914 20
1704625946 13
1704625978 10
1704626010 20
1704626042 15
1704626074 14
1704626106 4
1704626138 17
1704626170 22
1704626202 12
1704626234 14
1704626266 12
1704626298 21
1704626330 5
1704626362 14
1704626394 14
1704626426 34
1704626458 29
1704626490 6



# Sketch: 29
1704625914 18
1704625946 11
1704625978 30
1704626010 12
1704626042 25
1704626074 15
1704626106 22
1704626138 18
1704626170 34
1704626202 39
1704626234 69
1704626266 11
1704626298 12
1704626330 21
1704626362 14
1704626394 13
1704626426 25
1704626458 22
1704626490 18



# Sketch: 30
1704625914 41
1704625946 19
1704625978 8
1704626010 15
1704626042 18
1704626074 9
1704626106 34
1704626138 24
1704626170 19
1704626202 20
1704626234 35
1704626266 17
1704626298 10
1704626330 10
1704626362 12
1704626394 15
1704626426 15
1704626458 15
1704626490 29



# Sketch: 31
1704625914 11
1704625946 7
1704625978 5
1704626010 12
1704626042 22
1704626074 6
1704626106 10
1704626138 10
1704626170 7
1704626202 11
1704626234 22
1704626266 7
1704626298 16
1704626330 11
1704626362 3
1704626394 16
1704626426 15
1704626458 18
1704626490 11

