

# Sketch: 0
0 0.856915
1 0.813885
2 0.661581
3 0.531488
4 0.657791
5 0.663402
6 0.719774
7 0.669709



# Sketch: 1
0 0.497114
1 0.636304
2 0.708929
3 0.709062
4 1.00931
5 0.827042
6 0.442056
7 0.792866



# Sketch: 2
0 0.33853
1 0.385192
2 0.445056
3 0.418625
4 0.505776
5 0.484835
6 0.293571
7 0.35695



# Sketch: 3
0 0.65738
1 0.608515
2 0.468534
3 0.527886
4 0.541833
5 0.594305
6 0.614009
7 0.584094



# Sketch: 4
0 0.603272
1 0.405736
2 0.457719
3 0.521479
4 0.480998
5 0.646621
6 0.37438
7 0.457247



# Sketch: 5
0 0.775489
1 0.755079
2 0.679436
3 0.651047
4 0.585656
5 0.536785
6 0.639666
7 0.609552



# Sketch: 6
0 0.529439
1 0.477644
2 0.421546
3 0.41091
4 0.467824
5 0.611433
6 0.484374
7 0.549006



# Sketch: 7
0 0.490383
1 0.552082
2 0.606405
3 0.512695
4 0.213726
5 0.0642129
6 0.0462237
7 0.450436



# Sketch: 8
0 1.49381
1 1.03555
2 1.02978
3 0.968793
4 1.32156
5 2.58157
6 1.62698
7 1.41377



# Sketch: 9
0 0.281368
1 0.381299
2 0.336404
3 0.114689
4 0.245157
5 0.362419
6 0.475904
7 0.975648



# Sketch: 10
0 0.708507
1 0.659751
2 0.551858
3 0.589588
4 0.473473
5 0.523334
6 0.574591
7 0.505604



# Sketch: 11
0 0.866211
1 0.89347
2 0.810267
3 0.738683
4 0.680901
5 0.698647
6 1.74626
7 0.598749



# Sketch: 12
0 0.553686
1 0.613618
2 0.475829
3 0.505313
4 0.617732
5 0.228041
6 0.106921
7 0.288995



# Sketch: 13
0 0.229104
1 0.100909
2 0.117271
3 0.242803
4 0.245761
5 0.0726265
6 0.678509
7 1.10813



# Sketch: 14
0 0.415585
1 0.339317
2 0.316246
3 0.448518
4 0.328482
5 0.397773
6 0.393097
7 0.426227



# Sketch: 15
0 1.29094
1 1.20949
2 0.725148
3 0.978235
4 1.25184
5 1.12551
6 0.338755
7 0.189553



# Sketch: 16
0 0.207802
1 0.202977
2 0.216324
3 0.233889
4 0.29071
5 0.914169
6 0.842989
7 0.762575



# Sketch: 17
0 0.872474
1 0.867733
2 0.784468
3 0.714208
4 0.723867
5 0.878333
6 0.599062
7 0.573066



# Sketch: 18
0 0.64201
1 0.420247
2 0.535698
3 0.389879
4 0.263957
5 0.399518
6 0.332104
7 0.386046



# Sketch: 19
0 0.493176
1 0.410219
2 0.382313
3 0.365426
4 0.312061
5 0.325345
6 0.384104
7 1.35434



# Sketch: 20
0 0.456896
1 0.5162
2 0.580313
3 0.497254
4 0.137115
5 0.156121
6 0.213048
7 0.484905



# Sketch: 21
0 0.283776
1 0.337006
2 0.345713
3 0.35176
4 0.86667
5 0.280427
6 0.742261
7 0.25997



# Sketch: 22
0 1.22574
1 1.13942
2 0.817844
3 0.714967
4 0.536867
5 0.47089
6 0.108584
7 0.217282



# Sketch: 23
0 0.838492
1 0.742376
2 0.737341
3 0.783858
4 0.669266
5 0.868175
6 0.591981
7 0.554528



# Sketch: 24
0 0.5492
1 0.758809
2 0.899728
3 0.713715
4 1.02497
5 1.04605
6 0.422462
7 0.345955



# Sketch: 25
0 0.359002
1 0.293939
2 0.394072
3 0.424378
4 0.327069
5 0.481758
6 0.342044
7 0.434408



# Sketch: 26
0 0.408008
1 0.414627
2 0.289432
3 0.190775
4 0.2433
5 0.382143
6 0.309312
7 0.828106



# Sketch: 27
0 0.947726
1 0.751886
2 0.499791
3 0.424185
4 0.44499
5 0.451672
6 0.578802
7 1.34929



# Sketch: 28
0 1.74786
1 2.0134
2 1.69167
3 1.75686
4 1.22161
5 1.04863
6 0.834185
7 1.20712



# Sketch: 29
0 0.622023
1 0.621427
2 0.525725
3 0.495362
4 0.48302
5 0.285679
6 0.78308
7 0.41587



# Sketch: 30
0 0.338355
1 0.397601
2 0.370474
3 0.169264
4 0.163171
5 0.215671
6 0.139934
7 0.386076



# Sketch: 31
0 0.740143
1 0.66998
2 0.972289
3 0.729202
4 0.571677
5 0.67678
6 0.323729
7 0.418461

