

# Sketch: 0
0 0.673929
1 0.97698
2 0.779159
3 0.996866
4 0.944691
5 1.31077
6 0.935873
7 0.733399



# Sketch: 1
0 0.419224
1 0.315528
2 0.383322
3 0.52653
4 0.813859
5 0.373198
6 0.3756
7 0.539659



# Sketch: 2
0 0.426459
1 0.393175
2 0.343644
3 0.2364
4 0.156604
5 0.157338
6 2.99714
7 2.48894



# Sketch: 3
0 0.891562
1 0.897436
2 0.741855
3 0.659514
4 0.730828
5 0.611161
6 0.71845
7 1.83298



# Sketch: 4
0 0.994839
1 0.926587
2 0.815522
3 0.699922
4 0.730088
5 0.50756
6 0.999185
7 0.883342



# Sketch: 5
0 0.211098
1 0.198917
2 0.301837
3 0.283609
4 0.256142
5 0.375105
6 0.34792
7 0.507945



# Sketch: 6
0 0.784326
1 0.832086
2 0.709324
3 0.570532
4 0.505685
5 0.669272
6 0.346322
7 0.414938



# Sketch: 7
0 0.71097
1 0.6764
2 0.603046
3 0.524168
4 0.593777
5 0.61631
6 0.556248
7 0.447131



# Sketch: 8
0 0.168629
1 0.161926
2 0.177359
3 0.189141
4 0.0962309
5 0.205316
6 0.380104
7 0.558424



# Sketch: 9
0 0.643131
1 0.610464
2 0.594815
3 0.596667
4 0.597797
5 0.604908
6 0.62862
7 0.45353



# Sketch: 10
0 0.597319
1 0.693238
2 0.847349
3 0.661966
4 0.656925
5 0.526856
6 0.398523
7 0.573967



# Sketch: 11
0 0.539032
1 0.486532
2 0.324257
3 0.511418
4 0.568061
5 0.546765
6 0.963164
7 0.738042



# Sketch: 12
0 0.230422
1 0.229314
2 0.247635
3 0.310369
4 0.476719
5 0.311151
6 0.4096
7 0.556023



# Sketch: 13
0 1.07711
1 0.887342
2 0.914633
3 0.866935
4 0.796699
5 0.535483
6 0.467312
7 0.445875



# Sketch: 14
0 0.685403
1 0.511326
2 0.482056
3 0.150256
4 0.0783742
5 0.332117
6 0.376106
7 1.93038



# Sketch: 15
0 0.105849
1 0.145123
2 0.155795
3 0.284144
4 0.254954
5 0.359303
6 0.49389
7 0.550083



# Sketch: 16
0 0.40375
1 0.498312
2 0.418855
3 0.369552
4 0.416568
5 0.456519
6 0.699339
7 1.56781



# Sketch: 17
0 0.358372
1 0.238891
2 0.1886
3 0.190192
4 0.735973
5 1.8999
6 0.74807
7 0.526726



# Sketch: 18
0 0.886623
1 0.418171
2 0.736445
3 0.599303
4 0.396313
5 0.29155
6 0.291257
7 0.374598



# Sketch: 19
0 0.370147
1 0.370233
2 0.403787
3 0.492129
4 1.1088
5 1.04212
6 0.41466
7 0.420428



# Sketch: 20
0 0.162927
1 0.160936
2 0.179868
3 0.203134
4 0.200475
5 0.307904
6 0.318197
7 0.416758



# Sketch: 21
0 1.22342
1 0.87369
2 0.705562
3 0.783749
4 0.452903
5 0.153263
6 0.103327
7 0.250854



# Sketch: 22
0 0.440157
1 0.41379
2 0.385952
3 0.396198
4 0.381074
5 0.423299
6 0.430118
7 0.590873



# Sketch: 23
0 0.405127
1 0.399348
2 0.409502
3 0.42408
4 0.406469
5 0.396954
6 0.449986
7 0.741263



# Sketch: 24
0 0.332797
1 0.200818
2 0.222569
3 0.216332
4 0.257652
5 0.372402
6 0.35336
7 0.385737



# Sketch: 25
0 0.624656
1 0.483634
2 0.498267
3 0.727936
4 1.36141
5 1.64798
6 3.07779
7 3.14114



# Sketch: 26
0 1.60871
1 1.12068
2 0.732875
3 0.747465
4 0.601789
5 0.54902
6 0.45447
7 0.419335



# Sketch: 27
0 1.80113
1 1.49145
2 0.955437
3 1.29376
4 1.13255
5 0.615972
6 0.0904761
7 0.301795



# Sketch: 28
0 0.669265
1 0.602333
2 0.49743
3 0.477044
4 0.490098
5 0.480833
6 0.518928
7 0.64441



# Sketch: 29
0 0.328699
1 0.406232
2 0.329679
3 0.251576
4 0.369756
5 0.735225
6 0.584257
7 0.576775



# Sketch: 30
0 0.339717
1 0.361851
2 0.293308
3 0.290755
4 0.340267
5 0.420635
6 0.40211
7 0.402763



# Sketch: 31
0 0.834973
1 0.776757
2 0.615512
3 0.566615
4 0.543271
5 0.616104
6 0.616276
7 0.517767

