

# Sketch: 0
0 0.222276
1 0.272039
2 0.279586
3 0.303664
4 0.490395
5 0.901607
6 2.08719
7 2.89548



# Sketch: 1
0 0.488246
1 0.266162
2 0.214846
3 0.178517
4 0.160977
5 0.153572
6 0.264093
7 0.314136



# Sketch: 2
0 0.700251
1 0.672332
2 0.624164
3 0.596663
4 0.530612
5 0.513988
6 0.661323
7 0.781896



# Sketch: 3
0 0.202196
1 0.187082
2 0.20594
3 0.260574
4 0.226701
5 0.344964
6 0.27915
7 0.39687



# Sketch: 4
0 0.167318
1 0.382392
2 0.309975
3 0.315467
4 0.213974
5 0.433887
6 0.306781
7 0.521344



# Sketch: 5
0 0.566559
1 0.548841
2 0.535693
3 0.565826
4 0.526253
5 0.506943
6 0.45981
7 0.563162



# Sketch: 6
0 0.275363
1 0.208118
2 0.163855
3 0.300782
4 0.299151
5 0.240183
6 0.268308
7 0.27486



# Sketch: 7
0 0.78327
1 0.737176
2 0.730189
3 0.674068
4 0.683308
5 0.532764
6 0.617877
7 0.609636



# Sketch: 8
0 0.930173
1 1.04198
2 1.47343
3 1.98752
4 2.51289
5 2.23488
6 1.56287
7 1.30021



# Sketch: 9
0 0.250242
1 0.20022
2 0.184815
3 0.184669
4 0.183882
5 0.753441
6 0.486379
7 0.373421



# Sketch: 10
0 0.750114
1 0.537846
2 0.465553
3 0.404042
4 0.454443
5 0.317115
6 2.87167
7 2.65767



# Sketch: 11
0 1.32176
1 0.949766
2 0.81945
3 0.661222
4 0.650961
5 0.668675
6 0.511138
7 0.937692



# Sketch: 12
0 0.590127
1 0.590499
2 0.579962
3 0.548103
4 0.492569
5 0.495142
6 0.459529
7 0.574365



# Sketch: 13
0 0.570653
1 0.632386
2 0.640469
3 0.952811
4 0.64531
5 0.54371
6 0.301966
7 0.438103



# Sketch: 14
0 0.867718
1 0.909974
2 1.2486
3 1.54081
4 1.27654
5 0.399991
6 0.347505
7 0.498864



# Sketch: 15
0 1.90309
1 1.50052
2 1.12495
3 1.04243
4 0.672883
5 0.460986
6 0.411538
7 0.0438295



# Sketch: 16
0 0.640138
1 0.879442
2 0.754152
3 0.475039
4 0.539338
5 0.341497
6 0.331174
7 0.451749



# Sketch: 17
0 0.677407
1 0.658379
2 0.593685
3 0.568987
4 0.589132
5 0.509219
6 0.674857
7 0.490569



# Sketch: 18
0 0.650634
1 0.546859
2 0.495879
3 0.531098
4 0.483737
5 0.459225
6 0.510398
7 0.616675



# Sketch: 19
0 0.798803
1 0.610027
2 0.538394
3 0.578382
4 0.14761
5 0.216242
6 0.274657
7 0.446818



# Sketch: 20
0 0.292781
1 0.186253
2 0.16891
3 0.286365
4 0.516628
5 0.591372
6 1.0515
7 0.86437



# Sketch: 21
0 0.327008
1 0.300932
2 0.497135
3 0.40831
4 0.267154
5 0.311972
6 0.341336
7 0.435032



# Sketch: 22
0 0.351164
1 0.430492
2 0.635738
3 0.755696
4 1.01498
5 0.50571
6 0.394932
7 0.444101



# Sketch: 23
0 0.278435
1 0.476238
2 0.569556
3 0.477238
4 0.488484
5 0.562924
6 0.617066
7 0.73974



# Sketch: 24
0 0.209668
1 0.171485
2 0.185433
3 0.22705
4 0.209262
5 0.275295
6 0.273956
7 0.416975



# Sketch: 25
0 0.580804
1 0.575819
2 0.567343
3 0.517537
4 0.543883
5 0.473255
6 0.448173
7 0.650636



# Sketch: 26
0 0.352352
1 0.461971
2 0.574325
3 0.597403
4 1.5787
5 2.40612
6 1.26945
7 0.39881



# Sketch: 27
0 0.637544
1 0.636019
2 0.650797
3 0.596682
4 0.475242
5 0.494009
6 0.599173
7 0.589631



# Sketch: 28
0 0.440447
1 0.451356
2 0.367855
3 0.318322
4 0.36497
5 0.351212
6 0.395496
7 0.455389



# Sketch: 29
0 0.799574
1 0.742967
2 0.377557
3 0.223986
4 0.411934
5 0.216155
6 0.114426
7 0.743729



# Sketch: 30
0 1.83998
1 1.67753
2 1.4871
3 1.22108
4 0.59057
5 0.468339
6 0.0147269
7 0.96461



# Sketch: 31
0 0.429868
1 0.473267
2 0.568618
3 0.639436
4 0.559683
5 0.800388
6 0.692477
7 0.483503

