

# Sketch: 0
1704626514 31
1704626546 27
1704626578 20
1704626610 17
1704626642 16
1704626674 14
1704626706 8
1704626738 16
1704626770 19
1704626802 14
1704626834 10
1704626866 8
1704626898 16
1704626930 20
1704626962 5
1704626994 10
1704627026 24
1704627058 22
1704627090 3



# Sketch: 1
1704626514 18
1704626546 20
1704626578 12
1704626610 20
1704626642 33
1704626674 16
1704626706 13
1704626738 19
1704626770 13
1704626802 23
1704626834 15
1704626866 14
1704626898 16
1704626930 20
1704626962 24
1704626994 12
1704627026 17
1704627058 22
1704627090 19



# Sketch: 2
1704626514 8
1704626546 25
1704626578 9
1704626610 16
1704626642 23
1704626674 23
1704626706 18
1704626738 14
1704626770 14
1704626802 10
1704626834 9
1704626866 16
1704626898 8
1704626930 14
1704626962 11
1704626994 19
1704627026 15
1704627058 5
1704627090 4



# Sketch: 3
1704626514 27
1704626546 15
1704626578 16
1704626610 7
1704626642 17
1704626674 10
1704626706 7
1704626738 12
1704626770 9
1704626802 30
1704626834 6
1704626866 13
1704626898 6
1704626930 17
1704626962 13
1704626994 7
1704627026 14
1704627058 12
1704627090 3



# Sketch: 4
1704626514 10
1704626546 10
1704626578 5
1704626610 20
1704626642 18
1704626674 9
1704626706 11
1704626738 23
1704626770 14
1704626802 8
1704626834 26
1704626866 12
1704626898 15
1704626930 17
1704626962 11
1704626994 19
1704627026 11
1704627058 8
1704627090 14



# Sketch: 5
1704626514 27
1704626546 9
1704626578 11
1704626610 13
1704626642 25
1704626674 19
1704626706 12
1704626738 11
1704626770 15
1704626802 22
1704626834 12
1704626866 20
1704626898 14
1704626930 10
1704626962 15
1704626994 20
1704627026 22
1704627058 12
1704627090 12



# Sketch: 6
1704626514 12
1704626546 9
1704626578 4
1704626610 9
1704626642 18
1704626674 27
1704626706 21
1704626738 43
1704626770 25
1704626802 23
1704626834 21
1704626866 9
1704626898 18
1704626930 11
1704626962 10
1704626994 11
1704627026 17
1704627058 17
1704627090 10



# Sketch: 7
1704626514 0
1704626546 22
1704626578 15
1704626610 7
1704626642 11
1704626674 24
1704626706 28
1704626738 27
1704626770 36
1704626802 11
1704626834 31
1704626866 10
1704626898 16
1704626930 11
1704626962 16
1704626994 12
1704627026 19
1704627058 23
1704627090 27



# Sketch: 8
1704626514 11
1704626546 15
1704626578 11
1704626610 13
1704626642 22
1704626674 11
1704626706 39
1704626738 15
1704626770 13
1704626802 14
1704626834 14
1704626866 22
1704626898 7
1704626930 24
1704626962 13
1704626994 20
1704627026 13
1704627058 10
1704627090 18



# Sketch: 9
1704626514 13
1704626546 25
1704626578 12
1704626610 16
1704626642 11
1704626674 30
1704626706 19
1704626738 13
1704626770 13
1704626802 15
1704626834 20
1704626866 13
1704626898 15
1704626930 23
1704626962 19
1704626994 17
1704627026 6
1704627058 12
1704627090 10



# Sketch: 10
1704626514 24
1704626546 7
1704626578 14
1704626610 21
1704626642 15
1704626674 11
1704626706 11
1704626738 14
1704626770 22
1704626802 22
1704626834 9
1704626866 6
1704626898 17
1704626930 10
1704626962 20
1704626994 20
1704627026 14
1704627058 10
1704627090 11



# Sketch: 11
1704626514 15
1704626546 16
1704626578 9
1704626610 12
1704626642 13
1704626674 24
1704626706 13
1704626738 53
1704626770 27
1704626802 17
1704626834 20
1704626866 54
1704626898 22
1704626930 15
1704626962 7
1704626994 12
1704627026 10
1704627058 9
1704627090 3



# Sketch: 12
1704626514 19
1704626546 17
1704626578 8
1704626610 9
1704626642 23
1704626674 10
1704626706 10
1704626738 19
1704626770 16
1704626802 14
1704626834 11
1704626866 11
1704626898 12
1704626930 20
1704626962 8
1704626994 4
1704627026 5
1704627058 17
1704627090 14



# Sketch: 13
1704626514 9
1704626546 17
1704626578 13
1704626610 26
1704626642 14
1704626674 16
1704626706 8
1704626738 19
1704626770 18
1704626802 21
1704626834 12
1704626866 10
1704626898 9
1704626930 12
1704626962 13
1704626994 26
1704627026 13
1704627058 26
1704627090 20



# Sketch: 14
1704626514 12
1704626546 12
1704626578 31
1704626610 19
1704626642 18
1704626674 30
1704626706 28
1704626738 34
1704626770 12
1704626802 29
1704626834 36
1704626866 23
1704626898 11
1704626930 16
1704626962 15
1704626994 38
1704627026 21
1704627058 33
1704627090 25



# Sketch: 15
1704626514 29
1704626546 36
1704626578 15
1704626610 18
1704626642 20
1704626674 27
1704626706 11
1704626738 36
1704626770 20
1704626802 11
1704626834 23
1704626866 10
1704626898 11
1704626930 23
1704626962 31
1704626994 7
1704627026 7
1704627058 11
1704627090 12



# Sketch: 16
1704626514 17
1704626546 10
1704626578 20
1704626610 12
1704626642 18
1704626674 13
1704626706 21
1704626738 25
1704626770 13
1704626802 11
1704626834 16
1704626866 13
1704626898 13
1704626930 8
1704626962 13
1704626994 27
1704627026 10
1704627058 13
1704627090 25



# Sketch: 17
1704626514 18
1704626546 25
1704626578 27
1704626610 18
1704626642 54
1704626674 46
1704626706 17
1704626738 9
1704626770 12
1704626802 22
1704626834 22
1704626866 10
1704626898 17
1704626930 9
1704626962 28
1704626994 18
1704627026 25
1704627058 36
1704627090 27



# Sketch: 18
1704626514 10
1704626546 16
1704626578 23
1704626610 20
1704626642 10
1704626674 16
1704626706 19
1704626738 15
1704626770 7
1704626802 26
1704626834 27
1704626866 10
1704626898 4
1704626930 27
1704626962 24
1704626994 19
1704627026 12
1704627058 29
1704627090 19



# Sketch: 19
1704626514 13
1704626546 12
1704626578 11
1704626610 13
1704626642 19
1704626674 22
1704626706 29
1704626738 69
1704626770 31
1704626802 17
1704626834 11
1704626866 12
1704626898 2
1704626930 9
1704626962 13
1704626994 13
1704627026 8
1704627058 6
1704627090 12



# Sketch: 20
1704626514 17
1704626546 12
1704626578 22
1704626610 23
1704626642 17
1704626674 22
1704626706 22
1704626738 16
1704626770 18
1704626802 21
1704626834 22
1704626866 21
1704626898 12
1704626930 11
1704626962 17
1704626994 19
1704627026 13
1704627058 18
1704627090 4



# Sketch: 21
1704626514 12
1704626546 7
1704626578 23
1704626610 16
1704626642 16
1704626674 19
1704626706 9
1704626738 19
1704626770 9
1704626802 20
1704626834 9
1704626866 12
1704626898 15
1704626930 8
1704626962 10
1704626994 6
1704627026 6
1704627058 11
1704627090 4



# Sketch: 22
1704626514 21
1704626546 27
1704626578 23
1704626610 19
1704626642 19
1704626674 13
1704626706 23
1704626738 22
1704626770 25
1704626802 17
1704626834 20
1704626866 11
1704626898 12
1704626930 39
1704626962 19
1704626994 10
1704627026 10
1704627058 31
1704627090 14



# Sketch: 23
1704626514 21
1704626546 25
1704626578 10
1704626610 18
1704626642 43
1704626674 10
1704626706 9
1704626738 4
1704626770 12
1704626802 19
1704626834 9
1704626866 15
1704626898 16
1704626930 32
1704626962 16
1704626994 21
1704627026 12
1704627058 11
1704627090 11



# Sketch: 24
1704626514 5
1704626546 18
1704626578 27
1704626610 12
1704626642 30
1704626674 26
1704626706 4
1704626738 13
1704626770 24
1704626802 38
1704626834 38
1704626866 14
1704626898 16
1704626930 6
1704626962 21
1704626994 39
1704627026 20
1704627058 8
1704627090 6



# Sketch: 25
1704626514 12
1704626546 20
1704626578 21
1704626610 15
1704626642 22
1704626674 19
1704626706 16
1704626738 26
1704626770 17
1704626802 21
1704626834 15
1704626866 15
1704626898 9
1704626930 14
1704626962 20
1704626994 19
1704627026 11
1704627058 12
1704627090 5



# Sketch: 26
1704626514 5
1704626546 12
1704626578 14
1704626610 4
1704626642 34
1704626674 19
1704626706 10
1704626738 7
1704626770 25
1704626802 11
1704626834 7
1704626866 12
1704626898 14
1704626930 12
1704626962 30
1704626994 13
1704627026 6
1704627058 13
1704627090 8



# Sketch: 27
1704626514 18
1704626546 13
1704626578 12
1704626610 7
1704626642 24
1704626674 8
1704626706 14
1704626738 26
1704626770 15
1704626802 14
1704626834 13
1704626866 16
1704626898 14
1704626930 7
1704626962 9
1704626994 11
1704627026 5
1704627058 16
1704627090 9



# Sketch: 28
1704626514 12
1704626546 25
1704626578 23
1704626610 10
1704626642 25
1704626674 10
1704626706 13
1704626738 16
1704626770 22
1704626802 15
1704626834 20
1704626866 22
1704626898 23
1704626930 5
1704626962 12
1704626994 35
1704627026 9
1704627058 24
1704627090 20



# Sketch: 29
1704626514 19
1704626546 18
1704626578 16
1704626610 9
1704626642 16
1704626674 14
1704626706 24
1704626738 15
1704626770 29
1704626802 15
1704626834 10
1704626866 10
1704626898 18
1704626930 9
1704626962 21
1704626994 19
1704627026 10
1704627058 26
1704627090 5



# Sketch: 30
1704626514 19
1704626546 13
1704626578 13
1704626610 12
1704626642 10
1704626674 23
1704626706 14
1704626738 38
1704626770 16
1704626802 23
1704626834 12
1704626866 18
1704626898 17
1704626930 12
1704626962 26
1704626994 20
1704627026 25
1704627058 12
1704627090 8



# Sketch: 31
1704626514 14
1704626546 14
1704626578 18
1704626610 10
1704626642 28
1704626674 16
1704626706 15
1704626738 24
1704626770 14
1704626802 17
1704626834 19
1704626866 23
1704626898 15
1704626930 27
1704626962 13
1704626994 16
1704627026 17
1704627058 18
1704627090 7

