

# Sketch: 0
1704627114 17
1704627146 15
1704627178 18
1704627210 20
1704627242 14
1704627274 19
1704627306 19
1704627338 11
1704627370 26
1704627402 9
1704627434 5
1704627466 25
1704627498 13
1704627530 16
1704627562 14
1704627594 10
1704627626 11
1704627658 10
1704627690 6



# Sketch: 1
1704627114 11
1704627146 7
1704627178 11
1704627210 14
1704627242 14
1704627274 9
1704627306 16
1704627338 10
1704627370 10
1704627402 8
1704627434 16
1704627466 16
1704627498 5
1704627530 12
1704627562 13
1704627594 24
1704627626 9
1704627658 15
1704627690 2



# Sketch: 2
1704627114 20
1704627146 24
1704627178 17
1704627210 9
1704627242 9
1704627274 11
1704627306 12
1704627338 8
1704627370 16
1704627402 13
1704627434 27
1704627466 32
1704627498 4
1704627530 18
1704627562 10
1704627594 9
1704627626 17
1704627658 8
1704627690 8



# Sketch: 3
1704627114 14
1704627146 13
1704627178 12
1704627210 8
1704627242 27
1704627274 21
1704627306 19
1704627338 16
1704627370 37
1704627402 29
1704627434 20
1704627466 17
1704627498 13
1704627530 25
1704627562 20
1704627594 11
1704627626 14
1704627658 18
1704627690 2



# Sketch: 4
1704627114 20
1704627146 13
1704627178 17
1704627210 30
1704627242 19
1704627274 20
1704627306 12
1704627338 36
1704627370 16
1704627402 11
1704627434 15
1704627466 6
1704627498 8
1704627530 11
1704627562 8
1704627594 13
1704627626 12
1704627658 12
1704627690 8



# Sketch: 5
1704627114 11
1704627146 30
1704627178 9
1704627210 6
1704627242 8
1704627274 7
1704627306 25
1704627338 19
1704627370 16
1704627402 14
1704627434 10
1704627466 13
1704627498 15
1704627530 10
1704627562 16
1704627594 21
1704627626 17
1704627658 12
1704627690 7



# Sketch: 6
1704627114 17
1704627146 13
1704627178 8
1704627210 15
1704627242 27
1704627274 16
1704627306 22
1704627338 18
1704627370 20
1704627402 12
1704627434 17
1704627466 28
1704627498 11
1704627530 18
1704627562 5
1704627594 11
1704627626 12
1704627658 20
1704627690 13



# Sketch: 7
1704627114 12
1704627146 10
1704627178 23
1704627210 17
1704627242 11
1704627274 34
1704627306 14
1704627338 15
1704627370 22
1704627402 30
1704627434 15
1704627466 18
1704627498 14
1704627530 7
1704627562 11
1704627594 14
1704627626 10
1704627658 19
1704627690 11



# Sketch: 8
1704627114 12
1704627146 9
1704627178 17
1704627210 16
1704627242 17
1704627274 15
1704627306 11
1704627338 17
1704627370 20
1704627402 20
1704627434 14
1704627466 22
1704627498 26
1704627530 15
1704627562 15
1704627594 13
1704627626 10
1704627658 10
1704627690 5



# Sketch: 9
1704627114 20
1704627146 12
1704627178 21
1704627210 15
1704627242 18
1704627274 5
1704627306 16
1704627338 15
1704627370 23
1704627402 10
1704627434 15
1704627466 18
1704627498 20
1704627530 15
1704627562 17
1704627594 18
1704627626 12
1704627658 9
1704627690 15



# Sketch: 10
1704627114 13
1704627146 13
1704627178 14
1704627210 21
1704627242 17
1704627274 4
1704627306 6
1704627338 11
1704627370 20
1704627402 7
1704627434 17
1704627466 15
1704627498 14
1704627530 16
1704627562 15
1704627594 11
1704627626 10
1704627658 9
1704627690 8



# Sketch: 11
1704627114 20
1704627146 9
1704627178 23
1704627210 18
1704627242 20
1704627274 17
1704627306 8
1704627338 21
1704627370 17
1704627402 12
1704627434 10
1704627466 15
1704627498 18
1704627530 22
1704627562 18
1704627594 10
1704627626 20
1704627658 14
1704627690 14



# Sketch: 12
1704627114 11
1704627146 7
1704627178 8
1704627210 6
1704627242 19
1704627274 8
1704627306 16
1704627338 12
1704627370 10
1704627402 19
1704627434 4
1704627466 18
1704627498 4
1704627530 6
1704627562 6
1704627594 32
1704627626 14
1704627658 9
1704627690 14



# Sketch: 13
1704627114 18
1704627146 16
1704627178 8
1704627210 10
1704627242 25
1704627274 9
1704627306 11
1704627338 33
1704627370 12
1704627402 8
1704627434 8
1704627466 11
1704627498 13
1704627530 26
1704627562 11
1704627594 8
1704627626 17
1704627658 16
1704627690 3



# Sketch: 14
1704627114 15
1704627146 23
1704627178 28
1704627210 18
1704627242 32
1704627274 17
1704627306 27
1704627338 45
1704627370 23
1704627402 16
1704627434 19
1704627466 22
1704627498 7
1704627530 28
1704627562 14
1704627594 18
1704627626 10
1704627658 19
1704627690 10



# Sketch: 15
1704627114 19
1704627146 9
1704627178 16
1704627210 17
1704627242 20
1704627274 16
1704627306 9
1704627338 13
1704627370 17
1704627402 18
1704627434 11
1704627466 12
1704627498 16
1704627530 24
1704627562 47
1704627594 19
1704627626 23
1704627658 19
1704627690 1



# Sketch: 16
1704627114 9
1704627146 16
1704627178 20
1704627210 14
1704627242 9
1704627274 24
1704627306 11
1704627338 12
1704627370 13
1704627402 25
1704627434 11
1704627466 6
1704627498 16
1704627530 11
1704627562 10
1704627594 12
1704627626 11
1704627658 18
1704627690 2



# Sketch: 17
1704627114 15
1704627146 11
1704627178 11
1704627210 13
1704627242 7
1704627274 21
1704627306 8
1704627338 18
1704627370 27
1704627402 13
1704627434 13
1704627466 21
1704627498 11
1704627530 7
1704627562 7
1704627594 7
1704627626 18
1704627658 3
1704627690 13



# Sketch: 18
1704627114 13
1704627146 12
1704627178 17
1704627210 22
1704627242 16
1704627274 7
1704627306 16
1704627338 16
1704627370 9
1704627402 19
1704627434 18
1704627466 17
1704627498 11
1704627530 29
1704627562 8
1704627594 19
1704627626 14
1704627658 9
1704627690 7



# Sketch: 19
1704627114 45
1704627146 20
1704627178 37
1704627210 11
1704627242 24
1704627274 13
1704627306 19
1704627338 4
1704627370 23
1704627402 13
1704627434 7
1704627466 16
1704627498 23
1704627530 14
1704627562 27
1704627594 21
1704627626 28
1704627658 17
1704627690 14



# Sketch: 20
1704627114 15
1704627146 11
1704627178 12
1704627210 17
1704627242 26
1704627274 12
1704627306 7
1704627338 11
1704627370 17
1704627402 11
1704627434 14
1704627466 13
1704627498 8
1704627530 12
1704627562 17
1704627594 18
1704627626 12
1704627658 6
1704627690 11



# Sketch: 21
1704627114 27
1704627146 12
1704627178 13
1704627210 13
1704627242 23
1704627274 11
1704627306 9
1704627338 11
1704627370 17
1704627402 16
1704627434 11
1704627466 46
1704627498 8
1704627530 10
1704627562 20
1704627594 8
1704627626 13
1704627658 9
1704627690 9



# Sketch: 22
1704627114 26
1704627146 9
1704627178 22
1704627210 19
1704627242 13
1704627274 9
1704627306 26
1704627338 16
1704627370 23
1704627402 17
1704627434 19
1704627466 20
1704627498 22
1704627530 27
1704627562 19
1704627594 20
1704627626 15
1704627658 19
1704627690 11



# Sketch: 23
1704627114 10
1704627146 15
1704627178 10
1704627210 22
1704627242 31
1704627274 8
1704627306 17
1704627338 18
1704627370 14
1704627402 27
1704627434 13
1704627466 12
1704627498 6
1704627530 22
1704627562 10
1704627594 9
1704627626 28
1704627658 15
1704627690 7



# Sketch: 24
1704627114 14
1704627146 9
1704627178 10
1704627210 16
1704627242 18
1704627274 7
1704627306 18
1704627338 26
1704627370 27
1704627402 12
1704627434 9
1704627466 14
1704627498 3
1704627530 12
1704627562 11
1704627594 18
1704627626 12
1704627658 4
1704627690 4



# Sketch: 25
1704627114 19
1704627146 15
1704627178 31
1704627210 30
1704627242 18
1704627274 23
1704627306 27
1704627338 20
1704627370 21
1704627402 23
1704627434 40
1704627466 15
1704627498 19
1704627530 41
1704627562 44
1704627594 24
1704627626 10
1704627658 32
1704627690 21



# Sketch: 26
1704627114 12
1704627146 16
1704627178 14
1704627210 15
1704627242 29
1704627274 8
1704627306 7
1704627338 14
1704627370 7
1704627402 19
1704627434 9
1704627466 14
1704627498 14
1704627530 12
1704627562 20
1704627594 10
1704627626 24
1704627658 11
1704627690 13



# Sketch: 27
1704627114 8
1704627146 8
1704627178 11
1704627210 6
1704627242 10
1704627274 11
1704627306 14
1704627338 11
1704627370 13
1704627402 28
1704627434 20
1704627466 7
1704627498 9
1704627530 15
1704627562 11
1704627594 13
1704627626 18
1704627658 17
1704627690 10



# Sketch: 28
1704627114 14
1704627146 42
1704627178 12
1704627210 11
1704627242 18
1704627274 6
1704627306 6
1704627338 21
1704627370 7
1704627402 5
1704627434 15
1704627466 10
1704627498 27
1704627530 12
1704627562 14
1704627594 12
1704627626 6
1704627658 25
1704627690 14



# Sketch: 29
1704627114 16
1704627146 9
1704627178 10
1704627210 10
1704627242 7
1704627274 12
1704627306 15
1704627338 19
1704627370 18
1704627402 12
1704627434 16
1704627466 14
1704627498 12
1704627530 19
1704627562 11
1704627594 18
1704627626 16
1704627658 12
1704627690 20



# Sketch: 30
1704627114 12
1704627146 6
1704627178 27
1704627210 9
1704627242 15
1704627274 12
1704627306 7
1704627338 6
1704627370 14
1704627402 10
1704627434 7
1704627466 9
1704627498 10
1704627530 16
1704627562 9
1704627594 12
1704627626 10
1704627658 9
1704627690 5



# Sketch: 31
1704627114 6
1704627146 23
1704627178 8
1704627210 3
1704627242 22
1704627274 16
1704627306 15
1704627338 12
1704627370 14
1704627402 12
1704627434 7
1704627466 24
1704627498 3
1704627530 15
1704627562 10
1704627594 11
1704627626 9
1704627658 10
1704627690 6

