

# Sketch: 0
1704627114 71
1704627242 54
1704627370 69
1704627498 50
1704627626 33



# Sketch: 1
1704627114 58
1704627242 53
1704627370 82
1704627498 76
1704627626 47



# Sketch: 2
1704627114 71
1704627242 97
1704627370 87
1704627498 55
1704627626 35



# Sketch: 3
1704627114 48
1704627242 72
1704627370 72
1704627498 53
1704627626 63



# Sketch: 4
1704627114 38
1704627242 46
1704627370 77
1704627498 56
1704627626 21



# Sketch: 5
1704627114 51
1704627242 67
1704627370 88
1704627498 44
1704627626 37



# Sketch: 6
1704627114 55
1704627242 42
1704627370 54
1704627498 37
1704627626 20



# Sketch: 7
1704627114 51
1704627242 61
1704627370 48
1704627498 50
1704627626 42



# Sketch: 8
1704627114 52
1704627242 44
1704627370 36
1704627498 43
1704627626 36



# Sketch: 9
1704627114 58
1704627242 73
1704627370 59
1704627498 53
1704627626 23



# Sketch: 10
1704627114 55
1704627242 41
1704627370 37
1704627498 41
1704627626 33



# Sketch: 11
1704627114 82
1704627242 70
1704627370 65
1704627498 56
1704627626 35



# Sketch: 12
1704627114 53
1704627242 63
1704627370 43
1704627498 58
1704627626 41



# Sketch: 13
1704627114 49
1704627242 61
1704627370 60
1704627498 56
1704627626 25



# Sketch: 14
1704627114 69
1704627242 62
1704627370 63
1704627498 86
1704627626 64



# Sketch: 15
1704627114 97
1704627242 54
1704627370 78
1704627498 72
1704627626 38



# Sketch: 16
1704627114 32
1704627242 48
1704627370 37
1704627498 59
1704627626 28



# Sketch: 17
1704627114 72
1704627242 71
1704627370 75
1704627498 61
1704627626 28



# Sketch: 18
1704627114 50
1704627242 87
1704627370 122
1704627498 79
1704627626 62



# Sketch: 19
1704627114 75
1704627242 88
1704627370 80
1704627498 86
1704627626 63



# Sketch: 20
1704627114 48
1704627242 51
1704627370 47
1704627498 47
1704627626 30



# Sketch: 21
1704627114 65
1704627242 69
1704627370 79
1704627498 64
1704627626 46



# Sketch: 22
1704627114 52
1704627242 64
1704627370 49
1704627498 82
1704627626 17



# Sketch: 23
1704627114 79
1704627242 49
1704627370 47
1704627498 56
1704627626 41



# Sketch: 24
1704627114 35
1704627242 52
1704627370 52
1704627498 46
1704627626 29



# Sketch: 25
1704627114 81
1704627242 70
1704627370 77
1704627498 71
1704627626 40



# Sketch: 26
1704627114 43
1704627242 92
1704627370 64
1704627498 90
1704627626 38



# Sketch: 27
1704627114 63
1704627242 70
1704627370 71
1704627498 71
1704627626 42



# Sketch: 28
1704627114 59
1704627242 45
1704627370 49
1704627498 35
1704627626 30



# Sketch: 29
1704627114 90
1704627242 102
1704627370 76
1704627498 52
1704627626 39



# Sketch: 30
1704627114 75
1704627242 49
1704627370 68
1704627498 54
1704627626 27



# Sketch: 31
1704627114 77
1704627242 44
1704627370 54
1704627498 69
1704627626 38

