

# Sketch: 0
1704627714 57
1704627842 86
1704627970 124
1704628098 78
1704628226 33



# Sketch: 1
1704627714 60
1704627842 82
1704627970 68
1704628098 62
1704628226 27



# Sketch: 2
1704627714 55
1704627842 77
1704627970 112
1704628098 60
1704628226 44



# Sketch: 3
1704627714 45
1704627842 68
1704627970 56
1704628098 78
1704628226 62



# Sketch: 4
1704627714 59
1704627842 42
1704627970 48
1704628098 35
1704628226 31



# Sketch: 5
1704627714 44
1704627842 63
1704627970 36
1704628098 48
1704628226 50



# Sketch: 6
1704627714 66
1704627842 49
1704627970 60
1704628098 66
1704628226 38



# Sketch: 7
1704627714 56
1704627842 68
1704627970 53
1704628098 59
1704628226 48



# Sketch: 8
1704627714 47
1704627842 44
1704627970 59
1704628098 50
1704628226 30



# Sketch: 9
1704627714 66
1704627842 92
1704627970 42
1704628098 62
1704628226 50



# Sketch: 10
1704627714 88
1704627842 72
1704627970 125
1704628098 69
1704628226 94



# Sketch: 11
1704627714 97
1704627842 52
1704627970 58
1704628098 48
1704628226 32



# Sketch: 12
1704627714 73
1704627842 63
1704627970 60
1704628098 69
1704628226 46



# Sketch: 13
1704627714 89
1704627842 76
1704627970 73
1704628098 61
1704628226 62



# Sketch: 14
1704627714 56
1704627842 63
1704627970 67
1704628098 107
1704628226 46



# Sketch: 15
1704627714 47
1704627842 62
1704627970 61
1704628098 54
1704628226 37



# Sketch: 16
1704627714 60
1704627842 54
1704627970 42
1704628098 68
1704628226 34



# Sketch: 17
1704627714 78
1704627842 54
1704627970 56
1704628098 47
1704628226 22



# Sketch: 18
1704627714 87
1704627842 55
1704627970 50
1704628098 75
1704628226 32



# Sketch: 19
1704627714 57
1704627842 72
1704627970 59
1704628098 36
1704628226 35



# Sketch: 20
1704627714 44
1704627842 62
1704627970 49
1704628098 55
1704628226 42



# Sketch: 21
1704627714 76
1704627842 99
1704627970 69
1704628098 47
1704628226 42



# Sketch: 22
1704627714 70
1704627842 69
1704627970 63
1704628098 79
1704628226 46



# Sketch: 23
1704627714 93
1704627842 66
1704627970 46
1704628098 61
1704628226 49



# Sketch: 24
1704627714 116
1704627842 136
1704627970 158
1704628098 69
1704628226 50



# Sketch: 25
1704627714 70
1704627842 70
1704627970 54
1704628098 80
1704628226 52



# Sketch: 26
1704627714 74
1704627842 88
1704627970 72
1704628098 67
1704628226 54



# Sketch: 27
1704627714 76
1704627842 69
1704627970 60
1704628098 75
1704628226 37



# Sketch: 28
1704627714 69
1704627842 58
1704627970 43
1704628098 56
1704628226 22



# Sketch: 29
1704627714 63
1704627842 68
1704627970 59
1704628098 67
1704628226 33



# Sketch: 30
1704627714 58
1704627842 87
1704627970 62
1704628098 77
1704628226 34



# Sketch: 31
1704627714 34
1704627842 69
1704627970 42
1704628098 55
1704628226 29

