

# Sketch: 0
1704627714 62
1704627842 113
1704627970 53
1704628098 67
1704628226 55



# Sketch: 1
1704627714 35
1704627842 66
1704627970 60
1704628098 51
1704628226 28



# Sketch: 2
1704627714 39
1704627842 65
1704627970 65
1704628098 67
1704628226 56



# Sketch: 3
1704627714 78
1704627842 41
1704627970 93
1704628098 55
1704628226 30



# Sketch: 4
1704627714 62
1704627842 89
1704627970 82
1704628098 54
1704628226 26



# Sketch: 5
1704627714 46
1704627842 80
1704627970 52
1704628098 62
1704628226 34



# Sketch: 6
1704627714 78
1704627842 67
1704627970 39
1704628098 69
1704628226 30



# Sketch: 7
1704627714 92
1704627842 89
1704627970 52
1704628098 79
1704628226 58



# Sketch: 8
1704627714 55
1704627842 66
1704627970 79
1704628098 64
1704628226 45



# Sketch: 9
1704627714 53
1704627842 76
1704627970 53
1704628098 46
1704628226 39



# Sketch: 10
1704627714 89
1704627842 100
1704627970 128
1704628098 68
1704628226 77



# Sketch: 11
1704627714 71
1704627842 53
1704627970 41
1704628098 52
1704628226 78



# Sketch: 12
1704627714 69
1704627842 50
1704627970 75
1704628098 69
1704628226 49



# Sketch: 13
1704627714 75
1704627842 73
1704627970 60
1704628098 100
1704628226 43



# Sketch: 14
1704627714 87
1704627842 104
1704627970 130
1704628098 118
1704628226 83



# Sketch: 15
1704627714 61
1704627842 53
1704627970 74
1704628098 39
1704628226 30



# Sketch: 16
1704627714 62
1704627842 73
1704627970 60
1704628098 62
1704628226 41



# Sketch: 17
1704627714 93
1704627842 54
1704627970 65
1704628098 36
1704628226 20



# Sketch: 18
1704627714 126
1704627842 66
1704627970 47
1704628098 53
1704628226 28



# Sketch: 19
1704627714 44
1704627842 104
1704627970 49
1704628098 32
1704628226 42



# Sketch: 20
1704627714 58
1704627842 38
1704627970 44
1704628098 50
1704628226 24



# Sketch: 21
1704627714 82
1704627842 76
1704627970 81
1704628098 67
1704628226 26



# Sketch: 22
1704627714 63
1704627842 61
1704627970 47
1704628098 78
1704628226 36



# Sketch: 23
1704627714 82
1704627842 55
1704627970 69
1704628098 47
1704628226 38



# Sketch: 24
1704627714 50
1704627842 78
1704627970 40
1704628098 66
1704628226 33



# Sketch: 25
1704627714 50
1704627842 55
1704627970 43
1704628098 64
1704628226 26



# Sketch: 26
1704627714 60
1704627842 61
1704627970 76
1704628098 64
1704628226 55



# Sketch: 27
1704627714 63
1704627842 48
1704627970 64
1704628098 77
1704628226 33



# Sketch: 28
1704627714 46
1704627842 52
1704627970 43
1704628098 67
1704628226 37



# Sketch: 29
1704627714 69
1704627842 59
1704627970 46
1704628098 61
1704628226 37



# Sketch: 30
1704627714 35
1704627842 47
1704627970 59
1704628098 60
1704628226 25



# Sketch: 31
1704627714 95
1704627842 123
1704627970 117
1704628098 76
1704628226 81

