

# Sketch: 0
0 0.353022
1 0.641431
2 0.680855
3 0.803948
4 1.00337
5 0.462348
6 0.125949
7 2.80241



# Sketch: 1
0 0.465235
1 0.52537
2 0.467935
3 0.519722
4 0.607267
5 0.501097
6 0.484095
7 0.322176



# Sketch: 2
0 0.690812
1 0.76404
2 0.827966
3 0.607084
4 0.51958
5 0.430927
6 0.507449
7 0.385012



# Sketch: 3
0 0.320167
1 0.287095
2 0.32401
3 0.34276
4 0.378291
5 0.420157
6 0.519052
7 0.373855



# Sketch: 4
0 0.714415
1 0.614873
2 0.545703
3 0.524248
4 0.831261
5 0.58952
6 0.44884
7 0.251297



# Sketch: 5
0 0.472438
1 0.571399
2 0.633044
3 0.708846
4 0.542037
5 0.385661
6 0.445209
7 0.367686



# Sketch: 6
0 0.801796
1 0.902437
2 0.828197
3 0.742999
4 0.701389
5 1.05403
6 0.810972
7 1.00168



# Sketch: 7
0 0.57037
1 0.472436
2 0.523773
3 0.410922
4 0.349876
5 0.481519
6 0.459559
7 0.406309



# Sketch: 8
0 0.665727
1 0.517842
2 0.541862
3 0.495248
4 0.579964
5 0.529226
6 0.60368
7 0.650995



# Sketch: 9
0 0.251986
1 0.267675
2 0.445392
3 0.404369
4 0.483948
5 0.520414
6 0.292747
7 0.567982



# Sketch: 10
0 1.19255
1 0.865454
2 0.668174
3 0.547216
4 0.360504
5 0.295053
6 0.38878
7 0.905068



# Sketch: 11
0 0.59153
1 0.627315
2 0.808158
3 0.562038
4 0.355897
5 0.517454
6 0.543472
7 0.41417



# Sketch: 12
0 0.31898
1 0.295025
2 0.31068
3 0.400557
4 0.382406
5 0.413592
6 0.301174
7 0.409035



# Sketch: 13
0 0.332667
1 0.177058
2 0.186859
3 0.185696
4 0.201721
5 0.290496
6 0.395147
7 0.589604



# Sketch: 14
0 0.433192
1 0.360651
2 0.4829
3 0.321172
4 0.288306
5 0.380851
6 0.199728
7 1.81736



# Sketch: 15
0 0.651636
1 0.536664
2 0.618219
3 0.617793
4 0.524825
5 0.688063
6 0.675475
7 0.612273



# Sketch: 16
0 0.626528
1 0.632005
2 0.476706
3 0.449974
4 0.389487
5 0.445831
6 0.34483
7 0.532055



# Sketch: 17
0 1.12491
1 1.07833
2 0.514203
3 0.207865
4 0.385372
5 0.266011
6 0.405823
7 0.492449



# Sketch: 18
0 0.148293
1 0.0959797
2 0.213881
3 1.05675
4 0.749146
5 0.986857
6 0.163499
7 0.263811



# Sketch: 19
0 0.642541
1 0.537345
2 0.554723
3 0.615618
4 0.522911
5 0.593764
6 0.66006
7 0.672214



# Sketch: 20
0 1.07047
1 0.93234
2 0.860944
3 0.44589
4 0.279887
5 0.220482
6 0.126486
7 0.369266



# Sketch: 21
0 0.157905
1 0.359289
2 0.380629
3 0.576996
4 0.735325
5 0.958699
6 1.57817
7 2.34627



# Sketch: 22
0 2.2328
1 2.21261
2 1.76017
3 1.27575
4 1.13816
5 0.741915
6 0.960232
7 1.50787



# Sketch: 23
0 0.664297
1 0.515194
2 0.532948
3 0.50081
4 0.612318
5 0.911152
6 0.415252
7 0.0413113



# Sketch: 24
0 1.93786
1 1.46696
2 1.17585
3 1.01945
4 1.13028
5 0.350791
6 0.666584
7 0.522025



# Sketch: 25
0 0.881484
1 0.842928
2 0.710438
3 0.561879
4 0.539759
5 0.432964
6 0.481726
7 0.469807



# Sketch: 26
0 0.576632
1 0.55861
2 0.318295
3 0.157361
4 0.212393
5 0.238724
6 0.477929
7 0.327363



# Sketch: 27
0 0.406054
1 0.359279
2 0.393637
3 0.382611
4 0.379008
5 0.404041
6 0.621352
7 0.536271



# Sketch: 28
0 0.473785
1 0.443175
2 0.473097
3 0.157587
4 0.764733
5 0.994951
6 1.34754
7 0.426563



# Sketch: 29
0 0.750635
1 0.58795
2 0.662547
3 0.60288
4 0.460148
5 0.494531
6 0.443062
7 0.553638



# Sketch: 30
0 0.487155
1 0.395562
2 0.342734
3 0.370151
4 0.402863
5 0.432013
6 0.37114
7 0.374005



# Sketch: 31
0 1.5621
1 1.15206
2 0.982797
3 0.793623
4 0.58478
5 0.374073
6 0.389039
7 0.781268

