

# Sketch: 0
0 1.59025
1 1.49347
2 1.35072
3 1.04648
4 0.554526
5 1.37284
6 0.79484
7 0.258746



# Sketch: 1
0 0.432544
1 0.396148
2 0.432439
3 0.450594
4 0.465712
5 0.481687
6 0.417373
7 0.547862



# Sketch: 2
0 0.281236
1 0.244287
2 0.318311
3 0.341891
4 0.319765
5 0.390512
6 0.302401
7 2.0719



# Sketch: 3
0 0.483934
1 0.481298
2 0.434438
3 0.426924
4 0.914501
5 1.204
6 0.500136
7 0.663301



# Sketch: 4
0 1.4237
1 1.34443
2 1.30934
3 1.08292
4 0.750595
5 0.88403
6 0.631699
7 0.627748



# Sketch: 5
0 1.01856
1 0.998298
2 0.739609
3 0.795672
4 0.49554
5 0.35449
6 0.613407
7 0.829844



# Sketch: 6
0 0.582486
1 0.500221
2 0.53823
3 0.502005
4 0.570198
5 0.502884
6 0.635749
7 0.887742



# Sketch: 7
0 0.305971
1 0.311302
2 0.319777
3 0.379812
4 0.392457
5 0.425453
6 0.334871
7 0.938853



# Sketch: 8
0 0.481206
1 0.507362
2 0.487172
3 0.434453
4 0.418516
5 0.435607
6 0.497041
7 0.40905



# Sketch: 9
0 0.120222
1 0.116537
2 0.138364
3 0.205805
4 0.244761
5 0.247626
6 0.330086
7 0.979713



# Sketch: 10
0 0.266044
1 0.377012
2 0.439578
3 0.553704
4 0.533141
5 0.42391
6 0.542992
7 0.355095



# Sketch: 11
0 0.758106
1 0.763791
2 0.790583
3 0.691847
4 0.557192
5 0.568094
6 0.634756
7 0.467305



# Sketch: 12
0 0.57463
1 0.546487
2 0.48939
3 0.400915
4 0.497734
5 0.463072
6 0.443815
7 0.533466



# Sketch: 13
0 0.384228
1 0.376461
2 0.38742
3 0.355506
4 0.409941
5 0.418528
6 0.803643
7 0.889869



# Sketch: 14
0 0.314702
1 0.564969
2 1.10818
3 0.425897
4 0.17852
5 0.203407
6 0.088676
7 0.775553



# Sketch: 15
0 1.49914
1 1.00275
2 0.726055
3 0.599545
4 0.544941
5 0.465129
6 0.453477
7 1.28269



# Sketch: 16
0 0.363447
1 0.514002
2 0.537952
3 0.998614
4 0.713746
5 0.645648
6 0.380746
7 0.269831



# Sketch: 17
0 0.657814
1 0.594031
2 0.633765
3 0.574717
4 0.455418
5 0.488609
6 0.589024
7 0.33019



# Sketch: 18
0 0.124338
1 0.0563136
2 0.131375
3 0.14766
4 0.0847297
5 0.165028
6 0.288646
7 1.21298



# Sketch: 19
0 1.10056
1 1.09229
2 1.1705
3 0.831818
4 0.608236
5 1.31463
6 1.28755
7 1.45189



# Sketch: 20
0 0.069382
1 0.0566236
2 0.07296
3 0.269405
4 0.497286
5 0.33994
6 0.373251
7 0.324275



# Sketch: 21
0 0.689863
1 0.634677
2 0.646647
3 0.609049
4 0.653724
5 0.589962
6 0.635924
7 1.50408



# Sketch: 22
0 1.69068
1 2.07854
2 1.67751
3 1.64806
4 2.06207
5 1.99922
6 0.941819
7 0.527839



# Sketch: 23
0 0.393851
1 0.590672
2 0.35546
3 0.361009
4 0.223427
5 0.270696
6 0.257928
7 0.254623



# Sketch: 24
0 0.772843
1 0.744168
2 0.71736
3 0.658232
4 0.674112
5 0.582841
6 0.461566
7 0.769799



# Sketch: 25
0 0.489968
1 0.504903
2 1.01427
3 0.934417
4 1.2675
5 0.448111
6 0.331688
7 0.948679



# Sketch: 26
0 0.887076
1 0.678033
2 0.410321
3 0.282744
4 0.493102
5 0.116864
6 0.226554
7 0.344149



# Sketch: 27
0 0.611047
1 0.564987
2 0.623699
3 0.561064
4 0.468687
5 0.558145
6 0.590558
7 0.993243



# Sketch: 28
0 0.479931
1 0.497354
2 0.423919
3 0.413906
4 0.342266
5 0.373285
6 0.383876
7 0.356469



# Sketch: 29
0 0.372494
1 0.388836
2 0.572704
3 1.00329
4 0.975952
5 1.05222
6 0.358629
7 0.422825



# Sketch: 30
0 0.414821
1 0.384535
2 0.530674
3 0.440386
4 0.479162
5 0.580343
6 1.26299
7 3.26956



# Sketch: 31
0 0.902288
1 0.746564
2 0.647839
3 0.819645
4 0.107239
5 0.317786
6 0.21404
7 1.41755

