

# Sketch: 0
0 2.35391
1 2.03171
2 1.67277
3 1.31244
4 0.500871
5 0.802576
6 0.0860731
7 0.294429



# Sketch: 1
0 0.69473
1 0.812854
2 0.687395
3 0.748923
4 0.621442
5 0.593854
6 0.56147
7 1.03272



# Sketch: 2
0 0.566072
1 0.601312
2 0.539031
3 0.557677
4 0.53333
5 0.434798
6 0.449534
7 0.700719



# Sketch: 3
0 0.46497
1 0.459685
2 0.465504
3 0.651792
4 0.875106
5 0.545722
6 0.410902
7 0.590633



# Sketch: 4
0 0.0265864
1 0.135943
2 0.167942
3 0.0885882
4 0.0611472
5 0.18199
6 0.270846
7 2.85265



# Sketch: 5
0 0.583562
1 0.643351
2 0.615204
3 0.684387
4 0.648254
5 0.746284
6 0.633675
7 0.694243



# Sketch: 6
0 0.569424
1 0.588331
2 0.606062
3 0.65013
4 0.579301
5 0.442523
6 0.47907
7 0.375015



# Sketch: 7
0 0.245857
1 0.32614
2 0.392804
3 0.650762
4 0.219602
5 0.0429142
6 0.0893022
7 0.32888



# Sketch: 8
0 0.344268
1 0.749596
2 0.648621
3 0.481066
4 0.462147
5 1.37904
6 1.55389
7 0.348779



# Sketch: 9
0 0.676364
1 0.692291
2 0.696251
3 0.73521
4 0.672889
5 0.557867
6 0.537544
7 0.621973



# Sketch: 10
0 0.705083
1 0.65908
2 1.54423
3 1.69341
4 1.36414
5 1.31682
6 0.588532
7 0.389511



# Sketch: 11
0 0.796247
1 0.663153
2 0.700929
3 0.739399
4 0.812565
5 0.553812
6 0.561442
7 0.550361



# Sketch: 12
0 0.525786
1 0.636739
2 0.471931
3 1.26247
4 0.836008
5 0.757817
6 0.162562
7 0.489112



# Sketch: 13
0 0.655057
1 0.607725
2 0.445323
3 0.498935
4 0.998518
5 0.596692
6 0.61404
7 0.743301



# Sketch: 14
0 1.41186
1 1.33414
2 1.32225
3 1.49362
4 1.42356
5 1.55686
6 1.51184
7 0.165835



# Sketch: 15
0 0.602902
1 0.523474
2 0.360466
3 0.261525
4 0.300495
5 0.210026
6 0.116694
7 0.373722



# Sketch: 16
0 0.514719
1 0.543984
2 0.676363
3 0.511947
4 0.357297
5 0.323464
6 0.694086
7 0.389609



# Sketch: 17
0 0.226948
1 0.124244
2 0.138807
3 0.107506
4 0.182866
5 0.367831
6 0.669986
7 2.15284



# Sketch: 18
0 0.7322
1 0.772971
2 0.755215
3 0.791495
4 0.709678
5 0.640462
6 0.571748
7 0.441459



# Sketch: 19
0 0.685619
1 0.814897
2 0.85098
3 0.305859
4 0.232184
5 0.762629
6 0.316047
7 0.446548



# Sketch: 20
0 0.973281
1 0.953757
2 0.950412
3 1.00303
4 0.902976
5 0.700262
6 0.745222
7 0.787018



# Sketch: 21
0 0.983872
1 0.837243
2 0.527191
3 0.32073
4 0.31547
5 0.388359
6 0.240706
7 0.956902



# Sketch: 22
0 0.603072
1 0.622054
2 0.763101
3 0.711772
4 0.588552
5 0.477608
6 0.523896
7 1.40236



# Sketch: 23
0 0.738319
1 0.756119
2 0.811063
3 0.858676
4 0.730297
5 0.600012
6 0.673081
7 0.497909



# Sketch: 24
0 0.450504
1 0.500141
2 0.420324
3 0.325095
4 0.342959
5 0.319997
6 1.10368
7 0.618165



# Sketch: 25
0 0.871599
1 0.941163
2 0.650899
3 0.960303
4 0.526925
5 0.550288
6 0.546223
7 0.802919



# Sketch: 26
0 1.51934
1 1.42165
2 1.57635
3 1.48011
4 0.870872
5 0.559816
6 0.377935
7 1.08433



# Sketch: 27
0 0.255452
1 0.257752
2 0.258911
3 0.298176
4 0.8571
5 0.726632
6 0.652487
7 0.681282



# Sketch: 28
0 0.282301
1 0.537535
2 0.571782
3 0.376989
4 0.320238
5 0.100442
6 0.114607
7 0.423651



# Sketch: 29
0 0.386026
1 0.4472
2 0.548836
3 0.362042
4 0.202271
5 0.098232
6 0.466975
7 0.922532



# Sketch: 30
0 0.528599
1 0.592396
2 0.54354
3 0.63662
4 0.604051
5 0.609218
6 1.33286
7 0.431079



# Sketch: 31
0 1.90079
1 1.57985
2 1.94623
3 1.52988
4 1.20646
5 0.936398
6 0.661012
7 0.521059

