

# Sketch: 0
1704628314 40
1704628378 26
1704628442 35
1704628506 25
1704628570 44
1704628634 53
1704628698 30
1704628762 36
1704628826 41
1704628890 16



# Sketch: 1
1704628314 25
1704628378 31
1704628442 45
1704628506 14
1704628570 29
1704628634 23
1704628698 24
1704628762 21
1704628826 38
1704628890 15



# Sketch: 2
1704628314 38
1704628378 17
1704628442 37
1704628506 27
1704628570 18
1704628634 32
1704628698 36
1704628762 20
1704628826 22
1704628890 21



# Sketch: 3
1704628314 31
1704628378 16
1704628442 24
1704628506 32
1704628570 36
1704628634 31
1704628698 41
1704628762 23
1704628826 29
1704628890 13



# Sketch: 4
1704628314 30
1704628378 35
1704628442 31
1704628506 42
1704628570 37
1704628634 26
1704628698 28
1704628762 37
1704628826 48
1704628890 13



# Sketch: 5
1704628314 30
1704628378 30
1704628442 32
1704628506 15
1704628570 44
1704628634 16
1704628698 20
1704628762 19
1704628826 40
1704628890 14



# Sketch: 6
1704628314 36
1704628378 38
1704628442 29
1704628506 19
1704628570 12
1704628634 23
1704628698 23
1704628762 33
1704628826 27
1704628890 22



# Sketch: 7
1704628314 29
1704628378 23
1704628442 37
1704628506 41
1704628570 35
1704628634 47
1704628698 31
1704628762 55
1704628826 37
1704628890 15



# Sketch: 8
1704628314 36
1704628378 28
1704628442 40
1704628506 41
1704628570 44
1704628634 39
1704628698 31
1704628762 25
1704628826 33
1704628890 20



# Sketch: 9
1704628314 21
1704628378 23
1704628442 27
1704628506 21
1704628570 24
1704628634 25
1704628698 41
1704628762 27
1704628826 31
1704628890 11



# Sketch: 10
1704628314 35
1704628378 42
1704628442 25
1704628506 60
1704628570 17
1704628634 45
1704628698 51
1704628762 41
1704628826 44
1704628890 19



# Sketch: 11
1704628314 47
1704628378 35
1704628442 25
1704628506 18
1704628570 16
1704628634 29
1704628698 26
1704628762 22
1704628826 37
1704628890 14



# Sketch: 12
1704628314 41
1704628378 30
1704628442 35
1704628506 37
1704628570 40
1704628634 41
1704628698 42
1704628762 29
1704628826 41
1704628890 8



# Sketch: 13
1704628314 37
1704628378 26
1704628442 31
1704628506 31
1704628570 43
1704628634 38
1704628698 44
1704628762 22
1704628826 46
1704628890 21



# Sketch: 14
1704628314 49
1704628378 59
1704628442 30
1704628506 74
1704628570 49
1704628634 30
1704628698 58
1704628762 33
1704628826 54
1704628890 14



# Sketch: 15
1704628314 29
1704628378 32
1704628442 51
1704628506 18
1704628570 30
1704628634 32
1704628698 47
1704628762 39
1704628826 27
1704628890 22



# Sketch: 16
1704628314 23
1704628378 18
1704628442 38
1704628506 26
1704628570 40
1704628634 28
1704628698 37
1704628762 36
1704628826 29
1704628890 21



# Sketch: 17
1704628314 25
1704628378 30
1704628442 28
1704628506 29
1704628570 56
1704628634 36
1704628698 44
1704628762 37
1704628826 24
1704628890 7



# Sketch: 18
1704628314 17
1704628378 23
1704628442 33
1704628506 26
1704628570 26
1704628634 21
1704628698 30
1704628762 34
1704628826 26
1704628890 9



# Sketch: 19
1704628314 22
1704628378 35
1704628442 28
1704628506 56
1704628570 34
1704628634 38
1704628698 27
1704628762 34
1704628826 41
1704628890 12



# Sketch: 20
1704628314 17
1704628378 31
1704628442 17
1704628506 15
1704628570 24
1704628634 25
1704628698 19
1704628762 27
1704628826 36
1704628890 14



# Sketch: 21
1704628314 50
1704628378 54
1704628442 28
1704628506 20
1704628570 38
1704628634 38
1704628698 41
1704628762 27
1704628826 35
1704628890 28



# Sketch: 22
1704628314 18
1704628378 38
1704628442 30
1704628506 26
1704628570 23
1704628634 33
1704628698 35
1704628762 13
1704628826 32
1704628890 15



# Sketch: 23
1704628314 17
1704628378 15
1704628442 38
1704628506 25
1704628570 31
1704628634 29
1704628698 21
1704628762 33
1704628826 15
1704628890 18



# Sketch: 24
1704628314 39
1704628378 28
1704628442 34
1704628506 21
1704628570 38
1704628634 33
1704628698 27
1704628762 23
1704628826 31
1704628890 18



# Sketch: 25
1704628314 25
1704628378 21
1704628442 45
1704628506 29
1704628570 26
1704628634 43
1704628698 32
1704628762 21
1704628826 21
1704628890 10



# Sketch: 26
1704628314 58
1704628378 36
1704628442 45
1704628506 30
1704628570 38
1704628634 34
1704628698 46
1704628762 40
1704628826 29
1704628890 9



# Sketch: 27
1704628314 28
1704628378 32
1704628442 37
1704628506 25
1704628570 28
1704628634 42
1704628698 32
1704628762 27
1704628826 36
1704628890 13



# Sketch: 28
1704628314 58
1704628378 33
1704628442 36
1704628506 33
1704628570 45
1704628634 33
1704628698 29
1704628762 43
1704628826 29
1704628890 14



# Sketch: 29
1704628314 63
1704628378 31
1704628442 22
1704628506 36
1704628570 39
1704628634 42
1704628698 34
1704628762 29
1704628826 26
1704628890 17



# Sketch: 30
1704628314 34
1704628378 18
1704628442 12
1704628506 28
1704628570 25
1704628634 19
1704628698 55
1704628762 24
1704628826 46
1704628890 13



# Sketch: 31
1704628314 36
1704628378 58
1704628442 34
1704628506 54
1704628570 38
1704628634 73
1704628698 55
1704628762 38
1704628826 51
1704628890 28

