

# Sketch: 0
1704628314 30
1704628378 18
1704628442 21
1704628506 20
1704628570 27
1704628634 59
1704628698 16
1704628762 27
1704628826 20
1704628890 19



# Sketch: 1
1704628314 33
1704628378 56
1704628442 32
1704628506 35
1704628570 34
1704628634 22
1704628698 28
1704628762 27
1704628826 41
1704628890 13



# Sketch: 2
1704628314 40
1704628378 26
1704628442 32
1704628506 24
1704628570 39
1704628634 31
1704628698 37
1704628762 25
1704628826 32
1704628890 12



# Sketch: 3
1704628314 30
1704628378 22
1704628442 27
1704628506 37
1704628570 24
1704628634 36
1704628698 29
1704628762 20
1704628826 27
1704628890 17



# Sketch: 4
1704628314 48
1704628378 26
1704628442 43
1704628506 29
1704628570 38
1704628634 35
1704628698 44
1704628762 24
1704628826 43
1704628890 10



# Sketch: 5
1704628314 29
1704628378 11
1704628442 32
1704628506 41
1704628570 37
1704628634 27
1704628698 31
1704628762 28
1704628826 30
1704628890 7



# Sketch: 6
1704628314 30
1704628378 29
1704628442 40
1704628506 41
1704628570 36
1704628634 30
1704628698 52
1704628762 26
1704628826 33
1704628890 16



# Sketch: 7
1704628314 36
1704628378 48
1704628442 40
1704628506 23
1704628570 36
1704628634 39
1704628698 33
1704628762 29
1704628826 49
1704628890 20



# Sketch: 8
1704628314 22
1704628378 25
1704628442 24
1704628506 33
1704628570 25
1704628634 40
1704628698 37
1704628762 25
1704628826 53
1704628890 28



# Sketch: 9
1704628314 23
1704628378 28
1704628442 27
1704628506 25
1704628570 29
1704628634 40
1704628698 45
1704628762 22
1704628826 28
1704628890 13



# Sketch: 10
1704628314 53
1704628378 37
1704628442 40
1704628506 31
1704628570 40
1704628634 38
1704628698 47
1704628762 47
1704628826 17
1704628890 8



# Sketch: 11
1704628314 44
1704628378 25
1704628442 17
1704628506 22
1704628570 12
1704628634 31
1704628698 28
1704628762 25
1704628826 49
1704628890 15



# Sketch: 12
1704628314 33
1704628378 32
1704628442 21
1704628506 30
1704628570 42
1704628634 34
1704628698 35
1704628762 41
1704628826 42
1704628890 13



# Sketch: 13
1704628314 39
1704628378 16
1704628442 36
1704628506 24
1704628570 36
1704628634 29
1704628698 31
1704628762 50
1704628826 23
1704628890 15



# Sketch: 14
1704628314 29
1704628378 17
1704628442 22
1704628506 21
1704628570 26
1704628634 41
1704628698 37
1704628762 35
1704628826 22
1704628890 14



# Sketch: 15
1704628314 41
1704628378 54
1704628442 46
1704628506 44
1704628570 39
1704628634 38
1704628698 25
1704628762 41
1704628826 50
1704628890 18



# Sketch: 16
1704628314 23
1704628378 16
1704628442 37
1704628506 22
1704628570 33
1704628634 23
1704628698 22
1704628762 19
1704628826 29
1704628890 26



# Sketch: 17
1704628314 31
1704628378 34
1704628442 24
1704628506 9
1704628570 36
1704628634 19
1704628698 33
1704628762 19
1704628826 30
1704628890 28



# Sketch: 18
1704628314 22
1704628378 21
1704628442 30
1704628506 26
1704628570 54
1704628634 29
1704628698 39
1704628762 32
1704628826 25
1704628890 7



# Sketch: 19
1704628314 53
1704628378 35
1704628442 40
1704628506 27
1704628570 56
1704628634 41
1704628698 40
1704628762 20
1704628826 31
1704628890 13



# Sketch: 20
1704628314 31
1704628378 24
1704628442 48
1704628506 24
1704628570 21
1704628634 36
1704628698 38
1704628762 52
1704628826 28
1704628890 9



# Sketch: 21
1704628314 44
1704628378 40
1704628442 49
1704628506 14
1704628570 27
1704628634 35
1704628698 31
1704628762 27
1704628826 35
1704628890 12



# Sketch: 22
1704628314 34
1704628378 49
1704628442 36
1704628506 41
1704628570 31
1704628634 35
1704628698 28
1704628762 42
1704628826 47
1704628890 14



# Sketch: 23
1704628314 34
1704628378 26
1704628442 17
1704628506 35
1704628570 19
1704628634 19
1704628698 23
1704628762 20
1704628826 36
1704628890 9



# Sketch: 24
1704628314 38
1704628378 34
1704628442 45
1704628506 33
1704628570 50
1704628634 23
1704628698 32
1704628762 36
1704628826 40
1704628890 23



# Sketch: 25
1704628314 18
1704628378 47
1704628442 30
1704628506 29
1704628570 24
1704628634 37
1704628698 38
1704628762 29
1704628826 41
1704628890 10



# Sketch: 26
1704628314 41
1704628378 26
1704628442 41
1704628506 34
1704628570 30
1704628634 38
1704628698 40
1704628762 34
1704628826 24
1704628890 19



# Sketch: 27
1704628314 25
1704628378 43
1704628442 22
1704628506 64
1704628570 47
1704628634 45
1704628698 48
1704628762 26
1704628826 55
1704628890 26



# Sketch: 28
1704628314 35
1704628378 36
1704628442 27
1704628506 66
1704628570 27
1704628634 49
1704628698 70
1704628762 48
1704628826 22
1704628890 12



# Sketch: 29
1704628314 32
1704628378 30
1704628442 40
1704628506 15
1704628570 24
1704628634 21
1704628698 30
1704628762 21
1704628826 24
1704628890 14



# Sketch: 30
1704628314 23
1704628378 26
1704628442 29
1704628506 34
1704628570 36
1704628634 35
1704628698 37
1704628762 25
1704628826 38
1704628890 26



# Sketch: 31
1704628314 40
1704628378 35
1704628442 24
1704628506 41
1704628570 32
1704628634 42
1704628698 33
1704628762 26
1704628826 38
1704628890 18

