

# Sketch: 0
1704628314 2
1704628330 6
1704628346 7
1704628362 2
1704628378 2
1704628394 7
1704628410 8
1704628426 4
1704628442 3
1704628458 6
1704628474 6
1704628490 9
1704628506 7
1704628522 3
1704628538 2
1704628554 2
1704628570 5
1704628586 4
1704628602 3
1704628618 9
1704628634 9
1704628650 6
1704628666 3
1704628682 5
1704628698 6
1704628714 3
1704628730 3
1704628746 8
1704628762 4
1704628778 6
1704628794 4
1704628810 1
1704628826 8
1704628842 7
1704628858 2
1704628874 4
1704628890 15
1704628906 2



# Sketch: 1
1704628314 12
1704628330 3
1704628346 8
1704628362 5
1704628378 16
1704628394 8
1704628410 14
1704628426 8
1704628442 5
1704628458 6
1704628474 7
1704628490 9
1704628506 18
1704628522 10
1704628538 6
1704628554 2
1704628570 8
1704628586 9
1704628602 7
1704628618 18
1704628634 16
1704628650 13
1704628666 12
1704628682 8
1704628698 8
1704628714 4
1704628730 10
1704628746 10
1704628762 11
1704628778 9
1704628794 7
1704628810 4
1704628826 3
1704628842 9
1704628858 19
1704628874 13
1704628890 11
1704628906 2



# Sketch: 2
1704628314 6
1704628330 0
1704628346 6
1704628362 7
1704628378 5
1704628394 10
1704628410 11
1704628426 17
1704628442 6
1704628458 5
1704628474 5
1704628490 18
1704628506 15
1704628522 5
1704628538 2
1704628554 8
1704628570 9
1704628586 6
1704628602 6
1704628618 8
1704628634 9
1704628650 4
1704628666 5
1704628682 13
1704628698 13
1704628714 3
1704628730 8
1704628746 5
1704628762 7
1704628778 11
1704628794 9
1704628810 9
1704628826 2
1704628842 3
1704628858 4
1704628874 23
1704628890 19
1704628906 7



# Sketch: 3
1704628314 21
1704628330 12
1704628346 6
1704628362 16
1704628378 7
1704628394 6
1704628410 1
1704628426 10
1704628442 5
1704628458 13
1704628474 10
1704628490 2
1704628506 8
1704628522 8
1704628538 10
1704628554 5
1704628570 10
1704628586 2
1704628602 5
1704628618 4
1704628634 2
1704628650 7
1704628666 6
1704628682 18
1704628698 5
1704628714 3
1704628730 3
1704628746 4
1704628762 5
1704628778 5
1704628794 12
1704628810 3
1704628826 10
1704628842 9
1704628858 10
1704628874 12
1704628890 12
1704628906 2



# Sketch: 4
1704628314 12
1704628330 4
1704628346 10
1704628362 8
1704628378 0
1704628394 5
1704628410 7
1704628426 12
1704628442 12
1704628458 9
1704628474 4
1704628490 14
1704628506 6
1704628522 5
1704628538 6
1704628554 7
1704628570 14
1704628586 12
1704628602 7
1704628618 6
1704628634 13
1704628650 13
1704628666 4
1704628682 6
1704628698 26
1704628714 6
1704628730 5
1704628746 5
1704628762 17
1704628778 5
1704628794 7
1704628810 8
1704628826 6
1704628842 2
1704628858 10
1704628874 6
1704628890 8
1704628906 2



# Sketch: 5
1704628314 10
1704628330 3
1704628346 4
1704628362 10
1704628378 21
1704628394 10
1704628410 16
1704628426 14
1704628442 13
1704628458 8
1704628474 3
1704628490 7
1704628506 12
1704628522 13
1704628538 8
1704628554 11
1704628570 5
1704628586 4
1704628602 6
1704628618 18
1704628634 21
1704628650 16
1704628666 5
1704628682 8
1704628698 5
1704628714 10
1704628730 17
1704628746 13
1704628762 12
1704628778 7
1704628794 12
1704628810 9
1704628826 8
1704628842 16
1704628858 15
1704628874 7
1704628890 14
1704628906 3



# Sketch: 6
1704628314 1
1704628330 5
1704628346 9
1704628362 4
1704628378 9
1704628394 9
1704628410 7
1704628426 6
1704628442 6
1704628458 12
1704628474 5
1704628490 22
1704628506 9
1704628522 5
1704628538 4
1704628554 6
1704628570 19
1704628586 7
1704628602 4
1704628618 23
1704628634 6
1704628650 3
1704628666 5
1704628682 17
1704628698 5
1704628714 12
1704628730 8
1704628746 11
1704628762 8
1704628778 5
1704628794 9
1704628810 12
1704628826 8
1704628842 7
1704628858 15
1704628874 4
1704628890 8
1704628906 9



# Sketch: 7
1704628314 6
1704628330 11
1704628346 13
1704628362 9
1704628378 12
1704628394 13
1704628410 14
1704628426 3
1704628442 17
1704628458 4
1704628474 6
1704628490 5
1704628506 7
1704628522 5
1704628538 21
1704628554 8
1704628570 7
1704628586 6
1704628602 10
1704628618 8
1704628634 15
1704628650 11
1704628666 2
1704628682 5
1704628698 6
1704628714 8
1704628730 5
1704628746 8
1704628762 7
1704628778 9
1704628794 1
1704628810 7
1704628826 5
1704628842 12
1704628858 8
1704628874 20
1704628890 11
1704628906 5



# Sketch: 8
1704628314 9
1704628330 5
1704628346 15
1704628362 18
1704628378 11
1704628394 6
1704628410 6
1704628426 12
1704628442 6
1704628458 12
1704628474 4
1704628490 7
1704628506 5
1704628522 50
1704628538 6
1704628554 6
1704628570 8
1704628586 3
1704628602 9
1704628618 16
1704628634 7
1704628650 8
1704628666 7
1704628682 5
1704628698 5
1704628714 6
1704628730 10
1704628746 9
1704628762 11
1704628778 8
1704628794 17
1704628810 3
1704628826 2
1704628842 2
1704628858 6
1704628874 14
1704628890 16
1704628906 2



# Sketch: 9
1704628314 13
1704628330 9
1704628346 5
1704628362 2
1704628378 4
1704628394 8
1704628410 6
1704628426 1
1704628442 9
1704628458 11
1704628474 7
1704628490 11
1704628506 15
1704628522 6
1704628538 6
1704628554 6
1704628570 4
1704628586 11
1704628602 4
1704628618 12
1704628634 10
1704628650 7
1704628666 7
1704628682 12
1704628698 17
1704628714 6
1704628730 18
1704628746 7
1704628762 5
1704628778 9
1704628794 8
1704628810 6
1704628826 8
1704628842 30
1704628858 6
1704628874 4
1704628890 5
1704628906 6



# Sketch: 10
1704628314 4
1704628330 3
1704628346 12
1704628362 3
1704628378 10
1704628394 4
1704628410 4
1704628426 9
1704628442 12
1704628458 3
1704628474 13
1704628490 3
1704628506 4
1704628522 12
1704628538 2
1704628554 7
1704628570 1
1704628586 4
1704628602 6
1704628618 8
1704628634 11
1704628650 6
1704628666 3
1704628682 8
1704628698 6
1704628714 6
1704628730 7
1704628746 2
1704628762 2
1704628778 7
1704628794 8
1704628810 4
1704628826 3
1704628842 3
1704628858 4
1704628874 7
1704628890 16
1704628906 4



# Sketch: 11
1704628314 11
1704628330 10
1704628346 8
1704628362 4
1704628378 4
1704628394 10
1704628410 1
1704628426 3
1704628442 7
1704628458 8
1704628474 9
1704628490 19
1704628506 12
1704628522 6
1704628538 7
1704628554 8
1704628570 10
1704628586 4
1704628602 5
1704628618 5
1704628634 4
1704628650 14
1704628666 15
1704628682 23
1704628698 4
1704628714 5
1704628730 10
1704628746 16
1704628762 11
1704628778 10
1704628794 6
1704628810 8
1704628826 7
1704628842 14
1704628858 17
1704628874 5
1704628890 10
1704628906 11



# Sketch: 12
1704628314 9
1704628330 11
1704628346 21
1704628362 8
1704628378 2
1704628394 3
1704628410 6
1704628426 10
1704628442 8
1704628458 7
1704628474 1
1704628490 10
1704628506 12
1704628522 31
1704628538 11
1704628554 4
1704628570 8
1704628586 5
1704628602 13
1704628618 8
1704628634 22
1704628650 12
1704628666 4
1704628682 8
1704628698 20
1704628714 20
1704628730 16
1704628746 10
1704628762 10
1704628778 7
1704628794 2
1704628810 12
1704628826 11
1704628842 28
1704628858 8
1704628874 24
1704628890 17
1704628906 4



# Sketch: 13
1704628314 4
1704628330 9
1704628346 3
1704628362 3
1704628378 4
1704628394 4
1704628410 6
1704628426 14
1704628442 7
1704628458 4
1704628474 2
1704628490 9
1704628506 2
1704628522 10
1704628538 6
1704628554 11
1704628570 6
1704628586 4
1704628602 6
1704628618 4
1704628634 9
1704628650 4
1704628666 5
1704628682 10
1704628698 7
1704628714 5
1704628730 10
1704628746 5
1704628762 3
1704628778 2
1704628794 7
1704628810 4
1704628826 6
1704628842 17
1704628858 6
1704628874 6
1704628890 14
1704628906 1



# Sketch: 14
1704628314 2
1704628330 12
1704628346 9
1704628362 16
1704628378 9
1704628394 10
1704628410 6
1704628426 6
1704628442 6
1704628458 15
1704628474 3
1704628490 16
1704628506 6
1704628522 7
1704628538 12
1704628554 3
1704628570 11
1704628586 9
1704628602 3
1704628618 22
1704628634 12
1704628650 43
1704628666 5
1704628682 9
1704628698 7
1704628714 6
1704628730 10
1704628746 9
1704628762 5
1704628778 1
1704628794 13
1704628810 12
1704628826 9
1704628842 5
1704628858 9
1704628874 5
1704628890 26
1704628906 6



# Sketch: 15
1704628314 1
1704628330 2
1704628346 18
1704628362 1
1704628378 5
1704628394 10
1704628410 7
1704628426 1
1704628442 1
1704628458 0
1704628474 7
1704628490 8
1704628506 12
1704628522 5
1704628538 9
1704628554 3
1704628570 17
1704628586 5
1704628602 5
1704628618 14
1704628634 5
1704628650 10
1704628666 6
1704628682 7
1704628698 6
1704628714 16
1704628730 13
1704628746 5
1704628762 8
1704628778 5
1704628794 7
1704628810 6
1704628826 6
1704628842 7
1704628858 11
1704628874 6
1704628890 8
1704628906 1



# Sketch: 16
1704628314 16
1704628330 8
1704628346 12
1704628362 2
1704628378 4
1704628394 16
1704628410 5
1704628426 7
1704628442 11
1704628458 3
1704628474 14
1704628490 14
1704628506 9
1704628522 3
1704628538 7
1704628554 3
1704628570 21
1704628586 12
1704628602 17
1704628618 10
1704628634 8
1704628650 8
1704628666 4
1704628682 8
1704628698 10
1704628714 4
1704628730 6
1704628746 27
1704628762 1
1704628778 7
1704628794 10
1704628810 18
1704628826 16
1704628842 9
1704628858 7
1704628874 4
1704628890 10
1704628906 6



# Sketch: 17
1704628314 17
1704628330 22
1704628346 14
1704628362 9
1704628378 11
1704628394 6
1704628410 9
1704628426 3
1704628442 14
1704628458 20
1704628474 8
1704628490 5
1704628506 6
1704628522 5
1704628538 8
1704628554 14
1704628570 9
1704628586 12
1704628602 16
1704628618 6
1704628634 5
1704628650 7
1704628666 6
1704628682 14
1704628698 17
1704628714 6
1704628730 8
1704628746 10
1704628762 7
1704628778 2
1704628794 13
1704628810 13
1704628826 16
1704628842 7
1704628858 9
1704628874 8
1704628890 9
1704628906 3



# Sketch: 18
1704628314 23
1704628330 10
1704628346 17
1704628362 7
1704628378 8
1704628394 12
1704628410 9
1704628426 3
1704628442 11
1704628458 7
1704628474 17
1704628490 7
1704628506 12
1704628522 5
1704628538 11
1704628554 7
1704628570 6
1704628586 8
1704628602 4
1704628618 2
1704628634 0
1704628650 5
1704628666 7
1704628682 14
1704628698 11
1704628714 9
1704628730 6
1704628746 7
1704628762 10
1704628778 9
1704628794 8
1704628810 11
1704628826 7
1704628842 8
1704628858 10
1704628874 5
1704628890 9
1704628906 5



# Sketch: 19
1704628314 12
1704628330 14
1704628346 7
1704628362 11
1704628378 7
1704628394 6
1704628410 10
1704628426 11
1704628442 16
1704628458 10
1704628474 13
1704628490 6
1704628506 7
1704628522 14
1704628538 10
1704628554 8
1704628570 8
1704628586 7
1704628602 4
1704628618 8
1704628634 13
1704628650 5
1704628666 7
1704628682 11
1704628698 19
1704628714 15
1704628730 28
1704628746 11
1704628762 7
1704628778 2
1704628794 7
1704628810 6
1704628826 17
1704628842 4
1704628858 9
1704628874 5
1704628890 10
1704628906 5



# Sketch: 20
1704628314 14
1704628330 7
1704628346 6
1704628362 12
1704628378 10
1704628394 25
1704628410 13
1704628426 23
1704628442 7
1704628458 4
1704628474 2
1704628490 12
1704628506 23
1704628522 6
1704628538 14
1704628554 17
1704628570 8
1704628586 5
1704628602 3
1704628618 11
1704628634 6
1704628650 18
1704628666 6
1704628682 7
1704628698 14
1704628714 3
1704628730 6
1704628746 13
1704628762 9
1704628778 8
1704628794 10
1704628810 5
1704628826 3
1704628842 4
1704628858 20
1704628874 19
1704628890 19
1704628906 3



# Sketch: 21
1704628314 7
1704628330 12
1704628346 8
1704628362 3
1704628378 9
1704628394 13
1704628410 10
1704628426 0
1704628442 9
1704628458 6
1704628474 4
1704628490 7
1704628506 9
1704628522 2
1704628538 8
1704628554 3
1704628570 9
1704628586 8
1704628602 5
1704628618 9
1704628634 16
1704628650 5
1704628666 8
1704628682 20
1704628698 8
1704628714 10
1704628730 8
1704628746 11
1704628762 7
1704628778 8
1704628794 11
1704628810 15
1704628826 9
1704628842 6
1704628858 5
1704628874 10
1704628890 6
1704628906 1



# Sketch: 22
1704628314 2
1704628330 13
1704628346 6
1704628362 9
1704628378 2
1704628394 5
1704628410 6
1704628426 19
1704628442 6
1704628458 10
1704628474 9
1704628490 0
1704628506 3
1704628522 5
1704628538 5
1704628554 1
1704628570 2
1704628586 4
1704628602 7
1704628618 6
1704628634 11
1704628650 13
1704628666 4
1704628682 9
1704628698 5
1704628714 11
1704628730 14
1704628746 6
1704628762 7
1704628778 5
1704628794 6
1704628810 7
1704628826 9
1704628842 12
1704628858 13
1704628874 7
1704628890 5
1704628906 2



# Sketch: 23
1704628314 11
1704628330 10
1704628346 28
1704628362 9
1704628378 19
1704628394 3
1704628410 1
1704628426 2
1704628442 5
1704628458 7
1704628474 8
1704628490 6
1704628506 0
1704628522 4
1704628538 6
1704628554 1
1704628570 6
1704628586 12
1704628602 4
1704628618 5
1704628634 8
1704628650 3
1704628666 4
1704628682 3
1704628698 4
1704628714 5
1704628730 11
1704628746 16
1704628762 3
1704628778 8
1704628794 6
1704628810 6
1704628826 6
1704628842 9
1704628858 8
1704628874 6
1704628890 15
1704628906 4



# Sketch: 24
1704628314 11
1704628330 5
1704628346 6
1704628362 4
1704628378 8
1704628394 3
1704628410 4
1704628426 10
1704628442 4
1704628458 9
1704628474 4
1704628490 8
1704628506 11
1704628522 5
1704628538 0
1704628554 2
1704628570 7
1704628586 7
1704628602 5
1704628618 8
1704628634 11
1704628650 9
1704628666 3
1704628682 12
1704628698 13
1704628714 13
1704628730 6
1704628746 10
1704628762 7
1704628778 5
1704628794 11
1704628810 5
1704628826 6
1704628842 4
1704628858 10
1704628874 10
1704628890 12
1704628906 5



# Sketch: 25
1704628314 7
1704628330 7
1704628346 4
1704628362 3
1704628378 4
1704628394 4
1704628410 9
1704628426 11
1704628442 8
1704628458 6
1704628474 4
1704628490 5
1704628506 6
1704628522 7
1704628538 2
1704628554 6
1704628570 10
1704628586 9
1704628602 10
1704628618 6
1704628634 6
1704628650 5
1704628666 10
1704628682 12
1704628698 8
1704628714 7
1704628730 5
1704628746 1
1704628762 3
1704628778 9
1704628794 5
1704628810 8
1704628826 1
1704628842 12
1704628858 14
1704628874 4
1704628890 8
1704628906 6



# Sketch: 26
1704628314 7
1704628330 3
1704628346 17
1704628362 1
1704628378 5
1704628394 10
1704628410 10
1704628426 2
1704628442 3
1704628458 13
1704628474 8
1704628490 5
1704628506 9
1704628522 2
1704628538 4
1704628554 1
1704628570 7
1704628586 12
1704628602 11
1704628618 5
1704628634 5
1704628650 7
1704628666 4
1704628682 6
1704628698 5
1704628714 3
1704628730 7
1704628746 4
1704628762 9
1704628778 7
1704628794 4
1704628810 12
1704628826 5
1704628842 11
1704628858 4
1704628874 15
1704628890 6
1704628906 6



# Sketch: 27
1704628314 10
1704628330 3
1704628346 7
1704628362 14
1704628378 5
1704628394 9
1704628410 40
1704628426 5
1704628442 3
1704628458 8
1704628474 9
1704628490 13
1704628506 13
1704628522 4
1704628538 9
1704628554 1
1704628570 1
1704628586 7
1704628602 22
1704628618 2
1704628634 5
1704628650 4
1704628666 5
1704628682 4
1704628698 11
1704628714 6
1704628730 12
1704628746 6
1704628762 12
1704628778 5
1704628794 11
1704628810 3
1704628826 8
1704628842 7
1704628858 7
1704628874 8
1704628890 6
1704628906 8



# Sketch: 28
1704628314 1
1704628330 10
1704628346 12
1704628362 11
1704628378 6
1704628394 7
1704628410 7
1704628426 2
1704628442 6
1704628458 19
1704628474 7
1704628490 6
1704628506 2
1704628522 8
1704628538 11
1704628554 6
1704628570 7
1704628586 6
1704628602 9
1704628618 28
1704628634 6
1704628650 16
1704628666 1
1704628682 14
1704628698 6
1704628714 4
1704628730 25
1704628746 13
1704628762 4
1704628778 3
1704628794 3
1704628810 16
1704628826 6
1704628842 4
1704628858 6
1704628874 1
1704628890 11
1704628906 4



# Sketch: 29
1704628314 6
1704628330 6
1704628346 3
1704628362 8
1704628378 4
1704628394 6
1704628410 2
1704628426 1
1704628442 4
1704628458 11
1704628474 2
1704628490 13
1704628506 4
1704628522 24
1704628538 15
1704628554 3
1704628570 6
1704628586 19
1704628602 8
1704628618 20
1704628634 3
1704628650 7
1704628666 8
1704628682 14
1704628698 2
1704628714 10
1704628730 5
1704628746 3
1704628762 7
1704628778 6
1704628794 12
1704628810 15
1704628826 10
1704628842 3
1704628858 6
1704628874 10
1704628890 7
1704628906 1



# Sketch: 30
1704628314 7
1704628330 14
1704628346 8
1704628362 5
1704628378 1
1704628394 5
1704628410 3
1704628426 6
1704628442 16
1704628458 8
1704628474 4
1704628490 6
1704628506 1
1704628522 7
1704628538 3
1704628554 7
1704628570 13
1704628586 9
1704628602 4
1704628618 15
1704628634 1
1704628650 7
1704628666 8
1704628682 18
1704628698 7
1704628714 16
1704628730 12
1704628746 6
1704628762 3
1704628778 1
1704628794 5
1704628810 10
1704628826 11
1704628842 4
1704628858 6
1704628874 8
1704628890 6
1704628906 8



# Sketch: 31
1704628314 5
1704628330 9
1704628346 10
1704628362 4
1704628378 5
1704628394 4
1704628410 8
1704628426 5
1704628442 23
1704628458 9
1704628474 3
1704628490 7
1704628506 9
1704628522 9
1704628538 11
1704628554 10
1704628570 2
1704628586 4
1704628602 3
1704628618 12
1704628634 6
1704628650 6
1704628666 2
1704628682 5
1704628698 5
1704628714 7
1704628730 7
1704628746 8
1704628762 16
1704628778 2
1704628794 12
1704628810 16
1704628826 6
1704628842 6
1704628858 10
1704628874 9
1704628890 13
1704628906 8

