

# Sketch: 0
1704628914 19
1704628946 11
1704628978 12
1704629010 17
1704629042 12
1704629074 6
1704629106 10
1704629138 20
1704629170 22
1704629202 26
1704629234 11
1704629266 14
1704629298 19
1704629330 10
1704629362 14
1704629394 13
1704629426 12
1704629458 17
1704629490 3



# Sketch: 1
1704628914 16
1704628946 16
1704628978 29
1704629010 12
1704629042 24
1704629074 34
1704629106 16
1704629138 17
1704629170 18
1704629202 9
1704629234 19
1704629266 25
1704629298 43
1704629330 34
1704629362 14
1704629394 19
1704629426 9
1704629458 14
1704629490 11



# Sketch: 2
1704628914 15
1704628946 17
1704628978 7
1704629010 12
1704629042 8
1704629074 10
1704629106 15
1704629138 24
1704629170 17
1704629202 24
1704629234 25
1704629266 8
1704629298 12
1704629330 12
1704629362 25
1704629394 23
1704629426 15
1704629458 12
1704629490 7



# Sketch: 3
1704628914 17
1704628946 16
1704628978 6
1704629010 9
1704629042 21
1704629074 12
1704629106 12
1704629138 22
1704629170 27
1704629202 5
1704629234 6
1704629266 9
1704629298 17
1704629330 29
1704629362 19
1704629394 16
1704629426 21
1704629458 17
1704629490 14



# Sketch: 4
1704628914 27
1704628946 14
1704628978 20
1704629010 20
1704629042 17
1704629074 11
1704629106 14
1704629138 21
1704629170 22
1704629202 21
1704629234 12
1704629266 19
1704629298 13
1704629330 18
1704629362 20
1704629394 21
1704629426 26
1704629458 25
1704629490 7



# Sketch: 5
1704628914 27
1704628946 16
1704628978 16
1704629010 6
1704629042 10
1704629074 19
1704629106 18
1704629138 11
1704629170 14
1704629202 12
1704629234 9
1704629266 18
1704629298 14
1704629330 10
1704629362 27
1704629394 12
1704629426 17
1704629458 18
1704629490 7



# Sketch: 6
1704628914 41
1704628946 59
1704628978 9
1704629010 6
1704629042 21
1704629074 23
1704629106 30
1704629138 21
1704629170 18
1704629202 24
1704629234 7
1704629266 18
1704629298 33
1704629330 18
1704629362 24
1704629394 27
1704629426 15
1704629458 14
1704629490 15



# Sketch: 7
1704628914 34
1704628946 21
1704628978 12
1704629010 16
1704629042 25
1704629074 10
1704629106 17
1704629138 14
1704629170 10
1704629202 15
1704629234 12
1704629266 20
1704629298 13
1704629330 18
1704629362 10
1704629394 13
1704629426 6
1704629458 10
1704629490 5



# Sketch: 8
1704628914 18
1704628946 20
1704628978 22
1704629010 11
1704629042 27
1704629074 24
1704629106 15
1704629138 27
1704629170 17
1704629202 9
1704629234 8
1704629266 18
1704629298 21
1704629330 15
1704629362 15
1704629394 19
1704629426 22
1704629458 30
1704629490 8



# Sketch: 9
1704628914 27
1704628946 8
1704628978 47
1704629010 10
1704629042 18
1704629074 30
1704629106 21
1704629138 18
1704629170 11
1704629202 15
1704629234 21
1704629266 12
1704629298 18
1704629330 15
1704629362 21
1704629394 18
1704629426 13
1704629458 9
1704629490 16



# Sketch: 10
1704628914 18
1704628946 18
1704628978 22
1704629010 18
1704629042 10
1704629074 21
1704629106 11
1704629138 19
1704629170 21
1704629202 7
1704629234 28
1704629266 15
1704629298 39
1704629330 20
1704629362 18
1704629394 12
1704629426 8
1704629458 10
1704629490 14



# Sketch: 11
1704628914 18
1704628946 14
1704628978 4
1704629010 14
1704629042 8
1704629074 21
1704629106 7
1704629138 13
1704629170 10
1704629202 36
1704629234 17
1704629266 12
1704629298 6
1704629330 8
1704629362 13
1704629394 23
1704629426 5
1704629458 8
1704629490 2



# Sketch: 12
1704628914 18
1704628946 10
1704628978 17
1704629010 16
1704629042 19
1704629074 16
1704629106 9
1704629138 18
1704629170 8
1704629202 17
1704629234 14
1704629266 9
1704629298 23
1704629330 13
1704629362 19
1704629394 7
1704629426 5
1704629458 17
1704629490 16



# Sketch: 13
1704628914 35
1704628946 27
1704628978 14
1704629010 22
1704629042 21
1704629074 35
1704629106 14
1704629138 5
1704629170 26
1704629202 15
1704629234 23
1704629266 16
1704629298 15
1704629330 8
1704629362 14
1704629394 25
1704629426 17
1704629458 11
1704629490 6



# Sketch: 14
1704628914 23
1704628946 21
1704628978 13
1704629010 16
1704629042 37
1704629074 17
1704629106 20
1704629138 39
1704629170 15
1704629202 19
1704629234 13
1704629266 37
1704629298 21
1704629330 8
1704629362 8
1704629394 16
1704629426 12
1704629458 12
1704629490 8



# Sketch: 15
1704628914 33
1704628946 12
1704628978 27
1704629010 36
1704629042 25
1704629074 15
1704629106 43
1704629138 31
1704629170 22
1704629202 28
1704629234 35
1704629266 21
1704629298 18
1704629330 36
1704629362 34
1704629394 29
1704629426 15
1704629458 45
1704629490 28



# Sketch: 16
1704628914 26
1704628946 20
1704628978 24
1704629010 13
1704629042 13
1704629074 19
1704629106 10
1704629138 24
1704629170 19
1704629202 19
1704629234 19
1704629266 15
1704629298 22
1704629330 4
1704629362 20
1704629394 20
1704629426 21
1704629458 20
1704629490 8



# Sketch: 17
1704628914 19
1704628946 6
1704628978 13
1704629010 16
1704629042 6
1704629074 14
1704629106 7
1704629138 26
1704629170 20
1704629202 16
1704629234 8
1704629266 24
1704629298 15
1704629330 15
1704629362 17
1704629394 12
1704629426 15
1704629458 28
1704629490 11



# Sketch: 18
1704628914 26
1704628946 6
1704628978 4
1704629010 14
1704629042 11
1704629074 28
1704629106 1
1704629138 17
1704629170 9
1704629202 32
1704629234 12
1704629266 19
1704629298 21
1704629330 15
1704629362 13
1704629394 13
1704629426 11
1704629458 16
1704629490 1



# Sketch: 19
1704628914 25
1704628946 16
1704628978 15
1704629010 13
1704629042 17
1704629074 19
1704629106 9
1704629138 34
1704629170 13
1704629202 19
1704629234 13
1704629266 21
1704629298 13
1704629330 9
1704629362 17
1704629394 20
1704629426 22
1704629458 12
1704629490 11



# Sketch: 20
1704628914 31
1704628946 19
1704628978 17
1704629010 15
1704629042 18
1704629074 12
1704629106 9
1704629138 25
1704629170 12
1704629202 15
1704629234 20
1704629266 18
1704629298 17
1704629330 16
1704629362 12
1704629394 8
1704629426 6
1704629458 32
1704629490 12



# Sketch: 21
1704628914 33
1704628946 27
1704628978 6
1704629010 7
1704629042 11
1704629074 9
1704629106 15
1704629138 18
1704629170 16
1704629202 23
1704629234 21
1704629266 24
1704629298 11
1704629330 7
1704629362 14
1704629394 32
1704629426 12
1704629458 12
1704629490 10



# Sketch: 22
1704628914 36
1704628946 27
1704628978 12
1704629010 9
1704629042 27
1704629074 22
1704629106 20
1704629138 19
1704629170 23
1704629202 24
1704629234 16
1704629266 17
1704629298 19
1704629330 12
1704629362 13
1704629394 26
1704629426 22
1704629458 20
1704629490 8



# Sketch: 23
1704628914 18
1704628946 22
1704628978 14
1704629010 12
1704629042 11
1704629074 18
1704629106 10
1704629138 28
1704629170 15
1704629202 19
1704629234 10
1704629266 17
1704629298 16
1704629330 10
1704629362 13
1704629394 12
1704629426 27
1704629458 8
1704629490 14



# Sketch: 24
1704628914 20
1704628946 13
1704628978 22
1704629010 14
1704629042 9
1704629074 16
1704629106 27
1704629138 26
1704629170 18
1704629202 13
1704629234 17
1704629266 14
1704629298 8
1704629330 12
1704629362 11
1704629394 19
1704629426 20
1704629458 14
1704629490 8



# Sketch: 25
1704628914 23
1704628946 13
1704628978 17
1704629010 20
1704629042 11
1704629074 9
1704629106 12
1704629138 22
1704629170 9
1704629202 15
1704629234 21
1704629266 24
1704629298 8
1704629330 11
1704629362 20
1704629394 25
1704629426 11
1704629458 6
1704629490 10



# Sketch: 26
1704628914 52
1704628946 19
1704628978 19
1704629010 16
1704629042 34
1704629074 30
1704629106 23
1704629138 11
1704629170 25
1704629202 18
1704629234 10
1704629266 25
1704629298 22
1704629330 16
1704629362 19
1704629394 14
1704629426 16
1704629458 23
1704629490 13



# Sketch: 27
1704628914 33
1704628946 10
1704628978 29
1704629010 21
1704629042 17
1704629074 29
1704629106 22
1704629138 23
1704629170 12
1704629202 26
1704629234 11
1704629266 16
1704629298 23
1704629330 19
1704629362 14
1704629394 22
1704629426 15
1704629458 15
1704629490 5



# Sketch: 28
1704628914 27
1704628946 13
1704628978 11
1704629010 12
1704629042 24
1704629074 13
1704629106 12
1704629138 13
1704629170 14
1704629202 12
1704629234 17
1704629266 12
1704629298 17
1704629330 10
1704629362 20
1704629394 18
1704629426 19
1704629458 12
1704629490 9



# Sketch: 29
1704628914 24
1704628946 18
1704628978 15
1704629010 20
1704629042 17
1704629074 14
1704629106 32
1704629138 14
1704629170 11
1704629202 24
1704629234 20
1704629266 18
1704629298 14
1704629330 16
1704629362 28
1704629394 16
1704629426 27
1704629458 47
1704629490 15



# Sketch: 30
1704628914 25
1704628946 21
1704628978 27
1704629010 26
1704629042 28
1704629074 27
1704629106 20
1704629138 27
1704629170 18
1704629202 21
1704629234 9
1704629266 19
1704629298 29
1704629330 26
1704629362 19
1704629394 21
1704629426 17
1704629458 11
1704629490 19



# Sketch: 31
1704628914 38
1704628946 50
1704628978 15
1704629010 12
1704629042 16
1704629074 24
1704629106 13
1704629138 13
1704629170 9
1704629202 12
1704629234 13
1704629266 17
1704629298 29
1704629330 14
1704629362 31
1704629394 5
1704629426 15
1704629458 15
1704629490 14

