

# Sketch: 0
1704628914 39
1704628946 12
1704628978 14
1704629010 15
1704629042 27
1704629074 26
1704629106 14
1704629138 22
1704629170 18
1704629202 13
1704629234 23
1704629266 29
1704629298 28
1704629330 13
1704629362 12
1704629394 17
1704629426 16
1704629458 14
1704629490 2



# Sketch: 1
1704628914 29
1704628946 10
1704628978 18
1704629010 11
1704629042 21
1704629074 4
1704629106 11
1704629138 11
1704629170 37
1704629202 24
1704629234 9
1704629266 12
1704629298 16
1704629330 23
1704629362 22
1704629394 13
1704629426 12
1704629458 14
1704629490 10



# Sketch: 2
1704628914 27
1704628946 14
1704628978 8
1704629010 10
1704629042 8
1704629074 10
1704629106 8
1704629138 16
1704629170 16
1704629202 21
1704629234 18
1704629266 21
1704629298 12
1704629330 9
1704629362 10
1704629394 19
1704629426 14
1704629458 17
1704629490 9



# Sketch: 3
1704628914 26
1704628946 42
1704628978 12
1704629010 12
1704629042 18
1704629074 21
1704629106 6
1704629138 15
1704629170 17
1704629202 13
1704629234 27
1704629266 20
1704629298 16
1704629330 8
1704629362 16
1704629394 25
1704629426 17
1704629458 10
1704629490 22



# Sketch: 4
1704628914 25
1704628946 16
1704628978 20
1704629010 17
1704629042 13
1704629074 15
1704629106 10
1704629138 23
1704629170 35
1704629202 8
1704629234 16
1704629266 12
1704629298 19
1704629330 12
1704629362 19
1704629394 13
1704629426 14
1704629458 14
1704629490 10



# Sketch: 5
1704628914 22
1704628946 21
1704628978 11
1704629010 24
1704629042 25
1704629074 41
1704629106 11
1704629138 9
1704629170 8
1704629202 15
1704629234 23
1704629266 17
1704629298 15
1704629330 9
1704629362 9
1704629394 13
1704629426 12
1704629458 12
1704629490 14



# Sketch: 6
1704628914 13
1704628946 16
1704628978 9
1704629010 13
1704629042 22
1704629074 12
1704629106 11
1704629138 29
1704629170 18
1704629202 12
1704629234 7
1704629266 21
1704629298 14
1704629330 11
1704629362 7
1704629394 17
1704629426 15
1704629458 11
1704629490 8



# Sketch: 7
1704628914 29
1704628946 15
1704628978 12
1704629010 15
1704629042 23
1704629074 19
1704629106 20
1704629138 32
1704629170 18
1704629202 24
1704629234 23
1704629266 34
1704629298 17
1704629330 18
1704629362 25
1704629394 23
1704629426 10
1704629458 25
1704629490 27



# Sketch: 8
1704628914 34
1704628946 11
1704628978 17
1704629010 13
1704629042 22
1704629074 21
1704629106 21
1704629138 22
1704629170 23
1704629202 26
1704629234 8
1704629266 17
1704629298 23
1704629330 14
1704629362 34
1704629394 39
1704629426 23
1704629458 14
1704629490 14



# Sketch: 9
1704628914 34
1704628946 19
1704628978 7
1704629010 15
1704629042 8
1704629074 21
1704629106 10
1704629138 26
1704629170 11
1704629202 16
1704629234 10
1704629266 28
1704629298 17
1704629330 10
1704629362 13
1704629394 21
1704629426 12
1704629458 12
1704629490 7



# Sketch: 10
1704628914 13
1704628946 8
1704628978 30
1704629010 23
1704629042 26
1704629074 18
1704629106 29
1704629138 21
1704629170 13
1704629202 21
1704629234 18
1704629266 17
1704629298 9
1704629330 49
1704629362 18
1704629394 19
1704629426 19
1704629458 18
1704629490 12



# Sketch: 11
1704628914 14
1704628946 19
1704628978 31
1704629010 14
1704629042 12
1704629074 27
1704629106 25
1704629138 38
1704629170 21
1704629202 12
1704629234 16
1704629266 14
1704629298 15
1704629330 14
1704629362 26
1704629394 17
1704629426 16
1704629458 21
1704629490 5



# Sketch: 12
1704628914 36
1704628946 17
1704628978 27
1704629010 17
1704629042 25
1704629074 37
1704629106 20
1704629138 19
1704629170 22
1704629202 24
1704629234 10
1704629266 10
1704629298 8
1704629330 17
1704629362 18
1704629394 10
1704629426 22
1704629458 23
1704629490 2



# Sketch: 13
1704628914 61
1704628946 29
1704628978 13
1704629010 17
1704629042 31
1704629074 16
1704629106 20
1704629138 21
1704629170 11
1704629202 31
1704629234 28
1704629266 20
1704629298 21
1704629330 10
1704629362 23
1704629394 28
1704629426 20
1704629458 8
1704629490 10



# Sketch: 14
1704628914 28
1704628946 15
1704628978 16
1704629010 19
1704629042 24
1704629074 12
1704629106 36
1704629138 14
1704629170 19
1704629202 23
1704629234 37
1704629266 31
1704629298 18
1704629330 22
1704629362 18
1704629394 22
1704629426 10
1704629458 34
1704629490 8



# Sketch: 15
1704628914 25
1704628946 23
1704628978 18
1704629010 7
1704629042 16
1704629074 13
1704629106 19
1704629138 11
1704629170 15
1704629202 24
1704629234 17
1704629266 15
1704629298 30
1704629330 19
1704629362 17
1704629394 11
1704629426 13
1704629458 13
1704629490 5



# Sketch: 16
1704628914 28
1704628946 28
1704628978 24
1704629010 16
1704629042 15
1704629074 10
1704629106 10
1704629138 28
1704629170 8
1704629202 13
1704629234 15
1704629266 13
1704629298 17
1704629330 9
1704629362 15
1704629394 16
1704629426 17
1704629458 25
1704629490 9



# Sketch: 17
1704628914 21
1704628946 10
1704628978 52
1704629010 16
1704629042 13
1704629074 6
1704629106 11
1704629138 8
1704629170 7
1704629202 23
1704629234 13
1704629266 18
1704629298 19
1704629330 7
1704629362 19
1704629394 9
1704629426 10
1704629458 22
1704629490 5



# Sketch: 18
1704628914 7
1704628946 39
1704628978 15
1704629010 18
1704629042 27
1704629074 13
1704629106 11
1704629138 12
1704629170 14
1704629202 8
1704629234 19
1704629266 18
1704629298 16
1704629330 15
1704629362 10
1704629394 13
1704629426 19
1704629458 13
1704629490 10



# Sketch: 19
1704628914 21
1704628946 22
1704628978 21
1704629010 18
1704629042 15
1704629074 31
1704629106 24
1704629138 23
1704629170 17
1704629202 22
1704629234 10
1704629266 13
1704629298 26
1704629330 14
1704629362 18
1704629394 21
1704629426 12
1704629458 29
1704629490 5



# Sketch: 20
1704628914 20
1704628946 18
1704628978 3
1704629010 9
1704629042 7
1704629074 24
1704629106 17
1704629138 24
1704629170 6
1704629202 18
1704629234 6
1704629266 13
1704629298 17
1704629330 12
1704629362 8
1704629394 15
1704629426 4
1704629458 16
1704629490 10



# Sketch: 21
1704628914 36
1704628946 20
1704628978 14
1704629010 9
1704629042 36
1704629074 14
1704629106 13
1704629138 48
1704629170 23
1704629202 28
1704629234 10
1704629266 17
1704629298 15
1704629330 16
1704629362 15
1704629394 39
1704629426 11
1704629458 26
1704629490 12



# Sketch: 22
1704628914 13
1704628946 24
1704628978 10
1704629010 13
1704629042 11
1704629074 18
1704629106 14
1704629138 19
1704629170 14
1704629202 9
1704629234 10
1704629266 20
1704629298 28
1704629330 8
1704629362 19
1704629394 7
1704629426 16
1704629458 10
1704629490 14



# Sketch: 23
1704628914 28
1704628946 22
1704628978 3
1704629010 11
1704629042 14
1704629074 15
1704629106 24
1704629138 12
1704629170 12
1704629202 16
1704629234 17
1704629266 12
1704629298 18
1704629330 17
1704629362 22
1704629394 17
1704629426 18
1704629458 17
1704629490 11



# Sketch: 24
1704628914 46
1704628946 18
1704628978 16
1704629010 20
1704629042 14
1704629074 17
1704629106 23
1704629138 17
1704629170 14
1704629202 15
1704629234 7
1704629266 16
1704629298 20
1704629330 11
1704629362 13
1704629394 10
1704629426 16
1704629458 20
1704629490 2



# Sketch: 25
1704628914 17
1704628946 13
1704628978 5
1704629010 13
1704629042 7
1704629074 32
1704629106 6
1704629138 19
1704629170 4
1704629202 16
1704629234 5
1704629266 8
1704629298 11
1704629330 8
1704629362 29
1704629394 21
1704629426 20
1704629458 20
1704629490 8



# Sketch: 26
1704628914 36
1704628946 15
1704628978 16
1704629010 16
1704629042 24
1704629074 16
1704629106 17
1704629138 24
1704629170 37
1704629202 21
1704629234 18
1704629266 20
1704629298 18
1704629330 8
1704629362 21
1704629394 17
1704629426 24
1704629458 22
1704629490 9



# Sketch: 27
1704628914 23
1704628946 10
1704628978 19
1704629010 7
1704629042 9
1704629074 21
1704629106 10
1704629138 20
1704629170 11
1704629202 11
1704629234 9
1704629266 8
1704629298 28
1704629330 33
1704629362 19
1704629394 20
1704629426 14
1704629458 18
1704629490 9



# Sketch: 28
1704628914 21
1704628946 15
1704628978 22
1704629010 20
1704629042 20
1704629074 12
1704629106 10
1704629138 28
1704629170 10
1704629202 33
1704629234 11
1704629266 15
1704629298 6
1704629330 15
1704629362 21
1704629394 6
1704629426 16
1704629458 12
1704629490 20



# Sketch: 29
1704628914 25
1704628946 20
1704628978 13
1704629010 20
1704629042 17
1704629074 21
1704629106 18
1704629138 18
1704629170 22
1704629202 14
1704629234 20
1704629266 17
1704629298 67
1704629330 21
1704629362 13
1704629394 14
1704629426 12
1704629458 14
1704629490 13



# Sketch: 30
1704628914 12
1704628946 11
1704628978 22
1704629010 4
1704629042 12
1704629074 17
1704629106 12
1704629138 14
1704629170 5
1704629202 13
1704629234 8
1704629266 14
1704629298 12
1704629330 10
1704629362 14
1704629394 11
1704629426 15
1704629458 17
1704629490 4



# Sketch: 31
1704628914 33
1704628946 28
1704628978 19
1704629010 29
1704629042 11
1704629074 27
1704629106 23
1704629138 17
1704629170 15
1704629202 23
1704629234 29
1704629266 31
1704629298 13
1704629330 22
1704629362 33
1704629394 33
1704629426 25
1704629458 19
1704629490 29

