

# Sketch: 0
1704629514 7
1704629518 1
1704629522 0
1704629526 0
1704629530 2
1704629534 1
1704629538 4
1704629542 5
1704629546 2
1704629550 1
1704629554 1
1704629558 6
1704629562 1
1704629566 0
1704629570 1
1704629574 2
1704629578 7
1704629582 0
1704629586 0
1704629590 2
1704629594 3
1704629598 0
1704629602 1
1704629606 0
1704629610 0
1704629614 5
1704629618 2
1704629622 3
1704629626 4
1704629630 3
1704629634 0
1704629638 2
1704629642 3
1704629646 9
1704629650 6
1704629654 9
1704629658 4
1704629662 2
1704629666 3
1704629670 3
1704629674 1
1704629678 2
1704629682 3
1704629686 6
1704629690 2
1704629694 4
1704629698 0
1704629702 7
1704629706 1
1704629710 3
1704629714 34
1704629718 1
1704629722 2
1704629726 3
1704629730 0
1704629734 3
1704629738 0
1704629742 0
1704629746 2
1704629750 0
1704629754 0
1704629758 3
1704629762 1
1704629766 3
1704629770 1
1704629774 3
1704629778 0
1704629782 1
1704629786 1
1704629790 1
1704629794 2
1704629798 2
1704629802 1
1704629806 9
1704629810 2
1704629814 3
1704629818 5
1704629822 6
1704629826 4
1704629830 2
1704629834 3
1704629838 1
1704629842 1
1704629846 3
1704629850 8
1704629854 1
1704629858 2
1704629862 3
1704629866 1
1704629870 1
1704629874 0
1704629878 1
1704629882 1
1704629886 1
1704629890 1
1704629894 3
1704629898 1
1704629902 1
1704629906 2
1704629910 2
1704629914 0
1704629918 2
1704629922 2
1704629926 3
1704629930 2
1704629934 0
1704629938 3
1704629942 0
1704629946 0
1704629950 1
1704629954 4
1704629958 0
1704629962 0
1704629966 2
1704629970 2
1704629974 2
1704629978 0
1704629982 0
1704629986 1
1704629990 0
1704629994 3
1704629998 2
1704630002 3
1704630006 4
1704630010 5
1704630014 2
1704630018 1
1704630022 3
1704630026 6
1704630030 4
1704630034 3
1704630038 2
1704630042 6
1704630046 0
1704630050 0
1704630054 2
1704630058 4
1704630062 1
1704630066 3
1704630070 0
1704630074 2
1704630078 1
1704630082 2
1704630086 0
1704630090 0
1704630094 2
1704630098 2
1704630102 2
1704630106 1
1704630110 3



# Sketch: 1
1704629514 1
1704629518 0
1704629522 2
1704629526 0
1704629530 0
1704629534 0
1704629538 2
1704629542 1
1704629546 0
1704629550 1
1704629554 2
1704629558 1
1704629562 0
1704629566 0
1704629570 2
1704629574 2
1704629578 1
1704629582 2
1704629586 0
1704629590 3
1704629594 0
1704629598 0
1704629602 0
1704629606 1
1704629610 1
1704629614 1
1704629618 1
1704629622 4
1704629626 3
1704629630 2
1704629634 6
1704629638 9
1704629642 1
1704629646 3
1704629650 1
1704629654 0
1704629658 2
1704629662 4
1704629666 1
1704629670 0
1704629674 2
1704629678 2
1704629682 0
1704629686 0
1704629690 0
1704629694 0
1704629698 3
1704629702 0
1704629706 0
1704629710 0
1704629714 2
1704629718 0
1704629722 2
1704629726 1
1704629730 0
1704629734 2
1704629738 1
1704629742 0
1704629746 2
1704629750 1
1704629754 2
1704629758 1
1704629762 1
1704629766 0
1704629770 2
1704629774 3
1704629778 1
1704629782 0
1704629786 1
1704629790 3
1704629794 2
1704629798 1
1704629802 1
1704629806 0
1704629810 0
1704629814 3
1704629818 0
1704629822 2
1704629826 0
1704629830 0
1704629834 1
1704629838 0
1704629842 1
1704629846 0
1704629850 4
1704629854 0
1704629858 0
1704629862 0
1704629866 0
1704629870 1
1704629874 1
1704629878 1
1704629882 7
1704629886 2
1704629890 1
1704629894 1
1704629898 0
1704629902 1
1704629906 1
1704629910 5
1704629914 4
1704629918 3
1704629922 1
1704629926 0
1704629930 3
1704629934 1
1704629938 2
1704629942 0
1704629946 3
1704629950 4
1704629954 0
1704629958 2
1704629962 4
1704629966 0
1704629970 2
1704629974 3
1704629978 0
1704629982 1
1704629986 2
1704629990 2
1704629994 2
1704629998 2
1704630002 0
1704630006 5
1704630010 8
1704630014 1
1704630018 2
1704630022 0
1704630026 2
1704630030 2
1704630034 9
1704630038 7
1704630042 1
1704630046 5
1704630050 1
1704630054 3
1704630058 1
1704630062 1
1704630066 0
1704630070 2
1704630074 8
1704630078 1
1704630082 1
1704630086 1
1704630090 2
1704630094 5
1704630098 2
1704630102 3
1704630106 1
1704630110 0



# Sketch: 2
1704629514 3
1704629518 2
1704629522 2
1704629526 1
1704629530 3
1704629534 3
1704629538 1
1704629542 1
1704629546 2
1704629550 1
1704629554 4
1704629558 2
1704629562 1
1704629566 6
1704629570 2
1704629574 2
1704629578 1
1704629582 2
1704629586 3
1704629590 0
1704629594 0
1704629598 0
1704629602 0
1704629606 4
1704629610 1
1704629614 1
1704629618 3
1704629622 2
1704629626 1
1704629630 6
1704629634 3
1704629638 2
1704629642 2
1704629646 2
1704629650 3
1704629654 3
1704629658 1
1704629662 0
1704629666 0
1704629670 4
1704629674 2
1704629678 2
1704629682 2
1704629686 3
1704629690 0
1704629694 1
1704629698 2
1704629702 0
1704629706 0
1704629710 1
1704629714 2
1704629718 0
1704629722 1
1704629726 6
1704629730 3
1704629734 5
1704629738 4
1704629742 3
1704629746 2
1704629750 6
1704629754 0
1704629758 0
1704629762 1
1704629766 4
1704629770 5
1704629774 5
1704629778 4
1704629782 2
1704629786 4
1704629790 3
1704629794 3
1704629798 1
1704629802 0
1704629806 3
1704629810 6
1704629814 1
1704629818 0
1704629822 1
1704629826 0
1704629830 1
1704629834 3
1704629838 3
1704629842 1
1704629846 0
1704629850 1
1704629854 3
1704629858 2
1704629862 3
1704629866 1
1704629870 3
1704629874 5
1704629878 1
1704629882 1
1704629886 0
1704629890 3
1704629894 5
1704629898 0
1704629902 5
1704629906 0
1704629910 2
1704629914 4
1704629918 3
1704629922 6
1704629926 4
1704629930 0
1704629934 2
1704629938 3
1704629942 2
1704629946 1
1704629950 0
1704629954 5
1704629958 1
1704629962 0
1704629966 1
1704629970 1
1704629974 2
1704629978 6
1704629982 0
1704629986 4
1704629990 1
1704629994 4
1704629998 3
1704630002 8
1704630006 3
1704630010 7
1704630014 0
1704630018 7
1704630022 1
1704630026 1
1704630030 0
1704630034 5
1704630038 6
1704630042 2
1704630046 4
1704630050 0
1704630054 2
1704630058 1
1704630062 0
1704630066 2
1704630070 6
1704630074 0
1704630078 0
1704630082 3
1704630086 1
1704630090 1
1704630094 2
1704630098 7
1704630102 0
1704630106 0
1704630110 3



# Sketch: 3
1704629514 2
1704629518 6
1704629522 0
1704629526 2
1704629530 2
1704629534 8
1704629538 3
1704629542 14
1704629546 8
1704629550 5
1704629554 1
1704629558 2
1704629562 0
1704629566 6
1704629570 0
1704629574 5
1704629578 7
1704629582 2
1704629586 3
1704629590 2
1704629594 1
1704629598 2
1704629602 5
1704629606 0
1704629610 1
1704629614 3
1704629618 4
1704629622 8
1704629626 3
1704629630 0
1704629634 0
1704629638 7
1704629642 1
1704629646 5
1704629650 1
1704629654 3
1704629658 4
1704629662 1
1704629666 3
1704629670 4
1704629674 3
1704629678 0
1704629682 0
1704629686 0
1704629690 2
1704629694 1
1704629698 0
1704629702 0
1704629706 0
1704629710 0
1704629714 1
1704629718 2
1704629722 0
1704629726 0
1704629730 1
1704629734 1
1704629738 0
1704629742 3
1704629746 2
1704629750 0
1704629754 0
1704629758 0
1704629762 4
1704629766 1
1704629770 5
1704629774 1
1704629778 0
1704629782 0
1704629786 6
1704629790 3
1704629794 0
1704629798 4
1704629802 0
1704629806 1
1704629810 4
1704629814 3
1704629818 2
1704629822 2
1704629826 3
1704629830 1
1704629834 1
1704629838 0
1704629842 2
1704629846 5
1704629850 1
1704629854 2
1704629858 4
1704629862 1
1704629866 1
1704629870 1
1704629874 1
1704629878 0
1704629882 3
1704629886 2
1704629890 2
1704629894 1
1704629898 10
1704629902 0
1704629906 2
1704629910 1
1704629914 0
1704629918 5
1704629922 2
1704629926 4
1704629930 1
1704629934 3
1704629938 2
1704629942 0
1704629946 0
1704629950 1
1704629954 0
1704629958 2
1704629962 6
1704629966 1
1704629970 1
1704629974 1
1704629978 4
1704629982 1
1704629986 0
1704629990 6
1704629994 0
1704629998 0
1704630002 2
1704630006 0
1704630010 1
1704630014 3
1704630018 0
1704630022 1
1704630026 2
1704630030 1
1704630034 1
1704630038 2
1704630042 0
1704630046 0
1704630050 0
1704630054 6
1704630058 2
1704630062 1
1704630066 4
1704630070 0
1704630074 1
1704630078 0
1704630082 1
1704630086 2
1704630090 5
1704630094 8
1704630098 2
1704630102 2
1704630106 11
1704630110 1



# Sketch: 4
1704629514 3
1704629518 2
1704629522 0
1704629526 0
1704629530 2
1704629534 0
1704629538 1
1704629542 5
1704629546 2
1704629550 1
1704629554 3
1704629558 1
1704629562 1
1704629566 1
1704629570 1
1704629574 1
1704629578 0
1704629582 6
1704629586 6
1704629590 2
1704629594 3
1704629598 3
1704629602 2
1704629606 3
1704629610 2
1704629614 5
1704629618 6
1704629622 6
1704629626 3
1704629630 3
1704629634 1
1704629638 2
1704629642 1
1704629646 4
1704629650 1
1704629654 0
1704629658 1
1704629662 1
1704629666 1
1704629670 6
1704629674 0
1704629678 0
1704629682 0
1704629686 2
1704629690 2
1704629694 1
1704629698 1
1704629702 5
1704629706 4
1704629710 3
1704629714 0
1704629718 3
1704629722 4
1704629726 3
1704629730 3
1704629734 5
1704629738 2
1704629742 0
1704629746 3
1704629750 2
1704629754 0
1704629758 3
1704629762 1
1704629766 20
1704629770 6
1704629774 7
1704629778 0
1704629782 2
1704629786 3
1704629790 0
1704629794 6
1704629798 11
1704629802 12
1704629806 4
1704629810 2
1704629814 16
1704629818 8
1704629822 9
1704629826 5
1704629830 2
1704629834 0
1704629838 13
1704629842 2
1704629846 2
1704629850 3
1704629854 4
1704629858 4
1704629862 0
1704629866 0
1704629870 1
1704629874 7
1704629878 4
1704629882 0
1704629886 2
1704629890 0
1704629894 1
1704629898 0
1704629902 1
1704629906 0
1704629910 2
1704629914 0
1704629918 1
1704629922 2
1704629926 3
1704629930 6
1704629934 3
1704629938 1
1704629942 7
1704629946 9
1704629950 7
1704629954 0
1704629958 4
1704629962 6
1704629966 2
1704629970 3
1704629974 4
1704629978 3
1704629982 1
1704629986 2
1704629990 11
1704629994 2
1704629998 4
1704630002 0
1704630006 1
1704630010 0
1704630014 1
1704630018 4
1704630022 5
1704630026 1
1704630030 3
1704630034 2
1704630038 0
1704630042 0
1704630046 3
1704630050 4
1704630054 9
1704630058 4
1704630062 3
1704630066 4
1704630070 1
1704630074 1
1704630078 3
1704630082 3
1704630086 3
1704630090 2
1704630094 9
1704630098 3
1704630102 1
1704630106 0
1704630110 0



# Sketch: 5
1704629514 3
1704629518 5
1704629522 0
1704629526 1
1704629530 0
1704629534 6
1704629538 2
1704629542 4
1704629546 1
1704629550 1
1704629554 5
1704629558 1
1704629562 0
1704629566 1
1704629570 0
1704629574 0
1704629578 2
1704629582 1
1704629586 0
1704629590 2
1704629594 1
1704629598 2
1704629602 2
1704629606 3
1704629610 0
1704629614 3
1704629618 2
1704629622 11
1704629626 5
1704629630 2
1704629634 5
1704629638 3
1704629642 2
1704629646 2
1704629650 2
1704629654 1
1704629658 3
1704629662 1
1704629666 5
1704629670 1
1704629674 0
1704629678 3
1704629682 1
1704629686 1
1704629690 4
1704629694 2
1704629698 0
1704629702 9
1704629706 0
1704629710 1
1704629714 5
1704629718 2
1704629722 3
1704629726 2
1704629730 1
1704629734 0
1704629738 1
1704629742 0
1704629746 2
1704629750 1
1704629754 0
1704629758 0
1704629762 2
1704629766 0
1704629770 0
1704629774 2
1704629778 1
1704629782 0
1704629786 2
1704629790 0
1704629794 6
1704629798 2
1704629802 0
1704629806 1
1704629810 1
1704629814 4
1704629818 3
1704629822 1
1704629826 4
1704629830 0
1704629834 0
1704629838 2
1704629842 0
1704629846 2
1704629850 1
1704629854 1
1704629858 0
1704629862 0
1704629866 0
1704629870 3
1704629874 1
1704629878 0
1704629882 1
1704629886 1
1704629890 0
1704629894 1
1704629898 0
1704629902 6
1704629906 11
1704629910 1
1704629914 4
1704629918 1
1704629922 2
1704629926 1
1704629930 3
1704629934 1
1704629938 1
1704629942 1
1704629946 3
1704629950 2
1704629954 3
1704629958 1
1704629962 3
1704629966 0
1704629970 1
1704629974 1
1704629978 4
1704629982 3
1704629986 1
1704629990 9
1704629994 1
1704629998 0
1704630002 0
1704630006 2
1704630010 10
1704630014 0
1704630018 3
1704630022 0
1704630026 3
1704630030 0
1704630034 3
1704630038 1
1704630042 2
1704630046 3
1704630050 0
1704630054 1
1704630058 7
1704630062 3
1704630066 2
1704630070 4
1704630074 7
1704630078 2
1704630082 3
1704630086 1
1704630090 6
1704630094 4
1704630098 5
1704630102 1
1704630106 5
1704630110 1



# Sketch: 6
1704629514 26
1704629518 1
1704629522 0
1704629526 0
1704629530 4
1704629534 1
1704629538 3
1704629542 2
1704629546 4
1704629550 3
1704629554 0
1704629558 1
1704629562 1
1704629566 0
1704629570 2
1704629574 2
1704629578 3
1704629582 0
1704629586 0
1704629590 4
1704629594 0
1704629598 1
1704629602 2
1704629606 0
1704629610 2
1704629614 0
1704629618 3
1704629622 12
1704629626 7
1704629630 2
1704629634 1
1704629638 3
1704629642 2
1704629646 32
1704629650 3
1704629654 1
1704629658 5
1704629662 0
1704629666 1
1704629670 0
1704629674 4
1704629678 0
1704629682 0
1704629686 1
1704629690 6
1704629694 0
1704629698 0
1704629702 2
1704629706 6
1704629710 2
1704629714 1
1704629718 6
1704629722 2
1704629726 0
1704629730 0
1704629734 2
1704629738 0
1704629742 1
1704629746 1
1704629750 0
1704629754 1
1704629758 2
1704629762 1
1704629766 1
1704629770 1
1704629774 0
1704629778 0
1704629782 1
1704629786 3
1704629790 1
1704629794 1
1704629798 0
1704629802 3
1704629806 15
1704629810 5
1704629814 1
1704629818 1
1704629822 4
1704629826 0
1704629830 2
1704629834 0
1704629838 1
1704629842 0
1704629846 3
1704629850 7
1704629854 2
1704629858 3
1704629862 1
1704629866 3
1704629870 0
1704629874 4
1704629878 1
1704629882 1
1704629886 3
1704629890 1
1704629894 4
1704629898 0
1704629902 3
1704629906 2
1704629910 1
1704629914 1
1704629918 4
1704629922 4
1704629926 1
1704629930 3
1704629934 0
1704629938 1
1704629942 9
1704629946 1
1704629950 4
1704629954 0
1704629958 1
1704629962 2
1704629966 2
1704629970 1
1704629974 5
1704629978 14
1704629982 0
1704629986 2
1704629990 0
1704629994 5
1704629998 1
1704630002 1
1704630006 0
1704630010 1
1704630014 3
1704630018 0
1704630022 3
1704630026 2
1704630030 1
1704630034 7
1704630038 2
1704630042 2
1704630046 6
1704630050 1
1704630054 2
1704630058 3
1704630062 0
1704630066 2
1704630070 0
1704630074 0
1704630078 0
1704630082 0
1704630086 0
1704630090 2
1704630094 0
1704630098 3
1704630102 0
1704630106 1
1704630110 1



# Sketch: 7
1704629514 1
1704629518 1
1704629522 1
1704629526 1
1704629530 1
1704629534 3
1704629538 1
1704629542 1
1704629546 4
1704629550 2
1704629554 4
1704629558 7
1704629562 3
1704629566 1
1704629570 0
1704629574 0
1704629578 2
1704629582 0
1704629586 0
1704629590 0
1704629594 2
1704629598 4
1704629602 7
1704629606 0
1704629610 0
1704629614 16
1704629618 0
1704629622 0
1704629626 2
1704629630 9
1704629634 1
1704629638 3
1704629642 2
1704629646 4
1704629650 1
1704629654 0
1704629658 1
1704629662 8
1704629666 2
1704629670 2
1704629674 1
1704629678 3
1704629682 0
1704629686 2
1704629690 1
1704629694 1
1704629698 1
1704629702 5
1704629706 0
1704629710 0
1704629714 0
1704629718 0
1704629722 4
1704629726 2
1704629730 2
1704629734 4
1704629738 5
1704629742 1
1704629746 8
1704629750 1
1704629754 1
1704629758 10
1704629762 6
1704629766 0
1704629770 1
1704629774 1
1704629778 0
1704629782 2
1704629786 1
1704629790 16
1704629794 1
1704629798 1
1704629802 3
1704629806 2
1704629810 1
1704629814 0
1704629818 0
1704629822 0
1704629826 4
1704629830 0
1704629834 0
1704629838 0
1704629842 1
1704629846 0
1704629850 10
1704629854 2
1704629858 0
1704629862 3
1704629866 1
1704629870 2
1704629874 0
1704629878 1
1704629882 7
1704629886 0
1704629890 0
1704629894 4
1704629898 2
1704629902 3
1704629906 0
1704629910 1
1704629914 1
1704629918 2
1704629922 8
1704629926 4
1704629930 3
1704629934 3
1704629938 1
1704629942 1
1704629946 1
1704629950 0
1704629954 4
1704629958 0
1704629962 13
1704629966 1
1704629970 2
1704629974 2
1704629978 1
1704629982 3
1704629986 1
1704629990 3
1704629994 3
1704629998 0
1704630002 1
1704630006 5
1704630010 1
1704630014 2
1704630018 0
1704630022 3
1704630026 20
1704630030 1
1704630034 1
1704630038 2
1704630042 1
1704630046 1
1704630050 5
1704630054 5
1704630058 2
1704630062 0
1704630066 2
1704630070 1
1704630074 0
1704630078 3
1704630082 2
1704630086 1
1704630090 0
1704630094 3
1704630098 2
1704630102 1
1704630106 1
1704630110 2



# Sketch: 8
1704629514 1
1704629518 1
1704629522 1
1704629526 4
1704629530 5
1704629534 3
1704629538 3
1704629542 4
1704629546 4
1704629550 2
1704629554 2
1704629558 3
1704629562 3
1704629566 2
1704629570 0
1704629574 3
1704629578 3
1704629582 3
1704629586 2
1704629590 0
1704629594 0
1704629598 0
1704629602 2
1704629606 2
1704629610 0
1704629614 0
1704629618 0
1704629622 5
1704629626 2
1704629630 2
1704629634 2
1704629638 5
1704629642 12
1704629646 2
1704629650 3
1704629654 4
1704629658 9
1704629662 2
1704629666 2
1704629670 1
1704629674 2
1704629678 7
1704629682 2
1704629686 2
1704629690 0
1704629694 4
1704629698 2
1704629702 0
1704629706 0
1704629710 1
1704629714 2
1704629718 0
1704629722 1
1704629726 2
1704629730 0
1704629734 11
1704629738 2
1704629742 2
1704629746 5
1704629750 0
1704629754 0
1704629758 2
1704629762 2
1704629766 11
1704629770 7
1704629774 5
1704629778 3
1704629782 3
1704629786 1
1704629790 2
1704629794 1
1704629798 0
1704629802 1
1704629806 5
1704629810 0
1704629814 2
1704629818 3
1704629822 1
1704629826 1
1704629830 2
1704629834 1
1704629838 0
1704629842 1
1704629846 2
1704629850 3
1704629854 1
1704629858 2
1704629862 0
1704629866 1
1704629870 1
1704629874 1
1704629878 1
1704629882 1
1704629886 4
1704629890 2
1704629894 1
1704629898 3
1704629902 3
1704629906 1
1704629910 3
1704629914 4
1704629918 2
1704629922 6
1704629926 3
1704629930 1
1704629934 6
1704629938 2
1704629942 4
1704629946 0
1704629950 1
1704629954 2
1704629958 1
1704629962 3
1704629966 2
1704629970 6
1704629974 0
1704629978 1
1704629982 2
1704629986 2
1704629990 9
1704629994 5
1704629998 2
1704630002 3
1704630006 2
1704630010 2
1704630014 2
1704630018 5
1704630022 3
1704630026 3
1704630030 3
1704630034 5
1704630038 2
1704630042 1
1704630046 3
1704630050 1
1704630054 1
1704630058 1
1704630062 1
1704630066 1
1704630070 7
1704630074 0
1704630078 2
1704630082 1
1704630086 2
1704630090 5
1704630094 1
1704630098 0
1704630102 0
1704630106 2
1704630110 2



# Sketch: 9
1704629514 0
1704629518 2
1704629522 2
1704629526 0
1704629530 0
1704629534 4
1704629538 1
1704629542 0
1704629546 0
1704629550 1
1704629554 5
1704629558 5
1704629562 1
1704629566 1
1704629570 0
1704629574 0
1704629578 0
1704629582 0
1704629586 0
1704629590 1
1704629594 4
1704629598 1
1704629602 2
1704629606 0
1704629610 0
1704629614 2
1704629618 11
1704629622 1
1704629626 0
1704629630 2
1704629634 1
1704629638 3
1704629642 0
1704629646 7
1704629650 1
1704629654 0
1704629658 4
1704629662 0
1704629666 2
1704629670 0
1704629674 1
1704629678 0
1704629682 3
1704629686 1
1704629690 2
1704629694 3
1704629698 1
1704629702 0
1704629706 2
1704629710 3
1704629714 2
1704629718 2
1704629722 3
1704629726 1
1704629730 1
1704629734 3
1704629738 1
1704629742 0
1704629746 0
1704629750 0
1704629754 1
1704629758 1
1704629762 0
1704629766 1
1704629770 2
1704629774 4
1704629778 0
1704629782 0
1704629786 1
1704629790 2
1704629794 0
1704629798 1
1704629802 1
1704629806 3
1704629810 1
1704629814 0
1704629818 0
1704629822 1
1704629826 1
1704629830 1
1704629834 3
1704629838 0
1704629842 3
1704629846 0
1704629850 0
1704629854 1
1704629858 30
1704629862 2
1704629866 2
1704629870 10
1704629874 2
1704629878 0
1704629882 4
1704629886 0
1704629890 0
1704629894 0
1704629898 8
1704629902 2
1704629906 3
1704629910 0
1704629914 4
1704629918 0
1704629922 0
1704629926 3
1704629930 2
1704629934 3
1704629938 1
1704629942 2
1704629946 3
1704629950 3
1704629954 1
1704629958 1
1704629962 2
1704629966 3
1704629970 3
1704629974 0
1704629978 1
1704629982 0
1704629986 2
1704629990 7
1704629994 2
1704629998 1
1704630002 2
1704630006 0
1704630010 1
1704630014 0
1704630018 1
1704630022 1
1704630026 0
1704630030 2
1704630034 2
1704630038 7
1704630042 2
1704630046 2
1704630050 1
1704630054 4
1704630058 1
1704630062 1
1704630066 1
1704630070 1
1704630074 1
1704630078 1
1704630082 1
1704630086 0
1704630090 0
1704630094 8
1704630098 0
1704630102 3
1704630106 4
1704630110 1



# Sketch: 10
1704629514 2
1704629518 6
1704629522 10
1704629526 1
1704629530 0
1704629534 6
1704629538 5
1704629542 1
1704629546 7
1704629550 1
1704629554 1
1704629558 2
1704629562 3
1704629566 0
1704629570 0
1704629574 1
1704629578 0
1704629582 8
1704629586 3
1704629590 2
1704629594 14
1704629598 2
1704629602 2
1704629606 0
1704629610 1
1704629614 5
1704629618 4
1704629622 4
1704629626 4
1704629630 0
1704629634 1
1704629638 2
1704629642 1
1704629646 8
1704629650 2
1704629654 4
1704629658 3
1704629662 3
1704629666 4
1704629670 3
1704629674 2
1704629678 3
1704629682 1
1704629686 1
1704629690 0
1704629694 2
1704629698 1
1704629702 3
1704629706 6
1704629710 2
1704629714 4
1704629718 4
1704629722 2
1704629726 6
1704629730 4
1704629734 3
1704629738 4
1704629742 2
1704629746 1
1704629750 0
1704629754 2
1704629758 12
1704629762 3
1704629766 19
1704629770 4
1704629774 5
1704629778 1
1704629782 3
1704629786 2
1704629790 3
1704629794 3
1704629798 0
1704629802 0
1704629806 0
1704629810 2
1704629814 15
1704629818 7
1704629822 7
1704629826 6
1704629830 2
1704629834 4
1704629838 4
1704629842 1
1704629846 1
1704629850 8
1704629854 10
1704629858 11
1704629862 3
1704629866 2
1704629870 4
1704629874 0
1704629878 2
1704629882 2
1704629886 5
1704629890 8
1704629894 0
1704629898 3
1704629902 1
1704629906 13
1704629910 7
1704629914 6
1704629918 0
1704629922 1
1704629926 0
1704629930 1
1704629934 1
1704629938 1
1704629942 0
1704629946 7
1704629950 7
1704629954 3
1704629958 3
1704629962 0
1704629966 1
1704629970 2
1704629974 6
1704629978 1
1704629982 1
1704629986 0
1704629990 3
1704629994 2
1704629998 3
1704630002 0
1704630006 2
1704630010 1
1704630014 2
1704630018 4
1704630022 11
1704630026 2
1704630030 8
1704630034 4
1704630038 6
1704630042 3
1704630046 4
1704630050 2
1704630054 3
1704630058 4
1704630062 0
1704630066 7
1704630070 1
1704630074 4
1704630078 3
1704630082 2
1704630086 1
1704630090 1
1704630094 6
1704630098 3
1704630102 5
1704630106 1
1704630110 0



# Sketch: 11
1704629514 0
1704629518 0
1704629522 5
1704629526 1
1704629530 3
1704629534 0
1704629538 3
1704629542 2
1704629546 0
1704629550 1
1704629554 3
1704629558 8
1704629562 2
1704629566 0
1704629570 0
1704629574 1
1704629578 0
1704629582 3
1704629586 0
1704629590 14
1704629594 1
1704629598 3
1704629602 3
1704629606 1
1704629610 0
1704629614 0
1704629618 1
1704629622 1
1704629626 3
1704629630 2
1704629634 1
1704629638 7
1704629642 1
1704629646 3
1704629650 2
1704629654 1
1704629658 1
1704629662 1
1704629666 2
1704629670 2
1704629674 0
1704629678 1
1704629682 1
1704629686 1
1704629690 0
1704629694 0
1704629698 0
1704629702 2
1704629706 5
1704629710 0
1704629714 0
1704629718 1
1704629722 2
1704629726 4
1704629730 2
1704629734 0
1704629738 0
1704629742 1
1704629746 0
1704629750 1
1704629754 1
1704629758 1
1704629762 3
1704629766 2
1704629770 5
1704629774 0
1704629778 0
1704629782 9
1704629786 1
1704629790 0
1704629794 10
1704629798 7
1704629802 1
1704629806 2
1704629810 2
1704629814 1
1704629818 1
1704629822 1
1704629826 1
1704629830 1
1704629834 4
1704629838 0
1704629842 4
1704629846 0
1704629850 3
1704629854 1
1704629858 1
1704629862 0
1704629866 2
1704629870 0
1704629874 2
1704629878 3
1704629882 4
1704629886 4
1704629890 4
1704629894 4
1704629898 2
1704629902 1
1704629906 4
1704629910 8
1704629914 1
1704629918 1
1704629922 1
1704629926 2
1704629930 5
1704629934 5
1704629938 3
1704629942 1
1704629946 1
1704629950 5
1704629954 1
1704629958 2
1704629962 2
1704629966 2
1704629970 2
1704629974 4
1704629978 0
1704629982 5
1704629986 1
1704629990 3
1704629994 1
1704629998 2
1704630002 1
1704630006 2
1704630010 4
1704630014 3
1704630018 4
1704630022 1
1704630026 2
1704630030 0
1704630034 4
1704630038 1
1704630042 2
1704630046 0
1704630050 4
1704630054 2
1704630058 2
1704630062 2
1704630066 4
1704630070 0
1704630074 1
1704630078 0
1704630082 1
1704630086 1
1704630090 2
1704630094 7
1704630098 4
1704630102 3
1704630106 0
1704630110 0



# Sketch: 12
1704629514 3
1704629518 3
1704629522 2
1704629526 0
1704629530 0
1704629534 1
1704629538 1
1704629542 3
1704629546 2
1704629550 1
1704629554 3
1704629558 2
1704629562 1
1704629566 0
1704629570 1
1704629574 1
1704629578 3
1704629582 4
1704629586 1
1704629590 0
1704629594 2
1704629598 0
1704629602 1
1704629606 0
1704629610 4
1704629614 2
1704629618 2
1704629622 3
1704629626 4
1704629630 2
1704629634 0
1704629638 4
1704629642 6
1704629646 6
1704629650 4
1704629654 4
1704629658 11
1704629662 0
1704629666 4
1704629670 3
1704629674 1
1704629678 2
1704629682 0
1704629686 2
1704629690 0
1704629694 0
1704629698 2
1704629702 0
1704629706 6
1704629710 0
1704629714 3
1704629718 2
1704629722 1
1704629726 3
1704629730 2
1704629734 7
1704629738 5
1704629742 1
1704629746 3
1704629750 2
1704629754 0
1704629758 1
1704629762 2
1704629766 2
1704629770 1
1704629774 2
1704629778 3
1704629782 2
1704629786 1
1704629790 2
1704629794 2
1704629798 1
1704629802 0
1704629806 6
1704629810 1
1704629814 2
1704629818 5
1704629822 1
1704629826 2
1704629830 4
1704629834 2
1704629838 2
1704629842 3
1704629846 11
1704629850 1
1704629854 1
1704629858 0
1704629862 0
1704629866 1
1704629870 3
1704629874 0
1704629878 2
1704629882 3
1704629886 4
1704629890 1
1704629894 3
1704629898 3
1704629902 3
1704629906 8
1704629910 2
1704629914 3
1704629918 1
1704629922 1
1704629926 3
1704629930 0
1704629934 17
1704629938 4
1704629942 2
1704629946 2
1704629950 3
1704629954 2
1704629958 1
1704629962 2
1704629966 4
1704629970 8
1704629974 3
1704629978 0
1704629982 1
1704629986 5
1704629990 0
1704629994 2
1704629998 2
1704630002 0
1704630006 3
1704630010 0
1704630014 2
1704630018 4
1704630022 2
1704630026 1
1704630030 1
1704630034 1
1704630038 2
1704630042 4
1704630046 5
1704630050 3
1704630054 1
1704630058 2
1704630062 2
1704630066 2
1704630070 1
1704630074 3
1704630078 6
1704630082 1
1704630086 0
1704630090 1
1704630094 1
1704630098 1
1704630102 0
1704630106 1
1704630110 0



# Sketch: 13
1704629514 1
1704629518 8
1704629522 4
1704629526 3
1704629530 3
1704629534 1
1704629538 6
1704629542 2
1704629546 1
1704629550 1
1704629554 3
1704629558 0
1704629562 2
1704629566 2
1704629570 0
1704629574 3
1704629578 6
1704629582 2
1704629586 0
1704629590 0
1704629594 2
1704629598 1
1704629602 0
1704629606 0
1704629610 0
1704629614 0
1704629618 6
1704629622 5
1704629626 5
1704629630 2
1704629634 1
1704629638 3
1704629642 2
1704629646 7
1704629650 2
1704629654 1
1704629658 2
1704629662 5
1704629666 7
1704629670 6
1704629674 0
1704629678 2
1704629682 0
1704629686 1
1704629690 1
1704629694 1
1704629698 2
1704629702 3
1704629706 1
1704629710 3
1704629714 1
1704629718 1
1704629722 0
1704629726 7
1704629730 1
1704629734 7
1704629738 0
1704629742 2
1704629746 0
1704629750 1
1704629754 1
1704629758 0
1704629762 1
1704629766 4
1704629770 3
1704629774 1
1704629778 3
1704629782 5
1704629786 2
1704629790 1
1704629794 2
1704629798 1
1704629802 1
1704629806 0
1704629810 1
1704629814 3
1704629818 2
1704629822 2
1704629826 2
1704629830 0
1704629834 1
1704629838 3
1704629842 2
1704629846 1
1704629850 2
1704629854 0
1704629858 0
1704629862 5
1704629866 3
1704629870 4
1704629874 3
1704629878 3
1704629882 1
1704629886 1
1704629890 0
1704629894 4
1704629898 3
1704629902 6
1704629906 1
1704629910 4
1704629914 1
1704629918 0
1704629922 2
1704629926 1
1704629930 2
1704629934 7
1704629938 6
1704629942 2
1704629946 1
1704629950 1
1704629954 0
1704629958 2
1704629962 4
1704629966 1
1704629970 2
1704629974 15
1704629978 1
1704629982 0
1704629986 0
1704629990 0
1704629994 1
1704629998 4
1704630002 2
1704630006 7
1704630010 2
1704630014 0
1704630018 1
1704630022 2
1704630026 1
1704630030 2
1704630034 4
1704630038 2
1704630042 4
1704630046 1
1704630050 0
1704630054 1
1704630058 4
1704630062 0
1704630066 1
1704630070 0
1704630074 0
1704630078 0
1704630082 2
1704630086 0
1704630090 0
1704630094 3
1704630098 0
1704630102 0
1704630106 3
1704630110 1



# Sketch: 14
1704629514 3
1704629518 2
1704629522 1
1704629526 0
1704629530 2
1704629534 6
1704629538 6
1704629542 5
1704629546 0
1704629550 1
1704629554 3
1704629558 1
1704629562 1
1704629566 0
1704629570 2
1704629574 0
1704629578 2
1704629582 1
1704629586 0
1704629590 2
1704629594 3
1704629598 0
1704629602 1
1704629606 1
1704629610 1
1704629614 2
1704629618 23
1704629622 2
1704629626 4
1704629630 1
1704629634 3
1704629638 9
1704629642 2
1704629646 1
1704629650 1
1704629654 4
1704629658 2
1704629662 8
1704629666 3
1704629670 2
1704629674 0
1704629678 1
1704629682 2
1704629686 1
1704629690 1
1704629694 0
1704629698 1
1704629702 6
1704629706 1
1704629710 1
1704629714 3
1704629718 0
1704629722 2
1704629726 2
1704629730 3
1704629734 4
1704629738 1
1704629742 3
1704629746 2
1704629750 1
1704629754 0
1704629758 0
1704629762 1
1704629766 1
1704629770 1
1704629774 4
1704629778 0
1704629782 2
1704629786 2
1704629790 0
1704629794 2
1704629798 1
1704629802 3
1704629806 4
1704629810 3
1704629814 1
1704629818 0
1704629822 3
1704629826 4
1704629830 2
1704629834 3
1704629838 1
1704629842 0
1704629846 0
1704629850 3
1704629854 3
1704629858 2
1704629862 2
1704629866 0
1704629870 5
1704629874 0
1704629878 2
1704629882 1
1704629886 1
1704629890 1
1704629894 6
1704629898 1
1704629902 11
1704629906 0
1704629910 3
1704629914 4
1704629918 0
1704629922 2
1704629926 1
1704629930 8
1704629934 0
1704629938 2
1704629942 1
1704629946 1
1704629950 1
1704629954 4
1704629958 4
1704629962 3
1704629966 5
1704629970 18
1704629974 13
1704629978 15
1704629982 7
1704629986 8
1704629990 5
1704629994 4
1704629998 8
1704630002 8
1704630006 9
1704630010 5
1704630014 11
1704630018 15
1704630022 18
1704630026 27
1704630030 13
1704630034 11
1704630038 20
1704630042 21
1704630046 12
1704630050 9
1704630054 10
1704630058 8
1704630062 18
1704630066 13
1704630070 13
1704630074 9
1704630078 12
1704630082 6
1704630086 1
1704630090 0
1704630094 7
1704630098 1
1704630102 1
1704630106 1
1704630110 0



# Sketch: 15
1704629514 2
1704629518 2
1704629522 1
1704629526 1
1704629530 5
1704629534 0
1704629538 0
1704629542 0
1704629546 1
1704629550 1
1704629554 1
1704629558 1
1704629562 2
1704629566 2
1704629570 2
1704629574 0
1704629578 2
1704629582 1
1704629586 0
1704629590 0
1704629594 3
1704629598 1
1704629602 1
1704629606 2
1704629610 4
1704629614 0
1704629618 0
1704629622 3
1704629626 1
1704629630 0
1704629634 0
1704629638 1
1704629642 3
1704629646 2
1704629650 1
1704629654 2
1704629658 1
1704629662 1
1704629666 0
1704629670 0
1704629674 0
1704629678 1
1704629682 3
1704629686 0
1704629690 3
1704629694 1
1704629698 2
1704629702 1
1704629706 2
1704629710 0
1704629714 1
1704629718 0
1704629722 1
1704629726 1
1704629730 2
1704629734 3
1704629738 7
1704629742 0
1704629746 0
1704629750 1
1704629754 1
1704629758 1
1704629762 4
1704629766 2
1704629770 1
1704629774 1
1704629778 1
1704629782 0
1704629786 6
1704629790 1
1704629794 0
1704629798 3
1704629802 1
1704629806 2
1704629810 0
1704629814 1
1704629818 1
1704629822 0
1704629826 0
1704629830 1
1704629834 0
1704629838 4
1704629842 1
1704629846 5
1704629850 3
1704629854 2
1704629858 0
1704629862 0
1704629866 0
1704629870 3
1704629874 0
1704629878 3
1704629882 2
1704629886 1
1704629890 0
1704629894 2
1704629898 1
1704629902 1
1704629906 1
1704629910 0
1704629914 0
1704629918 4
1704629922 3
1704629926 11
1704629930 1
1704629934 1
1704629938 0
1704629942 1
1704629946 1
1704629950 3
1704629954 1
1704629958 0
1704629962 1
1704629966 0
1704629970 0
1704629974 2
1704629978 1
1704629982 3
1704629986 0
1704629990 2
1704629994 2
1704629998 2
1704630002 1
1704630006 1
1704630010 1
1704630014 3
1704630018 1
1704630022 1
1704630026 1
1704630030 0
1704630034 3
1704630038 3
1704630042 6
1704630046 3
1704630050 9
1704630054 1
1704630058 0
1704630062 1
1704630066 1
1704630070 1
1704630074 1
1704630078 1
1704630082 1
1704630086 0
1704630090 0
1704630094 0
1704630098 0
1704630102 0
1704630106 0
1704630110 1



# Sketch: 16
1704629514 0
1704629518 1
1704629522 3
1704629526 2
1704629530 0
1704629534 1
1704629538 1
1704629542 3
1704629546 1
1704629550 0
1704629554 1
1704629558 4
1704629562 2
1704629566 5
1704629570 2
1704629574 0
1704629578 1
1704629582 0
1704629586 6
1704629590 2
1704629594 0
1704629598 1
1704629602 1
1704629606 4
1704629610 0
1704629614 1
1704629618 3
1704629622 7
1704629626 0
1704629630 1
1704629634 0
1704629638 1
1704629642 0
1704629646 4
1704629650 1
1704629654 1
1704629658 2
1704629662 1
1704629666 3
1704629670 5
1704629674 1
1704629678 7
1704629682 3
1704629686 1
1704629690 0
1704629694 0
1704629698 2
1704629702 2
1704629706 3
1704629710 0
1704629714 3
1704629718 2
1704629722 2
1704629726 0
1704629730 1
1704629734 2
1704629738 2
1704629742 2
1704629746 2
1704629750 1
1704629754 4
1704629758 3
1704629762 2
1704629766 2
1704629770 0
1704629774 1
1704629778 1
1704629782 2
1704629786 1
1704629790 1
1704629794 1
1704629798 1
1704629802 1
1704629806 5
1704629810 3
1704629814 0
1704629818 1
1704629822 1
1704629826 10
1704629830 0
1704629834 4
1704629838 1
1704629842 0
1704629846 1
1704629850 3
1704629854 1
1704629858 3
1704629862 2
1704629866 2
1704629870 4
1704629874 1
1704629878 1
1704629882 3
1704629886 9
1704629890 1
1704629894 4
1704629898 2
1704629902 0
1704629906 1
1704629910 2
1704629914 1
1704629918 2
1704629922 1
1704629926 0
1704629930 1
1704629934 4
1704629938 4
1704629942 3
1704629946 1
1704629950 1
1704629954 1
1704629958 2
1704629962 2
1704629966 4
1704629970 3
1704629974 0
1704629978 3
1704629982 3
1704629986 1
1704629990 4
1704629994 2
1704629998 0
1704630002 1
1704630006 4
1704630010 1
1704630014 1
1704630018 3
1704630022 1
1704630026 3
1704630030 0
1704630034 6
1704630038 6
1704630042 6
1704630046 7
1704630050 3
1704630054 1
1704630058 12
1704630062 2
1704630066 1
1704630070 1
1704630074 2
1704630078 0
1704630082 0
1704630086 2
1704630090 0
1704630094 18
1704630098 6
1704630102 0
1704630106 1
1704630110 0



# Sketch: 17
1704629514 0
1704629518 3
1704629522 0
1704629526 10
1704629530 0
1704629534 1
1704629538 7
1704629542 2
1704629546 0
1704629550 0
1704629554 0
1704629558 1
1704629562 1
1704629566 7
1704629570 3
1704629574 3
1704629578 1
1704629582 2
1704629586 2
1704629590 4
1704629594 0
1704629598 3
1704629602 2
1704629606 1
1704629610 0
1704629614 0
1704629618 4
1704629622 11
1704629626 0
1704629630 2
1704629634 4
1704629638 2
1704629642 0
1704629646 6
1704629650 3
1704629654 4
1704629658 3
1704629662 0
1704629666 1
1704629670 0
1704629674 3
1704629678 1
1704629682 0
1704629686 4
1704629690 3
1704629694 0
1704629698 1
1704629702 1
1704629706 2
1704629710 7
1704629714 0
1704629718 1
1704629722 2
1704629726 3
1704629730 1
1704629734 8
1704629738 0
1704629742 3
1704629746 0
1704629750 1
1704629754 1
1704629758 3
1704629762 0
1704629766 3
1704629770 1
1704629774 1
1704629778 4
1704629782 4
1704629786 1
1704629790 2
1704629794 1
1704629798 2
1704629802 1
1704629806 3
1704629810 1
1704629814 2
1704629818 1
1704629822 1
1704629826 1
1704629830 1
1704629834 2
1704629838 2
1704629842 1
1704629846 2
1704629850 1
1704629854 3
1704629858 6
1704629862 0
1704629866 0
1704629870 4
1704629874 0
1704629878 2
1704629882 3
1704629886 5
1704629890 0
1704629894 4
1704629898 6
1704629902 3
1704629906 4
1704629910 4
1704629914 4
1704629918 0
1704629922 0
1704629926 1
1704629930 0
1704629934 1
1704629938 0
1704629942 2
1704629946 3
1704629950 1
1704629954 0
1704629958 1
1704629962 1
1704629966 1
1704629970 3
1704629974 1
1704629978 0
1704629982 0
1704629986 3
1704629990 3
1704629994 1
1704629998 0
1704630002 1
1704630006 5
1704630010 3
1704630014 3
1704630018 4
1704630022 2
1704630026 0
1704630030 1
1704630034 2
1704630038 5
1704630042 1
1704630046 1
1704630050 2
1704630054 2
1704630058 2
1704630062 0
1704630066 1
1704630070 3
1704630074 0
1704630078 2
1704630082 3
1704630086 0
1704630090 3
1704630094 2
1704630098 3
1704630102 0
1704630106 1
1704630110 2



# Sketch: 18
1704629514 1
1704629518 2
1704629522 1
1704629526 5
1704629530 0
1704629534 2
1704629538 0
1704629542 1
1704629546 4
1704629550 1
1704629554 10
1704629558 7
1704629562 1
1704629566 1
1704629570 1
1704629574 3
1704629578 1
1704629582 1
1704629586 0
1704629590 4
1704629594 2
1704629598 12
1704629602 3
1704629606 4
1704629610 6
1704629614 2
1704629618 1
1704629622 2
1704629626 6
1704629630 4
1704629634 1
1704629638 5
1704629642 2
1704629646 6
1704629650 1
1704629654 0
1704629658 1
1704629662 1
1704629666 0
1704629670 0
1704629674 1
1704629678 0
1704629682 5
1704629686 0
1704629690 6
1704629694 3
1704629698 1
1704629702 5
1704629706 2
1704629710 3
1704629714 1
1704629718 6
1704629722 4
1704629726 5
1704629730 6
1704629734 3
1704629738 7
1704629742 11
1704629746 2
1704629750 4
1704629754 2
1704629758 2
1704629762 1
1704629766 2
1704629770 2
1704629774 1
1704629778 1
1704629782 3
1704629786 2
1704629790 1
1704629794 2
1704629798 0
1704629802 4
1704629806 2
1704629810 3
1704629814 2
1704629818 2
1704629822 2
1704629826 1
1704629830 0
1704629834 1
1704629838 0
1704629842 1
1704629846 4
1704629850 0
1704629854 4
1704629858 2
1704629862 0
1704629866 1
1704629870 0
1704629874 0
1704629878 0
1704629882 0
1704629886 1
1704629890 0
1704629894 1
1704629898 2
1704629902 0
1704629906 5
1704629910 3
1704629914 0
1704629918 6
1704629922 0
1704629926 1
1704629930 2
1704629934 0
1704629938 1
1704629942 1
1704629946 1
1704629950 5
1704629954 4
1704629958 4
1704629962 4
1704629966 2
1704629970 0
1704629974 0
1704629978 1
1704629982 1
1704629986 3
1704629990 1
1704629994 0
1704629998 1
1704630002 7
1704630006 1
1704630010 0
1704630014 3
1704630018 6
1704630022 4
1704630026 2
1704630030 10
1704630034 0
1704630038 2
1704630042 2
1704630046 1
1704630050 1
1704630054 0
1704630058 7
1704630062 10
1704630066 3
1704630070 2
1704630074 2
1704630078 0
1704630082 0
1704630086 1
1704630090 0
1704630094 3
1704630098 3
1704630102 0
1704630106 6
1704630110 2



# Sketch: 19
1704629514 4
1704629518 6
1704629522 10
1704629526 2
1704629530 0
1704629534 1
1704629538 4
1704629542 10
1704629546 0
1704629550 3
1704629554 1
1704629558 0
1704629562 2
1704629566 6
1704629570 3
1704629574 1
1704629578 2
1704629582 0
1704629586 6
1704629590 4
1704629594 1
1704629598 1
1704629602 3
1704629606 1
1704629610 4
1704629614 4
1704629618 6
1704629622 3
1704629626 1
1704629630 0
1704629634 0
1704629638 2
1704629642 1
1704629646 4
1704629650 0
1704629654 2
1704629658 2
1704629662 2
1704629666 3
1704629670 2
1704629674 0
1704629678 4
1704629682 1
1704629686 3
1704629690 1
1704629694 2
1704629698 2
1704629702 4
1704629706 5
1704629710 5
1704629714 3
1704629718 2
1704629722 1
1704629726 3
1704629730 0
1704629734 5
1704629738 3
1704629742 2
1704629746 7
1704629750 0
1704629754 2
1704629758 2
1704629762 4
1704629766 13
1704629770 8
1704629774 6
1704629778 0
1704629782 4
1704629786 2
1704629790 4
1704629794 4
1704629798 8
1704629802 2
1704629806 7
1704629810 0
1704629814 9
1704629818 9
1704629822 6
1704629826 7
1704629830 7
1704629834 1
1704629838 1
1704629842 4
1704629846 1
1704629850 1
1704629854 5
1704629858 10
1704629862 1
1704629866 3
1704629870 6
1704629874 2
1704629878 7
1704629882 2
1704629886 0
1704629890 1
1704629894 0
1704629898 5
1704629902 0
1704629906 0
1704629910 4
1704629914 3
1704629918 1
1704629922 4
1704629926 1
1704629930 4
1704629934 1
1704629938 4
1704629942 0
1704629946 9
1704629950 3
1704629954 4
1704629958 3
1704629962 3
1704629966 5
1704629970 0
1704629974 8
1704629978 5
1704629982 2
1704629986 3
1704629990 3
1704629994 2
1704629998 3
1704630002 5
1704630006 0
1704630010 3
1704630014 1
1704630018 8
1704630022 3
1704630026 3
1704630030 5
1704630034 1
1704630038 4
1704630042 1
1704630046 2
1704630050 0
1704630054 5
1704630058 1
1704630062 5
1704630066 4
1704630070 7
1704630074 3
1704630078 1
1704630082 3
1704630086 3
1704630090 4
1704630094 5
1704630098 3
1704630102 1
1704630106 3
1704630110 0



# Sketch: 20
1704629514 0
1704629518 0
1704629522 1
1704629526 0
1704629530 1
1704629534 2
1704629538 1
1704629542 6
1704629546 0
1704629550 2
1704629554 2
1704629558 5
1704629562 1
1704629566 3
1704629570 0
1704629574 3
1704629578 0
1704629582 3
1704629586 3
1704629590 1
1704629594 1
1704629598 5
1704629602 1
1704629606 0
1704629610 0
1704629614 2
1704629618 3
1704629622 2
1704629626 2
1704629630 1
1704629634 0
1704629638 5
1704629642 3
1704629646 3
1704629650 0
1704629654 3
1704629658 2
1704629662 7
1704629666 3
1704629670 5
1704629674 3
1704629678 3
1704629682 3
1704629686 1
1704629690 1
1704629694 1
1704629698 0
1704629702 5
1704629706 6
1704629710 2
1704629714 9
1704629718 2
1704629722 3
1704629726 2
1704629730 4
1704629734 2
1704629738 0
1704629742 0
1704629746 4
1704629750 6
1704629754 2
1704629758 3
1704629762 1
1704629766 2
1704629770 2
1704629774 1
1704629778 1
1704629782 2
1704629786 1
1704629790 0
1704629794 1
1704629798 4
1704629802 3
1704629806 3
1704629810 2
1704629814 1
1704629818 1
1704629822 0
1704629826 0
1704629830 2
1704629834 3
1704629838 0
1704629842 2
1704629846 2
1704629850 2
1704629854 1
1704629858 2
1704629862 7
1704629866 4
1704629870 8
1704629874 2
1704629878 1
1704629882 1
1704629886 3
1704629890 3
1704629894 3
1704629898 1
1704629902 0
1704629906 0
1704629910 2
1704629914 1
1704629918 1
1704629922 1
1704629926 2
1704629930 8
1704629934 2
1704629938 4
1704629942 3
1704629946 2
1704629950 1
1704629954 0
1704629958 0
1704629962 5
1704629966 3
1704629970 0
1704629974 0
1704629978 1
1704629982 10
1704629986 6
1704629990 4
1704629994 1
1704629998 4
1704630002 2
1704630006 1
1704630010 4
1704630014 4
1704630018 2
1704630022 3
1704630026 1
1704630030 3
1704630034 0
1704630038 1
1704630042 0
1704630046 13
1704630050 0
1704630054 3
1704630058 2
1704630062 0
1704630066 1
1704630070 0
1704630074 3
1704630078 1
1704630082 3
1704630086 2
1704630090 4
1704630094 1
1704630098 0
1704630102 0
1704630106 1
1704630110 5



# Sketch: 21
1704629514 2
1704629518 0
1704629522 7
1704629526 1
1704629530 1
1704629534 3
1704629538 1
1704629542 2
1704629546 0
1704629550 2
1704629554 3
1704629558 0
1704629562 0
1704629566 2
1704629570 4
1704629574 1
1704629578 0
1704629582 2
1704629586 4
1704629590 1
1704629594 0
1704629598 0
1704629602 3
1704629606 0
1704629610 2
1704629614 0
1704629618 0
1704629622 4
1704629626 0
1704629630 1
1704629634 0
1704629638 2
1704629642 0
1704629646 9
1704629650 2
1704629654 3
1704629658 2
1704629662 2
1704629666 6
1704629670 1
1704629674 1
1704629678 0
1704629682 5
1704629686 1
1704629690 4
1704629694 0
1704629698 12
1704629702 7
1704629706 3
1704629710 2
1704629714 5
1704629718 4
1704629722 4
1704629726 3
1704629730 6
1704629734 6
1704629738 2
1704629742 2
1704629746 3
1704629750 6
1704629754 1
1704629758 2
1704629762 1
1704629766 1
1704629770 2
1704629774 13
1704629778 1
1704629782 3
1704629786 1
1704629790 0
1704629794 0
1704629798 0
1704629802 3
1704629806 3
1704629810 1
1704629814 0
1704629818 0
1704629822 3
1704629826 1
1704629830 2
1704629834 0
1704629838 0
1704629842 1
1704629846 0
1704629850 3
1704629854 2
1704629858 1
1704629862 0
1704629866 0
1704629870 1
1704629874 0
1704629878 3
1704629882 1
1704629886 2
1704629890 2
1704629894 3
1704629898 2
1704629902 1
1704629906 0
1704629910 3
1704629914 3
1704629918 1
1704629922 1
1704629926 1
1704629930 5
1704629934 2
1704629938 2
1704629942 3
1704629946 2
1704629950 1
1704629954 3
1704629958 1
1704629962 1
1704629966 3
1704629970 2
1704629974 0
1704629978 2
1704629982 2
1704629986 4
1704629990 0
1704629994 0
1704629998 3
1704630002 2
1704630006 2
1704630010 2
1704630014 5
1704630018 1
1704630022 0
1704630026 2
1704630030 2
1704630034 1
1704630038 0
1704630042 1
1704630046 0
1704630050 1
1704630054 1
1704630058 3
1704630062 0
1704630066 0
1704630070 0
1704630074 5
1704630078 1
1704630082 5
1704630086 2
1704630090 0
1704630094 5
1704630098 0
1704630102 0
1704630106 1
1704630110 4



# Sketch: 22
1704629514 5
1704629518 2
1704629522 9
1704629526 1
1704629530 3
1704629534 2
1704629538 0
1704629542 2
1704629546 1
1704629550 1
1704629554 6
1704629558 1
1704629562 0
1704629566 1
1704629570 0
1704629574 2
1704629578 7
1704629582 1
1704629586 5
1704629590 2
1704629594 1
1704629598 2
1704629602 0
1704629606 4
1704629610 1
1704629614 1
1704629618 5
1704629622 3
1704629626 1
1704629630 5
1704629634 0
1704629638 1
1704629642 3
1704629646 5
1704629650 1
1704629654 2
1704629658 1
1704629662 1
1704629666 4
1704629670 2
1704629674 2
1704629678 1
1704629682 0
1704629686 1
1704629690 5
1704629694 2
1704629698 2
1704629702 1
1704629706 0
1704629710 1
1704629714 1
1704629718 0
1704629722 1
1704629726 1
1704629730 3
1704629734 0
1704629738 0
1704629742 0
1704629746 2
1704629750 0
1704629754 4
1704629758 3
1704629762 0
1704629766 0
1704629770 16
1704629774 5
1704629778 4
1704629782 9
1704629786 5
1704629790 0
1704629794 0
1704629798 2
1704629802 2
1704629806 1
1704629810 1
1704629814 3
1704629818 1
1704629822 3
1704629826 1
1704629830 1
1704629834 1
1704629838 1
1704629842 3
1704629846 4
1704629850 6
1704629854 0
1704629858 3
1704629862 4
1704629866 0
1704629870 5
1704629874 2
1704629878 2
1704629882 4
1704629886 2
1704629890 3
1704629894 2
1704629898 3
1704629902 1
1704629906 0
1704629910 2
1704629914 1
1704629918 4
1704629922 0
1704629926 1
1704629930 3
1704629934 8
1704629938 0
1704629942 2
1704629946 0
1704629950 1
1704629954 5
1704629958 0
1704629962 0
1704629966 4
1704629970 0
1704629974 0
1704629978 3
1704629982 1
1704629986 4
1704629990 1
1704629994 1
1704629998 1
1704630002 0
1704630006 1
1704630010 1
1704630014 1
1704630018 2
1704630022 3
1704630026 4
1704630030 1
1704630034 3
1704630038 0
1704630042 2
1704630046 6
1704630050 1
1704630054 2
1704630058 1
1704630062 0
1704630066 0
1704630070 9
1704630074 3
1704630078 0
1704630082 1
1704630086 1
1704630090 4
1704630094 2
1704630098 2
1704630102 1
1704630106 2
1704630110 1



# Sketch: 23
1704629514 0
1704629518 1
1704629522 0
1704629526 1
1704629530 4
1704629534 1
1704629538 1
1704629542 2
1704629546 0
1704629550 2
1704629554 0
1704629558 8
1704629562 0
1704629566 1
1704629570 1
1704629574 2
1704629578 1
1704629582 0
1704629586 1
1704629590 0
1704629594 1
1704629598 2
1704629602 1
1704629606 4
1704629610 0
1704629614 1
1704629618 4
1704629622 9
1704629626 1
1704629630 8
1704629634 1
1704629638 0
1704629642 0
1704629646 5
1704629650 0
1704629654 7
1704629658 0
1704629662 1
1704629666 6
1704629670 3
1704629674 0
1704629678 2
1704629682 0
1704629686 1
1704629690 2
1704629694 1
1704629698 5
1704629702 1
1704629706 1
1704629710 2
1704629714 1
1704629718 1
1704629722 1
1704629726 5
1704629730 2
1704629734 5
1704629738 0
1704629742 1
1704629746 1
1704629750 4
1704629754 0
1704629758 1
1704629762 0
1704629766 2
1704629770 2
1704629774 0
1704629778 0
1704629782 1
1704629786 1
1704629790 0
1704629794 6
1704629798 3
1704629802 8
1704629806 0
1704629810 4
1704629814 3
1704629818 0
1704629822 2
1704629826 0
1704629830 0
1704629834 2
1704629838 4
1704629842 0
1704629846 2
1704629850 3
1704629854 0
1704629858 1
1704629862 0
1704629866 0
1704629870 0
1704629874 5
1704629878 6
1704629882 1
1704629886 2
1704629890 3
1704629894 3
1704629898 2
1704629902 2
1704629906 2
1704629910 4
1704629914 3
1704629918 0
1704629922 0
1704629926 0
1704629930 0
1704629934 0
1704629938 0
1704629942 1
1704629946 1
1704629950 0
1704629954 2
1704629958 0
1704629962 2
1704629966 2
1704629970 1
1704629974 4
1704629978 3
1704629982 2
1704629986 1
1704629990 1
1704629994 1
1704629998 0
1704630002 1
1704630006 3
1704630010 3
1704630014 1
1704630018 0
1704630022 0
1704630026 2
1704630030 2
1704630034 6
1704630038 0
1704630042 1
1704630046 2
1704630050 1
1704630054 5
1704630058 0
1704630062 2
1704630066 0
1704630070 1
1704630074 0
1704630078 0
1704630082 1
1704630086 2
1704630090 4
1704630094 1
1704630098 1
1704630102 1
1704630106 1
1704630110 3



# Sketch: 24
1704629514 26
1704629518 0
1704629522 1
1704629526 0
1704629530 3
1704629534 1
1704629538 6
1704629542 1
1704629546 5
1704629550 4
1704629554 1
1704629558 0
1704629562 0
1704629566 2
1704629570 1
1704629574 1
1704629578 0
1704629582 2
1704629586 0
1704629590 1
1704629594 0
1704629598 0
1704629602 1
1704629606 1
1704629610 3
1704629614 0
1704629618 2
1704629622 1
1704629626 1
1704629630 3
1704629634 7
1704629638 1
1704629642 3
1704629646 6
1704629650 2
1704629654 0
1704629658 0
1704629662 0
1704629666 2
1704629670 5
1704629674 2
1704629678 3
1704629682 1
1704629686 0
1704629690 3
1704629694 0
1704629698 2
1704629702 1
1704629706 0
1704629710 5
1704629714 4
1704629718 4
1704629722 3
1704629726 2
1704629730 3
1704629734 2
1704629738 1
1704629742 2
1704629746 3
1704629750 0
1704629754 0
1704629758 3
1704629762 1
1704629766 2
1704629770 1
1704629774 6
1704629778 0
1704629782 2
1704629786 1
1704629790 1
1704629794 10
1704629798 5
1704629802 5
1704629806 9
1704629810 4
1704629814 1
1704629818 3
1704629822 8
1704629826 3
1704629830 0
1704629834 1
1704629838 0
1704629842 1
1704629846 1
1704629850 0
1704629854 2
1704629858 1
1704629862 1
1704629866 2
1704629870 4
1704629874 1
1704629878 1
1704629882 0
1704629886 0
1704629890 2
1704629894 1
1704629898 0
1704629902 0
1704629906 0
1704629910 2
1704629914 4
1704629918 2
1704629922 1
1704629926 3
1704629930 1
1704629934 6
1704629938 0
1704629942 0
1704629946 1
1704629950 1
1704629954 2
1704629958 1
1704629962 1
1704629966 3
1704629970 1
1704629974 1
1704629978 4
1704629982 3
1704629986 1
1704629990 3
1704629994 1
1704629998 5
1704630002 1
1704630006 0
1704630010 4
1704630014 1
1704630018 2
1704630022 0
1704630026 0
1704630030 4
1704630034 2
1704630038 0
1704630042 1
1704630046 1
1704630050 2
1704630054 3
1704630058 3
1704630062 3
1704630066 1
1704630070 0
1704630074 2
1704630078 2
1704630082 1
1704630086 1
1704630090 2
1704630094 7
1704630098 3
1704630102 1
1704630106 2
1704630110 1



# Sketch: 25
1704629514 3
1704629518 1
1704629522 0
1704629526 3
1704629530 6
1704629534 1
1704629538 5
1704629542 4
1704629546 0
1704629550 3
1704629554 1
1704629558 2
1704629562 0
1704629566 5
1704629570 0
1704629574 0
1704629578 5
1704629582 1
1704629586 0
1704629590 3
1704629594 1
1704629598 0
1704629602 0
1704629606 3
1704629610 2
1704629614 1
1704629618 4
1704629622 3
1704629626 2
1704629630 0
1704629634 5
1704629638 5
1704629642 0
1704629646 5
1704629650 2
1704629654 1
1704629658 0
1704629662 3
1704629666 1
1704629670 3
1704629674 3
1704629678 2
1704629682 0
1704629686 0
1704629690 0
1704629694 1
1704629698 2
1704629702 2
1704629706 0
1704629710 2
1704629714 2
1704629718 2
1704629722 0
1704629726 0
1704629730 0
1704629734 0
1704629738 0
1704629742 1
1704629746 1
1704629750 0
1704629754 0
1704629758 1
1704629762 1
1704629766 3
1704629770 3
1704629774 2
1704629778 1
1704629782 2
1704629786 11
1704629790 3
1704629794 2
1704629798 2
1704629802 0
1704629806 1
1704629810 1
1704629814 0
1704629818 3
1704629822 2
1704629826 0
1704629830 2
1704629834 1
1704629838 2
1704629842 1
1704629846 1
1704629850 0
1704629854 0
1704629858 0
1704629862 0
1704629866 0
1704629870 0
1704629874 0
1704629878 1
1704629882 3
1704629886 1
1704629890 1
1704629894 5
1704629898 3
1704629902 3
1704629906 2
1704629910 3
1704629914 3
1704629918 3
1704629922 1
1704629926 0
1704629930 5
1704629934 1
1704629938 3
1704629942 1
1704629946 0
1704629950 1
1704629954 2
1704629958 4
1704629962 1
1704629966 0
1704629970 3
1704629974 0
1704629978 0
1704629982 1
1704629986 4
1704629990 0
1704629994 2
1704629998 1
1704630002 0
1704630006 4
1704630010 3
1704630014 4
1704630018 3
1704630022 2
1704630026 4
1704630030 2
1704630034 3
1704630038 4
1704630042 4
1704630046 1
1704630050 2
1704630054 7
1704630058 4
1704630062 2
1704630066 1
1704630070 1
1704630074 3
1704630078 1
1704630082 1
1704630086 0
1704630090 2
1704630094 1
1704630098 1
1704630102 0
1704630106 1
1704630110 2



# Sketch: 26
1704629514 1
1704629518 1
1704629522 1
1704629526 3
1704629530 5
1704629534 2
1704629538 13
1704629542 2
1704629546 2
1704629550 3
1704629554 2
1704629558 2
1704629562 1
1704629566 6
1704629570 1
1704629574 0
1704629578 2
1704629582 2
1704629586 0
1704629590 6
1704629594 5
1704629598 2
1704629602 3
1704629606 1
1704629610 2
1704629614 4
1704629618 2
1704629622 4
1704629626 1
1704629630 2
1704629634 0
1704629638 6
1704629642 4
1704629646 2
1704629650 5
1704629654 9
1704629658 3
1704629662 3
1704629666 6
1704629670 3
1704629674 2
1704629678 0
1704629682 2
1704629686 0
1704629690 2
1704629694 3
1704629698 0
1704629702 2
1704629706 4
1704629710 2
1704629714 2
1704629718 4
1704629722 2
1704629726 0
1704629730 3
1704629734 4
1704629738 0
1704629742 6
1704629746 12
1704629750 1
1704629754 0
1704629758 4
1704629762 0
1704629766 4
1704629770 3
1704629774 8
1704629778 10
1704629782 4
1704629786 5
1704629790 3
1704629794 15
1704629798 1
1704629802 1
1704629806 3
1704629810 2
1704629814 2
1704629818 1
1704629822 0
1704629826 0
1704629830 2
1704629834 3
1704629838 2
1704629842 14
1704629846 1
1704629850 1
1704629854 2
1704629858 6
1704629862 0
1704629866 3
1704629870 2
1704629874 5
1704629878 0
1704629882 0
1704629886 5
1704629890 2
1704629894 7
1704629898 4
1704629902 1
1704629906 3
1704629910 3
1704629914 4
1704629918 2
1704629922 1
1704629926 0
1704629930 1
1704629934 2
1704629938 2
1704629942 0
1704629946 1
1704629950 3
1704629954 4
1704629958 0
1704629962 2
1704629966 0
1704629970 1
1704629974 1
1704629978 1
1704629982 3
1704629986 3
1704629990 3
1704629994 2
1704629998 0
1704630002 5
1704630006 6
1704630010 5
1704630014 10
1704630018 6
1704630022 0
1704630026 5
1704630030 4
1704630034 2
1704630038 2
1704630042 6
1704630046 4
1704630050 2
1704630054 8
1704630058 6
1704630062 1
1704630066 2
1704630070 4
1704630074 4
1704630078 1
1704630082 2
1704630086 4
1704630090 3
1704630094 1
1704630098 4
1704630102 1
1704630106 0
1704630110 0



# Sketch: 27
1704629514 5
1704629518 5
1704629522 4
1704629526 4
1704629530 3
1704629534 1
1704629538 0
1704629542 0
1704629546 0
1704629550 2
1704629554 0
1704629558 1
1704629562 0
1704629566 1
1704629570 1
1704629574 1
1704629578 2
1704629582 0
1704629586 1
1704629590 0
1704629594 2
1704629598 5
1704629602 1
1704629606 2
1704629610 1
1704629614 3
1704629618 1
1704629622 5
1704629626 0
1704629630 11
1704629634 0
1704629638 9
1704629642 1
1704629646 3
1704629650 4
1704629654 1
1704629658 0
1704629662 1
1704629666 0
1704629670 0
1704629674 1
1704629678 0
1704629682 0
1704629686 2
1704629690 0
1704629694 1
1704629698 2
1704629702 3
1704629706 1
1704629710 1
1704629714 1
1704629718 0
1704629722 1
1704629726 3
1704629730 1
1704629734 0
1704629738 4
1704629742 2
1704629746 0
1704629750 1
1704629754 0
1704629758 3
1704629762 0
1704629766 4
1704629770 2
1704629774 2
1704629778 1
1704629782 3
1704629786 1
1704629790 0
1704629794 1
1704629798 0
1704629802 0
1704629806 4
1704629810 2
1704629814 0
1704629818 2
1704629822 0
1704629826 1
1704629830 1
1704629834 0
1704629838 2
1704629842 6
1704629846 7
1704629850 1
1704629854 2
1704629858 2
1704629862 1
1704629866 2
1704629870 0
1704629874 5
1704629878 11
1704629882 4
1704629886 2
1704629890 1
1704629894 1
1704629898 1
1704629902 2
1704629906 1
1704629910 0
1704629914 1
1704629918 0
1704629922 1
1704629926 6
1704629930 3
1704629934 4
1704629938 1
1704629942 2
1704629946 1
1704629950 2
1704629954 2
1704629958 0
1704629962 1
1704629966 0
1704629970 2
1704629974 0
1704629978 2
1704629982 1
1704629986 2
1704629990 0
1704629994 1
1704629998 6
1704630002 5
1704630006 0
1704630010 1
1704630014 1
1704630018 0
1704630022 2
1704630026 0
1704630030 1
1704630034 4
1704630038 7
1704630042 1
1704630046 0
1704630050 2
1704630054 2
1704630058 4
1704630062 3
1704630066 0
1704630070 2
1704630074 6
1704630078 3
1704630082 0
1704630086 2
1704630090 2
1704630094 0
1704630098 0
1704630102 1
1704630106 1
1704630110 0



# Sketch: 28
1704629514 1
1704629518 4
1704629522 1
1704629526 2
1704629530 0
1704629534 1
1704629538 2
1704629542 0
1704629546 3
1704629550 1
1704629554 2
1704629558 2
1704629562 2
1704629566 0
1704629570 0
1704629574 2
1704629578 0
1704629582 0
1704629586 1
1704629590 3
1704629594 1
1704629598 0
1704629602 1
1704629606 1
1704629610 1
1704629614 0
1704629618 2
1704629622 3
1704629626 0
1704629630 1
1704629634 0
1704629638 3
1704629642 1
1704629646 2
1704629650 2
1704629654 0
1704629658 2
1704629662 0
1704629666 0
1704629670 2
1704629674 0
1704629678 5
1704629682 0
1704629686 1
1704629690 0
1704629694 2
1704629698 0
1704629702 1
1704629706 0
1704629710 1
1704629714 0
1704629718 3
1704629722 3
1704629726 0
1704629730 1
1704629734 3
1704629738 0
1704629742 1
1704629746 0
1704629750 2
1704629754 0
1704629758 7
1704629762 2
1704629766 3
1704629770 3
1704629774 0
1704629778 5
1704629782 2
1704629786 4
1704629790 2
1704629794 8
1704629798 0
1704629802 3
1704629806 1
1704629810 4
1704629814 1
1704629818 5
1704629822 0
1704629826 2
1704629830 3
1704629834 0
1704629838 2
1704629842 3
1704629846 0
1704629850 0
1704629854 0
1704629858 2
1704629862 1
1704629866 3
1704629870 2
1704629874 1
1704629878 1
1704629882 3
1704629886 1
1704629890 2
1704629894 0
1704629898 2
1704629902 1
1704629906 1
1704629910 0
1704629914 4
1704629918 1
1704629922 3
1704629926 3
1704629930 2
1704629934 0
1704629938 1
1704629942 1
1704629946 6
1704629950 1
1704629954 0
1704629958 1
1704629962 1
1704629966 2
1704629970 0
1704629974 4
1704629978 2
1704629982 0
1704629986 5
1704629990 0
1704629994 0
1704629998 1
1704630002 2
1704630006 0
1704630010 6
1704630014 0
1704630018 3
1704630022 1
1704630026 3
1704630030 3
1704630034 1
1704630038 0
1704630042 2
1704630046 1
1704630050 3
1704630054 4
1704630058 6
1704630062 1
1704630066 0
1704630070 2
1704630074 3
1704630078 1
1704630082 3
1704630086 1
1704630090 1
1704630094 1
1704630098 3
1704630102 1
1704630106 3
1704630110 0



# Sketch: 29
1704629514 0
1704629518 1
1704629522 0
1704629526 0
1704629530 1
1704629534 2
1704629538 2
1704629542 2
1704629546 2
1704629550 1
1704629554 0
1704629558 4
1704629562 3
1704629566 0
1704629570 0
1704629574 3
1704629578 2
1704629582 1
1704629586 0
1704629590 2
1704629594 1
1704629598 0
1704629602 1
1704629606 2
1704629610 3
1704629614 1
1704629618 0
1704629622 0
1704629626 1
1704629630 0
1704629634 3
1704629638 7
1704629642 0
1704629646 4
1704629650 4
1704629654 0
1704629658 1
1704629662 2
1704629666 4
1704629670 2
1704629674 0
1704629678 0
1704629682 2
1704629686 2
1704629690 0
1704629694 3
1704629698 1
1704629702 1
1704629706 0
1704629710 3
1704629714 1
1704629718 1
1704629722 3
1704629726 0
1704629730 0
1704629734 2
1704629738 3
1704629742 6
1704629746 0
1704629750 5
1704629754 6
1704629758 3
1704629762 2
1704629766 2
1704629770 2
1704629774 2
1704629778 1
1704629782 1
1704629786 4
1704629790 2
1704629794 1
1704629798 1
1704629802 1
1704629806 3
1704629810 1
1704629814 2
1704629818 4
1704629822 0
1704629826 0
1704629830 0
1704629834 1
1704629838 3
1704629842 3
1704629846 5
1704629850 0
1704629854 3
1704629858 0
1704629862 2
1704629866 1
1704629870 2
1704629874 0
1704629878 3
1704629882 2
1704629886 1
1704629890 0
1704629894 3
1704629898 4
1704629902 0
1704629906 0
1704629910 6
1704629914 3
1704629918 4
1704629922 2
1704629926 3
1704629930 5
1704629934 3
1704629938 1
1704629942 4
1704629946 3
1704629950 5
1704629954 6
1704629958 2
1704629962 4
1704629966 8
1704629970 2
1704629974 1
1704629978 1
1704629982 2
1704629986 0
1704629990 1
1704629994 1
1704629998 1
1704630002 3
1704630006 0
1704630010 0
1704630014 1
1704630018 6
1704630022 2
1704630026 1
1704630030 3
1704630034 0
1704630038 4
1704630042 5
1704630046 6
1704630050 0
1704630054 3
1704630058 3
1704630062 1
1704630066 0
1704630070 0
1704630074 0
1704630078 3
1704630082 1
1704630086 1
1704630090 1
1704630094 2
1704630098 1
1704630102 1
1704630106 7
1704630110 3



# Sketch: 30
1704629514 1
1704629518 0
1704629522 0
1704629526 0
1704629530 4
1704629534 0
1704629538 3
1704629542 0
1704629546 0
1704629550 5
1704629554 1
1704629558 0
1704629562 4
1704629566 0
1704629570 0
1704629574 0
1704629578 0
1704629582 1
1704629586 2
1704629590 2
1704629594 1
1704629598 1
1704629602 8
1704629606 0
1704629610 5
1704629614 1
1704629618 3
1704629622 4
1704629626 1
1704629630 1
1704629634 4
1704629638 2
1704629642 0
1704629646 1
1704629650 0
1704629654 1
1704629658 0
1704629662 2
1704629666 1
1704629670 2
1704629674 2
1704629678 4
1704629682 0
1704629686 1
1704629690 3
1704629694 0
1704629698 2
1704629702 6
1704629706 3
1704629710 0
1704629714 1
1704629718 1
1704629722 3
1704629726 2
1704629730 1
1704629734 4
1704629738 4
1704629742 2
1704629746 1
1704629750 1
1704629754 0
1704629758 3
1704629762 2
1704629766 0
1704629770 0
1704629774 5
1704629778 1
1704629782 0
1704629786 2
1704629790 1
1704629794 1
1704629798 1
1704629802 1
1704629806 2
1704629810 3
1704629814 1
1704629818 3
1704629822 0
1704629826 1
1704629830 1
1704629834 3
1704629838 0
1704629842 3
1704629846 0
1704629850 1
1704629854 0
1704629858 3
1704629862 2
1704629866 0
1704629870 1
1704629874 0
1704629878 4
1704629882 4
1704629886 0
1704629890 4
1704629894 0
1704629898 0
1704629902 1
1704629906 0
1704629910 0
1704629914 2
1704629918 0
1704629922 0
1704629926 2
1704629930 2
1704629934 2
1704629938 1
1704629942 2
1704629946 0
1704629950 2
1704629954 2
1704629958 2
1704629962 1
1704629966 1
1704629970 0
1704629974 1
1704629978 0
1704629982 2
1704629986 2
1704629990 3
1704629994 7
1704629998 5
1704630002 1
1704630006 0
1704630010 6
1704630014 0
1704630018 2
1704630022 1
1704630026 0
1704630030 0
1704630034 0
1704630038 1
1704630042 9
1704630046 3
1704630050 3
1704630054 1
1704630058 2
1704630062 1
1704630066 1
1704630070 6
1704630074 3
1704630078 0
1704630082 0
1704630086 1
1704630090 1
1704630094 0
1704630098 1
1704630102 3
1704630106 1
1704630110 1



# Sketch: 31
1704629514 0
1704629518 2
1704629522 3
1704629526 15
1704629530 5
1704629534 5
1704629538 0
1704629542 1
1704629546 0
1704629550 5
1704629554 8
1704629558 7
1704629562 2
1704629566 8
1704629570 0
1704629574 1
1704629578 0
1704629582 0
1704629586 3
1704629590 3
1704629594 1
1704629598 1
1704629602 1
1704629606 0
1704629610 2
1704629614 0
1704629618 0
1704629622 6
1704629626 2
1704629630 1
1704629634 1
1704629638 3
1704629642 2
1704629646 7
1704629650 2
1704629654 7
1704629658 2
1704629662 9
1704629666 5
1704629670 2
1704629674 2
1704629678 1
1704629682 1
1704629686 1
1704629690 2
1704629694 0
1704629698 3
1704629702 1
1704629706 4
1704629710 1
1704629714 1
1704629718 2
1704629722 0
1704629726 2
1704629730 4
1704629734 3
1704629738 1
1704629742 2
1704629746 1
1704629750 4
1704629754 1
1704629758 2
1704629762 3
1704629766 13
1704629770 1
1704629774 1
1704629778 2
1704629782 6
1704629786 0
1704629790 1
1704629794 2
1704629798 1
1704629802 0
1704629806 0
1704629810 1
1704629814 1
1704629818 4
1704629822 4
1704629826 1
1704629830 2
1704629834 0
1704629838 2
1704629842 2
1704629846 1
1704629850 1
1704629854 0
1704629858 1
1704629862 4
1704629866 2
1704629870 1
1704629874 0
1704629878 0
1704629882 7
1704629886 15
1704629890 1
1704629894 4
1704629898 4
1704629902 3
1704629906 4
1704629910 3
1704629914 1
1704629918 0
1704629922 0
1704629926 1
1704629930 3
1704629934 3
1704629938 0
1704629942 0
1704629946 0
1704629950 0
1704629954 2
1704629958 1
1704629962 2
1704629966 2
1704629970 1
1704629974 0
1704629978 0
1704629982 3
1704629986 5
1704629990 0
1704629994 0
1704629998 0
1704630002 0
1704630006 2
1704630010 7
1704630014 1
1704630018 2
1704630022 4
1704630026 4
1704630030 4
1704630034 5
1704630038 2
1704630042 3
1704630046 3
1704630050 2
1704630054 3
1704630058 3
1704630062 2
1704630066 3
1704630070 3
1704630074 0
1704630078 3
1704630082 3
1704630086 1
1704630090 2
1704630094 1
1704630098 2
1704630102 2
1704630106 1
1704630110 0

