

# Sketch: 0
0 0.856633
1 0.859941
2 0.834466
3 0.651755
4 0.799278
5 0.913572
6 0.634975
7 0.780035



# Sketch: 1
0 0.793583
1 0.790659
2 0.761274
3 0.862744
4 0.877777
5 0.932881
6 0.810331
7 0.515789



# Sketch: 2
0 0.818683
1 1.00365
2 1.15577
3 1.09012
4 1.204
5 1.3362
6 1.52157
7 0.321371



# Sketch: 3
0 0.343278
1 0.356293
2 0.287543
3 0.261847
4 0.227557
5 0.713339
6 0.594092
7 0.757752



# Sketch: 4
0 0.39917
1 0.492803
2 0.384585
3 0.290526
4 0.176716
5 0.602062
6 0.840315
7 0.528275



# Sketch: 5
0 0.321611
1 0.30196
2 0.274997
3 0.32699
4 0.221557
5 0.371002
6 0.316169
7 0.370726



# Sketch: 6
0 2.06888
1 1.99864
2 1.73075
3 1.22361
4 0.990541
5 0.92189
6 0.303887
7 0.487128



# Sketch: 7
0 0.954093
1 0.969812
2 0.767031
3 0.508392
4 0.367292
5 0.272484
6 0.656776
7 2.07213



# Sketch: 8
0 0.488663
1 0.600681
2 0.669125
3 0.809448
4 1.06561
5 1.12593
6 0.15051
7 0.484831



# Sketch: 9
0 1.30986
1 1.19027
2 1.16746
3 1.01578
4 0.972299
5 0.870223
6 0.677424
7 0.408554



# Sketch: 10
0 1.29324
1 1.16835
2 0.739849
3 0.544284
4 0.350636
5 0.975586
6 0.611155
7 0.235665



# Sketch: 11
0 0.311923
1 0.306861
2 0.29015
3 0.315867
4 0.225874
5 0.307157
6 0.54963
7 0.556437



# Sketch: 12
0 0.159096
1 0.120393
2 0.245019
3 0.338643
4 0.143855
5 0.315081
6 0.351295
7 0.536818



# Sketch: 13
0 0.350064
1 0.330103
2 0.251228
3 0.2719
4 0.401002
5 0.218135
6 0.286389
7 0.573129



# Sketch: 14
0 1.22303
1 1.30188
2 1.85395
3 2.8776
4 3.57264
5 4.06663
6 4.28557
7 4.24654



# Sketch: 15
0 0.968315
1 1.03752
2 0.962985
3 0.82946
4 0.946557
5 0.745855
6 0.506176
7 1.34873



# Sketch: 16
0 0.283227
1 0.390912
2 0.330095
3 0.290936
4 0.212594
5 0.827767
6 2.14542
7 2.04719



# Sketch: 17
0 0.348673
1 0.393501
2 0.370716
3 0.422568
4 1.09547
5 1.82015
6 1.7877
7 0.390568



# Sketch: 18
0 0.219107
1 0.119813
2 0.149274
3 0.311504
4 0.447565
5 0.15012
6 0.571901
7 0.521037



# Sketch: 19
0 1.72115
1 1.59325
2 1.70284
3 1.53514
4 1.27105
5 0.97554
6 0.0515227
7 0.160589



# Sketch: 20
0 0.187745
1 0.189692
2 0.458097
3 0.461297
4 0.468844
5 0.63645
6 0.188172
7 0.427544



# Sketch: 21
0 0.353525
1 0.356471
2 0.354861
3 0.42855
4 0.477439
5 0.449882
6 0.867346
7 0.867861



# Sketch: 22
0 0.278096
1 0.253852
2 0.246933
3 0.283364
4 0.540752
5 0.393144
6 0.367232
7 0.588287



# Sketch: 23
0 0.689587
1 0.743409
2 0.637403
3 0.591244
4 0.353215
5 0.310902
6 1.24967
7 0.410782



# Sketch: 24
0 0.856957
1 0.829111
2 0.699027
3 0.64466
4 0.379198
5 0.692523
6 0.760987
7 0.3417



# Sketch: 25
0 0.493313
1 0.501106
2 0.497951
3 0.42666
4 0.402944
5 0.662724
6 0.634113
7 0.401423



# Sketch: 26
0 0.485948
1 0.576636
2 0.727575
3 1.00541
4 0.543434
5 0.201255
6 0.365714
7 0.403549



# Sketch: 27
0 0.616525
1 0.545327
2 0.610734
3 0.671827
4 0.730402
5 0.68509
6 0.895447
7 0.485602



# Sketch: 28
0 0.666174
1 0.710526
2 0.554201
3 1.30445
4 1.41756
5 1.13942
6 0.417692
7 0.473578



# Sketch: 29
0 0.412408
1 0.507293
2 0.677744
3 0.488308
4 0.891282
5 0.258297
6 0.324803
7 0.495214



# Sketch: 30
0 0.614964
1 0.701776
2 0.643197
3 0.516119
4 0.460941
5 0.652951
6 0.28349
7 2.37471



# Sketch: 31
0 0.206168
1 0.0881483
2 0.186463
3 0.478718
4 0.524984
5 0.514456
6 0.676474
7 0.352892

