

# Sketch: 0
0 1.35215
1 1.44316
2 1.98698
3 3.12924
4 3.57895
5 4.16452
6 4.43537
7 4.80798



# Sketch: 1
0 0.443014
1 0.536784
2 0.519377
3 0.521751
4 0.645193
5 0.31236
6 0.413822
7 1.09542



# Sketch: 2
0 0.144779
1 0.166917
2 0.14701
3 0.267069
4 0.229989
5 0.214603
6 0.492071
7 2.77088



# Sketch: 3
0 0.25568
1 0.25442
2 0.239422
3 0.356552
4 0.400458
5 0.333581
6 0.345453
7 0.559532



# Sketch: 4
0 0.406267
1 0.405331
2 0.384667
3 0.423618
4 0.409717
5 0.426747
6 1.66347
7 0.355272



# Sketch: 5
0 0.339832
1 0.416926
2 0.635403
3 0.345887
4 0.967971
5 0.46405
6 1.59938
7 0.550541



# Sketch: 6
0 1.0503
1 0.980225
2 0.833111
3 0.783114
4 0.925164
5 1.1536
6 1.07722
7 0.547167



# Sketch: 7
0 0.539535
1 0.523741
2 0.415441
3 0.467653
4 0.317468
5 0.367162
6 0.744958
7 0.581086



# Sketch: 8
0 0.559319
1 0.66417
2 0.955623
3 1.77021
4 1.18202
5 2.44346
6 0.426219
7 0.378248



# Sketch: 9
0 1.27851
1 1.14232
2 1.09522
3 1.01936
4 1.07173
5 1.05411
6 0.899867
7 0.53988



# Sketch: 10
0 0.609656
1 0.525285
2 0.392241
3 0.30018
4 0.420242
5 0.529556
6 0.831251
7 0.680199



# Sketch: 11
0 0.531944
1 0.622614
2 0.864843
3 1.5919
4 1.09143
5 0.355131
6 0.581675
7 0.347659



# Sketch: 12
0 0.635248
1 0.507316
2 0.723586
3 0.704941
4 0.424013
5 0.556085
6 0.157825
7 0.469271



# Sketch: 13
0 0.570682
1 0.613608
2 0.564242
3 0.676032
4 0.723541
5 0.567951
6 0.905292
7 0.655802



# Sketch: 14
0 0.115639
1 0.124414
2 0.28979
3 0.425712
4 0.536004
5 0.476912
6 0.885167
7 0.686796



# Sketch: 15
0 0.593845
1 0.705805
2 0.384594
3 0.278454
4 0.393839
5 0.247511
6 0.269377
7 0.324578



# Sketch: 16
0 0.440207
1 0.475437
2 0.473769
3 0.416859
4 0.25651
5 0.240785
6 1.10023
7 0.46331



# Sketch: 17
0 0.582398
1 0.539485
2 0.542205
3 0.407615
4 0.318613
5 0.268746
6 0.26515
7 0.403116



# Sketch: 18
0 0.989952
1 0.929458
2 0.906256
3 0.97035
4 1.00264
5 0.961136
6 0.844591
7 0.518942



# Sketch: 19
0 0.15749
1 0.184202
2 0.226829
3 0.267742
4 0.14094
5 0.956686
6 1.57274
7 0.342051



# Sketch: 20
0 0.476388
1 0.498643
2 0.544916
3 0.453989
4 0.503598
5 0.477203
6 0.21789
7 0.443268



# Sketch: 21
0 0.885841
1 0.933189
2 0.763578
3 0.406067
4 0.222017
5 0.958341
6 1.22641
7 3.21471



# Sketch: 22
0 0.850791
1 0.830854
2 0.569529
3 0.390402
4 0.765843
5 0.623169
6 0.734768
7 0.680078



# Sketch: 23
0 0.999492
1 0.943433
2 0.872898
3 0.722838
4 0.379663
5 0.384513
6 0.739215
7 0.646968



# Sketch: 24
0 0.732114
1 0.617614
2 0.312255
3 0.25208
4 0.513856
5 0.220247
6 0.143169
7 0.310901



# Sketch: 25
0 0.3858
1 0.49246
2 0.613074
3 0.610467
4 1.93272
5 1.6161
6 0.477871
7 1.26844



# Sketch: 26
0 0.196808
1 0.258913
2 0.242119
3 0.574161
4 0.864483
5 1.10266
6 1.11386
7 0.339317



# Sketch: 27
0 0.30886
1 0.28247
2 0.333188
3 0.279157
4 0.383909
5 0.293759
6 0.295128
7 0.277542



# Sketch: 28
0 0.313388
1 0.297097
2 0.2326
3 0.240598
4 0.199402
5 0.198658
6 0.360273
7 0.388246



# Sketch: 29
0 0.400018
1 0.423907
2 0.411818
3 0.290504
4 0.242683
5 0.637659
6 0.717048
7 0.471868



# Sketch: 30
0 0.40576
1 0.426052
2 0.283073
3 0.539443
4 0.240151
5 0.411468
6 0.265555
7 0.341374



# Sketch: 31
0 0.105274
1 0.111538
2 0.256006
3 0.178599
4 0.223656
5 0.73365
6 0.800529
7 0.365406

