

# Sketch: 0
1704629514 20
1704629546 14
1704629578 13
1704629610 19
1704629642 39
1704629674 25
1704629706 47
1704629738 9
1704629770 11
1704629802 32
1704629834 22
1704629866 9
1704629898 13
1704629930 10
1704629962 7
1704629994 23
1704630026 23
1704630058 13
1704630090 10



# Sketch: 1
1704629514 6
1704629546 8
1704629578 7
1704629610 27
1704629642 12
1704629674 7
1704629706 7
1704629738 8
1704629770 13
1704629802 6
1704629834 6
1704629866 14
1704629898 15
1704629930 15
1704629962 14
1704629994 20
1704630026 30
1704630058 15
1704630090 13



# Sketch: 2
1704629514 16
1704629546 20
1704629578 10
1704629610 19
1704629642 15
1704629674 12
1704629706 18
1704629738 20
1704629770 27
1704629802 12
1704629834 16
1704629866 19
1704629898 24
1704629930 14
1704629962 15
1704629994 33
1704630026 20
1704630058 13
1704630090 13



# Sketch: 3
1704629514 37
1704629546 27
1704629578 22
1704629610 26
1704629642 22
1704629674 6
1704629706 5
1704629738 10
1704629770 19
1704629802 16
1704629834 16
1704629866 11
1704629898 24
1704629930 9
1704629962 20
1704629994 7
1704630026 12
1704630058 11
1704630090 29



# Sketch: 4
1704629514 13
1704629546 11
1704629578 25
1704629610 28
1704629642 15
1704629674 11
1704629706 25
1704629738 31
1704629770 35
1704629802 58
1704629834 28
1704629866 15
1704629898 9
1704629930 37
1704629962 32
1704629994 17
1704630026 22
1704630058 22
1704630090 15



# Sketch: 5
1704629514 21
1704629546 9
1704629578 13
1704629610 31
1704629642 17
1704629674 20
1704629706 14
1704629738 6
1704629770 13
1704629802 14
1704629834 6
1704629866 7
1704629898 26
1704629930 15
1704629962 22
1704629994 16
1704630026 13
1704630058 29
1704630090 22



# Sketch: 6
1704629514 37
1704629546 13
1704629578 10
1704629610 30
1704629642 44
1704629674 13
1704629706 19
1704629738 7
1704629770 7
1704629802 31
1704629834 17
1704629866 17
1704629898 16
1704629930 19
1704629962 26
1704629994 14
1704630026 23
1704630058 5
1704630090 7



# Sketch: 7
1704629514 10
1704629546 21
1704629578 15
1704629610 31
1704629642 20
1704629674 14
1704629706 12
1704629738 32
1704629770 23
1704629802 10
1704629834 16
1704629866 15
1704629898 21
1704629930 13
1704629962 26
1704629994 15
1704630026 36
1704630058 11
1704630090 9



# Sketch: 8
1704629514 22
1704629546 19
1704629578 12
1704629610 16
1704629642 35
1704629674 19
1704629706 17
1704629738 24
1704629770 22
1704629802 15
1704629834 10
1704629866 12
1704629898 25
1704629930 17
1704629962 25
1704629994 24
1704630026 19
1704630058 15
1704630090 10



# Sketch: 9
1704629514 9
1704629546 13
1704629578 8
1704629610 20
1704629642 14
1704629674 11
1704629706 17
1704629738 4
1704629770 10
1704629802 8
1704629834 39
1704629866 18
1704629898 20
1704629930 16
1704629962 18
1704629994 8
1704630026 20
1704630058 7
1704630090 16



# Sketch: 10
1704629514 31
1704629546 15
1704629578 31
1704629610 21
1704629642 28
1704629674 13
1704629706 31
1704629738 43
1704629770 21
1704629802 39
1704629834 42
1704629866 23
1704629898 31
1704629930 23
1704629962 14
1704629994 25
1704630026 32
1704630058 22
1704630090 16



# Sketch: 11
1704629514 14
1704629546 15
1704629578 25
1704629610 15
1704629642 13
1704629674 5
1704629706 14
1704629738 9
1704629770 32
1704629802 10
1704629834 13
1704629866 23
1704629898 20
1704629930 23
1704629962 19
1704629994 18
1704630026 15
1704630058 11
1704630090 16



# Sketch: 12
1704629514 13
1704629546 11
1704629578 11
1704629610 21
1704629642 38
1704629674 7
1704629706 24
1704629738 16
1704629770 14
1704629802 21
1704629834 20
1704629866 17
1704629898 24
1704629930 31
1704629962 23
1704629994 15
1704630026 18
1704630058 17
1704630090 4



# Sketch: 13
1704629514 28
1704629546 12
1704629578 11
1704629610 22
1704629642 32
1704629674 10
1704629706 21
1704629738 9
1704629770 18
1704629802 11
1704629834 14
1704629866 19
1704629898 18
1704629930 21
1704629962 23
1704629994 19
1704630026 15
1704630058 7
1704630090 7



# Sketch: 14
1704629514 25
1704629546 8
1704629578 10
1704629610 45
1704629642 23
1704629674 12
1704629706 16
1704629738 9
1704629770 12
1704629802 20
1704629834 14
1704629866 16
1704629898 22
1704629930 21
1704629962 74
1704629994 78
1704630026 123
1704630058 80
1704630090 10



# Sketch: 15
1704629514 11
1704629546 10
1704629578 10
1704629610 9
1704629642 10
1704629674 11
1704629706 10
1704629738 16
1704629770 13
1704629802 6
1704629834 15
1704629866 11
1704629898 21
1704629930 8
1704629962 9
1704629994 12
1704630026 26
1704630058 6
1704630090 1



# Sketch: 16
1704629514 11
1704629546 15
1704629578 15
1704629610 13
1704629642 17
1704629674 16
1704629706 13
1704629738 18
1704629770 8
1704629802 21
1704629834 15
1704629866 25
1704629898 9
1704629930 17
1704629962 20
1704629994 13
1704630026 32
1704630058 20
1704630090 25



# Sketch: 17
1704629514 23
1704629546 15
1704629578 15
1704629610 23
1704629642 17
1704629674 13
1704629706 24
1704629738 11
1704629770 16
1704629802 11
1704629834 17
1704629866 18
1704629898 22
1704629930 8
1704629962 12
1704629994 19
1704630026 14
1704630058 11
1704630090 11



# Sketch: 18
1704629514 12
1704629546 28
1704629578 27
1704629610 27
1704629642 11
1704629674 21
1704629706 30
1704629738 31
1704629770 12
1704629802 16
1704629834 12
1704629866 3
1704629898 17
1704629930 18
1704629962 12
1704629994 22
1704630026 18
1704630058 25
1704630090 14



# Sketch: 19
1704629514 37
1704629546 16
1704629578 18
1704629610 20
1704629642 16
1704629674 17
1704629706 24
1704629738 33
1704629770 36
1704629802 47
1704629834 24
1704629866 21
1704629898 18
1704629930 28
1704629962 29
1704629994 25
1704630026 21
1704630058 27
1704630090 16



# Sketch: 20
1704629514 11
1704629546 16
1704629578 14
1704629610 15
1704629642 26
1704629674 17
1704629706 30
1704629738 18
1704629770 12
1704629802 12
1704629834 19
1704629866 25
1704629898 8
1704629930 20
1704629962 29
1704629994 21
1704630026 21
1704630058 12
1704630090 11



# Sketch: 21
1704629514 17
1704629546 12
1704629578 10
1704629610 9
1704629642 25
1704629674 30
1704629706 33
1704629738 18
1704629770 20
1704629802 13
1704629834 7
1704629866 12
1704629898 12
1704629930 19
1704629962 14
1704629994 15
1704630026 8
1704630058 16
1704630090 10



# Sketch: 22
1704629514 24
1704629546 12
1704629578 22
1704629610 17
1704629642 19
1704629674 14
1704629706 7
1704629738 9
1704629770 41
1704629802 13
1704629834 22
1704629866 20
1704629898 12
1704629930 19
1704629962 13
1704629994 10
1704630026 19
1704630058 15
1704630090 12



# Sketch: 23
1704629514 10
1704629546 14
1704629578 10
1704629610 24
1704629642 22
1704629674 12
1704629706 18
1704629738 9
1704629770 13
1704629802 17
1704629834 12
1704629866 20
1704629898 13
1704629930 4
1704629962 16
1704629994 9
1704630026 19
1704630058 6
1704630090 11



# Sketch: 24
1704629514 38
1704629546 14
1704629578 5
1704629610 18
1704629642 18
1704629674 12
1704629706 23
1704629738 12
1704629770 26
1704629802 33
1704629834 7
1704629866 11
1704629898 12
1704629930 12
1704629962 17
1704629994 14
1704630026 13
1704630058 13
1704630090 16



# Sketch: 25
1704629514 23
1704629546 11
1704629578 13
1704629610 22
1704629642 15
1704629674 10
1704629706 6
1704629738 7
1704629770 26
1704629802 9
1704629834 5
1704629866 11
1704629898 18
1704629930 17
1704629962 9
1704629994 19
1704630026 27
1704630058 13
1704630090 7



# Sketch: 26
1704629514 28
1704629546 17
1704629578 21
1704629610 21
1704629642 35
1704629674 11
1704629706 21
1704629738 27
1704629770 49
1704629802 11
1704629834 29
1704629866 24
1704629898 18
1704629930 13
1704629962 14
1704629994 34
1704630026 33
1704630058 24
1704630090 9



# Sketch: 27
1704629514 22
1704629546 6
1704629578 13
1704629610 30
1704629642 10
1704629674 9
1704629706 8
1704629738 14
1704629770 10
1704629802 10
1704629834 21
1704629866 26
1704629898 12
1704629930 15
1704629962 8
1704629994 16
1704630026 17
1704630058 20
1704630090 4



# Sketch: 28
1704629514 11
1704629546 12
1704629578 7
1704629610 10
1704629642 9
1704629674 9
1704629706 11
1704629738 15
1704629770 24
1704629802 19
1704629834 8
1704629866 13
1704629898 15
1704629930 12
1704629962 14
1704629994 13
1704630026 17
1704630058 17
1704630090 9



# Sketch: 29
1704629514 8
1704629546 13
1704629578 9
1704629610 15
1704629642 17
1704629674 9
1704629706 10
1704629738 27
1704629770 14
1704629802 11
1704629834 17
1704629866 12
1704629898 22
1704629930 29
1704629962 19
1704629994 14
1704630026 22
1704630058 9
1704630090 15



# Sketch: 30
1704629514 8
1704629546 10
1704629578 15
1704629610 21
1704629642 7
1704629674 18
1704629706 15
1704629738 13
1704629770 11
1704629802 12
1704629834 12
1704629866 13
1704629898 5
1704629930 13
1704629962 10
1704629994 22
1704630026 17
1704630058 14
1704630090 7



# Sketch: 31
1704629514 31
1704629546 31
1704629578 9
1704629610 15
1704629642 36
1704629674 11
1704629706 17
1704629738 27
1704629770 14
1704629802 13
1704629834 11
1704629866 30
1704629898 16
1704629930 9
1704629962 13
1704629994 16
1704630026 26
1704630058 18
1704630090 8

