

# Sketch: 0
1704629514 20
1704629546 25
1704629578 13
1704629610 25
1704629642 25
1704629674 24
1704629706 47
1704629738 6
1704629770 26
1704629802 10
1704629834 13
1704629866 9
1704629898 19
1704629930 18
1704629962 15
1704629994 25
1704630026 22
1704630058 12
1704630090 22



# Sketch: 1
1704629514 20
1704629546 16
1704629578 8
1704629610 25
1704629642 30
1704629674 19
1704629706 12
1704629738 11
1704629770 21
1704629802 20
1704629834 35
1704629866 8
1704629898 27
1704629930 10
1704629962 9
1704629994 19
1704630026 21
1704630058 11
1704630090 17



# Sketch: 2
1704629514 32
1704629546 18
1704629578 28
1704629610 20
1704629642 27
1704629674 16
1704629706 40
1704629738 29
1704629770 56
1704629802 37
1704629834 26
1704629866 17
1704629898 12
1704629930 22
1704629962 21
1704629994 27
1704630026 13
1704630058 21
1704630090 15



# Sketch: 3
1704629514 17
1704629546 18
1704629578 21
1704629610 19
1704629642 16
1704629674 15
1704629706 12
1704629738 10
1704629770 19
1704629802 8
1704629834 15
1704629866 10
1704629898 7
1704629930 15
1704629962 10
1704629994 12
1704630026 33
1704630058 8
1704630090 10



# Sketch: 4
1704629514 21
1704629546 19
1704629578 16
1704629610 12
1704629642 16
1704629674 9
1704629706 19
1704629738 16
1704629770 9
1704629802 21
1704629834 13
1704629866 14
1704629898 19
1704629930 37
1704629962 13
1704629994 14
1704630026 12
1704630058 18
1704630090 2



# Sketch: 5
1704629514 15
1704629546 9
1704629578 15
1704629610 22
1704629642 14
1704629674 10
1704629706 10
1704629738 7
1704629770 34
1704629802 7
1704629834 21
1704629866 10
1704629898 29
1704629930 19
1704629962 14
1704629994 15
1704630026 19
1704630058 10
1704630090 4



# Sketch: 6
1704629514 51
1704629546 15
1704629578 17
1704629610 36
1704629642 32
1704629674 17
1704629706 31
1704629738 28
1704629770 16
1704629802 9
1704629834 6
1704629866 13
1704629898 36
1704629930 24
1704629962 34
1704629994 19
1704630026 17
1704630058 19
1704630090 11



# Sketch: 7
1704629514 18
1704629546 18
1704629578 9
1704629610 13
1704629642 24
1704629674 26
1704629706 7
1704629738 8
1704629770 20
1704629802 11
1704629834 17
1704629866 18
1704629898 20
1704629930 21
1704629962 11
1704629994 12
1704630026 22
1704630058 19
1704630090 21



# Sketch: 8
1704629514 16
1704629546 5
1704629578 13
1704629610 8
1704629642 28
1704629674 12
1704629706 8
1704629738 18
1704629770 14
1704629802 14
1704629834 11
1704629866 23
1704629898 13
1704629930 20
1704629962 10
1704629994 16
1704630026 22
1704630058 13
1704630090 7



# Sketch: 9
1704629514 42
1704629546 13
1704629578 10
1704629610 15
1704629642 19
1704629674 8
1704629706 21
1704629738 28
1704629770 19
1704629802 20
1704629834 21
1704629866 22
1704629898 25
1704629930 9
1704629962 11
1704629994 11
1704630026 25
1704630058 7
1704630090 7



# Sketch: 10
1704629514 17
1704629546 14
1704629578 13
1704629610 17
1704629642 6
1704629674 7
1704629706 21
1704629738 19
1704629770 13
1704629802 14
1704629834 24
1704629866 13
1704629898 7
1704629930 10
1704629962 13
1704629994 15
1704630026 23
1704630058 25
1704630090 22



# Sketch: 11
1704629514 25
1704629546 12
1704629578 11
1704629610 15
1704629642 15
1704629674 8
1704629706 21
1704629738 7
1704629770 21
1704629802 25
1704629834 10
1704629866 15
1704629898 12
1704629930 11
1704629962 26
1704629994 17
1704630026 26
1704630058 14
1704630090 9



# Sketch: 12
1704629514 19
1704629546 32
1704629578 16
1704629610 25
1704629642 21
1704629674 12
1704629706 32
1704629738 42
1704629770 41
1704629802 50
1704629834 23
1704629866 21
1704629898 20
1704629930 19
1704629962 24
1704629994 17
1704630026 17
1704630058 32
1704630090 25



# Sketch: 13
1704629514 30
1704629546 13
1704629578 44
1704629610 48
1704629642 22
1704629674 16
1704629706 27
1704629738 43
1704629770 27
1704629802 42
1704629834 27
1704629866 34
1704629898 13
1704629930 25
1704629962 28
1704629994 21
1704630026 8
1704630058 23
1704630090 13



# Sketch: 14
1704629514 9
1704629546 18
1704629578 11
1704629610 24
1704629642 23
1704629674 9
1704629706 11
1704629738 9
1704629770 19
1704629802 21
1704629834 15
1704629866 10
1704629898 25
1704629930 7
1704629962 27
1704629994 20
1704630026 16
1704630058 29
1704630090 8



# Sketch: 15
1704629514 9
1704629546 8
1704629578 7
1704629610 29
1704629642 16
1704629674 14
1704629706 24
1704629738 15
1704629770 9
1704629802 21
1704629834 12
1704629866 15
1704629898 13
1704629930 24
1704629962 10
1704629994 18
1704630026 14
1704630058 12
1704630090 9



# Sketch: 16
1704629514 14
1704629546 15
1704629578 18
1704629610 37
1704629642 21
1704629674 11
1704629706 26
1704629738 28
1704629770 40
1704629802 13
1704629834 19
1704629866 16
1704629898 15
1704629930 9
1704629962 39
1704629994 21
1704630026 38
1704630058 12
1704630090 9



# Sketch: 17
1704629514 12
1704629546 16
1704629578 6
1704629610 15
1704629642 17
1704629674 23
1704629706 14
1704629738 12
1704629770 4
1704629802 18
1704629834 15
1704629866 10
1704629898 9
1704629930 18
1704629962 17
1704629994 20
1704630026 18
1704630058 9
1704630090 10



# Sketch: 18
1704629514 13
1704629546 11
1704629578 21
1704629610 18
1704629642 27
1704629674 19
1704629706 17
1704629738 19
1704629770 13
1704629802 21
1704629834 16
1704629866 9
1704629898 18
1704629930 10
1704629962 19
1704629994 17
1704630026 27
1704630058 17
1704630090 10



# Sketch: 19
1704629514 21
1704629546 6
1704629578 15
1704629610 19
1704629642 13
1704629674 10
1704629706 16
1704629738 12
1704629770 16
1704629802 14
1704629834 13
1704629866 21
1704629898 12
1704629930 10
1704629962 8
1704629994 12
1704630026 13
1704630058 18
1704630090 12



# Sketch: 20
1704629514 9
1704629546 20
1704629578 11
1704629610 20
1704629642 54
1704629674 7
1704629706 14
1704629738 7
1704629770 20
1704629802 19
1704629834 20
1704629866 9
1704629898 22
1704629930 15
1704629962 24
1704629994 23
1704630026 24
1704630058 6
1704630090 5



# Sketch: 21
1704629514 18
1704629546 18
1704629578 19
1704629610 30
1704629642 18
1704629674 13
1704629706 22
1704629738 16
1704629770 31
1704629802 5
1704629834 24
1704629866 25
1704629898 16
1704629930 23
1704629962 14
1704629994 17
1704630026 25
1704630058 18
1704630090 17



# Sketch: 22
1704629514 19
1704629546 21
1704629578 4
1704629610 16
1704629642 11
1704629674 10
1704629706 15
1704629738 17
1704629770 14
1704629802 21
1704629834 21
1704629866 17
1704629898 27
1704629930 20
1704629962 70
1704629994 76
1704630026 123
1704630058 83
1704630090 13



# Sketch: 23
1704629514 35
1704629546 19
1704629578 23
1704629610 27
1704629642 20
1704629674 14
1704629706 14
1704629738 9
1704629770 13
1704629802 12
1704629834 19
1704629866 28
1704629898 23
1704629930 38
1704629962 32
1704629994 29
1704630026 17
1704630058 17
1704630090 20



# Sketch: 24
1704629514 28
1704629546 10
1704629578 7
1704629610 20
1704629642 13
1704629674 10
1704629706 4
1704629738 24
1704629770 17
1704629802 9
1704629834 13
1704629866 7
1704629898 20
1704629930 16
1704629962 12
1704629994 13
1704630026 24
1704630058 19
1704630090 15



# Sketch: 25
1704629514 18
1704629546 17
1704629578 14
1704629610 14
1704629642 24
1704629674 22
1704629706 9
1704629738 7
1704629770 21
1704629802 26
1704629834 9
1704629866 32
1704629898 19
1704629930 20
1704629962 18
1704629994 20
1704630026 16
1704630058 10
1704630090 10



# Sketch: 26
1704629514 6
1704629546 5
1704629578 3
1704629610 19
1704629642 31
1704629674 16
1704629706 12
1704629738 6
1704629770 5
1704629802 14
1704629834 9
1704629866 3
1704629898 5
1704629930 4
1704629962 4
1704629994 16
1704630026 10
1704630058 7
1704630090 8



# Sketch: 27
1704629514 15
1704629546 15
1704629578 10
1704629610 31
1704629642 13
1704629674 7
1704629706 15
1704629738 30
1704629770 12
1704629802 27
1704629834 9
1704629866 13
1704629898 10
1704629930 14
1704629962 18
1704629994 14
1704630026 33
1704630058 21
1704630090 12



# Sketch: 28
1704629514 21
1704629546 11
1704629578 12
1704629610 8
1704629642 18
1704629674 8
1704629706 14
1704629738 30
1704629770 15
1704629802 7
1704629834 16
1704629866 24
1704629898 15
1704629930 13
1704629962 21
1704629994 31
1704630026 28
1704630058 7
1704630090 11



# Sketch: 29
1704629514 17
1704629546 12
1704629578 11
1704629610 24
1704629642 28
1704629674 7
1704629706 20
1704629738 6
1704629770 12
1704629802 13
1704629834 18
1704629866 22
1704629898 30
1704629930 21
1704629962 25
1704629994 13
1704630026 29
1704630058 8
1704630090 15



# Sketch: 30
1704629514 7
1704629546 6
1704629578 12
1704629610 5
1704629642 18
1704629674 9
1704629706 10
1704629738 12
1704629770 11
1704629802 15
1704629834 14
1704629866 21
1704629898 9
1704629930 9
1704629962 12
1704629994 13
1704630026 17
1704630058 11
1704630090 10



# Sketch: 31
1704629514 13
1704629546 13
1704629578 18
1704629610 24
1704629642 17
1704629674 17
1704629706 22
1704629738 11
1704629770 14
1704629802 13
1704629834 8
1704629866 21
1704629898 11
1704629930 14
1704629962 7
1704629994 13
1704630026 19
1704630058 8
1704630090 4

