

# Sketch: 0
1704630114 30
1704630178 20
1704630242 58
1704630306 29
1704630370 32
1704630434 47
1704630498 25
1704630562 38
1704630626 24
1704630690 12



# Sketch: 1
1704630114 16
1704630178 25
1704630242 40
1704630306 31
1704630370 34
1704630434 58
1704630498 44
1704630562 38
1704630626 28
1704630690 7



# Sketch: 2
1704630114 24
1704630178 28
1704630242 26
1704630306 43
1704630370 26
1704630434 27
1704630498 27
1704630562 41
1704630626 29
1704630690 11



# Sketch: 3
1704630114 22
1704630178 18
1704630242 18
1704630306 28
1704630370 44
1704630434 38
1704630498 45
1704630562 35
1704630626 34
1704630690 9



# Sketch: 4
1704630114 36
1704630178 31
1704630242 40
1704630306 36
1704630370 26
1704630434 41
1704630498 40
1704630562 41
1704630626 23
1704630690 11



# Sketch: 5
1704630114 35
1704630178 41
1704630242 48
1704630306 27
1704630370 34
1704630434 24
1704630498 37
1704630562 22
1704630626 23
1704630690 10



# Sketch: 6
1704630114 33
1704630178 11
1704630242 36
1704630306 11
1704630370 27
1704630434 18
1704630498 26
1704630562 19
1704630626 23
1704630690 5



# Sketch: 7
1704630114 39
1704630178 41
1704630242 43
1704630306 26
1704630370 41
1704630434 27
1704630498 41
1704630562 37
1704630626 34
1704630690 6



# Sketch: 8
1704630114 47
1704630178 31
1704630242 34
1704630306 33
1704630370 39
1704630434 13
1704630498 36
1704630562 31
1704630626 63
1704630690 6



# Sketch: 9
1704630114 47
1704630178 28
1704630242 30
1704630306 36
1704630370 19
1704630434 48
1704630498 47
1704630562 26
1704630626 38
1704630690 15



# Sketch: 10
1704630114 37
1704630178 34
1704630242 23
1704630306 46
1704630370 35
1704630434 34
1704630498 37
1704630562 38
1704630626 45
1704630690 27



# Sketch: 11
1704630114 29
1704630178 25
1704630242 32
1704630306 41
1704630370 24
1704630434 30
1704630498 48
1704630562 25
1704630626 21
1704630690 6



# Sketch: 12
1704630114 34
1704630178 27
1704630242 47
1704630306 39
1704630370 41
1704630434 35
1704630498 30
1704630562 44
1704630626 22
1704630690 16



# Sketch: 13
1704630114 52
1704630178 20
1704630242 30
1704630306 44
1704630370 36
1704630434 24
1704630498 36
1704630562 23
1704630626 35
1704630690 15



# Sketch: 14
1704630114 33
1704630178 33
1704630242 29
1704630306 28
1704630370 35
1704630434 32
1704630498 28
1704630562 47
1704630626 17
1704630690 23



# Sketch: 15
1704630114 44
1704630178 37
1704630242 45
1704630306 29
1704630370 30
1704630434 36
1704630498 32
1704630562 50
1704630626 33
1704630690 4



# Sketch: 16
1704630114 18
1704630178 29
1704630242 40
1704630306 21
1704630370 29
1704630434 20
1704630498 24
1704630562 58
1704630626 17
1704630690 12



# Sketch: 17
1704630114 35
1704630178 36
1704630242 48
1704630306 30
1704630370 29
1704630434 22
1704630498 28
1704630562 41
1704630626 22
1704630690 30



# Sketch: 18
1704630114 19
1704630178 36
1704630242 24
1704630306 31
1704630370 27
1704630434 61
1704630498 21
1704630562 50
1704630626 27
1704630690 20



# Sketch: 19
1704630114 74
1704630178 36
1704630242 31
1704630306 48
1704630370 25
1704630434 24
1704630498 45
1704630562 34
1704630626 24
1704630690 26



# Sketch: 20
1704630114 18
1704630178 22
1704630242 26
1704630306 44
1704630370 38
1704630434 12
1704630498 23
1704630562 35
1704630626 17
1704630690 3



# Sketch: 21
1704630114 60
1704630178 20
1704630242 47
1704630306 35
1704630370 39
1704630434 44
1704630498 56
1704630562 59
1704630626 51
1704630690 9



# Sketch: 22
1704630114 52
1704630178 27
1704630242 50
1704630306 44
1704630370 29
1704630434 52
1704630498 52
1704630562 57
1704630626 39
1704630690 15



# Sketch: 23
1704630114 21
1704630178 39
1704630242 31
1704630306 38
1704630370 21
1704630434 30
1704630498 28
1704630562 28
1704630626 32
1704630690 17



# Sketch: 24
1704630114 31
1704630178 42
1704630242 17
1704630306 40
1704630370 35
1704630434 45
1704630498 27
1704630562 49
1704630626 30
1704630690 11



# Sketch: 25
1704630114 32
1704630178 25
1704630242 42
1704630306 27
1704630370 43
1704630434 30
1704630498 39
1704630562 40
1704630626 47
1704630690 9



# Sketch: 26
1704630114 37
1704630178 38
1704630242 51
1704630306 26
1704630370 20
1704630434 21
1704630498 48
1704630562 44
1704630626 31
1704630690 10



# Sketch: 27
1704630114 40
1704630178 28
1704630242 43
1704630306 26
1704630370 20
1704630434 43
1704630498 41
1704630562 50
1704630626 34
1704630690 24



# Sketch: 28
1704630114 30
1704630178 43
1704630242 39
1704630306 29
1704630370 34
1704630434 33
1704630498 36
1704630562 43
1704630626 26
1704630690 3



# Sketch: 29
1704630114 36
1704630178 27
1704630242 34
1704630306 33
1704630370 34
1704630434 37
1704630498 29
1704630562 31
1704630626 26
1704630690 8



# Sketch: 30
1704630114 34
1704630178 38
1704630242 46
1704630306 24
1704630370 33
1704630434 43
1704630498 49
1704630562 45
1704630626 37
1704630690 15



# Sketch: 31
1704630114 23
1704630178 32
1704630242 23
1704630306 43
1704630370 40
1704630434 37
1704630498 43
1704630562 40
1704630626 38
1704630690 17

