

# Sketch: 0
0 0.787222
1 0.832364
2 0.644327
3 1.24242
4 1.02816
5 0.897093
6 0.7587
7 1.79368



# Sketch: 1
0 1.04393
1 1.16526
2 0.855333
3 0.830238
4 0.358534
5 0.188821
6 0.24355
7 0.503199



# Sketch: 2
0 0.49328
1 0.832317
2 0.873739
3 0.844397
4 0.606895
5 0.707711
6 0.367157
7 0.468661



# Sketch: 3
0 0.666137
1 0.751995
2 0.659147
3 0.579973
4 0.625421
5 0.518035
6 0.673053
7 0.526693



# Sketch: 4
0 0.605204
1 0.589774
2 0.492931
3 0.493059
4 0.42276
5 0.375903
6 0.466563
7 0.429116



# Sketch: 5
0 0.82252
1 0.786411
2 0.681813
3 0.669834
4 0.655333
5 0.671422
6 0.461064
7 0.464236



# Sketch: 6
0 1.37108
1 1.24755
2 0.949754
3 0.862873
4 0.577459
5 0.652486
6 0.809831
7 0.697093



# Sketch: 7
0 0.478294
1 0.583745
2 0.463713
3 0.404242
4 0.693505
5 0.53978
6 0.479131
7 0.484221



# Sketch: 8
0 0.789234
1 0.59573
2 0.655895
3 0.469694
4 0.376232
5 0.353529
6 0.39246
7 0.499573



# Sketch: 9
0 1.70913
1 1.37646
2 1.00245
3 0.988791
4 0.559486
5 0.621891
6 1.22997
7 1.5718



# Sketch: 10
0 0.588421
1 0.494448
2 0.547885
3 0.360882
4 0.311851
5 0.61121
6 0.424957
7 1.64917



# Sketch: 11
0 0.849536
1 0.541064
2 0.360351
3 0.351099
4 0.394006
5 0.321298
6 0.437522
7 0.487148



# Sketch: 12
0 0.738804
1 0.700284
2 0.671748
3 0.640921
4 0.569074
5 0.451529
6 0.561534
7 0.66828



# Sketch: 13
0 1.32066
1 1.85152
2 1.50362
3 0.982263
4 0.406986
5 0.0765645
6 0.322613
7 1.3045



# Sketch: 14
0 1.35127
1 1.25927
2 1.4111
3 1.16469
4 0.702776
5 0.414297
6 1.10968
7 1.56984



# Sketch: 15
0 0.710382
1 0.695053
2 0.609307
3 0.418288
4 0.223344
5 0.657777
6 0.29763
7 0.413767



# Sketch: 16
0 0.529036
1 0.397615
2 0.225696
3 0.246138
4 0.819848
5 0.448549
6 0.293969
7 0.434359



# Sketch: 17
0 1.02976
1 0.828705
2 0.784479
3 0.719243
4 1.09436
5 1.00411
6 0.863442
7 0.674828



# Sketch: 18
0 0.758873
1 0.860798
2 0.592116
3 0.633243
4 0.285842
5 0.984523
6 1.39377
7 0.466996



# Sketch: 19
0 0.23027
1 0.2049
2 0.376043
3 0.289781
4 0.497521
5 0.416097
6 0.27197
7 0.404087



# Sketch: 20
0 1.3453
1 1.12974
2 0.934933
3 0.831471
4 0.369118
5 0.213529
6 0.681168
7 1.55471



# Sketch: 21
0 0.579171
1 0.551135
2 0.448751
3 0.45113
4 0.440518
5 0.548953
6 0.400946
7 0.458197



# Sketch: 22
0 0.415302
1 0.487047
2 0.269884
3 0.27791
4 0.0521353
5 0.318231
6 0.143751
7 0.35564



# Sketch: 23
0 0.931159
1 0.937977
2 0.779298
3 0.780944
4 0.6738
5 0.560997
6 1.2388
7 0.688356



# Sketch: 24
0 0.830324
1 0.613987
2 0.368511
3 0.176037
4 0.339608
5 0.453881
6 0.49049
7 0.57047



# Sketch: 25
0 0.530672
1 0.489307
2 0.821754
3 0.784779
4 0.707317
5 0.944117
6 0.714472
7 0.593386



# Sketch: 26
0 0.64678
1 0.635323
2 0.52653
3 0.574631
4 0.569075
5 0.377252
6 0.523814
7 0.547546



# Sketch: 27
0 0.751739
1 0.73263
2 0.590176
3 0.537164
4 0.423452
5 0.420319
6 0.562552
7 0.668378



# Sketch: 28
0 1.46825
1 1.20076
2 0.956908
3 0.750869
4 0.560771
5 0.702932
6 0.375279
7 0.581921



# Sketch: 29
0 0.506381
1 0.544646
2 0.607636
3 0.829921
4 0.377116
5 0.364279
6 0.384231
7 0.531832



# Sketch: 30
0 1.75544
1 1.68692
2 0.730494
3 0.754819
4 0.214769
5 0.17725
6 0.364768
7 1.94347



# Sketch: 31
0 0.854662
1 0.792139
2 0.68926
3 0.661576
4 0.47645
5 0.689199
6 0.594091
7 0.674538

