

# Sketch: 0
1704630114 18
1704630146 11
1704630178 14
1704630210 8
1704630242 17
1704630274 11
1704630306 7
1704630338 25
1704630370 29
1704630402 12
1704630434 15
1704630466 24
1704630498 14
1704630530 16
1704630562 16
1704630594 12
1704630626 17
1704630658 20
1704630690 33



# Sketch: 1
1704630114 53
1704630146 9
1704630178 24
1704630210 7
1704630242 23
1704630274 12
1704630306 11
1704630338 20
1704630370 26
1704630402 3
1704630434 9
1704630466 5
1704630498 14
1704630530 37
1704630562 28
1704630594 24
1704630626 13
1704630658 9
1704630690 13



# Sketch: 2
1704630114 28
1704630146 18
1704630178 24
1704630210 18
1704630242 45
1704630274 23
1704630306 40
1704630338 14
1704630370 20
1704630402 13
1704630434 16
1704630466 11
1704630498 13
1704630530 23
1704630562 20
1704630594 21
1704630626 20
1704630658 17
1704630690 12



# Sketch: 3
1704630114 35
1704630146 12
1704630178 13
1704630210 8
1704630242 33
1704630274 17
1704630306 15
1704630338 16
1704630370 23
1704630402 9
1704630434 17
1704630466 15
1704630498 25
1704630530 22
1704630562 14
1704630594 22
1704630626 24
1704630658 15
1704630690 6



# Sketch: 4
1704630114 10
1704630146 11
1704630178 15
1704630210 11
1704630242 26
1704630274 17
1704630306 7
1704630338 7
1704630370 25
1704630402 26
1704630434 15
1704630466 24
1704630498 14
1704630530 20
1704630562 8
1704630594 13
1704630626 32
1704630658 32
1704630690 4



# Sketch: 5
1704630114 17
1704630146 4
1704630178 10
1704630210 16
1704630242 18
1704630274 12
1704630306 16
1704630338 27
1704630370 5
1704630402 6
1704630434 15
1704630466 3
1704630498 28
1704630530 22
1704630562 20
1704630594 9
1704630626 14
1704630658 21
1704630690 27



# Sketch: 6
1704630114 15
1704630146 24
1704630178 11
1704630210 17
1704630242 3
1704630274 6
1704630306 13
1704630338 14
1704630370 7
1704630402 20
1704630434 14
1704630466 12
1704630498 6
1704630530 12
1704630562 12
1704630594 8
1704630626 14
1704630658 6
1704630690 15



# Sketch: 7
1704630114 12
1704630146 13
1704630178 10
1704630210 16
1704630242 19
1704630274 9
1704630306 11
1704630338 29
1704630370 14
1704630402 11
1704630434 8
1704630466 17
1704630498 26
1704630530 8
1704630562 33
1704630594 25
1704630626 11
1704630658 13
1704630690 10



# Sketch: 8
1704630114 15
1704630146 11
1704630178 8
1704630210 14
1704630242 14
1704630274 14
1704630306 12
1704630338 5
1704630370 17
1704630402 13
1704630434 10
1704630466 21
1704630498 24
1704630530 15
1704630562 13
1704630594 12
1704630626 11
1704630658 5
1704630690 8



# Sketch: 9
1704630114 9
1704630146 9
1704630178 18
1704630210 9
1704630242 14
1704630274 22
1704630306 11
1704630338 13
1704630370 16
1704630402 13
1704630434 13
1704630466 14
1704630498 7
1704630530 10
1704630562 25
1704630594 11
1704630626 20
1704630658 12
1704630690 25



# Sketch: 10
1704630114 16
1704630146 22
1704630178 18
1704630210 14
1704630242 20
1704630274 14
1704630306 7
1704630338 13
1704630370 13
1704630402 7
1704630434 10
1704630466 16
1704630498 8
1704630530 14
1704630562 5
1704630594 12
1704630626 26
1704630658 15
1704630690 19



# Sketch: 11
1704630114 9
1704630146 8
1704630178 19
1704630210 10
1704630242 25
1704630274 11
1704630306 21
1704630338 22
1704630370 27
1704630402 7
1704630434 7
1704630466 37
1704630498 20
1704630530 28
1704630562 16
1704630594 19
1704630626 17
1704630658 7
1704630690 8



# Sketch: 12
1704630114 12
1704630146 6
1704630178 14
1704630210 13
1704630242 30
1704630274 15
1704630306 17
1704630338 15
1704630370 15
1704630402 7
1704630434 12
1704630466 12
1704630498 15
1704630530 6
1704630562 27
1704630594 20
1704630626 19
1704630658 10
1704630690 7



# Sketch: 13
1704630114 21
1704630146 7
1704630178 19
1704630210 16
1704630242 9
1704630274 9
1704630306 8
1704630338 6
1704630370 8
1704630402 16
1704630434 9
1704630466 22
1704630498 15
1704630530 14
1704630562 15
1704630594 16
1704630626 9
1704630658 23
1704630690 17



# Sketch: 14
1704630114 39
1704630146 26
1704630178 7
1704630210 10
1704630242 35
1704630274 13
1704630306 6
1704630338 19
1704630370 26
1704630402 9
1704630434 23
1704630466 15
1704630498 24
1704630530 26
1704630562 19
1704630594 36
1704630626 18
1704630658 33
1704630690 11



# Sketch: 15
1704630114 11
1704630146 30
1704630178 8
1704630210 12
1704630242 30
1704630274 6
1704630306 25
1704630338 12
1704630370 20
1704630402 23
1704630434 15
1704630466 23
1704630498 11
1704630530 11
1704630562 20
1704630594 26
1704630626 13
1704630658 12
1704630690 10



# Sketch: 16
1704630114 16
1704630146 14
1704630178 18
1704630210 16
1704630242 17
1704630274 8
1704630306 11
1704630338 20
1704630370 17
1704630402 16
1704630434 18
1704630466 27
1704630498 39
1704630530 17
1704630562 26
1704630594 24
1704630626 12
1704630658 7
1704630690 8



# Sketch: 17
1704630114 16
1704630146 11
1704630178 22
1704630210 40
1704630242 33
1704630274 14
1704630306 23
1704630338 9
1704630370 25
1704630402 7
1704630434 33
1704630466 19
1704630498 42
1704630530 31
1704630562 38
1704630594 24
1704630626 23
1704630658 8
1704630690 7



# Sketch: 18
1704630114 21
1704630146 26
1704630178 6
1704630210 21
1704630242 28
1704630274 14
1704630306 18
1704630338 28
1704630370 41
1704630402 19
1704630434 14
1704630466 26
1704630498 44
1704630530 14
1704630562 35
1704630594 26
1704630626 30
1704630658 15
1704630690 10



# Sketch: 19
1704630114 31
1704630146 14
1704630178 19
1704630210 43
1704630242 24
1704630274 20
1704630306 36
1704630338 29
1704630370 21
1704630402 25
1704630434 28
1704630466 14
1704630498 34
1704630530 22
1704630562 28
1704630594 25
1704630626 8
1704630658 29
1704630690 17



# Sketch: 20
1704630114 26
1704630146 7
1704630178 5
1704630210 7
1704630242 15
1704630274 16
1704630306 6
1704630338 11
1704630370 21
1704630402 9
1704630434 7
1704630466 13
1704630498 18
1704630530 12
1704630562 6
1704630594 17
1704630626 13
1704630658 9
1704630690 4



# Sketch: 21
1704630114 17
1704630146 16
1704630178 19
1704630210 21
1704630242 17
1704630274 19
1704630306 29
1704630338 15
1704630370 18
1704630402 31
1704630434 26
1704630466 13
1704630498 11
1704630530 18
1704630562 27
1704630594 22
1704630626 21
1704630658 24
1704630690 10



# Sketch: 22
1704630114 6
1704630146 18
1704630178 14
1704630210 10
1704630242 6
1704630274 14
1704630306 17
1704630338 10
1704630370 10
1704630402 18
1704630434 23
1704630466 8
1704630498 19
1704630530 11
1704630562 17
1704630594 6
1704630626 9
1704630658 7
1704630690 22



# Sketch: 23
1704630114 31
1704630146 23
1704630178 7
1704630210 16
1704630242 27
1704630274 13
1704630306 7
1704630338 36
1704630370 23
1704630402 13
1704630434 15
1704630466 8
1704630498 14
1704630530 6
1704630562 17
1704630594 10
1704630626 17
1704630658 8
1704630690 9



# Sketch: 24
1704630114 19
1704630146 27
1704630178 16
1704630210 17
1704630242 10
1704630274 15
1704630306 31
1704630338 9
1704630370 6
1704630402 11
1704630434 13
1704630466 12
1704630498 16
1704630530 19
1704630562 18
1704630594 28
1704630626 6
1704630658 15
1704630690 10



# Sketch: 25
1704630114 18
1704630146 21
1704630178 10
1704630210 20
1704630242 30
1704630274 15
1704630306 20
1704630338 21
1704630370 15
1704630402 17
1704630434 5
1704630466 34
1704630498 19
1704630530 18
1704630562 23
1704630594 14
1704630626 19
1704630658 34
1704630690 11



# Sketch: 26
1704630114 20
1704630146 15
1704630178 11
1704630210 12
1704630242 30
1704630274 21
1704630306 9
1704630338 15
1704630370 10
1704630402 9
1704630434 17
1704630466 17
1704630498 19
1704630530 14
1704630562 17
1704630594 9
1704630626 21
1704630658 9
1704630690 8



# Sketch: 27
1704630114 14
1704630146 29
1704630178 17
1704630210 25
1704630242 6
1704630274 23
1704630306 37
1704630338 16
1704630370 9
1704630402 16
1704630434 25
1704630466 10
1704630498 6
1704630530 23
1704630562 22
1704630594 21
1704630626 10
1704630658 14
1704630690 23



# Sketch: 28
1704630114 20
1704630146 4
1704630178 19
1704630210 26
1704630242 20
1704630274 19
1704630306 13
1704630338 17
1704630370 8
1704630402 17
1704630434 4
1704630466 36
1704630498 12
1704630530 10
1704630562 7
1704630594 13
1704630626 14
1704630658 14
1704630690 13



# Sketch: 29
1704630114 19
1704630146 17
1704630178 20
1704630210 24
1704630242 24
1704630274 24
1704630306 20
1704630338 26
1704630370 14
1704630402 10
1704630434 43
1704630466 12
1704630498 21
1704630530 21
1704630562 17
1704630594 30
1704630626 13
1704630658 15
1704630690 6



# Sketch: 30
1704630114 19
1704630146 16
1704630178 13
1704630210 11
1704630242 16
1704630274 26
1704630306 17
1704630338 13
1704630370 18
1704630402 23
1704630434 26
1704630466 10
1704630498 18
1704630530 33
1704630562 25
1704630594 30
1704630626 17
1704630658 6
1704630690 15



# Sketch: 31
1704630114 12
1704630146 14
1704630178 6
1704630210 6
1704630242 19
1704630274 16
1704630306 7
1704630338 6
1704630370 26
1704630402 10
1704630434 22
1704630466 29
1704630498 9
1704630530 10
1704630562 42
1704630594 18
1704630626 5
1704630658 10
1704630690 14

