

# Sketch: 0
1704630714 85
1704630842 71
1704630970 95
1704631098 78
1704631226 49



# Sketch: 1
1704630714 93
1704630842 77
1704630970 54
1704631098 58
1704631226 29



# Sketch: 2
1704630714 50
1704630842 55
1704630970 41
1704631098 34
1704631226 33



# Sketch: 3
1704630714 73
1704630842 68
1704630970 45
1704631098 52
1704631226 27



# Sketch: 4
1704630714 70
1704630842 63
1704630970 82
1704631098 52
1704631226 59



# Sketch: 5
1704630714 65
1704630842 84
1704630970 44
1704631098 56
1704631226 35



# Sketch: 6
1704630714 46
1704630842 61
1704630970 53
1704631098 63
1704631226 33



# Sketch: 7
1704630714 69
1704630842 80
1704630970 59
1704631098 81
1704631226 66



# Sketch: 8
1704630714 60
1704630842 67
1704630970 38
1704631098 69
1704631226 36



# Sketch: 9
1704630714 78
1704630842 50
1704630970 51
1704631098 97
1704631226 22



# Sketch: 10
1704630714 80
1704630842 90
1704630970 83
1704631098 62
1704631226 41



# Sketch: 11
1704630714 77
1704630842 56
1704630970 60
1704631098 45
1704631226 33



# Sketch: 12
1704630714 95
1704630842 76
1704630970 61
1704631098 96
1704631226 45



# Sketch: 13
1704630714 47
1704630842 55
1704630970 50
1704631098 82
1704631226 40



# Sketch: 14
1704630714 109
1704630842 79
1704630970 43
1704631098 53
1704631226 59



# Sketch: 15
1704630714 72
1704630842 71
1704630970 53
1704631098 59
1704631226 61



# Sketch: 16
1704630714 107
1704630842 52
1704630970 74
1704631098 105
1704631226 29



# Sketch: 17
1704630714 50
1704630842 49
1704630970 55
1704631098 52
1704631226 45



# Sketch: 18
1704630714 88
1704630842 104
1704630970 97
1704631098 101
1704631226 48



# Sketch: 19
1704630714 72
1704630842 86
1704630970 70
1704631098 62
1704631226 64



# Sketch: 20
1704630714 108
1704630842 97
1704630970 66
1704631098 57
1704631226 26



# Sketch: 21
1704630714 88
1704630842 68
1704630970 135
1704631098 65
1704631226 66



# Sketch: 22
1704630714 81
1704630842 63
1704630970 62
1704631098 29
1704631226 34



# Sketch: 23
1704630714 94
1704630842 81
1704630970 74
1704631098 59
1704631226 39



# Sketch: 24
1704630714 65
1704630842 74
1704630970 70
1704631098 57
1704631226 52



# Sketch: 25
1704630714 72
1704630842 112
1704630970 54
1704631098 78
1704631226 65



# Sketch: 26
1704630714 69
1704630842 96
1704630970 68
1704631098 59
1704631226 36



# Sketch: 27
1704630714 104
1704630842 111
1704630970 81
1704631098 78
1704631226 59



# Sketch: 28
1704630714 82
1704630842 59
1704630970 46
1704631098 53
1704631226 30



# Sketch: 29
1704630714 70
1704630842 62
1704630970 36
1704631098 49
1704631226 32



# Sketch: 30
1704630714 76
1704630842 88
1704630970 62
1704631098 75
1704631226 65



# Sketch: 31
1704630714 67
1704630842 87
1704630970 79
1704631098 52
1704631226 40

