

# Sketch: 0
0 1.02437
1 0.795738
2 0.534696
3 0.332585
4 0.104448
5 0.172156
6 0.190923
7 0.449287



# Sketch: 1
0 0.623273
1 0.49917
2 0.50045
3 0.539542
4 0.243026
5 0.282964
6 0.38496
7 0.358919



# Sketch: 2
0 0.892555
1 0.66831
2 0.17742
3 0.037499
4 0.054377
5 0.433159
6 1.31907
7 0.702774



# Sketch: 3
0 1.05618
1 0.910044
2 0.908608
3 0.515756
4 0.58612
5 0.412043
6 0.792173
7 0.400539



# Sketch: 4
0 0.321603
1 0.347267
2 0.282411
3 0.413966
4 0.510929
5 0.641719
6 0.38637
7 0.600093



# Sketch: 5
0 0.677379
1 0.759179
2 0.731975
3 0.512493
4 0.821675
5 0.311485
6 0.380589
7 0.276801



# Sketch: 6
0 0.367261
1 0.303123
2 0.378834
3 0.442586
4 0.440656
5 0.122258
6 0.98628
7 0.407225



# Sketch: 7
0 0.86799
1 0.902221
2 0.972879
3 1.39686
4 1.10984
5 0.549027
6 0.511545
7 0.213042



# Sketch: 8
0 0.346237
1 0.359292
2 0.285997
3 0.171718
4 0.389832
5 0.315614
6 0.280481
7 0.472934



# Sketch: 9
0 0.23803
1 0.298155
2 0.605864
3 0.520506
4 1.04752
5 1.29772
6 0.698503
7 0.79908



# Sketch: 10
0 0.600569
1 0.74266
2 0.950206
3 0.795507
4 0.947592
5 0.861883
6 0.463898
7 0.461561



# Sketch: 11
0 0.576916
1 0.427636
2 0.0915326
3 0.277205
4 0.654859
5 0.999907
6 1.22321
7 2.2356



# Sketch: 12
0 1.27521
1 1.06184
2 0.908688
3 0.709514
4 0.708373
5 0.253934
6 0.265556
7 0.722756



# Sketch: 13
0 0.713484
1 1.12277
2 1.19816
3 1.71966
4 2.67296
5 2.4345
6 2.30235
7 2.6105



# Sketch: 14
0 0.384007
1 0.527628
2 0.200851
3 0.179247
4 0.187297
5 0.214137
6 0.352494
7 0.332893



# Sketch: 15
0 0.300539
1 0.511745
2 0.218274
3 0.282155
4 0.0828366
5 0.287764
6 0.22524
7 0.356943



# Sketch: 16
0 2.23281
1 2.08009
2 1.8933
3 1.69638
4 0.980459
5 1.18466
6 1.55632
7 2.20112



# Sketch: 17
0 0.523959
1 0.365107
2 0.140264
3 0.18401
4 0.237938
5 0.283492
6 2.17498
7 4.69944



# Sketch: 18
0 0.257033
1 0.234918
2 0.238955
3 0.468702
4 0.409979
5 0.371388
6 0.529606
7 0.333239



# Sketch: 19
0 0.680058
1 0.763282
2 0.598043
3 0.638482
4 0.734094
5 0.544078
6 0.511773
7 0.874114



# Sketch: 20
0 0.282578
1 0.28095
2 0.290487
3 0.25047
4 0.563057
5 1.63778
6 0.448042
7 0.696351



# Sketch: 21
0 0.641277
1 0.573294
2 0.506855
3 0.56999
4 0.347312
5 0.166638
6 0.293957
7 0.25523



# Sketch: 22
0 0.705714
1 0.664628
2 0.826232
3 0.910806
4 0.952947
5 0.851571
6 0.63265
7 0.406616



# Sketch: 23
0 0.504968
1 0.636063
2 0.983864
3 0.31351
4 0.098867
5 0.12572
6 0.314217
7 0.508359



# Sketch: 24
0 0.432121
1 0.367487
2 0.504134
3 0.363878
4 0.359882
5 0.321263
6 0.42834
7 0.474344



# Sketch: 25
0 0.396108
1 0.365635
2 0.207307
3 0.25581
4 0.117862
5 0.126987
6 0.225551
7 0.20761



# Sketch: 26
0 0.662557
1 0.51725
2 0.458179
3 0.535009
4 0.448337
5 0.197303
6 0.339528
7 0.358783



# Sketch: 27
0 0.0989201
1 0.105787
2 0.043167
3 0.134209
4 0.233454
5 0.616371
6 0.203553
7 0.47499



# Sketch: 28
0 0.215091
1 0.353178
2 0.200669
3 0.213476
4 0.467596
5 0.503335
6 0.472642
7 0.616133



# Sketch: 29
0 0.260958
1 0.291387
2 0.34598
3 0.538286
4 0.438247
5 0.383338
6 0.616024
7 0.476501



# Sketch: 30
0 0.33604
1 0.393153
2 0.306096
3 0.374645
4 0.261273
5 0.39296
6 0.541583
7 0.690146



# Sketch: 31
0 1.03226
1 1.06959
2 1.00664
3 0.888201
4 0.543435
5 0.679269
6 0.680023
7 0.791441

