

# Sketch: 0
0 0.035533
1 0.443711
2 0.63336
3 0.995406
4 0.905312
5 1.10245
6 1.27923
7 0.91096



# Sketch: 1
0 2.33364
1 2.29362
2 1.71728
3 1.42977
4 0.635516
5 1.06178
6 1.47893
7 0.135657



# Sketch: 2
0 0.0547015
1 0.64958
2 0.688615
3 1.08874
4 2.28354
5 2.25416
6 1.13203
7 0.596106



# Sketch: 3
0 0.407987
1 0.439804
2 0.391141
3 0.385028
4 0.330173
5 0.439715
6 0.441263
7 0.553458



# Sketch: 4
0 0.275119
1 0.370636
2 0.436477
3 0.175708
4 0.162231
5 0.20942
6 0.728187
7 1.23341



# Sketch: 5
0 0.975473
1 0.997606
2 0.894841
3 0.89255
4 0.874899
5 0.803453
6 0.76803
7 0.598696



# Sketch: 6
0 0.605706
1 0.662157
2 0.51819
3 0.469633
4 0.424865
5 0.518111
6 0.916824
7 1.35841



# Sketch: 7
0 0.638461
1 0.613674
2 0.515244
3 0.38138
4 0.458929
5 0.447735
6 0.435289
7 0.377777



# Sketch: 8
0 0.518759
1 0.497005
2 0.451921
3 0.45458
4 0.383618
5 0.505414
6 0.562899
7 0.764985



# Sketch: 9
0 0.353377
1 0.0711251
2 0.0541074
3 0.328546
4 0.124315
5 0.157848
6 0.396557
7 0.440701



# Sketch: 10
0 1.54906
1 1.62823
2 1.76912
3 1.0288
4 0.717201
5 0.453224
6 0.382574
7 0.383796



# Sketch: 11
0 0.834992
1 0.83454
2 0.694432
3 0.70452
4 0.554219
5 0.617636
6 0.70055
7 0.634073



# Sketch: 12
0 1.01241
1 1.01262
2 0.940606
3 0.886152
4 0.698716
5 0.793747
6 0.750757
7 0.68711



# Sketch: 13
0 0.323142
1 0.245515
2 0.302871
3 0.528186
4 0.592841
5 0.397129
6 0.365393
7 0.477528



# Sketch: 14
0 0.798457
1 0.621371
2 0.620754
3 1.05806
4 0.484778
5 0.0317744
6 0.172876
7 0.31074



# Sketch: 15
0 1.90395
1 1.94411
2 1.27532
3 1.20325
4 1.16074
5 0.70638
6 1.18286
7 1.10879



# Sketch: 16
0 0.309112
1 0.299897
2 0.296819
3 0.23931
4 0.159603
5 0.232847
6 0.318668
7 0.35211



# Sketch: 17
0 1.56001
1 1.43643
2 1.12597
3 0.882494
4 0.756916
5 0.749338
6 0.675923
7 1.50656



# Sketch: 18
0 0.978412
1 0.910105
2 0.861973
3 0.784617
4 0.559841
5 0.699175
6 0.71659
7 0.630059



# Sketch: 19
0 0.345869
1 0.418897
2 0.294949
3 0.288753
4 0.442032
5 0.36245
6 0.359618
7 0.592523



# Sketch: 20
0 0.660558
1 0.708402
2 0.772223
3 0.72084
4 0.770177
5 0.701681
6 0.545111
7 0.632458



# Sketch: 21
0 0.408083
1 0.44012
2 0.255393
3 0.635568
4 1.26434
5 0.358806
6 0.500916
7 0.50765



# Sketch: 22
0 0.647237
1 0.832842
2 0.804998
3 0.494791
4 0.282842
5 0.452212
6 0.332705
7 1.04388



# Sketch: 23
0 0.272183
1 0.267505
2 0.272637
3 0.498277
4 0.463689
5 0.324268
6 0.314289
7 0.504641



# Sketch: 24
0 0.613523
1 0.564705
2 0.540915
3 0.490822
4 0.417352
5 1.12565
6 1.20348
7 0.991932



# Sketch: 25
0 0.453242
1 0.340967
2 0.268082
3 0.419798
4 0.401022
5 0.273534
6 0.288496
7 0.437551



# Sketch: 26
0 1.18088
1 1.36711
2 1.50328
3 1.16707
4 0.738839
5 0.538033
6 0.244056
7 0.351566



# Sketch: 27
0 0.547024
1 0.484436
2 0.487987
3 0.556719
4 0.591853
5 0.127526
6 0.18304
7 0.300773



# Sketch: 28
0 0.177092
1 0.180177
2 0.562858
3 0.645802
4 0.641739
5 0.626707
6 0.401698
7 0.390068



# Sketch: 29
0 0.835886
1 0.942276
2 0.865667
3 0.605608
4 0.876097
5 1.04748
6 1.84456
7 1.28222



# Sketch: 30
0 0.6825
1 0.695992
2 0.662388
3 0.691989
4 0.527407
5 2.11106
6 1.22908
7 2.53456



# Sketch: 31
0 0.639888
1 0.604574
2 0.582446
3 0.633601
4 0.623972
5 0.535946
6 0.51499
7 0.542158

