

# Sketch: 0
1704630714 54
1704630778 27
1704630842 57
1704630906 22
1704630970 31
1704631034 37
1704631098 33
1704631162 30
1704631226 30
1704631290 20



# Sketch: 1
1704630714 31
1704630778 58
1704630842 28
1704630906 35
1704630970 29
1704631034 30
1704631098 24
1704631162 31
1704631226 18
1704631290 9



# Sketch: 2
1704630714 48
1704630778 26
1704630842 34
1704630906 33
1704630970 24
1704631034 20
1704631098 29
1704631162 31
1704631226 31
1704631290 15



# Sketch: 3
1704630714 45
1704630778 36
1704630842 24
1704630906 47
1704630970 33
1704631034 33
1704631098 37
1704631162 21
1704631226 42
1704631290 11



# Sketch: 4
1704630714 31
1704630778 46
1704630842 30
1704630906 28
1704630970 37
1704631034 28
1704631098 21
1704631162 19
1704631226 13
1704631290 13



# Sketch: 5
1704630714 63
1704630778 35
1704630842 44
1704630906 22
1704630970 42
1704631034 40
1704631098 30
1704631162 28
1704631226 30
1704631290 13



# Sketch: 6
1704630714 28
1704630778 40
1704630842 24
1704630906 37
1704630970 43
1704631034 33
1704631098 21
1704631162 44
1704631226 32
1704631290 4



# Sketch: 7
1704630714 37
1704630778 45
1704630842 41
1704630906 52
1704630970 42
1704631034 37
1704631098 37
1704631162 23
1704631226 38
1704631290 15



# Sketch: 8
1704630714 21
1704630778 28
1704630842 32
1704630906 44
1704630970 20
1704631034 20
1704631098 16
1704631162 42
1704631226 29
1704631290 7



# Sketch: 9
1704630714 35
1704630778 36
1704630842 34
1704630906 32
1704630970 29
1704631034 32
1704631098 37
1704631162 35
1704631226 35
1704631290 10



# Sketch: 10
1704630714 46
1704630778 83
1704630842 45
1704630906 39
1704630970 29
1704631034 32
1704631098 36
1704631162 25
1704631226 33
1704631290 34



# Sketch: 11
1704630714 35
1704630778 66
1704630842 40
1704630906 41
1704630970 27
1704631034 16
1704631098 33
1704631162 20
1704631226 22
1704631290 8



# Sketch: 12
1704630714 42
1704630778 55
1704630842 52
1704630906 50
1704630970 28
1704631034 30
1704631098 17
1704631162 44
1704631226 21
1704631290 13



# Sketch: 13
1704630714 34
1704630778 56
1704630842 62
1704630906 113
1704630970 39
1704631034 48
1704631098 68
1704631162 47
1704631226 67
1704631290 20



# Sketch: 14
1704630714 37
1704630778 27
1704630842 57
1704630906 37
1704630970 52
1704631034 23
1704631098 42
1704631162 38
1704631226 29
1704631290 8



# Sketch: 15
1704630714 43
1704630778 62
1704630842 35
1704630906 28
1704630970 29
1704631034 26
1704631098 42
1704631162 37
1704631226 28
1704631290 7



# Sketch: 16
1704630714 29
1704630778 17
1704630842 31
1704630906 20
1704630970 88
1704631034 20
1704631098 26
1704631162 57
1704631226 21
1704631290 11



# Sketch: 17
1704630714 25
1704630778 21
1704630842 47
1704630906 26
1704630970 35
1704631034 28
1704631098 38
1704631162 31
1704631226 16
1704631290 8



# Sketch: 18
1704630714 33
1704630778 26
1704630842 25
1704630906 22
1704630970 24
1704631034 25
1704631098 21
1704631162 26
1704631226 26
1704631290 23



# Sketch: 19
1704630714 51
1704630778 49
1704630842 19
1704630906 22
1704630970 20
1704631034 27
1704631098 23
1704631162 27
1704631226 29
1704631290 8



# Sketch: 20
1704630714 24
1704630778 29
1704630842 40
1704630906 26
1704630970 30
1704631034 14
1704631098 35
1704631162 28
1704631226 32
1704631290 21



# Sketch: 21
1704630714 43
1704630778 40
1704630842 43
1704630906 27
1704630970 45
1704631034 24
1704631098 25
1704631162 37
1704631226 43
1704631290 11



# Sketch: 22
1704630714 39
1704630778 32
1704630842 39
1704630906 27
1704630970 30
1704631034 36
1704631098 17
1704631162 27
1704631226 19
1704631290 17



# Sketch: 23
1704630714 45
1704630778 34
1704630842 47
1704630906 28
1704630970 43
1704631034 30
1704631098 31
1704631162 48
1704631226 31
1704631290 20



# Sketch: 24
1704630714 36
1704630778 36
1704630842 55
1704630906 31
1704630970 33
1704631034 40
1704631098 35
1704631162 39
1704631226 25
1704631290 13



# Sketch: 25
1704630714 31
1704630778 35
1704630842 40
1704630906 33
1704630970 14
1704631034 22
1704631098 28
1704631162 33
1704631226 30
1704631290 10



# Sketch: 26
1704630714 26
1704630778 24
1704630842 32
1704630906 23
1704630970 36
1704631034 19
1704631098 13
1704631162 23
1704631226 33
1704631290 25



# Sketch: 27
1704630714 37
1704630778 38
1704630842 31
1704630906 20
1704630970 32
1704631034 37
1704631098 23
1704631162 35
1704631226 19
1704631290 7



# Sketch: 28
1704630714 40
1704630778 19
1704630842 43
1704630906 32
1704630970 29
1704631034 16
1704631098 35
1704631162 38
1704631226 38
1704631290 11



# Sketch: 29
1704630714 52
1704630778 28
1704630842 41
1704630906 35
1704630970 35
1704631034 35
1704631098 15
1704631162 58
1704631226 28
1704631290 12



# Sketch: 30
1704630714 17
1704630778 68
1704630842 48
1704630906 58
1704630970 45
1704631034 48
1704631098 36
1704631162 54
1704631226 41
1704631290 13



# Sketch: 31
1704630714 34
1704630778 48
1704630842 50
1704630906 32
1704630970 34
1704631034 28
1704631098 21
1704631162 47
1704631226 44
1704631290 8

