

# Sketch: 0
1704630714 38
1704630746 11
1704630778 29
1704630810 12
1704630842 18
1704630874 19
1704630906 14
1704630938 10
1704630970 20
1704631002 16
1704631034 14
1704631066 14
1704631098 20
1704631130 23
1704631162 6
1704631194 14
1704631226 11
1704631258 19
1704631290 17



# Sketch: 1
1704630714 18
1704630746 15
1704630778 19
1704630810 29
1704630842 49
1704630874 18
1704630906 15
1704630938 17
1704630970 12
1704631002 9
1704631034 12
1704631066 22
1704631098 4
1704631130 11
1704631162 28
1704631194 20
1704631226 11
1704631258 20
1704631290 9



# Sketch: 2
1704630714 20
1704630746 12
1704630778 14
1704630810 31
1704630842 10
1704630874 3
1704630906 18
1704630938 29
1704630970 23
1704631002 14
1704631034 17
1704631066 23
1704631098 12
1704631130 12
1704631162 8
1704631194 12
1704631226 12
1704631258 17
1704631290 12



# Sketch: 3
1704630714 12
1704630746 23
1704630778 16
1704630810 11
1704630842 21
1704630874 18
1704630906 20
1704630938 16
1704630970 28
1704631002 14
1704631034 30
1704631066 7
1704631098 18
1704631130 15
1704631162 8
1704631194 14
1704631226 18
1704631258 32
1704631290 9



# Sketch: 4
1704630714 18
1704630746 25
1704630778 11
1704630810 20
1704630842 42
1704630874 15
1704630906 31
1704630938 21
1704630970 23
1704631002 13
1704631034 16
1704631066 16
1704631098 16
1704631130 13
1704631162 15
1704631194 29
1704631226 6
1704631258 19
1704631290 11



# Sketch: 5
1704630714 42
1704630746 12
1704630778 18
1704630810 18
1704630842 14
1704630874 8
1704630906 8
1704630938 12
1704630970 11
1704631002 16
1704631034 20
1704631066 22
1704631098 13
1704631130 11
1704631162 9
1704631194 23
1704631226 11
1704631258 10
1704631290 7



# Sketch: 6
1704630714 7
1704630746 15
1704630778 23
1704630810 15
1704630842 7
1704630874 8
1704630906 30
1704630938 10
1704630970 12
1704631002 4
1704631034 14
1704631066 8
1704631098 9
1704631130 5
1704631162 9
1704631194 11
1704631226 10
1704631258 19
1704631290 8



# Sketch: 7
1704630714 19
1704630746 12
1704630778 12
1704630810 7
1704630842 18
1704630874 15
1704630906 16
1704630938 14
1704630970 19
1704631002 8
1704631034 6
1704631066 17
1704631098 17
1704631130 15
1704631162 15
1704631194 12
1704631226 13
1704631258 16
1704631290 8



# Sketch: 8
1704630714 12
1704630746 11
1704630778 9
1704630810 11
1704630842 9
1704630874 10
1704630906 16
1704630938 12
1704630970 16
1704631002 6
1704631034 15
1704631066 12
1704631098 18
1704631130 5
1704631162 20
1704631194 11
1704631226 7
1704631258 4
1704631290 5



# Sketch: 9
1704630714 20
1704630746 22
1704630778 10
1704630810 13
1704630842 26
1704630874 4
1704630906 15
1704630938 13
1704630970 27
1704631002 33
1704631034 13
1704631066 24
1704631098 21
1704631130 9
1704631162 20
1704631194 24
1704631226 14
1704631258 8
1704631290 6



# Sketch: 10
1704630714 19
1704630746 10
1704630778 38
1704630810 12
1704630842 20
1704630874 26
1704630906 29
1704630938 21
1704630970 29
1704631002 19
1704631034 24
1704631066 15
1704631098 28
1704631130 16
1704631162 34
1704631194 25
1704631226 9
1704631258 35
1704631290 26



# Sketch: 11
1704630714 20
1704630746 14
1704630778 27
1704630810 11
1704630842 17
1704630874 23
1704630906 13
1704630938 24
1704630970 13
1704631002 11
1704631034 17
1704631066 6
1704631098 20
1704631130 7
1704631162 15
1704631194 22
1704631226 15
1704631258 15
1704631290 9



# Sketch: 12
1704630714 18
1704630746 24
1704630778 21
1704630810 18
1704630842 26
1704630874 28
1704630906 10
1704630938 11
1704630970 56
1704631002 23
1704631034 15
1704631066 13
1704631098 18
1704631130 8
1704631162 12
1704631194 28
1704631226 17
1704631258 15
1704631290 38



# Sketch: 13
1704630714 14
1704630746 15
1704630778 19
1704630810 13
1704630842 26
1704630874 20
1704630906 13
1704630938 6
1704630970 27
1704631002 8
1704631034 7
1704631066 13
1704631098 18
1704631130 17
1704631162 4
1704631194 22
1704631226 19
1704631258 12
1704631290 16



# Sketch: 14
1704630714 27
1704630746 26
1704630778 18
1704630810 23
1704630842 20
1704630874 18
1704630906 21
1704630938 18
1704630970 15
1704631002 6
1704631034 11
1704631066 17
1704631098 10
1704631130 16
1704631162 13
1704631194 23
1704631226 6
1704631258 21
1704631290 12



# Sketch: 15
1704630714 23
1704630746 8
1704630778 56
1704630810 18
1704630842 23
1704630874 24
1704630906 13
1704630938 6
1704630970 25
1704631002 12
1704631034 31
1704631066 7
1704631098 7
1704631130 2
1704631162 16
1704631194 27
1704631226 12
1704631258 2
1704631290 15



# Sketch: 16
1704630714 29
1704630746 10
1704630778 33
1704630810 30
1704630842 14
1704630874 18
1704630906 16
1704630938 10
1704630970 13
1704631002 10
1704631034 6
1704631066 13
1704631098 12
1704631130 13
1704631162 16
1704631194 17
1704631226 12
1704631258 14
1704631290 17



# Sketch: 17
1704630714 19
1704630746 10
1704630778 11
1704630810 9
1704630842 29
1704630874 25
1704630906 18
1704630938 16
1704630970 24
1704631002 7
1704631034 9
1704631066 26
1704631098 20
1704631130 14
1704631162 20
1704631194 17
1704631226 9
1704631258 8
1704631290 8



# Sketch: 18
1704630714 23
1704630746 12
1704630778 17
1704630810 15
1704630842 23
1704630874 19
1704630906 31
1704630938 16
1704630970 35
1704631002 13
1704631034 15
1704631066 21
1704631098 25
1704631130 13
1704631162 31
1704631194 21
1704631226 12
1704631258 16
1704631290 18



# Sketch: 19
1704630714 18
1704630746 23
1704630778 47
1704630810 9
1704630842 22
1704630874 12
1704630906 18
1704630938 7
1704630970 17
1704631002 13
1704631034 10
1704631066 12
1704631098 10
1704631130 27
1704631162 20
1704631194 20
1704631226 6
1704631258 31
1704631290 15



# Sketch: 20
1704630714 32
1704630746 10
1704630778 15
1704630810 11
1704630842 29
1704630874 22
1704630906 18
1704630938 13
1704630970 25
1704631002 20
1704631034 14
1704631066 11
1704631098 18
1704631130 22
1704631162 24
1704631194 22
1704631226 11
1704631258 16
1704631290 25



# Sketch: 21
1704630714 38
1704630746 29
1704630778 21
1704630810 21
1704630842 15
1704630874 19
1704630906 12
1704630938 18
1704630970 10
1704631002 18
1704631034 9
1704631066 11
1704631098 7
1704631130 26
1704631162 16
1704631194 29
1704631226 7
1704631258 12
1704631290 11



# Sketch: 22
1704630714 20
1704630746 13
1704630778 20
1704630810 22
1704630842 6
1704630874 19
1704630906 26
1704630938 11
1704630970 8
1704631002 18
1704631034 7
1704631066 12
1704631098 14
1704631130 20
1704631162 10
1704631194 18
1704631226 17
1704631258 6
1704631290 9



# Sketch: 23
1704630714 18
1704630746 13
1704630778 40
1704630810 24
1704630842 23
1704630874 35
1704630906 41
1704630938 25
1704630970 20
1704631002 31
1704631034 28
1704631066 9
1704631098 24
1704631130 28
1704631162 28
1704631194 23
1704631226 25
1704631258 19
1704631290 18



# Sketch: 24
1704630714 17
1704630746 28
1704630778 10
1704630810 31
1704630842 30
1704630874 21
1704630906 26
1704630938 47
1704630970 15
1704631002 19
1704631034 21
1704631066 8
1704631098 26
1704631130 12
1704631162 13
1704631194 11
1704631226 49
1704631258 12
1704631290 31



# Sketch: 25
1704630714 18
1704630746 22
1704630778 7
1704630810 16
1704630842 14
1704630874 15
1704630906 28
1704630938 11
1704630970 19
1704631002 13
1704631034 11
1704631066 17
1704631098 12
1704631130 16
1704631162 8
1704631194 18
1704631226 13
1704631258 18
1704631290 7



# Sketch: 26
1704630714 17
1704630746 14
1704630778 25
1704630810 21
1704630842 19
1704630874 38
1704630906 12
1704630938 19
1704630970 18
1704631002 11
1704631034 14
1704631066 5
1704631098 9
1704631130 10
1704631162 12
1704631194 30
1704631226 17
1704631258 11
1704631290 4



# Sketch: 27
1704630714 11
1704630746 7
1704630778 24
1704630810 15
1704630842 13
1704630874 17
1704630906 11
1704630938 15
1704630970 7
1704631002 8
1704631034 6
1704631066 13
1704631098 18
1704631130 16
1704631162 9
1704631194 15
1704631226 5
1704631258 10
1704631290 9



# Sketch: 28
1704630714 25
1704630746 24
1704630778 19
1704630810 18
1704630842 26
1704630874 22
1704630906 7
1704630938 8
1704630970 39
1704631002 20
1704631034 23
1704631066 26
1704631098 13
1704631130 6
1704631162 16
1704631194 27
1704631226 24
1704631258 33
1704631290 14



# Sketch: 29
1704630714 9
1704630746 18
1704630778 17
1704630810 17
1704630842 23
1704630874 20
1704630906 13
1704630938 16
1704630970 10
1704631002 11
1704631034 13
1704631066 8
1704631098 12
1704631130 11
1704631162 14
1704631194 4
1704631226 8
1704631258 28
1704631290 5



# Sketch: 30
1704630714 22
1704630746 28
1704630778 15
1704630810 30
1704630842 28
1704630874 15
1704630906 14
1704630938 22
1704630970 19
1704631002 16
1704631034 8
1704631066 11
1704631098 9
1704631130 12
1704631162 12
1704631194 12
1704631226 21
1704631258 12
1704631290 9



# Sketch: 31
1704630714 17
1704630746 16
1704630778 33
1704630810 25
1704630842 20
1704630874 16
1704630906 41
1704630938 14
1704630970 16
1704631002 16
1704631034 20
1704631066 19
1704631098 13
1704631130 23
1704631162 21
1704631194 20
1704631226 14
1704631258 22
1704631290 17

