

# Sketch: 0
1704630714 51
1704630778 62
1704630842 29
1704630906 15
1704630970 49
1704631034 26
1704631098 21
1704631162 28
1704631226 43
1704631290 11



# Sketch: 1
1704630714 29
1704630778 42
1704630842 48
1704630906 20
1704630970 24
1704631034 32
1704631098 16
1704631162 42
1704631226 30
1704631290 12



# Sketch: 2
1704630714 73
1704630778 22
1704630842 44
1704630906 32
1704630970 50
1704631034 36
1704631098 30
1704631162 37
1704631226 27
1704631290 20



# Sketch: 3
1704630714 29
1704630778 34
1704630842 46
1704630906 29
1704630970 28
1704631034 33
1704631098 28
1704631162 36
1704631226 19
1704631290 12



# Sketch: 4
1704630714 30
1704630778 38
1704630842 40
1704630906 31
1704630970 31
1704631034 32
1704631098 23
1704631162 31
1704631226 14
1704631290 7



# Sketch: 5
1704630714 22
1704630778 44
1704630842 33
1704630906 31
1704630970 18
1704631034 20
1704631098 40
1704631162 51
1704631226 33
1704631290 11



# Sketch: 6
1704630714 29
1704630778 40
1704630842 18
1704630906 39
1704630970 29
1704631034 28
1704631098 18
1704631162 25
1704631226 21
1704631290 8



# Sketch: 7
1704630714 47
1704630778 46
1704630842 37
1704630906 36
1704630970 27
1704631034 35
1704631098 17
1704631162 28
1704631226 28
1704631290 18



# Sketch: 8
1704630714 22
1704630778 33
1704630842 33
1704630906 40
1704630970 17
1704631034 21
1704631098 23
1704631162 31
1704631226 26
1704631290 5



# Sketch: 9
1704630714 43
1704630778 28
1704630842 33
1704630906 21
1704630970 70
1704631034 22
1704631098 38
1704631162 13
1704631226 25
1704631290 9



# Sketch: 10
1704630714 36
1704630778 35
1704630842 40
1704630906 28
1704630970 35
1704631034 31
1704631098 22
1704631162 15
1704631226 39
1704631290 9



# Sketch: 11
1704630714 33
1704630778 29
1704630842 63
1704630906 36
1704630970 28
1704631034 35
1704631098 44
1704631162 82
1704631226 25
1704631290 20



# Sketch: 12
1704630714 40
1704630778 26
1704630842 22
1704630906 26
1704630970 30
1704631034 16
1704631098 25
1704631162 20
1704631226 38
1704631290 29



# Sketch: 13
1704630714 57
1704630778 48
1704630842 51
1704630906 35
1704630970 30
1704631034 28
1704631098 21
1704631162 32
1704631226 31
1704631290 21



# Sketch: 14
1704630714 36
1704630778 43
1704630842 60
1704630906 77
1704630970 32
1704631034 47
1704631098 45
1704631162 49
1704631226 64
1704631290 3



# Sketch: 15
1704630714 27
1704630778 77
1704630842 58
1704630906 55
1704630970 28
1704631034 14
1704631098 34
1704631162 35
1704631226 55
1704631290 12



# Sketch: 16
1704630714 18
1704630778 22
1704630842 38
1704630906 12
1704630970 27
1704631034 26
1704631098 19
1704631162 36
1704631226 17
1704631290 12



# Sketch: 17
1704630714 45
1704630778 26
1704630842 42
1704630906 46
1704630970 44
1704631034 38
1704631098 43
1704631162 43
1704631226 32
1704631290 17



# Sketch: 18
1704630714 53
1704630778 43
1704630842 61
1704630906 23
1704630970 35
1704631034 20
1704631098 40
1704631162 25
1704631226 18
1704631290 16



# Sketch: 19
1704630714 36
1704630778 76
1704630842 56
1704630906 48
1704630970 52
1704631034 47
1704631098 47
1704631162 64
1704631226 32
1704631290 13



# Sketch: 20
1704630714 32
1704630778 31
1704630842 38
1704630906 31
1704630970 50
1704631034 21
1704631098 23
1704631162 28
1704631226 13
1704631290 8



# Sketch: 21
1704630714 46
1704630778 57
1704630842 36
1704630906 55
1704630970 32
1704631034 36
1704631098 31
1704631162 43
1704631226 48
1704631290 16



# Sketch: 22
1704630714 36
1704630778 29
1704630842 45
1704630906 33
1704630970 21
1704631034 17
1704631098 18
1704631162 33
1704631226 27
1704631290 9



# Sketch: 23
1704630714 40
1704630778 24
1704630842 37
1704630906 57
1704630970 34
1704631034 28
1704631098 30
1704631162 36
1704631226 29
1704631290 22



# Sketch: 24
1704630714 35
1704630778 39
1704630842 18
1704630906 41
1704630970 29
1704631034 33
1704631098 23
1704631162 19
1704631226 24
1704631290 11



# Sketch: 25
1704630714 41
1704630778 39
1704630842 48
1704630906 39
1704630970 45
1704631034 49
1704631098 36
1704631162 28
1704631226 33
1704631290 15



# Sketch: 26
1704630714 47
1704630778 18
1704630842 36
1704630906 37
1704630970 27
1704631034 22
1704631098 31
1704631162 43
1704631226 33
1704631290 7



# Sketch: 27
1704630714 39
1704630778 46
1704630842 33
1704630906 55
1704630970 40
1704631034 38
1704631098 31
1704631162 33
1704631226 40
1704631290 12



# Sketch: 28
1704630714 20
1704630778 18
1704630842 19
1704630906 18
1704630970 33
1704631034 26
1704631098 16
1704631162 17
1704631226 31
1704631290 7



# Sketch: 29
1704630714 35
1704630778 45
1704630842 39
1704630906 35
1704630970 34
1704631034 27
1704631098 49
1704631162 56
1704631226 25
1704631290 25



# Sketch: 30
1704630714 26
1704630778 34
1704630842 36
1704630906 26
1704630970 36
1704631034 25
1704631098 28
1704631162 21
1704631226 32
1704631290 17



# Sketch: 31
1704630714 39
1704630778 76
1704630842 33
1704630906 15
1704630970 42
1704631034 25
1704631098 35
1704631162 43
1704631226 21
1704631290 11

