

# Sketch: 0
1704631314 29
1704631378 41
1704631442 48
1704631506 40
1704631570 36
1704631634 45
1704631698 23
1704631762 76
1704631826 41
1704631890 9



# Sketch: 1
1704631314 19
1704631378 35
1704631442 27
1704631506 30
1704631570 31
1704631634 31
1704631698 41
1704631762 38
1704631826 68
1704631890 17



# Sketch: 2
1704631314 40
1704631378 43
1704631442 25
1704631506 41
1704631570 59
1704631634 57
1704631698 31
1704631762 38
1704631826 51
1704631890 14



# Sketch: 3
1704631314 22
1704631378 36
1704631442 26
1704631506 41
1704631570 25
1704631634 23
1704631698 21
1704631762 32
1704631826 16
1704631890 11



# Sketch: 4
1704631314 25
1704631378 28
1704631442 30
1704631506 24
1704631570 25
1704631634 22
1704631698 17
1704631762 37
1704631826 20
1704631890 9



# Sketch: 5
1704631314 27
1704631378 51
1704631442 28
1704631506 44
1704631570 36
1704631634 25
1704631698 21
1704631762 70
1704631826 30
1704631890 5



# Sketch: 6
1704631314 51
1704631378 31
1704631442 59
1704631506 42
1704631570 38
1704631634 32
1704631698 31
1704631762 61
1704631826 37
1704631890 16



# Sketch: 7
1704631314 30
1704631378 38
1704631442 42
1704631506 16
1704631570 38
1704631634 23
1704631698 28
1704631762 45
1704631826 32
1704631890 15



# Sketch: 8
1704631314 47
1704631378 45
1704631442 21
1704631506 27
1704631570 32
1704631634 26
1704631698 40
1704631762 31
1704631826 38
1704631890 9



# Sketch: 9
1704631314 26
1704631378 28
1704631442 23
1704631506 46
1704631570 48
1704631634 57
1704631698 44
1704631762 35
1704631826 50
1704631890 10



# Sketch: 10
1704631314 32
1704631378 18
1704631442 32
1704631506 26
1704631570 18
1704631634 20
1704631698 36
1704631762 28
1704631826 40
1704631890 14



# Sketch: 11
1704631314 28
1704631378 26
1704631442 38
1704631506 30
1704631570 19
1704631634 26
1704631698 34
1704631762 47
1704631826 39
1704631890 15



# Sketch: 12
1704631314 37
1704631378 73
1704631442 41
1704631506 73
1704631570 105
1704631634 41
1704631698 45
1704631762 53
1704631826 58
1704631890 25



# Sketch: 13
1704631314 51
1704631378 38
1704631442 31
1704631506 59
1704631570 63
1704631634 44
1704631698 42
1704631762 66
1704631826 51
1704631890 16



# Sketch: 14
1704631314 30
1704631378 41
1704631442 33
1704631506 37
1704631570 43
1704631634 19
1704631698 21
1704631762 21
1704631826 50
1704631890 19



# Sketch: 15
1704631314 25
1704631378 26
1704631442 17
1704631506 17
1704631570 31
1704631634 25
1704631698 28
1704631762 26
1704631826 30
1704631890 14



# Sketch: 16
1704631314 30
1704631378 49
1704631442 37
1704631506 66
1704631570 82
1704631634 25
1704631698 40
1704631762 34
1704631826 74
1704631890 3



# Sketch: 17
1704631314 16
1704631378 50
1704631442 20
1704631506 29
1704631570 126
1704631634 94
1704631698 32
1704631762 33
1704631826 45
1704631890 5



# Sketch: 18
1704631314 37
1704631378 46
1704631442 29
1704631506 79
1704631570 32
1704631634 31
1704631698 23
1704631762 55
1704631826 32
1704631890 11



# Sketch: 19
1704631314 30
1704631378 30
1704631442 38
1704631506 45
1704631570 27
1704631634 74
1704631698 21
1704631762 39
1704631826 30
1704631890 18



# Sketch: 20
1704631314 36
1704631378 32
1704631442 27
1704631506 23
1704631570 50
1704631634 66
1704631698 19
1704631762 31
1704631826 40
1704631890 6



# Sketch: 21
1704631314 35
1704631378 37
1704631442 22
1704631506 37
1704631570 29
1704631634 36
1704631698 29
1704631762 28
1704631826 29
1704631890 9



# Sketch: 22
1704631314 33
1704631378 22
1704631442 36
1704631506 29
1704631570 24
1704631634 27
1704631698 25
1704631762 36
1704631826 36
1704631890 8



# Sketch: 23
1704631314 29
1704631378 46
1704631442 30
1704631506 45
1704631570 29
1704631634 51
1704631698 23
1704631762 52
1704631826 34
1704631890 11



# Sketch: 24
1704631314 26
1704631378 36
1704631442 16
1704631506 34
1704631570 34
1704631634 24
1704631698 25
1704631762 24
1704631826 20
1704631890 30



# Sketch: 25
1704631314 43
1704631378 31
1704631442 31
1704631506 38
1704631570 42
1704631634 39
1704631698 25
1704631762 22
1704631826 31
1704631890 7



# Sketch: 26
1704631314 25
1704631378 20
1704631442 29
1704631506 18
1704631570 24
1704631634 13
1704631698 28
1704631762 32
1704631826 32
1704631890 2



# Sketch: 27
1704631314 43
1704631378 47
1704631442 25
1704631506 36
1704631570 52
1704631634 39
1704631698 24
1704631762 32
1704631826 33
1704631890 13



# Sketch: 28
1704631314 40
1704631378 33
1704631442 26
1704631506 20
1704631570 41
1704631634 41
1704631698 23
1704631762 47
1704631826 36
1704631890 9



# Sketch: 29
1704631314 18
1704631378 41
1704631442 34
1704631506 34
1704631570 35
1704631634 31
1704631698 33
1704631762 26
1704631826 22
1704631890 13



# Sketch: 30
1704631314 24
1704631378 28
1704631442 42
1704631506 46
1704631570 28
1704631634 21
1704631698 13
1704631762 42
1704631826 41
1704631890 3



# Sketch: 31
1704631314 24
1704631378 21
1704631442 35
1704631506 29
1704631570 31
1704631634 31
1704631698 28
1704631762 27
1704631826 17
1704631890 10

