

# Sketch: 0
1704631314 56
1704631442 54
1704631570 50
1704631698 52
1704631826 50



# Sketch: 1
1704631314 45
1704631442 48
1704631570 63
1704631698 45
1704631826 41



# Sketch: 2
1704631314 76
1704631442 86
1704631570 116
1704631698 85
1704631826 70



# Sketch: 3
1704631314 44
1704631442 54
1704631570 47
1704631698 65
1704631826 37



# Sketch: 4
1704631314 41
1704631442 73
1704631570 211
1704631698 59
1704631826 53



# Sketch: 5
1704631314 75
1704631442 73
1704631570 47
1704631698 50
1704631826 45



# Sketch: 6
1704631314 87
1704631442 129
1704631570 77
1704631698 115
1704631826 66



# Sketch: 7
1704631314 36
1704631442 55
1704631570 87
1704631698 54
1704631826 43



# Sketch: 8
1704631314 58
1704631442 50
1704631570 73
1704631698 88
1704631826 41



# Sketch: 9
1704631314 70
1704631442 71
1704631570 62
1704631698 48
1704631826 24



# Sketch: 10
1704631314 61
1704631442 64
1704631570 74
1704631698 83
1704631826 46



# Sketch: 11
1704631314 69
1704631442 78
1704631570 53
1704631698 68
1704631826 42



# Sketch: 12
1704631314 61
1704631442 54
1704631570 70
1704631698 57
1704631826 38



# Sketch: 13
1704631314 72
1704631442 79
1704631570 45
1704631698 81
1704631826 55



# Sketch: 14
1704631314 99
1704631442 98
1704631570 150
1704631698 88
1704631826 57



# Sketch: 15
1704631314 83
1704631442 94
1704631570 51
1704631698 63
1704631826 46



# Sketch: 16
1704631314 67
1704631442 50
1704631570 57
1704631698 54
1704631826 76



# Sketch: 17
1704631314 80
1704631442 66
1704631570 55
1704631698 57
1704631826 42



# Sketch: 18
1704631314 82
1704631442 64
1704631570 57
1704631698 67
1704631826 36



# Sketch: 19
1704631314 51
1704631442 60
1704631570 68
1704631698 52
1704631826 57



# Sketch: 20
1704631314 64
1704631442 77
1704631570 75
1704631698 44
1704631826 38



# Sketch: 21
1704631314 106
1704631442 108
1704631570 154
1704631698 97
1704631826 78



# Sketch: 22
1704631314 43
1704631442 45
1704631570 58
1704631698 71
1704631826 39



# Sketch: 23
1704631314 76
1704631442 73
1704631570 65
1704631698 63
1704631826 26



# Sketch: 24
1704631314 78
1704631442 48
1704631570 60
1704631698 65
1704631826 43



# Sketch: 25
1704631314 68
1704631442 62
1704631570 132
1704631698 83
1704631826 96



# Sketch: 26
1704631314 77
1704631442 77
1704631570 52
1704631698 63
1704631826 37



# Sketch: 27
1704631314 68
1704631442 89
1704631570 101
1704631698 109
1704631826 57



# Sketch: 28
1704631314 63
1704631442 54
1704631570 63
1704631698 56
1704631826 66



# Sketch: 29
1704631314 83
1704631442 56
1704631570 53
1704631698 66
1704631826 36



# Sketch: 30
1704631314 63
1704631442 60
1704631570 103
1704631698 75
1704631826 45



# Sketch: 31
1704631314 73
1704631442 50
1704631570 63
1704631698 55
1704631826 53

