

# Sketch: 0
1704631314 14
1704631322 3
1704631330 7
1704631338 4
1704631346 2
1704631354 5
1704631362 6
1704631370 4
1704631378 6
1704631386 5
1704631394 3
1704631402 1
1704631410 4
1704631418 2
1704631426 4
1704631434 3
1704631442 4
1704631450 4
1704631458 2
1704631466 6
1704631474 4
1704631482 4
1704631490 7
1704631498 7
1704631506 4
1704631514 3
1704631522 4
1704631530 5
1704631538 10
1704631546 4
1704631554 5
1704631562 3
1704631570 5
1704631578 6
1704631586 3
1704631594 5
1704631602 2
1704631610 0
1704631618 0
1704631626 10
1704631634 4
1704631642 5
1704631650 2
1704631658 4
1704631666 2
1704631674 7
1704631682 4
1704631690 12
1704631698 2
1704631706 6
1704631714 2
1704631722 2
1704631730 1
1704631738 13
1704631746 0
1704631754 7
1704631762 3
1704631770 3
1704631778 3
1704631786 10
1704631794 7
1704631802 8
1704631810 2
1704631818 12
1704631826 5
1704631834 2
1704631842 9
1704631850 9
1704631858 8
1704631866 16
1704631874 2
1704631882 0
1704631890 5
1704631898 9
1704631906 4



# Sketch: 1
1704631314 0
1704631322 2
1704631330 1
1704631338 18
1704631346 5
1704631354 4
1704631362 3
1704631370 5
1704631378 2
1704631386 3
1704631394 2
1704631402 6
1704631410 2
1704631418 5
1704631426 4
1704631434 5
1704631442 1
1704631450 4
1704631458 1
1704631466 3
1704631474 10
1704631482 5
1704631490 7
1704631498 2
1704631506 3
1704631514 2
1704631522 2
1704631530 5
1704631538 7
1704631546 12
1704631554 1
1704631562 7
1704631570 0
1704631578 6
1704631586 5
1704631594 2
1704631602 4
1704631610 3
1704631618 7
1704631626 10
1704631634 10
1704631642 5
1704631650 1
1704631658 4
1704631666 4
1704631674 8
1704631682 5
1704631690 3
1704631698 4
1704631706 4
1704631714 7
1704631722 7
1704631730 3
1704631738 6
1704631746 5
1704631754 3
1704631762 5
1704631770 5
1704631778 4
1704631786 3
1704631794 3
1704631802 4
1704631810 2
1704631818 3
1704631826 10
1704631834 4
1704631842 1
1704631850 2
1704631858 0
1704631866 6
1704631874 3
1704631882 3
1704631890 0
1704631898 5
1704631906 6



# Sketch: 2
1704631314 2
1704631322 3
1704631330 13
1704631338 4
1704631346 3
1704631354 5
1704631362 1
1704631370 1
1704631378 4
1704631386 6
1704631394 9
1704631402 3
1704631410 10
1704631418 10
1704631426 3
1704631434 2
1704631442 2
1704631450 7
1704631458 7
1704631466 2
1704631474 3
1704631482 2
1704631490 6
1704631498 5
1704631506 7
1704631514 5
1704631522 1
1704631530 3
1704631538 10
1704631546 5
1704631554 3
1704631562 3
1704631570 7
1704631578 7
1704631586 5
1704631594 6
1704631602 3
1704631610 0
1704631618 4
1704631626 1
1704631634 7
1704631642 4
1704631650 8
1704631658 1
1704631666 0
1704631674 1
1704631682 7
1704631690 3
1704631698 6
1704631706 4
1704631714 1
1704631722 3
1704631730 4
1704631738 3
1704631746 4
1704631754 5
1704631762 5
1704631770 3
1704631778 11
1704631786 3
1704631794 2
1704631802 3
1704631810 8
1704631818 3
1704631826 6
1704631834 10
1704631842 6
1704631850 3
1704631858 2
1704631866 1
1704631874 6
1704631882 0
1704631890 6
1704631898 6
1704631906 1



# Sketch: 3
1704631314 3
1704631322 3
1704631330 7
1704631338 12
1704631346 2
1704631354 3
1704631362 5
1704631370 8
1704631378 16
1704631386 0
1704631394 2
1704631402 3
1704631410 6
1704631418 0
1704631426 3
1704631434 1
1704631442 4
1704631450 7
1704631458 3
1704631466 2
1704631474 4
1704631482 1
1704631490 5
1704631498 3
1704631506 1
1704631514 5
1704631522 8
1704631530 3
1704631538 4
1704631546 2
1704631554 3
1704631562 8
1704631570 1
1704631578 4
1704631586 7
1704631594 4
1704631602 2
1704631610 14
1704631618 7
1704631626 5
1704631634 7
1704631642 15
1704631650 11
1704631658 7
1704631666 3
1704631674 4
1704631682 5
1704631690 5
1704631698 10
1704631706 7
1704631714 7
1704631722 2
1704631730 1
1704631738 1
1704631746 2
1704631754 5
1704631762 7
1704631770 4
1704631778 3
1704631786 3
1704631794 10
1704631802 3
1704631810 5
1704631818 6
1704631826 2
1704631834 2
1704631842 4
1704631850 5
1704631858 8
1704631866 1
1704631874 3
1704631882 8
1704631890 1
1704631898 1
1704631906 5



# Sketch: 4
1704631314 1
1704631322 5
1704631330 2
1704631338 1
1704631346 0
1704631354 0
1704631362 1
1704631370 5
1704631378 4
1704631386 2
1704631394 3
1704631402 2
1704631410 3
1704631418 17
1704631426 7
1704631434 14
1704631442 4
1704631450 3
1704631458 4
1704631466 2
1704631474 7
1704631482 4
1704631490 1
1704631498 3
1704631506 4
1704631514 4
1704631522 24
1704631530 12
1704631538 1
1704631546 3
1704631554 2
1704631562 4
1704631570 2
1704631578 7
1704631586 0
1704631594 3
1704631602 8
1704631610 6
1704631618 2
1704631626 1
1704631634 3
1704631642 6
1704631650 0
1704631658 0
1704631666 0
1704631674 3
1704631682 7
1704631690 4
1704631698 0
1704631706 4
1704631714 2
1704631722 2
1704631730 0
1704631738 2
1704631746 1
1704631754 4
1704631762 2
1704631770 6
1704631778 8
1704631786 1
1704631794 7
1704631802 4
1704631810 6
1704631818 14
1704631826 5
1704631834 0
1704631842 7
1704631850 11
1704631858 6
1704631866 6
1704631874 3
1704631882 7
1704631890 2
1704631898 4
1704631906 0



# Sketch: 5
1704631314 2
1704631322 0
1704631330 6
1704631338 6
1704631346 3
1704631354 5
1704631362 2
1704631370 2
1704631378 1
1704631386 5
1704631394 1
1704631402 15
1704631410 14
1704631418 3
1704631426 6
1704631434 3
1704631442 12
1704631450 0
1704631458 1
1704631466 2
1704631474 4
1704631482 3
1704631490 2
1704631498 2
1704631506 1
1704631514 9
1704631522 6
1704631530 0
1704631538 6
1704631546 4
1704631554 0
1704631562 6
1704631570 8
1704631578 2
1704631586 5
1704631594 11
1704631602 1
1704631610 3
1704631618 3
1704631626 1
1704631634 2
1704631642 2
1704631650 1
1704631658 0
1704631666 0
1704631674 3
1704631682 1
1704631690 5
1704631698 1
1704631706 3
1704631714 0
1704631722 2
1704631730 6
1704631738 3
1704631746 5
1704631754 1
1704631762 0
1704631770 2
1704631778 3
1704631786 4
1704631794 3
1704631802 1
1704631810 13
1704631818 8
1704631826 4
1704631834 3
1704631842 8
1704631850 6
1704631858 10
1704631866 15
1704631874 3
1704631882 11
1704631890 6
1704631898 2
1704631906 5



# Sketch: 6
1704631314 3
1704631322 1
1704631330 2
1704631338 3
1704631346 8
1704631354 4
1704631362 1
1704631370 10
1704631378 2
1704631386 4
1704631394 5
1704631402 3
1704631410 2
1704631418 3
1704631426 1
1704631434 3
1704631442 1
1704631450 1
1704631458 7
1704631466 2
1704631474 3
1704631482 1
1704631490 2
1704631498 8
1704631506 3
1704631514 4
1704631522 0
1704631530 0
1704631538 3
1704631546 5
1704631554 1
1704631562 3
1704631570 3
1704631578 0
1704631586 3
1704631594 5
1704631602 11
1704631610 1
1704631618 6
1704631626 1
1704631634 4
1704631642 1
1704631650 3
1704631658 1
1704631666 4
1704631674 6
1704631682 7
1704631690 2
1704631698 2
1704631706 0
1704631714 2
1704631722 2
1704631730 1
1704631738 3
1704631746 1
1704631754 0
1704631762 8
1704631770 3
1704631778 3
1704631786 1
1704631794 3
1704631802 6
1704631810 1
1704631818 8
1704631826 7
1704631834 4
1704631842 1
1704631850 2
1704631858 4
1704631866 2
1704631874 2
1704631882 0
1704631890 0
1704631898 3
1704631906 1



# Sketch: 7
1704631314 2
1704631322 13
1704631330 0
1704631338 5
1704631346 3
1704631354 3
1704631362 6
1704631370 2
1704631378 4
1704631386 1
1704631394 6
1704631402 2
1704631410 7
1704631418 5
1704631426 3
1704631434 3
1704631442 1
1704631450 5
1704631458 0
1704631466 3
1704631474 3
1704631482 2
1704631490 2
1704631498 2
1704631506 2
1704631514 10
1704631522 2
1704631530 2
1704631538 2
1704631546 8
1704631554 2
1704631562 7
1704631570 3
1704631578 5
1704631586 6
1704631594 1
1704631602 0
1704631610 2
1704631618 8
1704631626 6
1704631634 7
1704631642 2
1704631650 1
1704631658 4
1704631666 0
1704631674 1
1704631682 4
1704631690 4
1704631698 8
1704631706 1
1704631714 5
1704631722 4
1704631730 2
1704631738 3
1704631746 4
1704631754 8
1704631762 4
1704631770 2
1704631778 3
1704631786 0
1704631794 4
1704631802 1
1704631810 1
1704631818 7
1704631826 4
1704631834 6
1704631842 4
1704631850 4
1704631858 6
1704631866 1
1704631874 0
1704631882 3
1704631890 3
1704631898 8
1704631906 2



# Sketch: 8
1704631314 4
1704631322 2
1704631330 6
1704631338 2
1704631346 1
1704631354 5
1704631362 7
1704631370 8
1704631378 5
1704631386 1
1704631394 5
1704631402 1
1704631410 2
1704631418 6
1704631426 3
1704631434 1
1704631442 1
1704631450 7
1704631458 3
1704631466 4
1704631474 3
1704631482 12
1704631490 3
1704631498 1
1704631506 2
1704631514 1
1704631522 2
1704631530 3
1704631538 3
1704631546 10
1704631554 10
1704631562 3
1704631570 9
1704631578 7
1704631586 7
1704631594 3
1704631602 0
1704631610 0
1704631618 2
1704631626 3
1704631634 1
1704631642 4
1704631650 2
1704631658 13
1704631666 2
1704631674 5
1704631682 4
1704631690 4
1704631698 2
1704631706 1
1704631714 2
1704631722 1
1704631730 1
1704631738 2
1704631746 11
1704631754 4
1704631762 3
1704631770 2
1704631778 2
1704631786 9
1704631794 1
1704631802 4
1704631810 4
1704631818 10
1704631826 5
1704631834 2
1704631842 1
1704631850 0
1704631858 1
1704631866 4
1704631874 1
1704631882 5
1704631890 4
1704631898 2
1704631906 1



# Sketch: 9
1704631314 3
1704631322 2
1704631330 2
1704631338 1
1704631346 1
1704631354 1
1704631362 1
1704631370 4
1704631378 4
1704631386 1
1704631394 1
1704631402 5
1704631410 2
1704631418 6
1704631426 5
1704631434 5
1704631442 3
1704631450 6
1704631458 1
1704631466 1
1704631474 2
1704631482 1
1704631490 2
1704631498 8
1704631506 8
1704631514 7
1704631522 2
1704631530 5
1704631538 11
1704631546 4
1704631554 2
1704631562 10
1704631570 7
1704631578 1
1704631586 3
1704631594 9
1704631602 3
1704631610 5
1704631618 3
1704631626 2
1704631634 1
1704631642 1
1704631650 3
1704631658 4
1704631666 4
1704631674 4
1704631682 1
1704631690 0
1704631698 9
1704631706 2
1704631714 2
1704631722 2
1704631730 2
1704631738 5
1704631746 2
1704631754 2
1704631762 4
1704631770 8
1704631778 3
1704631786 4
1704631794 3
1704631802 6
1704631810 5
1704631818 7
1704631826 6
1704631834 5
1704631842 3
1704631850 2
1704631858 9
1704631866 4
1704631874 6
1704631882 1
1704631890 1
1704631898 4
1704631906 2



# Sketch: 10
1704631314 8
1704631322 6
1704631330 0
1704631338 1
1704631346 5
1704631354 5
1704631362 7
1704631370 2
1704631378 7
1704631386 5
1704631394 3
1704631402 10
1704631410 4
1704631418 3
1704631426 2
1704631434 0
1704631442 2
1704631450 0
1704631458 2
1704631466 0
1704631474 8
1704631482 11
1704631490 7
1704631498 7
1704631506 3
1704631514 0
1704631522 1
1704631530 1
1704631538 5
1704631546 5
1704631554 0
1704631562 1
1704631570 2
1704631578 13
1704631586 5
1704631594 1
1704631602 6
1704631610 3
1704631618 3
1704631626 4
1704631634 0
1704631642 2
1704631650 2
1704631658 0
1704631666 1
1704631674 5
1704631682 3
1704631690 4
1704631698 9
1704631706 5
1704631714 1
1704631722 12
1704631730 4
1704631738 0
1704631746 1
1704631754 0
1704631762 12
1704631770 0
1704631778 2
1704631786 3
1704631794 6
1704631802 3
1704631810 1
1704631818 5
1704631826 2
1704631834 2
1704631842 5
1704631850 5
1704631858 3
1704631866 3
1704631874 4
1704631882 4
1704631890 1
1704631898 5
1704631906 6



# Sketch: 11
1704631314 3
1704631322 7
1704631330 0
1704631338 6
1704631346 4
1704631354 1
1704631362 2
1704631370 2
1704631378 6
1704631386 7
1704631394 8
1704631402 4
1704631410 5
1704631418 4
1704631426 1
1704631434 2
1704631442 2
1704631450 6
1704631458 4
1704631466 5
1704631474 6
1704631482 5
1704631490 10
1704631498 3
1704631506 7
1704631514 0
1704631522 4
1704631530 2
1704631538 2
1704631546 8
1704631554 1
1704631562 3
1704631570 10
1704631578 3
1704631586 8
1704631594 2
1704631602 5
1704631610 2
1704631618 1
1704631626 5
1704631634 5
1704631642 3
1704631650 2
1704631658 3
1704631666 4
1704631674 5
1704631682 31
1704631690 10
1704631698 8
1704631706 4
1704631714 3
1704631722 2
1704631730 0
1704631738 5
1704631746 1
1704631754 9
1704631762 1
1704631770 4
1704631778 3
1704631786 10
1704631794 6
1704631802 3
1704631810 6
1704631818 1
1704631826 6
1704631834 6
1704631842 4
1704631850 3
1704631858 3
1704631866 7
1704631874 4
1704631882 5
1704631890 1
1704631898 7
1704631906 4



# Sketch: 12
1704631314 14
1704631322 2
1704631330 0
1704631338 0
1704631346 3
1704631354 2
1704631362 4
1704631370 6
1704631378 3
1704631386 3
1704631394 4
1704631402 6
1704631410 4
1704631418 2
1704631426 1
1704631434 6
1704631442 2
1704631450 15
1704631458 5
1704631466 3
1704631474 0
1704631482 8
1704631490 4
1704631498 3
1704631506 5
1704631514 4
1704631522 2
1704631530 2
1704631538 1
1704631546 5
1704631554 3
1704631562 3
1704631570 9
1704631578 5
1704631586 3
1704631594 2
1704631602 6
1704631610 0
1704631618 3
1704631626 3
1704631634 3
1704631642 6
1704631650 6
1704631658 6
1704631666 1
1704631674 3
1704631682 4
1704631690 3
1704631698 5
1704631706 5
1704631714 3
1704631722 3
1704631730 0
1704631738 4
1704631746 2
1704631754 0
1704631762 0
1704631770 5
1704631778 1
1704631786 7
1704631794 9
1704631802 2
1704631810 2
1704631818 7
1704631826 1
1704631834 4
1704631842 11
1704631850 5
1704631858 5
1704631866 3
1704631874 3
1704631882 2
1704631890 1
1704631898 2
1704631906 8



# Sketch: 13
1704631314 8
1704631322 2
1704631330 11
1704631338 1
1704631346 3
1704631354 2
1704631362 2
1704631370 6
1704631378 11
1704631386 3
1704631394 5
1704631402 4
1704631410 4
1704631418 7
1704631426 0
1704631434 1
1704631442 6
1704631450 13
1704631458 3
1704631466 1
1704631474 4
1704631482 2
1704631490 4
1704631498 1
1704631506 3
1704631514 4
1704631522 2
1704631530 5
1704631538 1
1704631546 10
1704631554 1
1704631562 3
1704631570 10
1704631578 8
1704631586 1
1704631594 3
1704631602 5
1704631610 0
1704631618 2
1704631626 4
1704631634 8
1704631642 3
1704631650 1
1704631658 1
1704631666 0
1704631674 0
1704631682 8
1704631690 10
1704631698 4
1704631706 3
1704631714 5
1704631722 2
1704631730 1
1704631738 4
1704631746 1
1704631754 2
1704631762 7
1704631770 3
1704631778 2
1704631786 2
1704631794 4
1704631802 7
1704631810 3
1704631818 11
1704631826 11
1704631834 3
1704631842 1
1704631850 5
1704631858 3
1704631866 9
1704631874 2
1704631882 6
1704631890 3
1704631898 23
1704631906 2



# Sketch: 14
1704631314 4
1704631322 4
1704631330 0
1704631338 13
1704631346 1
1704631354 4
1704631362 8
1704631370 0
1704631378 11
1704631386 4
1704631394 4
1704631402 5
1704631410 10
1704631418 12
1704631426 0
1704631434 8
1704631442 3
1704631450 4
1704631458 6
1704631466 1
1704631474 6
1704631482 4
1704631490 4
1704631498 6
1704631506 4
1704631514 3
1704631522 0
1704631530 6
1704631538 36
1704631546 1
1704631554 10
1704631562 12
1704631570 10
1704631578 4
1704631586 11
1704631594 8
1704631602 9
1704631610 19
1704631618 3
1704631626 5
1704631634 4
1704631642 6
1704631650 2
1704631658 4
1704631666 0
1704631674 1
1704631682 6
1704631690 3
1704631698 4
1704631706 8
1704631714 11
1704631722 0
1704631730 3
1704631738 3
1704631746 7
1704631754 5
1704631762 3
1704631770 2
1704631778 3
1704631786 1
1704631794 5
1704631802 7
1704631810 7
1704631818 7
1704631826 6
1704631834 5
1704631842 18
1704631850 5
1704631858 3
1704631866 12
1704631874 4
1704631882 1
1704631890 3
1704631898 3
1704631906 8



# Sketch: 15
1704631314 1
1704631322 1
1704631330 1
1704631338 0
1704631346 4
1704631354 1
1704631362 3
1704631370 4
1704631378 12
1704631386 2
1704631394 2
1704631402 4
1704631410 16
1704631418 2
1704631426 4
1704631434 11
1704631442 5
1704631450 1
1704631458 3
1704631466 1
1704631474 3
1704631482 5
1704631490 6
1704631498 1
1704631506 7
1704631514 7
1704631522 3
1704631530 1
1704631538 3
1704631546 32
1704631554 1
1704631562 7
1704631570 3
1704631578 6
1704631586 18
1704631594 3
1704631602 3
1704631610 4
1704631618 3
1704631626 3
1704631634 3
1704631642 3
1704631650 4
1704631658 7
1704631666 5
1704631674 4
1704631682 2
1704631690 3
1704631698 5
1704631706 2
1704631714 9
1704631722 4
1704631730 0
1704631738 15
1704631746 0
1704631754 0
1704631762 5
1704631770 3
1704631778 2
1704631786 7
1704631794 11
1704631802 2
1704631810 2
1704631818 18
1704631826 6
1704631834 4
1704631842 16
1704631850 0
1704631858 2
1704631866 7
1704631874 19
1704631882 1
1704631890 4
1704631898 5
1704631906 0



# Sketch: 16
1704631314 1
1704631322 2
1704631330 6
1704631338 0
1704631346 4
1704631354 6
1704631362 3
1704631370 2
1704631378 5
1704631386 4
1704631394 6
1704631402 3
1704631410 2
1704631418 2
1704631426 1
1704631434 0
1704631442 1
1704631450 0
1704631458 2
1704631466 1
1704631474 1
1704631482 2
1704631490 4
1704631498 3
1704631506 2
1704631514 2
1704631522 6
1704631530 0
1704631538 0
1704631546 10
1704631554 3
1704631562 1
1704631570 4
1704631578 1
1704631586 10
1704631594 2
1704631602 0
1704631610 0
1704631618 3
1704631626 4
1704631634 0
1704631642 1
1704631650 3
1704631658 1
1704631666 1
1704631674 6
1704631682 10
1704631690 0
1704631698 0
1704631706 1
1704631714 6
1704631722 6
1704631730 0
1704631738 1
1704631746 0
1704631754 3
1704631762 8
1704631770 2
1704631778 3
1704631786 3
1704631794 3
1704631802 4
1704631810 1
1704631818 6
1704631826 2
1704631834 2
1704631842 5
1704631850 3
1704631858 6
1704631866 4
1704631874 2
1704631882 3
1704631890 0
1704631898 1
1704631906 2



# Sketch: 17
1704631314 6
1704631322 4
1704631330 4
1704631338 4
1704631346 4
1704631354 3
1704631362 4
1704631370 5
1704631378 3
1704631386 21
1704631394 8
1704631402 0
1704631410 2
1704631418 4
1704631426 2
1704631434 6
1704631442 5
1704631450 9
1704631458 4
1704631466 7
1704631474 0
1704631482 3
1704631490 10
1704631498 2
1704631506 6
1704631514 5
1704631522 3
1704631530 5
1704631538 5
1704631546 6
1704631554 3
1704631562 8
1704631570 4
1704631578 3
1704631586 12
1704631594 1
1704631602 3
1704631610 1
1704631618 4
1704631626 4
1704631634 2
1704631642 4
1704631650 5
1704631658 2
1704631666 4
1704631674 3
1704631682 1
1704631690 7
1704631698 3
1704631706 4
1704631714 6
1704631722 8
1704631730 2
1704631738 15
1704631746 0
1704631754 3
1704631762 3
1704631770 4
1704631778 5
1704631786 8
1704631794 6
1704631802 6
1704631810 5
1704631818 11
1704631826 5
1704631834 4
1704631842 0
1704631850 0
1704631858 14
1704631866 2
1704631874 5
1704631882 3
1704631890 6
1704631898 8
1704631906 3



# Sketch: 18
1704631314 3
1704631322 8
1704631330 9
1704631338 5
1704631346 4
1704631354 2
1704631362 4
1704631370 1
1704631378 3
1704631386 4
1704631394 13
1704631402 4
1704631410 8
1704631418 6
1704631426 2
1704631434 5
1704631442 8
1704631450 4
1704631458 10
1704631466 4
1704631474 4
1704631482 6
1704631490 4
1704631498 4
1704631506 6
1704631514 5
1704631522 5
1704631530 2
1704631538 4
1704631546 7
1704631554 7
1704631562 4
1704631570 9
1704631578 8
1704631586 8
1704631594 3
1704631602 2
1704631610 1
1704631618 6
1704631626 7
1704631634 3
1704631642 7
1704631650 6
1704631658 0
1704631666 3
1704631674 3
1704631682 4
1704631690 2
1704631698 8
1704631706 3
1704631714 3
1704631722 4
1704631730 3
1704631738 2
1704631746 0
1704631754 3
1704631762 2
1704631770 2
1704631778 2
1704631786 7
1704631794 6
1704631802 12
1704631810 9
1704631818 10
1704631826 3
1704631834 5
1704631842 17
1704631850 4
1704631858 1
1704631866 5
1704631874 0
1704631882 2
1704631890 2
1704631898 5
1704631906 2



# Sketch: 19
1704631314 8
1704631322 3
1704631330 6
1704631338 5
1704631346 5
1704631354 1
1704631362 6
1704631370 6
1704631378 8
1704631386 18
1704631394 3
1704631402 3
1704631410 8
1704631418 15
1704631426 6
1704631434 7
1704631442 1
1704631450 3
1704631458 2
1704631466 5
1704631474 5
1704631482 2
1704631490 2
1704631498 14
1704631506 7
1704631514 4
1704631522 3
1704631530 8
1704631538 7
1704631546 3
1704631554 3
1704631562 12
1704631570 15
1704631578 10
1704631586 17
1704631594 9
1704631602 16
1704631610 21
1704631618 10
1704631626 23
1704631634 7
1704631642 10
1704631650 17
1704631658 4
1704631666 4
1704631674 8
1704631682 4
1704631690 7
1704631698 7
1704631706 7
1704631714 3
1704631722 6
1704631730 0
1704631738 4
1704631746 8
1704631754 8
1704631762 4
1704631770 10
1704631778 7
1704631786 2
1704631794 4
1704631802 4
1704631810 19
1704631818 15
1704631826 5
1704631834 3
1704631842 12
1704631850 5
1704631858 8
1704631866 14
1704631874 3
1704631882 8
1704631890 8
1704631898 5
1704631906 5



# Sketch: 20
1704631314 0
1704631322 2
1704631330 6
1704631338 1
1704631346 1
1704631354 1
1704631362 3
1704631370 3
1704631378 2
1704631386 4
1704631394 0
1704631402 2
1704631410 4
1704631418 3
1704631426 4
1704631434 4
1704631442 7
1704631450 2
1704631458 7
1704631466 1
1704631474 0
1704631482 3
1704631490 6
1704631498 0
1704631506 2
1704631514 1
1704631522 3
1704631530 2
1704631538 6
1704631546 4
1704631554 2
1704631562 7
1704631570 5
1704631578 2
1704631586 3
1704631594 1
1704631602 1
1704631610 0
1704631618 1
1704631626 3
1704631634 2
1704631642 8
1704631650 1
1704631658 0
1704631666 4
1704631674 6
1704631682 1
1704631690 1
1704631698 1
1704631706 7
1704631714 3
1704631722 0
1704631730 5
1704631738 1
1704631746 3
1704631754 0
1704631762 4
1704631770 0
1704631778 2
1704631786 3
1704631794 9
1704631802 4
1704631810 3
1704631818 10
1704631826 2
1704631834 1
1704631842 2
1704631850 4
1704631858 2
1704631866 0
1704631874 2
1704631882 4
1704631890 2
1704631898 4
1704631906 3



# Sketch: 21
1704631314 12
1704631322 8
1704631330 1
1704631338 2
1704631346 6
1704631354 1
1704631362 4
1704631370 3
1704631378 1
1704631386 9
1704631394 4
1704631402 2
1704631410 10
1704631418 4
1704631426 3
1704631434 5
1704631442 4
1704631450 7
1704631458 3
1704631466 1
1704631474 2
1704631482 12
1704631490 1
1704631498 4
1704631506 12
1704631514 7
1704631522 3
1704631530 20
1704631538 6
1704631546 1
1704631554 7
1704631562 7
1704631570 25
1704631578 12
1704631586 7
1704631594 23
1704631602 64
1704631610 0
1704631618 7
1704631626 18
1704631634 14
1704631642 4
1704631650 5
1704631658 1
1704631666 75
1704631674 4
1704631682 5
1704631690 4
1704631698 3
1704631706 8
1704631714 13
1704631722 4
1704631730 2
1704631738 3
1704631746 12
1704631754 6
1704631762 4
1704631770 4
1704631778 4
1704631786 8
1704631794 1
1704631802 10
1704631810 3
1704631818 10
1704631826 7
1704631834 1
1704631842 6
1704631850 2
1704631858 1
1704631866 11
1704631874 5
1704631882 8
1704631890 3
1704631898 7
1704631906 3



# Sketch: 22
1704631314 11
1704631322 3
1704631330 6
1704631338 3
1704631346 1
1704631354 2
1704631362 2
1704631370 1
1704631378 6
1704631386 5
1704631394 2
1704631402 3
1704631410 1
1704631418 1
1704631426 8
1704631434 5
1704631442 4
1704631450 2
1704631458 4
1704631466 1
1704631474 4
1704631482 4
1704631490 5
1704631498 6
1704631506 4
1704631514 2
1704631522 3
1704631530 2
1704631538 1
1704631546 4
1704631554 4
1704631562 9
1704631570 2
1704631578 2
1704631586 6
1704631594 21
1704631602 3
1704631610 2
1704631618 1
1704631626 2
1704631634 2
1704631642 3
1704631650 5
1704631658 0
1704631666 0
1704631674 14
1704631682 1
1704631690 1
1704631698 1
1704631706 4
1704631714 4
1704631722 2
1704631730 1
1704631738 6
1704631746 2
1704631754 0
1704631762 4
1704631770 3
1704631778 3
1704631786 1
1704631794 4
1704631802 2
1704631810 6
1704631818 8
1704631826 3
1704631834 4
1704631842 7
1704631850 2
1704631858 1
1704631866 3
1704631874 1
1704631882 7
1704631890 7
1704631898 3
1704631906 2



# Sketch: 23
1704631314 4
1704631322 4
1704631330 3
1704631338 5
1704631346 4
1704631354 2
1704631362 7
1704631370 4
1704631378 5
1704631386 6
1704631394 1
1704631402 9
1704631410 15
1704631418 0
1704631426 0
1704631434 2
1704631442 4
1704631450 6
1704631458 5
1704631466 1
1704631474 5
1704631482 5
1704631490 5
1704631498 3
1704631506 4
1704631514 4
1704631522 6
1704631530 6
1704631538 5
1704631546 4
1704631554 3
1704631562 6
1704631570 7
1704631578 0
1704631586 2
1704631594 0
1704631602 3
1704631610 0
1704631618 4
1704631626 1
1704631634 8
1704631642 1
1704631650 5
1704631658 1
1704631666 3
1704631674 4
1704631682 7
1704631690 4
1704631698 2
1704631706 6
1704631714 3
1704631722 2
1704631730 0
1704631738 3
1704631746 9
1704631754 3
1704631762 2
1704631770 8
1704631778 2
1704631786 0
1704631794 8
1704631802 5
1704631810 1
1704631818 37
1704631826 11
1704631834 4
1704631842 4
1704631850 2
1704631858 1
1704631866 4
1704631874 6
1704631882 4
1704631890 2
1704631898 5
1704631906 10



# Sketch: 24
1704631314 0
1704631322 6
1704631330 9
1704631338 2
1704631346 1
1704631354 1
1704631362 1
1704631370 1
1704631378 2
1704631386 3
1704631394 2
1704631402 2
1704631410 4
1704631418 3
1704631426 0
1704631434 2
1704631442 4
1704631450 6
1704631458 9
1704631466 5
1704631474 0
1704631482 2
1704631490 1
1704631498 12
1704631506 4
1704631514 4
1704631522 7
1704631530 3
1704631538 8
1704631546 2
1704631554 5
1704631562 4
1704631570 3
1704631578 5
1704631586 4
1704631594 3
1704631602 8
1704631610 2
1704631618 3
1704631626 2
1704631634 0
1704631642 5
1704631650 6
1704631658 2
1704631666 1
1704631674 6
1704631682 4
1704631690 4
1704631698 3
1704631706 1
1704631714 1
1704631722 3
1704631730 2
1704631738 0
1704631746 5
1704631754 1
1704631762 2
1704631770 2
1704631778 2
1704631786 2
1704631794 1
1704631802 1
1704631810 2
1704631818 5
1704631826 1
1704631834 6
1704631842 10
1704631850 3
1704631858 2
1704631866 2
1704631874 7
1704631882 2
1704631890 3
1704631898 10
1704631906 1



# Sketch: 25
1704631314 11
1704631322 5
1704631330 4
1704631338 4
1704631346 2
1704631354 2
1704631362 13
1704631370 3
1704631378 2
1704631386 2
1704631394 0
1704631402 0
1704631410 3
1704631418 1
1704631426 4
1704631434 12
1704631442 5
1704631450 1
1704631458 5
1704631466 2
1704631474 5
1704631482 1
1704631490 3
1704631498 6
1704631506 5
1704631514 0
1704631522 1
1704631530 4
1704631538 8
1704631546 0
1704631554 2
1704631562 3
1704631570 2
1704631578 7
1704631586 5
1704631594 1
1704631602 20
1704631610 6
1704631618 4
1704631626 5
1704631634 4
1704631642 6
1704631650 2
1704631658 1
1704631666 12
1704631674 5
1704631682 6
1704631690 5
1704631698 5
1704631706 2
1704631714 0
1704631722 3
1704631730 7
1704631738 2
1704631746 1
1704631754 8
1704631762 1
1704631770 8
1704631778 4
1704631786 7
1704631794 0
1704631802 2
1704631810 7
1704631818 11
1704631826 3
1704631834 4
1704631842 10
1704631850 13
1704631858 4
1704631866 3
1704631874 3
1704631882 2
1704631890 2
1704631898 8
1704631906 1



# Sketch: 26
1704631314 8
1704631322 6
1704631330 2
1704631338 6
1704631346 5
1704631354 0
1704631362 5
1704631370 0
1704631378 4
1704631386 2
1704631394 3
1704631402 5
1704631410 2
1704631418 3
1704631426 2
1704631434 3
1704631442 5
1704631450 1
1704631458 8
1704631466 1
1704631474 2
1704631482 1
1704631490 6
1704631498 2
1704631506 4
1704631514 1
1704631522 7
1704631530 7
1704631538 2
1704631546 10
1704631554 1
1704631562 4
1704631570 12
1704631578 3
1704631586 3
1704631594 2
1704631602 1
1704631610 1
1704631618 3
1704631626 1
1704631634 6
1704631642 3
1704631650 6
1704631658 15
1704631666 3
1704631674 3
1704631682 3
1704631690 1
1704631698 1
1704631706 5
1704631714 3
1704631722 3
1704631730 2
1704631738 6
1704631746 4
1704631754 6
1704631762 3
1704631770 14
1704631778 0
1704631786 5
1704631794 2
1704631802 4
1704631810 7
1704631818 16
1704631826 9
1704631834 6
1704631842 1
1704631850 4
1704631858 9
1704631866 12
1704631874 6
1704631882 2
1704631890 2
1704631898 1
1704631906 0



# Sketch: 27
1704631314 17
1704631322 1
1704631330 10
1704631338 3
1704631346 1
1704631354 6
1704631362 7
1704631370 4
1704631378 8
1704631386 13
1704631394 6
1704631402 6
1704631410 10
1704631418 2
1704631426 2
1704631434 4
1704631442 1
1704631450 6
1704631458 4
1704631466 2
1704631474 3
1704631482 9
1704631490 0
1704631498 2
1704631506 8
1704631514 3
1704631522 3
1704631530 8
1704631538 9
1704631546 5
1704631554 4
1704631562 6
1704631570 23
1704631578 11
1704631586 7
1704631594 3
1704631602 3
1704631610 1
1704631618 4
1704631626 18
1704631634 17
1704631642 15
1704631650 7
1704631658 1
1704631666 45
1704631674 5
1704631682 0
1704631690 3
1704631698 5
1704631706 2
1704631714 2
1704631722 3
1704631730 4
1704631738 3
1704631746 7
1704631754 4
1704631762 5
1704631770 6
1704631778 2
1704631786 10
1704631794 6
1704631802 1
1704631810 4
1704631818 4
1704631826 3
1704631834 1
1704631842 0
1704631850 3
1704631858 4
1704631866 11
1704631874 6
1704631882 2
1704631890 4
1704631898 4
1704631906 3



# Sketch: 28
1704631314 2
1704631322 1
1704631330 3
1704631338 4
1704631346 1
1704631354 5
1704631362 6
1704631370 6
1704631378 8
1704631386 2
1704631394 3
1704631402 19
1704631410 7
1704631418 2
1704631426 2
1704631434 3
1704631442 4
1704631450 2
1704631458 3
1704631466 0
1704631474 6
1704631482 3
1704631490 2
1704631498 3
1704631506 0
1704631514 2
1704631522 0
1704631530 1
1704631538 3
1704631546 4
1704631554 2
1704631562 5
1704631570 4
1704631578 2
1704631586 4
1704631594 8
1704631602 3
1704631610 3
1704631618 3
1704631626 0
1704631634 1
1704631642 7
1704631650 1
1704631658 2
1704631666 2
1704631674 3
1704631682 5
1704631690 3
1704631698 0
1704631706 7
1704631714 2
1704631722 3
1704631730 0
1704631738 4
1704631746 11
1704631754 1
1704631762 1
1704631770 9
1704631778 5
1704631786 3
1704631794 4
1704631802 0
1704631810 5
1704631818 6
1704631826 1
1704631834 5
1704631842 7
1704631850 2
1704631858 12
1704631866 2
1704631874 3
1704631882 0
1704631890 3
1704631898 1
1704631906 6



# Sketch: 29
1704631314 1
1704631322 4
1704631330 0
1704631338 16
1704631346 3
1704631354 3
1704631362 6
1704631370 8
1704631378 9
1704631386 11
1704631394 2
1704631402 1
1704631410 3
1704631418 1
1704631426 5
1704631434 0
1704631442 1
1704631450 15
1704631458 9
1704631466 2
1704631474 6
1704631482 5
1704631490 5
1704631498 2
1704631506 1
1704631514 7
1704631522 11
1704631530 4
1704631538 3
1704631546 1
1704631554 3
1704631562 4
1704631570 6
1704631578 8
1704631586 5
1704631594 5
1704631602 1
1704631610 2
1704631618 2
1704631626 3
1704631634 1
1704631642 7
1704631650 4
1704631658 10
1704631666 1
1704631674 4
1704631682 2
1704631690 3
1704631698 1
1704631706 6
1704631714 6
1704631722 3
1704631730 3
1704631738 9
1704631746 8
1704631754 5
1704631762 5
1704631770 4
1704631778 7
1704631786 14
1704631794 2
1704631802 4
1704631810 6
1704631818 4
1704631826 1
1704631834 5
1704631842 10
1704631850 10
1704631858 13
1704631866 1
1704631874 7
1704631882 3
1704631890 3
1704631898 4
1704631906 3



# Sketch: 30
1704631314 11
1704631322 4
1704631330 4
1704631338 2
1704631346 2
1704631354 2
1704631362 3
1704631370 2
1704631378 8
1704631386 8
1704631394 6
1704631402 6
1704631410 10
1704631418 2
1704631426 2
1704631434 8
1704631442 5
1704631450 5
1704631458 1
1704631466 1
1704631474 7
1704631482 2
1704631490 4
1704631498 2
1704631506 2
1704631514 4
1704631522 5
1704631530 5
1704631538 27
1704631546 11
1704631554 2
1704631562 2
1704631570 6
1704631578 1
1704631586 5
1704631594 1
1704631602 1
1704631610 5
1704631618 13
1704631626 1
1704631634 3
1704631642 4
1704631650 3
1704631658 4
1704631666 3
1704631674 6
1704631682 5
1704631690 0
1704631698 2
1704631706 4
1704631714 12
1704631722 3
1704631730 4
1704631738 0
1704631746 3
1704631754 1
1704631762 2
1704631770 5
1704631778 5
1704631786 5
1704631794 5
1704631802 4
1704631810 8
1704631818 11
1704631826 4
1704631834 9
1704631842 14
1704631850 1
1704631858 3
1704631866 2
1704631874 6
1704631882 3
1704631890 2
1704631898 11
1704631906 1



# Sketch: 31
1704631314 10
1704631322 4
1704631330 0
1704631338 3
1704631346 3
1704631354 0
1704631362 4
1704631370 0
1704631378 3
1704631386 5
1704631394 4
1704631402 4
1704631410 4
1704631418 1
1704631426 2
1704631434 3
1704631442 4
1704631450 4
1704631458 3
1704631466 1
1704631474 1
1704631482 4
1704631490 6
1704631498 4
1704631506 5
1704631514 8
1704631522 0
1704631530 13
1704631538 3
1704631546 3
1704631554 5
1704631562 3
1704631570 9
1704631578 5
1704631586 8
1704631594 0
1704631602 2
1704631610 4
1704631618 4
1704631626 2
1704631634 3
1704631642 4
1704631650 6
1704631658 2
1704631666 2
1704631674 3
1704631682 5
1704631690 6
1704631698 2
1704631706 4
1704631714 0
1704631722 1
1704631730 0
1704631738 0
1704631746 2
1704631754 4
1704631762 5
1704631770 4
1704631778 0
1704631786 2
1704631794 6
1704631802 3
1704631810 7
1704631818 10
1704631826 11
1704631834 3
1704631842 11
1704631850 7
1704631858 2
1704631866 1
1704631874 4
1704631882 3
1704631890 5
1704631898 7
1704631906 8

