

# Sketch: 0
1704631314 37
1704631378 36
1704631442 33
1704631506 40
1704631570 45
1704631634 36
1704631698 23
1704631762 41
1704631826 43
1704631890 9



# Sketch: 1
1704631314 16
1704631378 27
1704631442 31
1704631506 37
1704631570 48
1704631634 13
1704631698 26
1704631762 27
1704631826 41
1704631890 11



# Sketch: 2
1704631314 25
1704631378 37
1704631442 19
1704631506 45
1704631570 22
1704631634 57
1704631698 41
1704631762 35
1704631826 24
1704631890 9



# Sketch: 3
1704631314 35
1704631378 22
1704631442 28
1704631506 41
1704631570 15
1704631634 16
1704631698 29
1704631762 33
1704631826 42
1704631890 6



# Sketch: 4
1704631314 23
1704631378 39
1704631442 23
1704631506 52
1704631570 42
1704631634 15
1704631698 38
1704631762 40
1704631826 40
1704631890 9



# Sketch: 5
1704631314 28
1704631378 30
1704631442 20
1704631506 24
1704631570 45
1704631634 33
1704631698 44
1704631762 47
1704631826 30
1704631890 7



# Sketch: 6
1704631314 23
1704631378 32
1704631442 23
1704631506 25
1704631570 34
1704631634 19
1704631698 22
1704631762 26
1704631826 64
1704631890 20



# Sketch: 7
1704631314 19
1704631378 42
1704631442 28
1704631506 37
1704631570 51
1704631634 25
1704631698 42
1704631762 31
1704631826 25
1704631890 13



# Sketch: 8
1704631314 27
1704631378 36
1704631442 25
1704631506 28
1704631570 33
1704631634 37
1704631698 19
1704631762 41
1704631826 28
1704631890 12



# Sketch: 9
1704631314 30
1704631378 33
1704631442 35
1704631506 37
1704631570 34
1704631634 50
1704631698 21
1704631762 38
1704631826 24
1704631890 9



# Sketch: 10
1704631314 29
1704631378 36
1704631442 33
1704631506 41
1704631570 65
1704631634 39
1704631698 31
1704631762 31
1704631826 44
1704631890 15



# Sketch: 11
1704631314 37
1704631378 60
1704631442 40
1704631506 42
1704631570 38
1704631634 56
1704631698 32
1704631762 34
1704631826 43
1704631890 14



# Sketch: 12
1704631314 35
1704631378 31
1704631442 46
1704631506 47
1704631570 45
1704631634 44
1704631698 21
1704631762 77
1704631826 49
1704631890 9



# Sketch: 13
1704631314 49
1704631378 18
1704631442 13
1704631506 17
1704631570 30
1704631634 32
1704631698 21
1704631762 54
1704631826 27
1704631890 8



# Sketch: 14
1704631314 27
1704631378 24
1704631442 54
1704631506 31
1704631570 25
1704631634 32
1704631698 26
1704631762 31
1704631826 26
1704631890 9



# Sketch: 15
1704631314 32
1704631378 29
1704631442 39
1704631506 73
1704631570 32
1704631634 23
1704631698 27
1704631762 39
1704631826 34
1704631890 10



# Sketch: 16
1704631314 35
1704631378 31
1704631442 29
1704631506 38
1704631570 19
1704631634 43
1704631698 24
1704631762 22
1704631826 42
1704631890 11



# Sketch: 17
1704631314 28
1704631378 29
1704631442 33
1704631506 25
1704631570 27
1704631634 39
1704631698 39
1704631762 40
1704631826 33
1704631890 5



# Sketch: 18
1704631314 27
1704631378 23
1704631442 27
1704631506 28
1704631570 29
1704631634 15
1704631698 7
1704631762 33
1704631826 36
1704631890 17



# Sketch: 19
1704631314 55
1704631378 55
1704631442 54
1704631506 23
1704631570 35
1704631634 29
1704631698 21
1704631762 31
1704631826 29
1704631890 19



# Sketch: 20
1704631314 24
1704631378 39
1704631442 16
1704631506 17
1704631570 33
1704631634 23
1704631698 33
1704631762 27
1704631826 27
1704631890 12



# Sketch: 21
1704631314 43
1704631378 53
1704631442 37
1704631506 46
1704631570 55
1704631634 60
1704631698 34
1704631762 57
1704631826 60
1704631890 13



# Sketch: 22
1704631314 39
1704631378 44
1704631442 27
1704631506 63
1704631570 71
1704631634 28
1704631698 28
1704631762 49
1704631826 53
1704631890 7



# Sketch: 23
1704631314 19
1704631378 26
1704631442 30
1704631506 23
1704631570 28
1704631634 34
1704631698 19
1704631762 34
1704631826 26
1704631890 10



# Sketch: 24
1704631314 23
1704631378 55
1704631442 35
1704631506 39
1704631570 72
1704631634 51
1704631698 37
1704631762 28
1704631826 40
1704631890 37



# Sketch: 25
1704631314 34
1704631378 55
1704631442 37
1704631506 43
1704631570 34
1704631634 30
1704631698 11
1704631762 45
1704631826 38
1704631890 10



# Sketch: 26
1704631314 31
1704631378 32
1704631442 51
1704631506 53
1704631570 30
1704631634 33
1704631698 36
1704631762 37
1704631826 59
1704631890 8



# Sketch: 27
1704631314 27
1704631378 24
1704631442 42
1704631506 31
1704631570 29
1704631634 19
1704631698 34
1704631762 45
1704631826 35
1704631890 14



# Sketch: 28
1704631314 36
1704631378 34
1704631442 22
1704631506 28
1704631570 45
1704631634 31
1704631698 23
1704631762 59
1704631826 29
1704631890 17



# Sketch: 29
1704631314 39
1704631378 40
1704631442 21
1704631506 28
1704631570 24
1704631634 22
1704631698 30
1704631762 52
1704631826 36
1704631890 4



# Sketch: 30
1704631314 45
1704631378 50
1704631442 22
1704631506 47
1704631570 119
1704631634 92
1704631698 44
1704631762 34
1704631826 46
1704631890 7



# Sketch: 31
1704631314 31
1704631378 45
1704631442 25
1704631506 52
1704631570 79
1704631634 83
1704631698 31
1704631762 46
1704631826 30
1704631890 15

