

# Sketch: 0
1704566514 44
1704566642 62
1704566770 51
1704566898 51
1704567026 23



# Sketch: 1
1704566514 45
1704566642 89
1704566770 64
1704566898 46
1704567026 20



# Sketch: 2
1704566514 98
1704566642 113
1704566770 121
1704566898 75
1704567026 38



# Sketch: 3
1704566514 65
1704566642 73
1704566770 64
1704566898 49
1704567026 29



# Sketch: 4
1704566514 60
1704566642 66
1704566770 69
1704566898 57
1704567026 39



# Sketch: 5
1704566514 76
1704566642 62
1704566770 65
1704566898 40
1704567026 47



# Sketch: 6
1704566514 43
1704566642 103
1704566770 95
1704566898 95
1704567026 37



# Sketch: 7
1704566514 58
1704566642 81
1704566770 50
1704566898 66
1704567026 27



# Sketch: 8
1704566514 70
1704566642 94
1704566770 78
1704566898 78
1704567026 32



# Sketch: 9
1704566514 74
1704566642 115
1704566770 65
1704566898 99
1704567026 19



# Sketch: 10
1704566514 74
1704566642 90
1704566770 64
1704566898 52
1704567026 38



# Sketch: 11
1704566514 64
1704566642 98
1704566770 97
1704566898 66
1704567026 74



# Sketch: 12
1704566514 44
1704566642 72
1704566770 44
1704566898 58
1704567026 21



# Sketch: 13
1704566514 79
1704566642 93
1704566770 71
1704566898 64
1704567026 44



# Sketch: 14
1704566514 61
1704566642 99
1704566770 124
1704566898 111
1704567026 48



# Sketch: 15
1704566514 86
1704566642 83
1704566770 59
1704566898 87
1704567026 35



# Sketch: 16
1704566514 70
1704566642 62
1704566770 71
1704566898 27
1704567026 28



# Sketch: 17
1704566514 60
1704566642 62
1704566770 49
1704566898 63
1704567026 37



# Sketch: 18
1704566514 51
1704566642 95
1704566770 77
1704566898 32
1704567026 62



# Sketch: 19
1704566514 39
1704566642 64
1704566770 54
1704566898 43
1704567026 16



# Sketch: 20
1704566514 50
1704566642 72
1704566770 47
1704566898 79
1704567026 45



# Sketch: 21
1704566514 96
1704566642 144
1704566770 127
1704566898 73
1704567026 48



# Sketch: 22
1704566514 62
1704566642 61
1704566770 64
1704566898 42
1704567026 32



# Sketch: 23
1704566514 49
1704566642 64
1704566770 64
1704566898 38
1704567026 23



# Sketch: 24
1704566514 64
1704566642 75
1704566770 45
1704566898 74
1704567026 34



# Sketch: 25
1704566514 72
1704566642 66
1704566770 77
1704566898 78
1704567026 28



# Sketch: 26
1704566514 90
1704566642 57
1704566770 70
1704566898 68
1704567026 46



# Sketch: 27
1704566514 65
1704566642 137
1704566770 108
1704566898 91
1704567026 53



# Sketch: 28
1704566514 65
1704566642 87
1704566770 77
1704566898 70
1704567026 45



# Sketch: 29
1704566514 63
1704566642 62
1704566770 88
1704566898 88
1704567026 32



# Sketch: 30
1704566514 54
1704566642 60
1704566770 94
1704566898 43
1704567026 37



# Sketch: 31
1704566514 37
1704566642 83
1704566770 51
1704566898 40
1704567026 24

