

# Sketch: 0
1704566514 11
1704566546 13
1704566578 15
1704566610 8
1704566642 11
1704566674 12
1704566706 22
1704566738 6
1704566770 19
1704566802 12
1704566834 11
1704566866 6
1704566898 13
1704566930 5
1704566962 17
1704566994 8
1704567026 3
1704567058 18
1704567090 5



# Sketch: 1
1704566514 20
1704566546 10
1704566578 44
1704566610 18
1704566642 16
1704566674 11
1704566706 29
1704566738 10
1704566770 8
1704566802 15
1704566834 32
1704566866 21
1704566898 19
1704566930 11
1704566962 10
1704566994 22
1704567026 6
1704567058 32
1704567090 4



# Sketch: 2
1704566514 10
1704566546 11
1704566578 17
1704566610 12
1704566642 7
1704566674 10
1704566706 45
1704566738 12
1704566770 10
1704566802 18
1704566834 20
1704566866 12
1704566898 11
1704566930 4
1704566962 11
1704566994 13
1704567026 10
1704567058 8
1704567090 15



# Sketch: 3
1704566514 14
1704566546 13
1704566578 12
1704566610 8
1704566642 19
1704566674 10
1704566706 14
1704566738 12
1704566770 22
1704566802 21
1704566834 15
1704566866 18
1704566898 22
1704566930 9
1704566962 8
1704566994 23
1704567026 8
1704567058 19
1704567090 10



# Sketch: 4
1704566514 14
1704566546 19
1704566578 11
1704566610 7
1704566642 29
1704566674 18
1704566706 22
1704566738 13
1704566770 54
1704566802 5
1704566834 11
1704566866 34
1704566898 16
1704566930 46
1704566962 31
1704566994 20
1704567026 17
1704567058 6
1704567090 3



# Sketch: 5
1704566514 15
1704566546 16
1704566578 14
1704566610 4
1704566642 12
1704566674 14
1704566706 35
1704566738 16
1704566770 13
1704566802 8
1704566834 18
1704566866 26
1704566898 10
1704566930 25
1704566962 6
1704566994 11
1704567026 6
1704567058 8
1704567090 15



# Sketch: 6
1704566514 15
1704566546 7
1704566578 10
1704566610 13
1704566642 11
1704566674 19
1704566706 27
1704566738 10
1704566770 23
1704566802 6
1704566834 8
1704566866 8
1704566898 21
1704566930 11
1704566962 9
1704566994 12
1704567026 6
1704567058 21
1704567090 4



# Sketch: 7
1704566514 18
1704566546 17
1704566578 14
1704566610 6
1704566642 17
1704566674 12
1704566706 26
1704566738 25
1704566770 34
1704566802 18
1704566834 20
1704566866 25
1704566898 13
1704566930 14
1704566962 29
1704566994 23
1704567026 15
1704567058 22
1704567090 10



# Sketch: 8
1704566514 19
1704566546 15
1704566578 19
1704566610 10
1704566642 25
1704566674 21
1704566706 29
1704566738 39
1704566770 9
1704566802 27
1704566834 13
1704566866 15
1704566898 24
1704566930 17
1704566962 16
1704566994 28
1704567026 17
1704567058 22
1704567090 12



# Sketch: 9
1704566514 27
1704566546 15
1704566578 15
1704566610 10
1704566642 27
1704566674 5
1704566706 46
1704566738 15
1704566770 19
1704566802 17
1704566834 22
1704566866 12
1704566898 34
1704566930 19
1704566962 9
1704566994 12
1704567026 9
1704567058 6
1704567090 16



# Sketch: 10
1704566514 12
1704566546 22
1704566578 44
1704566610 21
1704566642 24
1704566674 8
1704566706 25
1704566738 37
1704566770 15
1704566802 12
1704566834 19
1704566866 51
1704566898 22
1704566930 14
1704566962 10
1704566994 7
1704567026 19
1704567058 10
1704567090 8



# Sketch: 11
1704566514 7
1704566546 11
1704566578 20
1704566610 8
1704566642 10
1704566674 8
1704566706 9
1704566738 15
1704566770 9
1704566802 11
1704566834 19
1704566866 9
1704566898 13
1704566930 36
1704566962 18
1704566994 12
1704567026 15
1704567058 9
1704567090 9



# Sketch: 12
1704566514 21
1704566546 11
1704566578 22
1704566610 12
1704566642 13
1704566674 14
1704566706 20
1704566738 19
1704566770 14
1704566802 16
1704566834 16
1704566866 26
1704566898 12
1704566930 14
1704566962 13
1704566994 21
1704567026 5
1704567058 7
1704567090 12



# Sketch: 13
1704566514 22
1704566546 18
1704566578 18
1704566610 9
1704566642 33
1704566674 8
1704566706 18
1704566738 17
1704566770 29
1704566802 15
1704566834 21
1704566866 26
1704566898 14
1704566930 46
1704566962 9
1704566994 16
1704567026 8
1704567058 6
1704567090 16



# Sketch: 14
1704566514 12
1704566546 21
1704566578 20
1704566610 13
1704566642 11
1704566674 8
1704566706 42
1704566738 20
1704566770 13
1704566802 10
1704566834 24
1704566866 31
1704566898 11
1704566930 17
1704566962 9
1704566994 20
1704567026 11
1704567058 6
1704567090 9



# Sketch: 15
1704566514 27
1704566546 24
1704566578 28
1704566610 10
1704566642 27
1704566674 33
1704566706 29
1704566738 43
1704566770 27
1704566802 50
1704566834 27
1704566866 16
1704566898 11
1704566930 23
1704566962 10
1704566994 34
1704567026 12
1704567058 26
1704567090 9



# Sketch: 16
1704566514 9
1704566546 11
1704566578 29
1704566610 17
1704566642 9
1704566674 12
1704566706 39
1704566738 8
1704566770 18
1704566802 18
1704566834 17
1704566866 8
1704566898 27
1704566930 21
1704566962 13
1704566994 12
1704567026 19
1704567058 9
1704567090 6



# Sketch: 17
1704566514 10
1704566546 20
1704566578 11
1704566610 9
1704566642 14
1704566674 43
1704566706 28
1704566738 20
1704566770 14
1704566802 18
1704566834 14
1704566866 22
1704566898 9
1704566930 18
1704566962 7
1704566994 9
1704567026 6
1704567058 13
1704567090 2



# Sketch: 18
1704566514 21
1704566546 14
1704566578 16
1704566610 27
1704566642 14
1704566674 16
1704566706 60
1704566738 6
1704566770 6
1704566802 13
1704566834 13
1704566866 14
1704566898 13
1704566930 16
1704566962 9
1704566994 12
1704567026 3
1704567058 23
1704567090 13



# Sketch: 19
1704566514 16
1704566546 12
1704566578 13
1704566610 15
1704566642 15
1704566674 15
1704566706 42
1704566738 17
1704566770 18
1704566802 10
1704566834 19
1704566866 11
1704566898 15
1704566930 18
1704566962 1
1704566994 16
1704567026 11
1704567058 14
1704567090 3



# Sketch: 20
1704566514 16
1704566546 20
1704566578 26
1704566610 14
1704566642 15
1704566674 15
1704566706 19
1704566738 24
1704566770 26
1704566802 15
1704566834 31
1704566866 17
1704566898 20
1704566930 9
1704566962 14
1704566994 26
1704567026 10
1704567058 7
1704567090 7



# Sketch: 21
1704566514 11
1704566546 5
1704566578 12
1704566610 16
1704566642 34
1704566674 19
1704566706 33
1704566738 14
1704566770 14
1704566802 18
1704566834 18
1704566866 20
1704566898 14
1704566930 16
1704566962 5
1704566994 19
1704567026 11
1704567058 19
1704567090 12



# Sketch: 22
1704566514 12
1704566546 51
1704566578 33
1704566610 7
1704566642 15
1704566674 39
1704566706 34
1704566738 42
1704566770 17
1704566802 28
1704566834 27
1704566866 21
1704566898 8
1704566930 26
1704566962 13
1704566994 22
1704567026 18
1704567058 25
1704567090 5



# Sketch: 23
1704566514 4
1704566546 11
1704566578 21
1704566610 8
1704566642 21
1704566674 14
1704566706 30
1704566738 17
1704566770 21
1704566802 4
1704566834 14
1704566866 5
1704566898 6
1704566930 7
1704566962 15
1704566994 14
1704567026 3
1704567058 52
1704567090 11



# Sketch: 24
1704566514 8
1704566546 9
1704566578 15
1704566610 9
1704566642 14
1704566674 10
1704566706 48
1704566738 19
1704566770 20
1704566802 20
1704566834 21
1704566866 15
1704566898 15
1704566930 27
1704566962 14
1704566994 14
1704567026 16
1704567058 6
1704567090 7



# Sketch: 25
1704566514 18
1704566546 18
1704566578 9
1704566610 8
1704566642 18
1704566674 9
1704566706 26
1704566738 10
1704566770 19
1704566802 16
1704566834 3
1704566866 7
1704566898 10
1704566930 18
1704566962 16
1704566994 17
1704567026 11
1704567058 13
1704567090 12



# Sketch: 26
1704566514 17
1704566546 31
1704566578 36
1704566610 9
1704566642 15
1704566674 18
1704566706 32
1704566738 10
1704566770 20
1704566802 15
1704566834 12
1704566866 31
1704566898 15
1704566930 11
1704566962 15
1704566994 25
1704567026 8
1704567058 11
1704567090 10



# Sketch: 27
1704566514 10
1704566546 27
1704566578 14
1704566610 34
1704566642 10
1704566674 28
1704566706 41
1704566738 52
1704566770 21
1704566802 71
1704566834 29
1704566866 16
1704566898 21
1704566930 23
1704566962 24
1704566994 10
1704567026 34
1704567058 24
1704567090 14



# Sketch: 28
1704566514 17
1704566546 24
1704566578 20
1704566610 20
1704566642 6
1704566674 11
1704566706 8
1704566738 8
1704566770 14
1704566802 37
1704566834 21
1704566866 9
1704566898 7
1704566930 13
1704566962 9
1704566994 10
1704567026 18
1704567058 9
1704567090 15



# Sketch: 29
1704566514 6
1704566546 9
1704566578 5
1704566610 14
1704566642 7
1704566674 14
1704566706 36
1704566738 32
1704566770 23
1704566802 18
1704566834 16
1704566866 12
1704566898 10
1704566930 21
1704566962 8
1704566994 15
1704567026 11
1704567058 22
1704567090 6



# Sketch: 30
1704566514 24
1704566546 12
1704566578 20
1704566610 11
1704566642 21
1704566674 10
1704566706 19
1704566738 20
1704566770 9
1704566802 15
1704566834 13
1704566866 24
1704566898 18
1704566930 15
1704566962 11
1704566994 31
1704567026 6
1704567058 15
1704567090 6



# Sketch: 31
1704566514 18
1704566546 17
1704566578 11
1704566610 12
1704566642 15
1704566674 24
1704566706 44
1704566738 16
1704566770 18
1704566802 16
1704566834 11
1704566866 12
1704566898 15
1704566930 28
1704566962 18
1704566994 15
1704567026 15
1704567058 8
1704567090 12

