

# Sketch: 0
1704566514 4
1704566530 8
1704566546 9
1704566562 7
1704566578 3
1704566594 5
1704566610 5
1704566626 9
1704566642 12
1704566658 8
1704566674 3
1704566690 3
1704566706 8
1704566722 21
1704566738 5
1704566754 6
1704566770 8
1704566786 8
1704566802 11
1704566818 5
1704566834 8
1704566850 11
1704566866 3
1704566882 10
1704566898 3
1704566914 8
1704566930 3
1704566946 4
1704566962 2
1704566978 5
1704566994 12
1704567010 11
1704567026 14
1704567042 7
1704567058 2
1704567074 26
1704567090 7
1704567106 1



# Sketch: 1
1704566514 1
1704566530 1
1704566546 10
1704566562 9
1704566578 5
1704566594 10
1704566610 4
1704566626 2
1704566642 7
1704566658 4
1704566674 13
1704566690 1
1704566706 13
1704566722 18
1704566738 15
1704566754 2
1704566770 0
1704566786 50
1704566802 13
1704566818 10
1704566834 7
1704566850 7
1704566866 27
1704566882 8
1704566898 17
1704566914 13
1704566930 0
1704566946 22
1704566962 11
1704566978 7
1704566994 9
1704567010 4
1704567026 4
1704567042 2
1704567058 2
1704567074 9
1704567090 5
1704567106 5



# Sketch: 2
1704566514 7
1704566530 9
1704566546 15
1704566562 13
1704566578 3
1704566594 22
1704566610 2
1704566626 7
1704566642 2
1704566658 9
1704566674 19
1704566690 3
1704566706 5
1704566722 21
1704566738 8
1704566754 6
1704566770 16
1704566786 9
1704566802 2
1704566818 4
1704566834 7
1704566850 6
1704566866 12
1704566882 13
1704566898 6
1704566914 14
1704566930 6
1704566946 29
1704566962 6
1704566978 6
1704566994 11
1704567010 5
1704567026 2
1704567042 6
1704567058 16
1704567074 4
1704567090 3
1704567106 1



# Sketch: 3
1704566514 14
1704566530 4
1704566546 8
1704566562 2
1704566578 6
1704566594 6
1704566610 10
1704566626 4
1704566642 11
1704566658 1
1704566674 9
1704566690 4
1704566706 9
1704566722 28
1704566738 3
1704566754 3
1704566770 11
1704566786 20
1704566802 9
1704566818 25
1704566834 8
1704566850 8
1704566866 14
1704566882 11
1704566898 4
1704566914 6
1704566930 6
1704566946 8
1704566962 4
1704566978 7
1704566994 15
1704567010 7
1704567026 3
1704567042 3
1704567058 8
1704567074 3
1704567090 4
1704567106 5



# Sketch: 4
1704566514 4
1704566530 4
1704566546 12
1704566562 10
1704566578 2
1704566594 6
1704566610 3
1704566626 11
1704566642 29
1704566658 7
1704566674 8
1704566690 9
1704566706 0
1704566722 23
1704566738 9
1704566754 6
1704566770 5
1704566786 13
1704566802 7
1704566818 13
1704566834 3
1704566850 11
1704566866 4
1704566882 7
1704566898 3
1704566914 9
1704566930 11
1704566946 9
1704566962 5
1704566978 2
1704566994 15
1704567010 12
1704567026 6
1704567042 4
1704567058 9
1704567074 3
1704567090 5
1704567106 0



# Sketch: 5
1704566514 10
1704566530 6
1704566546 12
1704566562 11
1704566578 40
1704566594 11
1704566610 7
1704566626 5
1704566642 14
1704566658 4
1704566674 3
1704566690 18
1704566706 4
1704566722 21
1704566738 9
1704566754 4
1704566770 14
1704566786 5
1704566802 9
1704566818 3
1704566834 10
1704566850 12
1704566866 6
1704566882 7
1704566898 11
1704566914 1
1704566930 1
1704566946 5
1704566962 27
1704566978 4
1704566994 7
1704567010 16
1704567026 2
1704567042 3
1704567058 7
1704567074 17
1704567090 4
1704567106 4



# Sketch: 6
1704566514 4
1704566530 7
1704566546 5
1704566562 13
1704566578 7
1704566594 4
1704566610 1
1704566626 8
1704566642 9
1704566658 2
1704566674 8
1704566690 9
1704566706 12
1704566722 19
1704566738 9
1704566754 13
1704566770 7
1704566786 6
1704566802 15
1704566818 4
1704566834 3
1704566850 6
1704566866 4
1704566882 7
1704566898 6
1704566914 3
1704566930 6
1704566946 7
1704566962 4
1704566978 6
1704566994 4
1704567010 24
1704567026 3
1704567042 3
1704567058 10
1704567074 8
1704567090 6
1704567106 3



# Sketch: 7
1704566514 1
1704566530 8
1704566546 11
1704566562 11
1704566578 10
1704566594 6
1704566610 8
1704566626 11
1704566642 10
1704566658 7
1704566674 11
1704566690 9
1704566706 9
1704566722 11
1704566738 5
1704566754 13
1704566770 13
1704566786 4
1704566802 2
1704566818 7
1704566834 4
1704566850 14
1704566866 4
1704566882 7
1704566898 10
1704566914 10
1704566930 2
1704566946 14
1704566962 4
1704566978 3
1704566994 5
1704567010 7
1704567026 4
1704567042 9
1704567058 12
1704567074 13
1704567090 8
1704567106 4



# Sketch: 8
1704566514 3
1704566530 9
1704566546 8
1704566562 6
1704566578 7
1704566594 16
1704566610 3
1704566626 2
1704566642 7
1704566658 2
1704566674 4
1704566690 7
1704566706 13
1704566722 28
1704566738 15
1704566754 9
1704566770 1
1704566786 8
1704566802 14
1704566818 11
1704566834 8
1704566850 13
1704566866 20
1704566882 7
1704566898 9
1704566914 5
1704566930 8
1704566946 5
1704566962 5
1704566978 5
1704566994 6
1704567010 4
1704567026 0
1704567042 2
1704567058 6
1704567074 2
1704567090 3
1704567106 0



# Sketch: 9
1704566514 11
1704566530 10
1704566546 6
1704566562 9
1704566578 11
1704566594 7
1704566610 7
1704566626 9
1704566642 8
1704566658 16
1704566674 6
1704566690 10
1704566706 12
1704566722 25
1704566738 3
1704566754 8
1704566770 20
1704566786 5
1704566802 1
1704566818 18
1704566834 4
1704566850 12
1704566866 2
1704566882 7
1704566898 7
1704566914 5
1704566930 14
1704566946 2
1704566962 6
1704566978 2
1704566994 14
1704567010 5
1704567026 0
1704567042 6
1704567058 6
1704567074 8
1704567090 7
1704567106 4



# Sketch: 10
1704566514 4
1704566530 9
1704566546 6
1704566562 25
1704566578 8
1704566594 10
1704566610 13
1704566626 8
1704566642 7
1704566658 6
1704566674 7
1704566690 13
1704566706 17
1704566722 13
1704566738 10
1704566754 31
1704566770 6
1704566786 12
1704566802 22
1704566818 29
1704566834 21
1704566850 7
1704566866 28
1704566882 6
1704566898 7
1704566914 14
1704566930 11
1704566946 23
1704566962 2
1704566978 15
1704566994 5
1704567010 2
1704567026 5
1704567042 4
1704567058 13
1704567074 11
1704567090 2
1704567106 4



# Sketch: 11
1704566514 19
1704566530 9
1704566546 10
1704566562 3
1704566578 14
1704566594 16
1704566610 1
1704566626 11
1704566642 13
1704566658 3
1704566674 5
1704566690 6
1704566706 3
1704566722 15
1704566738 5
1704566754 3
1704566770 10
1704566786 4
1704566802 13
1704566818 6
1704566834 5
1704566850 14
1704566866 10
1704566882 4
1704566898 5
1704566914 4
1704566930 14
1704566946 14
1704566962 6
1704566978 6
1704566994 8
1704567010 6
1704567026 4
1704567042 6
1704567058 7
1704567074 4
1704567090 7
1704567106 3



# Sketch: 12
1704566514 4
1704566530 13
1704566546 3
1704566562 8
1704566578 6
1704566594 6
1704566610 3
1704566626 1
1704566642 11
1704566658 5
1704566674 7
1704566690 3
1704566706 7
1704566722 17
1704566738 15
1704566754 9
1704566770 12
1704566786 5
1704566802 12
1704566818 3
1704566834 8
1704566850 12
1704566866 2
1704566882 8
1704566898 13
1704566914 1
1704566930 11
1704566946 8
1704566962 3
1704566978 5
1704566994 6
1704567010 10
1704567026 1
1704567042 2
1704567058 4
1704567074 4
1704567090 3
1704567106 4



# Sketch: 13
1704566514 2
1704566530 3
1704566546 12
1704566562 11
1704566578 1
1704566594 6
1704566610 7
1704566626 20
1704566642 11
1704566658 14
1704566674 7
1704566690 15
1704566706 20
1704566722 23
1704566738 9
1704566754 33
1704566770 11
1704566786 13
1704566802 7
1704566818 50
1704566834 39
1704566850 8
1704566866 9
1704566882 11
1704566898 6
1704566914 8
1704566930 11
1704566946 14
1704566962 11
1704566978 10
1704566994 3
1704567010 0
1704567026 2
1704567042 23
1704567058 13
1704567074 11
1704567090 7
1704567106 5



# Sketch: 14
1704566514 5
1704566530 12
1704566546 7
1704566562 6
1704566578 5
1704566594 29
1704566610 6
1704566626 5
1704566642 19
1704566658 2
1704566674 5
1704566690 8
1704566706 14
1704566722 26
1704566738 8
1704566754 10
1704566770 13
1704566786 11
1704566802 9
1704566818 6
1704566834 8
1704566850 10
1704566866 7
1704566882 8
1704566898 13
1704566914 3
1704566930 1
1704566946 13
1704566962 5
1704566978 9
1704566994 18
1704567010 16
1704567026 14
1704567042 0
1704567058 10
1704567074 6
1704567090 8
1704567106 0



# Sketch: 15
1704566514 11
1704566530 12
1704566546 6
1704566562 3
1704566578 10
1704566594 7
1704566610 9
1704566626 15
1704566642 12
1704566658 13
1704566674 4
1704566690 7
1704566706 3
1704566722 15
1704566738 13
1704566754 14
1704566770 4
1704566786 6
1704566802 7
1704566818 10
1704566834 11
1704566850 12
1704566866 4
1704566882 10
1704566898 21
1704566914 6
1704566930 5
1704566946 7
1704566962 7
1704566978 2
1704566994 6
1704567010 8
1704567026 5
1704567042 4
1704567058 6
1704567074 11
1704567090 3
1704567106 9



# Sketch: 16
1704566514 8
1704566530 7
1704566546 5
1704566562 11
1704566578 5
1704566594 6
1704566610 8
1704566626 5
1704566642 12
1704566658 5
1704566674 10
1704566690 16
1704566706 4
1704566722 22
1704566738 18
1704566754 9
1704566770 9
1704566786 4
1704566802 4
1704566818 9
1704566834 12
1704566850 3
1704566866 5
1704566882 10
1704566898 7
1704566914 5
1704566930 4
1704566946 28
1704566962 18
1704566978 8
1704566994 9
1704567010 5
1704567026 5
1704567042 11
1704567058 0
1704567074 9
1704567090 11
1704567106 4



# Sketch: 17
1704566514 10
1704566530 14
1704566546 16
1704566562 7
1704566578 3
1704566594 13
1704566610 5
1704566626 3
1704566642 4
1704566658 4
1704566674 9
1704566690 10
1704566706 8
1704566722 24
1704566738 4
1704566754 5
1704566770 28
1704566786 4
1704566802 7
1704566818 6
1704566834 8
1704566850 8
1704566866 7
1704566882 4
1704566898 3
1704566914 4
1704566930 8
1704566946 8
1704566962 10
1704566978 10
1704566994 7
1704567010 4
1704567026 1
1704567042 5
1704567058 3
1704567074 3
1704567090 2
1704567106 2



# Sketch: 18
1704566514 5
1704566530 12
1704566546 12
1704566562 3
1704566578 9
1704566594 6
1704566610 6
1704566626 2
1704566642 1
1704566658 4
1704566674 5
1704566690 8
1704566706 6
1704566722 19
1704566738 15
1704566754 4
1704566770 8
1704566786 6
1704566802 7
1704566818 2
1704566834 4
1704566850 3
1704566866 11
1704566882 4
1704566898 10
1704566914 3
1704566930 6
1704566946 2
1704566962 5
1704566978 9
1704566994 11
1704567010 5
1704567026 1
1704567042 5
1704567058 8
1704567074 6
1704567090 9
1704567106 2



# Sketch: 19
1704566514 6
1704566530 4
1704566546 8
1704566562 3
1704566578 5
1704566594 14
1704566610 6
1704566626 3
1704566642 5
1704566658 12
1704566674 9
1704566690 3
1704566706 13
1704566722 14
1704566738 7
1704566754 14
1704566770 6
1704566786 2
1704566802 9
1704566818 8
1704566834 13
1704566850 4
1704566866 8
1704566882 6
1704566898 13
1704566914 3
1704566930 7
1704566946 9
1704566962 7
1704566978 9
1704566994 10
1704567010 4
1704567026 4
1704567042 2
1704567058 7
1704567074 3
1704567090 10
1704567106 3



# Sketch: 20
1704566514 3
1704566530 7
1704566546 7
1704566562 4
1704566578 5
1704566594 18
1704566610 3
1704566626 11
1704566642 12
1704566658 8
1704566674 10
1704566690 4
1704566706 3
1704566722 28
1704566738 5
1704566754 13
1704566770 7
1704566786 4
1704566802 6
1704566818 4
1704566834 4
1704566850 7
1704566866 14
1704566882 9
1704566898 6
1704566914 5
1704566930 9
1704566946 11
1704566962 9
1704566978 12
1704566994 14
1704567010 7
1704567026 6
1704567042 6
1704567058 2
1704567074 2
1704567090 8
1704567106 1



# Sketch: 21
1704566514 6
1704566530 6
1704566546 6
1704566562 7
1704566578 19
1704566594 12
1704566610 11
1704566626 7
1704566642 9
1704566658 11
1704566674 6
1704566690 5
1704566706 10
1704566722 18
1704566738 6
1704566754 13
1704566770 5
1704566786 12
1704566802 5
1704566818 12
1704566834 4
1704566850 12
1704566866 6
1704566882 15
1704566898 8
1704566914 7
1704566930 5
1704566946 7
1704566962 3
1704566978 6
1704566994 11
1704567010 9
1704567026 10
1704567042 10
1704567058 16
1704567074 7
1704567090 10
1704567106 9



# Sketch: 22
1704566514 9
1704566530 10
1704566546 8
1704566562 4
1704566578 7
1704566594 7
1704566610 5
1704566626 5
1704566642 6
1704566658 8
1704566674 2
1704566690 8
1704566706 6
1704566722 13
1704566738 5
1704566754 3
1704566770 5
1704566786 4
1704566802 12
1704566818 3
1704566834 11
1704566850 8
1704566866 13
1704566882 9
1704566898 7
1704566914 9
1704566930 7
1704566946 16
1704566962 1
1704566978 5
1704566994 7
1704567010 7
1704567026 16
1704567042 6
1704567058 4
1704567074 7
1704567090 3
1704567106 3



# Sketch: 23
1704566514 8
1704566530 24
1704566546 14
1704566562 4
1704566578 4
1704566594 10
1704566610 10
1704566626 12
1704566642 12
1704566658 14
1704566674 10
1704566690 5
1704566706 10
1704566722 28
1704566738 5
1704566754 10
1704566770 17
1704566786 10
1704566802 8
1704566818 5
1704566834 9
1704566850 15
1704566866 4
1704566882 18
1704566898 11
1704566914 2
1704566930 7
1704566946 4
1704566962 3
1704566978 5
1704566994 12
1704567010 19
1704567026 11
1704567042 6
1704567058 6
1704567074 6
1704567090 7
1704567106 11



# Sketch: 24
1704566514 16
1704566530 8
1704566546 9
1704566562 4
1704566578 13
1704566594 4
1704566610 2
1704566626 10
1704566642 15
1704566658 5
1704566674 8
1704566690 3
1704566706 18
1704566722 24
1704566738 3
1704566754 10
1704566770 6
1704566786 7
1704566802 6
1704566818 7
1704566834 1
1704566850 6
1704566866 6
1704566882 22
1704566898 11
1704566914 8
1704566930 5
1704566946 5
1704566962 8
1704566978 11
1704566994 7
1704567010 9
1704567026 7
1704567042 6
1704567058 10
1704567074 9
1704567090 12
1704567106 8



# Sketch: 25
1704566514 1
1704566530 2
1704566546 8
1704566562 2
1704566578 12
1704566594 15
1704566610 6
1704566626 5
1704566642 8
1704566658 3
1704566674 4
1704566690 10
1704566706 9
1704566722 26
1704566738 1
1704566754 8
1704566770 8
1704566786 8
1704566802 10
1704566818 5
1704566834 5
1704566850 21
1704566866 8
1704566882 1
1704566898 10
1704566914 8
1704566930 15
1704566946 39
1704566962 5
1704566978 2
1704566994 13
1704567010 4
1704567026 5
1704567042 4
1704567058 6
1704567074 6
1704567090 2
1704567106 3



# Sketch: 26
1704566514 2
1704566530 3
1704566546 4
1704566562 8
1704566578 3
1704566594 2
1704566610 4
1704566626 3
1704566642 11
1704566658 5
1704566674 10
1704566690 29
1704566706 12
1704566722 41
1704566738 7
1704566754 10
1704566770 5
1704566786 6
1704566802 6
1704566818 2
1704566834 4
1704566850 5
1704566866 8
1704566882 4
1704566898 5
1704566914 3
1704566930 8
1704566946 4
1704566962 7
1704566978 1
1704566994 7
1704567010 2
1704567026 1
1704567042 15
1704567058 11
1704567074 6
1704567090 0
1704567106 1



# Sketch: 27
1704566514 6
1704566530 0
1704566546 2
1704566562 13
1704566578 8
1704566594 22
1704566610 1
1704566626 1
1704566642 5
1704566658 3
1704566674 13
1704566690 9
1704566706 8
1704566722 17
1704566738 2
1704566754 15
1704566770 8
1704566786 3
1704566802 9
1704566818 2
1704566834 9
1704566850 10
1704566866 13
1704566882 1
1704566898 6
1704566914 6
1704566930 11
1704566946 3
1704566962 4
1704566978 4
1704566994 6
1704567010 7
1704567026 4
1704567042 3
1704567058 12
1704567074 6
1704567090 6
1704567106 7



# Sketch: 28
1704566514 13
1704566530 9
1704566546 10
1704566562 7
1704566578 17
1704566594 5
1704566610 4
1704566626 4
1704566642 13
1704566658 4
1704566674 8
1704566690 4
1704566706 3
1704566722 17
1704566738 2
1704566754 10
1704566770 11
1704566786 10
1704566802 4
1704566818 5
1704566834 12
1704566850 14
1704566866 4
1704566882 12
1704566898 13
1704566914 10
1704566930 8
1704566946 10
1704566962 4
1704566978 6
1704566994 10
1704567010 8
1704567026 4
1704567042 6
1704567058 14
1704567074 4
1704567090 3
1704567106 1



# Sketch: 29
1704566514 7
1704566530 5
1704566546 4
1704566562 9
1704566578 7
1704566594 34
1704566610 5
1704566626 8
1704566642 17
1704566658 6
1704566674 3
1704566690 7
1704566706 11
1704566722 12
1704566738 4
1704566754 12
1704566770 15
1704566786 7
1704566802 2
1704566818 3
1704566834 10
1704566850 7
1704566866 8
1704566882 8
1704566898 7
1704566914 6
1704566930 7
1704566946 2
1704566962 7
1704566978 6
1704566994 8
1704567010 7
1704567026 5
1704567042 10
1704567058 1
1704567074 8
1704567090 1
1704567106 3



# Sketch: 30
1704566514 8
1704566530 13
1704566546 16
1704566562 12
1704566578 5
1704566594 9
1704566610 12
1704566626 4
1704566642 5
1704566658 2
1704566674 8
1704566690 17
1704566706 9
1704566722 23
1704566738 9
1704566754 35
1704566770 16
1704566786 6
1704566802 16
1704566818 24
1704566834 11
1704566850 4
1704566866 28
1704566882 6
1704566898 19
1704566914 7
1704566930 15
1704566946 12
1704566962 7
1704566978 4
1704566994 19
1704567010 1
1704567026 5
1704567042 12
1704567058 12
1704567074 17
1704567090 15
1704567106 2



# Sketch: 31
1704566514 9
1704566530 12
1704566546 13
1704566562 7
1704566578 4
1704566594 6
1704566610 3
1704566626 8
1704566642 13
1704566658 8
1704566674 7
1704566690 4
1704566706 10
1704566722 38
1704566738 41
1704566754 8
1704566770 13
1704566786 6
1704566802 17
1704566818 11
1704566834 9
1704566850 5
1704566866 8
1704566882 13
1704566898 9
1704566914 7
1704566930 10
1704566946 12
1704566962 6
1704566978 3
1704566994 6
1704567010 13
1704567026 2
1704567042 20
1704567058 4
1704567074 10
1704567090 3
1704567106 2

