

# Sketch: 0
1704566514 54
1704566642 66
1704566770 75
1704566898 70
1704567026 26



# Sketch: 1
1704566514 49
1704566642 65
1704566770 63
1704566898 79
1704567026 34



# Sketch: 2
1704566514 69
1704566642 72
1704566770 82
1704566898 52
1704567026 35



# Sketch: 3
1704566514 58
1704566642 74
1704566770 82
1704566898 56
1704567026 44



# Sketch: 4
1704566514 43
1704566642 78
1704566770 74
1704566898 48
1704567026 45



# Sketch: 5
1704566514 91
1704566642 131
1704566770 128
1704566898 97
1704567026 75



# Sketch: 6
1704566514 80
1704566642 105
1704566770 78
1704566898 61
1704567026 27



# Sketch: 7
1704566514 63
1704566642 72
1704566770 62
1704566898 73
1704567026 49



# Sketch: 8
1704566514 112
1704566642 108
1704566770 76
1704566898 79
1704567026 27



# Sketch: 9
1704566514 63
1704566642 108
1704566770 92
1704566898 38
1704567026 45



# Sketch: 10
1704566514 58
1704566642 77
1704566770 84
1704566898 65
1704567026 33



# Sketch: 11
1704566514 36
1704566642 74
1704566770 61
1704566898 47
1704567026 49



# Sketch: 12
1704566514 40
1704566642 85
1704566770 69
1704566898 55
1704567026 34



# Sketch: 13
1704566514 32
1704566642 77
1704566770 64
1704566898 53
1704567026 34



# Sketch: 14
1704566514 58
1704566642 80
1704566770 60
1704566898 79
1704567026 21



# Sketch: 15
1704566514 62
1704566642 63
1704566770 62
1704566898 66
1704567026 33



# Sketch: 16
1704566514 63
1704566642 118
1704566770 102
1704566898 60
1704567026 56



# Sketch: 17
1704566514 40
1704566642 60
1704566770 46
1704566898 56
1704567026 19



# Sketch: 18
1704566514 51
1704566642 84
1704566770 97
1704566898 52
1704567026 20



# Sketch: 19
1704566514 75
1704566642 89
1704566770 75
1704566898 73
1704567026 47



# Sketch: 20
1704566514 66
1704566642 141
1704566770 111
1704566898 87
1704567026 53



# Sketch: 21
1704566514 81
1704566642 73
1704566770 78
1704566898 57
1704567026 33



# Sketch: 22
1704566514 56
1704566642 68
1704566770 51
1704566898 61
1704567026 38



# Sketch: 23
1704566514 50
1704566642 57
1704566770 51
1704566898 44
1704567026 30



# Sketch: 24
1704566514 57
1704566642 88
1704566770 76
1704566898 51
1704567026 30



# Sketch: 25
1704566514 35
1704566642 77
1704566770 64
1704566898 58
1704567026 35



# Sketch: 26
1704566514 102
1704566642 87
1704566770 92
1704566898 77
1704567026 49



# Sketch: 27
1704566514 63
1704566642 78
1704566770 56
1704566898 102
1704567026 25



# Sketch: 28
1704566514 79
1704566642 79
1704566770 73
1704566898 55
1704567026 44



# Sketch: 29
1704566514 59
1704566642 68
1704566770 38
1704566898 50
1704567026 13



# Sketch: 30
1704566514 93
1704566642 59
1704566770 49
1704566898 95
1704567026 38



# Sketch: 31
1704566514 90
1704566642 83
1704566770 73
1704566898 47
1704567026 20

