

# Sketch: 0
1704566514 11
1704566546 16
1704566578 23
1704566610 17
1704566642 23
1704566674 18
1704566706 36
1704566738 20
1704566770 20
1704566802 14
1704566834 21
1704566866 13
1704566898 13
1704566930 12
1704566962 10
1704566994 13
1704567026 12
1704567058 6
1704567090 4



# Sketch: 1
1704566514 14
1704566546 16
1704566578 26
1704566610 18
1704566642 14
1704566674 21
1704566706 24
1704566738 13
1704566770 13
1704566802 20
1704566834 15
1704566866 16
1704566898 26
1704566930 15
1704566962 10
1704566994 14
1704567026 19
1704567058 6
1704567090 8



# Sketch: 2
1704566514 16
1704566546 45
1704566578 26
1704566610 7
1704566642 10
1704566674 33
1704566706 33
1704566738 56
1704566770 10
1704566802 36
1704566834 31
1704566866 26
1704566898 6
1704566930 26
1704566962 20
1704566994 9
1704567026 13
1704567058 25
1704567090 15



# Sketch: 3
1704566514 12
1704566546 8
1704566578 21
1704566610 3
1704566642 6
1704566674 9
1704566706 31
1704566738 19
1704566770 4
1704566802 12
1704566834 8
1704566866 13
1704566898 24
1704566930 14
1704566962 5
1704566994 18
1704567026 6
1704567058 19
1704567090 0



# Sketch: 4
1704566514 19
1704566546 23
1704566578 22
1704566610 12
1704566642 31
1704566674 12
1704566706 41
1704566738 11
1704566770 27
1704566802 31
1704566834 11
1704566866 13
1704566898 6
1704566930 17
1704566962 5
1704566994 21
1704567026 16
1704567058 16
1704567090 24



# Sketch: 5
1704566514 6
1704566546 9
1704566578 21
1704566610 12
1704566642 8
1704566674 18
1704566706 36
1704566738 20
1704566770 16
1704566802 11
1704566834 9
1704566866 14
1704566898 19
1704566930 7
1704566962 14
1704566994 8
1704567026 9
1704567058 13
1704567090 11



# Sketch: 6
1704566514 23
1704566546 13
1704566578 21
1704566610 8
1704566642 22
1704566674 10
1704566706 23
1704566738 23
1704566770 31
1704566802 25
1704566834 26
1704566866 20
1704566898 29
1704566930 24
1704566962 9
1704566994 18
1704567026 15
1704567058 9
1704567090 7



# Sketch: 7
1704566514 15
1704566546 15
1704566578 9
1704566610 13
1704566642 17
1704566674 15
1704566706 18
1704566738 33
1704566770 17
1704566802 17
1704566834 19
1704566866 30
1704566898 25
1704566930 24
1704566962 9
1704566994 19
1704567026 18
1704567058 11
1704567090 12



# Sketch: 8
1704566514 14
1704566546 27
1704566578 35
1704566610 33
1704566642 11
1704566674 25
1704566706 43
1704566738 38
1704566770 12
1704566802 69
1704566834 22
1704566866 11
1704566898 13
1704566930 31
1704566962 16
1704566994 5
1704567026 3
1704567058 26
1704567090 10



# Sketch: 9
1704566514 21
1704566546 18
1704566578 25
1704566610 8
1704566642 15
1704566674 15
1704566706 36
1704566738 8
1704566770 11
1704566802 14
1704566834 28
1704566866 27
1704566898 6
1704566930 7
1704566962 5
1704566994 14
1704567026 10
1704567058 7
1704567090 10



# Sketch: 10
1704566514 10
1704566546 15
1704566578 13
1704566610 7
1704566642 8
1704566674 21
1704566706 53
1704566738 24
1704566770 24
1704566802 12
1704566834 13
1704566866 27
1704566898 14
1704566930 21
1704566962 4
1704566994 21
1704567026 20
1704567058 11
1704567090 6



# Sketch: 11
1704566514 10
1704566546 11
1704566578 27
1704566610 7
1704566642 16
1704566674 11
1704566706 31
1704566738 19
1704566770 17
1704566802 13
1704566834 11
1704566866 20
1704566898 19
1704566930 46
1704566962 25
1704566994 23
1704567026 6
1704567058 14
1704567090 15



# Sketch: 12
1704566514 23
1704566546 16
1704566578 14
1704566610 11
1704566642 13
1704566674 16
1704566706 22
1704566738 16
1704566770 48
1704566802 20
1704566834 21
1704566866 9
1704566898 16
1704566930 18
1704566962 12
1704566994 18
1704567026 6
1704567058 12
1704567090 14



# Sketch: 13
1704566514 11
1704566546 23
1704566578 9
1704566610 18
1704566642 6
1704566674 26
1704566706 32
1704566738 39
1704566770 13
1704566802 35
1704566834 27
1704566866 10
1704566898 17
1704566930 26
1704566962 11
1704566994 9
1704567026 9
1704567058 27
1704567090 3



# Sketch: 14
1704566514 9
1704566546 28
1704566578 22
1704566610 10
1704566642 17
1704566674 19
1704566706 32
1704566738 16
1704566770 14
1704566802 15
1704566834 12
1704566866 16
1704566898 30
1704566930 49
1704566962 14
1704566994 14
1704567026 10
1704567058 14
1704567090 5



# Sketch: 15
1704566514 18
1704566546 20
1704566578 12
1704566610 6
1704566642 18
1704566674 20
1704566706 26
1704566738 14
1704566770 24
1704566802 10
1704566834 23
1704566866 24
1704566898 22
1704566930 15
1704566962 21
1704566994 17
1704567026 20
1704567058 10
1704567090 6



# Sketch: 16
1704566514 18
1704566546 12
1704566578 10
1704566610 19
1704566642 23
1704566674 18
1704566706 16
1704566738 24
1704566770 30
1704566802 44
1704566834 14
1704566866 30
1704566898 15
1704566930 21
1704566962 13
1704566994 31
1704567026 22
1704567058 13
1704567090 14



# Sketch: 17
1704566514 14
1704566546 16
1704566578 16
1704566610 17
1704566642 12
1704566674 32
1704566706 26
1704566738 8
1704566770 20
1704566802 13
1704566834 12
1704566866 15
1704566898 12
1704566930 8
1704566962 7
1704566994 17
1704567026 13
1704567058 42
1704567090 4



# Sketch: 18
1704566514 12
1704566546 19
1704566578 27
1704566610 13
1704566642 20
1704566674 32
1704566706 24
1704566738 12
1704566770 15
1704566802 16
1704566834 9
1704566866 16
1704566898 16
1704566930 8
1704566962 11
1704566994 18
1704567026 6
1704567058 18
1704567090 13



# Sketch: 19
1704566514 10
1704566546 5
1704566578 19
1704566610 15
1704566642 12
1704566674 8
1704566706 22
1704566738 18
1704566770 17
1704566802 15
1704566834 26
1704566866 13
1704566898 16
1704566930 23
1704566962 36
1704566994 9
1704567026 7
1704567058 18
1704567090 13



# Sketch: 20
1704566514 12
1704566546 19
1704566578 25
1704566610 15
1704566642 13
1704566674 3
1704566706 36
1704566738 18
1704566770 26
1704566802 11
1704566834 10
1704566866 18
1704566898 12
1704566930 26
1704566962 12
1704566994 20
1704567026 15
1704567058 4
1704567090 13



# Sketch: 21
1704566514 9
1704566546 15
1704566578 25
1704566610 8
1704566642 25
1704566674 16
1704566706 43
1704566738 11
1704566770 20
1704566802 8
1704566834 16
1704566866 14
1704566898 7
1704566930 10
1704566962 7
1704566994 19
1704567026 12
1704567058 8
1704567090 9



# Sketch: 22
1704566514 11
1704566546 20
1704566578 41
1704566610 8
1704566642 8
1704566674 8
1704566706 22
1704566738 19
1704566770 11
1704566802 9
1704566834 22
1704566866 20
1704566898 5
1704566930 19
1704566962 14
1704566994 25
1704567026 13
1704567058 21
1704567090 7



# Sketch: 23
1704566514 18
1704566546 11
1704566578 14
1704566610 22
1704566642 39
1704566674 6
1704566706 39
1704566738 24
1704566770 19
1704566802 23
1704566834 34
1704566866 43
1704566898 35
1704566930 22
1704566962 39
1704566994 25
1704567026 14
1704567058 14
1704567090 10



# Sketch: 24
1704566514 9
1704566546 14
1704566578 6
1704566610 10
1704566642 13
1704566674 11
1704566706 21
1704566738 5
1704566770 17
1704566802 9
1704566834 14
1704566866 5
1704566898 15
1704566930 10
1704566962 5
1704566994 9
1704567026 5
1704567058 8
1704567090 9



# Sketch: 25
1704566514 27
1704566546 19
1704566578 20
1704566610 12
1704566642 23
1704566674 21
1704566706 23
1704566738 13
1704566770 24
1704566802 19
1704566834 14
1704566866 21
1704566898 6
1704566930 20
1704566962 10
1704566994 12
1704567026 15
1704567058 14
1704567090 7



# Sketch: 26
1704566514 1
1704566546 8
1704566578 32
1704566610 15
1704566642 26
1704566674 5
1704566706 41
1704566738 31
1704566770 19
1704566802 15
1704566834 19
1704566866 13
1704566898 8
1704566930 6
1704566962 13
1704566994 13
1704567026 10
1704567058 21
1704567090 9



# Sketch: 27
1704566514 22
1704566546 15
1704566578 16
1704566610 13
1704566642 12
1704566674 18
1704566706 28
1704566738 11
1704566770 10
1704566802 11
1704566834 14
1704566866 15
1704566898 4
1704566930 9
1704566962 11
1704566994 18
1704567026 5
1704567058 15
1704567090 4



# Sketch: 28
1704566514 28
1704566546 9
1704566578 9
1704566610 15
1704566642 20
1704566674 8
1704566706 39
1704566738 15
1704566770 20
1704566802 17
1704566834 24
1704566866 10
1704566898 13
1704566930 16
1704566962 12
1704566994 39
1704567026 14
1704567058 24
1704567090 12



# Sketch: 29
1704566514 30
1704566546 25
1704566578 7
1704566610 9
1704566642 15
1704566674 17
1704566706 21
1704566738 15
1704566770 20
1704566802 7
1704566834 19
1704566866 11
1704566898 6
1704566930 14
1704566962 5
1704566994 20
1704567026 11
1704567058 28
1704567090 3



# Sketch: 30
1704566514 20
1704566546 14
1704566578 12
1704566610 11
1704566642 31
1704566674 10
1704566706 26
1704566738 18
1704566770 13
1704566802 12
1704566834 16
1704566866 29
1704566898 14
1704566930 11
1704566962 10
1704566994 24
1704567026 12
1704567058 13
1704567090 9



# Sketch: 31
1704566514 8
1704566546 10
1704566578 9
1704566610 7
1704566642 8
1704566674 6
1704566706 33
1704566738 13
1704566770 14
1704566802 10
1704566834 15
1704566866 18
1704566898 20
1704566930 23
1704566962 12
1704566994 9
1704567026 1
1704567058 9
1704567090 12

