

# Sketch: 0
1704566514 27
1704566546 13
1704566578 16
1704566610 13
1704566642 19
1704566674 12
1704566706 16
1704566738 10
1704566770 17
1704566802 17
1704566834 22
1704566866 26
1704566898 18
1704566930 13
1704566962 11
1704566994 18
1704567026 8
1704567058 7
1704567090 9



# Sketch: 1
1704566514 18
1704566546 16
1704566578 22
1704566610 14
1704566642 24
1704566674 12
1704566706 33
1704566738 17
1704566770 13
1704566802 15
1704566834 27
1704566866 27
1704566898 14
1704566930 9
1704566962 10
1704566994 18
1704567026 8
1704567058 4
1704567090 10



# Sketch: 2
1704566514 15
1704566546 5
1704566578 21
1704566610 22
1704566642 36
1704566674 11
1704566706 16
1704566738 12
1704566770 26
1704566802 12
1704566834 14
1704566866 4
1704566898 16
1704566930 24
1704566962 16
1704566994 14
1704567026 10
1704567058 9
1704567090 12



# Sketch: 3
1704566514 15
1704566546 13
1704566578 13
1704566610 7
1704566642 13
1704566674 14
1704566706 17
1704566738 16
1704566770 46
1704566802 18
1704566834 7
1704566866 18
1704566898 11
1704566930 13
1704566962 21
1704566994 5
1704567026 14
1704567058 6
1704567090 4



# Sketch: 4
1704566514 14
1704566546 11
1704566578 13
1704566610 12
1704566642 13
1704566674 7
1704566706 52
1704566738 6
1704566770 20
1704566802 16
1704566834 9
1704566866 17
1704566898 9
1704566930 15
1704566962 13
1704566994 5
1704567026 7
1704567058 33
1704567090 20



# Sketch: 5
1704566514 11
1704566546 7
1704566578 25
1704566610 10
1704566642 22
1704566674 12
1704566706 23
1704566738 24
1704566770 21
1704566802 12
1704566834 20
1704566866 25
1704566898 25
1704566930 13
1704566962 9
1704566994 14
1704567026 5
1704567058 25
1704567090 8



# Sketch: 6
1704566514 15
1704566546 14
1704566578 15
1704566610 15
1704566642 10
1704566674 8
1704566706 51
1704566738 15
1704566770 24
1704566802 12
1704566834 13
1704566866 13
1704566898 12
1704566930 20
1704566962 14
1704566994 8
1704567026 16
1704567058 15
1704567090 8



# Sketch: 7
1704566514 18
1704566546 19
1704566578 34
1704566610 14
1704566642 7
1704566674 17
1704566706 29
1704566738 20
1704566770 12
1704566802 39
1704566834 18
1704566866 32
1704566898 21
1704566930 32
1704566962 28
1704566994 16
1704567026 13
1704567058 13
1704567090 14



# Sketch: 8
1704566514 23
1704566546 15
1704566578 30
1704566610 16
1704566642 29
1704566674 15
1704566706 31
1704566738 28
1704566770 13
1704566802 13
1704566834 22
1704566866 12
1704566898 23
1704566930 21
1704566962 8
1704566994 32
1704567026 6
1704567058 13
1704567090 9



# Sketch: 9
1704566514 5
1704566546 21
1704566578 43
1704566610 6
1704566642 14
1704566674 11
1704566706 30
1704566738 17
1704566770 4
1704566802 23
1704566834 16
1704566866 15
1704566898 12
1704566930 8
1704566962 12
1704566994 11
1704567026 8
1704567058 16
1704567090 13



# Sketch: 10
1704566514 10
1704566546 23
1704566578 12
1704566610 13
1704566642 16
1704566674 21
1704566706 33
1704566738 15
1704566770 17
1704566802 16
1704566834 29
1704566866 20
1704566898 10
1704566930 23
1704566962 9
1704566994 11
1704567026 7
1704567058 16
1704567090 4



# Sketch: 11
1704566514 21
1704566546 23
1704566578 15
1704566610 10
1704566642 20
1704566674 13
1704566706 37
1704566738 11
1704566770 19
1704566802 16
1704566834 7
1704566866 23
1704566898 11
1704566930 10
1704566962 17
1704566994 47
1704567026 9
1704567058 9
1704567090 9



# Sketch: 12
1704566514 8
1704566546 11
1704566578 17
1704566610 7
1704566642 12
1704566674 13
1704566706 28
1704566738 30
1704566770 19
1704566802 8
1704566834 19
1704566866 14
1704566898 10
1704566930 14
1704566962 6
1704566994 24
1704567026 9
1704567058 39
1704567090 8



# Sketch: 13
1704566514 12
1704566546 28
1704566578 13
1704566610 12
1704566642 15
1704566674 22
1704566706 22
1704566738 19
1704566770 8
1704566802 12
1704566834 23
1704566866 17
1704566898 25
1704566930 13
1704566962 13
1704566994 15
1704567026 10
1704567058 11
1704567090 6



# Sketch: 14
1704566514 14
1704566546 24
1704566578 21
1704566610 26
1704566642 24
1704566674 30
1704566706 36
1704566738 59
1704566770 29
1704566802 73
1704566834 18
1704566866 26
1704566898 18
1704566930 45
1704566962 33
1704566994 15
1704567026 22
1704567058 31
1704567090 6



# Sketch: 15
1704566514 17
1704566546 17
1704566578 13
1704566610 17
1704566642 18
1704566674 21
1704566706 49
1704566738 9
1704566770 24
1704566802 15
1704566834 24
1704566866 40
1704566898 25
1704566930 31
1704566962 9
1704566994 20
1704567026 30
1704567058 19
1704567090 2



# Sketch: 16
1704566514 18
1704566546 14
1704566578 21
1704566610 6
1704566642 19
1704566674 21
1704566706 24
1704566738 15
1704566770 24
1704566802 13
1704566834 16
1704566866 27
1704566898 12
1704566930 12
1704566962 4
1704566994 17
1704567026 22
1704567058 17
1704567090 7



# Sketch: 17
1704566514 24
1704566546 17
1704566578 16
1704566610 14
1704566642 23
1704566674 11
1704566706 19
1704566738 23
1704566770 16
1704566802 11
1704566834 14
1704566866 15
1704566898 16
1704566930 16
1704566962 12
1704566994 26
1704567026 7
1704567058 16
1704567090 19



# Sketch: 18
1704566514 13
1704566546 25
1704566578 19
1704566610 7
1704566642 9
1704566674 26
1704566706 27
1704566738 45
1704566770 6
1704566802 37
1704566834 25
1704566866 8
1704566898 3
1704566930 25
1704566962 15
1704566994 14
1704567026 13
1704567058 32
1704567090 8



# Sketch: 19
1704566514 8
1704566546 2
1704566578 16
1704566610 9
1704566642 11
1704566674 27
1704566706 29
1704566738 13
1704566770 17
1704566802 12
1704566834 28
1704566866 21
1704566898 13
1704566930 17
1704566962 11
1704566994 10
1704567026 6
1704567058 7
1704567090 8



# Sketch: 20
1704566514 21
1704566546 19
1704566578 20
1704566610 19
1704566642 11
1704566674 24
1704566706 37
1704566738 16
1704566770 21
1704566802 19
1704566834 30
1704566866 20
1704566898 13
1704566930 21
1704566962 14
1704566994 16
1704567026 11
1704567058 18
1704567090 15



# Sketch: 21
1704566514 12
1704566546 11
1704566578 10
1704566610 6
1704566642 23
1704566674 6
1704566706 13
1704566738 17
1704566770 6
1704566802 14
1704566834 15
1704566866 9
1704566898 11
1704566930 4
1704566962 8
1704566994 25
1704567026 5
1704567058 8
1704567090 9



# Sketch: 22
1704566514 10
1704566546 23
1704566578 13
1704566610 23
1704566642 10
1704566674 19
1704566706 32
1704566738 57
1704566770 25
1704566802 26
1704566834 31
1704566866 18
1704566898 21
1704566930 65
1704566962 38
1704566994 9
1704567026 14
1704567058 37
1704567090 13



# Sketch: 23
1704566514 8
1704566546 13
1704566578 18
1704566610 8
1704566642 7
1704566674 11
1704566706 36
1704566738 13
1704566770 14
1704566802 13
1704566834 13
1704566866 12
1704566898 14
1704566930 16
1704566962 6
1704566994 7
1704567026 11
1704567058 19
1704567090 5



# Sketch: 24
1704566514 5
1704566546 12
1704566578 30
1704566610 15
1704566642 3
1704566674 22
1704566706 29
1704566738 18
1704566770 15
1704566802 31
1704566834 13
1704566866 16
1704566898 17
1704566930 14
1704566962 11
1704566994 12
1704567026 2
1704567058 9
1704567090 2



# Sketch: 25
1704566514 28
1704566546 31
1704566578 9
1704566610 10
1704566642 15
1704566674 3
1704566706 48
1704566738 16
1704566770 17
1704566802 13
1704566834 22
1704566866 17
1704566898 26
1704566930 12
1704566962 6
1704566994 16
1704567026 22
1704567058 5
1704567090 5



# Sketch: 26
1704566514 27
1704566546 6
1704566578 9
1704566610 3
1704566642 12
1704566674 15
1704566706 34
1704566738 6
1704566770 14
1704566802 19
1704566834 15
1704566866 11
1704566898 20
1704566930 14
1704566962 8
1704566994 18
1704567026 14
1704567058 13
1704567090 13



# Sketch: 27
1704566514 11
1704566546 25
1704566578 15
1704566610 22
1704566642 13
1704566674 33
1704566706 43
1704566738 27
1704566770 8
1704566802 14
1704566834 13
1704566866 19
1704566898 10
1704566930 5
1704566962 12
1704566994 24
1704567026 6
1704567058 3
1704567090 3



# Sketch: 28
1704566514 5
1704566546 17
1704566578 28
1704566610 12
1704566642 15
1704566674 16
1704566706 34
1704566738 11
1704566770 32
1704566802 12
1704566834 11
1704566866 17
1704566898 20
1704566930 16
1704566962 8
1704566994 20
1704567026 16
1704567058 4
1704567090 8



# Sketch: 29
1704566514 13
1704566546 26
1704566578 20
1704566610 12
1704566642 17
1704566674 5
1704566706 23
1704566738 8
1704566770 20
1704566802 9
1704566834 12
1704566866 13
1704566898 8
1704566930 23
1704566962 4
1704566994 15
1704567026 14
1704567058 13
1704567090 13



# Sketch: 30
1704566514 22
1704566546 19
1704566578 23
1704566610 12
1704566642 31
1704566674 10
1704566706 27
1704566738 17
1704566770 25
1704566802 18
1704566834 22
1704566866 14
1704566898 12
1704566930 13
1704566962 16
1704566994 32
1704567026 11
1704567058 19
1704567090 15



# Sketch: 31
1704566514 13
1704566546 14
1704566578 24
1704566610 7
1704566642 24
1704566674 20
1704566706 19
1704566738 14
1704566770 24
1704566802 15
1704566834 7
1704566866 14
1704566898 13
1704566930 21
1704566962 5
1704566994 15
1704567026 11
1704567058 10
1704567090 13

