

# Sketch: 0
1704631914 33
1704631946 15
1704631978 21
1704632010 11
1704632042 31
1704632074 24
1704632106 13
1704632138 16
1704632170 22
1704632202 23
1704632234 24
1704632266 14
1704632298 30
1704632330 18
1704632362 20
1704632394 30
1704632426 14
1704632458 9
1704632490 15



# Sketch: 1
1704631914 11
1704631946 19
1704631978 23
1704632010 14
1704632042 18
1704632074 11
1704632106 9
1704632138 13
1704632170 22
1704632202 11
1704632234 10
1704632266 35
1704632298 30
1704632330 12
1704632362 11
1704632394 13
1704632426 5
1704632458 7
1704632490 16



# Sketch: 2
1704631914 8
1704631946 23
1704631978 18
1704632010 6
1704632042 13
1704632074 8
1704632106 63
1704632138 128
1704632170 47
1704632202 23
1704632234 19
1704632266 16
1704632298 12
1704632330 17
1704632362 14
1704632394 15
1704632426 13
1704632458 10
1704632490 17



# Sketch: 3
1704631914 13
1704631946 12
1704631978 9
1704632010 12
1704632042 16
1704632074 18
1704632106 13
1704632138 17
1704632170 19
1704632202 13
1704632234 11
1704632266 15
1704632298 55
1704632330 17
1704632362 16
1704632394 11
1704632426 16
1704632458 15
1704632490 11



# Sketch: 4
1704631914 29
1704631946 19
1704631978 24
1704632010 9
1704632042 22
1704632074 29
1704632106 21
1704632138 22
1704632170 33
1704632202 19
1704632234 15
1704632266 34
1704632298 28
1704632330 21
1704632362 24
1704632394 40
1704632426 22
1704632458 28
1704632490 14



# Sketch: 5
1704631914 22
1704631946 15
1704631978 13
1704632010 7
1704632042 18
1704632074 10
1704632106 124
1704632138 240
1704632170 124
1704632202 12
1704632234 13
1704632266 14
1704632298 25
1704632330 18
1704632362 17
1704632394 9
1704632426 13
1704632458 7
1704632490 23



# Sketch: 6
1704631914 10
1704631946 36
1704631978 12
1704632010 8
1704632042 13
1704632074 13
1704632106 15
1704632138 16
1704632170 23
1704632202 18
1704632234 14
1704632266 13
1704632298 21
1704632330 31
1704632362 21
1704632394 11
1704632426 7
1704632458 4
1704632490 19



# Sketch: 7
1704631914 9
1704631946 14
1704631978 9
1704632010 11
1704632042 21
1704632074 11
1704632106 9
1704632138 24
1704632170 9
1704632202 8
1704632234 14
1704632266 15
1704632298 12
1704632330 16
1704632362 10
1704632394 12
1704632426 5
1704632458 16
1704632490 8



# Sketch: 8
1704631914 8
1704631946 15
1704631978 18
1704632010 13
1704632042 25
1704632074 15
1704632106 12
1704632138 17
1704632170 11
1704632202 13
1704632234 10
1704632266 8
1704632298 18
1704632330 24
1704632362 9
1704632394 9
1704632426 28
1704632458 46
1704632490 12



# Sketch: 9
1704631914 26
1704631946 23
1704631978 11
1704632010 14
1704632042 17
1704632074 12
1704632106 16
1704632138 15
1704632170 9
1704632202 46
1704632234 17
1704632266 17
1704632298 18
1704632330 15
1704632362 17
1704632394 28
1704632426 33
1704632458 19
1704632490 14



# Sketch: 10
1704631914 34
1704631946 13
1704631978 20
1704632010 24
1704632042 12
1704632074 17
1704632106 20
1704632138 14
1704632170 28
1704632202 17
1704632234 30
1704632266 25
1704632298 31
1704632330 22
1704632362 19
1704632394 36
1704632426 2
1704632458 17
1704632490 16



# Sketch: 11
1704631914 14
1704631946 29
1704631978 30
1704632010 8
1704632042 15
1704632074 14
1704632106 14
1704632138 10
1704632170 15
1704632202 7
1704632234 10
1704632266 14
1704632298 14
1704632330 21
1704632362 10
1704632394 11
1704632426 6
1704632458 14
1704632490 14



# Sketch: 12
1704631914 14
1704631946 17
1704631978 19
1704632010 19
1704632042 11
1704632074 15
1704632106 9
1704632138 30
1704632170 28
1704632202 11
1704632234 9
1704632266 13
1704632298 21
1704632330 9
1704632362 6
1704632394 17
1704632426 11
1704632458 3
1704632490 16



# Sketch: 13
1704631914 11
1704631946 24
1704631978 10
1704632010 15
1704632042 24
1704632074 22
1704632106 16
1704632138 31
1704632170 4
1704632202 14
1704632234 15
1704632266 11
1704632298 23
1704632330 13
1704632362 21
1704632394 10
1704632426 18
1704632458 12
1704632490 33



# Sketch: 14
1704631914 16
1704631946 17
1704631978 19
1704632010 19
1704632042 21
1704632074 14
1704632106 12
1704632138 17
1704632170 26
1704632202 21
1704632234 15
1704632266 17
1704632298 22
1704632330 9
1704632362 12
1704632394 8
1704632426 18
1704632458 9
1704632490 17



# Sketch: 15
1704631914 17
1704631946 8
1704631978 12
1704632010 7
1704632042 10
1704632074 11
1704632106 15
1704632138 6
1704632170 27
1704632202 16
1704632234 9
1704632266 33
1704632298 11
1704632330 12
1704632362 10
1704632394 14
1704632426 11
1704632458 6
1704632490 7



# Sketch: 16
1704631914 13
1704631946 10
1704631978 11
1704632010 12
1704632042 21
1704632074 20
1704632106 14
1704632138 19
1704632170 18
1704632202 20
1704632234 14
1704632266 9
1704632298 34
1704632330 14
1704632362 30
1704632394 16
1704632426 14
1704632458 9
1704632490 18



# Sketch: 17
1704631914 24
1704631946 13
1704631978 18
1704632010 20
1704632042 30
1704632074 7
1704632106 11
1704632138 15
1704632170 17
1704632202 18
1704632234 20
1704632266 22
1704632298 22
1704632330 11
1704632362 16
1704632394 17
1704632426 10
1704632458 10
1704632490 11



# Sketch: 18
1704631914 16
1704631946 14
1704631978 14
1704632010 7
1704632042 9
1704632074 7
1704632106 14
1704632138 18
1704632170 18
1704632202 14
1704632234 8
1704632266 20
1704632298 34
1704632330 16
1704632362 20
1704632394 16
1704632426 10
1704632458 13
1704632490 22



# Sketch: 19
1704631914 25
1704631946 13
1704631978 6
1704632010 21
1704632042 21
1704632074 30
1704632106 12
1704632138 22
1704632170 12
1704632202 18
1704632234 13
1704632266 12
1704632298 27
1704632330 18
1704632362 15
1704632394 8
1704632426 13
1704632458 11
1704632490 19



# Sketch: 20
1704631914 14
1704631946 9
1704631978 7
1704632010 17
1704632042 31
1704632074 21
1704632106 21
1704632138 24
1704632170 18
1704632202 21
1704632234 17
1704632266 18
1704632298 20
1704632330 21
1704632362 22
1704632394 19
1704632426 16
1704632458 20
1704632490 6



# Sketch: 21
1704631914 20
1704631946 17
1704631978 18
1704632010 9
1704632042 6
1704632074 19
1704632106 15
1704632138 11
1704632170 14
1704632202 18
1704632234 16
1704632266 14
1704632298 11
1704632330 7
1704632362 44
1704632394 48
1704632426 13
1704632458 7
1704632490 6



# Sketch: 22
1704631914 10
1704631946 11
1704631978 12
1704632010 19
1704632042 15
1704632074 19
1704632106 7
1704632138 17
1704632170 11
1704632202 13
1704632234 22
1704632266 13
1704632298 30
1704632330 23
1704632362 13
1704632394 9
1704632426 18
1704632458 25
1704632490 11



# Sketch: 23
1704631914 16
1704631946 14
1704631978 24
1704632010 19
1704632042 40
1704632074 14
1704632106 25
1704632138 39
1704632170 17
1704632202 22
1704632234 29
1704632266 12
1704632298 27
1704632330 27
1704632362 37
1704632394 32
1704632426 9
1704632458 23
1704632490 19



# Sketch: 24
1704631914 20
1704631946 7
1704631978 10
1704632010 51
1704632042 27
1704632074 13
1704632106 31
1704632138 17
1704632170 22
1704632202 19
1704632234 15
1704632266 15
1704632298 18
1704632330 13
1704632362 43
1704632394 44
1704632426 20
1704632458 14
1704632490 34



# Sketch: 25
1704631914 14
1704631946 13
1704631978 15
1704632010 11
1704632042 25
1704632074 25
1704632106 21
1704632138 20
1704632170 6
1704632202 7
1704632234 9
1704632266 14
1704632298 21
1704632330 12
1704632362 27
1704632394 23
1704632426 13
1704632458 13
1704632490 18



# Sketch: 26
1704631914 24
1704631946 24
1704631978 15
1704632010 17
1704632042 23
1704632074 10
1704632106 60
1704632138 180
1704632170 38
1704632202 10
1704632234 11
1704632266 34
1704632298 38
1704632330 13
1704632362 13
1704632394 19
1704632426 37
1704632458 18
1704632490 21



# Sketch: 27
1704631914 13
1704631946 6
1704631978 7
1704632010 8
1704632042 17
1704632074 20
1704632106 13
1704632138 15
1704632170 9
1704632202 22
1704632234 11
1704632266 11
1704632298 11
1704632330 5
1704632362 17
1704632394 15
1704632426 13
1704632458 6
1704632490 9



# Sketch: 28
1704631914 23
1704631946 15
1704631978 20
1704632010 76
1704632042 138
1704632074 242
1704632106 220
1704632138 186
1704632170 44
1704632202 16
1704632234 14
1704632266 38
1704632298 37
1704632330 17
1704632362 16
1704632394 13
1704632426 12
1704632458 17
1704632490 23



# Sketch: 29
1704631914 26
1704631946 13
1704631978 10
1704632010 16
1704632042 22
1704632074 12
1704632106 13
1704632138 13
1704632170 10
1704632202 9
1704632234 15
1704632266 5
1704632298 21
1704632330 9
1704632362 17
1704632394 16
1704632426 19
1704632458 18
1704632490 11



# Sketch: 30
1704631914 11
1704631946 21
1704631978 10
1704632010 6
1704632042 17
1704632074 14
1704632106 23
1704632138 29
1704632170 18
1704632202 20
1704632234 8
1704632266 20
1704632298 12
1704632330 13
1704632362 9
1704632394 14
1704632426 13
1704632458 10
1704632490 18



# Sketch: 31
1704631914 14
1704631946 13
1704631978 23
1704632010 26
1704632042 31
1704632074 28
1704632106 29
1704632138 21
1704632170 12
1704632202 18
1704632234 33
1704632266 14
1704632298 27
1704632330 27
1704632362 25
1704632394 24
1704632426 20
1704632458 13
1704632490 18

