

# Sketch: 0
1704631914 53
1704632042 57
1704632170 63
1704632298 61
1704632426 42



# Sketch: 1
1704631914 72
1704632042 90
1704632170 78
1704632298 89
1704632426 43



# Sketch: 2
1704631914 53
1704632042 55
1704632170 76
1704632298 67
1704632426 42



# Sketch: 3
1704631914 56
1704632042 56
1704632170 69
1704632298 102
1704632426 84



# Sketch: 4
1704631914 56
1704632042 87
1704632170 71
1704632298 79
1704632426 33



# Sketch: 5
1704631914 75
1704632042 76
1704632170 91
1704632298 64
1704632426 50



# Sketch: 6
1704631914 57
1704632042 285
1704632170 105
1704632298 62
1704632426 56



# Sketch: 7
1704631914 83
1704632042 76
1704632170 65
1704632298 69
1704632426 41



# Sketch: 8
1704631914 62
1704632042 60
1704632170 65
1704632298 54
1704632426 30



# Sketch: 9
1704631914 64
1704632042 68
1704632170 76
1704632298 75
1704632426 46



# Sketch: 10
1704631914 73
1704632042 379
1704632170 156
1704632298 78
1704632426 45



# Sketch: 11
1704631914 62
1704632042 72
1704632170 68
1704632298 68
1704632426 33



# Sketch: 12
1704631914 114
1704632042 69
1704632170 108
1704632298 155
1704632426 83



# Sketch: 13
1704631914 51
1704632042 67
1704632170 30
1704632298 55
1704632426 39



# Sketch: 14
1704631914 78
1704632042 236
1704632170 93
1704632298 108
1704632426 52



# Sketch: 15
1704631914 38
1704632042 73
1704632170 64
1704632298 97
1704632426 39



# Sketch: 16
1704631914 76
1704632042 79
1704632170 60
1704632298 78
1704632426 42



# Sketch: 17
1704631914 67
1704632042 70
1704632170 76
1704632298 97
1704632426 33



# Sketch: 18
1704631914 53
1704632042 44
1704632170 62
1704632298 89
1704632426 25



# Sketch: 19
1704631914 100
1704632042 125
1704632170 75
1704632298 89
1704632426 47



# Sketch: 20
1704631914 66
1704632042 94
1704632170 65
1704632298 67
1704632426 59



# Sketch: 21
1704631914 76
1704632042 86
1704632170 87
1704632298 85
1704632426 25



# Sketch: 22
1704631914 45
1704632042 59
1704632170 58
1704632298 76
1704632426 33



# Sketch: 23
1704631914 68
1704632042 67
1704632170 48
1704632298 87
1704632426 41



# Sketch: 24
1704631914 51
1704632042 68
1704632170 71
1704632298 70
1704632426 72



# Sketch: 25
1704631914 65
1704632042 57
1704632170 46
1704632298 55
1704632426 40



# Sketch: 26
1704631914 43
1704632042 83
1704632170 54
1704632298 64
1704632426 31



# Sketch: 27
1704631914 116
1704632042 554
1704632170 50
1704632298 99
1704632426 30



# Sketch: 28
1704631914 44
1704632042 61
1704632170 57
1704632298 51
1704632426 77



# Sketch: 29
1704631914 53
1704632042 310
1704632170 121
1704632298 71
1704632426 42



# Sketch: 30
1704631914 57
1704632042 56
1704632170 68
1704632298 66
1704632426 47



# Sketch: 31
1704631914 63
1704632042 58
1704632170 47
1704632298 63
1704632426 35

