

# Sketch: 0
1704631914 6
1704631946 17
1704631978 9
1704632010 19
1704632042 29
1704632074 10
1704632106 57
1704632138 175
1704632170 34
1704632202 14
1704632234 11
1704632266 19
1704632298 28
1704632330 12
1704632362 10
1704632394 26
1704632426 14
1704632458 15
1704632490 8



# Sketch: 1
1704631914 28
1704631946 27
1704631978 12
1704632010 24
1704632042 25
1704632074 18
1704632106 26
1704632138 18
1704632170 25
1704632202 13
1704632234 17
1704632266 7
1704632298 16
1704632330 11
1704632362 14
1704632394 26
1704632426 22
1704632458 22
1704632490 15



# Sketch: 2
1704631914 19
1704631946 16
1704631978 21
1704632010 10
1704632042 31
1704632074 20
1704632106 9
1704632138 26
1704632170 16
1704632202 16
1704632234 12
1704632266 26
1704632298 19
1704632330 17
1704632362 28
1704632394 26
1704632426 9
1704632458 13
1704632490 14



# Sketch: 3
1704631914 11
1704631946 7
1704631978 12
1704632010 22
1704632042 15
1704632074 12
1704632106 22
1704632138 15
1704632170 19
1704632202 22
1704632234 26
1704632266 20
1704632298 13
1704632330 15
1704632362 20
1704632394 17
1704632426 15
1704632458 6
1704632490 10



# Sketch: 4
1704631914 17
1704631946 20
1704631978 31
1704632010 27
1704632042 32
1704632074 14
1704632106 34
1704632138 31
1704632170 20
1704632202 14
1704632234 27
1704632266 16
1704632298 30
1704632330 28
1704632362 24
1704632394 31
1704632426 12
1704632458 25
1704632490 22



# Sketch: 5
1704631914 25
1704631946 8
1704631978 18
1704632010 5
1704632042 17
1704632074 10
1704632106 19
1704632138 8
1704632170 21
1704632202 8
1704632234 6
1704632266 11
1704632298 11
1704632330 13
1704632362 6
1704632394 11
1704632426 14
1704632458 10
1704632490 8



# Sketch: 6
1704631914 18
1704631946 20
1704631978 10
1704632010 8
1704632042 15
1704632074 9
1704632106 9
1704632138 21
1704632170 13
1704632202 14
1704632234 26
1704632266 20
1704632298 42
1704632330 18
1704632362 10
1704632394 15
1704632426 17
1704632458 4
1704632490 15



# Sketch: 7
1704631914 21
1704631946 39
1704631978 20
1704632010 14
1704632042 19
1704632074 13
1704632106 15
1704632138 18
1704632170 15
1704632202 30
1704632234 10
1704632266 16
1704632298 20
1704632330 23
1704632362 21
1704632394 17
1704632426 16
1704632458 7
1704632490 14



# Sketch: 8
1704631914 22
1704631946 18
1704631978 15
1704632010 17
1704632042 25
1704632074 11
1704632106 17
1704632138 13
1704632170 27
1704632202 26
1704632234 22
1704632266 22
1704632298 27
1704632330 14
1704632362 16
1704632394 11
1704632426 18
1704632458 8
1704632490 16



# Sketch: 9
1704631914 19
1704631946 12
1704631978 16
1704632010 23
1704632042 8
1704632074 28
1704632106 18
1704632138 23
1704632170 8
1704632202 15
1704632234 9
1704632266 14
1704632298 13
1704632330 12
1704632362 7
1704632394 17
1704632426 8
1704632458 14
1704632490 6



# Sketch: 10
1704631914 14
1704631946 14
1704631978 9
1704632010 13
1704632042 18
1704632074 25
1704632106 12
1704632138 16
1704632170 14
1704632202 11
1704632234 13
1704632266 29
1704632298 17
1704632330 16
1704632362 19
1704632394 14
1704632426 11
1704632458 9
1704632490 12



# Sketch: 11
1704631914 15
1704631946 23
1704631978 13
1704632010 8
1704632042 14
1704632074 21
1704632106 16
1704632138 11
1704632170 10
1704632202 22
1704632234 16
1704632266 9
1704632298 45
1704632330 14
1704632362 17
1704632394 11
1704632426 8
1704632458 10
1704632490 13



# Sketch: 12
1704631914 27
1704631946 13
1704631978 11
1704632010 12
1704632042 23
1704632074 17
1704632106 5
1704632138 17
1704632170 17
1704632202 12
1704632234 16
1704632266 8
1704632298 27
1704632330 13
1704632362 12
1704632394 23
1704632426 43
1704632458 31
1704632490 23



# Sketch: 13
1704631914 15
1704631946 4
1704631978 19
1704632010 11
1704632042 16
1704632074 17
1704632106 10
1704632138 10
1704632170 18
1704632202 18
1704632234 11
1704632266 16
1704632298 22
1704632330 16
1704632362 20
1704632394 19
1704632426 23
1704632458 41
1704632490 11



# Sketch: 14
1704631914 9
1704631946 10
1704631978 19
1704632010 8
1704632042 4
1704632074 18
1704632106 9
1704632138 21
1704632170 16
1704632202 18
1704632234 10
1704632266 19
1704632298 23
1704632330 18
1704632362 19
1704632394 16
1704632426 18
1704632458 14
1704632490 18



# Sketch: 15
1704631914 12
1704631946 20
1704631978 15
1704632010 3
1704632042 25
1704632074 20
1704632106 20
1704632138 27
1704632170 12
1704632202 25
1704632234 13
1704632266 22
1704632298 14
1704632330 14
1704632362 13
1704632394 17
1704632426 10
1704632458 10
1704632490 3



# Sketch: 16
1704631914 22
1704631946 21
1704631978 12
1704632010 20
1704632042 40
1704632074 26
1704632106 17
1704632138 27
1704632170 23
1704632202 15
1704632234 17
1704632266 34
1704632298 18
1704632330 15
1704632362 24
1704632394 25
1704632426 17
1704632458 13
1704632490 26



# Sketch: 17
1704631914 11
1704631946 13
1704631978 28
1704632010 8
1704632042 13
1704632074 19
1704632106 180
1704632138 406
1704632170 141
1704632202 17
1704632234 17
1704632266 12
1704632298 12
1704632330 24
1704632362 20
1704632394 15
1704632426 18
1704632458 8
1704632490 17



# Sketch: 18
1704631914 26
1704631946 10
1704631978 17
1704632010 67
1704632042 115
1704632074 248
1704632106 161
1704632138 31
1704632170 13
1704632202 17
1704632234 12
1704632266 5
1704632298 17
1704632330 8
1704632362 33
1704632394 37
1704632426 9
1704632458 8
1704632490 11



# Sketch: 19
1704631914 15
1704631946 20
1704631978 11
1704632010 5
1704632042 23
1704632074 17
1704632106 59
1704632138 127
1704632170 19
1704632202 15
1704632234 12
1704632266 14
1704632298 31
1704632330 16
1704632362 23
1704632394 20
1704632426 11
1704632458 16
1704632490 15



# Sketch: 20
1704631914 24
1704631946 12
1704631978 18
1704632010 15
1704632042 17
1704632074 12
1704632106 37
1704632138 13
1704632170 21
1704632202 21
1704632234 19
1704632266 19
1704632298 24
1704632330 22
1704632362 26
1704632394 15
1704632426 12
1704632458 21
1704632490 29



# Sketch: 21
1704631914 19
1704631946 13
1704631978 14
1704632010 12
1704632042 21
1704632074 11
1704632106 12
1704632138 18
1704632170 18
1704632202 17
1704632234 16
1704632266 15
1704632298 28
1704632330 13
1704632362 11
1704632394 30
1704632426 11
1704632458 12
1704632490 26



# Sketch: 22
1704631914 9
1704631946 13
1704631978 9
1704632010 16
1704632042 11
1704632074 10
1704632106 12
1704632138 17
1704632170 16
1704632202 21
1704632234 23
1704632266 4
1704632298 36
1704632330 34
1704632362 21
1704632394 7
1704632426 7
1704632458 9
1704632490 15



# Sketch: 23
1704631914 23
1704631946 19
1704631978 7
1704632010 15
1704632042 30
1704632074 11
1704632106 12
1704632138 16
1704632170 17
1704632202 15
1704632234 10
1704632266 17
1704632298 24
1704632330 19
1704632362 16
1704632394 11
1704632426 5
1704632458 10
1704632490 15



# Sketch: 24
1704631914 7
1704631946 8
1704631978 4
1704632010 17
1704632042 11
1704632074 11
1704632106 14
1704632138 28
1704632170 19
1704632202 13
1704632234 11
1704632266 14
1704632298 16
1704632330 14
1704632362 25
1704632394 17
1704632426 24
1704632458 10
1704632490 21



# Sketch: 25
1704631914 32
1704631946 16
1704631978 30
1704632010 15
1704632042 23
1704632074 25
1704632106 28
1704632138 20
1704632170 13
1704632202 17
1704632234 25
1704632266 30
1704632298 36
1704632330 24
1704632362 32
1704632394 18
1704632426 10
1704632458 27
1704632490 26



# Sketch: 26
1704631914 22
1704631946 22
1704631978 12
1704632010 9
1704632042 20
1704632074 21
1704632106 14
1704632138 17
1704632170 11
1704632202 19
1704632234 15
1704632266 18
1704632298 21
1704632330 17
1704632362 23
1704632394 35
1704632426 14
1704632458 14
1704632490 21



# Sketch: 27
1704631914 16
1704631946 13
1704631978 12
1704632010 10
1704632042 27
1704632074 14
1704632106 15
1704632138 11
1704632170 14
1704632202 13
1704632234 12
1704632266 17
1704632298 25
1704632330 7
1704632362 15
1704632394 9
1704632426 21
1704632458 9
1704632490 23



# Sketch: 28
1704631914 13
1704631946 8
1704631978 32
1704632010 9
1704632042 24
1704632074 18
1704632106 11
1704632138 16
1704632170 25
1704632202 10
1704632234 15
1704632266 21
1704632298 33
1704632330 7
1704632362 8
1704632394 11
1704632426 12
1704632458 13
1704632490 8



# Sketch: 29
1704631914 8
1704631946 20
1704631978 10
1704632010 47
1704632042 28
1704632074 8
1704632106 17
1704632138 19
1704632170 51
1704632202 12
1704632234 12
1704632266 12
1704632298 22
1704632330 14
1704632362 39
1704632394 37
1704632426 13
1704632458 17
1704632490 23



# Sketch: 30
1704631914 10
1704631946 17
1704631978 13
1704632010 25
1704632042 16
1704632074 13
1704632106 13
1704632138 24
1704632170 13
1704632202 18
1704632234 17
1704632266 32
1704632298 29
1704632330 10
1704632362 16
1704632394 9
1704632426 17
1704632458 12
1704632490 15



# Sketch: 31
1704631914 23
1704631946 19
1704631978 9
1704632010 18
1704632042 25
1704632074 18
1704632106 10
1704632138 22
1704632170 32
1704632202 19
1704632234 12
1704632266 27
1704632298 22
1704632330 23
1704632362 13
1704632394 14
1704632426 13
1704632458 11
1704632490 17

