

# Sketch: 0
1704631914 12
1704631946 14
1704631978 15
1704632010 12
1704632042 28
1704632074 10
1704632106 9
1704632138 10
1704632170 5
1704632202 14
1704632234 24
1704632266 20
1704632298 19
1704632330 10
1704632362 12
1704632394 20
1704632426 17
1704632458 10
1704632490 15



# Sketch: 1
1704631914 12
1704631946 8
1704631978 34
1704632010 18
1704632042 24
1704632074 16
1704632106 36
1704632138 14
1704632170 9
1704632202 18
1704632234 27
1704632266 24
1704632298 19
1704632330 33
1704632362 23
1704632394 14
1704632426 17
1704632458 14
1704632490 12



# Sketch: 2
1704631914 14
1704631946 14
1704631978 11
1704632010 14
1704632042 16
1704632074 13
1704632106 16
1704632138 10
1704632170 22
1704632202 14
1704632234 26
1704632266 14
1704632298 27
1704632330 12
1704632362 11
1704632394 17
1704632426 10
1704632458 8
1704632490 24



# Sketch: 3
1704631914 20
1704631946 12
1704631978 9
1704632010 15
1704632042 15
1704632074 18
1704632106 11
1704632138 12
1704632170 22
1704632202 12
1704632234 16
1704632266 19
1704632298 35
1704632330 37
1704632362 16
1704632394 14
1704632426 33
1704632458 44
1704632490 7



# Sketch: 4
1704631914 27
1704631946 12
1704631978 10
1704632010 7
1704632042 29
1704632074 15
1704632106 23
1704632138 20
1704632170 29
1704632202 18
1704632234 10
1704632266 14
1704632298 38
1704632330 10
1704632362 14
1704632394 17
1704632426 10
1704632458 10
1704632490 13



# Sketch: 5
1704631914 15
1704631946 11
1704631978 19
1704632010 30
1704632042 12
1704632074 14
1704632106 23
1704632138 27
1704632170 9
1704632202 29
1704632234 29
1704632266 24
1704632298 13
1704632330 17
1704632362 22
1704632394 12
1704632426 11
1704632458 23
1704632490 16



# Sketch: 6
1704631914 23
1704631946 14
1704631978 11
1704632010 9
1704632042 21
1704632074 15
1704632106 72
1704632138 177
1704632170 39
1704632202 28
1704632234 21
1704632266 17
1704632298 23
1704632330 10
1704632362 14
1704632394 15
1704632426 16
1704632458 18
1704632490 22



# Sketch: 7
1704631914 10
1704631946 29
1704631978 17
1704632010 27
1704632042 17
1704632074 19
1704632106 20
1704632138 20
1704632170 16
1704632202 13
1704632234 11
1704632266 25
1704632298 31
1704632330 13
1704632362 14
1704632394 11
1704632426 22
1704632458 4
1704632490 15



# Sketch: 8
1704631914 22
1704631946 15
1704631978 9
1704632010 16
1704632042 19
1704632074 7
1704632106 15
1704632138 19
1704632170 14
1704632202 16
1704632234 12
1704632266 23
1704632298 17
1704632330 17
1704632362 13
1704632394 7
1704632426 12
1704632458 7
1704632490 11



# Sketch: 9
1704631914 22
1704631946 19
1704631978 17
1704632010 6
1704632042 25
1704632074 24
1704632106 8
1704632138 11
1704632170 16
1704632202 25
1704632234 13
1704632266 22
1704632298 32
1704632330 16
1704632362 15
1704632394 12
1704632426 15
1704632458 15
1704632490 16



# Sketch: 10
1704631914 16
1704631946 23
1704631978 13
1704632010 21
1704632042 7
1704632074 10
1704632106 117
1704632138 245
1704632170 118
1704632202 11
1704632234 9
1704632266 18
1704632298 28
1704632330 18
1704632362 19
1704632394 13
1704632426 14
1704632458 6
1704632490 25



# Sketch: 11
1704631914 21
1704631946 21
1704631978 9
1704632010 11
1704632042 22
1704632074 20
1704632106 6
1704632138 24
1704632170 20
1704632202 17
1704632234 21
1704632266 10
1704632298 19
1704632330 18
1704632362 16
1704632394 15
1704632426 9
1704632458 10
1704632490 14



# Sketch: 12
1704631914 19
1704631946 23
1704631978 15
1704632010 57
1704632042 21
1704632074 14
1704632106 12
1704632138 22
1704632170 53
1704632202 14
1704632234 29
1704632266 12
1704632298 17
1704632330 18
1704632362 67
1704632394 53
1704632426 16
1704632458 21
1704632490 46



# Sketch: 13
1704631914 17
1704631946 20
1704631978 8
1704632010 6
1704632042 19
1704632074 15
1704632106 11
1704632138 22
1704632170 6
1704632202 6
1704632234 9
1704632266 9
1704632298 8
1704632330 9
1704632362 21
1704632394 17
1704632426 12
1704632458 12
1704632490 15



# Sketch: 14
1704631914 27
1704631946 11
1704631978 20
1704632010 20
1704632042 23
1704632074 17
1704632106 57
1704632138 139
1704632170 42
1704632202 18
1704632234 21
1704632266 12
1704632298 36
1704632330 20
1704632362 31
1704632394 21
1704632426 25
1704632458 11
1704632490 16



# Sketch: 15
1704631914 7
1704631946 8
1704631978 14
1704632010 9
1704632042 22
1704632074 15
1704632106 11
1704632138 25
1704632170 13
1704632202 21
1704632234 10
1704632266 20
1704632298 34
1704632330 19
1704632362 15
1704632394 29
1704632426 16
1704632458 8
1704632490 15



# Sketch: 16
1704631914 24
1704631946 20
1704631978 19
1704632010 13
1704632042 20
1704632074 24
1704632106 14
1704632138 21
1704632170 17
1704632202 27
1704632234 10
1704632266 6
1704632298 27
1704632330 15
1704632362 12
1704632394 24
1704632426 22
1704632458 8
1704632490 12



# Sketch: 17
1704631914 24
1704631946 22
1704631978 14
1704632010 7
1704632042 21
1704632074 25
1704632106 13
1704632138 11
1704632170 14
1704632202 22
1704632234 11
1704632266 29
1704632298 25
1704632330 18
1704632362 26
1704632394 28
1704632426 11
1704632458 10
1704632490 12



# Sketch: 18
1704631914 11
1704631946 23
1704631978 14
1704632010 5
1704632042 9
1704632074 10
1704632106 12
1704632138 13
1704632170 16
1704632202 10
1704632234 11
1704632266 25
1704632298 50
1704632330 20
1704632362 6
1704632394 13
1704632426 2
1704632458 11
1704632490 12



# Sketch: 19
1704631914 26
1704631946 25
1704631978 25
1704632010 24
1704632042 39
1704632074 24
1704632106 37
1704632138 25
1704632170 25
1704632202 20
1704632234 14
1704632266 16
1704632298 33
1704632330 16
1704632362 18
1704632394 22
1704632426 5
1704632458 16
1704632490 26



# Sketch: 20
1704631914 16
1704631946 15
1704631978 18
1704632010 17
1704632042 18
1704632074 26
1704632106 30
1704632138 20
1704632170 11
1704632202 17
1704632234 22
1704632266 15
1704632298 18
1704632330 22
1704632362 13
1704632394 14
1704632426 9
1704632458 31
1704632490 19



# Sketch: 21
1704631914 35
1704631946 6
1704631978 29
1704632010 6
1704632042 32
1704632074 17
1704632106 23
1704632138 14
1704632170 24
1704632202 30
1704632234 14
1704632266 19
1704632298 13
1704632330 12
1704632362 22
1704632394 38
1704632426 5
1704632458 10
1704632490 10



# Sketch: 22
1704631914 8
1704631946 14
1704631978 17
1704632010 6
1704632042 10
1704632074 25
1704632106 9
1704632138 15
1704632170 11
1704632202 17
1704632234 9
1704632266 21
1704632298 19
1704632330 20
1704632362 14
1704632394 23
1704632426 5
1704632458 9
1704632490 19



# Sketch: 23
1704631914 19
1704631946 24
1704631978 8
1704632010 17
1704632042 21
1704632074 16
1704632106 14
1704632138 16
1704632170 10
1704632202 12
1704632234 13
1704632266 13
1704632298 23
1704632330 10
1704632362 29
1704632394 25
1704632426 16
1704632458 15
1704632490 10



# Sketch: 24
1704631914 15
1704631946 10
1704631978 18
1704632010 8
1704632042 34
1704632074 17
1704632106 8
1704632138 9
1704632170 26
1704632202 15
1704632234 8
1704632266 22
1704632298 18
1704632330 15
1704632362 24
1704632394 13
1704632426 30
1704632458 14
1704632490 28



# Sketch: 25
1704631914 24
1704631946 9
1704631978 13
1704632010 19
1704632042 15
1704632074 8
1704632106 21
1704632138 13
1704632170 16
1704632202 5
1704632234 10
1704632266 15
1704632298 19
1704632330 11
1704632362 8
1704632394 17
1704632426 15
1704632458 15
1704632490 10



# Sketch: 26
1704631914 12
1704631946 15
1704631978 4
1704632010 12
1704632042 21
1704632074 17
1704632106 17
1704632138 28
1704632170 9
1704632202 21
1704632234 10
1704632266 14
1704632298 16
1704632330 18
1704632362 16
1704632394 14
1704632426 14
1704632458 12
1704632490 5



# Sketch: 27
1704631914 13
1704631946 12
1704631978 24
1704632010 67
1704632042 120
1704632074 240
1704632106 163
1704632138 31
1704632170 12
1704632202 16
1704632234 9
1704632266 13
1704632298 30
1704632330 18
1704632362 27
1704632394 24
1704632426 13
1704632458 1
1704632490 16



# Sketch: 28
1704631914 15
1704631946 10
1704631978 13
1704632010 6
1704632042 17
1704632074 16
1704632106 15
1704632138 13
1704632170 22
1704632202 10
1704632234 17
1704632266 8
1704632298 12
1704632330 10
1704632362 15
1704632394 14
1704632426 37
1704632458 27
1704632490 13



# Sketch: 29
1704631914 10
1704631946 14
1704631978 12
1704632010 17
1704632042 37
1704632074 15
1704632106 64
1704632138 194
1704632170 51
1704632202 19
1704632234 20
1704632266 31
1704632298 18
1704632330 14
1704632362 25
1704632394 14
1704632426 15
1704632458 13
1704632490 14



# Sketch: 30
1704631914 9
1704631946 20
1704631978 17
1704632010 11
1704632042 16
1704632074 9
1704632106 11
1704632138 20
1704632170 25
1704632202 10
1704632234 16
1704632266 17
1704632298 18
1704632330 11
1704632362 17
1704632394 20
1704632426 11
1704632458 20
1704632490 16



# Sketch: 31
1704631914 13
1704631946 19
1704631978 12
1704632010 19
1704632042 10
1704632074 14
1704632106 12
1704632138 22
1704632170 9
1704632202 12
1704632234 8
1704632266 18
1704632298 26
1704632330 14
1704632362 6
1704632394 17
1704632426 7
1704632458 16
1704632490 12

