

# Sketch: 0
1704631914 20
1704631930 5
1704631946 7
1704631962 5
1704631978 18
1704631994 24
1704632010 12
1704632026 9
1704632042 15
1704632058 3
1704632074 6
1704632090 8
1704632106 27
1704632122 20
1704632138 5
1704632154 9
1704632170 12
1704632186 7
1704632202 12
1704632218 16
1704632234 16
1704632250 14
1704632266 18
1704632282 10
1704632298 5
1704632314 6
1704632330 14
1704632346 20
1704632362 14
1704632378 8
1704632394 8
1704632410 6
1704632426 7
1704632442 3
1704632458 19
1704632474 9
1704632490 17
1704632506 2



# Sketch: 1
1704631914 6
1704631930 18
1704631946 16
1704631962 11
1704631978 7
1704631994 4
1704632010 5
1704632026 8
1704632042 16
1704632058 6
1704632074 7
1704632090 11
1704632106 3
1704632122 44
1704632138 89
1704632154 36
1704632170 14
1704632186 4
1704632202 7
1704632218 18
1704632234 3
1704632250 6
1704632266 8
1704632282 6
1704632298 7
1704632314 9
1704632330 7
1704632346 6
1704632362 4
1704632378 6
1704632394 14
1704632410 2
1704632426 3
1704632442 8
1704632458 3
1704632474 3
1704632490 5
1704632506 5



# Sketch: 2
1704631914 13
1704631930 4
1704631946 12
1704631962 6
1704631978 4
1704631994 5
1704632010 18
1704632026 6
1704632042 8
1704632058 5
1704632074 10
1704632090 4
1704632106 9
1704632122 7
1704632138 6
1704632154 13
1704632170 6
1704632186 2
1704632202 3
1704632218 16
1704632234 12
1704632250 5
1704632266 9
1704632282 5
1704632298 4
1704632314 24
1704632330 13
1704632346 5
1704632362 14
1704632378 8
1704632394 11
1704632410 2
1704632426 7
1704632442 9
1704632458 6
1704632474 5
1704632490 25
1704632506 1



# Sketch: 3
1704631914 12
1704631930 10
1704631946 9
1704631962 13
1704631978 2
1704631994 8
1704632010 4
1704632026 5
1704632042 13
1704632058 12
1704632074 8
1704632090 2
1704632106 15
1704632122 60
1704632138 120
1704632154 68
1704632170 28
1704632186 19
1704632202 7
1704632218 19
1704632234 9
1704632250 6
1704632266 5
1704632282 5
1704632298 12
1704632314 15
1704632330 4
1704632346 12
1704632362 9
1704632378 14
1704632394 13
1704632410 16
1704632426 17
1704632442 7
1704632458 15
1704632474 5
1704632490 21
1704632506 5



# Sketch: 4
1704631914 11
1704631930 6
1704631946 6
1704631962 12
1704631978 5
1704631994 7
1704632010 6
1704632026 6
1704632042 7
1704632058 6
1704632074 6
1704632090 10
1704632106 4
1704632122 5
1704632138 11
1704632154 11
1704632170 12
1704632186 8
1704632202 6
1704632218 12
1704632234 9
1704632250 22
1704632266 4
1704632282 4
1704632298 4
1704632314 13
1704632330 4
1704632346 8
1704632362 6
1704632378 5
1704632394 14
1704632410 26
1704632426 5
1704632442 5
1704632458 4
1704632474 7
1704632490 13
1704632506 6



# Sketch: 5
1704631914 9
1704631930 10
1704631946 4
1704631962 6
1704631978 11
1704631994 11
1704632010 10
1704632026 12
1704632042 9
1704632058 7
1704632074 9
1704632090 7
1704632106 8
1704632122 5
1704632138 7
1704632154 6
1704632170 8
1704632186 4
1704632202 7
1704632218 6
1704632234 5
1704632250 11
1704632266 7
1704632282 8
1704632298 10
1704632314 12
1704632330 22
1704632346 8
1704632362 4
1704632378 4
1704632394 12
1704632410 5
1704632426 4
1704632442 8
1704632458 3
1704632474 4
1704632490 2
1704632506 5



# Sketch: 6
1704631914 12
1704631930 7
1704631946 11
1704631962 6
1704631978 5
1704631994 0
1704632010 7
1704632026 24
1704632042 13
1704632058 17
1704632074 6
1704632090 8
1704632106 13
1704632122 13
1704632138 8
1704632154 11
1704632170 16
1704632186 4
1704632202 8
1704632218 11
1704632234 4
1704632250 9
1704632266 11
1704632282 7
1704632298 5
1704632314 6
1704632330 2
1704632346 6
1704632362 13
1704632378 13
1704632394 26
1704632410 3
1704632426 5
1704632442 9
1704632458 4
1704632474 5
1704632490 7
1704632506 7



# Sketch: 7
1704631914 1
1704631930 9
1704631946 16
1704631962 10
1704631978 23
1704631994 6
1704632010 6
1704632026 62
1704632042 93
1704632058 37
1704632074 118
1704632090 122
1704632106 97
1704632122 58
1704632138 23
1704632154 9
1704632170 8
1704632186 11
1704632202 2
1704632218 5
1704632234 7
1704632250 5
1704632266 6
1704632282 17
1704632298 11
1704632314 10
1704632330 7
1704632346 6
1704632362 4
1704632378 13
1704632394 6
1704632410 5
1704632426 6
1704632442 9
1704632458 6
1704632474 6
1704632490 6
1704632506 3



# Sketch: 8
1704631914 14
1704631930 2
1704631946 10
1704631962 7
1704631978 15
1704631994 15
1704632010 7
1704632026 5
1704632042 6
1704632058 11
1704632074 7
1704632090 14
1704632106 4
1704632122 4
1704632138 7
1704632154 17
1704632170 7
1704632186 6
1704632202 6
1704632218 4
1704632234 9
1704632250 13
1704632266 4
1704632282 12
1704632298 9
1704632314 11
1704632330 7
1704632346 4
1704632362 3
1704632378 13
1704632394 7
1704632410 14
1704632426 6
1704632442 2
1704632458 11
1704632474 3
1704632490 21
1704632506 4



# Sketch: 9
1704631914 4
1704631930 15
1704631946 13
1704631962 4
1704631978 8
1704631994 10
1704632010 3
1704632026 3
1704632042 6
1704632058 4
1704632074 9
1704632090 5
1704632106 5
1704632122 3
1704632138 5
1704632154 10
1704632170 6
1704632186 13
1704632202 14
1704632218 9
1704632234 6
1704632250 4
1704632266 5
1704632282 8
1704632298 10
1704632314 31
1704632330 4
1704632346 10
1704632362 5
1704632378 10
1704632394 11
1704632410 5
1704632426 5
1704632442 6
1704632458 1
1704632474 6
1704632490 4
1704632506 5



# Sketch: 10
1704631914 16
1704631930 6
1704631946 7
1704631962 6
1704631978 12
1704631994 18
1704632010 13
1704632026 3
1704632042 6
1704632058 7
1704632074 9
1704632090 4
1704632106 3
1704632122 5
1704632138 10
1704632154 8
1704632170 7
1704632186 13
1704632202 9
1704632218 2
1704632234 6
1704632250 10
1704632266 6
1704632282 10
1704632298 9
1704632314 6
1704632330 7
1704632346 6
1704632362 10
1704632378 10
1704632394 6
1704632410 4
1704632426 0
1704632442 25
1704632458 7
1704632474 2
1704632490 6
1704632506 2



# Sketch: 11
1704631914 14
1704631930 10
1704631946 13
1704631962 11
1704631978 5
1704631994 13
1704632010 8
1704632026 11
1704632042 21
1704632058 9
1704632074 6
1704632090 10
1704632106 11
1704632122 7
1704632138 5
1704632154 6
1704632170 5
1704632186 7
1704632202 9
1704632218 12
1704632234 10
1704632250 7
1704632266 11
1704632282 4
1704632298 13
1704632314 44
1704632330 13
1704632346 12
1704632362 5
1704632378 3
1704632394 8
1704632410 10
1704632426 6
1704632442 22
1704632458 16
1704632474 4
1704632490 16
1704632506 9



# Sketch: 12
1704631914 22
1704631930 4
1704631946 16
1704631962 6
1704631978 16
1704631994 2
1704632010 1
1704632026 14
1704632042 11
1704632058 3
1704632074 2
1704632090 6
1704632106 5
1704632122 6
1704632138 5
1704632154 6
1704632170 11
1704632186 1
1704632202 5
1704632218 2
1704632234 7
1704632250 8
1704632266 18
1704632282 17
1704632298 18
1704632314 17
1704632330 10
1704632346 6
1704632362 9
1704632378 12
1704632394 6
1704632410 3
1704632426 4
1704632442 19
1704632458 38
1704632474 11
1704632490 8
1704632506 11



# Sketch: 13
1704631914 8
1704631930 11
1704631946 9
1704631962 3
1704631978 8
1704631994 2
1704632010 5
1704632026 5
1704632042 5
1704632058 5
1704632074 10
1704632090 5
1704632106 9
1704632122 7
1704632138 6
1704632154 6
1704632170 8
1704632186 5
1704632202 4
1704632218 6
1704632234 2
1704632250 7
1704632266 5
1704632282 7
1704632298 9
1704632314 7
1704632330 6
1704632346 7
1704632362 12
1704632378 6
1704632394 6
1704632410 14
1704632426 2
1704632442 0
1704632458 13
1704632474 9
1704632490 8
1704632506 7



# Sketch: 14
1704631914 11
1704631930 17
1704631946 5
1704631962 12
1704631978 7
1704631994 11
1704632010 7
1704632026 4
1704632042 22
1704632058 7
1704632074 8
1704632090 6
1704632106 20
1704632122 10
1704632138 4
1704632154 5
1704632170 11
1704632186 7
1704632202 13
1704632218 13
1704632234 9
1704632250 19
1704632266 17
1704632282 9
1704632298 8
1704632314 6
1704632330 4
1704632346 13
1704632362 9
1704632378 29
1704632394 18
1704632410 5
1704632426 1
1704632442 10
1704632458 7
1704632474 6
1704632490 8
1704632506 4



# Sketch: 15
1704631914 7
1704631930 10
1704631946 6
1704631962 0
1704631978 6
1704631994 13
1704632010 2
1704632026 5
1704632042 11
1704632058 7
1704632074 9
1704632090 10
1704632106 8
1704632122 11
1704632138 8
1704632154 10
1704632170 6
1704632186 1
1704632202 11
1704632218 11
1704632234 4
1704632250 12
1704632266 7
1704632282 7
1704632298 9
1704632314 1
1704632330 8
1704632346 11
1704632362 7
1704632378 13
1704632394 4
1704632410 3
1704632426 5
1704632442 5
1704632458 3
1704632474 5
1704632490 5
1704632506 2



# Sketch: 16
1704631914 6
1704631930 5
1704631946 16
1704631962 5
1704631978 8
1704631994 8
1704632010 3
1704632026 6
1704632042 9
1704632058 12
1704632074 5
1704632090 6
1704632106 6
1704632122 112
1704632138 190
1704632154 60
1704632170 82
1704632186 41
1704632202 7
1704632218 11
1704632234 10
1704632250 6
1704632266 4
1704632282 2
1704632298 4
1704632314 6
1704632330 21
1704632346 12
1704632362 8
1704632378 21
1704632394 5
1704632410 4
1704632426 7
1704632442 11
1704632458 4
1704632474 11
1704632490 14
1704632506 2



# Sketch: 17
1704631914 6
1704631930 6
1704631946 11
1704631962 0
1704631978 4
1704631994 1
1704632010 1
1704632026 4
1704632042 4
1704632058 7
1704632074 4
1704632090 7
1704632106 2
1704632122 8
1704632138 6
1704632154 4
1704632170 9
1704632186 2
1704632202 8
1704632218 9
1704632234 6
1704632250 11
1704632266 4
1704632282 7
1704632298 8
1704632314 21
1704632330 2
1704632346 4
1704632362 2
1704632378 12
1704632394 5
1704632410 12
1704632426 1
1704632442 28
1704632458 17
1704632474 9
1704632490 2
1704632506 10



# Sketch: 18
1704631914 6
1704631930 8
1704631946 8
1704631962 6
1704631978 10
1704631994 4
1704632010 10
1704632026 2
1704632042 7
1704632058 3
1704632074 6
1704632090 11
1704632106 3
1704632122 2
1704632138 7
1704632154 7
1704632170 8
1704632186 9
1704632202 6
1704632218 4
1704632234 5
1704632250 6
1704632266 8
1704632282 10
1704632298 6
1704632314 15
1704632330 6
1704632346 7
1704632362 4
1704632378 4
1704632394 4
1704632410 6
1704632426 8
1704632442 9
1704632458 3
1704632474 4
1704632490 3
1704632506 7



# Sketch: 19
1704631914 3
1704631930 12
1704631946 6
1704631962 7
1704631978 10
1704631994 5
1704632010 10
1704632026 4
1704632042 6
1704632058 15
1704632074 7
1704632090 4
1704632106 10
1704632122 7
1704632138 12
1704632154 8
1704632170 8
1704632186 10
1704632202 10
1704632218 4
1704632234 3
1704632250 9
1704632266 3
1704632282 10
1704632298 15
1704632314 37
1704632330 5
1704632346 6
1704632362 8
1704632378 4
1704632394 5
1704632410 11
1704632426 9
1704632442 12
1704632458 12
1704632474 5
1704632490 3
1704632506 9



# Sketch: 20
1704631914 9
1704631930 3
1704631946 7
1704631962 7
1704631978 8
1704631994 4
1704632010 9
1704632026 5
1704632042 14
1704632058 20
1704632074 15
1704632090 3
1704632106 5
1704632122 9
1704632138 7
1704632154 9
1704632170 8
1704632186 31
1704632202 2
1704632218 7
1704632234 12
1704632250 9
1704632266 6
1704632282 10
1704632298 23
1704632314 7
1704632330 6
1704632346 6
1704632362 4
1704632378 15
1704632394 5
1704632410 6
1704632426 7
1704632442 2
1704632458 6
1704632474 3
1704632490 6
1704632506 2



# Sketch: 21
1704631914 5
1704631930 8
1704631946 8
1704631962 2
1704631978 5
1704631994 6
1704632010 3
1704632026 6
1704632042 6
1704632058 13
1704632074 19
1704632090 8
1704632106 3
1704632122 14
1704632138 8
1704632154 9
1704632170 15
1704632186 21
1704632202 18
1704632218 9
1704632234 6
1704632250 8
1704632266 11
1704632282 10
1704632298 14
1704632314 14
1704632330 5
1704632346 3
1704632362 6
1704632378 5
1704632394 8
1704632410 12
1704632426 7
1704632442 4
1704632458 4
1704632474 2
1704632490 13
1704632506 2



# Sketch: 22
1704631914 7
1704631930 3
1704631946 9
1704631962 6
1704631978 4
1704631994 12
1704632010 3
1704632026 41
1704632042 19
1704632058 6
1704632074 13
1704632090 14
1704632106 6
1704632122 4
1704632138 7
1704632154 13
1704632170 9
1704632186 15
1704632202 1
1704632218 8
1704632234 3
1704632250 8
1704632266 6
1704632282 6
1704632298 2
1704632314 11
1704632330 7
1704632346 13
1704632362 28
1704632378 23
1704632394 23
1704632410 29
1704632426 11
1704632442 9
1704632458 5
1704632474 4
1704632490 20
1704632506 16



# Sketch: 23
1704631914 6
1704631930 8
1704631946 9
1704631962 3
1704631978 7
1704631994 2
1704632010 4
1704632026 8
1704632042 15
1704632058 9
1704632074 3
1704632090 8
1704632106 8
1704632122 12
1704632138 7
1704632154 19
1704632170 9
1704632186 14
1704632202 5
1704632218 9
1704632234 3
1704632250 9
1704632266 15
1704632282 13
1704632298 7
1704632314 17
1704632330 8
1704632346 3
1704632362 10
1704632378 9
1704632394 14
1704632410 4
1704632426 11
1704632442 6
1704632458 10
1704632474 9
1704632490 9
1704632506 7



# Sketch: 24
1704631914 13
1704631930 5
1704631946 6
1704631962 8
1704631978 10
1704631994 9
1704632010 11
1704632026 20
1704632042 15
1704632058 9
1704632074 9
1704632090 14
1704632106 14
1704632122 17
1704632138 15
1704632154 9
1704632170 10
1704632186 12
1704632202 10
1704632218 16
1704632234 7
1704632250 13
1704632266 8
1704632282 11
1704632298 8
1704632314 22
1704632330 5
1704632346 21
1704632362 7
1704632378 16
1704632394 20
1704632410 5
1704632426 6
1704632442 12
1704632458 14
1704632474 7
1704632490 13
1704632506 1



# Sketch: 25
1704631914 3
1704631930 5
1704631946 2
1704631962 11
1704631978 3
1704631994 12
1704632010 7
1704632026 11
1704632042 16
1704632058 7
1704632074 9
1704632090 15
1704632106 5
1704632122 3
1704632138 8
1704632154 7
1704632170 8
1704632186 8
1704632202 10
1704632218 12
1704632234 3
1704632250 1
1704632266 7
1704632282 5
1704632298 9
1704632314 26
1704632330 9
1704632346 5
1704632362 5
1704632378 5
1704632394 10
1704632410 9
1704632426 7
1704632442 7
1704632458 6
1704632474 2
1704632490 15
1704632506 8



# Sketch: 26
1704631914 6
1704631930 6
1704631946 13
1704631962 7
1704631978 9
1704631994 6
1704632010 7
1704632026 10
1704632042 6
1704632058 10
1704632074 5
1704632090 12
1704632106 7
1704632122 3
1704632138 10
1704632154 18
1704632170 4
1704632186 3
1704632202 4
1704632218 13
1704632234 4
1704632250 2
1704632266 9
1704632282 12
1704632298 9
1704632314 17
1704632330 5
1704632346 12
1704632362 11
1704632378 9
1704632394 11
1704632410 4
1704632426 8
1704632442 3
1704632458 6
1704632474 5
1704632490 4
1704632506 6



# Sketch: 27
1704631914 10
1704631930 19
1704631946 12
1704631962 2
1704631978 5
1704631994 6
1704632010 4
1704632026 6
1704632042 14
1704632058 23
1704632074 10
1704632090 11
1704632106 7
1704632122 7
1704632138 18
1704632154 12
1704632170 16
1704632186 15
1704632202 4
1704632218 11
1704632234 5
1704632250 6
1704632266 6
1704632282 13
1704632298 15
1704632314 9
1704632330 8
1704632346 14
1704632362 1
1704632378 8
1704632394 12
1704632410 12
1704632426 8
1704632442 5
1704632458 6
1704632474 9
1704632490 18
1704632506 6



# Sketch: 28
1704631914 10
1704631930 6
1704631946 8
1704631962 4
1704631978 3
1704631994 2
1704632010 8
1704632026 5
1704632042 3
1704632058 6
1704632074 1
1704632090 12
1704632106 10
1704632122 73
1704632138 108
1704632154 66
1704632170 22
1704632186 0
1704632202 2
1704632218 3
1704632234 5
1704632250 3
1704632266 11
1704632282 17
1704632298 5
1704632314 7
1704632330 7
1704632346 4
1704632362 10
1704632378 5
1704632394 11
1704632410 1
1704632426 8
1704632442 5
1704632458 3
1704632474 8
1704632490 7
1704632506 5



# Sketch: 29
1704631914 4
1704631930 15
1704631946 19
1704631962 2
1704631978 3
1704631994 9
1704632010 2
1704632026 9
1704632042 22
1704632058 14
1704632074 5
1704632090 16
1704632106 10
1704632122 12
1704632138 12
1704632154 19
1704632170 15
1704632186 10
1704632202 8
1704632218 13
1704632234 3
1704632250 19
1704632266 12
1704632282 14
1704632298 22
1704632314 7
1704632330 8
1704632346 6
1704632362 5
1704632378 5
1704632394 4
1704632410 15
1704632426 7
1704632442 5
1704632458 4
1704632474 7
1704632490 24
1704632506 9



# Sketch: 30
1704631914 9
1704631930 7
1704631946 9
1704631962 10
1704631978 4
1704631994 5
1704632010 8
1704632026 2
1704632042 5
1704632058 22
1704632074 8
1704632090 9
1704632106 6
1704632122 9
1704632138 8
1704632154 19
1704632170 14
1704632186 2
1704632202 8
1704632218 9
1704632234 10
1704632250 5
1704632266 18
1704632282 11
1704632298 14
1704632314 14
1704632330 12
1704632346 6
1704632362 31
1704632378 8
1704632394 25
1704632410 3
1704632426 6
1704632442 3
1704632458 10
1704632474 5
1704632490 11
1704632506 3



# Sketch: 31
1704631914 8
1704631930 7
1704631946 5
1704631962 6
1704631978 3
1704631994 0
1704632010 3
1704632026 4
1704632042 9
1704632058 6
1704632074 8
1704632090 6
1704632106 6
1704632122 4
1704632138 4
1704632154 6
1704632170 9
1704632186 15
1704632202 5
1704632218 6
1704632234 8
1704632250 6
1704632266 5
1704632282 4
1704632298 4
1704632314 5
1704632330 9
1704632346 4
1704632362 10
1704632378 7
1704632394 9
1704632410 10
1704632426 1
1704632442 9
1704632458 1
1704632474 2
1704632490 8
1704632506 3

