

# Sketch: 0
1704631914 33
1704631978 33
1704632042 16
1704632106 55
1704632170 38
1704632234 39
1704632298 34
1704632362 38
1704632426 33
1704632490 35



# Sketch: 1
1704631914 33
1704631978 23
1704632042 49
1704632106 30
1704632170 28
1704632234 38
1704632298 58
1704632362 24
1704632426 20
1704632490 18



# Sketch: 2
1704631914 44
1704631978 19
1704632042 56
1704632106 32
1704632170 37
1704632234 21
1704632298 47
1704632362 52
1704632426 19
1704632490 16



# Sketch: 3
1704631914 32
1704631978 30
1704632042 41
1704632106 26
1704632170 27
1704632234 24
1704632298 26
1704632362 27
1704632426 16
1704632490 17



# Sketch: 4
1704631914 32
1704631978 31
1704632042 39
1704632106 42
1704632170 34
1704632234 34
1704632298 28
1704632362 33
1704632426 28
1704632490 18



# Sketch: 5
1704631914 49
1704631978 20
1704632042 36
1704632106 15
1704632170 27
1704632234 29
1704632298 34
1704632362 15
1704632426 31
1704632490 10



# Sketch: 6
1704631914 37
1704631978 27
1704632042 33
1704632106 360
1704632170 136
1704632234 26
1704632298 22
1704632362 26
1704632426 70
1704632490 16



# Sketch: 7
1704631914 38
1704631978 26
1704632042 34
1704632106 41
1704632170 20
1704632234 31
1704632298 31
1704632362 75
1704632426 25
1704632490 17



# Sketch: 8
1704631914 45
1704631978 29
1704632042 33
1704632106 39
1704632170 26
1704632234 31
1704632298 34
1704632362 35
1704632426 21
1704632490 12



# Sketch: 9
1704631914 19
1704631978 19
1704632042 40
1704632106 33
1704632170 43
1704632234 33
1704632298 27
1704632362 19
1704632426 14
1704632490 19



# Sketch: 10
1704631914 40
1704631978 21
1704632042 39
1704632106 37
1704632170 71
1704632234 32
1704632298 43
1704632362 35
1704632426 24
1704632490 8



# Sketch: 11
1704631914 29
1704631978 32
1704632042 11
1704632106 28
1704632170 21
1704632234 38
1704632298 25
1704632362 30
1704632426 15
1704632490 11



# Sketch: 12
1704631914 44
1704631978 48
1704632042 53
1704632106 50
1704632170 58
1704632234 64
1704632298 39
1704632362 37
1704632426 34
1704632490 21



# Sketch: 13
1704631914 35
1704631978 26
1704632042 29
1704632106 25
1704632170 22
1704632234 24
1704632298 69
1704632362 28
1704632426 17
1704632490 8



# Sketch: 14
1704631914 40
1704631978 22
1704632042 41
1704632106 25
1704632170 50
1704632234 32
1704632298 32
1704632362 43
1704632426 25
1704632490 16



# Sketch: 15
1704631914 41
1704631978 34
1704632042 35
1704632106 31
1704632170 28
1704632234 37
1704632298 39
1704632362 28
1704632426 16
1704632490 24



# Sketch: 16
1704631914 34
1704631978 32
1704632042 41
1704632106 41
1704632170 45
1704632234 36
1704632298 24
1704632362 19
1704632426 24
1704632490 10



# Sketch: 17
1704631914 25
1704631978 30
1704632042 33
1704632106 25
1704632170 31
1704632234 36
1704632298 34
1704632362 47
1704632426 24
1704632490 11



# Sketch: 18
1704631914 32
1704631978 101
1704632042 368
1704632106 215
1704632170 39
1704632234 49
1704632298 56
1704632362 33
1704632426 43
1704632490 18



# Sketch: 19
1704631914 32
1704631978 32
1704632042 54
1704632106 32
1704632170 41
1704632234 41
1704632298 53
1704632362 58
1704632426 42
1704632490 13



# Sketch: 20
1704631914 35
1704631978 25
1704632042 39
1704632106 35
1704632170 35
1704632234 49
1704632298 44
1704632362 31
1704632426 66
1704632490 14



# Sketch: 21
1704631914 33
1704631978 20
1704632042 38
1704632106 240
1704632170 47
1704632234 24
1704632298 45
1704632362 35
1704632426 37
1704632490 9



# Sketch: 22
1704631914 14
1704631978 31
1704632042 36
1704632106 29
1704632170 32
1704632234 23
1704632298 44
1704632362 38
1704632426 34
1704632490 16



# Sketch: 23
1704631914 54
1704631978 27
1704632042 51
1704632106 180
1704632170 55
1704632234 33
1704632298 45
1704632362 47
1704632426 33
1704632490 13



# Sketch: 24
1704631914 21
1704631978 18
1704632042 26
1704632106 262
1704632170 35
1704632234 32
1704632298 41
1704632362 24
1704632426 25
1704632490 13



# Sketch: 25
1704631914 30
1704631978 61
1704632042 25
1704632106 40
1704632170 39
1704632234 34
1704632298 39
1704632362 79
1704632426 35
1704632490 23



# Sketch: 26
1704631914 21
1704631978 30
1704632042 34
1704632106 25
1704632170 37
1704632234 20
1704632298 44
1704632362 45
1704632426 25
1704632490 22



# Sketch: 27
1704631914 29
1704631978 53
1704632042 22
1704632106 46
1704632170 33
1704632234 36
1704632298 45
1704632362 43
1704632426 27
1704632490 24



# Sketch: 28
1704631914 17
1704631978 36
1704632042 45
1704632106 34
1704632170 29
1704632234 29
1704632298 37
1704632362 37
1704632426 41
1704632490 11



# Sketch: 29
1704631914 22
1704631978 33
1704632042 22
1704632106 23
1704632170 42
1704632234 26
1704632298 36
1704632362 32
1704632426 18
1704632490 20



# Sketch: 30
1704631914 54
1704631978 29
1704632042 49
1704632106 40
1704632170 36
1704632234 33
1704632298 65
1704632362 55
1704632426 23
1704632490 19



# Sketch: 31
1704631914 26
1704631978 22
1704632042 37
1704632106 36
1704632170 26
1704632234 21
1704632298 42
1704632362 40
1704632426 16
1704632490 14

