

# Sketch: 0
1704631914 25
1704631978 44
1704632042 42
1704632106 32
1704632170 35
1704632234 38
1704632298 49
1704632362 42
1704632426 96
1704632490 13



# Sketch: 1
1704631914 37
1704631978 60
1704632042 43
1704632106 40
1704632170 34
1704632234 23
1704632298 23
1704632362 71
1704632426 25
1704632490 28



# Sketch: 2
1704631914 24
1704631978 25
1704632042 37
1704632106 32
1704632170 34
1704632234 24
1704632298 37
1704632362 84
1704632426 36
1704632490 20



# Sketch: 3
1704631914 35
1704631978 56
1704632042 31
1704632106 27
1704632170 35
1704632234 36
1704632298 28
1704632362 21
1704632426 23
1704632490 12



# Sketch: 4
1704631914 35
1704631978 33
1704632042 37
1704632106 38
1704632170 30
1704632234 28
1704632298 31
1704632362 44
1704632426 30
1704632490 9



# Sketch: 5
1704631914 16
1704631978 33
1704632042 34
1704632106 191
1704632170 34
1704632234 18
1704632298 67
1704632362 25
1704632426 15
1704632490 14



# Sketch: 6
1704631914 48
1704631978 27
1704632042 39
1704632106 245
1704632170 56
1704632234 51
1704632298 30
1704632362 45
1704632426 18
1704632490 51



# Sketch: 7
1704631914 29
1704631978 31
1704632042 57
1704632106 18
1704632170 37
1704632234 42
1704632298 25
1704632362 23
1704632426 24
1704632490 14



# Sketch: 8
1704631914 38
1704631978 21
1704632042 36
1704632106 364
1704632170 140
1704632234 29
1704632298 51
1704632362 45
1704632426 25
1704632490 11



# Sketch: 9
1704631914 36
1704631978 23
1704632042 30
1704632106 35
1704632170 30
1704632234 21
1704632298 44
1704632362 27
1704632426 29
1704632490 13



# Sketch: 10
1704631914 31
1704631978 20
1704632042 25
1704632106 24
1704632170 58
1704632234 23
1704632298 28
1704632362 36
1704632426 15
1704632490 12



# Sketch: 11
1704631914 43
1704631978 16
1704632042 15
1704632106 29
1704632170 23
1704632234 38
1704632298 31
1704632362 20
1704632426 13
1704632490 10



# Sketch: 12
1704631914 33
1704631978 27
1704632042 24
1704632106 27
1704632170 27
1704632234 20
1704632298 22
1704632362 15
1704632426 25
1704632490 9



# Sketch: 13
1704631914 52
1704631978 75
1704632042 376
1704632106 205
1704632170 25
1704632234 16
1704632298 97
1704632362 44
1704632426 23
1704632490 17



# Sketch: 14
1704631914 30
1704631978 23
1704632042 33
1704632106 35
1704632170 39
1704632234 53
1704632298 61
1704632362 31
1704632426 36
1704632490 19



# Sketch: 15
1704631914 36
1704631978 60
1704632042 38
1704632106 82
1704632170 41
1704632234 65
1704632298 45
1704632362 57
1704632426 57
1704632490 22



# Sketch: 16
1704631914 31
1704631978 31
1704632042 29
1704632106 37
1704632170 59
1704632234 36
1704632298 64
1704632362 28
1704632426 26
1704632490 5



# Sketch: 17
1704631914 17
1704631978 30
1704632042 37
1704632106 35
1704632170 28
1704632234 22
1704632298 28
1704632362 32
1704632426 22
1704632490 15



# Sketch: 18
1704631914 15
1704631978 42
1704632042 34
1704632106 18
1704632170 43
1704632234 30
1704632298 24
1704632362 23
1704632426 15
1704632490 8



# Sketch: 19
1704631914 23
1704631978 19
1704632042 36
1704632106 32
1704632170 34
1704632234 40
1704632298 25
1704632362 22
1704632426 29
1704632490 18



# Sketch: 20
1704631914 36
1704631978 24
1704632042 37
1704632106 253
1704632170 59
1704632234 30
1704632298 34
1704632362 30
1704632426 31
1704632490 29



# Sketch: 21
1704631914 58
1704631978 25
1704632042 38
1704632106 41
1704632170 42
1704632234 31
1704632298 29
1704632362 30
1704632426 24
1704632490 14



# Sketch: 22
1704631914 33
1704631978 13
1704632042 49
1704632106 31
1704632170 31
1704632234 37
1704632298 40
1704632362 36
1704632426 33
1704632490 10



# Sketch: 23
1704631914 42
1704631978 19
1704632042 40
1704632106 24
1704632170 20
1704632234 35
1704632298 30
1704632362 27
1704632426 29
1704632490 8



# Sketch: 24
1704631914 25
1704631978 35
1704632042 40
1704632106 17
1704632170 35
1704632234 36
1704632298 55
1704632362 71
1704632426 24
1704632490 21



# Sketch: 25
1704631914 34
1704631978 23
1704632042 25
1704632106 44
1704632170 32
1704632234 25
1704632298 29
1704632362 37
1704632426 26
1704632490 9



# Sketch: 26
1704631914 32
1704631978 22
1704632042 49
1704632106 37
1704632170 43
1704632234 41
1704632298 49
1704632362 36
1704632426 36
1704632490 18



# Sketch: 27
1704631914 27
1704631978 21
1704632042 36
1704632106 26
1704632170 33
1704632234 24
1704632298 36
1704632362 26
1704632426 25
1704632490 11



# Sketch: 28
1704631914 27
1704631978 27
1704632042 37
1704632106 36
1704632170 31
1704632234 25
1704632298 37
1704632362 36
1704632426 21
1704632490 14



# Sketch: 29
1704631914 53
1704631978 45
1704632042 44
1704632106 46
1704632170 33
1704632234 54
1704632298 40
1704632362 44
1704632426 23
1704632490 17



# Sketch: 30
1704631914 32
1704631978 35
1704632042 47
1704632106 47
1704632170 28
1704632234 27
1704632298 46
1704632362 51
1704632426 53
1704632490 18



# Sketch: 31
1704631914 37
1704631978 35
1704632042 30
1704632106 24
1704632170 39
1704632234 37
1704632298 47
1704632362 49
1704632426 14
1704632490 27

