

# Sketch: 0
1704632514 48
1704632578 25
1704632642 23
1704632706 26
1704632770 58
1704632834 39
1704632898 28
1704632962 19
1704633026 42
1704633090 9



# Sketch: 1
1704632514 45
1704632578 22
1704632642 33
1704632706 26
1704632770 18
1704632834 16
1704632898 27
1704632962 65
1704633026 24
1704633090 10



# Sketch: 2
1704632514 35
1704632578 43
1704632642 36
1704632706 38
1704632770 64
1704632834 42
1704632898 41
1704632962 35
1704633026 52
1704633090 14



# Sketch: 3
1704632514 29
1704632578 42
1704632642 24
1704632706 14
1704632770 22
1704632834 21
1704632898 34
1704632962 41
1704633026 23
1704633090 20



# Sketch: 4
1704632514 37
1704632578 28
1704632642 37
1704632706 32
1704632770 23
1704632834 34
1704632898 39
1704632962 41
1704633026 40
1704633090 6



# Sketch: 5
1704632514 52
1704632578 31
1704632642 26
1704632706 33
1704632770 76
1704632834 48
1704632898 33
1704632962 25
1704633026 28
1704633090 5



# Sketch: 6
1704632514 60
1704632578 18
1704632642 39
1704632706 26
1704632770 28
1704632834 85
1704632898 34
1704632962 54
1704633026 31
1704633090 5



# Sketch: 7
1704632514 36
1704632578 28
1704632642 54
1704632706 24
1704632770 27
1704632834 30
1704632898 46
1704632962 46
1704633026 28
1704633090 8



# Sketch: 8
1704632514 26
1704632578 42
1704632642 49
1704632706 28
1704632770 21
1704632834 50
1704632898 26
1704632962 46
1704633026 42
1704633090 15



# Sketch: 9
1704632514 40
1704632578 31
1704632642 39
1704632706 33
1704632770 22
1704632834 11
1704632898 33
1704632962 23
1704633026 19
1704633090 7



# Sketch: 10
1704632514 51
1704632578 26
1704632642 39
1704632706 23
1704632770 51
1704632834 28
1704632898 36
1704632962 26
1704633026 37
1704633090 17



# Sketch: 11
1704632514 37
1704632578 30
1704632642 29
1704632706 23
1704632770 36
1704632834 27
1704632898 36
1704632962 31
1704633026 59
1704633090 8



# Sketch: 12
1704632514 38
1704632578 19
1704632642 46
1704632706 37
1704632770 53
1704632834 25
1704632898 47
1704632962 42
1704633026 35
1704633090 15



# Sketch: 13
1704632514 37
1704632578 45
1704632642 25
1704632706 51
1704632770 40
1704632834 59
1704632898 46
1704632962 50
1704633026 53
1704633090 22



# Sketch: 14
1704632514 32
1704632578 22
1704632642 39
1704632706 28
1704632770 25
1704632834 33
1704632898 41
1704632962 44
1704633026 43
1704633090 14



# Sketch: 15
1704632514 29
1704632578 18
1704632642 38
1704632706 30
1704632770 74
1704632834 44
1704632898 48
1704632962 24
1704633026 36
1704633090 6



# Sketch: 16
1704632514 38
1704632578 55
1704632642 63
1704632706 35
1704632770 18
1704632834 22
1704632898 32
1704632962 63
1704633026 42
1704633090 19



# Sketch: 17
1704632514 38
1704632578 31
1704632642 37
1704632706 35
1704632770 21
1704632834 31
1704632898 34
1704632962 33
1704633026 32
1704633090 13



# Sketch: 18
1704632514 45
1704632578 28
1704632642 44
1704632706 30
1704632770 40
1704632834 68
1704632898 43
1704632962 35
1704633026 35
1704633090 13



# Sketch: 19
1704632514 27
1704632578 24
1704632642 27
1704632706 33
1704632770 30
1704632834 33
1704632898 27
1704632962 33
1704633026 32
1704633090 1



# Sketch: 20
1704632514 44
1704632578 26
1704632642 40
1704632706 24
1704632770 33
1704632834 33
1704632898 43
1704632962 42
1704633026 33
1704633090 2



# Sketch: 21
1704632514 48
1704632578 19
1704632642 41
1704632706 36
1704632770 25
1704632834 42
1704632898 34
1704632962 43
1704633026 36
1704633090 3



# Sketch: 22
1704632514 26
1704632578 18
1704632642 35
1704632706 15
1704632770 27
1704632834 25
1704632898 37
1704632962 19
1704633026 26
1704633090 9



# Sketch: 23
1704632514 64
1704632578 36
1704632642 38
1704632706 62
1704632770 43
1704632834 46
1704632898 41
1704632962 26
1704633026 61
1704633090 37



# Sketch: 24
1704632514 28
1704632578 28
1704632642 18
1704632706 35
1704632770 24
1704632834 25
1704632898 55
1704632962 21
1704633026 31
1704633090 19



# Sketch: 25
1704632514 42
1704632578 33
1704632642 55
1704632706 28
1704632770 37
1704632834 31
1704632898 31
1704632962 48
1704633026 41
1704633090 7



# Sketch: 26
1704632514 33
1704632578 22
1704632642 25
1704632706 17
1704632770 23
1704632834 37
1704632898 19
1704632962 19
1704633026 23
1704633090 8



# Sketch: 27
1704632514 33
1704632578 26
1704632642 45
1704632706 44
1704632770 23
1704632834 25
1704632898 46
1704632962 44
1704633026 32
1704633090 11



# Sketch: 28
1704632514 43
1704632578 27
1704632642 46
1704632706 31
1704632770 28
1704632834 40
1704632898 47
1704632962 24
1704633026 28
1704633090 18



# Sketch: 29
1704632514 41
1704632578 29
1704632642 26
1704632706 33
1704632770 33
1704632834 24
1704632898 35
1704632962 50
1704633026 27
1704633090 6



# Sketch: 30
1704632514 46
1704632578 32
1704632642 24
1704632706 17
1704632770 29
1704632834 40
1704632898 26
1704632962 30
1704633026 19
1704633090 3



# Sketch: 31
1704632514 31
1704632578 21
1704632642 34
1704632706 27
1704632770 28
1704632834 29
1704632898 44
1704632962 25
1704633026 31
1704633090 13

