

# Sketch: 0
1704633114 19
1704633146 34
1704633178 11
1704633210 15
1704633242 12
1704633274 14
1704633306 21
1704633338 14
1704633370 9
1704633402 16
1704633434 10
1704633466 5
1704633498 10
1704633530 8
1704633562 10
1704633594 12
1704633626 39
1704633658 25
1704633690 7



# Sketch: 1
1704633114 17
1704633146 7
1704633178 20
1704633210 10
1704633242 27
1704633274 13
1704633306 16
1704633338 11
1704633370 12
1704633402 12
1704633434 16
1704633466 5
1704633498 11
1704633530 16
1704633562 8
1704633594 17
1704633626 12
1704633658 11
1704633690 10



# Sketch: 2
1704633114 20
1704633146 4
1704633178 21
1704633210 29
1704633242 11
1704633274 20
1704633306 18
1704633338 17
1704633370 44
1704633402 29
1704633434 33
1704633466 13
1704633498 10
1704633530 18
1704633562 28
1704633594 8
1704633626 14
1704633658 26
1704633690 17



# Sketch: 3
1704633114 18
1704633146 17
1704633178 3
1704633210 19
1704633242 19
1704633274 21
1704633306 24
1704633338 22
1704633370 20
1704633402 14
1704633434 16
1704633466 17
1704633498 28
1704633530 10
1704633562 49
1704633594 24
1704633626 11
1704633658 16
1704633690 9



# Sketch: 4
1704633114 25
1704633146 19
1704633178 9
1704633210 22
1704633242 22
1704633274 10
1704633306 13
1704633338 17
1704633370 11
1704633402 43
1704633434 32
1704633466 22
1704633498 16
1704633530 11
1704633562 34
1704633594 14
1704633626 16
1704633658 14
1704633690 8



# Sketch: 5
1704633114 22
1704633146 31
1704633178 26
1704633210 9
1704633242 22
1704633274 5
1704633306 8
1704633338 13
1704633370 19
1704633402 8
1704633434 10
1704633466 12
1704633498 18
1704633530 16
1704633562 27
1704633594 23
1704633626 26
1704633658 14
1704633690 23



# Sketch: 6
1704633114 21
1704633146 14
1704633178 18
1704633210 6
1704633242 26
1704633274 12
1704633306 15
1704633338 17
1704633370 15
1704633402 10
1704633434 10
1704633466 10
1704633498 16
1704633530 23
1704633562 11
1704633594 30
1704633626 12
1704633658 13
1704633690 16



# Sketch: 7
1704633114 28
1704633146 25
1704633178 10
1704633210 16
1704633242 16
1704633274 20
1704633306 1
1704633338 21
1704633370 22
1704633402 30
1704633434 7
1704633466 15
1704633498 25
1704633530 22
1704633562 11
1704633594 7
1704633626 32
1704633658 30
1704633690 5



# Sketch: 8
1704633114 25
1704633146 28
1704633178 17
1704633210 20
1704633242 16
1704633274 10
1704633306 14
1704633338 19
1704633370 12
1704633402 7
1704633434 8
1704633466 16
1704633498 17
1704633530 15
1704633562 27
1704633594 16
1704633626 26
1704633658 21
1704633690 3



# Sketch: 9
1704633114 8
1704633146 14
1704633178 36
1704633210 8
1704633242 11
1704633274 15
1704633306 7
1704633338 10
1704633370 5
1704633402 7
1704633434 30
1704633466 13
1704633498 18
1704633530 13
1704633562 9
1704633594 12
1704633626 15
1704633658 23
1704633690 7



# Sketch: 10
1704633114 7
1704633146 17
1704633178 8
1704633210 16
1704633242 12
1704633274 14
1704633306 19
1704633338 8
1704633370 17
1704633402 10
1704633434 16
1704633466 18
1704633498 7
1704633530 15
1704633562 13
1704633594 6
1704633626 24
1704633658 22
1704633690 15



# Sketch: 11
1704633114 28
1704633146 21
1704633178 47
1704633210 10
1704633242 27
1704633274 19
1704633306 29
1704633338 25
1704633370 20
1704633402 69
1704633434 4
1704633466 14
1704633498 41
1704633530 17
1704633562 8
1704633594 33
1704633626 19
1704633658 24
1704633690 9



# Sketch: 12
1704633114 8
1704633146 18
1704633178 18
1704633210 11
1704633242 13
1704633274 17
1704633306 28
1704633338 10
1704633370 21
1704633402 13
1704633434 19
1704633466 11
1704633498 5
1704633530 8
1704633562 12
1704633594 20
1704633626 13
1704633658 18
1704633690 9



# Sketch: 13
1704633114 22
1704633146 27
1704633178 6
1704633210 16
1704633242 16
1704633274 19
1704633306 11
1704633338 14
1704633370 19
1704633402 36
1704633434 11
1704633466 23
1704633498 19
1704633530 14
1704633562 25
1704633594 25
1704633626 9
1704633658 14
1704633690 15



# Sketch: 14
1704633114 26
1704633146 7
1704633178 21
1704633210 25
1704633242 13
1704633274 13
1704633306 38
1704633338 12
1704633370 49
1704633402 27
1704633434 26
1704633466 11
1704633498 12
1704633530 20
1704633562 25
1704633594 8
1704633626 16
1704633658 20
1704633690 13



# Sketch: 15
1704633114 17
1704633146 14
1704633178 10
1704633210 9
1704633242 22
1704633274 14
1704633306 7
1704633338 11
1704633370 20
1704633402 14
1704633434 10
1704633466 10
1704633498 18
1704633530 13
1704633562 14
1704633594 11
1704633626 13
1704633658 9
1704633690 37



# Sketch: 16
1704633114 12
1704633146 10
1704633178 25
1704633210 22
1704633242 20
1704633274 15
1704633306 19
1704633338 8
1704633370 23
1704633402 16
1704633434 13
1704633466 8
1704633498 7
1704633530 15
1704633562 32
1704633594 17
1704633626 13
1704633658 14
1704633690 18



# Sketch: 17
1704633114 20
1704633146 15
1704633178 14
1704633210 6
1704633242 17
1704633274 13
1704633306 6
1704633338 12
1704633370 32
1704633402 15
1704633434 7
1704633466 18
1704633498 11
1704633530 13
1704633562 8
1704633594 16
1704633626 42
1704633658 30
1704633690 6



# Sketch: 18
1704633114 33
1704633146 34
1704633178 25
1704633210 7
1704633242 23
1704633274 15
1704633306 23
1704633338 23
1704633370 9
1704633402 11
1704633434 10
1704633466 9
1704633498 23
1704633530 3
1704633562 14
1704633594 24
1704633626 14
1704633658 21
1704633690 19



# Sketch: 19
1704633114 50
1704633146 30
1704633178 8
1704633210 11
1704633242 29
1704633274 35
1704633306 20
1704633338 18
1704633370 17
1704633402 32
1704633434 23
1704633466 13
1704633498 22
1704633530 12
1704633562 11
1704633594 29
1704633626 19
1704633658 13
1704633690 13



# Sketch: 20
1704633114 20
1704633146 20
1704633178 11
1704633210 11
1704633242 24
1704633274 16
1704633306 38
1704633338 21
1704633370 25
1704633402 19
1704633434 11
1704633466 14
1704633498 18
1704633530 15
1704633562 20
1704633594 16
1704633626 39
1704633658 8
1704633690 13



# Sketch: 21
1704633114 22
1704633146 19
1704633178 8
1704633210 14
1704633242 22
1704633274 12
1704633306 37
1704633338 27
1704633370 17
1704633402 18
1704633434 13
1704633466 14
1704633498 29
1704633530 21
1704633562 17
1704633594 28
1704633626 45
1704633658 18
1704633690 19



# Sketch: 22
1704633114 15
1704633146 18
1704633178 24
1704633210 25
1704633242 7
1704633274 12
1704633306 18
1704633338 10
1704633370 17
1704633402 16
1704633434 7
1704633466 13
1704633498 44
1704633530 12
1704633562 13
1704633594 15
1704633626 10
1704633658 8
1704633690 25



# Sketch: 23
1704633114 8
1704633146 17
1704633178 6
1704633210 9
1704633242 11
1704633274 11
1704633306 14
1704633338 13
1704633370 17
1704633402 15
1704633434 24
1704633466 12
1704633498 8
1704633530 11
1704633562 19
1704633594 10
1704633626 15
1704633658 19
1704633690 10



# Sketch: 24
1704633114 33
1704633146 19
1704633178 17
1704633210 8
1704633242 16
1704633274 17
1704633306 15
1704633338 20
1704633370 11
1704633402 17
1704633434 14
1704633466 8
1704633498 18
1704633530 11
1704633562 22
1704633594 21
1704633626 11
1704633658 35
1704633690 9



# Sketch: 25
1704633114 33
1704633146 21
1704633178 16
1704633210 9
1704633242 20
1704633274 22
1704633306 23
1704633338 18
1704633370 48
1704633402 33
1704633434 28
1704633466 12
1704633498 18
1704633530 23
1704633562 17
1704633594 23
1704633626 31
1704633658 25
1704633690 19



# Sketch: 26
1704633114 15
1704633146 13
1704633178 18
1704633210 12
1704633242 17
1704633274 16
1704633306 33
1704633338 14
1704633370 23
1704633402 17
1704633434 7
1704633466 16
1704633498 20
1704633530 10
1704633562 25
1704633594 11
1704633626 12
1704633658 35
1704633690 6



# Sketch: 27
1704633114 12
1704633146 5
1704633178 20
1704633210 8
1704633242 13
1704633274 10
1704633306 16
1704633338 14
1704633370 14
1704633402 13
1704633434 21
1704633466 18
1704633498 17
1704633530 15
1704633562 11
1704633594 16
1704633626 7
1704633658 33
1704633690 14



# Sketch: 28
1704633114 35
1704633146 25
1704633178 11
1704633210 22
1704633242 23
1704633274 12
1704633306 27
1704633338 14
1704633370 11
1704633402 24
1704633434 8
1704633466 10
1704633498 14
1704633530 8
1704633562 20
1704633594 25
1704633626 13
1704633658 14
1704633690 9



# Sketch: 29
1704633114 7
1704633146 11
1704633178 8
1704633210 9
1704633242 19
1704633274 10
1704633306 9
1704633338 26
1704633370 19
1704633402 26
1704633434 11
1704633466 7
1704633498 14
1704633530 19
1704633562 13
1704633594 7
1704633626 12
1704633658 28
1704633690 8



# Sketch: 30
1704633114 33
1704633146 19
1704633178 11
1704633210 10
1704633242 5
1704633274 13
1704633306 10
1704633338 7
1704633370 5
1704633402 15
1704633434 6
1704633466 21
1704633498 7
1704633530 11
1704633562 20
1704633594 11
1704633626 19
1704633658 15
1704633690 5



# Sketch: 31
1704633114 23
1704633146 23
1704633178 27
1704633210 24
1704633242 27
1704633274 26
1704633306 22
1704633338 27
1704633370 76
1704633402 20
1704633434 13
1704633466 28
1704633498 28
1704633530 19
1704633562 18
1704633594 20
1704633626 22
1704633658 13
1704633690 3

