

# Sketch: 0
0 0.61006
1 0.284256
2 0.453833
3 0.61771
4 1.04842
5 0.972828
6 1.42355
7 0.285661



# Sketch: 1
0 0.597673
1 0.598249
2 0.648821
3 0.631255
4 0.585872
5 0.591379
6 0.49715
7 1.24648



# Sketch: 2
0 0.538364
1 0.497795
2 0.489573
3 0.460831
4 0.402744
5 0.502673
6 0.412388
7 0.65722



# Sketch: 3
0 0.319671
1 0.111117
2 0.217234
3 0.547369
4 0.692776
5 0.425397
6 1.1576
7 0.562174



# Sketch: 4
0 1.11377
1 0.800877
2 0.591135
3 0.524147
4 0.292875
5 0.282663
6 1.06236
7 1.66817



# Sketch: 5
0 0.635567
1 0.641279
2 0.635317
3 0.677988
4 0.938817
5 0.862538
6 1.1787
7 0.583629



# Sketch: 6
0 0.599668
1 0.620343
2 0.445891
3 0.375213
4 0.353308
5 0.38317
6 0.491437
7 0.533985



# Sketch: 7
0 0.514484
1 0.855934
2 0.635799
3 0.598487
4 0.714486
5 0.494624
6 0.228225
7 0.361531



# Sketch: 8
0 0.298385
1 0.356694
2 0.296872
3 0.246164
4 0.239461
5 0.499044
6 0.292941
7 0.505781



# Sketch: 9
0 0.79029
1 0.68448
2 0.580503
3 0.562292
4 0.544797
5 0.380455
6 0.697684
7 0.613531



# Sketch: 10
0 1.27513
1 1.14706
2 0.965699
3 0.773698
4 0.405554
5 0.547179
6 0.195774
7 0.583122



# Sketch: 11
0 0.75415
1 0.717548
2 0.593331
3 0.546248
4 0.509974
5 0.549874
6 0.685641
7 0.517326



# Sketch: 12
0 0.550979
1 0.343527
2 0.173391
3 0.174869
4 0.257708
5 0.290216
6 0.364034
7 0.456308



# Sketch: 13
0 1.38516
1 0.93194
2 0.447822
3 0.418389
4 0.655525
5 0.572102
6 0.632839
7 0.488378



# Sketch: 14
0 0.782688
1 0.687316
2 0.719287
3 0.727478
4 0.590346
5 0.437254
6 0.774582
7 0.620466



# Sketch: 15
0 0.622482
1 0.585965
2 0.748074
3 0.509765
4 0.576018
5 0.364314
6 0.559077
7 0.506483



# Sketch: 16
0 1.85711
1 1.72157
2 1.61307
3 1.21896
4 0.506698
5 0.530132
6 0.364812
7 0.53886



# Sketch: 17
0 0.453214
1 0.442178
2 0.338658
3 0.367226
4 0.417862
5 0.491732
6 0.4026
7 0.424499



# Sketch: 18
0 0.176507
1 0.172935
2 0.257183
3 0.255459
4 0.315396
5 0.397293
6 0.641645
7 0.376314



# Sketch: 19
0 1.57259
1 1.18297
2 0.87263
3 1.47795
4 1.09648
5 1.27086
6 1.1278
7 0.282541



# Sketch: 20
0 0.147353
1 0.0655528
2 0.0844918
3 0.250602
4 0.970311
5 0.605796
6 0.689673
7 0.474018



# Sketch: 21
0 0.325535
1 0.301739
2 0.28654
3 0.280706
4 0.305877
5 0.442274
6 0.411931
7 1.71237



# Sketch: 22
0 0.311758
1 0.350022
2 0.251457
3 0.282489
4 0.257743
5 0.313555
6 0.262932
7 0.47915



# Sketch: 23
0 0.830101
1 0.825202
2 0.759471
3 0.755405
4 0.639489
5 0.661488
6 0.639992
7 0.603284



# Sketch: 24
0 0.821639
1 0.85219
2 0.955622
3 0.955816
4 1.21373
5 0.944913
6 0.620912
7 0.487655



# Sketch: 25
0 0.147851
1 0.325292
2 0.676155
3 0.728001
4 0.516473
5 0.452932
6 0.221241
7 0.379258



# Sketch: 26
0 0.659812
1 0.57414
2 0.470667
3 0.766407
4 0.163605
5 0.140429
6 0.899106
7 2.80252



# Sketch: 27
0 0.393066
1 0.417726
2 0.425114
3 0.461043
4 0.411496
5 0.306785
6 0.424518
7 0.520087



# Sketch: 28
0 0.885514
1 0.712208
2 0.759728
3 0.647443
4 0.463108
5 0.504263
6 2.65995
7 0.829456



# Sketch: 29
0 0.173397
1 0.117015
2 0.244096
3 0.34412
4 0.31151
5 0.426056
6 0.31006
7 0.451571



# Sketch: 30
0 0.98382
1 0.920894
2 0.868269
3 0.619446
4 0.704874
5 0.560871
6 0.559537
7 1.45388



# Sketch: 31
0 0.94194
1 1.09999
2 1.10865
3 1.32945
4 0.78829
5 0.321123
6 0.284744
7 0.358641

