

# Sketch: 0
0 0.100729
1 0.0184952
2 0.0956608
3 0.104492
4 0.149663
5 0.174204
6 0.338267
7 1.91411



# Sketch: 1
0 1.40147
1 1.2459
2 1.22762
3 1.03978
4 0.306196
5 0.410727
6 0.17452
7 0.339545



# Sketch: 2
0 0.684897
1 0.68639
2 0.637808
3 0.716401
4 0.797484
5 0.432887
6 0.639025
7 0.516527



# Sketch: 3
0 0.698223
1 0.782812
2 0.847342
3 1.06593
4 0.434581
5 0.580498
6 0.534899
7 0.278052



# Sketch: 4
0 0.355874
1 0.355147
2 0.431037
3 0.410186
4 0.365992
5 0.317938
6 0.385455
7 0.468954



# Sketch: 5
0 0.76172
1 0.654853
2 0.624157
3 0.41991
4 0.0527605
5 0.197066
6 0.376755
7 0.382546



# Sketch: 6
0 0.152799
1 0.168045
2 0.164192
3 0.198419
4 0.311475
5 0.345157
6 0.292191
7 0.428063



# Sketch: 7
0 0.652387
1 0.646128
2 0.561437
3 0.548235
4 0.527191
5 0.414247
6 0.530724
7 0.578119



# Sketch: 8
0 0.648928
1 0.661209
2 0.542926
3 0.539187
4 0.52949
5 1.16158
6 1.80346
7 1.18285



# Sketch: 9
0 0.524967
1 0.519298
2 0.461786
3 0.471678
4 0.434569
5 0.50966
6 0.989524
7 0.515109



# Sketch: 10
0 0.370049
1 0.258597
2 0.263784
3 0.268181
4 0.282837
5 0.438304
6 0.312985
7 1.01664



# Sketch: 11
0 0.619393
1 0.577928
2 0.269371
3 0.207245
4 0.0318501
5 0.258656
6 0.520246
7 0.287524



# Sketch: 12
0 0.0858959
1 0.439107
2 0.776522
3 0.830143
4 1.73921
5 1.76144
6 1.10224
7 0.728746



# Sketch: 13
0 0.519239
1 0.534586
2 0.563604
3 0.513979
4 0.545459
5 0.535052
6 0.433119
7 0.534741



# Sketch: 14
0 1.05987
1 1.0278
2 0.815109
3 0.786283
4 0.593338
5 0.544809
6 0.785041
7 0.670637



# Sketch: 15
0 1.29173
1 1.22867
2 1.2595
3 1.4721
4 1.71924
5 1.19588
6 0.31701
7 1.4129



# Sketch: 16
0 0.505497
1 0.523496
2 0.359724
3 0.398666
4 0.441191
5 0.340961
6 0.527336
7 0.481165



# Sketch: 17
0 1.88912
1 1.51016
2 0.912611
3 0.740938
4 0.550307
5 0.510436
6 0.560891
7 0.587954



# Sketch: 18
0 0.544616
1 0.506288
2 0.431687
3 0.415659
4 0.477333
5 0.446396
6 0.462351
7 0.563477



# Sketch: 19
0 0.526743
1 0.531772
2 0.528513
3 0.634619
4 0.549144
5 0.541973
6 0.905232
7 0.460656



# Sketch: 20
0 0.604745
1 0.592906
2 0.618046
3 0.564531
4 0.577834
5 0.590647
6 0.544869
7 0.575988



# Sketch: 21
0 0.709988
1 0.49039
2 0.24566
3 0.0587962
4 0.15867
5 0.315258
6 0.29429
7 0.354438



# Sketch: 22
0 0.584592
1 0.580286
2 0.565029
3 0.571573
4 0.515573
5 0.404414
6 0.54475
7 0.58584



# Sketch: 23
0 0.098492
1 0.188798
2 0.145616
3 0.478342
4 0.757107
5 0.755469
6 1.21897
7 1.86852



# Sketch: 24
0 1.78987
1 1.56131
2 1.08384
3 0.808886
4 0.679039
5 0.486317
6 0.488596
7 0.278802



# Sketch: 25
0 0.376013
1 0.945601
2 0.627258
3 0.577993
4 0.747173
5 0.356482
6 0.177168
7 0.718664



# Sketch: 26
0 0.0990552
1 0.0949404
2 0.171269
3 0.218272
4 0.563033
5 0.608894
6 0.589205
7 1.37663



# Sketch: 27
0 1.1356
1 1.1929
2 1.16071
3 0.937992
4 0.483397
5 0.416716
6 0.359333
7 0.449922



# Sketch: 28
0 0.628089
1 0.61161
2 0.554633
3 0.560187
4 0.497932
5 0.494933
6 0.538133
7 0.575526



# Sketch: 29
0 0.598565
1 0.341368
2 0.474786
3 0.707928
4 0.208195
5 0.372948
6 0.163878
7 1.19187



# Sketch: 30
0 0.680832
1 0.668002
2 0.577289
3 0.624659
4 0.482663
5 0.637184
6 0.512347
7 0.59382



# Sketch: 31
0 1.83682
1 1.92487
2 1.45057
3 0.918429
4 0.537521
5 0.422274
6 0.547484
7 0.0455656

