

# Sketch: 0
1704633714 51
1704633842 78
1704633970 112
1704634098 92
1704634226 70



# Sketch: 1
1704633714 47
1704633842 94
1704633970 114
1704634098 103
1704634226 65



# Sketch: 2
1704633714 95
1704633842 71
1704633970 110
1704634098 105
1704634226 89



# Sketch: 3
1704633714 55
1704633842 45
1704633970 86
1704634098 86
1704634226 56



# Sketch: 4
1704633714 59
1704633842 48
1704633970 112
1704634098 51
1704634226 81



# Sketch: 5
1704633714 53
1704633842 78
1704633970 104
1704634098 73
1704634226 59



# Sketch: 6
1704633714 62
1704633842 120
1704633970 124
1704634098 94
1704634226 63



# Sketch: 7
1704633714 60
1704633842 43
1704633970 98
1704634098 97
1704634226 71



# Sketch: 8
1704633714 40
1704633842 54
1704633970 88
1704634098 77
1704634226 69



# Sketch: 9
1704633714 64
1704633842 59
1704633970 167
1704634098 75
1704634226 38



# Sketch: 10
1704633714 48
1704633842 46
1704633970 117
1704634098 77
1704634226 65



# Sketch: 11
1704633714 68
1704633842 60
1704633970 72
1704634098 94
1704634226 72



# Sketch: 12
1704633714 73
1704633842 81
1704633970 129
1704634098 104
1704634226 95



# Sketch: 13
1704633714 102
1704633842 83
1704633970 123
1704634098 122
1704634226 82



# Sketch: 14
1704633714 58
1704633842 80
1704633970 87
1704634098 65
1704634226 66



# Sketch: 15
1704633714 52
1704633842 39
1704633970 70
1704634098 69
1704634226 72



# Sketch: 16
1704633714 89
1704633842 97
1704633970 115
1704634098 113
1704634226 74



# Sketch: 17
1704633714 46
1704633842 49
1704633970 70
1704634098 80
1704634226 74



# Sketch: 18
1704633714 58
1704633842 52
1704633970 127
1704634098 107
1704634226 51



# Sketch: 19
1704633714 72
1704633842 59
1704633970 90
1704634098 69
1704634226 45



# Sketch: 20
1704633714 52
1704633842 55
1704633970 121
1704634098 81
1704634226 55



# Sketch: 21
1704633714 46
1704633842 60
1704633970 95
1704634098 118
1704634226 48



# Sketch: 22
1704633714 44
1704633842 57
1704633970 72
1704634098 98
1704634226 46



# Sketch: 23
1704633714 68
1704633842 89
1704633970 94
1704634098 104
1704634226 62



# Sketch: 24
1704633714 81
1704633842 60
1704633970 95
1704634098 77
1704634226 64



# Sketch: 25
1704633714 82
1704633842 83
1704633970 113
1704634098 49
1704634226 34



# Sketch: 26
1704633714 45
1704633842 59
1704633970 83
1704634098 85
1704634226 61



# Sketch: 27
1704633714 63
1704633842 86
1704633970 89
1704634098 97
1704634226 69



# Sketch: 28
1704633714 70
1704633842 63
1704633970 100
1704634098 71
1704634226 68



# Sketch: 29
1704633714 57
1704633842 89
1704633970 92
1704634098 100
1704634226 75



# Sketch: 30
1704633714 80
1704633842 56
1704633970 96
1704634098 88
1704634226 75



# Sketch: 31
1704633714 56
1704633842 75
1704633970 85
1704634098 80
1704634226 54

