

# Sketch: 0
0 1.49249
1 1.2265
2 1.55944
3 1.37627
4 0.499867
5 0.258651
6 0.258494
7 0.203818



# Sketch: 1
0 0.423949
1 0.414927
2 0.409125
3 0.407997
4 0.488348
5 0.402125
6 0.344136
7 0.396751



# Sketch: 2
0 0.931011
1 0.896215
2 1.14789
3 1.66134
4 1.86611
5 0.86075
6 0.616412
7 0.16126



# Sketch: 3
0 0.405826
1 0.261115
2 0.286214
3 0.252039
4 0.268292
5 0.338318
6 0.336786
7 1.20942



# Sketch: 4
0 0.57619
1 0.691049
2 0.514581
3 0.153092
4 0.146324
5 0.191063
6 0.214567
7 0.316615



# Sketch: 5
0 1.22931
1 1.16948
2 1.02395
3 0.939797
4 0.86045
5 0.71402
6 0.574505
7 0.650966



# Sketch: 6
0 0.728387
1 0.730623
2 0.622988
3 0.563927
4 0.613757
5 0.545395
6 0.50303
7 0.542282



# Sketch: 7
0 0.468339
1 0.465042
2 0.410183
3 0.934939
4 1.74882
5 0.994013
6 0.703812
7 0.482475



# Sketch: 8
0 0.340315
1 0.425567
2 0.293184
3 0.587935
4 0.759105
5 0.727376
6 0.354123
7 0.810588



# Sketch: 9
0 0.703419
1 0.443016
2 0.444576
3 0.366765
4 0.33579
5 0.32312
6 0.390024
7 0.957618



# Sketch: 10
0 1.1971
1 1.20496
2 0.987122
3 1.12319
4 0.54719
5 0.247118
6 0.313807
7 0.261516



# Sketch: 11
0 0.227834
1 0.168936
2 0.443935
3 0.547819
4 0.599112
5 0.22252
6 0.263314
7 0.361756



# Sketch: 12
0 1.10076
1 0.943082
2 0.358975
3 0.0682098
4 0.194178
5 0.358981
6 0.932991
7 0.356564



# Sketch: 13
0 1.9818
1 1.96469
2 1.87469
3 1.24483
4 0.799089
5 0.614226
6 0.40218
7 0.418967



# Sketch: 14
0 0.437081
1 0.668539
2 0.790849
3 0.855622
4 0.295079
5 0.184467
6 0.143209
7 0.704455



# Sketch: 15
0 0.0366264
1 0.0252342
2 0.468661
3 0.472029
4 0.509914
5 0.251155
6 0.208289
7 0.322832



# Sketch: 16
0 0.799953
1 0.954078
2 0.67079
3 0.593569
4 0.587488
5 0.536718
6 0.543921
7 0.548334



# Sketch: 17
0 1.70241
1 1.46527
2 0.979515
3 0.711352
4 0.419138
5 0.345278
6 0.468546
7 0.44943



# Sketch: 18
0 1.3086
1 1.32282
2 1.08653
3 0.797985
4 0.694785
5 0.597253
6 0.524127
7 0.558886



# Sketch: 19
0 0.639629
1 0.700506
2 0.557929
3 0.586919
4 0.512788
5 0.594622
6 0.570936
7 2.01956



# Sketch: 20
0 0.833941
1 0.839896
2 0.751172
3 0.684059
4 0.626752
5 0.591618
6 0.562024
7 0.535065



# Sketch: 21
0 0.720614
1 0.794227
2 0.767425
3 0.571155
4 0.544807
5 0.406313
6 0.547222
7 0.875206



# Sketch: 22
0 1.12341
1 0.837748
2 0.984721
3 0.511748
4 0.471085
5 0.228062
6 0.0555836
7 0.269126



# Sketch: 23
0 1.06646
1 0.729593
2 0.567587
3 0.546142
4 0.657102
5 0.682122
6 0.417179
7 1.24069



# Sketch: 24
0 1.49721
1 1.42908
2 1.19269
3 1.08866
4 1.05049
5 1.59914
6 1.41887
7 0.305365



# Sketch: 25
0 0.532918
1 0.215795
2 0.793396
3 0.551962
4 0.206664
5 0.14978
6 0.145698
7 0.382775



# Sketch: 26
0 0.713295
1 1.3907
2 1.11341
3 0.451965
4 0.463736
5 0.0747595
6 0.100949
7 0.38628



# Sketch: 27
0 0.299196
1 0.252069
2 0.293435
3 0.694231
4 0.403187
5 0.566877
6 0.54206
7 1.39752



# Sketch: 28
0 1.27818
1 1.139
2 0.927117
3 0.853843
4 0.698396
5 0.655083
6 0.60854
7 0.612304



# Sketch: 29
0 0.462093
1 0.416266
2 0.546281
3 0.815401
4 0.600236
5 0.360083
6 0.347761
7 0.462375



# Sketch: 30
0 0.463018
1 0.433614
2 0.332585
3 0.38608
4 0.468085
5 0.790261
6 0.930836
7 0.345291



# Sketch: 31
0 1.18937
1 1.14415
2 0.997314
3 0.94719
4 0.817445
5 0.525522
6 0.95534
7 0.464994

