

# Sketch: 0
1704633714 38
1704633778 39
1704633842 38
1704633906 46
1704633970 63
1704634034 44
1704634098 41
1704634162 45
1704634226 39
1704634290 18



# Sketch: 1
1704633714 22
1704633778 23
1704633842 23
1704633906 23
1704633970 60
1704634034 36
1704634098 44
1704634162 38
1704634226 67
1704634290 14



# Sketch: 2
1704633714 44
1704633778 27
1704633842 45
1704633906 33
1704633970 47
1704634034 45
1704634098 41
1704634162 67
1704634226 49
1704634290 20



# Sketch: 3
1704633714 29
1704633778 40
1704633842 26
1704633906 38
1704633970 56
1704634034 60
1704634098 51
1704634162 71
1704634226 49
1704634290 28



# Sketch: 4
1704633714 34
1704633778 39
1704633842 31
1704633906 23
1704633970 31
1704634034 45
1704634098 37
1704634162 44
1704634226 44
1704634290 18



# Sketch: 5
1704633714 38
1704633778 26
1704633842 35
1704633906 50
1704633970 40
1704634034 63
1704634098 39
1704634162 54
1704634226 30
1704634290 13



# Sketch: 6
1704633714 36
1704633778 34
1704633842 38
1704633906 44
1704633970 38
1704634034 62
1704634098 20
1704634162 47
1704634226 39
1704634290 17



# Sketch: 7
1704633714 29
1704633778 33
1704633842 20
1704633906 44
1704633970 56
1704634034 53
1704634098 29
1704634162 37
1704634226 64
1704634290 34



# Sketch: 8
1704633714 23
1704633778 12
1704633842 31
1704633906 29
1704633970 56
1704634034 48
1704634098 32
1704634162 23
1704634226 56
1704634290 20



# Sketch: 9
1704633714 37
1704633778 18
1704633842 27
1704633906 24
1704633970 52
1704634034 56
1704634098 38
1704634162 29
1704634226 48
1704634290 15



# Sketch: 10
1704633714 36
1704633778 14
1704633842 33
1704633906 18
1704633970 48
1704634034 61
1704634098 34
1704634162 32
1704634226 25
1704634290 35



# Sketch: 11
1704633714 41
1704633778 36
1704633842 33
1704633906 33
1704633970 54
1704634034 45
1704634098 59
1704634162 55
1704634226 67
1704634290 16



# Sketch: 12
1704633714 30
1704633778 21
1704633842 25
1704633906 34
1704633970 58
1704634034 59
1704634098 32
1704634162 45
1704634226 50
1704634290 18



# Sketch: 13
1704633714 46
1704633778 40
1704633842 23
1704633906 41
1704633970 54
1704634034 47
1704634098 19
1704634162 61
1704634226 49
1704634290 16



# Sketch: 14
1704633714 41
1704633778 38
1704633842 40
1704633906 34
1704633970 55
1704634034 90
1704634098 54
1704634162 70
1704634226 36
1704634290 25



# Sketch: 15
1704633714 28
1704633778 20
1704633842 18
1704633906 30
1704633970 50
1704634034 36
1704634098 53
1704634162 38
1704634226 45
1704634290 9



# Sketch: 16
1704633714 27
1704633778 28
1704633842 36
1704633906 38
1704633970 42
1704634034 65
1704634098 57
1704634162 33
1704634226 40
1704634290 10



# Sketch: 17
1704633714 30
1704633778 27
1704633842 14
1704633906 55
1704633970 63
1704634034 59
1704634098 46
1704634162 51
1704634226 46
1704634290 19



# Sketch: 18
1704633714 43
1704633778 24
1704633842 28
1704633906 24
1704633970 35
1704634034 42
1704634098 54
1704634162 62
1704634226 33
1704634290 12



# Sketch: 19
1704633714 44
1704633778 16
1704633842 48
1704633906 45
1704633970 50
1704634034 58
1704634098 42
1704634162 43
1704634226 49
1704634290 7



# Sketch: 20
1704633714 19
1704633778 25
1704633842 34
1704633906 19
1704633970 43
1704634034 35
1704634098 40
1704634162 45
1704634226 25
1704634290 10



# Sketch: 21
1704633714 39
1704633778 17
1704633842 23
1704633906 26
1704633970 44
1704634034 46
1704634098 23
1704634162 39
1704634226 26
1704634290 14



# Sketch: 22
1704633714 26
1704633778 39
1704633842 65
1704633906 44
1704633970 41
1704634034 32
1704634098 25
1704634162 38
1704634226 58
1704634290 15



# Sketch: 23
1704633714 23
1704633778 32
1704633842 25
1704633906 23
1704633970 35
1704634034 53
1704634098 28
1704634162 43
1704634226 53
1704634290 8



# Sketch: 24
1704633714 21
1704633778 33
1704633842 15
1704633906 16
1704633970 50
1704634034 44
1704634098 53
1704634162 42
1704634226 57
1704634290 15



# Sketch: 25
1704633714 28
1704633778 28
1704633842 46
1704633906 43
1704633970 62
1704634034 51
1704634098 50
1704634162 42
1704634226 57
1704634290 16



# Sketch: 26
1704633714 21
1704633778 44
1704633842 85
1704633906 38
1704633970 50
1704634034 45
1704634098 48
1704634162 52
1704634226 57
1704634290 17



# Sketch: 27
1704633714 40
1704633778 24
1704633842 32
1704633906 31
1704633970 67
1704634034 68
1704634098 43
1704634162 48
1704634226 55
1704634290 20



# Sketch: 28
1704633714 24
1704633778 20
1704633842 32
1704633906 30
1704633970 49
1704634034 58
1704634098 36
1704634162 40
1704634226 42
1704634290 14



# Sketch: 29
1704633714 25
1704633778 47
1704633842 34
1704633906 43
1704633970 62
1704634034 74
1704634098 50
1704634162 62
1704634226 54
1704634290 24



# Sketch: 30
1704633714 18
1704633778 26
1704633842 39
1704633906 16
1704633970 30
1704634034 27
1704634098 38
1704634162 28
1704634226 42
1704634290 14



# Sketch: 31
1704633714 33
1704633778 93
1704633842 34
1704633906 57
1704633970 43
1704634034 59
1704634098 63
1704634162 58
1704634226 53
1704634290 33

