

# Sketch: 0
1704633714 65
1704633842 64
1704633970 79
1704634098 81
1704634226 45



# Sketch: 1
1704633714 76
1704633842 64
1704633970 98
1704634098 86
1704634226 51



# Sketch: 2
1704633714 68
1704633842 55
1704633970 104
1704634098 50
1704634226 53



# Sketch: 3
1704633714 78
1704633842 69
1704633970 120
1704634098 99
1704634226 55



# Sketch: 4
1704633714 63
1704633842 62
1704633970 102
1704634098 105
1704634226 54



# Sketch: 5
1704633714 81
1704633842 81
1704633970 114
1704634098 117
1704634226 81



# Sketch: 6
1704633714 51
1704633842 54
1704633970 125
1704634098 70
1704634226 47



# Sketch: 7
1704633714 56
1704633842 46
1704633970 88
1704634098 47
1704634226 78



# Sketch: 8
1704633714 46
1704633842 50
1704633970 100
1704634098 100
1704634226 55



# Sketch: 9
1704633714 72
1704633842 77
1704633970 78
1704634098 79
1704634226 76



# Sketch: 10
1704633714 47
1704633842 56
1704633970 105
1704634098 73
1704634226 52



# Sketch: 11
1704633714 35
1704633842 86
1704633970 122
1704634098 123
1704634226 58



# Sketch: 12
1704633714 56
1704633842 61
1704633970 91
1704634098 81
1704634226 69



# Sketch: 13
1704633714 34
1704633842 36
1704633970 110
1704634098 102
1704634226 64



# Sketch: 14
1704633714 56
1704633842 45
1704633970 85
1704634098 51
1704634226 73



# Sketch: 15
1704633714 83
1704633842 103
1704633970 92
1704634098 101
1704634226 90



# Sketch: 16
1704633714 52
1704633842 69
1704633970 85
1704634098 103
1704634226 72



# Sketch: 17
1704633714 77
1704633842 61
1704633970 93
1704634098 103
1704634226 62



# Sketch: 18
1704633714 28
1704633842 70
1704633970 91
1704634098 78
1704634226 74



# Sketch: 19
1704633714 64
1704633842 56
1704633970 98
1704634098 66
1704634226 67



# Sketch: 20
1704633714 49
1704633842 65
1704633970 109
1704634098 91
1704634226 55



# Sketch: 21
1704633714 49
1704633842 54
1704633970 96
1704634098 90
1704634226 57



# Sketch: 22
1704633714 52
1704633842 51
1704633970 63
1704634098 73
1704634226 68



# Sketch: 23
1704633714 60
1704633842 75
1704633970 127
1704634098 83
1704634226 68



# Sketch: 24
1704633714 119
1704633842 131
1704633970 137
1704634098 115
1704634226 102



# Sketch: 25
1704633714 80
1704633842 76
1704633970 107
1704634098 115
1704634226 63



# Sketch: 26
1704633714 65
1704633842 95
1704633970 100
1704634098 81
1704634226 58



# Sketch: 27
1704633714 49
1704633842 83
1704633970 105
1704634098 66
1704634226 63



# Sketch: 28
1704633714 75
1704633842 67
1704633970 75
1704634098 63
1704634226 51



# Sketch: 29
1704633714 71
1704633842 63
1704633970 123
1704634098 96
1704634226 78



# Sketch: 30
1704633714 51
1704633842 46
1704633970 78
1704634098 90
1704634226 42



# Sketch: 31
1704633714 88
1704633842 97
1704633970 150
1704634098 123
1704634226 87

