

# Sketch: 0
1704634314 18
1704634346 19
1704634378 18
1704634410 25
1704634442 19
1704634474 19
1704634506 24
1704634538 14
1704634570 9
1704634602 9
1704634634 4
1704634666 16
1704634698 17
1704634730 12
1704634762 14
1704634794 12
1704634826 6
1704634858 25
1704634890 59



# Sketch: 1
1704634314 16
1704634346 21
1704634378 27
1704634410 28
1704634442 23
1704634474 10
1704634506 15
1704634538 8
1704634570 18
1704634602 20
1704634634 4
1704634666 14
1704634698 7
1704634730 24
1704634762 12
1704634794 7
1704634826 5
1704634858 17
1704634890 6



# Sketch: 2
1704634314 24
1704634346 22
1704634378 34
1704634410 37
1704634442 35
1704634474 19
1704634506 30
1704634538 22
1704634570 10
1704634602 18
1704634634 22
1704634666 22
1704634698 18
1704634730 33
1704634762 22
1704634794 12
1704634826 13
1704634858 27
1704634890 31



# Sketch: 3
1704634314 23
1704634346 15
1704634378 18
1704634410 26
1704634442 23
1704634474 11
1704634506 16
1704634538 18
1704634570 7
1704634602 15
1704634634 14
1704634666 24
1704634698 24
1704634730 13
1704634762 7
1704634794 9
1704634826 15
1704634858 16
1704634890 22



# Sketch: 4
1704634314 17
1704634346 30
1704634378 30
1704634410 35
1704634442 25
1704634474 16
1704634506 9
1704634538 13
1704634570 11
1704634602 19
1704634634 18
1704634666 18
1704634698 23
1704634730 15
1704634762 8
1704634794 28
1704634826 15
1704634858 13
1704634890 20



# Sketch: 5
1704634314 29
1704634346 15
1704634378 27
1704634410 55
1704634442 23
1704634474 12
1704634506 20
1704634538 23
1704634570 11
1704634602 24
1704634634 5
1704634666 14
1704634698 17
1704634730 15
1704634762 16
1704634794 13
1704634826 17
1704634858 33
1704634890 23



# Sketch: 6
1704634314 26
1704634346 19
1704634378 10
1704634410 19
1704634442 38
1704634474 16
1704634506 15
1704634538 23
1704634570 15
1704634602 48
1704634634 14
1704634666 17
1704634698 24
1704634730 16
1704634762 18
1704634794 17
1704634826 12
1704634858 10
1704634890 12



# Sketch: 7
1704634314 15
1704634346 15
1704634378 25
1704634410 47
1704634442 26
1704634474 22
1704634506 34
1704634538 20
1704634570 13
1704634602 41
1704634634 14
1704634666 6
1704634698 14
1704634730 27
1704634762 14
1704634794 5
1704634826 13
1704634858 10
1704634890 24



# Sketch: 8
1704634314 14
1704634346 27
1704634378 36
1704634410 85
1704634442 66
1704634474 47
1704634506 8
1704634538 21
1704634570 14
1704634602 24
1704634634 8
1704634666 38
1704634698 22
1704634730 8
1704634762 14
1704634794 11
1704634826 21
1704634858 30
1704634890 23



# Sketch: 9
1704634314 12
1704634346 25
1704634378 19
1704634410 24
1704634442 30
1704634474 19
1704634506 22
1704634538 17
1704634570 20
1704634602 48
1704634634 14
1704634666 12
1704634698 11
1704634730 1
1704634762 7
1704634794 14
1704634826 17
1704634858 8
1704634890 18



# Sketch: 10
1704634314 15
1704634346 18
1704634378 30
1704634410 15
1704634442 30
1704634474 21
1704634506 23
1704634538 13
1704634570 14
1704634602 18
1704634634 13
1704634666 14
1704634698 4
1704634730 4
1704634762 19
1704634794 9
1704634826 12
1704634858 15
1704634890 13



# Sketch: 11
1704634314 33
1704634346 23
1704634378 27
1704634410 36
1704634442 18
1704634474 36
1704634506 49
1704634538 25
1704634570 33
1704634602 12
1704634634 17
1704634666 29
1704634698 19
1704634730 14
1704634762 8
1704634794 15
1704634826 35
1704634858 33
1704634890 17



# Sketch: 12
1704634314 16
1704634346 20
1704634378 19
1704634410 39
1704634442 64
1704634474 13
1704634506 23
1704634538 13
1704634570 9
1704634602 24
1704634634 8
1704634666 21
1704634698 14
1704634730 17
1704634762 14
1704634794 14
1704634826 18
1704634858 28
1704634890 20



# Sketch: 13
1704634314 18
1704634346 21
1704634378 15
1704634410 50
1704634442 33
1704634474 28
1704634506 24
1704634538 14
1704634570 35
1704634602 15
1704634634 5
1704634666 25
1704634698 19
1704634730 15
1704634762 11
1704634794 16
1704634826 17
1704634858 14
1704634890 11



# Sketch: 14
1704634314 16
1704634346 11
1704634378 19
1704634410 30
1704634442 30
1704634474 18
1704634506 25
1704634538 11
1704634570 11
1704634602 23
1704634634 17
1704634666 19
1704634698 12
1704634730 16
1704634762 21
1704634794 17
1704634826 18
1704634858 28
1704634890 24



# Sketch: 15
1704634314 24
1704634346 28
1704634378 12
1704634410 15
1704634442 10
1704634474 18
1704634506 9
1704634538 8
1704634570 13
1704634602 20
1704634634 23
1704634666 31
1704634698 11
1704634730 19
1704634762 13
1704634794 19
1704634826 9
1704634858 19
1704634890 17



# Sketch: 16
1704634314 19
1704634346 18
1704634378 11
1704634410 45
1704634442 32
1704634474 30
1704634506 16
1704634538 15
1704634570 10
1704634602 10
1704634634 10
1704634666 6
1704634698 7
1704634730 20
1704634762 8
1704634794 30
1704634826 10
1704634858 18
1704634890 20



# Sketch: 17
1704634314 23
1704634346 23
1704634378 23
1704634410 18
1704634442 29
1704634474 19
1704634506 10
1704634538 14
1704634570 17
1704634602 20
1704634634 12
1704634666 15
1704634698 14
1704634730 12
1704634762 11
1704634794 16
1704634826 12
1704634858 17
1704634890 24



# Sketch: 18
1704634314 17
1704634346 21
1704634378 30
1704634410 27
1704634442 28
1704634474 21
1704634506 19
1704634538 16
1704634570 13
1704634602 14
1704634634 26
1704634666 15
1704634698 11
1704634730 19
1704634762 20
1704634794 12
1704634826 8
1704634858 30
1704634890 53



# Sketch: 19
1704634314 43
1704634346 25
1704634378 20
1704634410 20
1704634442 33
1704634474 23
1704634506 30
1704634538 62
1704634570 34
1704634602 9
1704634634 25
1704634666 13
1704634698 21
1704634730 20
1704634762 17
1704634794 52
1704634826 43
1704634858 24
1704634890 19



# Sketch: 20
1704634314 41
1704634346 17
1704634378 30
1704634410 53
1704634442 33
1704634474 15
1704634506 17
1704634538 40
1704634570 18
1704634602 14
1704634634 35
1704634666 19
1704634698 18
1704634730 20
1704634762 9
1704634794 12
1704634826 10
1704634858 27
1704634890 23



# Sketch: 21
1704634314 34
1704634346 29
1704634378 30
1704634410 57
1704634442 44
1704634474 30
1704634506 25
1704634538 15
1704634570 30
1704634602 38
1704634634 8
1704634666 32
1704634698 23
1704634730 25
1704634762 24
1704634794 21
1704634826 8
1704634858 15
1704634890 46



# Sketch: 22
1704634314 20
1704634346 22
1704634378 18
1704634410 35
1704634442 22
1704634474 23
1704634506 18
1704634538 30
1704634570 16
1704634602 20
1704634634 11
1704634666 19
1704634698 14
1704634730 20
1704634762 8
1704634794 14
1704634826 12
1704634858 13
1704634890 21



# Sketch: 23
1704634314 32
1704634346 14
1704634378 27
1704634410 33
1704634442 27
1704634474 23
1704634506 11
1704634538 7
1704634570 12
1704634602 16
1704634634 9
1704634666 15
1704634698 17
1704634730 11
1704634762 19
1704634794 15
1704634826 22
1704634858 24
1704634890 34



# Sketch: 24
1704634314 26
1704634346 14
1704634378 13
1704634410 24
1704634442 20
1704634474 14
1704634506 20
1704634538 16
1704634570 17
1704634602 16
1704634634 17
1704634666 16
1704634698 14
1704634730 14
1704634762 13
1704634794 18
1704634826 16
1704634858 17
1704634890 22



# Sketch: 25
1704634314 28
1704634346 16
1704634378 32
1704634410 43
1704634442 29
1704634474 28
1704634506 31
1704634538 34
1704634570 18
1704634602 24
1704634634 18
1704634666 24
1704634698 11
1704634730 15
1704634762 23
1704634794 11
1704634826 16
1704634858 18
1704634890 37



# Sketch: 26
1704634314 32
1704634346 10
1704634378 33
1704634410 34
1704634442 14
1704634474 22
1704634506 9
1704634538 32
1704634570 24
1704634602 9
1704634634 11
1704634666 13
1704634698 11
1704634730 18
1704634762 9
1704634794 18
1704634826 6
1704634858 12
1704634890 25



# Sketch: 27
1704634314 21
1704634346 12
1704634378 16
1704634410 24
1704634442 33
1704634474 8
1704634506 22
1704634538 11
1704634570 13
1704634602 10
1704634634 18
1704634666 33
1704634698 28
1704634730 15
1704634762 8
1704634794 11
1704634826 13
1704634858 27
1704634890 23



# Sketch: 28
1704634314 17
1704634346 20
1704634378 13
1704634410 39
1704634442 34
1704634474 14
1704634506 19
1704634538 14
1704634570 14
1704634602 11
1704634634 13
1704634666 21
1704634698 17
1704634730 18
1704634762 20
1704634794 12
1704634826 19
1704634858 19
1704634890 27



# Sketch: 29
1704634314 22
1704634346 24
1704634378 14
1704634410 16
1704634442 14
1704634474 8
1704634506 23
1704634538 12
1704634570 13
1704634602 15
1704634634 11
1704634666 8
1704634698 9
1704634730 39
1704634762 10
1704634794 13
1704634826 7
1704634858 8
1704634890 18



# Sketch: 30
1704634314 10
1704634346 12
1704634378 16
1704634410 16
1704634442 17
1704634474 19
1704634506 18
1704634538 22
1704634570 7
1704634602 5
1704634634 10
1704634666 10
1704634698 10
1704634730 13
1704634762 10
1704634794 17
1704634826 6
1704634858 25
1704634890 14



# Sketch: 31
1704634314 23
1704634346 44
1704634378 29
1704634410 47
1704634442 33
1704634474 22
1704634506 42
1704634538 17
1704634570 27
1704634602 15
1704634634 13
1704634666 34
1704634698 17
1704634730 34
1704634762 8
1704634794 26
1704634826 15
1704634858 29
1704634890 19

