

# Sketch: 0
0 0.138712
1 0.215767
2 0.181703
3 0.191315
4 0.488915
5 0.077201
6 0.586744
7 0.42686



# Sketch: 1
0 0.761964
1 0.80705
2 0.684586
3 0.611166
4 0.545174
5 0.48482
6 0.444822
7 0.414626



# Sketch: 2
0 0.576478
1 0.587609
2 0.593514
3 0.57463
4 0.542563
5 0.410229
6 0.504541
7 0.661787



# Sketch: 3
0 0.755665
1 0.778531
2 0.67006
3 0.674864
4 0.528967
5 0.545543
6 0.513951
7 0.461321



# Sketch: 4
0 0.381558
1 0.35715
2 0.423089
3 0.379788
4 0.333365
5 0.415855
6 0.411817
7 0.603597



# Sketch: 5
0 0.244287
1 0.257121
2 0.32942
3 0.345276
4 0.585561
5 1.17004
6 0.429716
7 0.473819



# Sketch: 6
0 0.531868
1 0.591806
2 0.576602
3 0.624803
4 0.531389
5 0.570183
6 0.479851
7 0.424295



# Sketch: 7
0 0.328106
1 0.38362
2 0.285355
3 0.173315
4 0.416331
5 0.262044
6 0.323065
7 0.397655



# Sketch: 8
0 0.345028
1 0.373538
2 0.502486
3 0.7782
4 0.835988
5 0.698047
6 2.38604
7 1.22452



# Sketch: 9
0 0.606716
1 0.639868
2 0.625692
3 0.632957
4 0.642259
5 0.612984
6 0.768578
7 1.34028



# Sketch: 10
0 0.46848
1 0.623966
2 0.692548
3 0.7139
4 0.631948
5 0.449594
6 0.488054
7 0.661511



# Sketch: 11
0 0.37138
1 0.363904
2 0.401433
3 0.422431
4 0.503987
5 0.629038
6 1.03619
7 2.35498



# Sketch: 12
0 0.269977
1 0.310385
2 0.65033
3 0.605536
4 0.264246
5 0.267953
6 0.198485
7 0.298724



# Sketch: 13
0 0.395229
1 0.411538
2 0.420498
3 0.432561
4 0.413091
5 0.3766
6 0.527683
7 0.51343



# Sketch: 14
0 0.430712
1 0.343982
2 0.236237
3 0.114857
4 0.224418
5 0.543084
6 0.285794
7 0.447016



# Sketch: 15
0 0.291735
1 0.259157
2 0.21077
3 0.247676
4 0.36047
5 0.399711
6 1.09199
7 0.677936



# Sketch: 16
0 0.160921
1 0.309945
2 0.443101
3 0.895807
4 1.0194
5 0.455511
6 0.277229
7 0.288365



# Sketch: 17
0 0.44907
1 0.472735
2 0.488649
3 0.656477
4 0.739951
5 0.455915
6 0.562638
7 0.636705



# Sketch: 18
0 1.05304
1 1.21848
2 1.55907
3 1.9429
4 2.62317
5 2.53227
6 2.66668
7 1.60291



# Sketch: 19
0 0.38788
1 0.375063
2 0.296008
3 0.170525
4 0.701737
5 0.105327
6 1.88967
7 3.03507



# Sketch: 20
0 0.94339
1 1.27309
2 1.43375
3 1.58277
4 1.82591
5 1.62833
6 0.530537
7 0.493833



# Sketch: 21
0 0.282191
1 0.291754
2 0.340254
3 0.425626
4 0.5202
5 0.999542
6 0.463125
7 0.59937



# Sketch: 22
0 0.104839
1 0.0665914
2 0.120456
3 0.182608
4 0.397616
5 0.484665
6 0.963506
7 0.948399



# Sketch: 23
0 0.743721
1 0.621819
2 0.530131
3 0.219526
4 0.204587
5 0.330615
6 0.392432
7 0.338829



# Sketch: 24
0 0.619194
1 0.557464
2 0.489765
3 0.512518
4 0.401564
5 0.371679
6 0.385118
7 0.388212



# Sketch: 25
0 0.501842
1 0.747354
2 0.49284
3 0.544283
4 0.309543
5 0.205459
6 0.272681
7 0.316482



# Sketch: 26
0 0.46976
1 0.482967
2 0.506769
3 0.530323
4 0.490117
5 0.467393
6 0.547425
7 0.523055



# Sketch: 27
0 0.653656
1 0.552542
2 0.311506
3 0.488091
4 0.600771
5 0.485564
6 0.830844
7 0.303431



# Sketch: 28
0 0.754818
1 0.757863
2 0.818285
3 0.671645
4 0.372386
5 0.647454
6 0.396142
7 0.530887



# Sketch: 29
0 0.540174
1 0.596332
2 0.603145
3 0.554932
4 0.530533
5 0.587141
6 0.535728
7 0.664489



# Sketch: 30
0 0.339573
1 0.411158
2 0.377562
3 0.400267
4 0.40234
5 0.361802
6 0.441341
7 0.381119



# Sketch: 31
0 0.378193
1 0.346638
2 0.45367
3 0.367576
4 0.410914
5 0.295499
6 0.395478
7 1.60631

