

# Sketch: 0
1704634314 57
1704634378 93
1704634442 113
1704634506 32
1704634570 25
1704634634 23
1704634698 34
1704634762 28
1704634826 33
1704634890 17



# Sketch: 1
1704634314 39
1704634378 51
1704634442 37
1704634506 52
1704634570 57
1704634634 30
1704634698 29
1704634762 21
1704634826 28
1704634890 13



# Sketch: 2
1704634314 30
1704634378 44
1704634442 52
1704634506 32
1704634570 46
1704634634 27
1704634698 33
1704634762 39
1704634826 33
1704634890 18



# Sketch: 3
1704634314 22
1704634378 63
1704634442 44
1704634506 31
1704634570 26
1704634634 26
1704634698 18
1704634762 33
1704634826 26
1704634890 27



# Sketch: 4
1704634314 43
1704634378 42
1704634442 50
1704634506 49
1704634570 61
1704634634 58
1704634698 35
1704634762 25
1704634826 39
1704634890 22



# Sketch: 5
1704634314 46
1704634378 70
1704634442 31
1704634506 30
1704634570 37
1704634634 40
1704634698 28
1704634762 31
1704634826 37
1704634890 14



# Sketch: 6
1704634314 34
1704634378 39
1704634442 58
1704634506 45
1704634570 39
1704634634 18
1704634698 41
1704634762 22
1704634826 32
1704634890 34



# Sketch: 7
1704634314 45
1704634378 30
1704634442 74
1704634506 22
1704634570 35
1704634634 23
1704634698 34
1704634762 18
1704634826 44
1704634890 21



# Sketch: 8
1704634314 43
1704634378 48
1704634442 41
1704634506 34
1704634570 18
1704634634 53
1704634698 35
1704634762 26
1704634826 23
1704634890 21



# Sketch: 9
1704634314 32
1704634378 48
1704634442 49
1704634506 43
1704634570 31
1704634634 25
1704634698 24
1704634762 36
1704634826 26
1704634890 18



# Sketch: 10
1704634314 27
1704634378 64
1704634442 45
1704634506 52
1704634570 41
1704634634 36
1704634698 55
1704634762 34
1704634826 36
1704634890 64



# Sketch: 11
1704634314 53
1704634378 56
1704634442 52
1704634506 34
1704634570 25
1704634634 61
1704634698 30
1704634762 31
1704634826 27
1704634890 28



# Sketch: 12
1704634314 65
1704634378 39
1704634442 71
1704634506 46
1704634570 31
1704634634 37
1704634698 33
1704634762 33
1704634826 41
1704634890 20



# Sketch: 13
1704634314 36
1704634378 56
1704634442 28
1704634506 40
1704634570 37
1704634634 20
1704634698 34
1704634762 17
1704634826 36
1704634890 37



# Sketch: 14
1704634314 76
1704634378 70
1704634442 51
1704634506 41
1704634570 31
1704634634 47
1704634698 48
1704634762 39
1704634826 42
1704634890 22



# Sketch: 15
1704634314 43
1704634378 46
1704634442 59
1704634506 38
1704634570 38
1704634634 31
1704634698 41
1704634762 36
1704634826 42
1704634890 17



# Sketch: 16
1704634314 34
1704634378 57
1704634442 33
1704634506 36
1704634570 38
1704634634 27
1704634698 23
1704634762 26
1704634826 26
1704634890 28



# Sketch: 17
1704634314 46
1704634378 56
1704634442 38
1704634506 28
1704634570 32
1704634634 43
1704634698 38
1704634762 26
1704634826 33
1704634890 16



# Sketch: 18
1704634314 38
1704634378 59
1704634442 46
1704634506 31
1704634570 17
1704634634 20
1704634698 30
1704634762 23
1704634826 40
1704634890 19



# Sketch: 19
1704634314 52
1704634378 50
1704634442 47
1704634506 36
1704634570 35
1704634634 26
1704634698 26
1704634762 26
1704634826 31
1704634890 56



# Sketch: 20
1704634314 32
1704634378 124
1704634442 54
1704634506 41
1704634570 32
1704634634 20
1704634698 19
1704634762 26
1704634826 35
1704634890 7



# Sketch: 21
1704634314 56
1704634378 71
1704634442 63
1704634506 54
1704634570 44
1704634634 19
1704634698 55
1704634762 47
1704634826 52
1704634890 13



# Sketch: 22
1704634314 65
1704634378 56
1704634442 50
1704634506 51
1704634570 43
1704634634 21
1704634698 52
1704634762 21
1704634826 57
1704634890 28



# Sketch: 23
1704634314 40
1704634378 40
1704634442 43
1704634506 32
1704634570 63
1704634634 21
1704634698 17
1704634762 14
1704634826 65
1704634890 31



# Sketch: 24
1704634314 48
1704634378 78
1704634442 44
1704634506 60
1704634570 22
1704634634 62
1704634698 33
1704634762 45
1704634826 42
1704634890 32



# Sketch: 25
1704634314 28
1704634378 57
1704634442 57
1704634506 91
1704634570 55
1704634634 42
1704634698 20
1704634762 22
1704634826 30
1704634890 10



# Sketch: 26
1704634314 32
1704634378 47
1704634442 48
1704634506 43
1704634570 34
1704634634 30
1704634698 30
1704634762 42
1704634826 33
1704634890 18



# Sketch: 27
1704634314 38
1704634378 62
1704634442 48
1704634506 27
1704634570 40
1704634634 30
1704634698 32
1704634762 28
1704634826 32
1704634890 22



# Sketch: 28
1704634314 41
1704634378 40
1704634442 46
1704634506 31
1704634570 17
1704634634 26
1704634698 32
1704634762 39
1704634826 27
1704634890 25



# Sketch: 29
1704634314 37
1704634378 44
1704634442 42
1704634506 40
1704634570 33
1704634634 42
1704634698 31
1704634762 37
1704634826 20
1704634890 22



# Sketch: 30
1704634314 47
1704634378 58
1704634442 40
1704634506 30
1704634570 35
1704634634 28
1704634698 34
1704634762 33
1704634826 19
1704634890 15



# Sketch: 31
1704634314 49
1704634378 60
1704634442 25
1704634506 44
1704634570 32
1704634634 48
1704634698 36
1704634762 27
1704634826 28
1704634890 30

