

# Sketch: 0
1704634314 86
1704634442 109
1704634570 99
1704634698 71
1704634826 62



# Sketch: 1
1704634314 81
1704634442 83
1704634570 45
1704634698 54
1704634826 43



# Sketch: 2
1704634314 69
1704634442 91
1704634570 63
1704634698 55
1704634826 86



# Sketch: 3
1704634314 70
1704634442 81
1704634570 75
1704634698 54
1704634826 63



# Sketch: 4
1704634314 93
1704634442 72
1704634570 64
1704634698 66
1704634826 65



# Sketch: 5
1704634314 125
1704634442 89
1704634570 90
1704634698 85
1704634826 73



# Sketch: 6
1704634314 93
1704634442 83
1704634570 56
1704634698 75
1704634826 60



# Sketch: 7
1704634314 132
1704634442 81
1704634570 138
1704634698 65
1704634826 45



# Sketch: 8
1704634314 139
1704634442 103
1704634570 82
1704634698 71
1704634826 49



# Sketch: 9
1704634314 112
1704634442 107
1704634570 77
1704634698 49
1704634826 61



# Sketch: 10
1704634314 118
1704634442 132
1704634570 101
1704634698 85
1704634826 47



# Sketch: 11
1704634314 78
1704634442 67
1704634570 58
1704634698 54
1704634826 51



# Sketch: 12
1704634314 92
1704634442 48
1704634570 65
1704634698 39
1704634826 79



# Sketch: 13
1704634314 92
1704634442 64
1704634570 57
1704634698 44
1704634826 39



# Sketch: 14
1704634314 132
1704634442 133
1704634570 68
1704634698 72
1704634826 54



# Sketch: 15
1704634314 91
1704634442 74
1704634570 75
1704634698 69
1704634826 44



# Sketch: 16
1704634314 111
1704634442 103
1704634570 74
1704634698 77
1704634826 75



# Sketch: 17
1704634314 142
1704634442 135
1704634570 48
1704634698 51
1704634826 45



# Sketch: 18
1704634314 83
1704634442 63
1704634570 45
1704634698 60
1704634826 43



# Sketch: 19
1704634314 119
1704634442 85
1704634570 84
1704634698 90
1704634826 68



# Sketch: 20
1704634314 151
1704634442 102
1704634570 78
1704634698 72
1704634826 94



# Sketch: 21
1704634314 91
1704634442 109
1704634570 54
1704634698 91
1704634826 100



# Sketch: 22
1704634314 95
1704634442 105
1704634570 50
1704634698 48
1704634826 50



# Sketch: 23
1704634314 80
1704634442 96
1704634570 49
1704634698 44
1704634826 52



# Sketch: 24
1704634314 119
1704634442 141
1704634570 79
1704634698 50
1704634826 46



# Sketch: 25
1704634314 86
1704634442 61
1704634570 77
1704634698 59
1704634826 55



# Sketch: 26
1704634314 121
1704634442 96
1704634570 48
1704634698 71
1704634826 93



# Sketch: 27
1704634314 69
1704634442 84
1704634570 59
1704634698 51
1704634826 41



# Sketch: 28
1704634314 105
1704634442 74
1704634570 54
1704634698 72
1704634826 62



# Sketch: 29
1704634314 77
1704634442 64
1704634570 64
1704634698 63
1704634826 46



# Sketch: 30
1704634314 61
1704634442 62
1704634570 59
1704634698 50
1704634826 56



# Sketch: 31
1704634314 79
1704634442 78
1704634570 75
1704634698 54
1704634826 33

