

# Sketch: 0
1704634314 4
1704634330 17
1704634346 8
1704634362 9
1704634378 19
1704634394 13
1704634410 6
1704634426 7
1704634442 8
1704634458 8
1704634474 7
1704634490 2
1704634506 3
1704634522 15
1704634538 7
1704634554 15
1704634570 1
1704634586 4
1704634602 23
1704634618 4
1704634634 4
1704634650 2
1704634666 7
1704634682 12
1704634698 6
1704634714 2
1704634730 29
1704634746 13
1704634762 6
1704634778 4
1704634794 12
1704634810 2
1704634826 7
1704634842 6
1704634858 6
1704634874 4
1704634890 13
1704634906 32



# Sketch: 1
1704634314 19
1704634330 18
1704634346 19
1704634362 8
1704634378 18
1704634394 20
1704634410 16
1704634426 15
1704634442 19
1704634458 18
1704634474 4
1704634490 17
1704634506 23
1704634522 18
1704634538 14
1704634554 13
1704634570 13
1704634586 8
1704634602 8
1704634618 10
1704634634 6
1704634650 17
1704634666 10
1704634682 13
1704634698 13
1704634714 11
1704634730 7
1704634746 8
1704634762 8
1704634778 8
1704634794 13
1704634810 12
1704634826 10
1704634842 1
1704634858 38
1704634874 18
1704634890 26
1704634906 14



# Sketch: 2
1704634314 15
1704634330 8
1704634346 5
1704634362 11
1704634378 13
1704634394 6
1704634410 9
1704634426 21
1704634442 12
1704634458 8
1704634474 3
1704634490 14
1704634506 7
1704634522 11
1704634538 12
1704634554 10
1704634570 3
1704634586 10
1704634602 3
1704634618 12
1704634634 6
1704634650 2
1704634666 9
1704634682 4
1704634698 4
1704634714 9
1704634730 6
1704634746 21
1704634762 13
1704634778 5
1704634794 5
1704634810 12
1704634826 3
1704634842 3
1704634858 10
1704634874 9
1704634890 14
1704634906 4



# Sketch: 3
1704634314 6
1704634330 12
1704634346 17
1704634362 5
1704634378 12
1704634394 5
1704634410 8
1704634426 8
1704634442 13
1704634458 10
1704634474 13
1704634490 16
1704634506 17
1704634522 15
1704634538 7
1704634554 18
1704634570 14
1704634586 7
1704634602 9
1704634618 7
1704634634 4
1704634650 9
1704634666 12
1704634682 7
1704634698 11
1704634714 6
1704634730 4
1704634746 7
1704634762 10
1704634778 11
1704634794 11
1704634810 4
1704634826 5
1704634842 9
1704634858 5
1704634874 11
1704634890 23
1704634906 7



# Sketch: 4
1704634314 5
1704634330 16
1704634346 7
1704634362 5
1704634378 8
1704634394 6
1704634410 8
1704634426 8
1704634442 12
1704634458 8
1704634474 3
1704634490 5
1704634506 5
1704634522 4
1704634538 9
1704634554 7
1704634570 3
1704634586 17
1704634602 17
1704634618 8
1704634634 2
1704634650 5
1704634666 16
1704634682 7
1704634698 3
1704634714 4
1704634730 4
1704634746 4
1704634762 8
1704634778 14
1704634794 7
1704634810 5
1704634826 4
1704634842 4
1704634858 2
1704634874 7
1704634890 24
1704634906 2



# Sketch: 5
1704634314 3
1704634330 16
1704634346 10
1704634362 5
1704634378 7
1704634394 16
1704634410 11
1704634426 13
1704634442 8
1704634458 16
1704634474 6
1704634490 6
1704634506 12
1704634522 17
1704634538 8
1704634554 7
1704634570 9
1704634586 12
1704634602 17
1704634618 3
1704634634 5
1704634650 7
1704634666 8
1704634682 17
1704634698 17
1704634714 1
1704634730 6
1704634746 2
1704634762 2
1704634778 5
1704634794 5
1704634810 10
1704634826 11
1704634842 10
1704634858 5
1704634874 21
1704634890 9
1704634906 4



# Sketch: 6
1704634314 12
1704634330 9
1704634346 15
1704634362 14
1704634378 3
1704634394 13
1704634410 10
1704634426 21
1704634442 11
1704634458 22
1704634474 15
1704634490 10
1704634506 9
1704634522 14
1704634538 2
1704634554 13
1704634570 15
1704634586 9
1704634602 15
1704634618 25
1704634634 5
1704634650 4
1704634666 16
1704634682 9
1704634698 6
1704634714 10
1704634730 3
1704634746 14
1704634762 7
1704634778 11
1704634794 9
1704634810 12
1704634826 7
1704634842 7
1704634858 10
1704634874 8
1704634890 25
1704634906 11



# Sketch: 7
1704634314 10
1704634330 8
1704634346 12
1704634362 4
1704634378 0
1704634394 23
1704634410 11
1704634426 60
1704634442 27
1704634458 15
1704634474 14
1704634490 20
1704634506 6
1704634522 4
1704634538 2
1704634554 6
1704634570 6
1704634586 7
1704634602 9
1704634618 4
1704634634 5
1704634650 0
1704634666 8
1704634682 10
1704634698 9
1704634714 17
1704634730 17
1704634746 5
1704634762 6
1704634778 4
1704634794 9
1704634810 10
1704634826 5
1704634842 5
1704634858 8
1704634874 7
1704634890 11
1704634906 2



# Sketch: 8
1704634314 9
1704634330 9
1704634346 22
1704634362 5
1704634378 12
1704634394 5
1704634410 5
1704634426 12
1704634442 20
1704634458 15
1704634474 8
1704634490 4
1704634506 15
1704634522 10
1704634538 13
1704634554 6
1704634570 1
1704634586 2
1704634602 16
1704634618 10
1704634634 8
1704634650 11
1704634666 7
1704634682 6
1704634698 3
1704634714 6
1704634730 7
1704634746 7
1704634762 4
1704634778 0
1704634794 4
1704634810 9
1704634826 4
1704634842 11
1704634858 7
1704634874 10
1704634890 10
1704634906 4



# Sketch: 9
1704634314 5
1704634330 14
1704634346 7
1704634362 10
1704634378 13
1704634394 3
1704634410 9
1704634426 19
1704634442 39
1704634458 22
1704634474 10
1704634490 8
1704634506 8
1704634522 12
1704634538 7
1704634554 6
1704634570 3
1704634586 10
1704634602 8
1704634618 9
1704634634 10
1704634650 2
1704634666 5
1704634682 5
1704634698 2
1704634714 6
1704634730 2
1704634746 10
1704634762 11
1704634778 3
1704634794 10
1704634810 10
1704634826 4
1704634842 3
1704634858 9
1704634874 11
1704634890 14
1704634906 6



# Sketch: 10
1704634314 6
1704634330 7
1704634346 9
1704634362 8
1704634378 7
1704634394 15
1704634410 4
1704634426 21
1704634442 15
1704634458 7
1704634474 6
1704634490 9
1704634506 2
1704634522 7
1704634538 4
1704634554 5
1704634570 5
1704634586 5
1704634602 9
1704634618 7
1704634634 6
1704634650 5
1704634666 9
1704634682 10
1704634698 14
1704634714 8
1704634730 6
1704634746 2
1704634762 17
1704634778 9
1704634794 5
1704634810 4
1704634826 11
1704634842 5
1704634858 8
1704634874 9
1704634890 13
1704634906 4



# Sketch: 11
1704634314 7
1704634330 18
1704634346 9
1704634362 3
1704634378 5
1704634394 15
1704634410 12
1704634426 29
1704634442 22
1704634458 12
1704634474 5
1704634490 9
1704634506 10
1704634522 11
1704634538 7
1704634554 7
1704634570 10
1704634586 13
1704634602 9
1704634618 4
1704634634 9
1704634650 14
1704634666 11
1704634682 13
1704634698 12
1704634714 6
1704634730 5
1704634746 4
1704634762 8
1704634778 3
1704634794 6
1704634810 9
1704634826 19
1704634842 11
1704634858 7
1704634874 12
1704634890 15
1704634906 7



# Sketch: 12
1704634314 10
1704634330 6
1704634346 16
1704634362 15
1704634378 4
1704634394 15
1704634410 16
1704634426 14
1704634442 12
1704634458 14
1704634474 17
1704634490 9
1704634506 7
1704634522 8
1704634538 12
1704634554 12
1704634570 3
1704634586 5
1704634602 1
1704634618 3
1704634634 4
1704634650 9
1704634666 4
1704634682 14
1704634698 6
1704634714 9
1704634730 3
1704634746 5
1704634762 6
1704634778 2
1704634794 13
1704634810 6
1704634826 2
1704634842 10
1704634858 10
1704634874 7
1704634890 21
1704634906 2



# Sketch: 13
1704634314 8
1704634330 16
1704634346 15
1704634362 7
1704634378 18
1704634394 12
1704634410 15
1704634426 29
1704634442 4
1704634458 14
1704634474 7
1704634490 11
1704634506 9
1704634522 3
1704634538 3
1704634554 12
1704634570 8
1704634586 15
1704634602 3
1704634618 12
1704634634 6
1704634650 7
1704634666 5
1704634682 9
1704634698 12
1704634714 11
1704634730 5
1704634746 3
1704634762 5
1704634778 15
1704634794 6
1704634810 8
1704634826 1
1704634842 3
1704634858 4
1704634874 4
1704634890 20
1704634906 6



# Sketch: 14
1704634314 10
1704634330 12
1704634346 5
1704634362 15
1704634378 9
1704634394 13
1704634410 14
1704634426 25
1704634442 16
1704634458 5
1704634474 21
1704634490 9
1704634506 10
1704634522 21
1704634538 15
1704634554 8
1704634570 4
1704634586 7
1704634602 4
1704634618 5
1704634634 2
1704634650 8
1704634666 26
1704634682 20
1704634698 10
1704634714 6
1704634730 4
1704634746 10
1704634762 7
1704634778 5
1704634794 11
1704634810 9
1704634826 18
1704634842 7
1704634858 8
1704634874 14
1704634890 10
1704634906 4



# Sketch: 15
1704634314 11
1704634330 24
1704634346 12
1704634362 28
1704634378 18
1704634394 41
1704634410 25
1704634426 11
1704634442 18
1704634458 24
1704634474 6
1704634490 10
1704634506 24
1704634522 31
1704634538 27
1704634554 8
1704634570 25
1704634586 9
1704634602 5
1704634618 11
1704634634 21
1704634650 15
1704634666 6
1704634682 14
1704634698 9
1704634714 16
1704634730 24
1704634746 13
1704634762 8
1704634778 10
1704634794 7
1704634810 7
1704634826 13
1704634842 11
1704634858 29
1704634874 8
1704634890 25
1704634906 5



# Sketch: 16
1704634314 11
1704634330 10
1704634346 11
1704634362 10
1704634378 8
1704634394 11
1704634410 14
1704634426 18
1704634442 9
1704634458 11
1704634474 6
1704634490 15
1704634506 3
1704634522 10
1704634538 6
1704634554 4
1704634570 6
1704634586 6
1704634602 47
1704634618 4
1704634634 3
1704634650 7
1704634666 11
1704634682 5
1704634698 3
1704634714 8
1704634730 12
1704634746 5
1704634762 11
1704634778 4
1704634794 7
1704634810 8
1704634826 8
1704634842 6
1704634858 18
1704634874 5
1704634890 21
1704634906 4



# Sketch: 17
1704634314 26
1704634330 10
1704634346 7
1704634362 10
1704634378 10
1704634394 11
1704634410 9
1704634426 12
1704634442 11
1704634458 6
1704634474 4
1704634490 12
1704634506 5
1704634522 4
1704634538 9
1704634554 12
1704634570 7
1704634586 10
1704634602 6
1704634618 7
1704634634 2
1704634650 2
1704634666 5
1704634682 6
1704634698 5
1704634714 4
1704634730 5
1704634746 2
1704634762 6
1704634778 6
1704634794 4
1704634810 6
1704634826 5
1704634842 1
1704634858 1
1704634874 8
1704634890 15
1704634906 7



# Sketch: 18
1704634314 5
1704634330 10
1704634346 16
1704634362 19
1704634378 18
1704634394 10
1704634410 29
1704634426 67
1704634442 36
1704634458 28
1704634474 24
1704634490 17
1704634506 8
1704634522 1
1704634538 15
1704634554 6
1704634570 8
1704634586 4
1704634602 13
1704634618 11
1704634634 9
1704634650 4
1704634666 6
1704634682 5
1704634698 1
1704634714 2
1704634730 4
1704634746 2
1704634762 4
1704634778 2
1704634794 6
1704634810 8
1704634826 4
1704634842 7
1704634858 18
1704634874 8
1704634890 19
1704634906 3



# Sketch: 19
1704634314 9
1704634330 11
1704634346 13
1704634362 12
1704634378 11
1704634394 28
1704634410 10
1704634426 17
1704634442 25
1704634458 8
1704634474 7
1704634490 16
1704634506 5
1704634522 18
1704634538 8
1704634554 5
1704634570 5
1704634586 10
1704634602 12
1704634618 6
1704634634 2
1704634650 7
1704634666 24
1704634682 8
1704634698 6
1704634714 7
1704634730 17
1704634746 7
1704634762 4
1704634778 7
1704634794 5
1704634810 7
1704634826 10
1704634842 3
1704634858 6
1704634874 10
1704634890 11
1704634906 3



# Sketch: 20
1704634314 6
1704634330 12
1704634346 5
1704634362 13
1704634378 6
1704634394 6
1704634410 10
1704634426 11
1704634442 15
1704634458 9
1704634474 7
1704634490 9
1704634506 10
1704634522 1
1704634538 6
1704634554 5
1704634570 12
1704634586 5
1704634602 6
1704634618 7
1704634634 2
1704634650 9
1704634666 0
1704634682 10
1704634698 12
1704634714 7
1704634730 10
1704634746 19
1704634762 3
1704634778 8
1704634794 5
1704634810 5
1704634826 4
1704634842 2
1704634858 3
1704634874 5
1704634890 25
1704634906 36



# Sketch: 21
1704634314 7
1704634330 19
1704634346 5
1704634362 4
1704634378 14
1704634394 12
1704634410 28
1704634426 47
1704634442 17
1704634458 12
1704634474 12
1704634490 9
1704634506 12
1704634522 12
1704634538 12
1704634554 15
1704634570 3
1704634586 5
1704634602 3
1704634618 10
1704634634 3
1704634650 11
1704634666 8
1704634682 7
1704634698 17
1704634714 4
1704634730 6
1704634746 3
1704634762 7
1704634778 7
1704634794 13
1704634810 11
1704634826 31
1704634842 13
1704634858 12
1704634874 12
1704634890 21
1704634906 3



# Sketch: 22
1704634314 2
1704634330 14
1704634346 7
1704634362 6
1704634378 10
1704634394 12
1704634410 7
1704634426 40
1704634442 7
1704634458 20
1704634474 14
1704634490 14
1704634506 7
1704634522 23
1704634538 31
1704634554 9
1704634570 21
1704634586 30
1704634602 7
1704634618 5
1704634634 16
1704634650 7
1704634666 20
1704634682 12
1704634698 8
1704634714 16
1704634730 34
1704634746 11
1704634762 4
1704634778 4
1704634794 8
1704634810 8
1704634826 9
1704634842 9
1704634858 14
1704634874 5
1704634890 11
1704634906 9



# Sketch: 23
1704634314 9
1704634330 7
1704634346 9
1704634362 8
1704634378 5
1704634394 8
1704634410 15
1704634426 5
1704634442 21
1704634458 20
1704634474 6
1704634490 13
1704634506 6
1704634522 5
1704634538 11
1704634554 6
1704634570 7
1704634586 7
1704634602 27
1704634618 13
1704634634 15
1704634650 5
1704634666 6
1704634682 5
1704634698 7
1704634714 2
1704634730 10
1704634746 14
1704634762 12
1704634778 2
1704634794 16
1704634810 10
1704634826 6
1704634842 7
1704634858 6
1704634874 10
1704634890 15
1704634906 3



# Sketch: 24
1704634314 7
1704634330 13
1704634346 9
1704634362 12
1704634378 6
1704634394 6
1704634410 17
1704634426 17
1704634442 11
1704634458 4
1704634474 10
1704634490 4
1704634506 14
1704634522 12
1704634538 7
1704634554 9
1704634570 8
1704634586 7
1704634602 11
1704634618 7
1704634634 7
1704634650 5
1704634666 9
1704634682 7
1704634698 13
1704634714 10
1704634730 4
1704634746 11
1704634762 5
1704634778 10
1704634794 13
1704634810 11
1704634826 15
1704634842 7
1704634858 6
1704634874 13
1704634890 21
1704634906 2



# Sketch: 25
1704634314 22
1704634330 12
1704634346 9
1704634362 7
1704634378 6
1704634394 15
1704634410 16
1704634426 14
1704634442 12
1704634458 14
1704634474 6
1704634490 19
1704634506 10
1704634522 12
1704634538 13
1704634554 10
1704634570 6
1704634586 3
1704634602 5
1704634618 33
1704634634 3
1704634650 20
1704634666 6
1704634682 11
1704634698 2
1704634714 9
1704634730 8
1704634746 4
1704634762 7
1704634778 7
1704634794 8
1704634810 5
1704634826 2
1704634842 8
1704634858 8
1704634874 13
1704634890 16
1704634906 3



# Sketch: 26
1704634314 25
1704634330 13
1704634346 10
1704634362 6
1704634378 9
1704634394 7
1704634410 16
1704634426 14
1704634442 13
1704634458 10
1704634474 8
1704634490 14
1704634506 7
1704634522 17
1704634538 8
1704634554 5
1704634570 3
1704634586 10
1704634602 8
1704634618 6
1704634634 5
1704634650 5
1704634666 29
1704634682 10
1704634698 6
1704634714 11
1704634730 1
1704634746 4
1704634762 5
1704634778 4
1704634794 11
1704634810 10
1704634826 7
1704634842 6
1704634858 10
1704634874 11
1704634890 19
1704634906 3



# Sketch: 27
1704634314 16
1704634330 21
1704634346 9
1704634362 2
1704634378 6
1704634394 5
1704634410 11
1704634426 20
1704634442 8
1704634458 14
1704634474 9
1704634490 17
1704634506 16
1704634522 9
1704634538 10
1704634554 10
1704634570 25
1704634586 4
1704634602 6
1704634618 7
1704634634 3
1704634650 3
1704634666 11
1704634682 11
1704634698 5
1704634714 5
1704634730 10
1704634746 20
1704634762 9
1704634778 6
1704634794 12
1704634810 19
1704634826 4
1704634842 7
1704634858 5
1704634874 6
1704634890 26
1704634906 3



# Sketch: 28
1704634314 5
1704634330 10
1704634346 5
1704634362 20
1704634378 13
1704634394 5
1704634410 11
1704634426 32
1704634442 29
1704634458 17
1704634474 7
1704634490 7
1704634506 4
1704634522 3
1704634538 2
1704634554 42
1704634570 2
1704634586 7
1704634602 8
1704634618 4
1704634634 2
1704634650 7
1704634666 8
1704634682 4
1704634698 9
1704634714 5
1704634730 2
1704634746 11
1704634762 10
1704634778 4
1704634794 4
1704634810 3
1704634826 7
1704634842 10
1704634858 18
1704634874 24
1704634890 20
1704634906 2



# Sketch: 29
1704634314 12
1704634330 6
1704634346 14
1704634362 15
1704634378 11
1704634394 22
1704634410 20
1704634426 18
1704634442 18
1704634458 16
1704634474 12
1704634490 4
1704634506 20
1704634522 14
1704634538 9
1704634554 8
1704634570 7
1704634586 6
1704634602 7
1704634618 17
1704634634 17
1704634650 11
1704634666 7
1704634682 11
1704634698 7
1704634714 9
1704634730 9
1704634746 20
1704634762 10
1704634778 9
1704634794 2
1704634810 9
1704634826 1
1704634842 10
1704634858 10
1704634874 17
1704634890 23
1704634906 1



# Sketch: 30
1704634314 10
1704634330 16
1704634346 10
1704634362 10
1704634378 7
1704634394 9
1704634410 6
1704634426 18
1704634442 10
1704634458 13
1704634474 9
1704634490 17
1704634506 7
1704634522 7
1704634538 9
1704634554 2
1704634570 7
1704634586 5
1704634602 2
1704634618 10
1704634634 12
1704634650 5
1704634666 5
1704634682 5
1704634698 11
1704634714 4
1704634730 10
1704634746 11
1704634762 5
1704634778 1
1704634794 6
1704634810 5
1704634826 19
1704634842 2
1704634858 12
1704634874 5
1704634890 13
1704634906 5



# Sketch: 31
1704634314 2
1704634330 16
1704634346 9
1704634362 8
1704634378 6
1704634394 21
1704634410 16
1704634426 20
1704634442 11
1704634458 6
1704634474 7
1704634490 5
1704634506 14
1704634522 12
1704634538 6
1704634554 8
1704634570 9
1704634586 8
1704634602 10
1704634618 9
1704634634 11
1704634650 7
1704634666 4
1704634682 8
1704634698 12
1704634714 6
1704634730 11
1704634746 5
1704634762 9
1704634778 8
1704634794 5
1704634810 4
1704634826 4
1704634842 2
1704634858 11
1704634874 13
1704634890 12
1704634906 3

