

# Sketch: 0
1704634314 28
1704634346 13
1704634378 24
1704634410 23
1704634442 31
1704634474 21
1704634506 17
1704634538 15
1704634570 17
1704634602 5
1704634634 20
1704634666 25
1704634698 16
1704634730 2
1704634762 22
1704634794 8
1704634826 7
1704634858 10
1704634890 19



# Sketch: 1
1704634314 20
1704634346 22
1704634378 39
1704634410 38
1704634442 35
1704634474 13
1704634506 31
1704634538 58
1704634570 10
1704634602 33
1704634634 17
1704634666 27
1704634698 9
1704634730 21
1704634762 24
1704634794 8
1704634826 34
1704634858 23
1704634890 34



# Sketch: 2
1704634314 19
1704634346 28
1704634378 29
1704634410 16
1704634442 21
1704634474 24
1704634506 12
1704634538 18
1704634570 11
1704634602 24
1704634634 10
1704634666 19
1704634698 16
1704634730 16
1704634762 18
1704634794 26
1704634826 19
1704634858 16
1704634890 66



# Sketch: 3
1704634314 26
1704634346 23
1704634378 21
1704634410 21
1704634442 40
1704634474 15
1704634506 13
1704634538 28
1704634570 27
1704634602 8
1704634634 12
1704634666 15
1704634698 12
1704634730 12
1704634762 7
1704634794 28
1704634826 31
1704634858 20
1704634890 22



# Sketch: 4
1704634314 20
1704634346 21
1704634378 12
1704634410 27
1704634442 39
1704634474 17
1704634506 11
1704634538 25
1704634570 17
1704634602 18
1704634634 16
1704634666 12
1704634698 38
1704634730 22
1704634762 18
1704634794 23
1704634826 17
1704634858 24
1704634890 14



# Sketch: 5
1704634314 13
1704634346 17
1704634378 32
1704634410 45
1704634442 15
1704634474 14
1704634506 25
1704634538 19
1704634570 5
1704634602 11
1704634634 20
1704634666 16
1704634698 4
1704634730 25
1704634762 15
1704634794 12
1704634826 8
1704634858 26
1704634890 34



# Sketch: 6
1704634314 18
1704634346 14
1704634378 27
1704634410 19
1704634442 31
1704634474 20
1704634506 28
1704634538 9
1704634570 11
1704634602 15
1704634634 12
1704634666 25
1704634698 15
1704634730 14
1704634762 7
1704634794 19
1704634826 5
1704634858 13
1704634890 21



# Sketch: 7
1704634314 14
1704634346 20
1704634378 13
1704634410 50
1704634442 33
1704634474 24
1704634506 20
1704634538 24
1704634570 18
1704634602 17
1704634634 22
1704634666 29
1704634698 8
1704634730 12
1704634762 15
1704634794 21
1704634826 24
1704634858 21
1704634890 32



# Sketch: 8
1704634314 31
1704634346 16
1704634378 16
1704634410 35
1704634442 28
1704634474 26
1704634506 11
1704634538 11
1704634570 12
1704634602 5
1704634634 8
1704634666 15
1704634698 14
1704634730 14
1704634762 6
1704634794 5
1704634826 13
1704634858 34
1704634890 17



# Sketch: 9
1704634314 24
1704634346 16
1704634378 19
1704634410 34
1704634442 23
1704634474 15
1704634506 18
1704634538 14
1704634570 13
1704634602 16
1704634634 22
1704634666 16
1704634698 9
1704634730 27
1704634762 8
1704634794 16
1704634826 8
1704634858 12
1704634890 14



# Sketch: 10
1704634314 19
1704634346 21
1704634378 14
1704634410 24
1704634442 41
1704634474 10
1704634506 11
1704634538 13
1704634570 10
1704634602 12
1704634634 16
1704634666 23
1704634698 6
1704634730 20
1704634762 7
1704634794 7
1704634826 33
1704634858 7
1704634890 30



# Sketch: 11
1704634314 34
1704634346 20
1704634378 12
1704634410 54
1704634442 39
1704634474 16
1704634506 22
1704634538 18
1704634570 14
1704634602 23
1704634634 25
1704634666 27
1704634698 16
1704634730 19
1704634762 21
1704634794 25
1704634826 13
1704634858 29
1704634890 25



# Sketch: 12
1704634314 20
1704634346 40
1704634378 31
1704634410 47
1704634442 22
1704634474 27
1704634506 50
1704634538 14
1704634570 19
1704634602 16
1704634634 13
1704634666 18
1704634698 16
1704634730 43
1704634762 15
1704634794 18
1704634826 22
1704634858 32
1704634890 29



# Sketch: 13
1704634314 11
1704634346 8
1704634378 18
1704634410 33
1704634442 46
1704634474 22
1704634506 12
1704634538 13
1704634570 26
1704634602 25
1704634634 9
1704634666 15
1704634698 20
1704634730 6
1704634762 12
1704634794 12
1704634826 12
1704634858 17
1704634890 14



# Sketch: 14
1704634314 40
1704634346 23
1704634378 29
1704634410 30
1704634442 19
1704634474 44
1704634506 30
1704634538 27
1704634570 25
1704634602 30
1704634634 8
1704634666 20
1704634698 15
1704634730 43
1704634762 15
1704634794 28
1704634826 20
1704634858 27
1704634890 20



# Sketch: 15
1704634314 10
1704634346 17
1704634378 22
1704634410 36
1704634442 23
1704634474 13
1704634506 21
1704634538 15
1704634570 17
1704634602 32
1704634634 8
1704634666 20
1704634698 13
1704634730 37
1704634762 2
1704634794 7
1704634826 7
1704634858 5
1704634890 17



# Sketch: 16
1704634314 32
1704634346 20
1704634378 36
1704634410 23
1704634442 25
1704634474 28
1704634506 29
1704634538 21
1704634570 23
1704634602 16
1704634634 11
1704634666 16
1704634698 18
1704634730 21
1704634762 10
1704634794 15
1704634826 12
1704634858 27
1704634890 37



# Sketch: 17
1704634314 24
1704634346 22
1704634378 12
1704634410 80
1704634442 50
1704634474 22
1704634506 15
1704634538 16
1704634570 24
1704634602 10
1704634634 22
1704634666 24
1704634698 15
1704634730 14
1704634762 20
1704634794 14
1704634826 8
1704634858 14
1704634890 31



# Sketch: 18
1704634314 16
1704634346 14
1704634378 12
1704634410 20
1704634442 22
1704634474 14
1704634506 15
1704634538 12
1704634570 15
1704634602 29
1704634634 12
1704634666 19
1704634698 5
1704634730 19
1704634762 15
1704634794 15
1704634826 15
1704634858 10
1704634890 21



# Sketch: 19
1704634314 31
1704634346 31
1704634378 38
1704634410 50
1704634442 23
1704634474 18
1704634506 8
1704634538 18
1704634570 30
1704634602 22
1704634634 11
1704634666 16
1704634698 21
1704634730 20
1704634762 15
1704634794 11
1704634826 6
1704634858 16
1704634890 32



# Sketch: 20
1704634314 25
1704634346 10
1704634378 32
1704634410 27
1704634442 25
1704634474 17
1704634506 35
1704634538 29
1704634570 35
1704634602 29
1704634634 29
1704634666 11
1704634698 3
1704634730 16
1704634762 25
1704634794 16
1704634826 18
1704634858 23
1704634890 17



# Sketch: 21
1704634314 14
1704634346 18
1704634378 25
1704634410 21
1704634442 15
1704634474 19
1704634506 25
1704634538 22
1704634570 20
1704634602 26
1704634634 11
1704634666 20
1704634698 18
1704634730 21
1704634762 14
1704634794 12
1704634826 9
1704634858 18
1704634890 29



# Sketch: 22
1704634314 29
1704634346 10
1704634378 19
1704634410 22
1704634442 33
1704634474 12
1704634506 20
1704634538 26
1704634570 14
1704634602 12
1704634634 10
1704634666 15
1704634698 25
1704634730 11
1704634762 16
1704634794 15
1704634826 16
1704634858 27
1704634890 22



# Sketch: 23
1704634314 24
1704634346 26
1704634378 20
1704634410 23
1704634442 18
1704634474 11
1704634506 37
1704634538 8
1704634570 20
1704634602 16
1704634634 14
1704634666 4
1704634698 13
1704634730 5
1704634762 12
1704634794 14
1704634826 23
1704634858 18
1704634890 39



# Sketch: 24
1704634314 27
1704634346 24
1704634378 18
1704634410 47
1704634442 19
1704634474 23
1704634506 23
1704634538 20
1704634570 8
1704634602 19
1704634634 18
1704634666 11
1704634698 21
1704634730 10
1704634762 17
1704634794 17
1704634826 14
1704634858 33
1704634890 14



# Sketch: 25
1704634314 24
1704634346 35
1704634378 21
1704634410 28
1704634442 25
1704634474 13
1704634506 14
1704634538 17
1704634570 18
1704634602 10
1704634634 11
1704634666 30
1704634698 14
1704634730 7
1704634762 13
1704634794 18
1704634826 18
1704634858 20
1704634890 15



# Sketch: 26
1704634314 12
1704634346 15
1704634378 15
1704634410 58
1704634442 27
1704634474 18
1704634506 20
1704634538 8
1704634570 12
1704634602 22
1704634634 14
1704634666 15
1704634698 22
1704634730 18
1704634762 17
1704634794 5
1704634826 11
1704634858 6
1704634890 12



# Sketch: 27
1704634314 26
1704634346 37
1704634378 25
1704634410 72
1704634442 61
1704634474 57
1704634506 16
1704634538 11
1704634570 9
1704634602 10
1704634634 11
1704634666 12
1704634698 15
1704634730 23
1704634762 6
1704634794 14
1704634826 3
1704634858 38
1704634890 22



# Sketch: 28
1704634314 24
1704634346 16
1704634378 31
1704634410 33
1704634442 28
1704634474 18
1704634506 17
1704634538 29
1704634570 8
1704634602 8
1704634634 9
1704634666 14
1704634698 27
1704634730 10
1704634762 9
1704634794 19
1704634826 7
1704634858 8
1704634890 26



# Sketch: 29
1704634314 18
1704634346 29
1704634378 20
1704634410 18
1704634442 23
1704634474 13
1704634506 34
1704634538 18
1704634570 27
1704634602 49
1704634634 7
1704634666 30
1704634698 26
1704634730 9
1704634762 5
1704634794 14
1704634826 18
1704634858 35
1704634890 11



# Sketch: 30
1704634314 29
1704634346 11
1704634378 9
1704634410 21
1704634442 34
1704634474 20
1704634506 20
1704634538 26
1704634570 5
1704634602 9
1704634634 6
1704634666 21
1704634698 7
1704634730 11
1704634762 12
1704634794 25
1704634826 5
1704634858 22
1704634890 13



# Sketch: 31
1704634314 22
1704634346 13
1704634378 30
1704634410 22
1704634442 21
1704634474 20
1704634506 16
1704634538 18
1704634570 6
1704634602 47
1704634634 13
1704634666 33
1704634698 21
1704634730 14
1704634762 17
1704634794 29
1704634826 10
1704634858 18
1704634890 16

