

# Sketch: 0
0 0.227632
1 0.165632
2 0.307833
3 0.202058
4 0.2091
5 0.623632
6 0.688499
7 0.693293



# Sketch: 1
0 1.36891
1 1.17931
2 1.01851
3 0.920753
4 0.924759
5 1.0582
6 0.750485
7 0.450093



# Sketch: 2
0 0.860431
1 0.645517
2 0.652703
3 0.615334
4 0.683455
5 0.527935
6 0.728748
7 0.555022



# Sketch: 3
0 1.10961
1 0.763036
2 0.78775
3 0.840277
4 0.763066
5 0.71564
6 0.518279
7 0.823907



# Sketch: 4
0 0.719668
1 0.522751
2 0.29429
3 0.183427
4 0.546811
5 0.50004
6 0.739761
7 0.469757



# Sketch: 5
0 2.31704
1 2.10231
2 2.3409
3 2.09928
4 2.44404
5 3.20315
6 2.74946
7 3.14172



# Sketch: 6
0 0.382691
1 0.276478
2 0.228101
3 0.229765
4 0.208235
5 0.235982
6 0.285589
7 0.445951



# Sketch: 7
0 0.104867
1 0.215549
2 0.453802
3 1.13742
4 1.31977
5 0.602048
6 0.459078
7 0.392872



# Sketch: 8
0 0.389704
1 0.369178
2 0.203098
3 0.234072
4 0.193809
5 0.460139
6 0.215107
7 0.445083



# Sketch: 9
0 0.552888
1 0.316331
2 0.222136
3 0.402666
4 0.646829
5 0.488741
6 0.329239
7 0.574047



# Sketch: 10
0 0.621883
1 0.498203
2 0.464191
3 0.582117
4 0.468941
5 0.38208
6 0.270015
7 0.2491



# Sketch: 11
0 0.386601
1 0.340511
2 0.266982
3 0.381776
4 0.396515
5 1.57001
6 0.288315
7 1.50585



# Sketch: 12
0 0.294934
1 0.293867
2 0.203268
3 0.198628
4 0.111949
5 0.0977134
6 0.0912375
7 0.3288



# Sketch: 13
0 0.598877
1 0.258822
2 0.177861
3 0.229558
4 0.210862
5 0.207705
6 0.483266
7 0.440144



# Sketch: 14
0 1.58477
1 1.42481
2 1.38527
3 1.59288
4 1.34178
5 1.1271
6 1.20924
7 1.22954



# Sketch: 15
0 0.373429
1 0.292853
2 0.471736
3 0.272244
4 0.685445
5 0.237073
6 0.548068
7 0.512906



# Sketch: 16
0 0.339629
1 0.636184
2 0.257024
3 0.41298
4 0.190298
5 0.223271
6 1.15868
7 0.670072



# Sketch: 17
0 1.04757
1 1.05457
2 1.0177
3 0.963121
4 0.895516
5 0.50701
6 0.685727
7 1.88207



# Sketch: 18
0 0.830776
1 0.842339
2 0.880095
3 0.708987
4 0.759938
5 0.626757
6 0.967411
7 0.590918



# Sketch: 19
0 0.177386
1 0.0524675
2 0.124828
3 0.066225
4 0.177284
5 0.214384
6 0.389689
7 2.19629



# Sketch: 20
0 1.04577
1 0.719054
2 0.538021
3 0.67154
4 0.643649
5 0.791067
6 0.668684
7 0.813709



# Sketch: 21
0 0.411206
1 0.572879
2 0.572215
3 0.581184
4 0.590949
5 0.271658
6 0.276305
7 0.399593



# Sketch: 22
0 0.6911
1 0.481067
2 0.375309
3 0.872808
4 0.782478
5 0.862285
6 0.594654
7 0.59753



# Sketch: 23
0 0.384968
1 0.320761
2 0.481852
3 0.279184
4 0.253299
5 0.333868
6 1.39309
7 0.531984



# Sketch: 24
0 0.581202
1 0.719768
2 0.729081
3 0.516037
4 0.598741
5 1.54092
6 0.405669
7 0.478328



# Sketch: 25
0 1.0765
1 0.928473
2 0.781704
3 0.473991
4 0.402626
5 0.626903
6 0.959241
7 0.590266



# Sketch: 26
0 0.939497
1 1.15896
2 1.41582
3 1.06591
4 1.03715
5 1.34881
6 0.432515
7 0.381493



# Sketch: 27
0 0.187427
1 0.248875
2 0.28568
3 0.544549
4 0.181242
5 0.33222
6 0.548757
7 0.446665



# Sketch: 28
0 0.582116
1 0.56174
2 0.352154
3 0.426567
4 0.62888
5 0.255019
6 0.713681
7 0.538409



# Sketch: 29
0 0.379836
1 0.298164
2 0.304287
3 0.187867
4 0.398978
5 0.270461
6 0.522914
7 0.39642



# Sketch: 30
0 0.498504
1 0.445204
2 0.301571
3 0.455145
4 0.27058
5 0.393053
6 0.471807
7 0.544954



# Sketch: 31
0 2.25256
1 1.47405
2 0.943307
3 0.85242
4 0.373176
5 0.165313
6 0.337789
7 0.288583

