

# Sketch: 0
1704634914 62
1704635042 48
1704635170 62
1704635298 49
1704635426 39



# Sketch: 1
1704634914 58
1704635042 86
1704635170 78
1704635298 43
1704635426 28



# Sketch: 2
1704634914 48
1704635042 58
1704635170 68
1704635298 37
1704635426 38



# Sketch: 3
1704634914 58
1704635042 76
1704635170 65
1704635298 76
1704635426 41



# Sketch: 4
1704634914 57
1704635042 70
1704635170 52
1704635298 53
1704635426 38



# Sketch: 5
1704634914 71
1704635042 94
1704635170 40
1704635298 67
1704635426 48



# Sketch: 6
1704634914 62
1704635042 71
1704635170 80
1704635298 61
1704635426 48



# Sketch: 7
1704634914 68
1704635042 77
1704635170 75
1704635298 47
1704635426 38



# Sketch: 8
1704634914 75
1704635042 79
1704635170 84
1704635298 64
1704635426 40



# Sketch: 9
1704634914 41
1704635042 73
1704635170 72
1704635298 49
1704635426 53



# Sketch: 10
1704634914 160
1704635042 78
1704635170 83
1704635298 52
1704635426 34



# Sketch: 11
1704634914 70
1704635042 57
1704635170 65
1704635298 51
1704635426 33



# Sketch: 12
1704634914 40
1704635042 45
1704635170 40
1704635298 65
1704635426 32



# Sketch: 13
1704634914 95
1704635042 71
1704635170 63
1704635298 59
1704635426 46



# Sketch: 14
1704634914 69
1704635042 81
1704635170 113
1704635298 66
1704635426 47



# Sketch: 15
1704634914 42
1704635042 51
1704635170 50
1704635298 80
1704635426 41



# Sketch: 16
1704634914 38
1704635042 57
1704635170 44
1704635298 54
1704635426 37



# Sketch: 17
1704634914 65
1704635042 73
1704635170 67
1704635298 54
1704635426 21



# Sketch: 18
1704634914 88
1704635042 63
1704635170 107
1704635298 54
1704635426 42



# Sketch: 19
1704634914 63
1704635042 99
1704635170 68
1704635298 56
1704635426 52



# Sketch: 20
1704634914 56
1704635042 51
1704635170 59
1704635298 57
1704635426 37



# Sketch: 21
1704634914 44
1704635042 68
1704635170 41
1704635298 37
1704635426 19



# Sketch: 22
1704634914 81
1704635042 92
1704635170 126
1704635298 114
1704635426 50



# Sketch: 23
1704634914 61
1704635042 73
1704635170 98
1704635298 54
1704635426 35



# Sketch: 24
1704634914 71
1704635042 55
1704635170 62
1704635298 55
1704635426 27



# Sketch: 25
1704634914 105
1704635042 131
1704635170 137
1704635298 92
1704635426 125



# Sketch: 26
1704634914 48
1704635042 54
1704635170 57
1704635298 33
1704635426 36



# Sketch: 27
1704634914 71
1704635042 55
1704635170 55
1704635298 36
1704635426 45



# Sketch: 28
1704634914 43
1704635042 63
1704635170 45
1704635298 45
1704635426 32



# Sketch: 29
1704634914 101
1704635042 74
1704635170 75
1704635298 75
1704635426 39



# Sketch: 30
1704634914 42
1704635042 45
1704635170 40
1704635298 39
1704635426 29



# Sketch: 31
1704634914 74
1704635042 63
1704635170 73
1704635298 52
1704635426 36

