

# Sketch: 0
1704634914 19
1704634946 29
1704634978 10
1704635010 11
1704635042 29
1704635074 16
1704635106 11
1704635138 9
1704635170 23
1704635202 14
1704635234 15
1704635266 22
1704635298 14
1704635330 9
1704635362 13
1704635394 11
1704635426 10
1704635458 12
1704635490 10



# Sketch: 1
1704634914 9
1704634946 19
1704634978 11
1704635010 10
1704635042 18
1704635074 15
1704635106 21
1704635138 16
1704635170 12
1704635202 26
1704635234 15
1704635266 17
1704635298 26
1704635330 17
1704635362 21
1704635394 21
1704635426 17
1704635458 24
1704635490 25



# Sketch: 2
1704634914 7
1704634946 33
1704634978 14
1704635010 9
1704635042 11
1704635074 15
1704635106 21
1704635138 16
1704635170 14
1704635202 13
1704635234 8
1704635266 11
1704635298 16
1704635330 13
1704635362 8
1704635394 11
1704635426 18
1704635458 16
1704635490 12



# Sketch: 3
1704634914 11
1704634946 17
1704634978 15
1704635010 9
1704635042 9
1704635074 5
1704635106 24
1704635138 19
1704635170 7
1704635202 24
1704635234 13
1704635266 22
1704635298 8
1704635330 10
1704635362 12
1704635394 8
1704635426 22
1704635458 9
1704635490 6



# Sketch: 4
1704634914 19
1704634946 7
1704634978 15
1704635010 12
1704635042 13
1704635074 13
1704635106 15
1704635138 20
1704635170 11
1704635202 23
1704635234 12
1704635266 13
1704635298 10
1704635330 8
1704635362 14
1704635394 20
1704635426 10
1704635458 11
1704635490 22



# Sketch: 5
1704634914 12
1704634946 13
1704634978 7
1704635010 8
1704635042 24
1704635074 32
1704635106 5
1704635138 19
1704635170 19
1704635202 16
1704635234 19
1704635266 20
1704635298 11
1704635330 11
1704635362 10
1704635394 23
1704635426 15
1704635458 11
1704635490 21



# Sketch: 6
1704634914 16
1704634946 16
1704634978 5
1704635010 20
1704635042 22
1704635074 6
1704635106 10
1704635138 12
1704635170 12
1704635202 15
1704635234 17
1704635266 16
1704635298 8
1704635330 3
1704635362 9
1704635394 11
1704635426 10
1704635458 11
1704635490 9



# Sketch: 7
1704634914 13
1704634946 26
1704634978 35
1704635010 6
1704635042 24
1704635074 40
1704635106 38
1704635138 10
1704635170 11
1704635202 23
1704635234 9
1704635266 11
1704635298 5
1704635330 6
1704635362 15
1704635394 17
1704635426 14
1704635458 18
1704635490 6



# Sketch: 8
1704634914 4
1704634946 19
1704634978 20
1704635010 19
1704635042 36
1704635074 10
1704635106 8
1704635138 15
1704635170 15
1704635202 18
1704635234 13
1704635266 14
1704635298 4
1704635330 18
1704635362 8
1704635394 11
1704635426 6
1704635458 11
1704635490 27



# Sketch: 9
1704634914 66
1704634946 9
1704634978 16
1704635010 9
1704635042 13
1704635074 14
1704635106 6
1704635138 27
1704635170 49
1704635202 12
1704635234 35
1704635266 11
1704635298 14
1704635330 12
1704635362 12
1704635394 15
1704635426 20
1704635458 13
1704635490 4



# Sketch: 10
1704634914 20
1704634946 25
1704634978 11
1704635010 7
1704635042 24
1704635074 10
1704635106 14
1704635138 22
1704635170 14
1704635202 20
1704635234 19
1704635266 19
1704635298 14
1704635330 11
1704635362 11
1704635394 8
1704635426 18
1704635458 8
1704635490 10



# Sketch: 11
1704634914 15
1704634946 12
1704634978 7
1704635010 13
1704635042 26
1704635074 17
1704635106 24
1704635138 13
1704635170 14
1704635202 7
1704635234 17
1704635266 28
1704635298 15
1704635330 8
1704635362 8
1704635394 12
1704635426 4
1704635458 8
1704635490 19



# Sketch: 12
1704634914 16
1704634946 10
1704634978 11
1704635010 7
1704635042 23
1704635074 20
1704635106 15
1704635138 9
1704635170 9
1704635202 16
1704635234 17
1704635266 11
1704635298 25
1704635330 16
1704635362 11
1704635394 11
1704635426 17
1704635458 15
1704635490 11



# Sketch: 13
1704634914 15
1704634946 18
1704634978 18
1704635010 12
1704635042 23
1704635074 14
1704635106 16
1704635138 35
1704635170 21
1704635202 12
1704635234 25
1704635266 15
1704635298 11
1704635330 9
1704635362 7
1704635394 13
1704635426 12
1704635458 13
1704635490 17



# Sketch: 14
1704634914 28
1704634946 30
1704634978 20
1704635010 9
1704635042 15
1704635074 17
1704635106 11
1704635138 19
1704635170 14
1704635202 16
1704635234 25
1704635266 7
1704635298 6
1704635330 10
1704635362 17
1704635394 7
1704635426 9
1704635458 9
1704635490 11



# Sketch: 15
1704634914 47
1704634946 10
1704634978 24
1704635010 19
1704635042 18
1704635074 17
1704635106 24
1704635138 28
1704635170 44
1704635202 24
1704635234 35
1704635266 11
1704635298 16
1704635330 15
1704635362 19
1704635394 13
1704635426 10
1704635458 22
1704635490 18



# Sketch: 16
1704634914 16
1704634946 17
1704634978 20
1704635010 11
1704635042 24
1704635074 17
1704635106 18
1704635138 12
1704635170 3
1704635202 24
1704635234 13
1704635266 13
1704635298 23
1704635330 35
1704635362 17
1704635394 26
1704635426 19
1704635458 8
1704635490 23



# Sketch: 17
1704634914 45
1704634946 16
1704634978 19
1704635010 12
1704635042 22
1704635074 10
1704635106 14
1704635138 17
1704635170 20
1704635202 10
1704635234 15
1704635266 15
1704635298 10
1704635330 7
1704635362 13
1704635394 13
1704635426 31
1704635458 13
1704635490 16



# Sketch: 18
1704634914 13
1704634946 12
1704634978 26
1704635010 19
1704635042 9
1704635074 13
1704635106 12
1704635138 23
1704635170 21
1704635202 14
1704635234 36
1704635266 22
1704635298 15
1704635330 10
1704635362 9
1704635394 25
1704635426 5
1704635458 16
1704635490 9



# Sketch: 19
1704634914 8
1704634946 14
1704634978 19
1704635010 12
1704635042 21
1704635074 1
1704635106 12
1704635138 10
1704635170 14
1704635202 18
1704635234 21
1704635266 10
1704635298 9
1704635330 19
1704635362 17
1704635394 12
1704635426 9
1704635458 14
1704635490 8



# Sketch: 20
1704634914 22
1704634946 38
1704634978 38
1704635010 31
1704635042 17
1704635074 24
1704635106 45
1704635138 47
1704635170 56
1704635202 73
1704635234 33
1704635266 23
1704635298 10
1704635330 35
1704635362 33
1704635394 20
1704635426 15
1704635458 40
1704635490 19



# Sketch: 21
1704634914 11
1704634946 11
1704634978 13
1704635010 5
1704635042 20
1704635074 19
1704635106 16
1704635138 16
1704635170 16
1704635202 10
1704635234 9
1704635266 18
1704635298 9
1704635330 10
1704635362 15
1704635394 25
1704635426 14
1704635458 6
1704635490 20



# Sketch: 22
1704634914 17
1704634946 35
1704634978 4
1704635010 17
1704635042 20
1704635074 16
1704635106 8
1704635138 14
1704635170 18
1704635202 18
1704635234 20
1704635266 16
1704635298 14
1704635330 11
1704635362 20
1704635394 50
1704635426 10
1704635458 14
1704635490 9



# Sketch: 23
1704634914 14
1704634946 12
1704634978 19
1704635010 11
1704635042 13
1704635074 17
1704635106 13
1704635138 13
1704635170 16
1704635202 16
1704635234 14
1704635266 7
1704635298 20
1704635330 12
1704635362 14
1704635394 13
1704635426 10
1704635458 14
1704635490 19



# Sketch: 24
1704634914 15
1704634946 21
1704634978 8
1704635010 14
1704635042 17
1704635074 21
1704635106 19
1704635138 26
1704635170 16
1704635202 21
1704635234 6
1704635266 7
1704635298 11
1704635330 8
1704635362 17
1704635394 9
1704635426 13
1704635458 4
1704635490 11



# Sketch: 25
1704634914 15
1704634946 12
1704634978 16
1704635010 16
1704635042 18
1704635074 22
1704635106 35
1704635138 16
1704635170 26
1704635202 9
1704635234 19
1704635266 11
1704635298 18
1704635330 15
1704635362 23
1704635394 25
1704635426 10
1704635458 9
1704635490 11



# Sketch: 26
1704634914 10
1704634946 15
1704634978 11
1704635010 3
1704635042 20
1704635074 12
1704635106 8
1704635138 12
1704635170 16
1704635202 16
1704635234 12
1704635266 24
1704635298 14
1704635330 12
1704635362 22
1704635394 23
1704635426 10
1704635458 11
1704635490 16



# Sketch: 27
1704634914 26
1704634946 10
1704634978 14
1704635010 10
1704635042 11
1704635074 15
1704635106 30
1704635138 10
1704635170 40
1704635202 7
1704635234 17
1704635266 14
1704635298 17
1704635330 16
1704635362 11
1704635394 13
1704635426 12
1704635458 19
1704635490 9



# Sketch: 28
1704634914 10
1704634946 28
1704634978 18
1704635010 5
1704635042 14
1704635074 14
1704635106 12
1704635138 13
1704635170 28
1704635202 8
1704635234 6
1704635266 11
1704635298 17
1704635330 7
1704635362 14
1704635394 25
1704635426 8
1704635458 5
1704635490 8



# Sketch: 29
1704634914 68
1704634946 15
1704634978 18
1704635010 7
1704635042 9
1704635074 21
1704635106 17
1704635138 15
1704635170 21
1704635202 23
1704635234 13
1704635266 13
1704635298 14
1704635330 12
1704635362 6
1704635394 18
1704635426 24
1704635458 14
1704635490 11



# Sketch: 30
1704634914 38
1704634946 29
1704634978 13
1704635010 10
1704635042 20
1704635074 10
1704635106 13
1704635138 12
1704635170 27
1704635202 10
1704635234 29
1704635266 12
1704635298 18
1704635330 13
1704635362 11
1704635394 12
1704635426 21
1704635458 7
1704635490 15



# Sketch: 31
1704634914 18
1704634946 5
1704634978 18
1704635010 5
1704635042 19
1704635074 33
1704635106 8
1704635138 15
1704635170 12
1704635202 12
1704635234 7
1704635266 9
1704635298 17
1704635330 7
1704635362 16
1704635394 8
1704635426 8
1704635458 13
1704635490 25

