

# Sketch: 0
0 1.3572
1 1.39387
2 1.91354
3 2.74236
4 2.86387
5 4.21706
6 4.29234
7 4.83139



# Sketch: 1
0 0.323814
1 0.350511
2 0.287259
3 0.302193
4 0.404763
5 0.383412
6 1.3576
7 0.438617



# Sketch: 2
0 0.481382
1 0.408183
2 0.330316
3 0.318409
4 0.942197
5 1.77546
6 0.358327
7 0.456916



# Sketch: 3
0 0.380229
1 0.35712
2 0.306781
3 0.299595
4 0.511762
5 0.382599
6 0.483916
7 0.586127



# Sketch: 4
0 0.539442
1 0.578952
2 0.51118
3 0.978361
4 0.507368
5 0.740697
6 0.722845
7 0.33267



# Sketch: 5
0 0.588744
1 0.83567
2 0.977443
3 1.37294
4 1.05837
5 1.06348
6 1.96531
7 0.857578



# Sketch: 6
0 0.483954
1 0.514077
2 0.416136
3 0.44371
4 0.31439
5 0.377004
6 0.662139
7 1.5542



# Sketch: 7
0 0.655677
1 0.543191
2 0.460805
3 0.42331
4 0.45611
5 0.671767
6 0.540887
7 0.389298



# Sketch: 8
0 0.335766
1 0.463515
2 0.483321
3 0.531196
4 1.14553
5 0.606597
6 0.247011
7 0.324789



# Sketch: 9
0 0.653944
1 0.629992
2 0.53576
3 0.442077
4 0.374166
5 0.384556
6 0.399407
7 0.59247



# Sketch: 10
0 0.272373
1 0.297269
2 0.283744
3 0.246163
4 0.289482
5 0.275929
6 0.50311
7 3.49109



# Sketch: 11
0 0.265242
1 0.130124
2 0.154825
3 0.174773
4 0.213344
5 0.330622
6 0.523723
7 0.328312



# Sketch: 12
0 0.508734
1 0.74897
2 0.931219
3 0.649471
4 0.183424
5 0.321281
6 0.470538
7 0.477064



# Sketch: 13
0 0.671983
1 0.618675
2 0.633964
3 0.661751
4 0.464329
5 0.520208
6 1.24153
7 0.375277



# Sketch: 14
0 0.12273
1 0.168423
2 0.155736
3 0.215849
4 0.201658
5 0.274167
6 0.39736
7 0.479254



# Sketch: 15
0 0.496692
1 0.352917
2 0.225052
3 0.516414
4 0.888448
5 0.690912
6 0.822212
7 0.581952



# Sketch: 16
0 0.14384
1 0.199268
2 0.197751
3 0.254052
4 0.539801
5 0.641914
6 0.805494
7 0.678726



# Sketch: 17
0 0.391949
1 0.331161
2 0.27345
3 0.290585
4 0.348064
5 0.318331
6 0.254069
7 0.443832



# Sketch: 18
0 1.01203
1 0.956765
2 0.932264
3 0.781364
4 0.685267
5 0.695819
6 0.914279
7 0.407216



# Sketch: 19
0 0.54782
1 0.473576
2 0.300045
3 0.164453
4 0.299555
5 0.560929
6 0.734021
7 0.53959



# Sketch: 20
0 0.779759
1 0.692347
2 0.681542
3 0.696799
4 0.727848
5 0.676211
6 0.755825
7 0.727003



# Sketch: 21
0 0.389225
1 0.176354
2 0.322335
3 0.545998
4 0.422922
5 0.398828
6 0.703499
7 0.498189



# Sketch: 22
0 0.732283
1 0.411118
2 0.233581
3 0.181744
4 0.225504
5 0.212241
6 0.151931
7 0.424352



# Sketch: 23
0 1.01087
1 1.0246
2 0.927008
3 0.86683
4 0.915215
5 0.908346
6 1.01112
7 0.731374



# Sketch: 24
0 1.31946
1 1.19047
2 0.801489
3 0.986934
4 1.88722
5 3.02485
6 1.57529
7 0.431308



# Sketch: 25
0 0.60212
1 0.667714
2 0.494194
3 0.519282
4 0.365669
5 0.639293
6 0.672127
7 0.663981



# Sketch: 26
0 1.2607
1 0.904657
2 1.34807
3 1.33805
4 0.806912
5 0.433858
6 0.228614
7 0.468963



# Sketch: 27
0 0.862804
1 1.29455
2 1.52984
3 1.20202
4 1.57495
5 1.09987
6 0.949501
7 0.707759



# Sketch: 28
0 2.26473
1 1.40118
2 1.07444
3 0.960782
4 0.832583
5 0.705292
6 0.696416
7 0.760662



# Sketch: 29
0 0.349656
1 0.380769
2 0.292399
3 0.350648
4 0.311592
5 0.474707
6 0.242876
7 0.576976



# Sketch: 30
0 0.245609
1 0.135911
2 0.317907
3 0.240694
4 0.234383
5 0.434606
6 0.396407
7 0.49735



# Sketch: 31
0 0.461111
1 0.148066
2 0.138727
3 0.471491
4 0.347002
5 0.248234
6 1.09169
7 1.96876

