

# Sketch: 0
0 0.438917
1 0.221315
2 0.285923
3 0.116918
4 0.219574
5 0.301142
6 0.87654
7 0.872132



# Sketch: 1
0 0.68261
1 0.780256
2 0.73487
3 0.67341
4 0.718622
5 0.719703
6 0.927299
7 0.461591



# Sketch: 2
0 0.675054
1 0.533401
2 0.3742
3 0.383149
4 0.596423
5 0.422033
6 0.53209
7 0.488926



# Sketch: 3
0 0.680576
1 0.71442
2 0.57706
3 0.651796
4 0.704588
5 0.456317
6 0.391113
7 0.456038



# Sketch: 4
0 0.239371
1 0.208351
2 0.21246
3 0.222145
4 0.472737
5 0.301078
6 0.316588
7 0.433259



# Sketch: 5
0 0.291025
1 0.212702
2 0.189968
3 0.117626
4 0.173516
5 0.30286
6 0.210315
7 0.414762



# Sketch: 6
0 0.575091
1 0.613161
2 0.609194
3 0.549886
4 0.496452
5 0.277867
6 1.07229
7 0.38752



# Sketch: 7
0 0.753665
1 0.620236
2 0.738695
3 0.61921
4 0.406598
5 0.260814
6 0.303013
7 0.433381



# Sketch: 8
0 0.275775
1 0.246694
2 0.211195
3 0.249556
4 0.239188
5 0.644118
6 0.35709
7 0.36725



# Sketch: 9
0 0.647568
1 0.599893
2 0.449439
3 0.401863
4 0.289369
5 0.487703
6 0.334434
7 0.448043



# Sketch: 10
0 0.129869
1 0.0645945
2 0.246668
3 0.411292
4 0.365613
5 0.474964
6 0.620744
7 0.42558



# Sketch: 11
0 1.06872
1 1.03294
2 0.918166
3 0.879145
4 0.927289
5 0.796019
6 0.657291
7 0.494442



# Sketch: 12
0 0.933601
1 0.774538
2 1.2306
3 1.31187
4 1.96093
5 2.10187
6 1.16312
7 0.402169



# Sketch: 13
0 1.59907
1 1.92006
2 1.8367
3 1.6643
4 2.01473
5 1.57205
6 1.18862
7 1.31173



# Sketch: 14
0 0.70231
1 0.567294
2 0.425377
3 0.324636
4 0.372316
5 0.512399
6 0.283736
7 0.483297



# Sketch: 15
0 0.410964
1 0.234848
2 0.227118
3 0.118118
4 0.193698
5 0.375799
6 0.204664
7 0.362669



# Sketch: 16
0 1.3974
1 1.22528
2 0.789834
3 0.855437
4 0.854262
5 0.454401
6 0.603444
7 0.368217



# Sketch: 17
0 0.550206
1 0.452566
2 0.392727
3 0.396551
4 0.318279
5 0.812548
6 0.849851
7 0.387211



# Sketch: 18
0 2.53875
1 1.91367
2 2.01772
3 2.30242
4 2.48815
5 3.63513
6 4.33001
7 4.99069



# Sketch: 19
0 0.802802
1 0.584271
2 0.336226
3 0.568993
4 0.927304
5 0.884899
6 0.880986
7 0.635076



# Sketch: 20
0 0.428116
1 0.491183
2 0.125345
3 0.161615
4 0.267088
5 0.291876
6 2.89084
7 4.01423



# Sketch: 21
0 1.05595
1 1.18092
2 1.44664
3 1.75457
4 1.71654
5 2.2755
6 0.492845
7 0.390397



# Sketch: 22
0 0.887596
1 0.734103
2 0.559126
3 0.370378
4 0.375398
5 0.509303
6 0.800354
7 0.406128



# Sketch: 23
0 1.04721
1 0.73852
2 0.62572
3 0.447678
4 0.335244
5 0.561975
6 0.973033
7 0.345621



# Sketch: 24
0 0.664579
1 0.51051
2 0.42372
3 0.337102
4 0.302712
5 0.380887
6 0.577961
7 0.39648



# Sketch: 25
0 1.72964
1 0.824361
2 0.618544
3 0.53761
4 0.435753
5 0.622256
6 0.459305
7 0.434678



# Sketch: 26
0 0.227377
1 0.308052
2 0.430999
3 0.392143
4 0.445611
5 0.828482
6 0.928386
7 0.446927



# Sketch: 27
0 2.12839
1 1.20325
2 0.629086
3 0.545277
4 0.482257
5 0.738968
6 0.570722
7 2.87339



# Sketch: 28
0 0.819606
1 0.712966
2 0.539905
3 0.346596
4 0.277202
5 0.315652
6 0.616355
7 0.485875



# Sketch: 29
0 0.83684
1 0.638013
2 0.441618
3 0.365518
4 0.306702
5 0.389541
6 0.282432
7 0.479095



# Sketch: 30
0 0.337892
1 0.0426666
2 0.154093
3 0.209226
4 0.44679
5 0.505605
6 0.471373
7 0.432883



# Sketch: 31
0 0.632189
1 0.543826
2 0.371338
3 0.337059
4 0.318878
5 0.806039
6 0.32875
7 0.384947

