

# Sketch: 0
1704635514 11
1704635546 13
1704635578 21
1704635610 15
1704635642 10
1704635674 8
1704635706 11
1704635738 6
1704635770 11
1704635802 18
1704635834 12
1704635866 28
1704635898 8
1704635930 14
1704635962 37
1704635994 18
1704636026 21
1704636058 14
1704636090 8



# Sketch: 1
1704635514 15
1704635546 14
1704635578 32
1704635610 10
1704635642 11
1704635674 11
1704635706 3
1704635738 23
1704635770 8
1704635802 14
1704635834 14
1704635866 17
1704635898 15
1704635930 22
1704635962 12
1704635994 14
1704636026 12
1704636058 27
1704636090 19



# Sketch: 2
1704635514 7
1704635546 17
1704635578 14
1704635610 20
1704635642 14
1704635674 16
1704635706 21
1704635738 13
1704635770 36
1704635802 16
1704635834 22
1704635866 18
1704635898 9
1704635930 13
1704635962 23
1704635994 21
1704636026 9
1704636058 16
1704636090 8



# Sketch: 3
1704635514 24
1704635546 15
1704635578 19
1704635610 9
1704635642 35
1704635674 19
1704635706 21
1704635738 23
1704635770 20
1704635802 11
1704635834 14
1704635866 13
1704635898 18
1704635930 19
1704635962 9
1704635994 25
1704636026 20
1704636058 21
1704636090 13



# Sketch: 4
1704635514 18
1704635546 18
1704635578 23
1704635610 22
1704635642 13
1704635674 20
1704635706 12
1704635738 13
1704635770 20
1704635802 29
1704635834 20
1704635866 19
1704635898 12
1704635930 18
1704635962 10
1704635994 18
1704636026 7
1704636058 20
1704636090 16



# Sketch: 5
1704635514 12
1704635546 23
1704635578 15
1704635610 21
1704635642 10
1704635674 27
1704635706 17
1704635738 12
1704635770 23
1704635802 17
1704635834 11
1704635866 11
1704635898 26
1704635930 9
1704635962 10
1704635994 29
1704636026 9
1704636058 20
1704636090 13



# Sketch: 6
1704635514 18
1704635546 20
1704635578 20
1704635610 21
1704635642 24
1704635674 16
1704635706 16
1704635738 14
1704635770 16
1704635802 16
1704635834 22
1704635866 23
1704635898 18
1704635930 22
1704635962 21
1704635994 22
1704636026 13
1704636058 14
1704636090 15



# Sketch: 7
1704635514 8
1704635546 6
1704635578 19
1704635610 16
1704635642 13
1704635674 38
1704635706 14
1704635738 10
1704635770 14
1704635802 17
1704635834 13
1704635866 26
1704635898 9
1704635930 21
1704635962 15
1704635994 20
1704636026 16
1704636058 15
1704636090 42



# Sketch: 8
1704635514 12
1704635546 14
1704635578 29
1704635610 23
1704635642 19
1704635674 8
1704635706 16
1704635738 10
1704635770 23
1704635802 34
1704635834 67
1704635866 46
1704635898 18
1704635930 16
1704635962 18
1704635994 14
1704636026 14
1704636058 23
1704636090 16



# Sketch: 9
1704635514 25
1704635546 11
1704635578 18
1704635610 12
1704635642 13
1704635674 7
1704635706 15
1704635738 17
1704635770 10
1704635802 7
1704635834 24
1704635866 14
1704635898 12
1704635930 21
1704635962 13
1704635994 12
1704636026 9
1704636058 16
1704636090 15



# Sketch: 10
1704635514 10
1704635546 7
1704635578 34
1704635610 10
1704635642 14
1704635674 18
1704635706 10
1704635738 9
1704635770 11
1704635802 19
1704635834 12
1704635866 16
1704635898 28
1704635930 10
1704635962 23
1704635994 26
1704636026 16
1704636058 21
1704636090 12



# Sketch: 11
1704635514 18
1704635546 16
1704635578 13
1704635610 28
1704635642 12
1704635674 14
1704635706 16
1704635738 13
1704635770 23
1704635802 15
1704635834 14
1704635866 12
1704635898 10
1704635930 21
1704635962 18
1704635994 10
1704636026 13
1704636058 19
1704636090 5



# Sketch: 12
1704635514 13
1704635546 20
1704635578 13
1704635610 11
1704635642 15
1704635674 11
1704635706 8
1704635738 13
1704635770 11
1704635802 4
1704635834 20
1704635866 39
1704635898 7
1704635930 10
1704635962 13
1704635994 24
1704636026 15
1704636058 48
1704636090 6



# Sketch: 13
1704635514 22
1704635546 22
1704635578 14
1704635610 20
1704635642 15
1704635674 30
1704635706 7
1704635738 22
1704635770 23
1704635802 21
1704635834 10
1704635866 20
1704635898 12
1704635930 12
1704635962 21
1704635994 18
1704636026 10
1704636058 13
1704636090 12



# Sketch: 14
1704635514 12
1704635546 15
1704635578 21
1704635610 26
1704635642 17
1704635674 21
1704635706 25
1704635738 14
1704635770 18
1704635802 20
1704635834 21
1704635866 12
1704635898 16
1704635930 21
1704635962 21
1704635994 22
1704636026 29
1704636058 25
1704636090 22



# Sketch: 15
1704635514 14
1704635546 25
1704635578 36
1704635610 12
1704635642 16
1704635674 12
1704635706 10
1704635738 10
1704635770 19
1704635802 20
1704635834 80
1704635866 133
1704635898 70
1704635930 22
1704635962 14
1704635994 17
1704636026 15
1704636058 14
1704636090 29



# Sketch: 16
1704635514 13
1704635546 17
1704635578 12
1704635610 9
1704635642 13
1704635674 22
1704635706 17
1704635738 10
1704635770 16
1704635802 14
1704635834 26
1704635866 18
1704635898 20
1704635930 21
1704635962 17
1704635994 19
1704636026 19
1704636058 15
1704636090 13



# Sketch: 17
1704635514 9
1704635546 13
1704635578 29
1704635610 20
1704635642 14
1704635674 18
1704635706 9
1704635738 19
1704635770 16
1704635802 35
1704635834 14
1704635866 18
1704635898 7
1704635930 28
1704635962 17
1704635994 17
1704636026 9
1704636058 33
1704636090 21



# Sketch: 18
1704635514 21
1704635546 22
1704635578 16
1704635610 14
1704635642 17
1704635674 7
1704635706 12
1704635738 13
1704635770 31
1704635802 22
1704635834 27
1704635866 72
1704635898 22
1704635930 10
1704635962 12
1704635994 23
1704636026 21
1704636058 13
1704636090 4



# Sketch: 19
1704635514 15
1704635546 11
1704635578 17
1704635610 18
1704635642 29
1704635674 19
1704635706 20
1704635738 19
1704635770 30
1704635802 17
1704635834 20
1704635866 17
1704635898 7
1704635930 15
1704635962 36
1704635994 22
1704636026 28
1704636058 12
1704636090 18



# Sketch: 20
1704635514 11
1704635546 23
1704635578 20
1704635610 14
1704635642 15
1704635674 12
1704635706 10
1704635738 20
1704635770 16
1704635802 12
1704635834 19
1704635866 26
1704635898 12
1704635930 19
1704635962 18
1704635994 13
1704636026 17
1704636058 13
1704636090 13



# Sketch: 21
1704635514 3
1704635546 18
1704635578 12
1704635610 12
1704635642 12
1704635674 13
1704635706 11
1704635738 9
1704635770 12
1704635802 11
1704635834 16
1704635866 12
1704635898 9
1704635930 29
1704635962 13
1704635994 29
1704636026 6
1704636058 32
1704636090 14



# Sketch: 22
1704635514 15
1704635546 13
1704635578 26
1704635610 21
1704635642 22
1704635674 23
1704635706 26
1704635738 22
1704635770 17
1704635802 19
1704635834 28
1704635866 21
1704635898 9
1704635930 24
1704635962 21
1704635994 19
1704636026 13
1704636058 26
1704636090 27



# Sketch: 23
1704635514 11
1704635546 16
1704635578 11
1704635610 22
1704635642 11
1704635674 22
1704635706 11
1704635738 19
1704635770 17
1704635802 17
1704635834 11
1704635866 16
1704635898 19
1704635930 15
1704635962 23
1704635994 21
1704636026 11
1704636058 18
1704636090 16



# Sketch: 24
1704635514 8
1704635546 21
1704635578 10
1704635610 16
1704635642 16
1704635674 19
1704635706 5
1704635738 8
1704635770 14
1704635802 10
1704635834 16
1704635866 23
1704635898 15
1704635930 10
1704635962 12
1704635994 19
1704636026 17
1704636058 12
1704636090 12



# Sketch: 25
1704635514 25
1704635546 13
1704635578 31
1704635610 28
1704635642 21
1704635674 30
1704635706 32
1704635738 17
1704635770 25
1704635802 36
1704635834 26
1704635866 34
1704635898 24
1704635930 23
1704635962 24
1704635994 35
1704636026 17
1704636058 50
1704636090 30



# Sketch: 26
1704635514 21
1704635546 15
1704635578 20
1704635610 12
1704635642 14
1704635674 14
1704635706 8
1704635738 11
1704635770 9
1704635802 18
1704635834 24
1704635866 14
1704635898 8
1704635930 17
1704635962 2
1704635994 18
1704636026 18
1704636058 13
1704636090 17



# Sketch: 27
1704635514 21
1704635546 10
1704635578 22
1704635610 12
1704635642 14
1704635674 4
1704635706 15
1704635738 14
1704635770 14
1704635802 6
1704635834 27
1704635866 9
1704635898 16
1704635930 12
1704635962 13
1704635994 16
1704636026 11
1704636058 18
1704636090 6



# Sketch: 28
1704635514 26
1704635546 11
1704635578 13
1704635610 14
1704635642 15
1704635674 16
1704635706 15
1704635738 13
1704635770 13
1704635802 10
1704635834 6
1704635866 25
1704635898 5
1704635930 15
1704635962 12
1704635994 20
1704636026 21
1704636058 20
1704636090 8



# Sketch: 29
1704635514 20
1704635546 10
1704635578 14
1704635610 15
1704635642 14
1704635674 14
1704635706 14
1704635738 15
1704635770 20
1704635802 18
1704635834 17
1704635866 21
1704635898 9
1704635930 19
1704635962 24
1704635994 26
1704636026 11
1704636058 16
1704636090 14



# Sketch: 30
1704635514 16
1704635546 7
1704635578 12
1704635610 16
1704635642 15
1704635674 9
1704635706 5
1704635738 21
1704635770 8
1704635802 12
1704635834 19
1704635866 22
1704635898 24
1704635930 5
1704635962 11
1704635994 10
1704636026 17
1704636058 11
1704636090 26



# Sketch: 31
1704635514 16
1704635546 20
1704635578 9
1704635610 5
1704635642 22
1704635674 20
1704635706 13
1704635738 18
1704635770 9
1704635802 23
1704635834 11
1704635866 26
1704635898 11
1704635930 13
1704635962 13
1704635994 20
1704636026 8
1704636058 14
1704636090 11

