

# Sketch: 0
0 1.93795
1 1.44049
2 1.10699
3 1.00144
4 0.891066
5 0.807896
6 0.751272
7 0.403638



# Sketch: 1
0 0.137238
1 0.220683
2 0.459303
3 0.482742
4 0.889317
5 0.340328
6 0.327583
7 0.498942



# Sketch: 2
0 0.260021
1 0.26517
2 0.141945
3 0.141285
4 0.202756
5 0.198351
6 0.315564
7 0.430019



# Sketch: 3
0 0.710989
1 0.633927
2 0.624411
3 0.68653
4 0.493389
5 0.646802
6 0.892744
7 0.591372



# Sketch: 4
0 1.05083
1 0.981181
2 0.739457
3 0.884851
4 0.906676
5 0.401335
6 0.316094
7 0.27995



# Sketch: 5
0 2.31586
1 2.59075
2 2.98438
3 3.72381
4 4.06264
5 4.60402
6 4.801
7 5.28914



# Sketch: 6
0 0.8895
1 0.665605
2 0.428489
3 0.322492
4 0.512047
5 1.18139
6 0.527894
7 0.328855



# Sketch: 7
0 0.550333
1 0.493847
2 0.590789
3 0.435289
4 0.540729
5 0.256619
6 0.276378
7 0.456004



# Sketch: 8
0 0.580755
1 0.421321
2 0.336358
3 0.433969
4 0.342609
5 0.599756
6 0.960422
7 0.556056



# Sketch: 9
0 0.296137
1 0.26299
2 0.290082
3 0.288517
4 0.271142
5 0.318757
6 0.205792
7 0.505956



# Sketch: 10
0 0.538379
1 0.832042
2 1.04881
3 0.846322
4 0.680964
5 0.282364
6 0.536461
7 0.505705



# Sketch: 11
0 0.339805
1 0.259392
2 0.317495
3 0.289974
4 0.416029
5 0.249451
6 0.585534
7 0.489048



# Sketch: 12
0 0.355906
1 0.261723
2 0.181225
3 0.196499
4 0.147774
5 0.199187
6 1.26263
7 0.362337



# Sketch: 13
0 0.756815
1 0.51438
2 0.15852
3 0.189634
4 0.171879
5 0.298116
6 2.13652
7 0.259619



# Sketch: 14
0 0.225207
1 0.273538
2 0.360695
3 0.579922
4 0.77714
5 0.697104
6 0.354773
7 0.380875



# Sketch: 15
0 0.30797
1 0.22833
2 0.159575
3 0.131552
4 0.171549
5 0.402811
6 0.22174
7 0.284296



# Sketch: 16
0 1.15353
1 0.750131
2 0.711586
3 0.798619
4 0.780441
5 0.922162
6 0.804233
7 0.50406



# Sketch: 17
0 0.983582
1 0.648194
2 0.587441
3 0.845325
4 0.757541
5 1.08978
6 0.701452
7 0.259796



# Sketch: 18
0 0.903687
1 0.861055
2 0.671258
3 0.60941
4 0.868852
5 0.78608
6 1.02435
7 0.604366



# Sketch: 19
0 0.364252
1 0.65733
2 0.808808
3 0.82484
4 1.11734
5 1.0921
6 0.995557
7 0.622523



# Sketch: 20
0 1.48526
1 1.0554
2 0.864185
3 0.520735
4 0.831259
5 0.838645
6 0.844352
7 0.503945



# Sketch: 21
0 0.802845
1 0.883194
2 0.76741
3 0.805762
4 0.331965
5 0.30581
6 0.239383
7 0.569801



# Sketch: 22
0 0.529922
1 0.431165
2 0.355132
3 0.261451
4 0.315087
5 0.287238
6 0.375118
7 0.575288



# Sketch: 23
0 0.918882
1 1.01377
2 1.06801
3 1.47336
4 1.37937
5 1.70474
6 1.2709
7 0.308792



# Sketch: 24
0 0.438961
1 0.673092
2 0.416166
3 0.395948
4 0.530215
5 0.185234
6 0.475278
7 0.519607



# Sketch: 25
0 0.237697
1 0.207036
2 0.567599
3 0.886475
4 0.683166
5 0.257152
6 0.384207
7 0.324303



# Sketch: 26
0 0.207624
1 0.237422
2 0.288448
3 0.788774
4 1.49854
5 2.77023
6 2.05577
7 0.320266



# Sketch: 27
0 0.823204
1 0.995071
2 1.49397
3 2.08221
4 2.07062
5 1.65616
6 1.18728
7 0.297494



# Sketch: 28
0 0.50098
1 0.431954
2 0.664691
3 0.31273
4 0.254828
5 0.237611
6 1.5063
7 3.02755



# Sketch: 29
0 0.406952
1 0.349812
2 0.195498
3 0.100147
4 0.157564
5 0.562142
6 0.214618
7 3.80965



# Sketch: 30
0 0.720488
1 0.668771
2 0.160489
3 0.159039
4 0.250073
5 0.49763
6 0.187237
7 1.0952



# Sketch: 31
0 0.784028
1 0.539677
2 0.286433
3 0.364347
4 0.521663
5 0.664027
6 0.885109
7 0.360291

