

# Sketch: 0
1704635514 22
1704635578 40
1704635642 19
1704635706 15
1704635770 37
1704635834 24
1704635898 13
1704635962 30
1704636026 34
1704636090 15



# Sketch: 1
1704635514 29
1704635578 36
1704635642 24
1704635706 17
1704635770 21
1704635834 37
1704635898 37
1704635962 23
1704636026 28
1704636090 17



# Sketch: 2
1704635514 31
1704635578 44
1704635642 34
1704635706 24
1704635770 34
1704635834 90
1704635898 27
1704635962 36
1704636026 34
1704636090 28



# Sketch: 3
1704635514 45
1704635578 23
1704635642 32
1704635706 23
1704635770 33
1704635834 24
1704635898 23
1704635962 28
1704636026 24
1704636090 6



# Sketch: 4
1704635514 31
1704635578 42
1704635642 40
1704635706 20
1704635770 36
1704635834 23
1704635898 36
1704635962 55
1704636026 42
1704636090 16



# Sketch: 5
1704635514 25
1704635578 31
1704635642 19
1704635706 27
1704635770 27
1704635834 18
1704635898 33
1704635962 34
1704636026 31
1704636090 13



# Sketch: 6
1704635514 33
1704635578 21
1704635642 30
1704635706 37
1704635770 24
1704635834 20
1704635898 23
1704635962 38
1704636026 27
1704636090 10



# Sketch: 7
1704635514 35
1704635578 37
1704635642 39
1704635706 29
1704635770 49
1704635834 218
1704635898 99
1704635962 43
1704636026 33
1704636090 14



# Sketch: 8
1704635514 30
1704635578 47
1704635642 25
1704635706 27
1704635770 27
1704635834 44
1704635898 45
1704635962 31
1704636026 42
1704636090 13



# Sketch: 9
1704635514 22
1704635578 25
1704635642 33
1704635706 38
1704635770 34
1704635834 39
1704635898 21
1704635962 30
1704636026 32
1704636090 6



# Sketch: 10
1704635514 36
1704635578 20
1704635642 27
1704635706 29
1704635770 61
1704635834 35
1704635898 29
1704635962 42
1704636026 32
1704636090 17



# Sketch: 11
1704635514 17
1704635578 26
1704635642 28
1704635706 26
1704635770 26
1704635834 31
1704635898 18
1704635962 31
1704636026 22
1704636090 13



# Sketch: 12
1704635514 22
1704635578 39
1704635642 37
1704635706 19
1704635770 31
1704635834 49
1704635898 40
1704635962 33
1704636026 36
1704636090 14



# Sketch: 13
1704635514 53
1704635578 31
1704635642 27
1704635706 32
1704635770 22
1704635834 37
1704635898 27
1704635962 34
1704636026 36
1704636090 6



# Sketch: 14
1704635514 34
1704635578 32
1704635642 30
1704635706 27
1704635770 35
1704635834 25
1704635898 30
1704635962 52
1704636026 23
1704636090 2



# Sketch: 15
1704635514 32
1704635578 50
1704635642 46
1704635706 53
1704635770 41
1704635834 65
1704635898 33
1704635962 51
1704636026 36
1704636090 28



# Sketch: 16
1704635514 28
1704635578 31
1704635642 33
1704635706 14
1704635770 22
1704635834 19
1704635898 32
1704635962 23
1704636026 32
1704636090 10



# Sketch: 17
1704635514 39
1704635578 47
1704635642 35
1704635706 31
1704635770 46
1704635834 36
1704635898 24
1704635962 33
1704636026 19
1704636090 14



# Sketch: 18
1704635514 41
1704635578 47
1704635642 39
1704635706 24
1704635770 30
1704635834 45
1704635898 33
1704635962 34
1704636026 19
1704636090 8



# Sketch: 19
1704635514 48
1704635578 36
1704635642 53
1704635706 34
1704635770 59
1704635834 36
1704635898 30
1704635962 48
1704636026 32
1704636090 10



# Sketch: 20
1704635514 32
1704635578 43
1704635642 38
1704635706 37
1704635770 48
1704635834 31
1704635898 44
1704635962 43
1704636026 32
1704636090 11



# Sketch: 21
1704635514 36
1704635578 25
1704635642 43
1704635706 32
1704635770 32
1704635834 43
1704635898 32
1704635962 17
1704636026 39
1704636090 22



# Sketch: 22
1704635514 18
1704635578 48
1704635642 21
1704635706 42
1704635770 23
1704635834 51
1704635898 39
1704635962 37
1704636026 34
1704636090 23



# Sketch: 23
1704635514 24
1704635578 27
1704635642 24
1704635706 31
1704635770 26
1704635834 93
1704635898 18
1704635962 27
1704636026 49
1704636090 9



# Sketch: 24
1704635514 48
1704635578 39
1704635642 39
1704635706 31
1704635770 30
1704635834 44
1704635898 22
1704635962 29
1704636026 50
1704636090 25



# Sketch: 25
1704635514 27
1704635578 38
1704635642 37
1704635706 24
1704635770 41
1704635834 49
1704635898 17
1704635962 27
1704636026 33
1704636090 11



# Sketch: 26
1704635514 30
1704635578 26
1704635642 32
1704635706 31
1704635770 42
1704635834 33
1704635898 33
1704635962 49
1704636026 58
1704636090 21



# Sketch: 27
1704635514 21
1704635578 77
1704635642 45
1704635706 39
1704635770 45
1704635834 64
1704635898 51
1704635962 64
1704636026 53
1704636090 33



# Sketch: 28
1704635514 23
1704635578 28
1704635642 34
1704635706 32
1704635770 20
1704635834 45
1704635898 37
1704635962 48
1704636026 61
1704636090 19



# Sketch: 29
1704635514 27
1704635578 33
1704635642 21
1704635706 28
1704635770 30
1704635834 40
1704635898 30
1704635962 27
1704636026 25
1704636090 30



# Sketch: 30
1704635514 32
1704635578 23
1704635642 34
1704635706 20
1704635770 39
1704635834 49
1704635898 41
1704635962 47
1704636026 30
1704636090 21



# Sketch: 31
1704635514 15
1704635578 27
1704635642 35
1704635706 22
1704635770 40
1704635834 47
1704635898 34
1704635962 39
1704636026 36
1704636090 16

