

# Sketch: 0
1704636114 1
1704636122 7
1704636130 4
1704636138 2
1704636146 2
1704636154 2
1704636162 14
1704636170 10
1704636178 0
1704636186 6
1704636194 17
1704636202 3
1704636210 1
1704636218 8
1704636226 3
1704636234 3
1704636242 8
1704636250 11
1704636258 6
1704636266 5
1704636274 5
1704636282 3
1704636290 1
1704636298 5
1704636306 3
1704636314 5
1704636322 3
1704636330 1
1704636338 1
1704636346 0
1704636354 1
1704636362 3
1704636370 5
1704636378 4
1704636386 8
1704636394 2
1704636402 4
1704636410 4
1704636418 10
1704636426 2
1704636434 7
1704636442 9
1704636450 1
1704636458 0
1704636466 3
1704636474 6
1704636482 1
1704636490 4
1704636498 5
1704636506 5
1704636514 2
1704636522 4
1704636530 0
1704636538 9
1704636546 1
1704636554 7
1704636562 3
1704636570 4
1704636578 1
1704636586 6
1704636594 0
1704636602 5
1704636610 7
1704636618 4
1704636626 3
1704636634 2
1704636642 5
1704636650 1
1704636658 8
1704636666 3
1704636674 0
1704636682 2
1704636690 11
1704636698 1
1704636706 9



# Sketch: 1
1704636114 3
1704636122 0
1704636130 0
1704636138 9
1704636146 3
1704636154 2
1704636162 5
1704636170 1
1704636178 1
1704636186 6
1704636194 6
1704636202 2
1704636210 1
1704636218 0
1704636226 2
1704636234 6
1704636242 4
1704636250 1
1704636258 5
1704636266 5
1704636274 8
1704636282 5
1704636290 1
1704636298 2
1704636306 4
1704636314 1
1704636322 5
1704636330 3
1704636338 2
1704636346 2
1704636354 4
1704636362 0
1704636370 3
1704636378 3
1704636386 5
1704636394 4
1704636402 4
1704636410 5
1704636418 1
1704636426 0
1704636434 1
1704636442 0
1704636450 1
1704636458 1
1704636466 0
1704636474 2
1704636482 6
1704636490 2
1704636498 6
1704636506 5
1704636514 4
1704636522 5
1704636530 1
1704636538 2
1704636546 3
1704636554 4
1704636562 1
1704636570 5
1704636578 3
1704636586 2
1704636594 2
1704636602 4
1704636610 4
1704636618 4
1704636626 2
1704636634 3
1704636642 0
1704636650 6
1704636658 12
1704636666 3
1704636674 2
1704636682 0
1704636690 4
1704636698 2
1704636706 4



# Sketch: 2
1704636114 10
1704636122 4
1704636130 1
1704636138 1
1704636146 7
1704636154 1
1704636162 2
1704636170 1
1704636178 0
1704636186 7
1704636194 3
1704636202 6
1704636210 4
1704636218 4
1704636226 3
1704636234 0
1704636242 2
1704636250 2
1704636258 2
1704636266 6
1704636274 2
1704636282 8
1704636290 3
1704636298 1
1704636306 14
1704636314 6
1704636322 5
1704636330 11
1704636338 2
1704636346 1
1704636354 4
1704636362 4
1704636370 15
1704636378 14
1704636386 3
1704636394 2
1704636402 6
1704636410 4
1704636418 4
1704636426 15
1704636434 4
1704636442 6
1704636450 18
1704636458 12
1704636466 10
1704636474 4
1704636482 3
1704636490 2
1704636498 1
1704636506 1
1704636514 9
1704636522 3
1704636530 8
1704636538 16
1704636546 10
1704636554 3
1704636562 9
1704636570 3
1704636578 9
1704636586 4
1704636594 3
1704636602 4
1704636610 3
1704636618 3
1704636626 0
1704636634 5
1704636642 5
1704636650 2
1704636658 7
1704636666 24
1704636674 5
1704636682 4
1704636690 10
1704636698 7
1704636706 4



# Sketch: 3
1704636114 7
1704636122 0
1704636130 3
1704636138 2
1704636146 3
1704636154 11
1704636162 6
1704636170 0
1704636178 4
1704636186 4
1704636194 8
1704636202 4
1704636210 0
1704636218 1
1704636226 1
1704636234 1
1704636242 1
1704636250 3
1704636258 2
1704636266 1
1704636274 5
1704636282 2
1704636290 5
1704636298 3
1704636306 3
1704636314 1
1704636322 4
1704636330 12
1704636338 1
1704636346 2
1704636354 6
1704636362 1
1704636370 4
1704636378 4
1704636386 6
1704636394 5
1704636402 17
1704636410 3
1704636418 1
1704636426 3
1704636434 6
1704636442 6
1704636450 0
1704636458 1
1704636466 0
1704636474 6
1704636482 2
1704636490 0
1704636498 0
1704636506 0
1704636514 2
1704636522 5
1704636530 2
1704636538 9
1704636546 2
1704636554 1
1704636562 3
1704636570 2
1704636578 5
1704636586 1
1704636594 12
1704636602 3
1704636610 1
1704636618 4
1704636626 3
1704636634 7
1704636642 1
1704636650 5
1704636658 2
1704636666 1
1704636674 6
1704636682 7
1704636690 2
1704636698 1
1704636706 5



# Sketch: 4
1704636114 3
1704636122 12
1704636130 0
1704636138 1
1704636146 1
1704636154 1
1704636162 2
1704636170 1
1704636178 5
1704636186 1
1704636194 4
1704636202 5
1704636210 1
1704636218 0
1704636226 5
1704636234 4
1704636242 1
1704636250 1
1704636258 2
1704636266 1
1704636274 7
1704636282 5
1704636290 7
1704636298 5
1704636306 5
1704636314 2
1704636322 4
1704636330 23
1704636338 5
1704636346 0
1704636354 2
1704636362 0
1704636370 1
1704636378 1
1704636386 2
1704636394 1
1704636402 3
1704636410 2
1704636418 0
1704636426 2
1704636434 3
1704636442 10
1704636450 1
1704636458 4
1704636466 1
1704636474 6
1704636482 1
1704636490 5
1704636498 3
1704636506 2
1704636514 3
1704636522 1
1704636530 1
1704636538 2
1704636546 1
1704636554 1
1704636562 5
1704636570 7
1704636578 1
1704636586 8
1704636594 1
1704636602 3
1704636610 2
1704636618 1
1704636626 3
1704636634 2
1704636642 2
1704636650 4
1704636658 5
1704636666 2
1704636674 1
1704636682 0
1704636690 2
1704636698 0
1704636706 0



# Sketch: 5
1704636114 5
1704636122 1
1704636130 0
1704636138 0
1704636146 5
1704636154 2
1704636162 0
1704636170 3
1704636178 4
1704636186 2
1704636194 0
1704636202 8
1704636210 0
1704636218 0
1704636226 2
1704636234 3
1704636242 1
1704636250 1
1704636258 1
1704636266 2
1704636274 6
1704636282 4
1704636290 16
1704636298 0
1704636306 9
1704636314 9
1704636322 5
1704636330 0
1704636338 4
1704636346 7
1704636354 4
1704636362 3
1704636370 1
1704636378 6
1704636386 4
1704636394 8
1704636402 2
1704636410 2
1704636418 1
1704636426 1
1704636434 4
1704636442 5
1704636450 3
1704636458 2
1704636466 0
1704636474 5
1704636482 11
1704636490 4
1704636498 2
1704636506 2
1704636514 1
1704636522 1
1704636530 1
1704636538 1
1704636546 1
1704636554 3
1704636562 1
1704636570 2
1704636578 3
1704636586 9
1704636594 5
1704636602 5
1704636610 7
1704636618 2
1704636626 3
1704636634 0
1704636642 8
1704636650 0
1704636658 1
1704636666 9
1704636674 3
1704636682 7
1704636690 0
1704636698 5
1704636706 8



# Sketch: 6
1704636114 9
1704636122 6
1704636130 7
1704636138 8
1704636146 5
1704636154 7
1704636162 4
1704636170 3
1704636178 7
1704636186 7
1704636194 5
1704636202 2
1704636210 1
1704636218 7
1704636226 0
1704636234 2
1704636242 3
1704636250 8
1704636258 3
1704636266 4
1704636274 1
1704636282 1
1704636290 9
1704636298 0
1704636306 6
1704636314 3
1704636322 8
1704636330 0
1704636338 1
1704636346 5
1704636354 2
1704636362 3
1704636370 2
1704636378 4
1704636386 2
1704636394 7
1704636402 1
1704636410 3
1704636418 2
1704636426 4
1704636434 8
1704636442 3
1704636450 6
1704636458 1
1704636466 1
1704636474 4
1704636482 3
1704636490 2
1704636498 1
1704636506 3
1704636514 1
1704636522 4
1704636530 1
1704636538 13
1704636546 2
1704636554 1
1704636562 4
1704636570 5
1704636578 3
1704636586 2
1704636594 2
1704636602 3
1704636610 0
1704636618 5
1704636626 4
1704636634 2
1704636642 1
1704636650 4
1704636658 3
1704636666 2
1704636674 1
1704636682 3
1704636690 0
1704636698 0
1704636706 3



# Sketch: 7
1704636114 3
1704636122 10
1704636130 2
1704636138 3
1704636146 1
1704636154 1
1704636162 2
1704636170 7
1704636178 1
1704636186 3
1704636194 9
1704636202 6
1704636210 2
1704636218 4
1704636226 1
1704636234 2
1704636242 7
1704636250 3
1704636258 4
1704636266 4
1704636274 5
1704636282 2
1704636290 10
1704636298 2
1704636306 3
1704636314 3
1704636322 4
1704636330 4
1704636338 0
1704636346 2
1704636354 5
1704636362 11
1704636370 4
1704636378 3
1704636386 3
1704636394 3
1704636402 6
1704636410 2
1704636418 0
1704636426 1
1704636434 5
1704636442 9
1704636450 2
1704636458 3
1704636466 4
1704636474 5
1704636482 10
1704636490 1
1704636498 2
1704636506 3
1704636514 3
1704636522 4
1704636530 4
1704636538 0
1704636546 1
1704636554 0
1704636562 1
1704636570 4
1704636578 0
1704636586 3
1704636594 6
1704636602 2
1704636610 1
1704636618 9
1704636626 1
1704636634 4
1704636642 4
1704636650 0
1704636658 2
1704636666 4
1704636674 3
1704636682 0
1704636690 5
1704636698 0
1704636706 6



# Sketch: 8
1704636114 4
1704636122 3
1704636130 4
1704636138 4
1704636146 2
1704636154 7
1704636162 12
1704636170 3
1704636178 5
1704636186 3
1704636194 9
1704636202 0
1704636210 7
1704636218 7
1704636226 3
1704636234 1
1704636242 3
1704636250 1
1704636258 2
1704636266 7
1704636274 4
1704636282 2
1704636290 15
1704636298 4
1704636306 7
1704636314 1
1704636322 2
1704636330 5
1704636338 2
1704636346 0
1704636354 1
1704636362 1
1704636370 1
1704636378 2
1704636386 0
1704636394 4
1704636402 2
1704636410 8
1704636418 2
1704636426 2
1704636434 2
1704636442 2
1704636450 2
1704636458 4
1704636466 4
1704636474 3
1704636482 2
1704636490 4
1704636498 1
1704636506 4
1704636514 2
1704636522 0
1704636530 1
1704636538 3
1704636546 6
1704636554 2
1704636562 2
1704636570 3
1704636578 3
1704636586 4
1704636594 5
1704636602 2
1704636610 1
1704636618 2
1704636626 4
1704636634 3
1704636642 3
1704636650 3
1704636658 5
1704636666 0
1704636674 1
1704636682 5
1704636690 8
1704636698 5
1704636706 2



# Sketch: 9
1704636114 2
1704636122 2
1704636130 8
1704636138 4
1704636146 1
1704636154 2
1704636162 3
1704636170 1
1704636178 2
1704636186 6
1704636194 6
1704636202 5
1704636210 3
1704636218 1
1704636226 4
1704636234 2
1704636242 2
1704636250 3
1704636258 1
1704636266 3
1704636274 3
1704636282 5
1704636290 3
1704636298 0
1704636306 4
1704636314 2
1704636322 5
1704636330 4
1704636338 1
1704636346 1
1704636354 0
1704636362 0
1704636370 4
1704636378 4
1704636386 4
1704636394 6
1704636402 7
1704636410 1
1704636418 5
1704636426 4
1704636434 8
1704636442 9
1704636450 1
1704636458 0
1704636466 4
1704636474 5
1704636482 2
1704636490 5
1704636498 6
1704636506 5
1704636514 1
1704636522 2
1704636530 5
1704636538 9
1704636546 3
1704636554 1
1704636562 5
1704636570 4
1704636578 1
1704636586 3
1704636594 3
1704636602 4
1704636610 1
1704636618 4
1704636626 0
1704636634 5
1704636642 1
1704636650 3
1704636658 2
1704636666 5
1704636674 4
1704636682 3
1704636690 6
1704636698 4
1704636706 7



# Sketch: 10
1704636114 5
1704636122 1
1704636130 3
1704636138 1
1704636146 4
1704636154 3
1704636162 9
1704636170 2
1704636178 6
1704636186 9
1704636194 10
1704636202 7
1704636210 13
1704636218 11
1704636226 1
1704636234 9
1704636242 4
1704636250 4
1704636258 0
1704636266 5
1704636274 6
1704636282 6
1704636290 6
1704636298 7
1704636306 9
1704636314 9
1704636322 8
1704636330 11
1704636338 4
1704636346 1
1704636354 6
1704636362 1
1704636370 1
1704636378 4
1704636386 2
1704636394 0
1704636402 7
1704636410 3
1704636418 5
1704636426 14
1704636434 7
1704636442 6
1704636450 11
1704636458 11
1704636466 1
1704636474 9
1704636482 2
1704636490 2
1704636498 5
1704636506 1
1704636514 0
1704636522 3
1704636530 5
1704636538 8
1704636546 8
1704636554 2
1704636562 5
1704636570 9
1704636578 4
1704636586 1
1704636594 9
1704636602 6
1704636610 5
1704636618 5
1704636626 6
1704636634 0
1704636642 3
1704636650 5
1704636658 12
1704636666 7
1704636674 4
1704636682 6
1704636690 31
1704636698 12
1704636706 0



# Sketch: 11
1704636114 8
1704636122 1
1704636130 1
1704636138 9
1704636146 7
1704636154 3
1704636162 5
1704636170 0
1704636178 2
1704636186 1
1704636194 2
1704636202 5
1704636210 4
1704636218 1
1704636226 2
1704636234 3
1704636242 9
1704636250 14
1704636258 1
1704636266 2
1704636274 3
1704636282 2
1704636290 0
1704636298 8
1704636306 17
1704636314 6
1704636322 8
1704636330 4
1704636338 6
1704636346 6
1704636354 4
1704636362 4
1704636370 3
1704636378 9
1704636386 10
1704636394 2
1704636402 1
1704636410 2
1704636418 4
1704636426 3
1704636434 3
1704636442 2
1704636450 6
1704636458 4
1704636466 0
1704636474 3
1704636482 3
1704636490 5
1704636498 9
1704636506 4
1704636514 3
1704636522 1
1704636530 1
1704636538 4
1704636546 8
1704636554 2
1704636562 3
1704636570 7
1704636578 5
1704636586 2
1704636594 15
1704636602 4
1704636610 3
1704636618 7
1704636626 9
1704636634 1
1704636642 1
1704636650 2
1704636658 2
1704636666 4
1704636674 2
1704636682 5
1704636690 8
1704636698 1
1704636706 9



# Sketch: 12
1704636114 5
1704636122 4
1704636130 8
1704636138 3
1704636146 8
1704636154 2
1704636162 4
1704636170 1
1704636178 5
1704636186 10
1704636194 2
1704636202 1
1704636210 1
1704636218 1
1704636226 1
1704636234 13
1704636242 12
1704636250 4
1704636258 7
1704636266 3
1704636274 25
1704636282 3
1704636290 4
1704636298 1
1704636306 0
1704636314 3
1704636322 1
1704636330 4
1704636338 1
1704636346 3
1704636354 4
1704636362 0
1704636370 4
1704636378 2
1704636386 1
1704636394 4
1704636402 4
1704636410 14
1704636418 10
1704636426 8
1704636434 1
1704636442 5
1704636450 3
1704636458 7
1704636466 3
1704636474 6
1704636482 5
1704636490 8
1704636498 2
1704636506 2
1704636514 5
1704636522 5
1704636530 7
1704636538 4
1704636546 6
1704636554 9
1704636562 2
1704636570 1
1704636578 14
1704636586 4
1704636594 8
1704636602 2
1704636610 5
1704636618 4
1704636626 2
1704636634 0
1704636642 1
1704636650 1
1704636658 1
1704636666 1
1704636674 1
1704636682 8
1704636690 0
1704636698 9
1704636706 5



# Sketch: 13
1704636114 5
1704636122 3
1704636130 1
1704636138 6
1704636146 0
1704636154 5
1704636162 2
1704636170 1
1704636178 1
1704636186 9
1704636194 24
1704636202 15
1704636210 2
1704636218 4
1704636226 2
1704636234 4
1704636242 3
1704636250 2
1704636258 5
1704636266 6
1704636274 2
1704636282 5
1704636290 8
1704636298 4
1704636306 5
1704636314 4
1704636322 5
1704636330 0
1704636338 4
1704636346 5
1704636354 9
1704636362 4
1704636370 4
1704636378 8
1704636386 8
1704636394 6
1704636402 2
1704636410 3
1704636418 4
1704636426 2
1704636434 4
1704636442 4
1704636450 8
1704636458 2
1704636466 2
1704636474 5
1704636482 20
1704636490 1
1704636498 1
1704636506 1
1704636514 6
1704636522 5
1704636530 1
1704636538 3
1704636546 6
1704636554 4
1704636562 1
1704636570 6
1704636578 14
1704636586 4
1704636594 10
1704636602 6
1704636610 8
1704636618 24
1704636626 8
1704636634 3
1704636642 3
1704636650 6
1704636658 6
1704636666 7
1704636674 1
1704636682 3
1704636690 8
1704636698 9
1704636706 3



# Sketch: 14
1704636114 14
1704636122 4
1704636130 6
1704636138 8
1704636146 6
1704636154 5
1704636162 5
1704636170 0
1704636178 2
1704636186 4
1704636194 1
1704636202 5
1704636210 3
1704636218 3
1704636226 1
1704636234 5
1704636242 5
1704636250 3
1704636258 12
1704636266 2
1704636274 13
1704636282 7
1704636290 3
1704636298 4
1704636306 7
1704636314 4
1704636322 5
1704636330 15
1704636338 9
1704636346 2
1704636354 6
1704636362 6
1704636370 5
1704636378 5
1704636386 4
1704636394 5
1704636402 3
1704636410 3
1704636418 3
1704636426 3
1704636434 2
1704636442 7
1704636450 7
1704636458 4
1704636466 6
1704636474 4
1704636482 6
1704636490 6
1704636498 2
1704636506 3
1704636514 1
1704636522 3
1704636530 1
1704636538 5
1704636546 7
1704636554 6
1704636562 4
1704636570 6
1704636578 4
1704636586 1
1704636594 2
1704636602 5
1704636610 6
1704636618 6
1704636626 4
1704636634 2
1704636642 3
1704636650 4
1704636658 5
1704636666 4
1704636674 2
1704636682 7
1704636690 4
1704636698 3
1704636706 6



# Sketch: 15
1704636114 4
1704636122 8
1704636130 7
1704636138 4
1704636146 2
1704636154 2
1704636162 14
1704636170 2
1704636178 1
1704636186 0
1704636194 1
1704636202 2
1704636210 3
1704636218 1
1704636226 0
1704636234 10
1704636242 2
1704636250 6
1704636258 5
1704636266 3
1704636274 7
1704636282 12
1704636290 4
1704636298 5
1704636306 7
1704636314 2
1704636322 1
1704636330 9
1704636338 7
1704636346 9
1704636354 11
1704636362 2
1704636370 6
1704636378 8
1704636386 8
1704636394 5
1704636402 6
1704636410 3
1704636418 3
1704636426 2
1704636434 3
1704636442 4
1704636450 1
1704636458 3
1704636466 5
1704636474 7
1704636482 4
1704636490 8
1704636498 4
1704636506 4
1704636514 2
1704636522 9
1704636530 0
1704636538 9
1704636546 1
1704636554 9
1704636562 3
1704636570 13
1704636578 4
1704636586 1
1704636594 5
1704636602 2
1704636610 8
1704636618 8
1704636626 2
1704636634 2
1704636642 4
1704636650 2
1704636658 4
1704636666 4
1704636674 2
1704636682 3
1704636690 1
1704636698 6
1704636706 1



# Sketch: 16
1704636114 2
1704636122 2
1704636130 7
1704636138 3
1704636146 4
1704636154 1
1704636162 1
1704636170 8
1704636178 2
1704636186 3
1704636194 1
1704636202 2
1704636210 1
1704636218 0
1704636226 6
1704636234 9
1704636242 2
1704636250 1
1704636258 4
1704636266 7
1704636274 6
1704636282 3
1704636290 1
1704636298 6
1704636306 3
1704636314 3
1704636322 2
1704636330 3
1704636338 3
1704636346 1
1704636354 3
1704636362 1
1704636370 0
1704636378 10
1704636386 5
1704636394 2
1704636402 5
1704636410 6
1704636418 9
1704636426 2
1704636434 0
1704636442 4
1704636450 2
1704636458 2
1704636466 2
1704636474 2
1704636482 0
1704636490 4
1704636498 2
1704636506 3
1704636514 2
1704636522 4
1704636530 6
1704636538 4
1704636546 3
1704636554 0
1704636562 6
1704636570 7
1704636578 4
1704636586 1
1704636594 1
1704636602 6
1704636610 1
1704636618 5
1704636626 2
1704636634 1
1704636642 1
1704636650 3
1704636658 8
1704636666 4
1704636674 2
1704636682 3
1704636690 3
1704636698 4
1704636706 7



# Sketch: 17
1704636114 3
1704636122 5
1704636130 3
1704636138 8
1704636146 4
1704636154 6
1704636162 14
1704636170 8
1704636178 6
1704636186 5
1704636194 3
1704636202 4
1704636210 5
1704636218 2
1704636226 2
1704636234 4
1704636242 4
1704636250 3
1704636258 4
1704636266 8
1704636274 9
1704636282 5
1704636290 0
1704636298 3
1704636306 2
1704636314 4
1704636322 0
1704636330 10
1704636338 2
1704636346 5
1704636354 6
1704636362 2
1704636370 3
1704636378 1
1704636386 2
1704636394 5
1704636402 1
1704636410 1
1704636418 4
1704636426 2
1704636434 14
1704636442 3
1704636450 3
1704636458 4
1704636466 5
1704636474 13
1704636482 2
1704636490 4
1704636498 0
1704636506 0
1704636514 2
1704636522 5
1704636530 5
1704636538 14
1704636546 3
1704636554 4
1704636562 0
1704636570 4
1704636578 4
1704636586 1
1704636594 10
1704636602 9
1704636610 0
1704636618 0
1704636626 1
1704636634 10
1704636642 5
1704636650 1
1704636658 3
1704636666 7
1704636674 10
1704636682 8
1704636690 1
1704636698 0
1704636706 6



# Sketch: 18
1704636114 7
1704636122 2
1704636130 1
1704636138 5
1704636146 1
1704636154 2
1704636162 0
1704636170 2
1704636178 5
1704636186 2
1704636194 9
1704636202 2
1704636210 3
1704636218 1
1704636226 4
1704636234 9
1704636242 2
1704636250 3
1704636258 7
1704636266 7
1704636274 5
1704636282 5
1704636290 2
1704636298 4
1704636306 7
1704636314 6
1704636322 3
1704636330 5
1704636338 5
1704636346 6
1704636354 3
1704636362 0
1704636370 4
1704636378 5
1704636386 2
1704636394 4
1704636402 1
1704636410 2
1704636418 6
1704636426 2
1704636434 4
1704636442 9
1704636450 2
1704636458 2
1704636466 5
1704636474 4
1704636482 2
1704636490 10
1704636498 5
1704636506 8
1704636514 5
1704636522 4
1704636530 0
1704636538 10
1704636546 6
1704636554 1
1704636562 0
1704636570 4
1704636578 4
1704636586 4
1704636594 4
1704636602 5
1704636610 11
1704636618 3
1704636626 5
1704636634 3
1704636642 0
1704636650 2
1704636658 7
1704636666 6
1704636674 3
1704636682 2
1704636690 0
1704636698 3
1704636706 3



# Sketch: 19
1704636114 2
1704636122 6
1704636130 1
1704636138 2
1704636146 1
1704636154 3
1704636162 3
1704636170 4
1704636178 5
1704636186 1
1704636194 5
1704636202 10
1704636210 7
1704636218 7
1704636226 2
1704636234 2
1704636242 2
1704636250 6
1704636258 1
1704636266 13
1704636274 7
1704636282 11
1704636290 3
1704636298 2
1704636306 12
1704636314 10
1704636322 1
1704636330 5
1704636338 3
1704636346 4
1704636354 9
1704636362 4
1704636370 13
1704636378 3
1704636386 6
1704636394 3
1704636402 1
1704636410 9
1704636418 9
1704636426 2
1704636434 1
1704636442 4
1704636450 1
1704636458 1
1704636466 2
1704636474 5
1704636482 6
1704636490 3
1704636498 3
1704636506 4
1704636514 7
1704636522 3
1704636530 0
1704636538 6
1704636546 5
1704636554 1
1704636562 4
1704636570 6
1704636578 3
1704636586 2
1704636594 3
1704636602 5
1704636610 3
1704636618 4
1704636626 2
1704636634 1
1704636642 0
1704636650 3
1704636658 5
1704636666 6
1704636674 5
1704636682 2
1704636690 2
1704636698 6
1704636706 6



# Sketch: 20
1704636114 3
1704636122 1
1704636130 5
1704636138 4
1704636146 3
1704636154 2
1704636162 1
1704636170 5
1704636178 4
1704636186 5
1704636194 1
1704636202 5
1704636210 3
1704636218 12
1704636226 3
1704636234 4
1704636242 2
1704636250 10
1704636258 4
1704636266 2
1704636274 4
1704636282 4
1704636290 4
1704636298 4
1704636306 7
1704636314 1
1704636322 4
1704636330 3
1704636338 2
1704636346 8
1704636354 2
1704636362 4
1704636370 2
1704636378 1
1704636386 4
1704636394 2
1704636402 3
1704636410 3
1704636418 1
1704636426 5
1704636434 1
1704636442 5
1704636450 5
1704636458 9
1704636466 3
1704636474 6
1704636482 3
1704636490 3
1704636498 1
1704636506 1
1704636514 0
1704636522 2
1704636530 3
1704636538 4
1704636546 4
1704636554 3
1704636562 2
1704636570 5
1704636578 1
1704636586 1
1704636594 2
1704636602 1
1704636610 8
1704636618 2
1704636626 4
1704636634 5
1704636642 3
1704636650 3
1704636658 0
1704636666 2
1704636674 1
1704636682 4
1704636690 4
1704636698 1
1704636706 5



# Sketch: 21
1704636114 1
1704636122 5
1704636130 4
1704636138 3
1704636146 1
1704636154 1
1704636162 1
1704636170 4
1704636178 5
1704636186 7
1704636194 2
1704636202 7
1704636210 6
1704636218 14
1704636226 5
1704636234 4
1704636242 2
1704636250 10
1704636258 6
1704636266 2
1704636274 6
1704636282 5
1704636290 2
1704636298 3
1704636306 16
1704636314 6
1704636322 5
1704636330 3
1704636338 3
1704636346 1
1704636354 5
1704636362 0
1704636370 2
1704636378 3
1704636386 2
1704636394 4
1704636402 1
1704636410 1
1704636418 7
1704636426 3
1704636434 1
1704636442 5
1704636450 2
1704636458 6
1704636466 7
1704636474 3
1704636482 7
1704636490 4
1704636498 1
1704636506 10
1704636514 5
1704636522 4
1704636530 10
1704636538 12
1704636546 3
1704636554 4
1704636562 3
1704636570 8
1704636578 2
1704636586 3
1704636594 5
1704636602 5
1704636610 3
1704636618 7
1704636626 6
1704636634 4
1704636642 1
1704636650 2
1704636658 8
1704636666 2
1704636674 1
1704636682 7
1704636690 1
1704636698 2
1704636706 7



# Sketch: 22
1704636114 5
1704636122 10
1704636130 5
1704636138 12
1704636146 3
1704636154 4
1704636162 3
1704636170 7
1704636178 3
1704636186 7
1704636194 9
1704636202 6
1704636210 6
1704636218 4
1704636226 9
1704636234 5
1704636242 6
1704636250 2
1704636258 7
1704636266 4
1704636274 6
1704636282 3
1704636290 14
1704636298 4
1704636306 11
1704636314 13
1704636322 4
1704636330 3
1704636338 2
1704636346 12
1704636354 14
1704636362 4
1704636370 6
1704636378 4
1704636386 4
1704636394 6
1704636402 7
1704636410 5
1704636418 2
1704636426 2
1704636434 4
1704636442 2
1704636450 2
1704636458 5
1704636466 2
1704636474 5
1704636482 2
1704636490 3
1704636498 4
1704636506 6
1704636514 32
1704636522 4
1704636530 8
1704636538 1
1704636546 1
1704636554 4
1704636562 4
1704636570 1
1704636578 3
1704636586 6
1704636594 3
1704636602 3
1704636610 3
1704636618 5
1704636626 4
1704636634 2
1704636642 4
1704636650 8
1704636658 4
1704636666 8
1704636674 3
1704636682 8
1704636690 29
1704636698 1
1704636706 4



# Sketch: 23
1704636114 3
1704636122 1
1704636130 2
1704636138 5
1704636146 5
1704636154 6
1704636162 1
1704636170 2
1704636178 5
1704636186 4
1704636194 10
1704636202 8
1704636210 4
1704636218 2
1704636226 1
1704636234 5
1704636242 6
1704636250 17
1704636258 5
1704636266 5
1704636274 7
1704636282 3
1704636290 4
1704636298 1
1704636306 8
1704636314 3
1704636322 6
1704636330 3
1704636338 8
1704636346 5
1704636354 8
1704636362 0
1704636370 1
1704636378 5
1704636386 3
1704636394 12
1704636402 1
1704636410 3
1704636418 2
1704636426 6
1704636434 15
1704636442 9
1704636450 0
1704636458 2
1704636466 1
1704636474 3
1704636482 6
1704636490 6
1704636498 3
1704636506 3
1704636514 3
1704636522 5
1704636530 8
1704636538 9
1704636546 1
1704636554 5
1704636562 2
1704636570 1
1704636578 11
1704636586 4
1704636594 7
1704636602 6
1704636610 1
1704636618 6
1704636626 3
1704636634 2
1704636642 2
1704636650 8
1704636658 4
1704636666 1
1704636674 0
1704636682 3
1704636690 4
1704636698 1
1704636706 0



# Sketch: 24
1704636114 10
1704636122 5
1704636130 5
1704636138 19
1704636146 14
1704636154 3
1704636162 11
1704636170 8
1704636178 7
1704636186 13
1704636194 26
1704636202 12
1704636210 3
1704636218 6
1704636226 3
1704636234 11
1704636242 5
1704636250 2
1704636258 2
1704636266 5
1704636274 6
1704636282 11
1704636290 7
1704636298 8
1704636306 14
1704636314 3
1704636322 4
1704636330 7
1704636338 7
1704636346 1
1704636354 8
1704636362 7
1704636370 5
1704636378 2
1704636386 8
1704636394 5
1704636402 3
1704636410 4
1704636418 4
1704636426 7
1704636434 2
1704636442 5
1704636450 0
1704636458 10
1704636466 1
1704636474 1
1704636482 9
1704636490 3
1704636498 4
1704636506 3
1704636514 11
1704636522 13
1704636530 2
1704636538 5
1704636546 8
1704636554 17
1704636562 3
1704636570 4
1704636578 7
1704636586 1
1704636594 8
1704636602 12
1704636610 4
1704636618 4
1704636626 12
1704636634 2
1704636642 7
1704636650 29
1704636658 4
1704636666 10
1704636674 1
1704636682 7
1704636690 8
1704636698 4
1704636706 8



# Sketch: 25
1704636114 6
1704636122 8
1704636130 5
1704636138 7
1704636146 5
1704636154 4
1704636162 2
1704636170 6
1704636178 2
1704636186 5
1704636194 1
1704636202 1
1704636210 3
1704636218 2
1704636226 0
1704636234 0
1704636242 4
1704636250 12
1704636258 7
1704636266 7
1704636274 14
1704636282 6
1704636290 5
1704636298 4
1704636306 2
1704636314 5
1704636322 13
1704636330 4
1704636338 6
1704636346 12
1704636354 1
1704636362 4
1704636370 7
1704636378 7
1704636386 5
1704636394 3
1704636402 0
1704636410 0
1704636418 1
1704636426 0
1704636434 5
1704636442 0
1704636450 6
1704636458 3
1704636466 3
1704636474 3
1704636482 7
1704636490 1
1704636498 3
1704636506 8
1704636514 5
1704636522 8
1704636530 4
1704636538 10
1704636546 9
1704636554 3
1704636562 0
1704636570 13
1704636578 2
1704636586 2
1704636594 3
1704636602 4
1704636610 5
1704636618 4
1704636626 2
1704636634 3
1704636642 5
1704636650 0
1704636658 1
1704636666 4
1704636674 4
1704636682 6
1704636690 2
1704636698 2
1704636706 1



# Sketch: 26
1704636114 3
1704636122 4
1704636130 4
1704636138 5
1704636146 5
1704636154 4
1704636162 4
1704636170 1
1704636178 6
1704636186 3
1704636194 7
1704636202 0
1704636210 9
1704636218 3
1704636226 10
1704636234 5
1704636242 9
1704636250 7
1704636258 11
1704636266 2
1704636274 6
1704636282 5
1704636290 3
1704636298 2
1704636306 1
1704636314 1
1704636322 5
1704636330 3
1704636338 5
1704636346 1
1704636354 2
1704636362 4
1704636370 4
1704636378 11
1704636386 4
1704636394 4
1704636402 2
1704636410 2
1704636418 4
1704636426 5
1704636434 2
1704636442 6
1704636450 3
1704636458 3
1704636466 3
1704636474 3
1704636482 5
1704636490 8
1704636498 7
1704636506 5
1704636514 4
1704636522 1
1704636530 3
1704636538 4
1704636546 3
1704636554 2
1704636562 4
1704636570 2
1704636578 6
1704636586 0
1704636594 3
1704636602 9
1704636610 5
1704636618 6
1704636626 4
1704636634 3
1704636642 4
1704636650 5
1704636658 4
1704636666 2
1704636674 5
1704636682 3
1704636690 6
1704636698 6
1704636706 3



# Sketch: 27
1704636114 5
1704636122 4
1704636130 4
1704636138 7
1704636146 6
1704636154 2
1704636162 6
1704636170 0
1704636178 2
1704636186 3
1704636194 3
1704636202 3
1704636210 2
1704636218 2
1704636226 7
1704636234 10
1704636242 5
1704636250 5
1704636258 6
1704636266 2
1704636274 12
1704636282 5
1704636290 0
1704636298 6
1704636306 9
1704636314 8
1704636322 4
1704636330 3
1704636338 4
1704636346 1
1704636354 5
1704636362 3
1704636370 13
1704636378 2
1704636386 6
1704636394 0
1704636402 4
1704636410 7
1704636418 8
1704636426 1
1704636434 6
1704636442 5
1704636450 6
1704636458 7
1704636466 2
1704636474 6
1704636482 6
1704636490 5
1704636498 4
1704636506 13
1704636514 3
1704636522 3
1704636530 2
1704636538 10
1704636546 6
1704636554 5
1704636562 3
1704636570 7
1704636578 4
1704636586 2
1704636594 5
1704636602 5
1704636610 5
1704636618 2
1704636626 5
1704636634 4
1704636642 1
1704636650 3
1704636658 7
1704636666 3
1704636674 1
1704636682 0
1704636690 4
1704636698 2
1704636706 2



# Sketch: 28
1704636114 4
1704636122 2
1704636130 3
1704636138 4
1704636146 1
1704636154 2
1704636162 2
1704636170 5
1704636178 1
1704636186 1
1704636194 3
1704636202 7
1704636210 6
1704636218 0
1704636226 5
1704636234 3
1704636242 7
1704636250 1
1704636258 3
1704636266 6
1704636274 5
1704636282 3
1704636290 4
1704636298 3
1704636306 7
1704636314 1
1704636322 1
1704636330 6
1704636338 3
1704636346 0
1704636354 3
1704636362 1
1704636370 3
1704636378 1
1704636386 0
1704636394 5
1704636402 6
1704636410 5
1704636418 4
1704636426 1
1704636434 2
1704636442 2
1704636450 5
1704636458 3
1704636466 0
1704636474 1
1704636482 1
1704636490 3
1704636498 0
1704636506 2
1704636514 3
1704636522 5
1704636530 2
1704636538 9
1704636546 8
1704636554 2
1704636562 3
1704636570 12
1704636578 3
1704636586 11
1704636594 2
1704636602 1
1704636610 2
1704636618 0
1704636626 2
1704636634 2
1704636642 1
1704636650 1
1704636658 5
1704636666 2
1704636674 2
1704636682 2
1704636690 4
1704636698 1
1704636706 2



# Sketch: 29
1704636114 4
1704636122 29
1704636130 2
1704636138 4
1704636146 4
1704636154 1
1704636162 6
1704636170 3
1704636178 5
1704636186 4
1704636194 1
1704636202 5
1704636210 2
1704636218 0
1704636226 2
1704636234 2
1704636242 1
1704636250 2
1704636258 2
1704636266 1
1704636274 4
1704636282 6
1704636290 3
1704636298 2
1704636306 5
1704636314 2
1704636322 4
1704636330 2
1704636338 7
1704636346 5
1704636354 13
1704636362 10
1704636370 5
1704636378 6
1704636386 14
1704636394 2
1704636402 5
1704636410 5
1704636418 1
1704636426 3
1704636434 7
1704636442 4
1704636450 3
1704636458 3
1704636466 3
1704636474 5
1704636482 4
1704636490 3
1704636498 1
1704636506 2
1704636514 24
1704636522 2
1704636530 3
1704636538 7
1704636546 1
1704636554 4
1704636562 5
1704636570 4
1704636578 1
1704636586 0
1704636594 10
1704636602 2
1704636610 5
1704636618 6
1704636626 2
1704636634 4
1704636642 6
1704636650 3
1704636658 2
1704636666 3
1704636674 0
1704636682 5
1704636690 12
1704636698 0
1704636706 5



# Sketch: 30
1704636114 4
1704636122 5
1704636130 5
1704636138 10
1704636146 3
1704636154 11
1704636162 4
1704636170 3
1704636178 3
1704636186 2
1704636194 6
1704636202 3
1704636210 2
1704636218 4
1704636226 2
1704636234 1
1704636242 8
1704636250 7
1704636258 4
1704636266 6
1704636274 6
1704636282 1
1704636290 2
1704636298 9
1704636306 5
1704636314 5
1704636322 1
1704636330 5
1704636338 6
1704636346 1
1704636354 7
1704636362 3
1704636370 1
1704636378 7
1704636386 2
1704636394 9
1704636402 2
1704636410 2
1704636418 4
1704636426 1
1704636434 3
1704636442 3
1704636450 5
1704636458 17
1704636466 1
1704636474 3
1704636482 3
1704636490 2
1704636498 4
1704636506 9
1704636514 5
1704636522 10
1704636530 2
1704636538 13
1704636546 1
1704636554 4
1704636562 2
1704636570 1
1704636578 5
1704636586 1
1704636594 2
1704636602 2
1704636610 4
1704636618 7
1704636626 5
1704636634 5
1704636642 2
1704636650 2
1704636658 3
1704636666 2
1704636674 3
1704636682 4
1704636690 1
1704636698 4
1704636706 7



# Sketch: 31
1704636114 3
1704636122 3
1704636130 3
1704636138 5
1704636146 6
1704636154 6
1704636162 3
1704636170 11
1704636178 2
1704636186 5
1704636194 4
1704636202 0
1704636210 0
1704636218 2
1704636226 6
1704636234 4
1704636242 4
1704636250 1
1704636258 1
1704636266 10
1704636274 16
1704636282 2
1704636290 1
1704636298 3
1704636306 3
1704636314 2
1704636322 8
1704636330 4
1704636338 1
1704636346 3
1704636354 6
1704636362 4
1704636370 1
1704636378 6
1704636386 0
1704636394 7
1704636402 5
1704636410 2
1704636418 5
1704636426 3
1704636434 3
1704636442 6
1704636450 6
1704636458 3
1704636466 9
1704636474 6
1704636482 4
1704636490 1
1704636498 6
1704636506 4
1704636514 3
1704636522 5
1704636530 0
1704636538 6
1704636546 0
1704636554 10
1704636562 4
1704636570 5
1704636578 2
1704636586 4
1704636594 4
1704636602 5
1704636610 6
1704636618 15
1704636626 0
1704636634 1
1704636642 2
1704636650 8
1704636658 4
1704636666 2
1704636674 2
1704636682 3
1704636690 2
1704636698 1
1704636706 1

