

# Sketch: 0
1704636114 2
1704636130 7
1704636146 6
1704636162 18
1704636178 9
1704636194 0
1704636210 5
1704636226 3
1704636242 2
1704636258 3
1704636274 11
1704636290 8
1704636306 5
1704636322 12
1704636338 5
1704636354 8
1704636370 11
1704636386 6
1704636402 5
1704636418 9
1704636434 10
1704636450 16
1704636466 3
1704636482 8
1704636498 2
1704636514 18
1704636530 3
1704636546 6
1704636562 13
1704636578 9
1704636594 19
1704636610 4
1704636626 8
1704636642 3
1704636658 9
1704636674 5
1704636690 6
1704636706 1



# Sketch: 1
1704636114 10
1704636130 9
1704636146 14
1704636162 1
1704636178 5
1704636194 13
1704636210 10
1704636226 7
1704636242 6
1704636258 16
1704636274 5
1704636290 12
1704636306 18
1704636322 9
1704636338 9
1704636354 8
1704636370 13
1704636386 8
1704636402 15
1704636418 9
1704636434 3
1704636450 8
1704636466 9
1704636482 8
1704636498 9
1704636514 5
1704636530 17
1704636546 6
1704636562 10
1704636578 11
1704636594 5
1704636610 12
1704636626 5
1704636642 5
1704636658 1
1704636674 5
1704636690 10
1704636706 3



# Sketch: 2
1704636114 3
1704636130 6
1704636146 4
1704636162 19
1704636178 4
1704636194 14
1704636210 5
1704636226 13
1704636242 10
1704636258 6
1704636274 7
1704636290 13
1704636306 12
1704636322 8
1704636338 6
1704636354 2
1704636370 4
1704636386 6
1704636402 14
1704636418 9
1704636434 5
1704636450 11
1704636466 11
1704636482 6
1704636498 3
1704636514 9
1704636530 5
1704636546 3
1704636562 3
1704636578 3
1704636594 7
1704636610 4
1704636626 6
1704636642 1
1704636658 2
1704636674 6
1704636690 2
1704636706 1



# Sketch: 3
1704636114 10
1704636130 9
1704636146 9
1704636162 14
1704636178 10
1704636194 10
1704636210 7
1704636226 17
1704636242 32
1704636258 16
1704636274 15
1704636290 9
1704636306 7
1704636322 4
1704636338 5
1704636354 14
1704636370 13
1704636386 11
1704636402 4
1704636418 5
1704636434 5
1704636450 12
1704636466 9
1704636482 11
1704636498 13
1704636514 11
1704636530 7
1704636546 8
1704636562 7
1704636578 7
1704636594 7
1704636610 14
1704636626 6
1704636642 3
1704636658 13
1704636674 7
1704636690 4
1704636706 9



# Sketch: 4
1704636114 18
1704636130 7
1704636146 16
1704636162 19
1704636178 3
1704636194 8
1704636210 5
1704636226 4
1704636242 1
1704636258 6
1704636274 9
1704636290 18
1704636306 7
1704636322 16
1704636338 13
1704636354 3
1704636370 6
1704636386 8
1704636402 9
1704636418 6
1704636434 22
1704636450 9
1704636466 6
1704636482 5
1704636498 6
1704636514 6
1704636530 9
1704636546 7
1704636562 12
1704636578 1
1704636594 6
1704636610 10
1704636626 2
1704636642 4
1704636658 13
1704636674 6
1704636690 15
1704636706 4



# Sketch: 5
1704636114 5
1704636130 15
1704636146 7
1704636162 14
1704636178 5
1704636194 11
1704636210 18
1704636226 3
1704636242 5
1704636258 16
1704636274 13
1704636290 9
1704636306 20
1704636322 9
1704636338 8
1704636354 6
1704636370 11
1704636386 10
1704636402 7
1704636418 8
1704636434 21
1704636450 5
1704636466 5
1704636482 5
1704636498 7
1704636514 6
1704636530 10
1704636546 15
1704636562 8
1704636578 3
1704636594 7
1704636610 9
1704636626 9
1704636642 6
1704636658 10
1704636674 4
1704636690 6
1704636706 9



# Sketch: 6
1704636114 5
1704636130 11
1704636146 6
1704636162 6
1704636178 7
1704636194 15
1704636210 3
1704636226 6
1704636242 6
1704636258 10
1704636274 9
1704636290 12
1704636306 19
1704636322 20
1704636338 8
1704636354 3
1704636370 9
1704636386 9
1704636402 4
1704636418 5
1704636434 7
1704636450 6
1704636466 7
1704636482 4
1704636498 6
1704636514 8
1704636530 8
1704636546 9
1704636562 3
1704636578 28
1704636594 12
1704636610 12
1704636626 12
1704636642 8
1704636658 6
1704636674 4
1704636690 7
1704636706 3



# Sketch: 7
1704636114 31
1704636130 6
1704636146 3
1704636162 0
1704636178 19
1704636194 7
1704636210 8
1704636226 9
1704636242 7
1704636258 12
1704636274 14
1704636290 2
1704636306 1
1704636322 4
1704636338 9
1704636354 7
1704636370 13
1704636386 5
1704636402 12
1704636418 12
1704636434 8
1704636450 8
1704636466 8
1704636482 9
1704636498 5
1704636514 9
1704636530 19
1704636546 2
1704636562 4
1704636578 2
1704636594 13
1704636610 1
1704636626 6
1704636642 11
1704636658 6
1704636674 4
1704636690 1
1704636706 4



# Sketch: 8
1704636114 7
1704636130 9
1704636146 6
1704636162 4
1704636178 17
1704636194 10
1704636210 6
1704636226 12
1704636242 6
1704636258 11
1704636274 16
1704636290 9
1704636306 4
1704636322 16
1704636338 5
1704636354 8
1704636370 7
1704636386 12
1704636402 4
1704636418 5
1704636434 8
1704636450 4
1704636466 10
1704636482 8
1704636498 6
1704636514 4
1704636530 16
1704636546 9
1704636562 2
1704636578 2
1704636594 7
1704636610 23
1704636626 7
1704636642 14
1704636658 11
1704636674 11
1704636690 8
1704636706 4



# Sketch: 9
1704636114 13
1704636130 5
1704636146 5
1704636162 9
1704636178 7
1704636194 8
1704636210 4
1704636226 8
1704636242 3
1704636258 7
1704636274 11
1704636290 8
1704636306 8
1704636322 3
1704636338 2
1704636354 3
1704636370 6
1704636386 3
1704636402 3
1704636418 4
1704636434 6
1704636450 3
1704636466 8
1704636482 9
1704636498 9
1704636514 8
1704636530 5
1704636546 5
1704636562 8
1704636578 3
1704636594 8
1704636610 4
1704636626 4
1704636642 11
1704636658 9
1704636674 10
1704636690 10
1704636706 8



# Sketch: 10
1704636114 15
1704636130 11
1704636146 12
1704636162 9
1704636178 9
1704636194 13
1704636210 8
1704636226 15
1704636242 3
1704636258 5
1704636274 12
1704636290 8
1704636306 5
1704636322 3
1704636338 7
1704636354 13
1704636370 14
1704636386 8
1704636402 18
1704636418 6
1704636434 8
1704636450 6
1704636466 8
1704636482 10
1704636498 7
1704636514 9
1704636530 19
1704636546 6
1704636562 17
1704636578 5
1704636594 6
1704636610 6
1704636626 2
1704636642 4
1704636658 18
1704636674 9
1704636690 8
1704636706 4



# Sketch: 11
1704636114 23
1704636130 11
1704636146 11
1704636162 4
1704636178 6
1704636194 44
1704636210 4
1704636226 5
1704636242 9
1704636258 7
1704636274 7
1704636290 9
1704636306 13
1704636322 9
1704636338 8
1704636354 6
1704636370 3
1704636386 14
1704636402 5
1704636418 10
1704636434 18
1704636450 14
1704636466 6
1704636482 2
1704636498 2
1704636514 4
1704636530 15
1704636546 22
1704636562 5
1704636578 3
1704636594 6
1704636610 12
1704636626 7
1704636642 32
1704636658 16
1704636674 3
1704636690 5
1704636706 6



# Sketch: 12
1704636114 10
1704636130 13
1704636146 6
1704636162 8
1704636178 6
1704636194 6
1704636210 6
1704636226 5
1704636242 9
1704636258 8
1704636274 9
1704636290 7
1704636306 5
1704636322 10
1704636338 11
1704636354 14
1704636370 2
1704636386 17
1704636402 13
1704636418 4
1704636434 8
1704636450 9
1704636466 11
1704636482 11
1704636498 6
1704636514 37
1704636530 6
1704636546 10
1704636562 7
1704636578 4
1704636594 6
1704636610 14
1704636626 5
1704636642 3
1704636658 15
1704636674 5
1704636690 3
1704636706 3



# Sketch: 13
1704636114 10
1704636130 10
1704636146 5
1704636162 14
1704636178 5
1704636194 25
1704636210 7
1704636226 1
1704636242 11
1704636258 13
1704636274 25
1704636290 5
1704636306 14
1704636322 9
1704636338 3
1704636354 7
1704636370 4
1704636386 6
1704636402 19
1704636418 15
1704636434 14
1704636450 9
1704636466 3
1704636482 10
1704636498 7
1704636514 7
1704636530 7
1704636546 8
1704636562 5
1704636578 5
1704636594 17
1704636610 14
1704636626 4
1704636642 1
1704636658 11
1704636674 4
1704636690 10
1704636706 5



# Sketch: 14
1704636114 12
1704636130 3
1704636146 7
1704636162 2
1704636178 5
1704636194 6
1704636210 3
1704636226 7
1704636242 2
1704636258 7
1704636274 15
1704636290 4
1704636306 2
1704636322 11
1704636338 7
1704636354 3
1704636370 2
1704636386 8
1704636402 3
1704636418 4
1704636434 9
1704636450 1
1704636466 7
1704636482 2
1704636498 6
1704636514 2
1704636530 8
1704636546 5
1704636562 9
1704636578 9
1704636594 2
1704636610 3
1704636626 3
1704636642 5
1704636658 5
1704636674 4
1704636690 1
1704636706 7



# Sketch: 15
1704636114 3
1704636130 9
1704636146 6
1704636162 1
1704636178 2
1704636194 4
1704636210 6
1704636226 5
1704636242 10
1704636258 16
1704636274 14
1704636290 9
1704636306 16
1704636322 18
1704636338 9
1704636354 9
1704636370 12
1704636386 5
1704636402 17
1704636418 7
1704636434 4
1704636450 3
1704636466 8
1704636482 17
1704636498 9
1704636514 4
1704636530 3
1704636546 9
1704636562 8
1704636578 13
1704636594 8
1704636610 7
1704636626 9
1704636642 3
1704636658 5
1704636674 1
1704636690 6
1704636706 4



# Sketch: 16
1704636114 13
1704636130 14
1704636146 10
1704636162 1
1704636178 12
1704636194 16
1704636210 8
1704636226 8
1704636242 6
1704636258 6
1704636274 17
1704636290 3
1704636306 3
1704636322 10
1704636338 10
1704636354 8
1704636370 7
1704636386 9
1704636402 5
1704636418 2
1704636434 9
1704636450 3
1704636466 6
1704636482 10
1704636498 6
1704636514 9
1704636530 3
1704636546 5
1704636562 7
1704636578 7
1704636594 6
1704636610 12
1704636626 4
1704636642 13
1704636658 4
1704636674 9
1704636690 4
1704636706 5



# Sketch: 17
1704636114 4
1704636130 11
1704636146 13
1704636162 9
1704636178 8
1704636194 8
1704636210 11
1704636226 1
1704636242 11
1704636258 9
1704636274 10
1704636290 2
1704636306 12
1704636322 18
1704636338 3
1704636354 8
1704636370 7
1704636386 2
1704636402 8
1704636418 6
1704636434 7
1704636450 3
1704636466 7
1704636482 5
1704636498 10
1704636514 9
1704636530 19
1704636546 2
1704636562 6
1704636578 13
1704636594 6
1704636610 5
1704636626 9
1704636642 3
1704636658 5
1704636674 4
1704636690 4
1704636706 2



# Sketch: 18
1704636114 3
1704636130 4
1704636146 3
1704636162 5
1704636178 2
1704636194 4
1704636210 4
1704636226 7
1704636242 10
1704636258 13
1704636274 14
1704636290 14
1704636306 8
1704636322 8
1704636338 1
1704636354 11
1704636370 9
1704636386 9
1704636402 2
1704636418 4
1704636434 9
1704636450 4
1704636466 5
1704636482 11
1704636498 11
1704636514 2
1704636530 5
1704636546 0
1704636562 13
1704636578 4
1704636594 8
1704636610 5
1704636626 13
1704636642 1
1704636658 11
1704636674 13
1704636690 4
1704636706 2



# Sketch: 19
1704636114 11
1704636130 13
1704636146 10
1704636162 3
1704636178 16
1704636194 4
1704636210 7
1704636226 6
1704636242 5
1704636258 8
1704636274 11
1704636290 15
1704636306 11
1704636322 9
1704636338 8
1704636354 5
1704636370 2
1704636386 4
1704636402 5
1704636418 3
1704636434 11
1704636450 11
1704636466 5
1704636482 9
1704636498 4
1704636514 3
1704636530 17
1704636546 7
1704636562 7
1704636578 13
1704636594 10
1704636610 6
1704636626 5
1704636642 6
1704636658 2
1704636674 5
1704636690 39
1704636706 2



# Sketch: 20
1704636114 10
1704636130 4
1704636146 6
1704636162 11
1704636178 5
1704636194 4
1704636210 3
1704636226 19
1704636242 11
1704636258 4
1704636274 12
1704636290 1
1704636306 13
1704636322 6
1704636338 9
1704636354 5
1704636370 13
1704636386 5
1704636402 5
1704636418 3
1704636434 8
1704636450 16
1704636466 3
1704636482 2
1704636498 9
1704636514 23
1704636530 2
1704636546 5
1704636562 3
1704636578 7
1704636594 6
1704636610 4
1704636626 3
1704636642 7
1704636658 9
1704636674 3
1704636690 1
1704636706 2



# Sketch: 21
1704636114 4
1704636130 11
1704636146 6
1704636162 6
1704636178 9
1704636194 3
1704636210 5
1704636226 9
1704636242 15
1704636258 4
1704636274 21
1704636290 7
1704636306 15
1704636322 9
1704636338 11
1704636354 8
1704636370 10
1704636386 10
1704636402 11
1704636418 8
1704636434 3
1704636450 9
1704636466 6
1704636482 9
1704636498 2
1704636514 5
1704636530 9
1704636546 10
1704636562 4
1704636578 11
1704636594 12
1704636610 8
1704636626 6
1704636642 5
1704636658 1
1704636674 11
1704636690 10
1704636706 3



# Sketch: 22
1704636114 6
1704636130 1
1704636146 1
1704636162 7
1704636178 3
1704636194 11
1704636210 2
1704636226 4
1704636242 6
1704636258 6
1704636274 2
1704636290 14
1704636306 4
1704636322 5
1704636338 8
1704636354 9
1704636370 9
1704636386 7
1704636402 9
1704636418 5
1704636434 5
1704636450 8
1704636466 7
1704636482 5
1704636498 4
1704636514 12
1704636530 17
1704636546 14
1704636562 10
1704636578 2
1704636594 11
1704636610 1
1704636626 6
1704636642 6
1704636658 7
1704636674 8
1704636690 12
1704636706 3



# Sketch: 23
1704636114 8
1704636130 6
1704636146 4
1704636162 3
1704636178 8
1704636194 28
1704636210 12
1704636226 8
1704636242 10
1704636258 10
1704636274 8
1704636290 8
1704636306 13
1704636322 11
1704636338 5
1704636354 5
1704636370 4
1704636386 8
1704636402 2
1704636418 13
1704636434 19
1704636450 14
1704636466 11
1704636482 11
1704636498 11
1704636514 1
1704636530 7
1704636546 11
1704636562 8
1704636578 9
1704636594 19
1704636610 16
1704636626 7
1704636642 7
1704636658 16
1704636674 9
1704636690 17
1704636706 0



# Sketch: 24
1704636114 15
1704636130 13
1704636146 14
1704636162 4
1704636178 14
1704636194 11
1704636210 13
1704636226 5
1704636242 24
1704636258 7
1704636274 12
1704636290 16
1704636306 18
1704636322 13
1704636338 11
1704636354 13
1704636370 29
1704636386 14
1704636402 2
1704636418 14
1704636434 19
1704636450 15
1704636466 5
1704636482 18
1704636498 13
1704636514 5
1704636530 24
1704636546 15
1704636562 11
1704636578 8
1704636594 10
1704636610 10
1704636626 4
1704636642 8
1704636658 18
1704636674 8
1704636690 13
1704636706 5



# Sketch: 25
1704636114 7
1704636130 15
1704636146 7
1704636162 8
1704636178 13
1704636194 23
1704636210 12
1704636226 10
1704636242 7
1704636258 3
1704636274 19
1704636290 4
1704636306 26
1704636322 3
1704636338 10
1704636354 11
1704636370 13
1704636386 11
1704636402 4
1704636418 2
1704636434 6
1704636450 7
1704636466 7
1704636482 10
1704636498 3
1704636514 6
1704636530 7
1704636546 5
1704636562 12
1704636578 3
1704636594 5
1704636610 24
1704636626 5
1704636642 10
1704636658 16
1704636674 10
1704636690 25
1704636706 2



# Sketch: 26
1704636114 6
1704636130 2
1704636146 3
1704636162 20
1704636178 6
1704636194 7
1704636210 3
1704636226 6
1704636242 16
1704636258 11
1704636274 4
1704636290 16
1704636306 15
1704636322 12
1704636338 8
1704636354 8
1704636370 3
1704636386 12
1704636402 7
1704636418 4
1704636434 6
1704636450 9
1704636466 7
1704636482 2
1704636498 8
1704636514 3
1704636530 9
1704636546 6
1704636562 6
1704636578 7
1704636594 12
1704636610 4
1704636626 9
1704636642 6
1704636658 6
1704636674 7
1704636690 15
1704636706 5



# Sketch: 27
1704636114 5
1704636130 4
1704636146 5
1704636162 23
1704636178 15
1704636194 5
1704636210 5
1704636226 12
1704636242 11
1704636258 7
1704636274 9
1704636290 3
1704636306 15
1704636322 7
1704636338 7
1704636354 5
1704636370 14
1704636386 5
1704636402 3
1704636418 3
1704636434 9
1704636450 4
1704636466 3
1704636482 11
1704636498 5
1704636514 6
1704636530 9
1704636546 9
1704636562 9
1704636578 8
1704636594 1
1704636610 12
1704636626 4
1704636642 4
1704636658 5
1704636674 5
1704636690 6
1704636706 1



# Sketch: 28
1704636114 7
1704636130 10
1704636146 5
1704636162 2
1704636178 5
1704636194 8
1704636210 8
1704636226 6
1704636242 8
1704636258 7
1704636274 15
1704636290 3
1704636306 5
1704636322 5
1704636338 6
1704636354 24
1704636370 13
1704636386 15
1704636402 6
1704636418 8
1704636434 10
1704636450 4
1704636466 12
1704636482 8
1704636498 4
1704636514 8
1704636530 6
1704636546 5
1704636562 19
1704636578 7
1704636594 12
1704636610 1
1704636626 11
1704636642 9
1704636658 7
1704636674 10
1704636690 14
1704636706 11



# Sketch: 29
1704636114 12
1704636130 8
1704636146 12
1704636162 5
1704636178 10
1704636194 6
1704636210 3
1704636226 5
1704636242 10
1704636258 7
1704636274 5
1704636290 5
1704636306 6
1704636322 21
1704636338 9
1704636354 11
1704636370 9
1704636386 7
1704636402 10
1704636418 19
1704636434 3
1704636450 11
1704636466 7
1704636482 10
1704636498 12
1704636514 10
1704636530 12
1704636546 4
1704636562 5
1704636578 5
1704636594 15
1704636610 13
1704636626 4
1704636642 11
1704636658 10
1704636674 8
1704636690 5
1704636706 9



# Sketch: 30
1704636114 12
1704636130 9
1704636146 7
1704636162 7
1704636178 2
1704636194 9
1704636210 11
1704636226 10
1704636242 7
1704636258 7
1704636274 9
1704636290 8
1704636306 10
1704636322 2
1704636338 2
1704636354 5
1704636370 7
1704636386 8
1704636402 3
1704636418 7
1704636434 6
1704636450 5
1704636466 6
1704636482 12
1704636498 10
1704636514 10
1704636530 12
1704636546 6
1704636562 12
1704636578 4
1704636594 10
1704636610 13
1704636626 4
1704636642 5
1704636658 2
1704636674 2
1704636690 5
1704636706 6



# Sketch: 31
1704636114 11
1704636130 16
1704636146 8
1704636162 8
1704636178 10
1704636194 8
1704636210 10
1704636226 8
1704636242 13
1704636258 10
1704636274 11
1704636290 4
1704636306 19
1704636322 13
1704636338 6
1704636354 8
1704636370 9
1704636386 12
1704636402 7
1704636418 18
1704636434 11
1704636450 14
1704636466 26
1704636482 12
1704636498 9
1704636514 33
1704636530 3
1704636546 18
1704636562 9
1704636578 18
1704636594 21
1704636610 13
1704636626 17
1704636642 3
1704636658 21
1704636674 11
1704636690 10
1704636706 6

