

# Sketch: 0
1704636114 42
1704636178 41
1704636242 44
1704636306 17
1704636370 39
1704636434 31
1704636498 33
1704636562 30
1704636626 24
1704636690 21



# Sketch: 1
1704636114 23
1704636178 24
1704636242 31
1704636306 21
1704636370 25
1704636434 13
1704636498 30
1704636562 25
1704636626 28
1704636690 10



# Sketch: 2
1704636114 27
1704636178 27
1704636242 26
1704636306 47
1704636370 63
1704636434 59
1704636498 51
1704636562 38
1704636626 52
1704636690 21



# Sketch: 3
1704636114 32
1704636178 23
1704636242 22
1704636306 30
1704636370 43
1704636434 21
1704636498 21
1704636562 31
1704636626 32
1704636690 8



# Sketch: 4
1704636114 21
1704636178 25
1704636242 29
1704636306 41
1704636370 12
1704636434 31
1704636498 14
1704636562 28
1704636626 19
1704636690 2



# Sketch: 5
1704636114 16
1704636178 19
1704636242 31
1704636306 41
1704636370 25
1704636434 34
1704636498 12
1704636562 34
1704636626 31
1704636690 13



# Sketch: 6
1704636114 49
1704636178 31
1704636242 29
1704636306 28
1704636370 25
1704636434 28
1704636498 26
1704636562 24
1704636626 20
1704636690 3



# Sketch: 7
1704636114 29
1704636178 28
1704636242 37
1704636306 32
1704636370 22
1704636434 39
1704636498 17
1704636562 26
1704636626 18
1704636690 11



# Sketch: 8
1704636114 39
1704636178 35
1704636242 38
1704636306 19
1704636370 21
1704636434 23
1704636498 19
1704636562 22
1704636626 24
1704636690 15



# Sketch: 9
1704636114 23
1704636178 29
1704636242 20
1704636306 17
1704636370 35
1704636434 34
1704636498 32
1704636562 25
1704636626 23
1704636690 17



# Sketch: 10
1704636114 28
1704636178 66
1704636242 38
1704636306 49
1704636370 36
1704636434 49
1704636498 32
1704636562 44
1704636626 43
1704636690 43



# Sketch: 11
1704636114 34
1704636178 20
1704636242 39
1704636306 55
1704636370 34
1704636434 26
1704636498 32
1704636562 46
1704636626 26
1704636690 18



# Sketch: 12
1704636114 35
1704636178 34
1704636242 59
1704636306 16
1704636370 47
1704636434 38
1704636498 40
1704636562 40
1704636626 15
1704636690 14



# Sketch: 13
1704636114 23
1704636178 61
1704636242 35
1704636306 36
1704636370 37
1704636434 46
1704636498 27
1704636562 73
1704636626 37
1704636690 20



# Sketch: 14
1704636114 48
1704636178 24
1704636242 49
1704636306 54
1704636370 31
1704636434 42
1704636498 28
1704636562 34
1704636626 31
1704636690 13



# Sketch: 15
1704636114 43
1704636178 18
1704636242 44
1704636306 48
1704636370 41
1704636434 35
1704636498 38
1704636562 44
1704636626 23
1704636690 8



# Sketch: 16
1704636114 28
1704636178 24
1704636242 30
1704636306 19
1704636370 39
1704636434 16
1704636498 24
1704636562 31
1704636626 24
1704636690 14



# Sketch: 17
1704636114 51
1704636178 31
1704636242 36
1704636306 31
1704636370 19
1704636434 48
1704636498 33
1704636562 28
1704636626 45
1704636690 7



# Sketch: 18
1704636114 20
1704636178 35
1704636242 35
1704636306 35
1704636370 26
1704636434 38
1704636498 39
1704636562 35
1704636626 28
1704636690 6



# Sketch: 19
1704636114 22
1704636178 39
1704636242 45
1704636306 48
1704636370 46
1704636434 23
1704636498 29
1704636562 30
1704636626 24
1704636690 14



# Sketch: 20
1704636114 24
1704636178 37
1704636242 34
1704636306 31
1704636370 21
1704636434 35
1704636498 18
1704636562 22
1704636626 22
1704636690 10



# Sketch: 21
1704636114 20
1704636178 50
1704636242 36
1704636306 39
1704636370 23
1704636434 35
1704636498 49
1704636562 36
1704636626 31
1704636690 10



# Sketch: 22
1704636114 49
1704636178 49
1704636242 46
1704636306 63
1704636370 36
1704636434 25
1704636498 60
1704636562 28
1704636626 41
1704636690 34



# Sketch: 23
1704636114 25
1704636178 39
1704636242 48
1704636306 41
1704636370 33
1704636434 42
1704636498 37
1704636562 38
1704636626 23
1704636690 5



# Sketch: 24
1704636114 75
1704636178 81
1704636242 46
1704636306 51
1704636370 38
1704636434 31
1704636498 63
1704636562 43
1704636626 72
1704636690 20



# Sketch: 25
1704636114 43
1704636178 14
1704636242 59
1704636306 47
1704636370 23
1704636434 28
1704636498 50
1704636562 33
1704636626 25
1704636690 5



# Sketch: 26
1704636114 30
1704636178 43
1704636242 45
1704636306 22
1704636370 36
1704636434 33
1704636498 29
1704636562 35
1704636626 30
1704636690 15



# Sketch: 27
1704636114 34
1704636178 32
1704636242 41
1704636306 37
1704636370 41
1704636434 43
1704636498 46
1704636562 33
1704636626 24
1704636690 8



# Sketch: 28
1704636114 23
1704636178 26
1704636242 32
1704636306 22
1704636370 25
1704636434 17
1704636498 31
1704636562 34
1704636626 17
1704636690 7



# Sketch: 29
1704636114 53
1704636178 21
1704636242 21
1704636306 48
1704636370 41
1704636434 32
1704636498 44
1704636562 33
1704636626 25
1704636690 17



# Sketch: 30
1704636114 45
1704636178 23
1704636242 43
1704636306 33
1704636370 28
1704636434 37
1704636498 48
1704636562 24
1704636626 26
1704636690 12



# Sketch: 31
1704636114 40
1704636178 23
1704636242 38
1704636306 31
1704636370 29
1704636434 38
1704636498 34
1704636562 45
1704636626 22
1704636690 4

