

# Sketch: 0
1704636114 83
1704636242 61
1704636370 70
1704636498 63
1704636626 45



# Sketch: 1
1704636114 47
1704636242 52
1704636370 38
1704636498 55
1704636626 38



# Sketch: 2
1704636114 54
1704636242 73
1704636370 122
1704636498 89
1704636626 73



# Sketch: 3
1704636114 55
1704636242 52
1704636370 64
1704636498 52
1704636626 40



# Sketch: 4
1704636114 46
1704636242 70
1704636370 43
1704636498 42
1704636626 21



# Sketch: 5
1704636114 35
1704636242 72
1704636370 59
1704636498 46
1704636626 44



# Sketch: 6
1704636114 80
1704636242 57
1704636370 53
1704636498 50
1704636626 23



# Sketch: 7
1704636114 57
1704636242 69
1704636370 61
1704636498 43
1704636626 29



# Sketch: 8
1704636114 74
1704636242 57
1704636370 44
1704636498 41
1704636626 39



# Sketch: 9
1704636114 52
1704636242 37
1704636370 69
1704636498 57
1704636626 40



# Sketch: 10
1704636114 94
1704636242 87
1704636370 85
1704636498 76
1704636626 86



# Sketch: 11
1704636114 54
1704636242 94
1704636370 60
1704636498 78
1704636626 44



# Sketch: 12
1704636114 69
1704636242 75
1704636370 85
1704636498 80
1704636626 29



# Sketch: 13
1704636114 84
1704636242 71
1704636370 83
1704636498 100
1704636626 57



# Sketch: 14
1704636114 72
1704636242 103
1704636370 73
1704636498 62
1704636626 44



# Sketch: 15
1704636114 61
1704636242 92
1704636370 76
1704636498 82
1704636626 31



# Sketch: 16
1704636114 52
1704636242 49
1704636370 55
1704636498 55
1704636626 38



# Sketch: 17
1704636114 82
1704636242 67
1704636370 67
1704636498 61
1704636626 52



# Sketch: 18
1704636114 55
1704636242 70
1704636370 64
1704636498 74
1704636626 34



# Sketch: 19
1704636114 61
1704636242 93
1704636370 69
1704636498 59
1704636626 38



# Sketch: 20
1704636114 61
1704636242 65
1704636370 56
1704636498 40
1704636626 32



# Sketch: 21
1704636114 70
1704636242 75
1704636370 58
1704636498 85
1704636626 41



# Sketch: 22
1704636114 98
1704636242 109
1704636370 61
1704636498 88
1704636626 75



# Sketch: 23
1704636114 64
1704636242 89
1704636370 75
1704636498 75
1704636626 28



# Sketch: 24
1704636114 156
1704636242 97
1704636370 69
1704636498 106
1704636626 92



# Sketch: 25
1704636114 57
1704636242 106
1704636370 51
1704636498 83
1704636626 30



# Sketch: 26
1704636114 73
1704636242 67
1704636370 69
1704636498 64
1704636626 45



# Sketch: 27
1704636114 66
1704636242 78
1704636370 84
1704636498 79
1704636626 32



# Sketch: 28
1704636114 49
1704636242 54
1704636370 42
1704636498 65
1704636626 24



# Sketch: 29
1704636114 74
1704636242 69
1704636370 73
1704636498 77
1704636626 42



# Sketch: 30
1704636114 68
1704636242 76
1704636370 65
1704636498 72
1704636626 38



# Sketch: 31
1704636114 63
1704636242 69
1704636370 67
1704636498 79
1704636626 26

