

# Sketch: 0
1704636114 42
1704636242 73
1704636370 39
1704636498 60
1704636626 73



# Sketch: 1
1704636114 61
1704636242 47
1704636370 57
1704636498 82
1704636626 41



# Sketch: 2
1704636114 71
1704636242 81
1704636370 71
1704636498 57
1704636626 45



# Sketch: 3
1704636114 97
1704636242 108
1704636370 78
1704636498 108
1704636626 73



# Sketch: 4
1704636114 92
1704636242 58
1704636370 64
1704636498 71
1704636626 40



# Sketch: 5
1704636114 49
1704636242 93
1704636370 54
1704636498 49
1704636626 43



# Sketch: 6
1704636114 82
1704636242 48
1704636370 54
1704636498 55
1704636626 29



# Sketch: 7
1704636114 49
1704636242 55
1704636370 47
1704636498 68
1704636626 43



# Sketch: 8
1704636114 66
1704636242 63
1704636370 57
1704636498 71
1704636626 42



# Sketch: 9
1704636114 78
1704636242 76
1704636370 63
1704636498 65
1704636626 34



# Sketch: 10
1704636114 47
1704636242 83
1704636370 37
1704636498 65
1704636626 51



# Sketch: 11
1704636114 78
1704636242 116
1704636370 76
1704636498 67
1704636626 48



# Sketch: 12
1704636114 53
1704636242 65
1704636370 87
1704636498 66
1704636626 35



# Sketch: 13
1704636114 63
1704636242 85
1704636370 62
1704636498 75
1704636626 38



# Sketch: 14
1704636114 76
1704636242 73
1704636370 82
1704636498 81
1704636626 48



# Sketch: 15
1704636114 49
1704636242 62
1704636370 48
1704636498 54
1704636626 24



# Sketch: 16
1704636114 56
1704636242 86
1704636370 64
1704636498 74
1704636626 31



# Sketch: 17
1704636114 68
1704636242 59
1704636370 71
1704636498 81
1704636626 35



# Sketch: 18
1704636114 66
1704636242 62
1704636370 58
1704636498 55
1704636626 33



# Sketch: 19
1704636114 68
1704636242 60
1704636370 51
1704636498 50
1704636626 42



# Sketch: 20
1704636114 45
1704636242 61
1704636370 69
1704636498 48
1704636626 30



# Sketch: 21
1704636114 76
1704636242 62
1704636370 84
1704636498 41
1704636626 38



# Sketch: 22
1704636114 62
1704636242 79
1704636370 62
1704636498 68
1704636626 34



# Sketch: 23
1704636114 50
1704636242 60
1704636370 75
1704636498 70
1704636626 36



# Sketch: 24
1704636114 42
1704636242 67
1704636370 58
1704636498 45
1704636626 34



# Sketch: 25
1704636114 98
1704636242 75
1704636370 79
1704636498 81
1704636626 75



# Sketch: 26
1704636114 66
1704636242 75
1704636370 52
1704636498 60
1704636626 24



# Sketch: 27
1704636114 83
1704636242 104
1704636370 122
1704636498 105
1704636626 40



# Sketch: 28
1704636114 51
1704636242 69
1704636370 74
1704636498 72
1704636626 30



# Sketch: 29
1704636114 70
1704636242 92
1704636370 92
1704636498 73
1704636626 59



# Sketch: 30
1704636114 107
1704636242 94
1704636370 40
1704636498 57
1704636626 32



# Sketch: 31
1704636114 105
1704636242 64
1704636370 83
1704636498 104
1704636626 70

