

# Sketch: 0
1704636714 84
1704636842 99
1704636970 153
1704637098 110
1704637226 87



# Sketch: 1
1704636714 48
1704636842 74
1704636970 63
1704637098 53
1704637226 31



# Sketch: 2
1704636714 72
1704636842 53
1704636970 52
1704637098 40
1704637226 63



# Sketch: 3
1704636714 89
1704636842 76
1704636970 63
1704637098 75
1704637226 42



# Sketch: 4
1704636714 92
1704636842 90
1704636970 47
1704637098 55
1704637226 42



# Sketch: 5
1704636714 60
1704636842 37
1704636970 44
1704637098 41
1704637226 37



# Sketch: 6
1704636714 67
1704636842 74
1704636970 61
1704637098 65
1704637226 34



# Sketch: 7
1704636714 70
1704636842 52
1704636970 62
1704637098 56
1704637226 52



# Sketch: 8
1704636714 55
1704636842 67
1704636970 57
1704637098 71
1704637226 30



# Sketch: 9
1704636714 61
1704636842 88
1704636970 100
1704637098 57
1704637226 64



# Sketch: 10
1704636714 74
1704636842 54
1704636970 58
1704637098 64
1704637226 51



# Sketch: 11
1704636714 101
1704636842 90
1704636970 81
1704637098 72
1704637226 56



# Sketch: 12
1704636714 81
1704636842 64
1704636970 58
1704637098 51
1704637226 41



# Sketch: 13
1704636714 51
1704636842 39
1704636970 53
1704637098 53
1704637226 36



# Sketch: 14
1704636714 77
1704636842 62
1704636970 82
1704637098 54
1704637226 50



# Sketch: 15
1704636714 61
1704636842 78
1704636970 51
1704637098 62
1704637226 29



# Sketch: 16
1704636714 76
1704636842 66
1704636970 93
1704637098 68
1704637226 56



# Sketch: 17
1704636714 61
1704636842 49
1704636970 56
1704637098 49
1704637226 18



# Sketch: 18
1704636714 43
1704636842 55
1704636970 49
1704637098 81
1704637226 42



# Sketch: 19
1704636714 66
1704636842 46
1704636970 74
1704637098 43
1704637226 29



# Sketch: 20
1704636714 71
1704636842 55
1704636970 43
1704637098 69
1704637226 44



# Sketch: 21
1704636714 64
1704636842 71
1704636970 63
1704637098 45
1704637226 50



# Sketch: 22
1704636714 92
1704636842 69
1704636970 89
1704637098 126
1704637226 73



# Sketch: 23
1704636714 94
1704636842 51
1704636970 65
1704637098 102
1704637226 57



# Sketch: 24
1704636714 106
1704636842 91
1704636970 127
1704637098 89
1704637226 134



# Sketch: 25
1704636714 72
1704636842 46
1704636970 73
1704637098 41
1704637226 41



# Sketch: 26
1704636714 79
1704636842 50
1704636970 60
1704637098 58
1704637226 22



# Sketch: 27
1704636714 87
1704636842 106
1704636970 64
1704637098 74
1704637226 54



# Sketch: 28
1704636714 58
1704636842 76
1704636970 104
1704637098 67
1704637226 34



# Sketch: 29
1704636714 82
1704636842 63
1704636970 74
1704637098 64
1704637226 58



# Sketch: 30
1704636714 82
1704636842 69
1704636970 95
1704637098 70
1704637226 23



# Sketch: 31
1704636714 97
1704636842 64
1704636970 54
1704637098 73
1704637226 30

