

# Sketch: 0
0 0.581657
1 0.696048
2 0.639711
3 0.778776
4 1.05619
5 0.460066
6 1.21628
7 0.571239



# Sketch: 1
0 0.780055
1 0.796937
2 0.687033
3 0.571205
4 0.457372
5 0.559058
6 0.589353
7 0.457815



# Sketch: 2
0 0.776577
1 0.750782
2 0.562318
3 0.49888
4 0.423602
5 0.17675
6 0.244244
7 0.395602



# Sketch: 3
0 0.805437
1 0.879129
2 1.45278
3 1.03406
4 1.93553
5 1.44429
6 1.1073
7 0.519865



# Sketch: 4
0 0.661793
1 0.485087
2 0.230694
3 0.303989
4 0.101154
5 0.351364
6 0.675809
7 3.37479



# Sketch: 5
0 0.487017
1 0.428625
2 0.578751
3 0.307204
4 0.0791985
5 0.0209046
6 0.618027
7 0.305597



# Sketch: 6
0 1.33258
1 1.13588
2 0.98228
3 0.441687
4 0.152929
5 0.360069
6 1.17948
7 1.3074



# Sketch: 7
0 0.269002
1 0.179727
2 0.203544
3 0.23144
4 0.237153
5 0.312819
6 0.227259
7 0.408866



# Sketch: 8
0 0.480191
1 0.76272
2 0.375881
3 0.331293
4 0.246168
5 0.0634503
6 0.177984
7 0.728053



# Sketch: 9
0 0.306772
1 0.618413
2 0.853811
3 1.00131
4 0.872748
5 1.28205
6 1.46813
7 1.60166



# Sketch: 10
0 0.376024
1 0.323813
2 0.33702
3 0.338006
4 0.346338
5 0.380316
6 0.300678
7 0.578231



# Sketch: 11
0 0.341819
1 0.296028
2 0.301307
3 0.331056
4 0.371433
5 0.344414
6 0.597373
7 0.454648



# Sketch: 12
0 0.665267
1 0.773079
2 0.554009
3 0.603998
4 0.832073
5 0.355547
6 0.148659
7 0.352632



# Sketch: 13
0 1.20531
1 1.14292
2 0.998192
3 1.09689
4 0.686276
5 0.75136
6 0.744235
7 0.104945



# Sketch: 14
0 0.38705
1 0.541742
2 0.376818
3 0.274579
4 0.29109
5 0.305236
6 0.332422
7 0.499336



# Sketch: 15
0 0.343994
1 0.357771
2 0.49485
3 0.253467
4 0.261502
5 0.32151
6 0.317533
7 0.667857



# Sketch: 16
0 1.85177
1 1.44848
2 0.538574
3 0.361845
4 0.396373
5 0.378144
6 0.325162
7 0.423744



# Sketch: 17
0 0.480432
1 0.273746
2 0.269276
3 0.453689
4 0.380372
5 0.302957
6 0.300777
7 0.504762



# Sketch: 18
0 1.02384
1 1.03046
2 1.02504
3 0.583316
4 0.850292
5 0.624137
6 0.350101
7 0.42294



# Sketch: 19
0 0.410035
1 0.387022
2 0.441052
3 0.405112
4 0.432211
5 0.426978
6 0.419975
7 0.35033



# Sketch: 20
0 0.639203
1 0.62202
2 0.548046
3 0.507148
4 0.509847
5 0.436997
6 0.407562
7 0.507631



# Sketch: 21
0 0.577076
1 0.670581
2 0.86254
3 0.684165
4 0.546323
5 0.732036
6 0.0785933
7 0.377054



# Sketch: 22
0 0.938534
1 0.926735
2 0.833064
3 0.824962
4 0.774305
5 0.715047
6 0.74452
7 0.583709



# Sketch: 23
0 1.1833
1 1.25404
2 1.0668
3 1.12224
4 1.02387
5 0.741533
6 0.437175
7 0.295034



# Sketch: 24
0 1.19137
1 1.2296
2 1.03301
3 0.8472
4 0.685642
5 1.37361
6 0.547849
7 0.975208



# Sketch: 25
0 0.322057
1 0.330946
2 0.319649
3 0.327181
4 0.447762
5 0.371434
6 0.507533
7 0.439656



# Sketch: 26
0 0.964241
1 0.979979
2 0.893837
3 0.847169
4 0.752726
5 0.724678
6 0.769093
7 0.650517



# Sketch: 27
0 0.438942
1 0.171585
2 0.125491
3 0.266768
4 0.535071
5 0.222537
6 0.251143
7 3.8707



# Sketch: 28
0 0.228715
1 0.269483
2 0.21662
3 0.319204
4 0.36772
5 0.278199
6 0.249446
7 0.325637



# Sketch: 29
0 0.469648
1 0.480087
2 0.454435
3 0.438395
4 0.477119
5 0.52546
6 0.694523
7 0.614194



# Sketch: 30
0 1.63512
1 1.45841
2 0.81847
3 0.492495
4 0.430853
5 0.453543
6 0.240417
7 0.350955



# Sketch: 31
0 0.241147
1 0.324843
2 0.258591
3 0.266109
4 0.261294
5 0.609901
6 0.25678
7 0.445987

