

# Sketch: 0
1704636714 10
1704636730 6
1704636746 11
1704636762 8
1704636778 8
1704636794 3
1704636810 7
1704636826 6
1704636842 8
1704636858 13
1704636874 3
1704636890 8
1704636906 1
1704636922 3
1704636938 3
1704636954 24
1704636970 12
1704636986 6
1704637002 9
1704637018 21
1704637034 10
1704637050 6
1704637066 5
1704637082 10
1704637098 13
1704637114 3
1704637130 5
1704637146 4
1704637162 6
1704637178 7
1704637194 6
1704637210 11
1704637226 11
1704637242 11
1704637258 1
1704637274 13
1704637290 2
1704637306 11



# Sketch: 1
1704636714 9
1704636730 12
1704636746 10
1704636762 7
1704636778 8
1704636794 7
1704636810 14
1704636826 6
1704636842 24
1704636858 1
1704636874 5
1704636890 20
1704636906 3
1704636922 9
1704636938 5
1704636954 11
1704636970 5
1704636986 5
1704637002 3
1704637018 8
1704637034 4
1704637050 8
1704637066 7
1704637082 7
1704637098 5
1704637114 5
1704637130 8
1704637146 1
1704637162 8
1704637178 15
1704637194 13
1704637210 6
1704637226 6
1704637242 1
1704637258 5
1704637274 4
1704637290 6
1704637306 1



# Sketch: 2
1704636714 3
1704636730 3
1704636746 4
1704636762 5
1704636778 11
1704636794 7
1704636810 11
1704636826 10
1704636842 8
1704636858 3
1704636874 7
1704636890 5
1704636906 11
1704636922 8
1704636938 2
1704636954 4
1704636970 7
1704636986 6
1704637002 4
1704637018 9
1704637034 7
1704637050 4
1704637066 2
1704637082 8
1704637098 6
1704637114 4
1704637130 4
1704637146 2
1704637162 11
1704637178 13
1704637194 7
1704637210 6
1704637226 8
1704637242 4
1704637258 9
1704637274 9
1704637290 3
1704637306 0



# Sketch: 3
1704636714 6
1704636730 2
1704636746 14
1704636762 10
1704636778 9
1704636794 14
1704636810 11
1704636826 8
1704636842 11
1704636858 11
1704636874 1
1704636890 13
1704636906 7
1704636922 9
1704636938 5
1704636954 2
1704636970 5
1704636986 7
1704637002 2
1704637018 12
1704637034 3
1704637050 4
1704637066 4
1704637082 8
1704637098 4
1704637114 4
1704637130 11
1704637146 8
1704637162 7
1704637178 9
1704637194 6
1704637210 10
1704637226 13
1704637242 7
1704637258 14
1704637274 3
1704637290 12
1704637306 2



# Sketch: 4
1704636714 8
1704636730 7
1704636746 7
1704636762 0
1704636778 6
1704636794 9
1704636810 20
1704636826 7
1704636842 10
1704636858 11
1704636874 11
1704636890 5
1704636906 4
1704636922 13
1704636938 7
1704636954 6
1704636970 1
1704636986 9
1704637002 6
1704637018 6
1704637034 5
1704637050 10
1704637066 11
1704637082 8
1704637098 4
1704637114 6
1704637130 9
1704637146 4
1704637162 5
1704637178 6
1704637194 1
1704637210 6
1704637226 10
1704637242 7
1704637258 5
1704637274 13
1704637290 0
1704637306 4



# Sketch: 5
1704636714 11
1704636730 6
1704636746 5
1704636762 4
1704636778 11
1704636794 13
1704636810 22
1704636826 10
1704636842 11
1704636858 4
1704636874 7
1704636890 4
1704636906 16
1704636922 15
1704636938 8
1704636954 21
1704636970 31
1704636986 11
1704637002 5
1704637018 20
1704637034 37
1704637050 18
1704637066 11
1704637082 2
1704637098 17
1704637114 6
1704637130 11
1704637146 9
1704637162 16
1704637178 12
1704637194 6
1704637210 10
1704637226 17
1704637242 1
1704637258 23
1704637274 9
1704637290 10
1704637306 3



# Sketch: 6
1704636714 4
1704636730 6
1704636746 7
1704636762 6
1704636778 1
1704636794 2
1704636810 19
1704636826 10
1704636842 7
1704636858 12
1704636874 14
1704636890 4
1704636906 17
1704636922 10
1704636938 10
1704636954 13
1704636970 5
1704636986 11
1704637002 0
1704637018 5
1704637034 7
1704637050 6
1704637066 4
1704637082 2
1704637098 18
1704637114 23
1704637130 7
1704637146 7
1704637162 7
1704637178 9
1704637194 7
1704637210 32
1704637226 5
1704637242 7
1704637258 6
1704637274 3
1704637290 25
1704637306 4



# Sketch: 7
1704636714 3
1704636730 9
1704636746 2
1704636762 10
1704636778 2
1704636794 4
1704636810 8
1704636826 6
1704636842 8
1704636858 12
1704636874 21
1704636890 7
1704636906 6
1704636922 7
1704636938 6
1704636954 5
1704636970 15
1704636986 14
1704637002 6
1704637018 6
1704637034 13
1704637050 6
1704637066 4
1704637082 4
1704637098 6
1704637114 1
1704637130 5
1704637146 6
1704637162 8
1704637178 15
1704637194 7
1704637210 8
1704637226 2
1704637242 2
1704637258 5
1704637274 4
1704637290 2
1704637306 1



# Sketch: 8
1704636714 6
1704636730 21
1704636746 25
1704636762 11
1704636778 5
1704636794 9
1704636810 12
1704636826 10
1704636842 15
1704636858 18
1704636874 11
1704636890 15
1704636906 5
1704636922 5
1704636938 5
1704636954 8
1704636970 22
1704636986 21
1704637002 7
1704637018 2
1704637034 3
1704637050 4
1704637066 5
1704637082 9
1704637098 15
1704637114 4
1704637130 6
1704637146 14
1704637162 8
1704637178 10
1704637194 11
1704637210 11
1704637226 15
1704637242 10
1704637258 10
1704637274 9
1704637290 6
1704637306 1



# Sketch: 9
1704636714 3
1704636730 8
1704636746 4
1704636762 14
1704636778 15
1704636794 11
1704636810 18
1704636826 12
1704636842 9
1704636858 12
1704636874 12
1704636890 10
1704636906 5
1704636922 4
1704636938 6
1704636954 8
1704636970 5
1704636986 11
1704637002 23
1704637018 8
1704637034 3
1704637050 8
1704637066 6
1704637082 15
1704637098 16
1704637114 16
1704637130 4
1704637146 8
1704637162 7
1704637178 8
1704637194 8
1704637210 9
1704637226 10
1704637242 10
1704637258 6
1704637274 10
1704637290 10
1704637306 6



# Sketch: 10
1704636714 3
1704636730 6
1704636746 10
1704636762 2
1704636778 11
1704636794 10
1704636810 14
1704636826 11
1704636842 22
1704636858 13
1704636874 10
1704636890 27
1704636906 12
1704636922 5
1704636938 2
1704636954 9
1704636970 11
1704636986 3
1704637002 6
1704637018 5
1704637034 13
1704637050 4
1704637066 10
1704637082 8
1704637098 8
1704637114 8
1704637130 5
1704637146 10
1704637162 7
1704637178 11
1704637194 9
1704637210 15
1704637226 12
1704637242 7
1704637258 5
1704637274 28
1704637290 4
1704637306 3



# Sketch: 11
1704636714 11
1704636730 8
1704636746 4
1704636762 1
1704636778 6
1704636794 12
1704636810 14
1704636826 6
1704636842 8
1704636858 9
1704636874 4
1704636890 4
1704636906 2
1704636922 8
1704636938 6
1704636954 8
1704636970 19
1704636986 11
1704637002 1
1704637018 1
1704637034 16
1704637050 13
1704637066 5
1704637082 12
1704637098 3
1704637114 5
1704637130 7
1704637146 3
1704637162 3
1704637178 10
1704637194 7
1704637210 6
1704637226 4
1704637242 6
1704637258 15
1704637274 9
1704637290 14
1704637306 3



# Sketch: 12
1704636714 0
1704636730 2
1704636746 7
1704636762 10
1704636778 22
1704636794 11
1704636810 13
1704636826 10
1704636842 12
1704636858 9
1704636874 0
1704636890 4
1704636906 3
1704636922 4
1704636938 6
1704636954 6
1704636970 8
1704636986 5
1704637002 7
1704637018 10
1704637034 3
1704637050 3
1704637066 0
1704637082 10
1704637098 13
1704637114 7
1704637130 6
1704637146 1
1704637162 2
1704637178 1
1704637194 18
1704637210 7
1704637226 10
1704637242 7
1704637258 12
1704637274 5
1704637290 3
1704637306 1



# Sketch: 13
1704636714 8
1704636730 3
1704636746 12
1704636762 11
1704636778 13
1704636794 10
1704636810 14
1704636826 7
1704636842 7
1704636858 11
1704636874 5
1704636890 3
1704636906 7
1704636922 7
1704636938 5
1704636954 10
1704636970 9
1704636986 23
1704637002 4
1704637018 1
1704637034 8
1704637050 7
1704637066 6
1704637082 6
1704637098 8
1704637114 2
1704637130 12
1704637146 12
1704637162 17
1704637178 9
1704637194 14
1704637210 1
1704637226 8
1704637242 10
1704637258 5
1704637274 11
1704637290 5
1704637306 0



# Sketch: 14
1704636714 8
1704636730 4
1704636746 6
1704636762 10
1704636778 12
1704636794 12
1704636810 13
1704636826 7
1704636842 6
1704636858 10
1704636874 8
1704636890 6
1704636906 3
1704636922 7
1704636938 13
1704636954 14
1704636970 9
1704636986 11
1704637002 17
1704637018 7
1704637034 9
1704637050 10
1704637066 1
1704637082 3
1704637098 14
1704637114 8
1704637130 5
1704637146 12
1704637162 11
1704637178 8
1704637194 13
1704637210 12
1704637226 16
1704637242 7
1704637258 6
1704637274 19
1704637290 3
1704637306 2



# Sketch: 15
1704636714 5
1704636730 5
1704636746 7
1704636762 3
1704636778 12
1704636794 4
1704636810 17
1704636826 10
1704636842 19
1704636858 5
1704636874 13
1704636890 5
1704636906 3
1704636922 7
1704636938 7
1704636954 10
1704636970 5
1704636986 13
1704637002 6
1704637018 4
1704637034 5
1704637050 3
1704637066 4
1704637082 2
1704637098 5
1704637114 14
1704637130 4
1704637146 3
1704637162 3
1704637178 3
1704637194 7
1704637210 3
1704637226 8
1704637242 13
1704637258 4
1704637274 2
1704637290 14
1704637306 9



# Sketch: 16
1704636714 11
1704636730 11
1704636746 2
1704636762 7
1704636778 14
1704636794 21
1704636810 26
1704636826 16
1704636842 8
1704636858 9
1704636874 3
1704636890 9
1704636906 11
1704636922 13
1704636938 10
1704636954 16
1704636970 19
1704636986 5
1704637002 5
1704637018 16
1704637034 22
1704637050 13
1704637066 15
1704637082 5
1704637098 8
1704637114 4
1704637130 7
1704637146 9
1704637162 13
1704637178 8
1704637194 12
1704637210 9
1704637226 4
1704637242 8
1704637258 9
1704637274 10
1704637290 6
1704637306 1



# Sketch: 17
1704636714 1
1704636730 7
1704636746 4
1704636762 8
1704636778 15
1704636794 12
1704636810 13
1704636826 11
1704636842 3
1704636858 22
1704636874 1
1704636890 3
1704636906 5
1704636922 5
1704636938 3
1704636954 3
1704636970 10
1704636986 28
1704637002 2
1704637018 5
1704637034 7
1704637050 4
1704637066 4
1704637082 8
1704637098 5
1704637114 8
1704637130 11
1704637146 0
1704637162 13
1704637178 13
1704637194 10
1704637210 4
1704637226 3
1704637242 8
1704637258 7
1704637274 3
1704637290 3
1704637306 0



# Sketch: 18
1704636714 5
1704636730 13
1704636746 2
1704636762 7
1704636778 19
1704636794 2
1704636810 12
1704636826 7
1704636842 0
1704636858 6
1704636874 4
1704636890 8
1704636906 3
1704636922 20
1704636938 5
1704636954 4
1704636970 1
1704636986 3
1704637002 5
1704637018 10
1704637034 12
1704637050 9
1704637066 2
1704637082 11
1704637098 2
1704637114 6
1704637130 1
1704637146 7
1704637162 9
1704637178 10
1704637194 3
1704637210 5
1704637226 9
1704637242 45
1704637258 3
1704637274 7
1704637290 10
1704637306 3



# Sketch: 19
1704636714 6
1704636730 10
1704636746 6
1704636762 4
1704636778 6
1704636794 3
1704636810 19
1704636826 17
1704636842 16
1704636858 19
1704636874 8
1704636890 2
1704636906 2
1704636922 7
1704636938 2
1704636954 12
1704636970 38
1704636986 2
1704637002 6
1704637018 1
1704637034 11
1704637050 6
1704637066 4
1704637082 14
1704637098 32
1704637114 5
1704637130 9
1704637146 11
1704637162 7
1704637178 17
1704637194 19
1704637210 12
1704637226 7
1704637242 12
1704637258 4
1704637274 18
1704637290 5
1704637306 2



# Sketch: 20
1704636714 13
1704636730 13
1704636746 4
1704636762 6
1704636778 16
1704636794 19
1704636810 16
1704636826 7
1704636842 16
1704636858 10
1704636874 1
1704636890 8
1704636906 8
1704636922 15
1704636938 12
1704636954 19
1704636970 23
1704636986 13
1704637002 17
1704637018 21
1704637034 30
1704637050 13
1704637066 5
1704637082 6
1704637098 10
1704637114 3
1704637130 6
1704637146 14
1704637162 23
1704637178 9
1704637194 7
1704637210 3
1704637226 12
1704637242 10
1704637258 11
1704637274 27
1704637290 14
1704637306 8



# Sketch: 21
1704636714 10
1704636730 13
1704636746 15
1704636762 16
1704636778 13
1704636794 6
1704636810 9
1704636826 12
1704636842 23
1704636858 14
1704636874 5
1704636890 4
1704636906 7
1704636922 17
1704636938 17
1704636954 14
1704636970 17
1704636986 8
1704637002 9
1704637018 3
1704637034 19
1704637050 11
1704637066 11
1704637082 16
1704637098 16
1704637114 5
1704637130 7
1704637146 9
1704637162 12
1704637178 4
1704637194 7
1704637210 11
1704637226 9
1704637242 13
1704637258 8
1704637274 9
1704637290 12
1704637306 2



# Sketch: 22
1704636714 10
1704636730 7
1704636746 9
1704636762 4
1704636778 14
1704636794 15
1704636810 21
1704636826 4
1704636842 7
1704636858 6
1704636874 12
1704636890 7
1704636906 7
1704636922 5
1704636938 9
1704636954 10
1704636970 17
1704636986 17
1704637002 5
1704637018 15
1704637034 10
1704637050 4
1704637066 16
1704637082 10
1704637098 4
1704637114 12
1704637130 8
1704637146 13
1704637162 11
1704637178 9
1704637194 11
1704637210 9
1704637226 14
1704637242 6
1704637258 6
1704637274 20
1704637290 5
1704637306 8



# Sketch: 23
1704636714 5
1704636730 9
1704636746 15
1704636762 0
1704636778 5
1704636794 15
1704636810 15
1704636826 9
1704636842 7
1704636858 1
1704636874 5
1704636890 12
1704636906 4
1704636922 5
1704636938 8
1704636954 16
1704636970 6
1704636986 6
1704637002 5
1704637018 4
1704637034 5
1704637050 6
1704637066 6
1704637082 20
1704637098 11
1704637114 4
1704637130 5
1704637146 1
1704637162 9
1704637178 3
1704637194 8
1704637210 6
1704637226 16
1704637242 6
1704637258 4
1704637274 11
1704637290 9
1704637306 1



# Sketch: 24
1704636714 3
1704636730 14
1704636746 8
1704636762 6
1704636778 2
1704636794 24
1704636810 19
1704636826 17
1704636842 16
1704636858 21
1704636874 7
1704636890 14
1704636906 5
1704636922 12
1704636938 14
1704636954 4
1704636970 8
1704636986 14
1704637002 6
1704637018 3
1704637034 8
1704637050 8
1704637066 4
1704637082 4
1704637098 2
1704637114 6
1704637130 5
1704637146 11
1704637162 11
1704637178 13
1704637194 5
1704637210 7
1704637226 11
1704637242 15
1704637258 8
1704637274 13
1704637290 11
1704637306 0



# Sketch: 25
1704636714 12
1704636730 3
1704636746 14
1704636762 1
1704636778 4
1704636794 37
1704636810 13
1704636826 6
1704636842 8
1704636858 8
1704636874 7
1704636890 8
1704636906 3
1704636922 3
1704636938 5
1704636954 8
1704636970 18
1704636986 10
1704637002 9
1704637018 7
1704637034 11
1704637050 8
1704637066 5
1704637082 4
1704637098 10
1704637114 10
1704637130 8
1704637146 2
1704637162 4
1704637178 11
1704637194 3
1704637210 4
1704637226 3
1704637242 12
1704637258 4
1704637274 6
1704637290 20
1704637306 3



# Sketch: 26
1704636714 4
1704636730 13
1704636746 7
1704636762 17
1704636778 6
1704636794 18
1704636810 15
1704636826 0
1704636842 5
1704636858 12
1704636874 8
1704636890 4
1704636906 6
1704636922 6
1704636938 4
1704636954 5
1704636970 12
1704636986 13
1704637002 3
1704637018 17
1704637034 5
1704637050 9
1704637066 2
1704637082 32
1704637098 12
1704637114 8
1704637130 12
1704637146 14
1704637162 10
1704637178 6
1704637194 7
1704637210 11
1704637226 14
1704637242 8
1704637258 10
1704637274 12
1704637290 4
1704637306 3



# Sketch: 27
1704636714 7
1704636730 7
1704636746 17
1704636762 14
1704636778 5
1704636794 7
1704636810 8
1704636826 10
1704636842 17
1704636858 7
1704636874 6
1704636890 3
1704636906 4
1704636922 6
1704636938 6
1704636954 4
1704636970 10
1704636986 15
1704637002 4
1704637018 6
1704637034 5
1704637050 6
1704637066 7
1704637082 14
1704637098 15
1704637114 4
1704637130 2
1704637146 10
1704637162 20
1704637178 6
1704637194 5
1704637210 9
1704637226 8
1704637242 6
1704637258 14
1704637274 4
1704637290 4
1704637306 4



# Sketch: 28
1704636714 8
1704636730 8
1704636746 6
1704636762 10
1704636778 12
1704636794 5
1704636810 12
1704636826 13
1704636842 7
1704636858 13
1704636874 7
1704636890 7
1704636906 6
1704636922 10
1704636938 6
1704636954 5
1704636970 4
1704636986 9
1704637002 5
1704637018 8
1704637034 7
1704637050 8
1704637066 8
1704637082 9
1704637098 12
1704637114 4
1704637130 6
1704637146 2
1704637162 18
1704637178 5
1704637194 15
1704637210 5
1704637226 13
1704637242 14
1704637258 1
1704637274 15
1704637290 7
1704637306 2



# Sketch: 29
1704636714 2
1704636730 0
1704636746 4
1704636762 6
1704636778 5
1704636794 8
1704636810 8
1704636826 3
1704636842 3
1704636858 1
1704636874 3
1704636890 6
1704636906 1
1704636922 14
1704636938 5
1704636954 6
1704636970 13
1704636986 7
1704637002 5
1704637018 8
1704637034 14
1704637050 26
1704637066 3
1704637082 5
1704637098 4
1704637114 5
1704637130 1
1704637146 3
1704637162 5
1704637178 6
1704637194 3
1704637210 11
1704637226 6
1704637242 9
1704637258 12
1704637274 8
1704637290 4
1704637306 1



# Sketch: 30
1704636714 13
1704636730 4
1704636746 6
1704636762 8
1704636778 11
1704636794 11
1704636810 26
1704636826 4
1704636842 5
1704636858 21
1704636874 3
1704636890 6
1704636906 12
1704636922 7
1704636938 6
1704636954 10
1704636970 7
1704636986 12
1704637002 8
1704637018 7
1704637034 3
1704637050 6
1704637066 5
1704637082 19
1704637098 5
1704637114 7
1704637130 5
1704637146 2
1704637162 9
1704637178 7
1704637194 7
1704637210 3
1704637226 20
1704637242 5
1704637258 5
1704637274 5
1704637290 4
1704637306 1



# Sketch: 31
1704636714 13
1704636730 0
1704636746 10
1704636762 7
1704636778 4
1704636794 2
1704636810 29
1704636826 9
1704636842 9
1704636858 8
1704636874 11
1704636890 7
1704636906 3
1704636922 5
1704636938 5
1704636954 15
1704636970 10
1704636986 13
1704637002 9
1704637018 4
1704637034 3
1704637050 18
1704637066 7
1704637082 8
1704637098 11
1704637114 10
1704637130 6
1704637146 2
1704637162 11
1704637178 21
1704637194 8
1704637210 8
1704637226 11
1704637242 5
1704637258 1
1704637274 7
1704637290 8
1704637306 4

