

# Sketch: 0
1704636714 24
1704636778 64
1704636842 48
1704636906 48
1704636970 31
1704637034 30
1704637098 36
1704637162 41
1704637226 37
1704637290 15



# Sketch: 1
1704636714 37
1704636778 22
1704636842 23
1704636906 20
1704636970 24
1704637034 58
1704637098 35
1704637162 36
1704637226 24
1704637290 5



# Sketch: 2
1704636714 51
1704636778 47
1704636842 34
1704636906 44
1704636970 58
1704637034 56
1704637098 32
1704637162 42
1704637226 41
1704637290 18



# Sketch: 3
1704636714 27
1704636778 45
1704636842 43
1704636906 26
1704636970 44
1704637034 34
1704637098 32
1704637162 32
1704637226 27
1704637290 4



# Sketch: 4
1704636714 22
1704636778 47
1704636842 50
1704636906 25
1704636970 26
1704637034 22
1704637098 15
1704637162 41
1704637226 33
1704637290 0



# Sketch: 5
1704636714 34
1704636778 47
1704636842 33
1704636906 36
1704636970 29
1704637034 22
1704637098 23
1704637162 40
1704637226 39
1704637290 8



# Sketch: 6
1704636714 22
1704636778 71
1704636842 32
1704636906 35
1704636970 65
1704637034 47
1704637098 35
1704637162 55
1704637226 48
1704637290 7



# Sketch: 7
1704636714 43
1704636778 22
1704636842 9
1704636906 29
1704636970 29
1704637034 22
1704637098 18
1704637162 26
1704637226 42
1704637290 9



# Sketch: 8
1704636714 15
1704636778 37
1704636842 32
1704636906 22
1704636970 36
1704637034 22
1704637098 20
1704637162 24
1704637226 52
1704637290 6



# Sketch: 9
1704636714 24
1704636778 43
1704636842 54
1704636906 27
1704636970 20
1704637034 31
1704637098 15
1704637162 25
1704637226 36
1704637290 17



# Sketch: 10
1704636714 44
1704636778 44
1704636842 38
1704636906 15
1704636970 19
1704637034 19
1704637098 25
1704637162 20
1704637226 41
1704637290 6



# Sketch: 11
1704636714 25
1704636778 43
1704636842 23
1704636906 32
1704636970 37
1704637034 30
1704637098 18
1704637162 35
1704637226 48
1704637290 8



# Sketch: 12
1704636714 62
1704636778 57
1704636842 28
1704636906 48
1704636970 83
1704637034 62
1704637098 39
1704637162 68
1704637226 53
1704637290 27



# Sketch: 13
1704636714 32
1704636778 54
1704636842 63
1704636906 68
1704636970 67
1704637034 64
1704637098 41
1704637162 73
1704637226 52
1704637290 11



# Sketch: 14
1704636714 31
1704636778 41
1704636842 27
1704636906 24
1704636970 40
1704637034 26
1704637098 28
1704637162 41
1704637226 52
1704637290 13



# Sketch: 15
1704636714 39
1704636778 54
1704636842 47
1704636906 18
1704636970 33
1704637034 36
1704637098 29
1704637162 32
1704637226 29
1704637290 15



# Sketch: 16
1704636714 13
1704636778 36
1704636842 28
1704636906 41
1704636970 57
1704637034 23
1704637098 57
1704637162 37
1704637226 29
1704637290 8



# Sketch: 17
1704636714 15
1704636778 46
1704636842 16
1704636906 20
1704636970 25
1704637034 14
1704637098 39
1704637162 25
1704637226 21
1704637290 14



# Sketch: 18
1704636714 30
1704636778 42
1704636842 36
1704636906 17
1704636970 35
1704637034 32
1704637098 34
1704637162 39
1704637226 31
1704637290 10



# Sketch: 19
1704636714 18
1704636778 33
1704636842 41
1704636906 16
1704636970 35
1704637034 42
1704637098 34
1704637162 31
1704637226 35
1704637290 11



# Sketch: 20
1704636714 29
1704636778 39
1704636842 44
1704636906 26
1704636970 34
1704637034 30
1704637098 41
1704637162 24
1704637226 31
1704637290 7



# Sketch: 21
1704636714 29
1704636778 29
1704636842 36
1704636906 29
1704636970 20
1704637034 49
1704637098 18
1704637162 35
1704637226 17
1704637290 13



# Sketch: 22
1704636714 26
1704636778 54
1704636842 33
1704636906 43
1704636970 36
1704637034 31
1704637098 37
1704637162 22
1704637226 31
1704637290 6



# Sketch: 23
1704636714 34
1704636778 51
1704636842 36
1704636906 53
1704636970 36
1704637034 35
1704637098 42
1704637162 36
1704637226 43
1704637290 10



# Sketch: 24
1704636714 24
1704636778 34
1704636842 41
1704636906 30
1704636970 19
1704637034 19
1704637098 24
1704637162 26
1704637226 22
1704637290 10



# Sketch: 25
1704636714 48
1704636778 35
1704636842 36
1704636906 22
1704636970 52
1704637034 31
1704637098 24
1704637162 34
1704637226 29
1704637290 9



# Sketch: 26
1704636714 32
1704636778 33
1704636842 24
1704636906 28
1704636970 17
1704637034 30
1704637098 13
1704637162 31
1704637226 25
1704637290 5



# Sketch: 27
1704636714 29
1704636778 37
1704636842 48
1704636906 30
1704636970 49
1704637034 29
1704637098 19
1704637162 40
1704637226 33
1704637290 9



# Sketch: 28
1704636714 22
1704636778 62
1704636842 36
1704636906 40
1704636970 45
1704637034 37
1704637098 42
1704637162 36
1704637226 34
1704637290 20



# Sketch: 29
1704636714 25
1704636778 35
1704636842 33
1704636906 28
1704636970 26
1704637034 22
1704637098 42
1704637162 25
1704637226 14
1704637290 9



# Sketch: 30
1704636714 27
1704636778 43
1704636842 37
1704636906 27
1704636970 36
1704637034 44
1704637098 18
1704637162 34
1704637226 77
1704637290 18



# Sketch: 31
1704636714 25
1704636778 68
1704636842 29
1704636906 19
1704636970 30
1704637034 26
1704637098 28
1704637162 39
1704637226 45
1704637290 11

