

# Sketch: 0
1704637314 25
1704637378 28
1704637442 53
1704637506 26
1704637570 18
1704637634 24
1704637698 19
1704637762 34
1704637826 46
1704637890 3



# Sketch: 1
1704637314 20
1704637378 36
1704637442 28
1704637506 38
1704637570 28
1704637634 26
1704637698 38
1704637762 32
1704637826 20
1704637890 13



# Sketch: 2
1704637314 14
1704637378 51
1704637442 27
1704637506 20
1704637570 36
1704637634 31
1704637698 39
1704637762 31
1704637826 21
1704637890 16



# Sketch: 3
1704637314 22
1704637378 20
1704637442 30
1704637506 26
1704637570 29
1704637634 30
1704637698 29
1704637762 33
1704637826 13
1704637890 6



# Sketch: 4
1704637314 28
1704637378 32
1704637442 37
1704637506 25
1704637570 38
1704637634 25
1704637698 18
1704637762 33
1704637826 39
1704637890 8



# Sketch: 5
1704637314 15
1704637378 24
1704637442 18
1704637506 33
1704637570 31
1704637634 30
1704637698 17
1704637762 23
1704637826 22
1704637890 6



# Sketch: 6
1704637314 39
1704637378 17
1704637442 30
1704637506 39
1704637570 29
1704637634 39
1704637698 20
1704637762 33
1704637826 21
1704637890 9



# Sketch: 7
1704637314 36
1704637378 41
1704637442 39
1704637506 34
1704637570 35
1704637634 41
1704637698 36
1704637762 26
1704637826 26
1704637890 17



# Sketch: 8
1704637314 33
1704637378 58
1704637442 37
1704637506 29
1704637570 27
1704637634 39
1704637698 33
1704637762 22
1704637826 39
1704637890 13



# Sketch: 9
1704637314 23
1704637378 40
1704637442 53
1704637506 27
1704637570 32
1704637634 35
1704637698 17
1704637762 28
1704637826 35
1704637890 18



# Sketch: 10
1704637314 27
1704637378 60
1704637442 56
1704637506 35
1704637570 23
1704637634 29
1704637698 47
1704637762 38
1704637826 48
1704637890 13



# Sketch: 11
1704637314 20
1704637378 32
1704637442 29
1704637506 22
1704637570 30
1704637634 16
1704637698 17
1704637762 26
1704637826 18
1704637890 16



# Sketch: 12
1704637314 25
1704637378 35
1704637442 55
1704637506 27
1704637570 33
1704637634 47
1704637698 33
1704637762 39
1704637826 18
1704637890 8



# Sketch: 13
1704637314 40
1704637378 47
1704637442 27
1704637506 47
1704637570 28
1704637634 31
1704637698 38
1704637762 50
1704637826 51
1704637890 11



# Sketch: 14
1704637314 28
1704637378 37
1704637442 28
1704637506 18
1704637570 30
1704637634 26
1704637698 24
1704637762 41
1704637826 22
1704637890 9



# Sketch: 15
1704637314 29
1704637378 39
1704637442 32
1704637506 37
1704637570 47
1704637634 93
1704637698 29
1704637762 41
1704637826 59
1704637890 18



# Sketch: 16
1704637314 25
1704637378 22
1704637442 40
1704637506 36
1704637570 26
1704637634 25
1704637698 29
1704637762 22
1704637826 29
1704637890 24



# Sketch: 17
1704637314 21
1704637378 17
1704637442 27
1704637506 14
1704637570 28
1704637634 28
1704637698 29
1704637762 29
1704637826 26
1704637890 7



# Sketch: 18
1704637314 20
1704637378 33
1704637442 17
1704637506 28
1704637570 22
1704637634 31
1704637698 22
1704637762 32
1704637826 49
1704637890 14



# Sketch: 19
1704637314 29
1704637378 24
1704637442 37
1704637506 30
1704637570 22
1704637634 29
1704637698 54
1704637762 44
1704637826 31
1704637890 19



# Sketch: 20
1704637314 40
1704637378 44
1704637442 31
1704637506 39
1704637570 43
1704637634 46
1704637698 33
1704637762 36
1704637826 49
1704637890 11



# Sketch: 21
1704637314 43
1704637378 14
1704637442 39
1704637506 23
1704637570 27
1704637634 76
1704637698 40
1704637762 23
1704637826 23
1704637890 6



# Sketch: 22
1704637314 27
1704637378 45
1704637442 45
1704637506 42
1704637570 38
1704637634 30
1704637698 26
1704637762 37
1704637826 20
1704637890 9



# Sketch: 23
1704637314 13
1704637378 22
1704637442 17
1704637506 31
1704637570 19
1704637634 20
1704637698 14
1704637762 27
1704637826 14
1704637890 7



# Sketch: 24
1704637314 49
1704637378 35
1704637442 34
1704637506 29
1704637570 31
1704637634 45
1704637698 34
1704637762 18
1704637826 37
1704637890 18



# Sketch: 25
1704637314 30
1704637378 15
1704637442 20
1704637506 39
1704637570 31
1704637634 23
1704637698 73
1704637762 29
1704637826 21
1704637890 22



# Sketch: 26
1704637314 35
1704637378 21
1704637442 75
1704637506 38
1704637570 37
1704637634 30
1704637698 43
1704637762 37
1704637826 30
1704637890 5



# Sketch: 27
1704637314 28
1704637378 64
1704637442 56
1704637506 68
1704637570 36
1704637634 52
1704637698 36
1704637762 61
1704637826 48
1704637890 23



# Sketch: 28
1704637314 68
1704637378 30
1704637442 49
1704637506 54
1704637570 32
1704637634 33
1704637698 23
1704637762 40
1704637826 34
1704637890 6



# Sketch: 29
1704637314 29
1704637378 21
1704637442 35
1704637506 18
1704637570 19
1704637634 37
1704637698 32
1704637762 32
1704637826 32
1704637890 8



# Sketch: 30
1704637314 39
1704637378 36
1704637442 60
1704637506 41
1704637570 38
1704637634 29
1704637698 38
1704637762 39
1704637826 26
1704637890 10



# Sketch: 31
1704637314 22
1704637378 28
1704637442 28
1704637506 21
1704637570 29
1704637634 17
1704637698 24
1704637762 38
1704637826 30
1704637890 3

