

# Sketch: 0
0 0.405754
1 0.45312
2 0.401305
3 0.321173
4 0.343681
5 0.431961
6 0.360604
7 1.76344



# Sketch: 1
0 2.3214
1 1.84732
2 1.60834
3 1.44047
4 0.889728
5 0.575583
6 0.335563
7 0.271791



# Sketch: 2
0 0.37346
1 0.365091
2 0.364721
3 0.378798
4 0.434094
5 0.448419
6 0.420871
7 0.569924



# Sketch: 3
0 0.397029
1 0.410171
2 0.409013
3 0.398142
4 0.403157
5 0.420661
6 0.44343
7 0.600637



# Sketch: 4
0 0.565622
1 0.536139
2 0.530658
3 0.380929
4 0.420987
5 0.432073
6 0.478325
7 0.401832



# Sketch: 5
0 0.298448
1 0.167578
2 0.193941
3 0.177312
4 0.206692
5 0.261213
6 0.352011
7 1.00572



# Sketch: 6
0 0.835562
1 0.763223
2 0.707457
3 0.691982
4 0.668081
5 0.645222
6 0.615475
7 0.624471



# Sketch: 7
0 0.0744534
1 0.0202269
2 0.0468594
3 0.0323543
4 0.0759362
5 0.129493
6 0.128313
7 0.322607



# Sketch: 8
0 0.80915
1 0.627956
2 0.506774
3 0.508537
4 0.481358
5 0.453208
6 0.383985
7 0.490125



# Sketch: 9
0 0.67706
1 0.674575
2 0.636948
3 0.587125
4 0.632375
5 0.601649
6 0.599971
7 0.547536



# Sketch: 10
0 0.342408
1 0.261719
2 0.266206
3 0.301371
4 0.422646
5 0.975074
6 0.908912
7 0.434955



# Sketch: 11
0 0.239369
1 0.415682
2 0.49554
3 0.560883
4 1.16119
5 1.31669
6 0.656286
7 0.604177



# Sketch: 12
0 0.775121
1 0.682494
2 0.687258
3 0.631919
4 0.770317
5 0.93946
6 0.645494
7 0.697381



# Sketch: 13
0 0.216173
1 0.229636
2 0.256346
3 0.245983
4 0.253695
5 0.286413
6 0.332788
7 0.4064



# Sketch: 14
0 0.459462
1 0.611226
2 0.670266
3 0.607769
4 0.819118
5 0.537226
6 0.724405
7 0.117069



# Sketch: 15
0 0.641911
1 0.468237
2 0.478394
3 0.333057
4 0.452452
5 0.494329
6 0.431466
7 1.11147



# Sketch: 16
0 0.296676
1 0.462707
2 0.496267
3 0.434006
4 0.459346
5 0.364695
6 0.427004
7 0.394442



# Sketch: 17
0 0.852431
1 0.938484
2 0.537255
3 0.238939
4 0.302669
5 0.0950146
6 0.315217
7 0.369748



# Sketch: 18
0 1.1816
1 1.24851
2 1.05773
3 1.05599
4 0.156565
5 0.122247
6 1.27705
7 1.36939



# Sketch: 19
0 0.392331
1 0.375503
2 0.433666
3 0.398942
4 0.404436
5 0.454604
6 0.486292
7 1.20048



# Sketch: 20
0 0.683997
1 0.948338
2 0.891304
3 0.793333
4 1.18585
5 1.34846
6 0.462027
7 0.333976



# Sketch: 21
0 0.267818
1 0.403377
2 0.438292
3 0.560735
4 0.578617
5 0.54292
6 0.518775
7 1.00963



# Sketch: 22
0 1.30376
1 0.925693
2 0.599451
3 0.770157
4 0.677135
5 0.0459365
6 0.247381
7 0.275931



# Sketch: 23
0 0.417961
1 0.448815
2 0.412986
3 0.400927
4 0.471921
5 0.431052
6 0.443036
7 0.603901



# Sketch: 24
0 0.570709
1 0.786847
2 0.617456
3 0.434411
4 0.188354
5 0.0629184
6 0.0803049
7 0.25747



# Sketch: 25
0 0.111736
1 0.224774
2 0.42031
3 0.520792
4 0.362355
5 0.455902
6 0.193818
7 0.380031



# Sketch: 26
0 0.488162
1 0.488127
2 0.500897
3 0.540564
4 0.460295
5 0.425833
6 0.406101
7 0.590063



# Sketch: 27
0 0.546129
1 0.47391
2 0.429971
3 0.388849
4 0.375068
5 0.442972
6 0.412677
7 0.451007



# Sketch: 28
0 0.346329
1 0.328134
2 0.325661
3 0.360578
4 0.212345
5 0.281275
6 0.282437
7 0.286582



# Sketch: 29
0 0.846901
1 1.21132
2 0.944693
3 0.767637
4 0.658637
5 1.20168
6 1.43599
7 1.37841



# Sketch: 30
0 0.360811
1 0.276881
2 0.460064
3 0.59135
4 0.407043
5 0.328392
6 0.1436
7 0.565591



# Sketch: 31
0 0.274328
1 0.275341
2 0.362336
3 0.234868
4 0.449522
5 0.457763
6 0.182737
7 0.408785

