

# Sketch: 0
1704637314 47
1704637378 24
1704637442 40
1704637506 59
1704637570 37
1704637634 42
1704637698 19
1704637762 54
1704637826 24
1704637890 14



# Sketch: 1
1704637314 47
1704637378 53
1704637442 39
1704637506 41
1704637570 34
1704637634 79
1704637698 47
1704637762 34
1704637826 30
1704637890 19



# Sketch: 2
1704637314 15
1704637378 20
1704637442 35
1704637506 43
1704637570 27
1704637634 29
1704637698 25
1704637762 52
1704637826 49
1704637890 8



# Sketch: 3
1704637314 26
1704637378 25
1704637442 32
1704637506 29
1704637570 47
1704637634 23
1704637698 15
1704637762 35
1704637826 40
1704637890 8



# Sketch: 4
1704637314 35
1704637378 44
1704637442 26
1704637506 30
1704637570 35
1704637634 31
1704637698 31
1704637762 20
1704637826 30
1704637890 9



# Sketch: 5
1704637314 22
1704637378 22
1704637442 31
1704637506 17
1704637570 29
1704637634 22
1704637698 28
1704637762 20
1704637826 70
1704637890 10



# Sketch: 6
1704637314 20
1704637378 50
1704637442 30
1704637506 28
1704637570 20
1704637634 33
1704637698 28
1704637762 45
1704637826 28
1704637890 8



# Sketch: 7
1704637314 30
1704637378 30
1704637442 24
1704637506 26
1704637570 27
1704637634 19
1704637698 59
1704637762 31
1704637826 17
1704637890 23



# Sketch: 8
1704637314 19
1704637378 28
1704637442 37
1704637506 32
1704637570 24
1704637634 34
1704637698 28
1704637762 20
1704637826 19
1704637890 10



# Sketch: 9
1704637314 34
1704637378 22
1704637442 89
1704637506 25
1704637570 23
1704637634 38
1704637698 46
1704637762 68
1704637826 30
1704637890 15



# Sketch: 10
1704637314 28
1704637378 53
1704637442 46
1704637506 31
1704637570 30
1704637634 37
1704637698 36
1704637762 28
1704637826 19
1704637890 16



# Sketch: 11
1704637314 31
1704637378 31
1704637442 45
1704637506 27
1704637570 35
1704637634 32
1704637698 35
1704637762 22
1704637826 19
1704637890 7



# Sketch: 12
1704637314 43
1704637378 26
1704637442 26
1704637506 33
1704637570 36
1704637634 34
1704637698 21
1704637762 21
1704637826 52
1704637890 8



# Sketch: 13
1704637314 32
1704637378 28
1704637442 28
1704637506 25
1704637570 25
1704637634 32
1704637698 31
1704637762 34
1704637826 31
1704637890 17



# Sketch: 14
1704637314 29
1704637378 18
1704637442 35
1704637506 30
1704637570 25
1704637634 33
1704637698 25
1704637762 41
1704637826 38
1704637890 13



# Sketch: 15
1704637314 25
1704637378 49
1704637442 35
1704637506 54
1704637570 65
1704637634 32
1704637698 48
1704637762 38
1704637826 34
1704637890 7



# Sketch: 16
1704637314 37
1704637378 46
1704637442 50
1704637506 22
1704637570 31
1704637634 43
1704637698 23
1704637762 48
1704637826 46
1704637890 12



# Sketch: 17
1704637314 39
1704637378 58
1704637442 56
1704637506 29
1704637570 22
1704637634 26
1704637698 33
1704637762 33
1704637826 22
1704637890 5



# Sketch: 18
1704637314 19
1704637378 37
1704637442 45
1704637506 19
1704637570 33
1704637634 59
1704637698 34
1704637762 30
1704637826 22
1704637890 6



# Sketch: 19
1704637314 15
1704637378 28
1704637442 27
1704637506 17
1704637570 29
1704637634 23
1704637698 23
1704637762 23
1704637826 21
1704637890 8



# Sketch: 20
1704637314 36
1704637378 59
1704637442 31
1704637506 71
1704637570 37
1704637634 73
1704637698 55
1704637762 47
1704637826 53
1704637890 30



# Sketch: 21
1704637314 21
1704637378 33
1704637442 32
1704637506 41
1704637570 27
1704637634 24
1704637698 25
1704637762 29
1704637826 37
1704637890 10



# Sketch: 22
1704637314 29
1704637378 48
1704637442 24
1704637506 34
1704637570 23
1704637634 25
1704637698 18
1704637762 21
1704637826 30
1704637890 15



# Sketch: 23
1704637314 20
1704637378 35
1704637442 33
1704637506 28
1704637570 29
1704637634 30
1704637698 32
1704637762 31
1704637826 17
1704637890 8



# Sketch: 24
1704637314 25
1704637378 35
1704637442 28
1704637506 41
1704637570 23
1704637634 19
1704637698 30
1704637762 28
1704637826 20
1704637890 13



# Sketch: 25
1704637314 35
1704637378 21
1704637442 31
1704637506 39
1704637570 28
1704637634 52
1704637698 24
1704637762 50
1704637826 33
1704637890 11



# Sketch: 26
1704637314 26
1704637378 22
1704637442 32
1704637506 24
1704637570 28
1704637634 25
1704637698 31
1704637762 23
1704637826 19
1704637890 9



# Sketch: 27
1704637314 24
1704637378 40
1704637442 38
1704637506 33
1704637570 21
1704637634 36
1704637698 37
1704637762 29
1704637826 22
1704637890 15



# Sketch: 28
1704637314 24
1704637378 21
1704637442 38
1704637506 24
1704637570 28
1704637634 22
1704637698 21
1704637762 34
1704637826 35
1704637890 3



# Sketch: 29
1704637314 33
1704637378 19
1704637442 44
1704637506 28
1704637570 24
1704637634 18
1704637698 37
1704637762 25
1704637826 29
1704637890 18



# Sketch: 30
1704637314 37
1704637378 15
1704637442 48
1704637506 33
1704637570 46
1704637634 72
1704637698 27
1704637762 25
1704637826 27
1704637890 7



# Sketch: 31
1704637314 39
1704637378 28
1704637442 34
1704637506 21
1704637570 24
1704637634 16
1704637698 32
1704637762 35
1704637826 34
1704637890 14

