

# Sketch: 0
1704567114 43
1704567178 24
1704567242 34
1704567306 31
1704567370 27
1704567434 33
1704567498 42
1704567562 31
1704567626 34
1704567690 16



# Sketch: 1
1704567114 19
1704567178 15
1704567242 75
1704567306 15
1704567370 30
1704567434 27
1704567498 32
1704567562 17
1704567626 20
1704567690 13



# Sketch: 2
1704567114 33
1704567178 25
1704567242 24
1704567306 40
1704567370 40
1704567434 95
1704567498 22
1704567562 22
1704567626 23
1704567690 16



# Sketch: 3
1704567114 23
1704567178 23
1704567242 19
1704567306 31
1704567370 26
1704567434 32
1704567498 45
1704567562 31
1704567626 14
1704567690 10



# Sketch: 4
1704567114 27
1704567178 40
1704567242 67
1704567306 49
1704567370 32
1704567434 24
1704567498 41
1704567562 36
1704567626 28
1704567690 19



# Sketch: 5
1704567114 30
1704567178 24
1704567242 21
1704567306 45
1704567370 15
1704567434 37
1704567498 28
1704567562 36
1704567626 37
1704567690 7



# Sketch: 6
1704567114 42
1704567178 34
1704567242 19
1704567306 35
1704567370 38
1704567434 31
1704567498 31
1704567562 48
1704567626 19
1704567690 5



# Sketch: 7
1704567114 18
1704567178 37
1704567242 54
1704567306 52
1704567370 28
1704567434 40
1704567498 20
1704567562 28
1704567626 54
1704567690 9



# Sketch: 8
1704567114 27
1704567178 16
1704567242 26
1704567306 30
1704567370 14
1704567434 18
1704567498 20
1704567562 52
1704567626 29
1704567690 10



# Sketch: 9
1704567114 29
1704567178 27
1704567242 30
1704567306 29
1704567370 29
1704567434 25
1704567498 31
1704567562 22
1704567626 25
1704567690 12



# Sketch: 10
1704567114 34
1704567178 30
1704567242 36
1704567306 26
1704567370 57
1704567434 47
1704567498 26
1704567562 40
1704567626 38
1704567690 10



# Sketch: 11
1704567114 31
1704567178 13
1704567242 49
1704567306 32
1704567370 17
1704567434 95
1704567498 23
1704567562 24
1704567626 27
1704567690 10



# Sketch: 12
1704567114 36
1704567178 33
1704567242 67
1704567306 66
1704567370 45
1704567434 34
1704567498 66
1704567562 25
1704567626 57
1704567690 32



# Sketch: 13
1704567114 56
1704567178 27
1704567242 12
1704567306 19
1704567370 19
1704567434 22
1704567498 15
1704567562 44
1704567626 19
1704567690 8



# Sketch: 14
1704567114 33
1704567178 17
1704567242 37
1704567306 32
1704567370 28
1704567434 47
1704567498 28
1704567562 27
1704567626 21
1704567690 5



# Sketch: 15
1704567114 29
1704567178 17
1704567242 31
1704567306 28
1704567370 33
1704567434 48
1704567498 25
1704567562 45
1704567626 35
1704567690 6



# Sketch: 16
1704567114 38
1704567178 31
1704567242 68
1704567306 41
1704567370 24
1704567434 42
1704567498 20
1704567562 27
1704567626 17
1704567690 18



# Sketch: 17
1704567114 11
1704567178 22
1704567242 37
1704567306 25
1704567370 30
1704567434 14
1704567498 21
1704567562 33
1704567626 31
1704567690 8



# Sketch: 18
1704567114 32
1704567178 48
1704567242 61
1704567306 48
1704567370 38
1704567434 37
1704567498 36
1704567562 72
1704567626 40
1704567690 13



# Sketch: 19
1704567114 30
1704567178 13
1704567242 43
1704567306 36
1704567370 48
1704567434 25
1704567498 39
1704567562 34
1704567626 35
1704567690 11



# Sketch: 20
1704567114 45
1704567178 34
1704567242 33
1704567306 48
1704567370 33
1704567434 31
1704567498 27
1704567562 49
1704567626 27
1704567690 10



# Sketch: 21
1704567114 51
1704567178 18
1704567242 27
1704567306 26
1704567370 19
1704567434 39
1704567498 34
1704567562 28
1704567626 43
1704567690 12



# Sketch: 22
1704567114 21
1704567178 15
1704567242 72
1704567306 30
1704567370 28
1704567434 19
1704567498 26
1704567562 49
1704567626 20
1704567690 6



# Sketch: 23
1704567114 29
1704567178 30
1704567242 58
1704567306 31
1704567370 46
1704567434 36
1704567498 33
1704567562 23
1704567626 33
1704567690 11



# Sketch: 24
1704567114 22
1704567178 21
1704567242 42
1704567306 24
1704567370 35
1704567434 40
1704567498 20
1704567562 39
1704567626 18
1704567690 10



# Sketch: 25
1704567114 56
1704567178 41
1704567242 80
1704567306 41
1704567370 18
1704567434 57
1704567498 29
1704567562 40
1704567626 44
1704567690 11



# Sketch: 26
1704567114 23
1704567178 18
1704567242 40
1704567306 24
1704567370 43
1704567434 14
1704567498 28
1704567562 31
1704567626 40
1704567690 7



# Sketch: 27
1704567114 33
1704567178 35
1704567242 43
1704567306 48
1704567370 26
1704567434 26
1704567498 44
1704567562 53
1704567626 43
1704567690 43



# Sketch: 28
1704567114 27
1704567178 15
1704567242 39
1704567306 24
1704567370 37
1704567434 42
1704567498 32
1704567562 17
1704567626 18
1704567690 7



# Sketch: 29
1704567114 26
1704567178 15
1704567242 21
1704567306 21
1704567370 23
1704567434 63
1704567498 26
1704567562 14
1704567626 18
1704567690 9



# Sketch: 30
1704567114 45
1704567178 17
1704567242 33
1704567306 28
1704567370 38
1704567434 37
1704567498 33
1704567562 44
1704567626 32
1704567690 16



# Sketch: 31
1704567114 43
1704567178 18
1704567242 35
1704567306 50
1704567370 34
1704567434 29
1704567498 10
1704567562 43
1704567626 32
1704567690 11

