

# Sketch: 0
1704567114 34
1704567178 21
1704567242 55
1704567306 27
1704567370 27
1704567434 31
1704567498 33
1704567562 28
1704567626 34
1704567690 16



# Sketch: 1
1704567114 31
1704567178 29
1704567242 64
1704567306 39
1704567370 47
1704567434 113
1704567498 18
1704567562 34
1704567626 40
1704567690 4



# Sketch: 2
1704567114 31
1704567178 12
1704567242 45
1704567306 38
1704567370 29
1704567434 31
1704567498 13
1704567562 33
1704567626 28
1704567690 6



# Sketch: 3
1704567114 50
1704567178 40
1704567242 50
1704567306 37
1704567370 48
1704567434 43
1704567498 33
1704567562 52
1704567626 37
1704567690 6



# Sketch: 4
1704567114 19
1704567178 32
1704567242 35
1704567306 34
1704567370 52
1704567434 29
1704567498 36
1704567562 45
1704567626 22
1704567690 16



# Sketch: 5
1704567114 21
1704567178 16
1704567242 65
1704567306 33
1704567370 36
1704567434 33
1704567498 30
1704567562 39
1704567626 30
1704567690 10



# Sketch: 6
1704567114 36
1704567178 20
1704567242 74
1704567306 46
1704567370 32
1704567434 120
1704567498 41
1704567562 46
1704567626 45
1704567690 10



# Sketch: 7
1704567114 12
1704567178 23
1704567242 54
1704567306 23
1704567370 9
1704567434 10
1704567498 19
1704567562 23
1704567626 26
1704567690 8



# Sketch: 8
1704567114 18
1704567178 9
1704567242 55
1704567306 50
1704567370 23
1704567434 24
1704567498 14
1704567562 30
1704567626 28
1704567690 7



# Sketch: 9
1704567114 14
1704567178 26
1704567242 30
1704567306 32
1704567370 17
1704567434 27
1704567498 30
1704567562 41
1704567626 36
1704567690 13



# Sketch: 10
1704567114 31
1704567178 22
1704567242 23
1704567306 26
1704567370 19
1704567434 24
1704567498 20
1704567562 26
1704567626 35
1704567690 9



# Sketch: 11
1704567114 31
1704567178 21
1704567242 89
1704567306 39
1704567370 25
1704567434 44
1704567498 22
1704567562 39
1704567626 50
1704567690 9



# Sketch: 12
1704567114 24
1704567178 27
1704567242 28
1704567306 17
1704567370 19
1704567434 27
1704567498 21
1704567562 36
1704567626 26
1704567690 18



# Sketch: 13
1704567114 29
1704567178 17
1704567242 56
1704567306 38
1704567370 31
1704567434 23
1704567498 25
1704567562 70
1704567626 17
1704567690 19



# Sketch: 14
1704567114 36
1704567178 18
1704567242 30
1704567306 34
1704567370 34
1704567434 17
1704567498 25
1704567562 13
1704567626 25
1704567690 11



# Sketch: 15
1704567114 44
1704567178 32
1704567242 36
1704567306 29
1704567370 43
1704567434 36
1704567498 31
1704567562 42
1704567626 51
1704567690 17



# Sketch: 16
1704567114 28
1704567178 36
1704567242 54
1704567306 22
1704567370 41
1704567434 20
1704567498 31
1704567562 22
1704567626 21
1704567690 5



# Sketch: 17
1704567114 56
1704567178 9
1704567242 28
1704567306 16
1704567370 33
1704567434 25
1704567498 31
1704567562 37
1704567626 12
1704567690 44



# Sketch: 18
1704567114 29
1704567178 6
1704567242 25
1704567306 38
1704567370 21
1704567434 36
1704567498 22
1704567562 36
1704567626 24
1704567690 7



# Sketch: 19
1704567114 39
1704567178 26
1704567242 22
1704567306 27
1704567370 27
1704567434 22
1704567498 27
1704567562 26
1704567626 35
1704567690 15



# Sketch: 20
1704567114 25
1704567178 30
1704567242 32
1704567306 39
1704567370 32
1704567434 28
1704567498 25
1704567562 35
1704567626 21
1704567690 7



# Sketch: 21
1704567114 31
1704567178 27
1704567242 35
1704567306 42
1704567370 32
1704567434 53
1704567498 23
1704567562 50
1704567626 29
1704567690 13



# Sketch: 22
1704567114 22
1704567178 23
1704567242 19
1704567306 17
1704567370 43
1704567434 24
1704567498 21
1704567562 20
1704567626 13
1704567690 7



# Sketch: 23
1704567114 53
1704567178 28
1704567242 43
1704567306 50
1704567370 45
1704567434 20
1704567498 44
1704567562 26
1704567626 36
1704567690 8



# Sketch: 24
1704567114 54
1704567178 39
1704567242 57
1704567306 61
1704567370 47
1704567434 33
1704567498 68
1704567562 50
1704567626 54
1704567690 10



# Sketch: 25
1704567114 34
1704567178 27
1704567242 36
1704567306 56
1704567370 25
1704567434 57
1704567498 30
1704567562 34
1704567626 20
1704567690 10



# Sketch: 26
1704567114 40
1704567178 22
1704567242 41
1704567306 34
1704567370 23
1704567434 31
1704567498 24
1704567562 23
1704567626 21
1704567690 16



# Sketch: 27
1704567114 39
1704567178 22
1704567242 18
1704567306 29
1704567370 41
1704567434 27
1704567498 31
1704567562 30
1704567626 30
1704567690 19



# Sketch: 28
1704567114 28
1704567178 28
1704567242 20
1704567306 25
1704567370 26
1704567434 56
1704567498 44
1704567562 47
1704567626 33
1704567690 29



# Sketch: 29
1704567114 41
1704567178 40
1704567242 45
1704567306 28
1704567370 28
1704567434 68
1704567498 50
1704567562 33
1704567626 40
1704567690 7



# Sketch: 30
1704567114 34
1704567178 21
1704567242 23
1704567306 28
1704567370 17
1704567434 20
1704567498 21
1704567562 27
1704567626 14
1704567690 8



# Sketch: 31
1704567114 28
1704567178 44
1704567242 46
1704567306 51
1704567370 26
1704567434 54
1704567498 50
1704567562 31
1704567626 38
1704567690 7

