

# Sketch: 0
1704567114 20
1704567146 14
1704567178 7
1704567210 14
1704567242 11
1704567274 44
1704567306 7
1704567338 20
1704567370 10
1704567402 17
1704567434 17
1704567466 14
1704567498 17
1704567530 16
1704567562 14
1704567594 14
1704567626 22
1704567658 12
1704567690 16



# Sketch: 1
1704567114 20
1704567146 11
1704567178 12
1704567210 17
1704567242 31
1704567274 33
1704567306 18
1704567338 21
1704567370 24
1704567402 23
1704567434 96
1704567466 17
1704567498 12
1704567530 6
1704567562 13
1704567594 21
1704567626 18
1704567658 22
1704567690 4



# Sketch: 2
1704567114 18
1704567146 13
1704567178 9
1704567210 3
1704567242 21
1704567274 24
1704567306 17
1704567338 21
1704567370 23
1704567402 6
1704567434 17
1704567466 14
1704567498 9
1704567530 4
1704567562 13
1704567594 20
1704567626 15
1704567658 13
1704567690 6



# Sketch: 3
1704567114 31
1704567146 19
1704567178 27
1704567210 13
1704567242 20
1704567274 30
1704567306 17
1704567338 20
1704567370 24
1704567402 24
1704567434 21
1704567466 22
1704567498 16
1704567530 17
1704567562 35
1704567594 17
1704567626 25
1704567658 12
1704567690 6



# Sketch: 4
1704567114 6
1704567146 13
1704567178 18
1704567210 14
1704567242 17
1704567274 18
1704567306 23
1704567338 11
1704567370 26
1704567402 26
1704567434 7
1704567466 22
1704567498 26
1704567530 10
1704567562 18
1704567594 27
1704567626 14
1704567658 8
1704567690 16



# Sketch: 5
1704567114 15
1704567146 6
1704567178 8
1704567210 8
1704567242 28
1704567274 37
1704567306 15
1704567338 18
1704567370 20
1704567402 16
1704567434 16
1704567466 17
1704567498 18
1704567530 12
1704567562 12
1704567594 27
1704567626 15
1704567658 15
1704567690 10



# Sketch: 6
1704567114 21
1704567146 15
1704567178 13
1704567210 7
1704567242 27
1704567274 47
1704567306 26
1704567338 20
1704567370 17
1704567402 15
1704567434 103
1704567466 17
1704567498 21
1704567530 20
1704567562 18
1704567594 28
1704567626 28
1704567658 17
1704567690 10



# Sketch: 7
1704567114 9
1704567146 3
1704567178 17
1704567210 6
1704567242 23
1704567274 31
1704567306 6
1704567338 17
1704567370 2
1704567402 7
1704567434 5
1704567466 5
1704567498 8
1704567530 11
1704567562 11
1704567594 12
1704567626 13
1704567658 13
1704567690 8



# Sketch: 8
1704567114 8
1704567146 10
1704567178 6
1704567210 3
1704567242 8
1704567274 47
1704567306 22
1704567338 28
1704567370 10
1704567402 13
1704567434 9
1704567466 15
1704567498 7
1704567530 7
1704567562 15
1704567594 15
1704567626 13
1704567658 15
1704567690 7



# Sketch: 9
1704567114 3
1704567146 11
1704567178 20
1704567210 6
1704567242 17
1704567274 13
1704567306 19
1704567338 13
1704567370 6
1704567402 11
1704567434 19
1704567466 8
1704567498 20
1704567530 10
1704567562 14
1704567594 27
1704567626 18
1704567658 18
1704567690 13



# Sketch: 10
1704567114 18
1704567146 13
1704567178 7
1704567210 15
1704567242 15
1704567274 8
1704567306 11
1704567338 15
1704567370 6
1704567402 13
1704567434 8
1704567466 16
1704567498 10
1704567530 10
1704567562 14
1704567594 12
1704567626 22
1704567658 13
1704567690 9



# Sketch: 11
1704567114 19
1704567146 12
1704567178 13
1704567210 8
1704567242 24
1704567274 65
1704567306 29
1704567338 10
1704567370 10
1704567402 15
1704567434 18
1704567466 26
1704567498 13
1704567530 9
1704567562 11
1704567594 28
1704567626 31
1704567658 19
1704567690 9



# Sketch: 12
1704567114 9
1704567146 15
1704567178 13
1704567210 14
1704567242 21
1704567274 7
1704567306 7
1704567338 10
1704567370 12
1704567402 7
1704567434 18
1704567466 9
1704567498 9
1704567530 12
1704567562 17
1704567594 19
1704567626 12
1704567658 14
1704567690 18



# Sketch: 13
1704567114 12
1704567146 17
1704567178 4
1704567210 13
1704567242 23
1704567274 33
1704567306 16
1704567338 22
1704567370 15
1704567402 16
1704567434 6
1704567466 17
1704567498 15
1704567530 10
1704567562 31
1704567594 39
1704567626 6
1704567658 11
1704567690 19



# Sketch: 14
1704567114 14
1704567146 22
1704567178 9
1704567210 9
1704567242 18
1704567274 12
1704567306 14
1704567338 20
1704567370 14
1704567402 20
1704567434 13
1704567466 4
1704567498 10
1704567530 15
1704567562 2
1704567594 11
1704567626 10
1704567658 15
1704567690 11



# Sketch: 15
1704567114 24
1704567146 20
1704567178 10
1704567210 22
1704567242 23
1704567274 13
1704567306 16
1704567338 13
1704567370 18
1704567402 25
1704567434 13
1704567466 23
1704567498 13
1704567530 18
1704567562 16
1704567594 26
1704567626 18
1704567658 33
1704567690 17



# Sketch: 16
1704567114 19
1704567146 9
1704567178 20
1704567210 16
1704567242 19
1704567274 35
1704567306 10
1704567338 12
1704567370 28
1704567402 13
1704567434 9
1704567466 11
1704567498 22
1704567530 9
1704567562 8
1704567594 14
1704567626 12
1704567658 9
1704567690 5



# Sketch: 17
1704567114 38
1704567146 18
1704567178 3
1704567210 6
1704567242 18
1704567274 10
1704567306 3
1704567338 13
1704567370 18
1704567402 15
1704567434 10
1704567466 15
1704567498 21
1704567530 10
1704567562 19
1704567594 18
1704567626 5
1704567658 7
1704567690 44



# Sketch: 18
1704567114 19
1704567146 10
1704567178 3
1704567210 3
1704567242 17
1704567274 8
1704567306 22
1704567338 16
1704567370 14
1704567402 7
1704567434 20
1704567466 16
1704567498 10
1704567530 12
1704567562 10
1704567594 26
1704567626 17
1704567658 7
1704567690 7



# Sketch: 19
1704567114 16
1704567146 23
1704567178 20
1704567210 6
1704567242 15
1704567274 7
1704567306 18
1704567338 9
1704567370 8
1704567402 19
1704567434 14
1704567466 8
1704567498 19
1704567530 8
1704567562 17
1704567594 9
1704567626 12
1704567658 23
1704567690 15



# Sketch: 20
1704567114 14
1704567146 11
1704567178 15
1704567210 15
1704567242 14
1704567274 18
1704567306 25
1704567338 14
1704567370 22
1704567402 10
1704567434 12
1704567466 16
1704567498 10
1704567530 15
1704567562 20
1704567594 15
1704567626 7
1704567658 14
1704567690 7



# Sketch: 21
1704567114 13
1704567146 18
1704567178 12
1704567210 15
1704567242 13
1704567274 22
1704567306 25
1704567338 17
1704567370 9
1704567402 23
1704567434 15
1704567466 38
1704567498 9
1704567530 14
1704567562 19
1704567594 31
1704567626 7
1704567658 22
1704567690 13



# Sketch: 22
1704567114 12
1704567146 10
1704567178 12
1704567210 11
1704567242 5
1704567274 14
1704567306 11
1704567338 6
1704567370 29
1704567402 14
1704567434 4
1704567466 20
1704567498 15
1704567530 6
1704567562 11
1704567594 9
1704567626 6
1704567658 7
1704567690 7



# Sketch: 23
1704567114 11
1704567146 42
1704567178 18
1704567210 10
1704567242 17
1704567274 26
1704567306 24
1704567338 26
1704567370 18
1704567402 27
1704567434 12
1704567466 8
1704567498 8
1704567530 36
1704567562 12
1704567594 14
1704567626 10
1704567658 26
1704567690 8



# Sketch: 24
1704567114 33
1704567146 21
1704567178 34
1704567210 5
1704567242 23
1704567274 34
1704567306 32
1704567338 29
1704567370 19
1704567402 28
1704567434 15
1704567466 18
1704567498 25
1704567530 43
1704567562 25
1704567594 25
1704567626 18
1704567658 36
1704567690 10



# Sketch: 25
1704567114 14
1704567146 20
1704567178 15
1704567210 12
1704567242 17
1704567274 19
1704567306 25
1704567338 31
1704567370 11
1704567402 14
1704567434 31
1704567466 26
1704567498 17
1704567530 13
1704567562 14
1704567594 20
1704567626 10
1704567658 10
1704567690 10



# Sketch: 26
1704567114 21
1704567146 19
1704567178 9
1704567210 13
1704567242 31
1704567274 10
1704567306 13
1704567338 21
1704567370 12
1704567402 11
1704567434 22
1704567466 9
1704567498 11
1704567530 13
1704567562 10
1704567594 13
1704567626 9
1704567658 12
1704567690 16



# Sketch: 27
1704567114 18
1704567146 21
1704567178 7
1704567210 15
1704567242 6
1704567274 12
1704567306 15
1704567338 14
1704567370 31
1704567402 10
1704567434 10
1704567466 17
1704567498 16
1704567530 15
1704567562 17
1704567594 13
1704567626 20
1704567658 10
1704567690 19



# Sketch: 28
1704567114 7
1704567146 21
1704567178 14
1704567210 14
1704567242 9
1704567274 11
1704567306 15
1704567338 10
1704567370 12
1704567402 14
1704567434 29
1704567466 27
1704567498 14
1704567530 30
1704567562 29
1704567594 18
1704567626 17
1704567658 16
1704567690 29



# Sketch: 29
1704567114 23
1704567146 18
1704567178 23
1704567210 17
1704567242 34
1704567274 11
1704567306 15
1704567338 13
1704567370 15
1704567402 13
1704567434 42
1704567466 26
1704567498 33
1704567530 17
1704567562 10
1704567594 23
1704567626 15
1704567658 25
1704567690 7



# Sketch: 30
1704567114 20
1704567146 14
1704567178 14
1704567210 7
1704567242 12
1704567274 11
1704567306 8
1704567338 20
1704567370 10
1704567402 7
1704567434 4
1704567466 16
1704567498 13
1704567530 8
1704567562 14
1704567594 13
1704567626 7
1704567658 7
1704567690 8



# Sketch: 31
1704567114 18
1704567146 10
1704567178 32
1704567210 12
1704567242 32
1704567274 14
1704567306 32
1704567338 19
1704567370 9
1704567402 17
1704567434 30
1704567466 24
1704567498 16
1704567530 34
1704567562 10
1704567594 21
1704567626 9
1704567658 29
1704567690 7

