

# Sketch: 0
0 1.12496
1 0.855397
2 0.84277
3 0.750336
4 0.898489
5 0.628741
6 0.57352
7 1.01217



# Sketch: 1
0 0.403637
1 0.512246
2 0.490438
3 0.463508
4 0.388588
5 0.360912
6 0.434573
7 0.467892



# Sketch: 2
0 0.400521
1 0.372302
2 0.355774
3 0.53647
4 0.63958
5 0.632299
6 0.663884
7 0.542661



# Sketch: 3
0 0.598627
1 0.719494
2 0.694596
3 0.795046
4 0.732795
5 0.663846
6 0.768298
7 0.582887



# Sketch: 4
0 0.989279
1 0.637232
2 0.47286
3 0.941591
4 0.422608
5 0.844054
6 1.64932
7 1.1871



# Sketch: 5
0 1.26646
1 1.27967
2 1.09404
3 1.45959
4 1.50715
5 1.53218
6 1.96755
7 3.06687



# Sketch: 6
0 0.707641
1 0.634812
2 0.679266
3 0.550916
4 0.591191
5 0.655341
6 0.44967
7 0.570156



# Sketch: 7
0 0.259302
1 0.400126
2 0.541464
3 0.751706
4 0.575431
5 0.535855
6 0.23341
7 0.427209



# Sketch: 8
0 0.615575
1 0.620978
2 0.601002
3 0.604121
4 0.664306
5 0.610374
6 0.552778
7 0.52869



# Sketch: 9
0 0.415744
1 0.32819
2 0.428019
3 0.814643
4 0.790026
5 0.350965
6 0.32421
7 3.20263



# Sketch: 10
0 0.996841
1 0.96745
2 1.08746
3 0.891964
4 0.790772
5 1.06852
6 0.658435
7 1.34889



# Sketch: 11
0 0.565089
1 0.509285
2 0.546928
3 0.599106
4 0.556714
5 0.379804
6 0.502119
7 0.559091



# Sketch: 12
0 0.529066
1 0.374048
2 0.419493
3 0.366881
4 0.405253
5 0.387496
6 0.716024
7 0.524096



# Sketch: 13
0 0.24797
1 0.475295
2 0.475021
3 0.822619
4 0.763368
5 0.498256
6 0.223362
7 0.388051



# Sketch: 14
0 0.454734
1 0.384192
2 0.406797
3 0.335451
4 0.351684
5 0.380441
6 0.330459
7 0.734976



# Sketch: 15
0 0.438398
1 0.563026
2 0.543607
3 0.547765
4 0.342963
5 1.25205
6 0.782538
7 0.413599



# Sketch: 16
0 0.660802
1 0.654948
2 0.540642
3 0.477149
4 0.60555
5 0.510838
6 0.507738
7 0.557086



# Sketch: 17
0 0.604209
1 0.469903
2 0.406855
3 0.355256
4 1.13834
5 1.34126
6 0.709129
7 0.523476



# Sketch: 18
0 0.507264
1 0.474097
2 0.504682
3 0.523602
4 0.601336
5 0.638101
6 0.638106
7 0.493478



# Sketch: 19
0 0.556895
1 0.468884
2 0.512644
3 0.643231
4 0.587081
5 0.604059
6 0.757027
7 0.491098



# Sketch: 20
0 0.422896
1 0.516234
2 0.559919
3 0.562942
4 0.633601
5 0.634868
6 0.271033
7 0.406003



# Sketch: 21
0 2.03899
1 2.14359
2 2.30244
3 2.7757
4 2.71469
5 2.28822
6 1.56225
7 1.7226



# Sketch: 22
0 0.708728
1 0.774458
2 0.59647
3 0.492451
4 0.345379
5 0.339885
6 0.368212
7 0.494624



# Sketch: 23
0 0.454565
1 0.476619
2 0.405644
3 0.397648
4 0.401999
5 0.555219
6 0.289265
7 0.442597



# Sketch: 24
0 0.341494
1 0.328469
2 0.352933
3 0.404091
4 0.381274
5 0.573214
6 0.593233
7 0.524803



# Sketch: 25
0 0.74033
1 0.809441
2 1.06953
3 1.23362
4 1.25795
5 0.631987
6 0.632598
7 0.798293



# Sketch: 26
0 0.159779
1 0.260161
2 0.29958
3 0.230996
4 0.283976
5 0.233451
6 0.152135
7 0.366696



# Sketch: 27
0 0.480007
1 0.61569
2 0.562979
3 0.569466
4 0.513777
5 0.539556
6 0.519896
7 0.495171



# Sketch: 28
0 0.285468
1 0.258888
2 0.267462
3 0.272073
4 0.293075
5 0.492148
6 0.381035
7 0.414944



# Sketch: 29
0 0.662575
1 0.517848
2 0.291034
3 0.173673
4 0.250961
5 0.35889
6 0.387314
7 0.341106



# Sketch: 30
0 0.718672
1 0.781623
2 0.658355
3 0.375238
4 0.488257
5 0.182016
6 0.217427
7 0.277896



# Sketch: 31
0 1.07526
1 1.09152
2 1.4668
3 1.39141
4 1.39714
5 1.10637
6 0.55214
7 0.347747

