

# Sketch: 0
1704567114 26
1704567178 33
1704567242 30
1704567306 27
1704567370 22
1704567434 20
1704567498 30
1704567562 44
1704567626 37
1704567690 15



# Sketch: 1
1704567114 35
1704567178 22
1704567242 53
1704567306 27
1704567370 17
1704567434 23
1704567498 34
1704567562 21
1704567626 36
1704567690 16



# Sketch: 2
1704567114 41
1704567178 48
1704567242 63
1704567306 46
1704567370 36
1704567434 22
1704567498 49
1704567562 24
1704567626 43
1704567690 7



# Sketch: 3
1704567114 20
1704567178 15
1704567242 29
1704567306 34
1704567370 33
1704567434 20
1704567498 26
1704567562 40
1704567626 19
1704567690 13



# Sketch: 4
1704567114 23
1704567178 35
1704567242 33
1704567306 18
1704567370 17
1704567434 141
1704567498 13
1704567562 23
1704567626 31
1704567690 18



# Sketch: 5
1704567114 42
1704567178 21
1704567242 37
1704567306 19
1704567370 32
1704567434 33
1704567498 46
1704567562 33
1704567626 27
1704567690 4



# Sketch: 6
1704567114 43
1704567178 18
1704567242 24
1704567306 32
1704567370 34
1704567434 32
1704567498 29
1704567562 36
1704567626 27
1704567690 5



# Sketch: 7
1704567114 8
1704567178 16
1704567242 18
1704567306 33
1704567370 38
1704567434 26
1704567498 33
1704567562 36
1704567626 18
1704567690 18



# Sketch: 8
1704567114 35
1704567178 18
1704567242 51
1704567306 31
1704567370 51
1704567434 30
1704567498 37
1704567562 30
1704567626 17
1704567690 35



# Sketch: 9
1704567114 30
1704567178 10
1704567242 49
1704567306 32
1704567370 27
1704567434 27
1704567498 14
1704567562 45
1704567626 19
1704567690 8



# Sketch: 10
1704567114 45
1704567178 19
1704567242 32
1704567306 44
1704567370 38
1704567434 26
1704567498 27
1704567562 37
1704567626 31
1704567690 14



# Sketch: 11
1704567114 22
1704567178 32
1704567242 25
1704567306 56
1704567370 39
1704567434 22
1704567498 36
1704567562 38
1704567626 35
1704567690 11



# Sketch: 12
1704567114 29
1704567178 28
1704567242 27
1704567306 18
1704567370 18
1704567434 24
1704567498 14
1704567562 54
1704567626 41
1704567690 5



# Sketch: 13
1704567114 36
1704567178 27
1704567242 58
1704567306 48
1704567370 23
1704567434 30
1704567498 27
1704567562 29
1704567626 24
1704567690 17



# Sketch: 14
1704567114 49
1704567178 21
1704567242 40
1704567306 48
1704567370 35
1704567434 71
1704567498 38
1704567562 45
1704567626 20
1704567690 16



# Sketch: 15
1704567114 32
1704567178 24
1704567242 40
1704567306 36
1704567370 45
1704567434 27
1704567498 37
1704567562 57
1704567626 31
1704567690 24



# Sketch: 16
1704567114 32
1704567178 12
1704567242 35
1704567306 48
1704567370 48
1704567434 37
1704567498 24
1704567562 39
1704567626 40
1704567690 21



# Sketch: 17
1704567114 35
1704567178 27
1704567242 44
1704567306 28
1704567370 24
1704567434 30
1704567498 25
1704567562 32
1704567626 37
1704567690 8



# Sketch: 18
1704567114 28
1704567178 19
1704567242 25
1704567306 19
1704567370 23
1704567434 24
1704567498 37
1704567562 35
1704567626 20
1704567690 13



# Sketch: 19
1704567114 17
1704567178 44
1704567242 53
1704567306 32
1704567370 24
1704567434 19
1704567498 39
1704567562 24
1704567626 29
1704567690 16



# Sketch: 20
1704567114 36
1704567178 25
1704567242 69
1704567306 41
1704567370 36
1704567434 33
1704567498 16
1704567562 44
1704567626 25
1704567690 6



# Sketch: 21
1704567114 53
1704567178 42
1704567242 36
1704567306 61
1704567370 32
1704567434 78
1704567498 38
1704567562 33
1704567626 69
1704567690 11



# Sketch: 22
1704567114 35
1704567178 21
1704567242 28
1704567306 28
1704567370 32
1704567434 44
1704567498 26
1704567562 30
1704567626 34
1704567690 7



# Sketch: 23
1704567114 28
1704567178 17
1704567242 26
1704567306 31
1704567370 26
1704567434 35
1704567498 25
1704567562 32
1704567626 12
1704567690 10



# Sketch: 24
1704567114 16
1704567178 25
1704567242 110
1704567306 35
1704567370 26
1704567434 18
1704567498 25
1704567562 37
1704567626 33
1704567690 6



# Sketch: 25
1704567114 55
1704567178 30
1704567242 76
1704567306 29
1704567370 56
1704567434 61
1704567498 35
1704567562 58
1704567626 37
1704567690 8



# Sketch: 26
1704567114 25
1704567178 25
1704567242 22
1704567306 32
1704567370 29
1704567434 25
1704567498 38
1704567562 34
1704567626 17
1704567690 12



# Sketch: 27
1704567114 40
1704567178 43
1704567242 28
1704567306 48
1704567370 37
1704567434 44
1704567498 33
1704567562 19
1704567626 36
1704567690 12



# Sketch: 28
1704567114 28
1704567178 17
1704567242 33
1704567306 19
1704567370 33
1704567434 39
1704567498 30
1704567562 28
1704567626 31
1704567690 12



# Sketch: 29
1704567114 25
1704567178 16
1704567242 72
1704567306 36
1704567370 24
1704567434 17
1704567498 20
1704567562 34
1704567626 35
1704567690 10



# Sketch: 30
1704567114 47
1704567178 21
1704567242 33
1704567306 31
1704567370 30
1704567434 113
1704567498 28
1704567562 36
1704567626 19
1704567690 7



# Sketch: 31
1704567114 26
1704567178 22
1704567242 34
1704567306 38
1704567370 13
1704567434 15
1704567498 24
1704567562 17
1704567626 41
1704567690 6

