

# Sketch: 0
1704567114 26
1704567146 29
1704567178 13
1704567210 6
1704567242 18
1704567274 20
1704567306 18
1704567338 11
1704567370 20
1704567402 12
1704567434 17
1704567466 13
1704567498 15
1704567530 12
1704567562 7
1704567594 10
1704567626 12
1704567658 10
1704567690 11



# Sketch: 1
1704567114 23
1704567146 5
1704567178 15
1704567210 8
1704567242 13
1704567274 53
1704567306 26
1704567338 19
1704567370 13
1704567402 12
1704567434 27
1704567466 24
1704567498 13
1704567530 5
1704567562 6
1704567594 20
1704567626 10
1704567658 21
1704567690 16



# Sketch: 2
1704567114 6
1704567146 15
1704567178 10
1704567210 14
1704567242 24
1704567274 12
1704567306 17
1704567338 16
1704567370 18
1704567402 8
1704567434 11
1704567466 11
1704567498 15
1704567530 18
1704567562 12
1704567594 9
1704567626 10
1704567658 13
1704567690 19



# Sketch: 3
1704567114 12
1704567146 14
1704567178 6
1704567210 7
1704567242 37
1704567274 15
1704567306 11
1704567338 24
1704567370 15
1704567402 15
1704567434 22
1704567466 26
1704567498 16
1704567530 9
1704567562 16
1704567594 48
1704567626 17
1704567658 9
1704567690 16



# Sketch: 4
1704567114 22
1704567146 16
1704567178 22
1704567210 16
1704567242 19
1704567274 16
1704567306 24
1704567338 29
1704567370 20
1704567402 16
1704567434 11
1704567466 19
1704567498 16
1704567530 13
1704567562 22
1704567594 29
1704567626 28
1704567658 24
1704567690 13



# Sketch: 5
1704567114 18
1704567146 31
1704567178 8
1704567210 18
1704567242 20
1704567274 45
1704567306 12
1704567338 11
1704567370 7
1704567402 10
1704567434 8
1704567466 9
1704567498 27
1704567530 12
1704567562 13
1704567594 42
1704567626 11
1704567658 10
1704567690 9



# Sketch: 6
1704567114 21
1704567146 16
1704567178 25
1704567210 9
1704567242 18
1704567274 21
1704567306 25
1704567338 16
1704567370 32
1704567402 15
1704567434 11
1704567466 17
1704567498 16
1704567530 25
1704567562 9
1704567594 15
1704567626 11
1704567658 17
1704567690 19



# Sketch: 7
1704567114 17
1704567146 9
1704567178 4
1704567210 12
1704567242 30
1704567274 16
1704567306 20
1704567338 13
1704567370 22
1704567402 18
1704567434 10
1704567466 13
1704567498 17
1704567530 20
1704567562 27
1704567594 23
1704567626 30
1704567658 15
1704567690 5



# Sketch: 8
1704567114 20
1704567146 21
1704567178 13
1704567210 11
1704567242 12
1704567274 24
1704567306 9
1704567338 14
1704567370 20
1704567402 14
1704567434 26
1704567466 15
1704567498 17
1704567530 9
1704567562 19
1704567594 19
1704567626 12
1704567658 11
1704567690 20



# Sketch: 9
1704567114 13
1704567146 18
1704567178 12
1704567210 12
1704567242 20
1704567274 17
1704567306 20
1704567338 21
1704567370 19
1704567402 15
1704567434 16
1704567466 29
1704567498 13
1704567530 27
1704567562 11
1704567594 12
1704567626 11
1704567658 12
1704567690 8



# Sketch: 10
1704567114 22
1704567146 17
1704567178 19
1704567210 12
1704567242 14
1704567274 22
1704567306 14
1704567338 17
1704567370 15
1704567402 28
1704567434 13
1704567466 17
1704567498 4
1704567530 10
1704567562 10
1704567594 32
1704567626 15
1704567658 17
1704567690 8



# Sketch: 11
1704567114 19
1704567146 43
1704567178 18
1704567210 2
1704567242 21
1704567274 8
1704567306 14
1704567338 30
1704567370 7
1704567402 16
1704567434 108
1704567466 16
1704567498 12
1704567530 6
1704567562 27
1704567594 20
1704567626 10
1704567658 9
1704567690 13



# Sketch: 12
1704567114 4
1704567146 15
1704567178 9
1704567210 2
1704567242 8
1704567274 8
1704567306 17
1704567338 10
1704567370 11
1704567402 15
1704567434 12
1704567466 3
1704567498 6
1704567530 7
1704567562 19
1704567594 15
1704567626 16
1704567658 7
1704567690 10



# Sketch: 13
1704567114 11
1704567146 9
1704567178 7
1704567210 20
1704567242 17
1704567274 19
1704567306 9
1704567338 16
1704567370 10
1704567402 8
1704567434 20
1704567466 11
1704567498 32
1704567530 23
1704567562 20
1704567594 4
1704567626 10
1704567658 13
1704567690 10



# Sketch: 14
1704567114 14
1704567146 35
1704567178 28
1704567210 12
1704567242 17
1704567274 22
1704567306 29
1704567338 12
1704567370 8
1704567402 22
1704567434 14
1704567466 21
1704567498 26
1704567530 29
1704567562 30
1704567594 16
1704567626 16
1704567658 36
1704567690 12



# Sketch: 15
1704567114 14
1704567146 14
1704567178 10
1704567210 6
1704567242 11
1704567274 13
1704567306 20
1704567338 25
1704567370 21
1704567402 5
1704567434 101
1704567466 48
1704567498 12
1704567530 18
1704567562 17
1704567594 25
1704567626 13
1704567658 16
1704567690 8



# Sketch: 16
1704567114 33
1704567146 10
1704567178 13
1704567210 4
1704567242 14
1704567274 12
1704567306 17
1704567338 19
1704567370 10
1704567402 20
1704567434 8
1704567466 7
1704567498 12
1704567530 15
1704567562 10
1704567594 11
1704567626 8
1704567658 15
1704567690 13



# Sketch: 17
1704567114 28
1704567146 13
1704567178 4
1704567210 16
1704567242 13
1704567274 12
1704567306 17
1704567338 18
1704567370 9
1704567402 23
1704567434 11
1704567466 11
1704567498 17
1704567530 15
1704567562 8
1704567594 16
1704567626 10
1704567658 8
1704567690 9



# Sketch: 18
1704567114 23
1704567146 14
1704567178 14
1704567210 8
1704567242 18
1704567274 35
1704567306 16
1704567338 24
1704567370 6
1704567402 10
1704567434 20
1704567466 20
1704567498 25
1704567530 7
1704567562 13
1704567594 5
1704567626 16
1704567658 17
1704567690 38



# Sketch: 19
1704567114 24
1704567146 13
1704567178 13
1704567210 14
1704567242 41
1704567274 22
1704567306 30
1704567338 6
1704567370 21
1704567402 14
1704567434 31
1704567466 28
1704567498 9
1704567530 15
1704567562 17
1704567594 36
1704567626 25
1704567658 15
1704567690 17



# Sketch: 20
1704567114 14
1704567146 6
1704567178 7
1704567210 7
1704567242 12
1704567274 32
1704567306 9
1704567338 20
1704567370 5
1704567402 6
1704567434 13
1704567466 11
1704567498 15
1704567530 9
1704567562 31
1704567594 10
1704567626 11
1704567658 11
1704567690 11



# Sketch: 21
1704567114 5
1704567146 6
1704567178 8
1704567210 10
1704567242 20
1704567274 24
1704567306 18
1704567338 17
1704567370 16
1704567402 9
1704567434 33
1704567466 10
1704567498 13
1704567530 4
1704567562 9
1704567594 8
1704567626 16
1704567658 11
1704567690 7



# Sketch: 22
1704567114 17
1704567146 22
1704567178 29
1704567210 11
1704567242 23
1704567274 22
1704567306 22
1704567338 11
1704567370 14
1704567402 15
1704567434 21
1704567466 24
1704567498 6
1704567530 33
1704567562 18
1704567594 30
1704567626 13
1704567658 27
1704567690 15



# Sketch: 23
1704567114 11
1704567146 9
1704567178 13
1704567210 8
1704567242 18
1704567274 15
1704567306 12
1704567338 15
1704567370 15
1704567402 23
1704567434 12
1704567466 19
1704567498 19
1704567530 19
1704567562 11
1704567594 24
1704567626 15
1704567658 14
1704567690 8



# Sketch: 24
1704567114 26
1704567146 6
1704567178 8
1704567210 16
1704567242 6
1704567274 31
1704567306 14
1704567338 11
1704567370 21
1704567402 11
1704567434 5
1704567466 10
1704567498 12
1704567530 14
1704567562 3
1704567594 21
1704567626 14
1704567658 15
1704567690 20



# Sketch: 25
1704567114 34
1704567146 23
1704567178 33
1704567210 16
1704567242 40
1704567274 65
1704567306 37
1704567338 29
1704567370 31
1704567402 35
1704567434 26
1704567466 30
1704567498 21
1704567530 28
1704567562 34
1704567594 33
1704567626 16
1704567658 56
1704567690 14



# Sketch: 26
1704567114 12
1704567146 9
1704567178 15
1704567210 14
1704567242 18
1704567274 61
1704567306 11
1704567338 19
1704567370 28
1704567402 8
1704567434 8
1704567466 10
1704567498 4
1704567530 12
1704567562 13
1704567594 18
1704567626 10
1704567658 14
1704567690 13



# Sketch: 27
1704567114 11
1704567146 9
1704567178 17
1704567210 13
1704567242 35
1704567274 20
1704567306 18
1704567338 25
1704567370 6
1704567402 16
1704567434 11
1704567466 10
1704567498 8
1704567530 8
1704567562 8
1704567594 17
1704567626 15
1704567658 16
1704567690 4



# Sketch: 28
1704567114 13
1704567146 17
1704567178 5
1704567210 5
1704567242 15
1704567274 7
1704567306 16
1704567338 12
1704567370 16
1704567402 29
1704567434 11
1704567466 8
1704567498 16
1704567530 11
1704567562 14
1704567594 12
1704567626 32
1704567658 11
1704567690 3



# Sketch: 29
1704567114 13
1704567146 15
1704567178 16
1704567210 10
1704567242 15
1704567274 19
1704567306 15
1704567338 21
1704567370 24
1704567402 26
1704567434 10
1704567466 19
1704567498 8
1704567530 14
1704567562 9
1704567594 19
1704567626 4
1704567658 13
1704567690 6



# Sketch: 30
1704567114 4
1704567146 16
1704567178 23
1704567210 20
1704567242 8
1704567274 5
1704567306 9
1704567338 9
1704567370 6
1704567402 9
1704567434 7
1704567466 19
1704567498 24
1704567530 15
1704567562 10
1704567594 11
1704567626 11
1704567658 12
1704567690 5



# Sketch: 31
1704567114 13
1704567146 4
1704567178 7
1704567210 10
1704567242 14
1704567274 11
1704567306 10
1704567338 9
1704567370 16
1704567402 13
1704567434 11
1704567466 13
1704567498 17
1704567530 8
1704567562 26
1704567594 15
1704567626 13
1704567658 15
1704567690 11

