

# Sketch: 0
1704637914 14
1704637946 11
1704637978 14
1704638010 16
1704638042 32
1704638074 15
1704638106 26
1704638138 44
1704638170 57
1704638202 40
1704638234 10
1704638266 15
1704638298 18
1704638330 14
1704638362 8
1704638394 29
1704638426 20
1704638458 18
1704638490 12



# Sketch: 1
1704637914 19
1704637946 28
1704637978 12
1704638010 10
1704638042 13
1704638074 20
1704638106 25
1704638138 32
1704638170 32
1704638202 17
1704638234 12
1704638266 19
1704638298 20
1704638330 36
1704638362 9
1704638394 10
1704638426 10
1704638458 14
1704638490 8



# Sketch: 2
1704637914 41
1704637946 8
1704637978 26
1704638010 19
1704638042 27
1704638074 13
1704638106 34
1704638138 61
1704638170 32
1704638202 29
1704638234 35
1704638266 20
1704638298 13
1704638330 23
1704638362 32
1704638394 18
1704638426 7
1704638458 23
1704638490 15



# Sketch: 3
1704637914 9
1704637946 4
1704637978 10
1704638010 9
1704638042 8
1704638074 10
1704638106 20
1704638138 33
1704638170 56
1704638202 29
1704638234 12
1704638266 14
1704638298 16
1704638330 9
1704638362 3
1704638394 22
1704638426 15
1704638458 23
1704638490 16



# Sketch: 4
1704637914 32
1704637946 10
1704637978 24
1704638010 10
1704638042 16
1704638074 15
1704638106 10
1704638138 33
1704638170 58
1704638202 26
1704638234 18
1704638266 10
1704638298 14
1704638330 7
1704638362 22
1704638394 9
1704638426 8
1704638458 6
1704638490 14



# Sketch: 5
1704637914 24
1704637946 13
1704637978 5
1704638010 7
1704638042 9
1704638074 9
1704638106 12
1704638138 29
1704638170 60
1704638202 29
1704638234 10
1704638266 10
1704638298 7
1704638330 19
1704638362 13
1704638394 15
1704638426 4
1704638458 6
1704638490 19



# Sketch: 6
1704637914 8
1704637946 22
1704637978 18
1704638010 54
1704638042 21
1704638074 26
1704638106 12
1704638138 48
1704638170 25
1704638202 21
1704638234 12
1704638266 21
1704638298 18
1704638330 12
1704638362 11
1704638394 9
1704638426 18
1704638458 9
1704638490 6



# Sketch: 7
1704637914 24
1704637946 5
1704637978 16
1704638010 14
1704638042 5
1704638074 13
1704638106 14
1704638138 23
1704638170 26
1704638202 8
1704638234 10
1704638266 5
1704638298 10
1704638330 13
1704638362 8
1704638394 11
1704638426 23
1704638458 9
1704638490 16



# Sketch: 8
1704637914 34
1704637946 8
1704637978 12
1704638010 29
1704638042 16
1704638074 6
1704638106 25
1704638138 60
1704638170 59
1704638202 41
1704638234 18
1704638266 12
1704638298 10
1704638330 19
1704638362 14
1704638394 6
1704638426 14
1704638458 8
1704638490 11



# Sketch: 9
1704637914 10
1704637946 9
1704637978 17
1704638010 15
1704638042 20
1704638074 8
1704638106 11
1704638138 37
1704638170 72
1704638202 17
1704638234 3
1704638266 11
1704638298 8
1704638330 17
1704638362 27
1704638394 5
1704638426 32
1704638458 20
1704638490 10



# Sketch: 10
1704637914 20
1704637946 10
1704637978 25
1704638010 17
1704638042 13
1704638074 29
1704638106 43
1704638138 51
1704638170 68
1704638202 30
1704638234 26
1704638266 25
1704638298 7
1704638330 20
1704638362 20
1704638394 21
1704638426 30
1704638458 31
1704638490 17



# Sketch: 11
1704637914 16
1704637946 9
1704637978 16
1704638010 34
1704638042 9
1704638074 7
1704638106 19
1704638138 56
1704638170 90
1704638202 32
1704638234 12
1704638266 17
1704638298 17
1704638330 30
1704638362 18
1704638394 17
1704638426 17
1704638458 12
1704638490 13



# Sketch: 12
1704637914 16
1704637946 14
1704637978 11
1704638010 6
1704638042 20
1704638074 10
1704638106 25
1704638138 30
1704638170 56
1704638202 21
1704638234 19
1704638266 7
1704638298 8
1704638330 20
1704638362 24
1704638394 21
1704638426 11
1704638458 5
1704638490 11



# Sketch: 13
1704637914 16
1704637946 22
1704637978 20
1704638010 9
1704638042 8
1704638074 20
1704638106 8
1704638138 58
1704638170 99
1704638202 28
1704638234 5
1704638266 12
1704638298 10
1704638330 17
1704638362 4
1704638394 26
1704638426 17
1704638458 13
1704638490 9



# Sketch: 14
1704637914 19
1704637946 20
1704637978 23
1704638010 7
1704638042 17
1704638074 6
1704638106 7
1704638138 20
1704638170 68
1704638202 20
1704638234 9
1704638266 15
1704638298 20
1704638330 10
1704638362 8
1704638394 28
1704638426 25
1704638458 11
1704638490 6



# Sketch: 15
1704637914 9
1704637946 22
1704637978 9
1704638010 11
1704638042 21
1704638074 6
1704638106 15
1704638138 17
1704638170 69
1704638202 13
1704638234 22
1704638266 7
1704638298 19
1704638330 47
1704638362 20
1704638394 14
1704638426 29
1704638458 11
1704638490 6



# Sketch: 16
1704637914 24
1704637946 13
1704637978 10
1704638010 8
1704638042 18
1704638074 29
1704638106 14
1704638138 56
1704638170 42
1704638202 44
1704638234 8
1704638266 19
1704638298 18
1704638330 20
1704638362 12
1704638394 14
1704638426 17
1704638458 20
1704638490 15



# Sketch: 17
1704637914 14
1704637946 10
1704637978 12
1704638010 34
1704638042 8
1704638074 34
1704638106 23
1704638138 91
1704638170 139
1704638202 48
1704638234 23
1704638266 16
1704638298 17
1704638330 33
1704638362 13
1704638394 15
1704638426 19
1704638458 24
1704638490 15



# Sketch: 18
1704637914 13
1704637946 10
1704637978 13
1704638010 14
1704638042 29
1704638074 17
1704638106 14
1704638138 28
1704638170 110
1704638202 43
1704638234 11
1704638266 9
1704638298 5
1704638330 14
1704638362 11
1704638394 20
1704638426 18
1704638458 7
1704638490 12



# Sketch: 19
1704637914 18
1704637946 15
1704637978 13
1704638010 15
1704638042 41
1704638074 13
1704638106 11
1704638138 26
1704638170 64
1704638202 32
1704638234 18
1704638266 12
1704638298 20
1704638330 7
1704638362 8
1704638394 24
1704638426 21
1704638458 3
1704638490 15



# Sketch: 20
1704637914 9
1704637946 15
1704637978 7
1704638010 10
1704638042 12
1704638074 15
1704638106 17
1704638138 18
1704638170 30
1704638202 15
1704638234 14
1704638266 8
1704638298 2
1704638330 9
1704638362 13
1704638394 12
1704638426 9
1704638458 6
1704638490 8



# Sketch: 21
1704637914 35
1704637946 13
1704637978 6
1704638010 21
1704638042 36
1704638074 14
1704638106 10
1704638138 26
1704638170 42
1704638202 24
1704638234 13
1704638266 19
1704638298 13
1704638330 20
1704638362 7
1704638394 27
1704638426 11
1704638458 23
1704638490 11



# Sketch: 22
1704637914 37
1704637946 16
1704637978 10
1704638010 20
1704638042 26
1704638074 11
1704638106 16
1704638138 43
1704638170 53
1704638202 27
1704638234 26
1704638266 16
1704638298 25
1704638330 12
1704638362 26
1704638394 20
1704638426 18
1704638458 23
1704638490 10



# Sketch: 23
1704637914 21
1704637946 12
1704637978 32
1704638010 25
1704638042 21
1704638074 9
1704638106 12
1704638138 32
1704638170 86
1704638202 15
1704638234 8
1704638266 11
1704638298 16
1704638330 12
1704638362 5
1704638394 19
1704638426 32
1704638458 24
1704638490 12



# Sketch: 24
1704637914 56
1704637946 36
1704637978 23
1704638010 22
1704638042 31
1704638074 15
1704638106 34
1704638138 47
1704638170 60
1704638202 43
1704638234 28
1704638266 8
1704638298 12
1704638330 36
1704638362 16
1704638394 41
1704638426 54
1704638458 199
1704638490 164



# Sketch: 25
1704637914 23
1704637946 10
1704637978 31
1704638010 21
1704638042 13
1704638074 12
1704638106 17
1704638138 43
1704638170 80
1704638202 26
1704638234 23
1704638266 21
1704638298 22
1704638330 13
1704638362 7
1704638394 18
1704638426 13
1704638458 28
1704638490 14



# Sketch: 26
1704637914 30
1704637946 11
1704637978 17
1704638010 24
1704638042 22
1704638074 15
1704638106 12
1704638138 48
1704638170 91
1704638202 34
1704638234 13
1704638266 21
1704638298 32
1704638330 16
1704638362 24
1704638394 25
1704638426 11
1704638458 16
1704638490 9



# Sketch: 27
1704637914 26
1704637946 15
1704637978 12
1704638010 9
1704638042 11
1704638074 18
1704638106 9
1704638138 66
1704638170 84
1704638202 48
1704638234 10
1704638266 9
1704638298 15
1704638330 53
1704638362 28
1704638394 12
1704638426 23
1704638458 10
1704638490 4



# Sketch: 28
1704637914 15
1704637946 20
1704637978 8
1704638010 7
1704638042 7
1704638074 10
1704638106 14
1704638138 24
1704638170 29
1704638202 14
1704638234 11
1704638266 4
1704638298 17
1704638330 10
1704638362 13
1704638394 13
1704638426 9
1704638458 22
1704638490 1



# Sketch: 29
1704637914 9
1704637946 8
1704637978 7
1704638010 7
1704638042 10
1704638074 8
1704638106 8
1704638138 18
1704638170 87
1704638202 36
1704638234 12
1704638266 11
1704638298 10
1704638330 8
1704638362 11
1704638394 11
1704638426 25
1704638458 18
1704638490 11



# Sketch: 30
1704637914 32
1704637946 10
1704637978 21
1704638010 10
1704638042 10
1704638074 15
1704638106 23
1704638138 45
1704638170 69
1704638202 20
1704638234 11
1704638266 14
1704638298 18
1704638330 22
1704638362 7
1704638394 12
1704638426 19
1704638458 13
1704638490 11



# Sketch: 31
1704637914 6
1704637946 8
1704637978 11
1704638010 11
1704638042 12
1704638074 16
1704638106 18
1704638138 21
1704638170 54
1704638202 16
1704638234 5
1704638266 9
1704638298 5
1704638330 5
1704638362 11
1704638394 7
1704638426 6
1704638458 12
1704638490 20

