

# Sketch: 0
1704637914 20
1704637946 8
1704637978 12
1704638010 20
1704638042 14
1704638074 11
1704638106 30
1704638138 28
1704638170 89
1704638202 33
1704638234 13
1704638266 13
1704638298 8
1704638330 36
1704638362 26
1704638394 12
1704638426 16
1704638458 8
1704638490 11



# Sketch: 1
1704637914 24
1704637946 17
1704637978 22
1704638010 18
1704638042 12
1704638074 7
1704638106 7
1704638138 48
1704638170 80
1704638202 18
1704638234 18
1704638266 10
1704638298 14
1704638330 12
1704638362 13
1704638394 9
1704638426 9
1704638458 7
1704638490 24



# Sketch: 2
1704637914 25
1704637946 7
1704637978 32
1704638010 19
1704638042 19
1704638074 9
1704638106 12
1704638138 54
1704638170 87
1704638202 18
1704638234 10
1704638266 9
1704638298 30
1704638330 14
1704638362 13
1704638394 19
1704638426 28
1704638458 12
1704638490 9



# Sketch: 3
1704637914 32
1704637946 12
1704637978 26
1704638010 5
1704638042 15
1704638074 12
1704638106 13
1704638138 25
1704638170 37
1704638202 22
1704638234 21
1704638266 15
1704638298 17
1704638330 22
1704638362 9
1704638394 35
1704638426 28
1704638458 12
1704638490 6



# Sketch: 4
1704637914 19
1704637946 7
1704637978 13
1704638010 15
1704638042 16
1704638074 31
1704638106 20
1704638138 33
1704638170 117
1704638202 33
1704638234 9
1704638266 14
1704638298 4
1704638330 9
1704638362 10
1704638394 20
1704638426 16
1704638458 7
1704638490 16



# Sketch: 5
1704637914 12
1704637946 15
1704637978 17
1704638010 19
1704638042 18
1704638074 14
1704638106 19
1704638138 23
1704638170 48
1704638202 41
1704638234 5
1704638266 11
1704638298 15
1704638330 21
1704638362 9
1704638394 15
1704638426 25
1704638458 10
1704638490 13



# Sketch: 6
1704637914 39
1704637946 28
1704637978 15
1704638010 16
1704638042 14
1704638074 19
1704638106 7
1704638138 46
1704638170 127
1704638202 26
1704638234 11
1704638266 9
1704638298 24
1704638330 27
1704638362 24
1704638394 16
1704638426 15
1704638458 22
1704638490 2



# Sketch: 7
1704637914 30
1704637946 7
1704637978 13
1704638010 19
1704638042 29
1704638074 12
1704638106 26
1704638138 26
1704638170 49
1704638202 30
1704638234 15
1704638266 13
1704638298 12
1704638330 28
1704638362 17
1704638394 18
1704638426 11
1704638458 9
1704638490 11



# Sketch: 8
1704637914 17
1704637946 14
1704637978 13
1704638010 37
1704638042 4
1704638074 9
1704638106 7
1704638138 28
1704638170 26
1704638202 14
1704638234 9
1704638266 9
1704638298 8
1704638330 48
1704638362 16
1704638394 10
1704638426 16
1704638458 19
1704638490 12



# Sketch: 9
1704637914 15
1704637946 46
1704637978 14
1704638010 13
1704638042 32
1704638074 12
1704638106 9
1704638138 17
1704638170 23
1704638202 13
1704638234 21
1704638266 13
1704638298 16
1704638330 23
1704638362 13
1704638394 19
1704638426 22
1704638458 21
1704638490 11



# Sketch: 10
1704637914 17
1704637946 5
1704637978 33
1704638010 18
1704638042 11
1704638074 10
1704638106 21
1704638138 47
1704638170 70
1704638202 40
1704638234 19
1704638266 9
1704638298 5
1704638330 23
1704638362 29
1704638394 8
1704638426 10
1704638458 21
1704638490 25



# Sketch: 11
1704637914 11
1704637946 7
1704637978 11
1704638010 11
1704638042 18
1704638074 8
1704638106 10
1704638138 25
1704638170 38
1704638202 31
1704638234 12
1704638266 17
1704638298 18
1704638330 13
1704638362 14
1704638394 16
1704638426 13
1704638458 16
1704638490 10



# Sketch: 12
1704637914 31
1704637946 12
1704637978 15
1704638010 20
1704638042 21
1704638074 27
1704638106 22
1704638138 29
1704638170 38
1704638202 22
1704638234 16
1704638266 28
1704638298 14
1704638330 27
1704638362 10
1704638394 16
1704638426 16
1704638458 12
1704638490 12



# Sketch: 13
1704637914 21
1704637946 7
1704637978 27
1704638010 22
1704638042 11
1704638074 18
1704638106 35
1704638138 59
1704638170 115
1704638202 42
1704638234 23
1704638266 15
1704638298 16
1704638330 21
1704638362 16
1704638394 15
1704638426 12
1704638458 37
1704638490 14



# Sketch: 14
1704637914 22
1704637946 7
1704637978 16
1704638010 16
1704638042 19
1704638074 11
1704638106 5
1704638138 40
1704638170 71
1704638202 20
1704638234 16
1704638266 9
1704638298 17
1704638330 13
1704638362 16
1704638394 11
1704638426 25
1704638458 11
1704638490 11



# Sketch: 15
1704637914 7
1704637946 15
1704637978 9
1704638010 16
1704638042 30
1704638074 5
1704638106 17
1704638138 25
1704638170 55
1704638202 9
1704638234 4
1704638266 13
1704638298 18
1704638330 9
1704638362 4
1704638394 35
1704638426 19
1704638458 27
1704638490 19



# Sketch: 16
1704637914 32
1704637946 13
1704637978 16
1704638010 14
1704638042 21
1704638074 10
1704638106 8
1704638138 39
1704638170 29
1704638202 31
1704638234 14
1704638266 21
1704638298 29
1704638330 11
1704638362 10
1704638394 20
1704638426 7
1704638458 18
1704638490 8



# Sketch: 17
1704637914 6
1704637946 13
1704637978 9
1704638010 6
1704638042 7
1704638074 8
1704638106 16
1704638138 37
1704638170 62
1704638202 28
1704638234 8
1704638266 10
1704638298 8
1704638330 5
1704638362 14
1704638394 17
1704638426 16
1704638458 13
1704638490 11



# Sketch: 18
1704637914 24
1704637946 12
1704637978 9
1704638010 20
1704638042 17
1704638074 9
1704638106 16
1704638138 49
1704638170 64
1704638202 42
1704638234 2
1704638266 6
1704638298 14
1704638330 49
1704638362 19
1704638394 20
1704638426 16
1704638458 17
1704638490 8



# Sketch: 19
1704637914 17
1704637946 11
1704637978 15
1704638010 13
1704638042 10
1704638074 8
1704638106 13
1704638138 54
1704638170 110
1704638202 31
1704638234 11
1704638266 9
1704638298 10
1704638330 3
1704638362 14
1704638394 14
1704638426 15
1704638458 16
1704638490 6



# Sketch: 20
1704637914 11
1704637946 10
1704637978 8
1704638010 18
1704638042 12
1704638074 31
1704638106 11
1704638138 41
1704638170 44
1704638202 24
1704638234 24
1704638266 12
1704638298 12
1704638330 16
1704638362 8
1704638394 22
1704638426 11
1704638458 9
1704638490 10



# Sketch: 21
1704637914 6
1704637946 17
1704637978 8
1704638010 27
1704638042 30
1704638074 21
1704638106 10
1704638138 40
1704638170 99
1704638202 33
1704638234 17
1704638266 15
1704638298 8
1704638330 8
1704638362 18
1704638394 15
1704638426 12
1704638458 15
1704638490 12



# Sketch: 22
1704637914 27
1704637946 14
1704637978 20
1704638010 13
1704638042 18
1704638074 10
1704638106 16
1704638138 63
1704638170 61
1704638202 31
1704638234 10
1704638266 3
1704638298 14
1704638330 8
1704638362 10
1704638394 15
1704638426 14
1704638458 13
1704638490 6



# Sketch: 23
1704637914 37
1704637946 13
1704637978 15
1704638010 25
1704638042 28
1704638074 9
1704638106 22
1704638138 44
1704638170 74
1704638202 31
1704638234 15
1704638266 22
1704638298 17
1704638330 27
1704638362 16
1704638394 26
1704638426 18
1704638458 13
1704638490 20



# Sketch: 24
1704637914 32
1704637946 17
1704637978 10
1704638010 11
1704638042 23
1704638074 11
1704638106 21
1704638138 33
1704638170 45
1704638202 39
1704638234 32
1704638266 8
1704638298 14
1704638330 16
1704638362 16
1704638394 15
1704638426 26
1704638458 11
1704638490 19



# Sketch: 25
1704637914 20
1704637946 20
1704637978 11
1704638010 10
1704638042 16
1704638074 10
1704638106 20
1704638138 28
1704638170 32
1704638202 28
1704638234 20
1704638266 17
1704638298 15
1704638330 14
1704638362 10
1704638394 15
1704638426 46
1704638458 201
1704638490 157



# Sketch: 26
1704637914 5
1704637946 5
1704637978 13
1704638010 16
1704638042 7
1704638074 7
1704638106 18
1704638138 24
1704638170 34
1704638202 21
1704638234 12
1704638266 7
1704638298 13
1704638330 11
1704638362 16
1704638394 6
1704638426 14
1704638458 4
1704638490 7



# Sketch: 27
1704637914 13
1704637946 4
1704637978 9
1704638010 7
1704638042 11
1704638074 18
1704638106 13
1704638138 51
1704638170 75
1704638202 27
1704638234 20
1704638266 23
1704638298 10
1704638330 14
1704638362 15
1704638394 11
1704638426 15
1704638458 12
1704638490 11



# Sketch: 28
1704637914 25
1704637946 21
1704637978 13
1704638010 10
1704638042 12
1704638074 11
1704638106 41
1704638138 24
1704638170 52
1704638202 26
1704638234 5
1704638266 13
1704638298 13
1704638330 24
1704638362 14
1704638394 26
1704638426 20
1704638458 17
1704638490 13



# Sketch: 29
1704637914 22
1704637946 18
1704637978 9
1704638010 19
1704638042 14
1704638074 12
1704638106 15
1704638138 34
1704638170 36
1704638202 21
1704638234 9
1704638266 19
1704638298 12
1704638330 18
1704638362 6
1704638394 14
1704638426 18
1704638458 9
1704638490 7



# Sketch: 30
1704637914 20
1704637946 17
1704637978 21
1704638010 17
1704638042 12
1704638074 20
1704638106 36
1704638138 132
1704638170 109
1704638202 44
1704638234 32
1704638266 17
1704638298 16
1704638330 17
1704638362 22
1704638394 21
1704638426 32
1704638458 23
1704638490 13



# Sketch: 31
1704637914 40
1704637946 18
1704637978 17
1704638010 15
1704638042 41
1704638074 54
1704638106 22
1704638138 18
1704638170 51
1704638202 17
1704638234 14
1704638266 18
1704638298 21
1704638330 16
1704638362 6
1704638394 20
1704638426 24
1704638458 25
1704638490 7

