

# Sketch: 0
1704637914 0
1704637930 0
1704637946 2
1704637962 5
1704637978 13
1704637994 12
1704638010 14
1704638026 4
1704638042 4
1704638058 10
1704638074 6
1704638090 2
1704638106 14
1704638122 2
1704638138 4
1704638154 24
1704638170 58
1704638186 34
1704638202 16
1704638218 5
1704638234 6
1704638250 3
1704638266 4
1704638282 14
1704638298 4
1704638314 7
1704638330 5
1704638346 3
1704638362 3
1704638378 9
1704638394 2
1704638410 11
1704638426 14
1704638442 7
1704638458 8
1704638474 4
1704638490 4
1704638506 2



# Sketch: 1
1704637914 13
1704637930 24
1704637946 5
1704637962 3
1704637978 3
1704637994 6
1704638010 10
1704638026 8
1704638042 8
1704638058 3
1704638074 4
1704638090 3
1704638106 11
1704638122 5
1704638138 4
1704638154 39
1704638170 35
1704638186 18
1704638202 32
1704638218 4
1704638234 4
1704638250 11
1704638266 2
1704638282 5
1704638298 8
1704638314 10
1704638330 6
1704638346 5
1704638362 8
1704638378 3
1704638394 7
1704638410 9
1704638426 2
1704638442 0
1704638458 9
1704638474 5
1704638490 4
1704638506 0



# Sketch: 2
1704637914 10
1704637930 10
1704637946 5
1704637962 6
1704637978 5
1704637994 6
1704638010 8
1704638026 29
1704638042 3
1704638058 5
1704638074 8
1704638090 2
1704638106 6
1704638122 16
1704638138 7
1704638154 108
1704638170 63
1704638186 17
1704638202 30
1704638218 4
1704638234 0
1704638250 4
1704638266 4
1704638282 4
1704638298 5
1704638314 3
1704638330 5
1704638346 3
1704638362 6
1704638378 7
1704638394 3
1704638410 5
1704638426 3
1704638442 4
1704638458 12
1704638474 0
1704638490 6
1704638506 3



# Sketch: 3
1704637914 34
1704637930 29
1704637946 4
1704637962 3
1704637978 9
1704637994 5
1704638010 10
1704638026 4
1704638042 13
1704638058 16
1704638074 2
1704638090 10
1704638106 18
1704638122 15
1704638138 2
1704638154 27
1704638170 22
1704638186 34
1704638202 13
1704638218 4
1704638234 11
1704638250 2
1704638266 2
1704638282 4
1704638298 10
1704638314 7
1704638330 8
1704638346 12
1704638362 3
1704638378 4
1704638394 10
1704638410 11
1704638426 17
1704638442 3
1704638458 10
1704638474 5
1704638490 11
1704638506 6



# Sketch: 4
1704637914 18
1704637930 10
1704637946 8
1704637962 2
1704637978 12
1704637994 6
1704638010 2
1704638026 5
1704638042 7
1704638058 5
1704638074 11
1704638090 14
1704638106 5
1704638122 4
1704638138 2
1704638154 54
1704638170 67
1704638186 49
1704638202 38
1704638218 9
1704638234 14
1704638250 3
1704638266 6
1704638282 3
1704638298 2
1704638314 7
1704638330 35
1704638346 50
1704638362 21
1704638378 10
1704638394 9
1704638410 7
1704638426 11
1704638442 4
1704638458 11
1704638474 8
1704638490 11
1704638506 2



# Sketch: 5
1704637914 12
1704637930 8
1704637946 3
1704637962 8
1704637978 3
1704637994 5
1704638010 11
1704638026 11
1704638042 11
1704638058 7
1704638074 2
1704638090 4
1704638106 4
1704638122 6
1704638138 6
1704638154 18
1704638170 36
1704638186 13
1704638202 31
1704638218 7
1704638234 13
1704638250 7
1704638266 6
1704638282 6
1704638298 7
1704638314 12
1704638330 13
1704638346 20
1704638362 4
1704638378 5
1704638394 5
1704638410 6
1704638426 1
1704638442 8
1704638458 2
1704638474 7
1704638490 7
1704638506 3



# Sketch: 6
1704637914 4
1704637930 21
1704637946 12
1704637962 2
1704637978 8
1704637994 8
1704638010 13
1704638026 8
1704638042 9
1704638058 4
1704638074 8
1704638090 3
1704638106 15
1704638122 10
1704638138 8
1704638154 34
1704638170 34
1704638186 5
1704638202 12
1704638218 3
1704638234 8
1704638250 20
1704638266 2
1704638282 11
1704638298 6
1704638314 10
1704638330 3
1704638346 12
1704638362 8
1704638378 6
1704638394 5
1704638410 15
1704638426 18
1704638442 3
1704638458 16
1704638474 13
1704638490 6
1704638506 1



# Sketch: 7
1704637914 4
1704637930 10
1704637946 12
1704637962 3
1704637978 13
1704637994 2
1704638010 14
1704638026 19
1704638042 13
1704638058 7
1704638074 2
1704638090 4
1704638106 12
1704638122 5
1704638138 8
1704638154 25
1704638170 50
1704638186 25
1704638202 8
1704638218 4
1704638234 10
1704638250 4
1704638266 9
1704638282 8
1704638298 2
1704638314 4
1704638330 7
1704638346 7
1704638362 1
1704638378 7
1704638394 4
1704638410 8
1704638426 13
1704638442 22
1704638458 10
1704638474 3
1704638490 2
1704638506 2



# Sketch: 8
1704637914 11
1704637930 22
1704637946 5
1704637962 4
1704637978 6
1704637994 13
1704638010 6
1704638026 8
1704638042 9
1704638058 10
1704638074 3
1704638090 6
1704638106 21
1704638122 2
1704638138 4
1704638154 38
1704638170 35
1704638186 24
1704638202 14
1704638218 8
1704638234 4
1704638250 4
1704638266 5
1704638282 11
1704638298 9
1704638314 12
1704638330 9
1704638346 15
1704638362 7
1704638378 7
1704638394 14
1704638410 6
1704638426 14
1704638442 7
1704638458 5
1704638474 4
1704638490 6
1704638506 2



# Sketch: 9
1704637914 4
1704637930 13
1704637946 10
1704637962 11
1704637978 8
1704637994 7
1704638010 8
1704638026 12
1704638042 16
1704638058 10
1704638074 13
1704638090 25
1704638106 18
1704638122 4
1704638138 2
1704638154 26
1704638170 21
1704638186 16
1704638202 6
1704638218 3
1704638234 12
1704638250 7
1704638266 5
1704638282 7
1704638298 2
1704638314 5
1704638330 7
1704638346 20
1704638362 5
1704638378 1
1704638394 9
1704638410 7
1704638426 8
1704638442 14
1704638458 5
1704638474 10
1704638490 8
1704638506 2



# Sketch: 10
1704637914 5
1704637930 20
1704637946 6
1704637962 2
1704637978 2
1704637994 11
1704638010 10
1704638026 3
1704638042 7
1704638058 4
1704638074 4
1704638090 5
1704638106 6
1704638122 6
1704638138 6
1704638154 24
1704638170 17
1704638186 7
1704638202 16
1704638218 19
1704638234 3
1704638250 5
1704638266 3
1704638282 8
1704638298 11
1704638314 7
1704638330 8
1704638346 11
1704638362 9
1704638378 5
1704638394 9
1704638410 8
1704638426 21
1704638442 7
1704638458 11
1704638474 3
1704638490 18
1704638506 5



# Sketch: 11
1704637914 7
1704637930 24
1704637946 3
1704637962 14
1704637978 4
1704637994 3
1704638010 2
1704638026 9
1704638042 12
1704638058 13
1704638074 10
1704638090 4
1704638106 8
1704638122 6
1704638138 4
1704638154 28
1704638170 12
1704638186 35
1704638202 15
1704638218 11
1704638234 4
1704638250 6
1704638266 0
1704638282 4
1704638298 10
1704638314 14
1704638330 6
1704638346 11
1704638362 14
1704638378 7
1704638394 2
1704638410 11
1704638426 8
1704638442 8
1704638458 4
1704638474 5
1704638490 10
1704638506 1



# Sketch: 12
1704637914 5
1704637930 5
1704637946 3
1704637962 22
1704637978 6
1704637994 11
1704638010 2
1704638026 8
1704638042 17
1704638058 3
1704638074 4
1704638090 10
1704638106 4
1704638122 9
1704638138 3
1704638154 20
1704638170 33
1704638186 20
1704638202 27
1704638218 9
1704638234 4
1704638250 4
1704638266 5
1704638282 11
1704638298 7
1704638314 3
1704638330 6
1704638346 2
1704638362 7
1704638378 12
1704638394 20
1704638410 2
1704638426 11
1704638442 9
1704638458 2
1704638474 4
1704638490 3
1704638506 2



# Sketch: 13
1704637914 3
1704637930 14
1704637946 5
1704637962 8
1704637978 3
1704637994 8
1704638010 9
1704638026 5
1704638042 12
1704638058 10
1704638074 17
1704638090 6
1704638106 2
1704638122 6
1704638138 15
1704638154 27
1704638170 15
1704638186 6
1704638202 22
1704638218 7
1704638234 10
1704638250 22
1704638266 10
1704638282 9
1704638298 16
1704638314 0
1704638330 5
1704638346 8
1704638362 7
1704638378 6
1704638394 10
1704638410 8
1704638426 7
1704638442 8
1704638458 3
1704638474 5
1704638490 14
1704638506 8



# Sketch: 14
1704637914 6
1704637930 6
1704637946 12
1704637962 15
1704637978 14
1704637994 8
1704638010 18
1704638026 10
1704638042 15
1704638058 15
1704638074 6
1704638090 3
1704638106 20
1704638122 12
1704638138 6
1704638154 29
1704638170 41
1704638186 45
1704638202 17
1704638218 13
1704638234 2
1704638250 9
1704638266 7
1704638282 12
1704638298 8
1704638314 9
1704638330 10
1704638346 17
1704638362 11
1704638378 14
1704638394 12
1704638410 5
1704638426 7
1704638442 6
1704638458 15
1704638474 16
1704638490 14
1704638506 5



# Sketch: 15
1704637914 8
1704637930 10
1704637946 10
1704637962 4
1704637978 12
1704637994 4
1704638010 5
1704638026 7
1704638042 10
1704638058 6
1704638074 5
1704638090 3
1704638106 7
1704638122 2
1704638138 19
1704638154 38
1704638170 55
1704638186 42
1704638202 17
1704638218 6
1704638234 5
1704638250 7
1704638266 12
1704638282 3
1704638298 8
1704638314 4
1704638330 2
1704638346 20
1704638362 17
1704638378 4
1704638394 9
1704638410 9
1704638426 5
1704638442 35
1704638458 65
1704638474 117
1704638490 134
1704638506 31



# Sketch: 16
1704637914 4
1704637930 6
1704637946 4
1704637962 1
1704637978 6
1704637994 11
1704638010 12
1704638026 3
1704638042 15
1704638058 5
1704638074 6
1704638090 2
1704638106 14
1704638122 3
1704638138 7
1704638154 23
1704638170 53
1704638186 31
1704638202 10
1704638218 8
1704638234 3
1704638250 2
1704638266 3
1704638282 5
1704638298 6
1704638314 4
1704638330 4
1704638346 6
1704638362 7
1704638378 18
1704638394 4
1704638410 10
1704638426 4
1704638442 5
1704638458 2
1704638474 4
1704638490 13
1704638506 0



# Sketch: 17
1704637914 7
1704637930 13
1704637946 8
1704637962 4
1704637978 9
1704637994 6
1704638010 5
1704638026 13
1704638042 4
1704638058 0
1704638074 9
1704638090 2
1704638106 11
1704638122 3
1704638138 6
1704638154 25
1704638170 42
1704638186 15
1704638202 16
1704638218 11
1704638234 4
1704638250 13
1704638266 4
1704638282 18
1704638298 8
1704638314 5
1704638330 8
1704638346 12
1704638362 4
1704638378 10
1704638394 14
1704638410 4
1704638426 6
1704638442 11
1704638458 23
1704638474 1
1704638490 9
1704638506 3



# Sketch: 18
1704637914 1
1704637930 22
1704637946 5
1704637962 6
1704637978 8
1704637994 2
1704638010 3
1704638026 9
1704638042 13
1704638058 6
1704638074 6
1704638090 3
1704638106 5
1704638122 6
1704638138 5
1704638154 69
1704638170 71
1704638186 27
1704638202 18
1704638218 10
1704638234 3
1704638250 10
1704638266 6
1704638282 4
1704638298 7
1704638314 6
1704638330 12
1704638346 2
1704638362 2
1704638378 6
1704638394 6
1704638410 7
1704638426 19
1704638442 5
1704638458 10
1704638474 11
1704638490 15
1704638506 2



# Sketch: 19
1704637914 25
1704637930 16
1704637946 20
1704637962 8
1704637978 12
1704637994 5
1704638010 2
1704638026 4
1704638042 7
1704638058 6
1704638074 16
1704638090 3
1704638106 10
1704638122 8
1704638138 9
1704638154 13
1704638170 42
1704638186 12
1704638202 6
1704638218 11
1704638234 4
1704638250 3
1704638266 7
1704638282 10
1704638298 12
1704638314 12
1704638330 17
1704638346 12
1704638362 4
1704638378 7
1704638394 40
1704638410 13
1704638426 9
1704638442 6
1704638458 4
1704638474 28
1704638490 13
1704638506 1



# Sketch: 20
1704637914 5
1704637930 4
1704637946 6
1704637962 4
1704637978 4
1704637994 8
1704638010 9
1704638026 7
1704638042 12
1704638058 15
1704638074 11
1704638090 16
1704638106 12
1704638122 3
1704638138 0
1704638154 45
1704638170 62
1704638186 10
1704638202 30
1704638218 12
1704638234 4
1704638250 9
1704638266 12
1704638282 8
1704638298 4
1704638314 5
1704638330 7
1704638346 11
1704638362 3
1704638378 6
1704638394 6
1704638410 2
1704638426 16
1704638442 7
1704638458 20
1704638474 2
1704638490 8
1704638506 2



# Sketch: 21
1704637914 6
1704637930 6
1704637946 13
1704637962 11
1704637978 25
1704637994 11
1704638010 5
1704638026 2
1704638042 1
1704638058 3
1704638074 3
1704638090 9
1704638106 10
1704638122 3
1704638138 3
1704638154 27
1704638170 24
1704638186 32
1704638202 24
1704638218 15
1704638234 7
1704638250 12
1704638266 2
1704638282 10
1704638298 5
1704638314 19
1704638330 3
1704638346 3
1704638362 6
1704638378 8
1704638394 9
1704638410 0
1704638426 2
1704638442 7
1704638458 12
1704638474 2
1704638490 7
1704638506 7



# Sketch: 22
1704637914 9
1704637930 16
1704637946 6
1704637962 28
1704637978 12
1704637994 9
1704638010 12
1704638026 25
1704638042 14
1704638058 11
1704638074 8
1704638090 14
1704638106 18
1704638122 12
1704638138 6
1704638154 52
1704638170 58
1704638186 19
1704638202 27
1704638218 14
1704638234 10
1704638250 20
1704638266 3
1704638282 15
1704638298 12
1704638314 4
1704638330 2
1704638346 11
1704638362 4
1704638378 11
1704638394 12
1704638410 11
1704638426 3
1704638442 6
1704638458 13
1704638474 4
1704638490 8
1704638506 6



# Sketch: 23
1704637914 4
1704637930 8
1704637946 3
1704637962 3
1704637978 7
1704637994 8
1704638010 5
1704638026 7
1704638042 2
1704638058 9
1704638074 3
1704638090 13
1704638106 2
1704638122 7
1704638138 2
1704638154 22
1704638170 51
1704638186 23
1704638202 10
1704638218 10
1704638234 17
1704638250 7
1704638266 9
1704638282 4
1704638298 6
1704638314 6
1704638330 17
1704638346 11
1704638362 0
1704638378 6
1704638394 13
1704638410 12
1704638426 15
1704638442 2
1704638458 10
1704638474 7
1704638490 8
1704638506 0



# Sketch: 24
1704637914 3
1704637930 24
1704637946 7
1704637962 9
1704637978 5
1704637994 8
1704638010 0
1704638026 12
1704638042 14
1704638058 6
1704638074 6
1704638090 9
1704638106 11
1704638122 12
1704638138 2
1704638154 22
1704638170 33
1704638186 23
1704638202 20
1704638218 5
1704638234 4
1704638250 12
1704638266 10
1704638282 11
1704638298 15
1704638314 6
1704638330 31
1704638346 18
1704638362 13
1704638378 4
1704638394 2
1704638410 5
1704638426 8
1704638442 5
1704638458 6
1704638474 3
1704638490 16
1704638506 3



# Sketch: 25
1704637914 9
1704637930 35
1704637946 8
1704637962 5
1704637978 18
1704637994 18
1704638010 14
1704638026 5
1704638042 17
1704638058 13
1704638074 5
1704638090 17
1704638106 22
1704638122 15
1704638138 16
1704638154 53
1704638170 48
1704638186 44
1704638202 19
1704638218 20
1704638234 10
1704638250 18
1704638266 16
1704638282 16
1704638298 11
1704638314 9
1704638330 6
1704638346 15
1704638362 7
1704638378 11
1704638394 9
1704638410 14
1704638426 15
1704638442 21
1704638458 17
1704638474 14
1704638490 18
1704638506 0



# Sketch: 26
1704637914 3
1704637930 11
1704637946 7
1704637962 5
1704637978 9
1704637994 11
1704638010 6
1704638026 9
1704638042 10
1704638058 7
1704638074 7
1704638090 9
1704638106 6
1704638122 1
1704638138 5
1704638154 52
1704638170 40
1704638186 34
1704638202 29
1704638218 6
1704638234 6
1704638250 2
1704638266 1
1704638282 9
1704638298 14
1704638314 6
1704638330 2
1704638346 4
1704638362 5
1704638378 14
1704638394 16
1704638410 8
1704638426 11
1704638442 5
1704638458 4
1704638474 3
1704638490 4
1704638506 4



# Sketch: 27
1704637914 4
1704637930 10
1704637946 9
1704637962 9
1704637978 5
1704637994 5
1704638010 5
1704638026 0
1704638042 11
1704638058 3
1704638074 8
1704638090 5
1704638106 4
1704638122 11
1704638138 3
1704638154 23
1704638170 21
1704638186 11
1704638202 25
1704638218 23
1704638234 5
1704638250 4
1704638266 3
1704638282 2
1704638298 2
1704638314 3
1704638330 1
1704638346 4
1704638362 4
1704638378 6
1704638394 5
1704638410 9
1704638426 10
1704638442 7
1704638458 8
1704638474 5
1704638490 8
1704638506 2



# Sketch: 28
1704637914 4
1704637930 5
1704637946 1
1704637962 1
1704637978 6
1704637994 1
1704638010 3
1704638026 4
1704638042 2
1704638058 3
1704638074 4
1704638090 4
1704638106 10
1704638122 5
1704638138 5
1704638154 29
1704638170 48
1704638186 22
1704638202 20
1704638218 5
1704638234 6
1704638250 1
1704638266 2
1704638282 5
1704638298 5
1704638314 6
1704638330 4
1704638346 7
1704638362 8
1704638378 8
1704638394 9
1704638410 3
1704638426 5
1704638442 3
1704638458 10
1704638474 3
1704638490 6
1704638506 1



# Sketch: 29
1704637914 5
1704637930 11
1704637946 4
1704637962 5
1704637978 5
1704637994 5
1704638010 1
1704638026 18
1704638042 5
1704638058 9
1704638074 5
1704638090 5
1704638106 7
1704638122 6
1704638138 1
1704638154 32
1704638170 28
1704638186 16
1704638202 12
1704638218 5
1704638234 2
1704638250 1
1704638266 4
1704638282 9
1704638298 7
1704638314 12
1704638330 4
1704638346 5
1704638362 3
1704638378 9
1704638394 14
1704638410 16
1704638426 15
1704638442 3
1704638458 17
1704638474 8
1704638490 5
1704638506 5



# Sketch: 30
1704637914 8
1704637930 10
1704637946 3
1704637962 4
1704637978 8
1704637994 4
1704638010 6
1704638026 11
1704638042 7
1704638058 7
1704638074 2
1704638090 32
1704638106 17
1704638122 6
1704638138 4
1704638154 25
1704638170 65
1704638186 20
1704638202 7
1704638218 9
1704638234 7
1704638250 10
1704638266 6
1704638282 3
1704638298 2
1704638314 4
1704638330 2
1704638346 5
1704638362 8
1704638378 7
1704638394 2
1704638410 6
1704638426 5
1704638442 24
1704638458 4
1704638474 4
1704638490 4
1704638506 1



# Sketch: 31
1704637914 9
1704637930 6
1704637946 6
1704637962 7
1704637978 3
1704637994 1
1704638010 10
1704638026 6
1704638042 18
1704638058 13
1704638074 4
1704638090 9
1704638106 8
1704638122 9
1704638138 6
1704638154 13
1704638170 20
1704638186 18
1704638202 11
1704638218 8
1704638234 11
1704638250 12
1704638266 4
1704638282 4
1704638298 6
1704638314 4
1704638330 2
1704638346 4
1704638362 5
1704638378 1
1704638394 9
1704638410 3
1704638426 3
1704638442 17
1704638458 6
1704638474 5
1704638490 7
1704638506 2

