

# Sketch: 0
1704637914 5
1704637930 9
1704637946 13
1704637962 6
1704637978 8
1704637994 10
1704638010 9
1704638026 25
1704638042 6
1704638058 4
1704638074 4
1704638090 6
1704638106 6
1704638122 8
1704638138 2
1704638154 39
1704638170 97
1704638186 16
1704638202 15
1704638218 16
1704638234 4
1704638250 11
1704638266 2
1704638282 1
1704638298 6
1704638314 4
1704638330 9
1704638346 7
1704638362 3
1704638378 10
1704638394 10
1704638410 2
1704638426 9
1704638442 5
1704638458 5
1704638474 13
1704638490 14
1704638506 4



# Sketch: 1
1704637914 0
1704637930 8
1704637946 7
1704637962 5
1704637978 4
1704637994 7
1704638010 8
1704638026 6
1704638042 3
1704638058 2
1704638074 7
1704638090 8
1704638106 17
1704638122 3
1704638138 4
1704638154 26
1704638170 37
1704638186 74
1704638202 20
1704638218 5
1704638234 4
1704638250 6
1704638266 4
1704638282 16
1704638298 9
1704638314 8
1704638330 9
1704638346 1
1704638362 0
1704638378 5
1704638394 1
1704638410 3
1704638426 3
1704638442 5
1704638458 3
1704638474 5
1704638490 7
1704638506 5



# Sketch: 2
1704637914 11
1704637930 7
1704637946 1
1704637962 6
1704637978 8
1704637994 7
1704638010 8
1704638026 4
1704638042 8
1704638058 2
1704638074 4
1704638090 9
1704638106 15
1704638122 6
1704638138 5
1704638154 11
1704638170 30
1704638186 4
1704638202 18
1704638218 13
1704638234 8
1704638250 13
1704638266 6
1704638282 11
1704638298 5
1704638314 5
1704638330 21
1704638346 35
1704638362 15
1704638378 7
1704638394 6
1704638410 6
1704638426 6
1704638442 10
1704638458 17
1704638474 5
1704638490 13
1704638506 4



# Sketch: 3
1704637914 5
1704637930 14
1704637946 1
1704637962 2
1704637978 14
1704637994 7
1704638010 9
1704638026 7
1704638042 12
1704638058 5
1704638074 7
1704638090 6
1704638106 3
1704638122 5
1704638138 0
1704638154 30
1704638170 18
1704638186 1
1704638202 38
1704638218 9
1704638234 9
1704638250 6
1704638266 3
1704638282 6
1704638298 4
1704638314 8
1704638330 4
1704638346 10
1704638362 1
1704638378 1
1704638394 7
1704638410 3
1704638426 6
1704638442 14
1704638458 2
1704638474 2
1704638490 15
1704638506 1



# Sketch: 4
1704637914 12
1704637930 24
1704637946 3
1704637962 27
1704637978 10
1704637994 9
1704638010 9
1704638026 31
1704638042 13
1704638058 13
1704638074 4
1704638090 3
1704638106 21
1704638122 11
1704638138 4
1704638154 24
1704638170 26
1704638186 18
1704638202 20
1704638218 7
1704638234 19
1704638250 2
1704638266 5
1704638282 10
1704638298 5
1704638314 6
1704638330 12
1704638346 12
1704638362 5
1704638378 9
1704638394 5
1704638410 13
1704638426 9
1704638442 6
1704638458 8
1704638474 6
1704638490 8
1704638506 2



# Sketch: 5
1704637914 7
1704637930 7
1704637946 12
1704637962 10
1704637978 9
1704637994 8
1704638010 6
1704638026 8
1704638042 12
1704638058 11
1704638074 4
1704638090 12
1704638106 5
1704638122 11
1704638138 12
1704638154 20
1704638170 28
1704638186 29
1704638202 34
1704638218 10
1704638234 10
1704638250 14
1704638266 0
1704638282 16
1704638298 5
1704638314 6
1704638330 3
1704638346 21
1704638362 6
1704638378 7
1704638394 9
1704638410 8
1704638426 24
1704638442 29
1704638458 21
1704638474 8
1704638490 29
1704638506 2



# Sketch: 6
1704637914 9
1704637930 14
1704637946 10
1704637962 13
1704637978 6
1704637994 8
1704638010 12
1704638026 8
1704638042 17
1704638058 9
1704638074 2
1704638090 4
1704638106 7
1704638122 8
1704638138 5
1704638154 51
1704638170 78
1704638186 15
1704638202 8
1704638218 14
1704638234 4
1704638250 8
1704638266 6
1704638282 20
1704638298 18
1704638314 10
1704638330 4
1704638346 4
1704638362 5
1704638378 5
1704638394 12
1704638410 15
1704638426 9
1704638442 6
1704638458 7
1704638474 2
1704638490 10
1704638506 4



# Sketch: 7
1704637914 16
1704637930 27
1704637946 2
1704637962 15
1704637978 8
1704637994 7
1704638010 6
1704638026 7
1704638042 12
1704638058 18
1704638074 7
1704638090 5
1704638106 12
1704638122 12
1704638138 7
1704638154 49
1704638170 37
1704638186 10
1704638202 13
1704638218 11
1704638234 9
1704638250 9
1704638266 6
1704638282 10
1704638298 9
1704638314 7
1704638330 6
1704638346 15
1704638362 9
1704638378 9
1704638394 15
1704638410 13
1704638426 6
1704638442 3
1704638458 7
1704638474 12
1704638490 3
1704638506 0



# Sketch: 8
1704637914 24
1704637930 12
1704637946 6
1704637962 5
1704637978 22
1704637994 4
1704638010 15
1704638026 1
1704638042 5
1704638058 6
1704638074 7
1704638090 4
1704638106 22
1704638122 6
1704638138 9
1704638154 38
1704638170 15
1704638186 28
1704638202 12
1704638218 12
1704638234 4
1704638250 7
1704638266 4
1704638282 8
1704638298 4
1704638314 2
1704638330 9
1704638346 17
1704638362 8
1704638378 9
1704638394 28
1704638410 3
1704638426 5
1704638442 17
1704638458 16
1704638474 8
1704638490 11
1704638506 5



# Sketch: 9
1704637914 7
1704637930 18
1704637946 12
1704637962 16
1704637978 13
1704637994 12
1704638010 5
1704638026 10
1704638042 5
1704638058 7
1704638074 5
1704638090 1
1704638106 11
1704638122 4
1704638138 3
1704638154 35
1704638170 19
1704638186 24
1704638202 24
1704638218 12
1704638234 6
1704638250 5
1704638266 7
1704638282 1
1704638298 6
1704638314 9
1704638330 5
1704638346 1
1704638362 3
1704638378 24
1704638394 8
1704638410 8
1704638426 6
1704638442 20
1704638458 14
1704638474 6
1704638490 8
1704638506 5



# Sketch: 10
1704637914 2
1704637930 8
1704637946 8
1704637962 5
1704637978 9
1704637994 4
1704638010 8
1704638026 8
1704638042 13
1704638058 12
1704638074 6
1704638090 28
1704638106 9
1704638122 7
1704638138 7
1704638154 30
1704638170 26
1704638186 27
1704638202 7
1704638218 3
1704638234 3
1704638250 1
1704638266 6
1704638282 4
1704638298 10
1704638314 7
1704638330 10
1704638346 25
1704638362 16
1704638378 6
1704638394 4
1704638410 10
1704638426 17
1704638442 11
1704638458 11
1704638474 3
1704638490 2
1704638506 0



# Sketch: 11
1704637914 3
1704637930 32
1704637946 3
1704637962 8
1704637978 2
1704637994 5
1704638010 6
1704638026 8
1704638042 15
1704638058 9
1704638074 13
1704638090 7
1704638106 12
1704638122 5
1704638138 4
1704638154 38
1704638170 28
1704638186 12
1704638202 24
1704638218 7
1704638234 4
1704638250 7
1704638266 1
1704638282 9
1704638298 11
1704638314 7
1704638330 7
1704638346 7
1704638362 5
1704638378 4
1704638394 4
1704638410 6
1704638426 10
1704638442 9
1704638458 5
1704638474 8
1704638490 1
1704638506 5



# Sketch: 12
1704637914 15
1704637930 19
1704637946 5
1704637962 6
1704637978 4
1704637994 4
1704638010 2
1704638026 10
1704638042 22
1704638058 7
1704638074 4
1704638090 4
1704638106 9
1704638122 6
1704638138 0
1704638154 25
1704638170 41
1704638186 13
1704638202 10
1704638218 4
1704638234 10
1704638250 10
1704638266 12
1704638282 9
1704638298 9
1704638314 5
1704638330 8
1704638346 6
1704638362 7
1704638378 2
1704638394 6
1704638410 6
1704638426 20
1704638442 1
1704638458 5
1704638474 4
1704638490 7
1704638506 3



# Sketch: 13
1704637914 11
1704637930 19
1704637946 10
1704637962 6
1704637978 15
1704637994 13
1704638010 15
1704638026 6
1704638042 15
1704638058 5
1704638074 14
1704638090 12
1704638106 9
1704638122 14
1704638138 8
1704638154 35
1704638170 26
1704638186 8
1704638202 22
1704638218 14
1704638234 7
1704638250 23
1704638266 5
1704638282 11
1704638298 3
1704638314 7
1704638330 11
1704638346 15
1704638362 7
1704638378 9
1704638394 18
1704638410 5
1704638426 4
1704638442 3
1704638458 14
1704638474 9
1704638490 12
1704638506 3



# Sketch: 14
1704637914 7
1704637930 8
1704637946 9
1704637962 0
1704637978 13
1704637994 7
1704638010 9
1704638026 11
1704638042 7
1704638058 8
1704638074 8
1704638090 3
1704638106 8
1704638122 3
1704638138 8
1704638154 45
1704638170 76
1704638186 25
1704638202 15
1704638218 8
1704638234 9
1704638250 3
1704638266 4
1704638282 9
1704638298 5
1704638314 7
1704638330 5
1704638346 4
1704638362 2
1704638378 10
1704638394 13
1704638410 10
1704638426 9
1704638442 2
1704638458 10
1704638474 7
1704638490 11
1704638506 1



# Sketch: 15
1704637914 9
1704637930 11
1704637946 4
1704637962 3
1704637978 3
1704637994 7
1704638010 12
1704638026 5
1704638042 6
1704638058 5
1704638074 8
1704638090 6
1704638106 12
1704638122 4
1704638138 5
1704638154 42
1704638170 26
1704638186 15
1704638202 34
1704638218 7
1704638234 5
1704638250 11
1704638266 4
1704638282 7
1704638298 5
1704638314 7
1704638330 24
1704638346 20
1704638362 15
1704638378 7
1704638394 11
1704638410 15
1704638426 14
1704638442 7
1704638458 5
1704638474 10
1704638490 4
1704638506 2



# Sketch: 16
1704637914 7
1704637930 11
1704637946 6
1704637962 2
1704637978 14
1704637994 9
1704638010 4
1704638026 5
1704638042 16
1704638058 2
1704638074 2
1704638090 8
1704638106 12
1704638122 8
1704638138 19
1704638154 37
1704638170 50
1704638186 28
1704638202 11
1704638218 7
1704638234 5
1704638250 3
1704638266 7
1704638282 3
1704638298 6
1704638314 3
1704638330 5
1704638346 13
1704638362 14
1704638378 10
1704638394 10
1704638410 3
1704638426 2
1704638442 5
1704638458 5
1704638474 0
1704638490 6
1704638506 2



# Sketch: 17
1704637914 4
1704637930 6
1704637946 7
1704637962 4
1704637978 8
1704637994 9
1704638010 6
1704638026 16
1704638042 4
1704638058 3
1704638074 3
1704638090 1
1704638106 10
1704638122 7
1704638138 4
1704638154 28
1704638170 17
1704638186 20
1704638202 3
1704638218 7
1704638234 1
1704638250 7
1704638266 5
1704638282 12
1704638298 8
1704638314 8
1704638330 6
1704638346 11
1704638362 11
1704638378 3
1704638394 8
1704638410 6
1704638426 9
1704638442 3
1704638458 5
1704638474 3
1704638490 7
1704638506 0



# Sketch: 18
1704637914 13
1704637930 14
1704637946 8
1704637962 3
1704637978 8
1704637994 5
1704638010 2
1704638026 10
1704638042 8
1704638058 16
1704638074 4
1704638090 9
1704638106 5
1704638122 6
1704638138 13
1704638154 13
1704638170 10
1704638186 8
1704638202 18
1704638218 12
1704638234 7
1704638250 6
1704638266 10
1704638282 6
1704638298 15
1704638314 3
1704638330 4
1704638346 9
1704638362 8
1704638378 10
1704638394 9
1704638410 17
1704638426 3
1704638442 4
1704638458 7
1704638474 3
1704638490 10
1704638506 9



# Sketch: 19
1704637914 2
1704637930 3
1704637946 5
1704637962 7
1704637978 6
1704637994 12
1704638010 6
1704638026 7
1704638042 10
1704638058 8
1704638074 9
1704638090 25
1704638106 5
1704638122 2
1704638138 1
1704638154 27
1704638170 44
1704638186 23
1704638202 5
1704638218 2
1704638234 8
1704638250 2
1704638266 5
1704638282 6
1704638298 10
1704638314 7
1704638330 5
1704638346 1
1704638362 4
1704638378 6
1704638394 8
1704638410 7
1704638426 6
1704638442 13
1704638458 5
1704638474 6
1704638490 6
1704638506 1



# Sketch: 20
1704637914 4
1704637930 19
1704637946 9
1704637962 6
1704637978 2
1704637994 7
1704638010 8
1704638026 6
1704638042 17
1704638058 7
1704638074 12
1704638090 1
1704638106 7
1704638122 10
1704638138 3
1704638154 59
1704638170 59
1704638186 35
1704638202 18
1704638218 11
1704638234 4
1704638250 5
1704638266 0
1704638282 7
1704638298 3
1704638314 11
1704638330 8
1704638346 7
1704638362 4
1704638378 5
1704638394 7
1704638410 19
1704638426 10
1704638442 34
1704638458 74
1704638474 121
1704638490 132
1704638506 27



# Sketch: 21
1704637914 3
1704637930 27
1704637946 2
1704637962 5
1704637978 6
1704637994 6
1704638010 9
1704638026 8
1704638042 7
1704638058 14
1704638074 7
1704638090 3
1704638106 9
1704638122 14
1704638138 9
1704638154 14
1704638170 40
1704638186 22
1704638202 24
1704638218 13
1704638234 4
1704638250 13
1704638266 7
1704638282 4
1704638298 10
1704638314 9
1704638330 11
1704638346 6
1704638362 8
1704638378 3
1704638394 6
1704638410 8
1704638426 10
1704638442 12
1704638458 12
1704638474 4
1704638490 9
1704638506 3



# Sketch: 22
1704637914 13
1704637930 8
1704637946 6
1704637962 1
1704637978 8
1704637994 8
1704638010 6
1704638026 7
1704638042 11
1704638058 8
1704638074 7
1704638090 7
1704638106 9
1704638122 6
1704638138 1
1704638154 37
1704638170 58
1704638186 19
1704638202 6
1704638218 7
1704638234 4
1704638250 6
1704638266 7
1704638282 5
1704638298 4
1704638314 2
1704638330 1
1704638346 11
1704638362 6
1704638378 5
1704638394 6
1704638410 6
1704638426 8
1704638442 5
1704638458 5
1704638474 7
1704638490 5
1704638506 3



# Sketch: 23
1704637914 6
1704637930 18
1704637946 15
1704637962 8
1704637978 7
1704637994 10
1704638010 9
1704638026 8
1704638042 9
1704638058 2
1704638074 14
1704638090 5
1704638106 6
1704638122 4
1704638138 11
1704638154 24
1704638170 11
1704638186 13
1704638202 7
1704638218 3
1704638234 6
1704638250 8
1704638266 9
1704638282 14
1704638298 6
1704638314 13
1704638330 20
1704638346 21
1704638362 8
1704638378 11
1704638394 12
1704638410 7
1704638426 5
1704638442 9
1704638458 15
1704638474 8
1704638490 15
1704638506 2



# Sketch: 24
1704637914 1
1704637930 8
1704637946 11
1704637962 5
1704637978 7
1704637994 7
1704638010 7
1704638026 6
1704638042 4
1704638058 6
1704638074 6
1704638090 7
1704638106 17
1704638122 2
1704638138 2
1704638154 109
1704638170 58
1704638186 36
1704638202 33
1704638218 5
1704638234 2
1704638250 6
1704638266 2
1704638282 1
1704638298 7
1704638314 3
1704638330 7
1704638346 3
1704638362 3
1704638378 7
1704638394 21
1704638410 2
1704638426 9
1704638442 3
1704638458 3
1704638474 11
1704638490 9
1704638506 3



# Sketch: 25
1704637914 5
1704637930 14
1704637946 9
1704637962 7
1704637978 6
1704637994 6
1704638010 6
1704638026 7
1704638042 10
1704638058 12
1704638074 6
1704638090 8
1704638106 15
1704638122 4
1704638138 6
1704638154 64
1704638170 117
1704638186 48
1704638202 40
1704638218 10
1704638234 15
1704638250 8
1704638266 10
1704638282 5
1704638298 12
1704638314 13
1704638330 9
1704638346 15
1704638362 4
1704638378 6
1704638394 11
1704638410 7
1704638426 12
1704638442 6
1704638458 8
1704638474 5
1704638490 7
1704638506 0



# Sketch: 26
1704637914 7
1704637930 9
1704637946 3
1704637962 3
1704637978 12
1704637994 7
1704638010 4
1704638026 7
1704638042 5
1704638058 6
1704638074 8
1704638090 12
1704638106 16
1704638122 8
1704638138 8
1704638154 28
1704638170 60
1704638186 28
1704638202 38
1704638218 5
1704638234 5
1704638250 12
1704638266 5
1704638282 3
1704638298 6
1704638314 11
1704638330 6
1704638346 9
1704638362 8
1704638378 8
1704638394 9
1704638410 6
1704638426 19
1704638442 10
1704638458 8
1704638474 5
1704638490 6
1704638506 3



# Sketch: 27
1704637914 4
1704637930 13
1704637946 7
1704637962 7
1704637978 11
1704637994 5
1704638010 5
1704638026 18
1704638042 8
1704638058 2
1704638074 9
1704638090 7
1704638106 12
1704638122 1
1704638138 3
1704638154 19
1704638170 24
1704638186 27
1704638202 10
1704638218 10
1704638234 3
1704638250 1
1704638266 10
1704638282 14
1704638298 9
1704638314 4
1704638330 3
1704638346 7
1704638362 9
1704638378 15
1704638394 7
1704638410 4
1704638426 23
1704638442 5
1704638458 12
1704638474 6
1704638490 13
1704638506 2



# Sketch: 28
1704637914 15
1704637930 6
1704637946 10
1704637962 2
1704637978 1
1704637994 2
1704638010 10
1704638026 3
1704638042 11
1704638058 11
1704638074 10
1704638090 6
1704638106 10
1704638122 13
1704638138 4
1704638154 19
1704638170 17
1704638186 9
1704638202 23
1704638218 17
1704638234 5
1704638250 26
1704638266 2
1704638282 5
1704638298 11
1704638314 6
1704638330 10
1704638346 10
1704638362 8
1704638378 18
1704638394 11
1704638410 8
1704638426 4
1704638442 7
1704638458 16
1704638474 11
1704638490 4
1704638506 4



# Sketch: 29
1704637914 6
1704637930 17
1704637946 3
1704637962 3
1704637978 3
1704637994 2
1704638010 7
1704638026 13
1704638042 6
1704638058 8
1704638074 1
1704638090 5
1704638106 12
1704638122 3
1704638138 8
1704638154 17
1704638170 50
1704638186 34
1704638202 10
1704638218 4
1704638234 14
1704638250 3
1704638266 7
1704638282 13
1704638298 4
1704638314 6
1704638330 4
1704638346 10
1704638362 6
1704638378 1
1704638394 3
1704638410 5
1704638426 8
1704638442 1
1704638458 14
1704638474 1
1704638490 7
1704638506 3



# Sketch: 30
1704637914 6
1704637930 11
1704637946 6
1704637962 14
1704637978 8
1704637994 7
1704638010 7
1704638026 6
1704638042 16
1704638058 12
1704638074 4
1704638090 20
1704638106 6
1704638122 6
1704638138 2
1704638154 28
1704638170 42
1704638186 22
1704638202 20
1704638218 16
1704638234 7
1704638250 2
1704638266 3
1704638282 6
1704638298 10
1704638314 10
1704638330 3
1704638346 5
1704638362 4
1704638378 5
1704638394 10
1704638410 15
1704638426 8
1704638442 9
1704638458 11
1704638474 4
1704638490 10
1704638506 4



# Sketch: 31
1704637914 11
1704637930 8
1704637946 2
1704637962 12
1704637978 8
1704637994 7
1704638010 5
1704638026 3
1704638042 5
1704638058 4
1704638074 2
1704638090 14
1704638106 9
1704638122 13
1704638138 3
1704638154 23
1704638170 35
1704638186 56
1704638202 18
1704638218 7
1704638234 8
1704638250 10
1704638266 10
1704638282 1
1704638298 2
1704638314 11
1704638330 8
1704638346 8
1704638362 2
1704638378 2
1704638394 5
1704638410 5
1704638426 13
1704638442 5
1704638458 4
1704638474 10
1704638490 6
1704638506 2

