

# Sketch: 0
1704638514 55
1704638642 75
1704638770 63
1704638898 38
1704639026 30



# Sketch: 1
1704638514 58
1704638642 61
1704638770 56
1704638898 67
1704639026 31



# Sketch: 2
1704638514 79
1704638642 61
1704638770 67
1704638898 79
1704639026 52



# Sketch: 3
1704638514 60
1704638642 52
1704638770 58
1704638898 70
1704639026 38



# Sketch: 4
1704638514 66
1704638642 41
1704638770 67
1704638898 30
1704639026 38



# Sketch: 5
1704638514 64
1704638642 51
1704638770 62
1704638898 58
1704639026 25



# Sketch: 6
1704638514 34
1704638642 51
1704638770 36
1704638898 31
1704639026 29



# Sketch: 7
1704638514 43
1704638642 45
1704638770 50
1704638898 46
1704639026 49



# Sketch: 8
1704638514 51
1704638642 61
1704638770 50
1704638898 51
1704639026 38



# Sketch: 9
1704638514 42
1704638642 49
1704638770 38
1704638898 39
1704639026 46



# Sketch: 10
1704638514 68
1704638642 38
1704638770 58
1704638898 63
1704639026 21



# Sketch: 11
1704638514 59
1704638642 93
1704638770 54
1704638898 71
1704639026 45



# Sketch: 12
1704638514 32
1704638642 56
1704638770 41
1704638898 63
1704639026 33



# Sketch: 13
1704638514 56
1704638642 61
1704638770 56
1704638898 56
1704639026 24



# Sketch: 14
1704638514 411
1704638642 235
1704638770 82
1704638898 79
1704639026 44



# Sketch: 15
1704638514 102
1704638642 49
1704638770 72
1704638898 42
1704639026 33



# Sketch: 16
1704638514 52
1704638642 66
1704638770 54
1704638898 45
1704639026 16



# Sketch: 17
1704638514 98
1704638642 57
1704638770 37
1704638898 79
1704639026 53



# Sketch: 18
1704638514 57
1704638642 78
1704638770 68
1704638898 90
1704639026 34



# Sketch: 19
1704638514 103
1704638642 112
1704638770 122
1704638898 97
1704639026 54



# Sketch: 20
1704638514 38
1704638642 42
1704638770 36
1704638898 58
1704639026 35



# Sketch: 21
1704638514 84
1704638642 70
1704638770 159
1704638898 108
1704639026 47



# Sketch: 22
1704638514 28
1704638642 49
1704638770 44
1704638898 41
1704639026 36



# Sketch: 23
1704638514 57
1704638642 69
1704638770 55
1704638898 58
1704639026 33



# Sketch: 24
1704638514 59
1704638642 76
1704638770 67
1704638898 50
1704639026 21



# Sketch: 25
1704638514 72
1704638642 62
1704638770 38
1704638898 53
1704639026 48



# Sketch: 26
1704638514 70
1704638642 47
1704638770 54
1704638898 91
1704639026 38



# Sketch: 27
1704638514 85
1704638642 79
1704638770 135
1704638898 64
1704639026 73



# Sketch: 28
1704638514 58
1704638642 42
1704638770 26
1704638898 54
1704639026 31



# Sketch: 29
1704638514 65
1704638642 83
1704638770 71
1704638898 80
1704639026 42



# Sketch: 30
1704638514 68
1704638642 70
1704638770 56
1704638898 53
1704639026 55



# Sketch: 31
1704638514 83
1704638642 52
1704638770 41
1704638898 57
1704639026 36

