

# Sketch: 0
1704638514 65
1704638642 65
1704638770 103
1704638898 60
1704639026 43



# Sketch: 1
1704638514 41
1704638642 42
1704638770 54
1704638898 58
1704639026 25



# Sketch: 2
1704638514 73
1704638642 42
1704638770 30
1704638898 50
1704639026 47



# Sketch: 3
1704638514 44
1704638642 67
1704638770 60
1704638898 42
1704639026 19



# Sketch: 4
1704638514 62
1704638642 81
1704638770 87
1704638898 78
1704639026 45



# Sketch: 5
1704638514 55
1704638642 62
1704638770 83
1704638898 36
1704639026 44



# Sketch: 6
1704638514 88
1704638642 40
1704638770 48
1704638898 74
1704639026 41



# Sketch: 7
1704638514 140
1704638642 54
1704638770 65
1704638898 64
1704639026 45



# Sketch: 8
1704638514 48
1704638642 35
1704638770 49
1704638898 67
1704639026 39



# Sketch: 9
1704638514 102
1704638642 65
1704638770 60
1704638898 57
1704639026 38



# Sketch: 10
1704638514 49
1704638642 53
1704638770 63
1704638898 73
1704639026 48



# Sketch: 11
1704638514 49
1704638642 48
1704638770 55
1704638898 76
1704639026 28



# Sketch: 12
1704638514 72
1704638642 72
1704638770 60
1704638898 56
1704639026 40



# Sketch: 13
1704638514 38
1704638642 69
1704638770 62
1704638898 35
1704639026 55



# Sketch: 14
1704638514 70
1704638642 45
1704638770 40
1704638898 85
1704639026 41



# Sketch: 15
1704638514 49
1704638642 61
1704638770 61
1704638898 42
1704639026 32



# Sketch: 16
1704638514 85
1704638642 53
1704638770 50
1704638898 78
1704639026 27



# Sketch: 17
1704638514 41
1704638642 55
1704638770 39
1704638898 50
1704639026 38



# Sketch: 18
1704638514 406
1704638642 273
1704638770 137
1704638898 57
1704639026 35



# Sketch: 19
1704638514 57
1704638642 83
1704638770 67
1704638898 67
1704639026 30



# Sketch: 20
1704638514 60
1704638642 75
1704638770 97
1704638898 71
1704639026 37



# Sketch: 21
1704638514 48
1704638642 51
1704638770 41
1704638898 60
1704639026 35



# Sketch: 22
1704638514 29
1704638642 49
1704638770 55
1704638898 68
1704639026 25



# Sketch: 23
1704638514 64
1704638642 67
1704638770 72
1704638898 62
1704639026 46



# Sketch: 24
1704638514 51
1704638642 41
1704638770 22
1704638898 60
1704639026 40



# Sketch: 25
1704638514 83
1704638642 86
1704638770 47
1704638898 46
1704639026 45



# Sketch: 26
1704638514 51
1704638642 64
1704638770 51
1704638898 75
1704639026 48



# Sketch: 27
1704638514 86
1704638642 99
1704638770 97
1704638898 73
1704639026 65



# Sketch: 28
1704638514 62
1704638642 62
1704638770 45
1704638898 63
1704639026 46



# Sketch: 29
1704638514 52
1704638642 44
1704638770 47
1704638898 48
1704639026 11



# Sketch: 30
1704638514 90
1704638642 72
1704638770 77
1704638898 65
1704639026 34



# Sketch: 31
1704638514 47
1704638642 58
1704638770 49
1704638898 65
1704639026 36

