

# Sketch: 0
1704638514 63
1704638642 92
1704638770 74
1704638898 55
1704639026 42



# Sketch: 1
1704638514 84
1704638642 59
1704638770 66
1704638898 61
1704639026 47



# Sketch: 2
1704638514 62
1704638642 49
1704638770 70
1704638898 64
1704639026 26



# Sketch: 3
1704638514 372
1704638642 208
1704638770 37
1704638898 52
1704639026 28



# Sketch: 4
1704638514 42
1704638642 70
1704638770 49
1704638898 50
1704639026 23



# Sketch: 5
1704638514 47
1704638642 49
1704638770 61
1704638898 53
1704639026 42



# Sketch: 6
1704638514 48
1704638642 68
1704638770 46
1704638898 58
1704639026 43



# Sketch: 7
1704638514 86
1704638642 49
1704638770 60
1704638898 88
1704639026 52



# Sketch: 8
1704638514 51
1704638642 64
1704638770 43
1704638898 41
1704639026 35



# Sketch: 9
1704638514 67
1704638642 67
1704638770 26
1704638898 67
1704639026 33



# Sketch: 10
1704638514 59
1704638642 52
1704638770 66
1704638898 51
1704639026 30



# Sketch: 11
1704638514 87
1704638642 56
1704638770 49
1704638898 45
1704639026 23



# Sketch: 12
1704638514 63
1704638642 47
1704638770 25
1704638898 41
1704639026 29



# Sketch: 13
1704638514 38
1704638642 34
1704638770 59
1704638898 53
1704639026 40



# Sketch: 14
1704638514 76
1704638642 96
1704638770 152
1704638898 77
1704639026 45



# Sketch: 15
1704638514 62
1704638642 80
1704638770 69
1704638898 80
1704639026 47



# Sketch: 16
1704638514 78
1704638642 61
1704638770 59
1704638898 75
1704639026 41



# Sketch: 17
1704638514 87
1704638642 81
1704638770 79
1704638898 79
1704639026 32



# Sketch: 18
1704638514 72
1704638642 70
1704638770 89
1704638898 72
1704639026 53



# Sketch: 19
1704638514 49
1704638642 83
1704638770 53
1704638898 46
1704639026 20



# Sketch: 20
1704638514 69
1704638642 50
1704638770 70
1704638898 38
1704639026 29



# Sketch: 21
1704638514 60
1704638642 39
1704638770 44
1704638898 51
1704639026 27



# Sketch: 22
1704638514 62
1704638642 69
1704638770 123
1704638898 51
1704639026 53



# Sketch: 23
1704638514 54
1704638642 54
1704638770 24
1704638898 66
1704639026 57



# Sketch: 24
1704638514 57
1704638642 55
1704638770 58
1704638898 67
1704639026 35



# Sketch: 25
1704638514 56
1704638642 86
1704638770 66
1704638898 136
1704639026 40



# Sketch: 26
1704638514 40
1704638642 57
1704638770 57
1704638898 40
1704639026 40



# Sketch: 27
1704638514 61
1704638642 57
1704638770 53
1704638898 51
1704639026 37



# Sketch: 28
1704638514 99
1704638642 74
1704638770 74
1704638898 63
1704639026 41



# Sketch: 29
1704638514 53
1704638642 44
1704638770 56
1704638898 51
1704639026 32



# Sketch: 30
1704638514 76
1704638642 63
1704638770 75
1704638898 91
1704639026 60



# Sketch: 31
1704638514 77
1704638642 50
1704638770 41
1704638898 48
1704639026 46

