

# Sketch: 0
0 1.03613
1 1.01026
2 0.890176
3 0.897798
4 0.690828
5 0.562862
6 0.56498
7 0.707919



# Sketch: 1
0 0.751229
1 0.968384
2 1.01453
3 0.97523
4 1.15868
5 1.01694
6 0.932946
7 1.04813



# Sketch: 2
0 0.458477
1 0.348823
2 0.290207
3 0.42053
4 0.461136
5 1.01382
6 1.05276
7 0.68177



# Sketch: 3
0 1.81896
1 2.04059
2 2.07164
3 1.38591
4 1.17862
5 1.1752
6 1.18258
7 1.09233



# Sketch: 4
0 0.850221
1 0.519317
2 0.360023
3 0.331929
4 0.293384
5 0.195362
6 0.21946
7 0.966053



# Sketch: 5
0 0.808045
1 0.715996
2 0.662268
3 0.763949
4 1.44857
5 2.07509
6 2.0532
7 1.68231



# Sketch: 6
0 0.630967
1 0.664745
2 0.664494
3 0.704662
4 0.579782
5 0.860544
6 0.791667
7 0.796065



# Sketch: 7
0 2.8477
1 2.684
2 2.45589
3 3.28589
4 4.05693
5 4.4682
6 4.65219
7 4.84663



# Sketch: 8
0 0.233459
1 0.24154
2 0.291631
3 0.599942
4 1.18284
5 1.14163
6 0.777358
7 0.435013



# Sketch: 9
0 0.634699
1 0.546887
2 0.454682
3 0.357049
4 0.476766
5 0.230373
6 0.482105
7 1.49129



# Sketch: 10
0 0.429723
1 0.355946
2 0.298596
3 0.350748
4 0.225738
5 0.208479
6 0.271564
7 0.705663



# Sketch: 11
0 0.91177
1 0.920172
2 0.847181
3 0.801489
4 0.59755
5 0.929555
6 0.79035
7 0.796992



# Sketch: 12
0 0.537288
1 0.228559
2 0.205585
3 0.325366
4 0.39559
5 0.174447
6 1.41465
7 1.06428



# Sketch: 13
0 1.2768
1 1.51946
2 1.08524
3 1.00038
4 0.423272
5 0.20984
6 0.18159
7 0.216481



# Sketch: 14
0 0.751533
1 0.681995
2 0.458129
3 0.408519
4 0.630577
5 0.902201
6 0.294178
7 0.664384



# Sketch: 15
0 1.13497
1 1.03216
2 0.946788
3 0.280009
4 0.122822
5 0.0827796
6 0.630956
7 0.814404



# Sketch: 16
0 0.837357
1 0.79976
2 0.850943
3 1.00194
4 0.99966
5 0.879311
6 0.812079
7 0.933082



# Sketch: 17
0 0.533964
1 0.46128
2 0.389948
3 0.554132
4 0.307611
5 0.299658
6 0.602548
7 0.886732



# Sketch: 18
0 0.607317
1 0.597361
2 0.38143
3 0.335556
4 0.353798
5 0.314955
6 0.798324
7 1.55888



# Sketch: 19
0 0.560203
1 0.516151
2 0.486617
3 0.463775
4 0.533628
5 0.412144
6 0.523004
7 0.623679



# Sketch: 20
0 0.258838
1 0.37898
2 0.337536
3 0.266016
4 0.253342
5 0.838509
6 0.326734
7 0.221067



# Sketch: 21
0 2.87614
1 1.95328
2 1.1532
3 1.02734
4 0.852348
5 0.697678
6 0.408455
7 1.27671



# Sketch: 22
0 0.770195
1 0.301137
2 0.155374
3 0.284299
4 0.504911
5 0.822609
6 0.853957
7 1.00246



# Sketch: 23
0 0.744755
1 0.661102
2 0.610178
3 0.844578
4 0.293896
5 0.252656
6 0.790846
7 0.835507



# Sketch: 24
0 1.00955
1 1.2172
2 1.40337
3 0.908259
4 1.73103
5 1.05669
6 0.214707
7 0.276977



# Sketch: 25
0 0.720398
1 0.641149
2 0.526417
3 0.329933
4 0.291492
5 0.544757
6 0.329521
7 0.86113



# Sketch: 26
0 0.324953
1 0.500092
2 0.691157
3 0.385784
4 0.203878
5 0.191642
6 2.49952
7 0.496194



# Sketch: 27
0 1.32907
1 1.42708
2 0.970689
3 1.207
4 1.24994
5 1.42599
6 0.441369
7 0.135206



# Sketch: 28
0 0.824071
1 1.05256
2 0.801836
3 0.600902
4 0.408847
5 0.668264
6 0.764418
7 0.222086



# Sketch: 29
0 0.827973
1 0.852636
2 0.807189
3 0.566671
4 0.389424
5 0.741293
6 0.243684
7 1.62766



# Sketch: 30
0 1.17239
1 1.03134
2 0.908414
3 1.11714
4 0.853981
5 0.677518
6 0.33502
7 0.390653



# Sketch: 31
0 0.565218
1 0.615387
2 0.398311
3 0.726661
4 1.46074
5 1.31376
6 0.270578
7 0.239297

