

# Sketch: 0
1704638514 64
1704638642 68
1704638770 74
1704638898 59
1704639026 55



# Sketch: 1
1704638514 41
1704638642 40
1704638770 41
1704638898 50
1704639026 39



# Sketch: 2
1704638514 46
1704638642 59
1704638770 50
1704638898 44
1704639026 44



# Sketch: 3
1704638514 66
1704638642 40
1704638770 49
1704638898 78
1704639026 43



# Sketch: 4
1704638514 51
1704638642 68
1704638770 55
1704638898 51
1704639026 37



# Sketch: 5
1704638514 69
1704638642 134
1704638770 116
1704638898 89
1704639026 77



# Sketch: 6
1704638514 80
1704638642 69
1704638770 80
1704638898 56
1704639026 35



# Sketch: 7
1704638514 76
1704638642 50
1704638770 50
1704638898 45
1704639026 42



# Sketch: 8
1704638514 73
1704638642 75
1704638770 69
1704638898 75
1704639026 36



# Sketch: 9
1704638514 47
1704638642 42
1704638770 87
1704638898 68
1704639026 39



# Sketch: 10
1704638514 69
1704638642 70
1704638770 68
1704638898 53
1704639026 32



# Sketch: 11
1704638514 42
1704638642 28
1704638770 38
1704638898 41
1704639026 29



# Sketch: 12
1704638514 50
1704638642 67
1704638770 41
1704638898 69
1704639026 26



# Sketch: 13
1704638514 58
1704638642 51
1704638770 45
1704638898 62
1704639026 38



# Sketch: 14
1704638514 96
1704638642 74
1704638770 74
1704638898 74
1704639026 62



# Sketch: 15
1704638514 39
1704638642 57
1704638770 78
1704638898 50
1704639026 26



# Sketch: 16
1704638514 94
1704638642 63
1704638770 116
1704638898 100
1704639026 44



# Sketch: 17
1704638514 392
1704638642 234
1704638770 32
1704638898 46
1704639026 31



# Sketch: 18
1704638514 50
1704638642 32
1704638770 30
1704638898 56
1704639026 27



# Sketch: 19
1704638514 60
1704638642 61
1704638770 84
1704638898 126
1704639026 18



# Sketch: 20
1704638514 88
1704638642 81
1704638770 112
1704638898 79
1704639026 61



# Sketch: 21
1704638514 75
1704638642 104
1704638770 66
1704638898 49
1704639026 66



# Sketch: 22
1704638514 62
1704638642 56
1704638770 50
1704638898 56
1704639026 28



# Sketch: 23
1704638514 62
1704638642 56
1704638770 37
1704638898 45
1704639026 15



# Sketch: 24
1704638514 94
1704638642 63
1704638770 52
1704638898 55
1704639026 52



# Sketch: 25
1704638514 49
1704638642 52
1704638770 43
1704638898 60
1704639026 21



# Sketch: 26
1704638514 52
1704638642 77
1704638770 82
1704638898 51
1704639026 40



# Sketch: 27
1704638514 46
1704638642 57
1704638770 41
1704638898 58
1704639026 16



# Sketch: 28
1704638514 109
1704638642 70
1704638770 56
1704638898 72
1704639026 56



# Sketch: 29
1704638514 39
1704638642 25
1704638770 50
1704638898 46
1704639026 29



# Sketch: 30
1704638514 59
1704638642 49
1704638770 69
1704638898 55
1704639026 36



# Sketch: 31
1704638514 59
1704638642 61
1704638770 38
1704638898 43
1704639026 28

