

# Sketch: 0
1704638514 3
1704638522 1
1704638530 8
1704638538 3
1704638546 6
1704638554 0
1704638562 13
1704638570 3
1704638578 0
1704638586 2
1704638594 4
1704638602 1
1704638610 6
1704638618 1
1704638626 2
1704638634 3
1704638642 2
1704638650 8
1704638658 1
1704638666 2
1704638674 0
1704638682 0
1704638690 4
1704638698 3
1704638706 3
1704638714 2
1704638722 1
1704638730 3
1704638738 1
1704638746 6
1704638754 1
1704638762 0
1704638770 4
1704638778 11
1704638786 4
1704638794 1
1704638802 2
1704638810 0
1704638818 2
1704638826 0
1704638834 6
1704638842 1
1704638850 4
1704638858 6
1704638866 4
1704638874 1
1704638882 6
1704638890 2
1704638898 3
1704638906 4
1704638914 6
1704638922 1
1704638930 3
1704638938 12
1704638946 5
1704638954 1
1704638962 4
1704638970 12
1704638978 2
1704638986 1
1704638994 1
1704639002 4
1704639010 2
1704639018 2
1704639026 2
1704639034 1
1704639042 1
1704639050 4
1704639058 0
1704639066 2
1704639074 2
1704639082 9
1704639090 5
1704639098 3
1704639106 2



# Sketch: 1
1704638514 1
1704638522 9
1704638530 4
1704638538 4
1704638546 5
1704638554 1
1704638562 1
1704638570 3
1704638578 4
1704638586 2
1704638594 5
1704638602 0
1704638610 11
1704638618 1
1704638626 3
1704638634 6
1704638642 5
1704638650 4
1704638658 3
1704638666 2
1704638674 3
1704638682 4
1704638690 2
1704638698 2
1704638706 6
1704638714 6
1704638722 5
1704638730 2
1704638738 3
1704638746 6
1704638754 8
1704638762 2
1704638770 2
1704638778 1
1704638786 3
1704638794 0
1704638802 6
1704638810 13
1704638818 8
1704638826 6
1704638834 2
1704638842 5
1704638850 4
1704638858 1
1704638866 1
1704638874 4
1704638882 5
1704638890 8
1704638898 11
1704638906 2
1704638914 3
1704638922 8
1704638930 4
1704638938 12
1704638946 9
1704638954 10
1704638962 4
1704638970 2
1704638978 2
1704638986 1
1704638994 2
1704639002 6
1704639010 4
1704639018 7
1704639026 1
1704639034 4
1704639042 5
1704639050 4
1704639058 1
1704639066 3
1704639074 2
1704639082 7
1704639090 7
1704639098 3
1704639106 5



# Sketch: 2
1704638514 1
1704638522 6
1704638530 3
1704638538 1
1704638546 1
1704638554 6
1704638562 40
1704638570 1
1704638578 2
1704638586 2
1704638594 5
1704638602 6
1704638610 2
1704638618 2
1704638626 0
1704638634 10
1704638642 5
1704638650 8
1704638658 8
1704638666 3
1704638674 3
1704638682 0
1704638690 1
1704638698 4
1704638706 0
1704638714 2
1704638722 1
1704638730 1
1704638738 3
1704638746 8
1704638754 0
1704638762 2
1704638770 5
1704638778 6
1704638786 3
1704638794 4
1704638802 6
1704638810 4
1704638818 1
1704638826 2
1704638834 1
1704638842 1
1704638850 3
1704638858 5
1704638866 1
1704638874 5
1704638882 4
1704638890 1
1704638898 7
1704638906 4
1704638914 8
1704638922 1
1704638930 9
1704638938 2
1704638946 4
1704638954 0
1704638962 8
1704638970 1
1704638978 15
1704638986 3
1704638994 4
1704639002 1
1704639010 3
1704639018 6
1704639026 4
1704639034 6
1704639042 3
1704639050 7
1704639058 3
1704639066 1
1704639074 0
1704639082 4
1704639090 2
1704639098 4
1704639106 4



# Sketch: 3
1704638514 0
1704638522 2
1704638530 4
1704638538 4
1704638546 2
1704638554 4
1704638562 2
1704638570 6
1704638578 4
1704638586 2
1704638594 5
1704638602 8
1704638610 2
1704638618 0
1704638626 3
1704638634 1
1704638642 0
1704638650 3
1704638658 3
1704638666 1
1704638674 5
1704638682 1
1704638690 4
1704638698 1
1704638706 2
1704638714 2
1704638722 2
1704638730 2
1704638738 25
1704638746 3
1704638754 1
1704638762 3
1704638770 6
1704638778 1
1704638786 4
1704638794 6
1704638802 4
1704638810 1
1704638818 6
1704638826 2
1704638834 5
1704638842 7
1704638850 1
1704638858 3
1704638866 5
1704638874 8
1704638882 6
1704638890 4
1704638898 4
1704638906 1
1704638914 8
1704638922 0
1704638930 0
1704638938 1
1704638946 6
1704638954 2
1704638962 7
1704638970 2
1704638978 3
1704638986 1
1704638994 2
1704639002 8
1704639010 9
1704639018 8
1704639026 5
1704639034 7
1704639042 2
1704639050 1
1704639058 2
1704639066 1
1704639074 3
1704639082 4
1704639090 9
1704639098 0
1704639106 2



# Sketch: 4
1704638514 3
1704638522 5
1704638530 21
1704638538 9
1704638546 2
1704638554 9
1704638562 18
1704638570 2
1704638578 1
1704638586 11
1704638594 8
1704638602 5
1704638610 12
1704638618 7
1704638626 5
1704638634 10
1704638642 4
1704638650 6
1704638658 9
1704638666 9
1704638674 1
1704638682 4
1704638690 2
1704638698 12
1704638706 4
1704638714 7
1704638722 7
1704638730 13
1704638738 5
1704638746 10
1704638754 4
1704638762 19
1704638770 23
1704638778 10
1704638786 2
1704638794 4
1704638802 7
1704638810 6
1704638818 19
1704638826 8
1704638834 7
1704638842 2
1704638850 7
1704638858 10
1704638866 4
1704638874 3
1704638882 4
1704638890 6
1704638898 10
1704638906 5
1704638914 5
1704638922 5
1704638930 3
1704638938 4
1704638946 11
1704638954 3
1704638962 9
1704638970 7
1704638978 8
1704638986 7
1704638994 4
1704639002 7
1704639010 5
1704639018 12
1704639026 7
1704639034 1
1704639042 1
1704639050 1
1704639058 6
1704639066 12
1704639074 5
1704639082 3
1704639090 11
1704639098 3
1704639106 4



# Sketch: 5
1704638514 1
1704638522 3
1704638530 3
1704638538 4
1704638546 2
1704638554 0
1704638562 3
1704638570 1
1704638578 1
1704638586 1
1704638594 2
1704638602 8
1704638610 2
1704638618 3
1704638626 1
1704638634 0
1704638642 11
1704638650 4
1704638658 15
1704638666 2
1704638674 6
1704638682 0
1704638690 7
1704638698 4
1704638706 0
1704638714 3
1704638722 2
1704638730 2
1704638738 2
1704638746 2
1704638754 2
1704638762 0
1704638770 2
1704638778 6
1704638786 1
1704638794 7
1704638802 1
1704638810 0
1704638818 1
1704638826 3
1704638834 3
1704638842 2
1704638850 3
1704638858 2
1704638866 1
1704638874 3
1704638882 1
1704638890 3
1704638898 1
1704638906 3
1704638914 5
1704638922 1
1704638930 1
1704638938 1
1704638946 5
1704638954 4
1704638962 1
1704638970 1
1704638978 3
1704638986 1
1704638994 2
1704639002 3
1704639010 4
1704639018 3
1704639026 3
1704639034 5
1704639042 3
1704639050 1
1704639058 2
1704639066 1
1704639074 2
1704639082 2
1704639090 2
1704639098 3
1704639106 5



# Sketch: 6
1704638514 9
1704638522 21
1704638530 4
1704638538 4
1704638546 6
1704638554 2
1704638562 4
1704638570 1
1704638578 5
1704638586 3
1704638594 2
1704638602 5
1704638610 11
1704638618 3
1704638626 1
1704638634 2
1704638642 0
1704638650 10
1704638658 5
1704638666 4
1704638674 4
1704638682 0
1704638690 2
1704638698 10
1704638706 6
1704638714 4
1704638722 3
1704638730 4
1704638738 4
1704638746 4
1704638754 1
1704638762 2
1704638770 5
1704638778 5
1704638786 3
1704638794 5
1704638802 3
1704638810 2
1704638818 1
1704638826 2
1704638834 9
1704638842 1
1704638850 2
1704638858 7
1704638866 3
1704638874 1
1704638882 1
1704638890 6
1704638898 3
1704638906 9
1704638914 2
1704638922 2
1704638930 2
1704638938 6
1704638946 7
1704638954 3
1704638962 0
1704638970 1
1704638978 3
1704638986 5
1704638994 10
1704639002 3
1704639010 6
1704639018 8
1704639026 2
1704639034 2
1704639042 4
1704639050 2
1704639058 2
1704639066 1
1704639074 7
1704639082 1
1704639090 8
1704639098 4
1704639106 2



# Sketch: 7
1704638514 3
1704638522 6
1704638530 1
1704638538 2
1704638546 3
1704638554 5
1704638562 7
1704638570 8
1704638578 4
1704638586 5
1704638594 6
1704638602 5
1704638610 7
1704638618 15
1704638626 4
1704638634 4
1704638642 0
1704638650 5
1704638658 4
1704638666 1
1704638674 2
1704638682 0
1704638690 3
1704638698 1
1704638706 3
1704638714 8
1704638722 3
1704638730 2
1704638738 3
1704638746 8
1704638754 3
1704638762 3
1704638770 2
1704638778 1
1704638786 3
1704638794 3
1704638802 1
1704638810 9
1704638818 3
1704638826 3
1704638834 4
1704638842 2
1704638850 7
1704638858 3
1704638866 5
1704638874 0
1704638882 16
1704638890 5
1704638898 5
1704638906 5
1704638914 5
1704638922 1
1704638930 13
1704638938 11
1704638946 4
1704638954 3
1704638962 1
1704638970 1
1704638978 0
1704638986 1
1704638994 3
1704639002 12
1704639010 1
1704639018 5
1704639026 4
1704639034 6
1704639042 10
1704639050 6
1704639058 4
1704639066 5
1704639074 6
1704639082 4
1704639090 11
1704639098 3
1704639106 6



# Sketch: 8
1704638514 3
1704638522 11
1704638530 2
1704638538 10
1704638546 7
1704638554 2
1704638562 2
1704638570 1
1704638578 1
1704638586 4
1704638594 7
1704638602 13
1704638610 3
1704638618 4
1704638626 5
1704638634 4
1704638642 4
1704638650 1
1704638658 3
1704638666 3
1704638674 0
1704638682 1
1704638690 2
1704638698 14
1704638706 2
1704638714 3
1704638722 1
1704638730 5
1704638738 3
1704638746 5
1704638754 4
1704638762 3
1704638770 4
1704638778 3
1704638786 3
1704638794 1
1704638802 2
1704638810 2
1704638818 3
1704638826 1
1704638834 3
1704638842 1
1704638850 7
1704638858 1
1704638866 2
1704638874 2
1704638882 7
1704638890 2
1704638898 2
1704638906 5
1704638914 3
1704638922 0
1704638930 4
1704638938 3
1704638946 1
1704638954 2
1704638962 1
1704638970 4
1704638978 16
1704638986 7
1704638994 2
1704639002 6
1704639010 4
1704639018 7
1704639026 3
1704639034 5
1704639042 7
1704639050 5
1704639058 3
1704639066 1
1704639074 3
1704639082 2
1704639090 0
1704639098 4
1704639106 1



# Sketch: 9
1704638514 0
1704638522 1
1704638530 1
1704638538 2
1704638546 2
1704638554 0
1704638562 2
1704638570 6
1704638578 13
1704638586 1
1704638594 2
1704638602 4
1704638610 2
1704638618 2
1704638626 2
1704638634 0
1704638642 4
1704638650 0
1704638658 3
1704638666 3
1704638674 2
1704638682 6
1704638690 7
1704638698 1
1704638706 8
1704638714 30
1704638722 2
1704638730 9
1704638738 4
1704638746 2
1704638754 2
1704638762 2
1704638770 10
1704638778 3
1704638786 2
1704638794 1
1704638802 1
1704638810 2
1704638818 1
1704638826 3
1704638834 4
1704638842 3
1704638850 4
1704638858 3
1704638866 5
1704638874 1
1704638882 11
1704638890 9
1704638898 2
1704638906 3
1704638914 1
1704638922 3
1704638930 1
1704638938 5
1704638946 2
1704638954 3
1704638962 2
1704638970 3
1704638978 3
1704638986 6
1704638994 4
1704639002 4
1704639010 1
1704639018 4
1704639026 3
1704639034 1
1704639042 2
1704639050 0
1704639058 15
1704639066 6
1704639074 3
1704639082 3
1704639090 6
1704639098 8
1704639106 3



# Sketch: 10
1704638514 2
1704638522 1
1704638530 5
1704638538 0
1704638546 7
1704638554 7
1704638562 7
1704638570 6
1704638578 2
1704638586 2
1704638594 3
1704638602 0
1704638610 5
1704638618 5
1704638626 5
1704638634 2
1704638642 5
1704638650 3
1704638658 5
1704638666 7
1704638674 0
1704638682 7
1704638690 4
1704638698 3
1704638706 0
1704638714 3
1704638722 4
1704638730 3
1704638738 1
1704638746 2
1704638754 1
1704638762 7
1704638770 8
1704638778 4
1704638786 6
1704638794 3
1704638802 3
1704638810 2
1704638818 14
1704638826 3
1704638834 1
1704638842 1
1704638850 6
1704638858 4
1704638866 1
1704638874 1
1704638882 4
1704638890 13
1704638898 0
1704638906 7
1704638914 2
1704638922 2
1704638930 2
1704638938 1
1704638946 3
1704638954 2
1704638962 2
1704638970 0
1704638978 1
1704638986 4
1704638994 4
1704639002 5
1704639010 5
1704639018 5
1704639026 5
1704639034 0
1704639042 1
1704639050 4
1704639058 4
1704639066 5
1704639074 2
1704639082 4
1704639090 6
1704639098 3
1704639106 0



# Sketch: 11
1704638514 1
1704638522 10
1704638530 1
1704638538 5
1704638546 4
1704638554 3
1704638562 2
1704638570 4
1704638578 3
1704638586 2
1704638594 3
1704638602 1
1704638610 3
1704638618 4
1704638626 1
1704638634 2
1704638642 2
1704638650 1
1704638658 0
1704638666 1
1704638674 2
1704638682 3
1704638690 3
1704638698 4
1704638706 1
1704638714 6
1704638722 8
1704638730 0
1704638738 1
1704638746 2
1704638754 4
1704638762 5
1704638770 2
1704638778 2
1704638786 3
1704638794 2
1704638802 2
1704638810 2
1704638818 5
1704638826 5
1704638834 1
1704638842 11
1704638850 1
1704638858 4
1704638866 2
1704638874 1
1704638882 2
1704638890 1
1704638898 2
1704638906 1
1704638914 3
1704638922 6
1704638930 1
1704638938 5
1704638946 0
1704638954 6
1704638962 3
1704638970 1
1704638978 3
1704638986 4
1704638994 0
1704639002 2
1704639010 1
1704639018 2
1704639026 2
1704639034 6
1704639042 4
1704639050 0
1704639058 8
1704639066 0
1704639074 3
1704639082 2
1704639090 3
1704639098 2
1704639106 3



# Sketch: 12
1704638514 12
1704638522 3
1704638530 13
1704638538 2
1704638546 0
1704638554 3
1704638562 5
1704638570 3
1704638578 2
1704638586 3
1704638594 3
1704638602 4
1704638610 1
1704638618 2
1704638626 1
1704638634 3
1704638642 4
1704638650 5
1704638658 3
1704638666 1
1704638674 0
1704638682 3
1704638690 0
1704638698 9
1704638706 0
1704638714 1
1704638722 2
1704638730 2
1704638738 7
1704638746 0
1704638754 2
1704638762 2
1704638770 2
1704638778 0
1704638786 3
1704638794 2
1704638802 1
1704638810 3
1704638818 9
1704638826 11
1704638834 6
1704638842 6
1704638850 13
1704638858 3
1704638866 1
1704638874 3
1704638882 3
1704638890 5
1704638898 14
1704638906 0
1704638914 0
1704638922 0
1704638930 4
1704638938 2
1704638946 2
1704638954 3
1704638962 4
1704638970 3
1704638978 2
1704638986 2
1704638994 7
1704639002 2
1704639010 6
1704639018 10
1704639026 2
1704639034 2
1704639042 6
1704639050 2
1704639058 2
1704639066 2
1704639074 1
1704639082 3
1704639090 5
1704639098 6
1704639106 6



# Sketch: 13
1704638514 3
1704638522 4
1704638530 4
1704638538 7
1704638546 2
1704638554 11
1704638562 28
1704638570 1
1704638578 18
1704638586 8
1704638594 6
1704638602 1
1704638610 2
1704638618 1
1704638626 0
1704638634 1
1704638642 5
1704638650 2
1704638658 4
1704638666 3
1704638674 6
1704638682 2
1704638690 4
1704638698 1
1704638706 0
1704638714 2
1704638722 12
1704638730 0
1704638738 1
1704638746 2
1704638754 4
1704638762 1
1704638770 2
1704638778 3
1704638786 2
1704638794 4
1704638802 0
1704638810 0
1704638818 1
1704638826 7
1704638834 7
1704638842 3
1704638850 6
1704638858 16
1704638866 2
1704638874 2
1704638882 2
1704638890 5
1704638898 5
1704638906 1
1704638914 1
1704638922 4
1704638930 4
1704638938 5
1704638946 3
1704638954 2
1704638962 3
1704638970 1
1704638978 2
1704638986 1
1704638994 1
1704639002 5
1704639010 4
1704639018 5
1704639026 2
1704639034 2
1704639042 2
1704639050 2
1704639058 4
1704639066 15
1704639074 1
1704639082 4
1704639090 13
1704639098 4
1704639106 1



# Sketch: 14
1704638514 3
1704638522 2
1704638530 6
1704638538 0
1704638546 1
1704638554 3
1704638562 2
1704638570 7
1704638578 6
1704638586 6
1704638594 0
1704638602 7
1704638610 1
1704638618 3
1704638626 5
1704638634 1
1704638642 0
1704638650 4
1704638658 1
1704638666 16
1704638674 10
1704638682 2
1704638690 2
1704638698 1
1704638706 4
1704638714 3
1704638722 4
1704638730 3
1704638738 5
1704638746 8
1704638754 6
1704638762 3
1704638770 6
1704638778 3
1704638786 5
1704638794 1
1704638802 0
1704638810 0
1704638818 3
1704638826 2
1704638834 5
1704638842 0
1704638850 6
1704638858 2
1704638866 4
1704638874 6
1704638882 14
1704638890 9
1704638898 5
1704638906 6
1704638914 7
1704638922 5
1704638930 2
1704638938 2
1704638946 4
1704638954 2
1704638962 5
1704638970 1
1704638978 2
1704638986 3
1704638994 3
1704639002 0
1704639010 4
1704639018 6
1704639026 0
1704639034 5
1704639042 7
1704639050 1
1704639058 1
1704639066 3
1704639074 0
1704639082 1
1704639090 3
1704639098 1
1704639106 1



# Sketch: 15
1704638514 9
1704638522 4
1704638530 7
1704638538 3
1704638546 2
1704638554 3
1704638562 3
1704638570 2
1704638578 1
1704638586 2
1704638594 2
1704638602 1
1704638610 5
1704638618 3
1704638626 3
1704638634 1
1704638642 3
1704638650 7
1704638658 4
1704638666 2
1704638674 5
1704638682 0
1704638690 5
1704638698 4
1704638706 2
1704638714 0
1704638722 1
1704638730 3
1704638738 3
1704638746 14
1704638754 5
1704638762 3
1704638770 5
1704638778 9
1704638786 1
1704638794 4
1704638802 7
1704638810 1
1704638818 0
1704638826 0
1704638834 0
1704638842 1
1704638850 4
1704638858 16
1704638866 7
1704638874 7
1704638882 11
1704638890 0
1704638898 8
1704638906 2
1704638914 13
1704638922 1
1704638930 0
1704638938 9
1704638946 3
1704638954 3
1704638962 0
1704638970 1
1704638978 3
1704638986 2
1704638994 1
1704639002 4
1704639010 1
1704639018 12
1704639026 0
1704639034 1
1704639042 2
1704639050 1
1704639058 0
1704639066 0
1704639074 3
1704639082 3
1704639090 1
1704639098 1
1704639106 3



# Sketch: 16
1704638514 12
1704638522 10
1704638530 5
1704638538 1
1704638546 3
1704638554 2
1704638562 3
1704638570 6
1704638578 0
1704638586 2
1704638594 3
1704638602 3
1704638610 10
1704638618 3
1704638626 3
1704638634 3
1704638642 4
1704638650 2
1704638658 5
1704638666 1
1704638674 2
1704638682 3
1704638690 1
1704638698 4
1704638706 5
1704638714 9
1704638722 4
1704638730 5
1704638738 7
1704638746 11
1704638754 3
1704638762 2
1704638770 4
1704638778 2
1704638786 5
1704638794 6
1704638802 2
1704638810 2
1704638818 16
1704638826 0
1704638834 5
1704638842 6
1704638850 5
1704638858 7
1704638866 4
1704638874 1
1704638882 6
1704638890 16
1704638898 5
1704638906 1
1704638914 1
1704638922 6
1704638930 7
1704638938 2
1704638946 2
1704638954 3
1704638962 1
1704638970 6
1704638978 15
1704638986 7
1704638994 6
1704639002 10
1704639010 12
1704639018 13
1704639026 2
1704639034 6
1704639042 3
1704639050 0
1704639058 2
1704639066 9
1704639074 4
1704639082 6
1704639090 3
1704639098 5
1704639106 4



# Sketch: 17
1704638514 4
1704638522 2
1704638530 0
1704638538 1
1704638546 5
1704638554 4
1704638562 5
1704638570 4
1704638578 5
1704638586 1
1704638594 10
1704638602 4
1704638610 6
1704638618 3
1704638626 7
1704638634 2
1704638642 3
1704638650 8
1704638658 1
1704638666 4
1704638674 6
1704638682 0
1704638690 2
1704638698 3
1704638706 1
1704638714 7
1704638722 4
1704638730 0
1704638738 0
1704638746 14
1704638754 3
1704638762 3
1704638770 2
1704638778 2
1704638786 1
1704638794 5
1704638802 2
1704638810 1
1704638818 1
1704638826 3
1704638834 0
1704638842 5
1704638850 1
1704638858 4
1704638866 9
1704638874 3
1704638882 2
1704638890 2
1704638898 3
1704638906 0
1704638914 1
1704638922 2
1704638930 1
1704638938 2
1704638946 4
1704638954 1
1704638962 1
1704638970 1
1704638978 1
1704638986 3
1704638994 3
1704639002 1
1704639010 1
1704639018 4
1704639026 3
1704639034 0
1704639042 2
1704639050 1
1704639058 3
1704639066 7
1704639074 2
1704639082 4
1704639090 5
1704639098 2
1704639106 3



# Sketch: 18
1704638514 48
1704638522 52
1704638530 41
1704638538 42
1704638546 24
1704638554 12
1704638562 5
1704638570 2
1704638578 3
1704638586 8
1704638594 8
1704638602 25
1704638610 34
1704638618 17
1704638626 23
1704638634 27
1704638642 27
1704638650 10
1704638658 31
1704638666 37
1704638674 29
1704638682 33
1704638690 21
1704638698 10
1704638706 3
1704638714 5
1704638722 2
1704638730 1
1704638738 3
1704638746 7
1704638754 1
1704638762 3
1704638770 2
1704638778 2
1704638786 3
1704638794 1
1704638802 1
1704638810 1
1704638818 4
1704638826 1
1704638834 1
1704638842 1
1704638850 1
1704638858 1
1704638866 0
1704638874 1
1704638882 0
1704638890 6
1704638898 4
1704638906 2
1704638914 1
1704638922 4
1704638930 4
1704638938 1
1704638946 2
1704638954 2
1704638962 1
1704638970 3
1704638978 2
1704638986 0
1704638994 2
1704639002 4
1704639010 10
1704639018 17
1704639026 4
1704639034 2
1704639042 3
1704639050 1
1704639058 3
1704639066 1
1704639074 3
1704639082 4
1704639090 1
1704639098 5
1704639106 0



# Sketch: 19
1704638514 7
1704638522 0
1704638530 1
1704638538 0
1704638546 4
1704638554 2
1704638562 1
1704638570 3
1704638578 1
1704638586 1
1704638594 16
1704638602 8
1704638610 2
1704638618 0
1704638626 7
1704638634 3
1704638642 2
1704638650 3
1704638658 3
1704638666 6
1704638674 1
1704638682 9
1704638690 3
1704638698 5
1704638706 1
1704638714 4
1704638722 5
1704638730 3
1704638738 4
1704638746 4
1704638754 0
1704638762 3
1704638770 1
1704638778 0
1704638786 2
1704638794 4
1704638802 1
1704638810 1
1704638818 4
1704638826 5
1704638834 2
1704638842 1
1704638850 2
1704638858 1
1704638866 1
1704638874 3
1704638882 5
1704638890 3
1704638898 2
1704638906 7
1704638914 5
1704638922 1
1704638930 1
1704638938 3
1704638946 2
1704638954 5
1704638962 2
1704638970 1
1704638978 0
1704638986 1
1704638994 12
1704639002 3
1704639010 3
1704639018 3
1704639026 1
1704639034 1
1704639042 3
1704639050 8
1704639058 2
1704639066 9
1704639074 4
1704639082 5
1704639090 2
1704639098 2
1704639106 1



# Sketch: 20
1704638514 8
1704638522 3
1704638530 1
1704638538 2
1704638546 1
1704638554 1
1704638562 0
1704638570 4
1704638578 5
1704638586 14
1704638594 8
1704638602 7
1704638610 10
1704638618 3
1704638626 6
1704638634 9
1704638642 2
1704638650 15
1704638658 9
1704638666 9
1704638674 2
1704638682 1
1704638690 3
1704638698 7
1704638706 7
1704638714 4
1704638722 2
1704638730 4
1704638738 4
1704638746 1
1704638754 1
1704638762 7
1704638770 32
1704638778 6
1704638786 8
1704638794 1
1704638802 3
1704638810 0
1704638818 24
1704638826 9
1704638834 15
1704638842 4
1704638850 11
1704638858 2
1704638866 0
1704638874 2
1704638882 7
1704638890 0
1704638898 2
1704638906 6
1704638914 0
1704638922 1
1704638930 3
1704638938 1
1704638946 8
1704638954 3
1704638962 3
1704638970 6
1704638978 2
1704638986 3
1704638994 5
1704639002 4
1704639010 6
1704639018 5
1704639026 12
1704639034 4
1704639042 3
1704639050 3
1704639058 2
1704639066 8
1704639074 10
1704639082 6
1704639090 7
1704639098 7
1704639106 3



# Sketch: 21
1704638514 5
1704638522 3
1704638530 2
1704638538 1
1704638546 5
1704638554 6
1704638562 4
1704638570 2
1704638578 0
1704638586 4
1704638594 4
1704638602 4
1704638610 1
1704638618 19
1704638626 17
1704638634 4
1704638642 7
1704638650 10
1704638658 5
1704638666 6
1704638674 1
1704638682 7
1704638690 4
1704638698 4
1704638706 1
1704638714 3
1704638722 2
1704638730 1
1704638738 4
1704638746 7
1704638754 6
1704638762 2
1704638770 4
1704638778 1
1704638786 4
1704638794 1
1704638802 3
1704638810 2
1704638818 2
1704638826 4
1704638834 4
1704638842 1
1704638850 5
1704638858 1
1704638866 0
1704638874 2
1704638882 2
1704638890 3
1704638898 2
1704638906 2
1704638914 3
1704638922 2
1704638930 2
1704638938 1
1704638946 1
1704638954 1
1704638962 3
1704638970 3
1704638978 34
1704638986 13
1704638994 0
1704639002 3
1704639010 6
1704639018 2
1704639026 3
1704639034 8
1704639042 6
1704639050 5
1704639058 1
1704639066 5
1704639074 1
1704639082 5
1704639090 5
1704639098 10
1704639106 1



# Sketch: 22
1704638514 0
1704638522 5
1704638530 2
1704638538 4
1704638546 3
1704638554 2
1704638562 2
1704638570 6
1704638578 1
1704638586 0
1704638594 3
1704638602 15
1704638610 1
1704638618 0
1704638626 3
1704638634 6
1704638642 3
1704638650 1
1704638658 2
1704638666 2
1704638674 3
1704638682 2
1704638690 3
1704638698 2
1704638706 2
1704638714 3
1704638722 1
1704638730 1
1704638738 1
1704638746 4
1704638754 2
1704638762 7
1704638770 4
1704638778 2
1704638786 3
1704638794 2
1704638802 1
1704638810 1
1704638818 5
1704638826 0
1704638834 3
1704638842 1
1704638850 4
1704638858 5
1704638866 1
1704638874 0
1704638882 1
1704638890 2
1704638898 2
1704638906 1
1704638914 2
1704638922 1
1704638930 0
1704638938 0
1704638946 0
1704638954 6
1704638962 3
1704638970 15
1704638978 0
1704638986 6
1704638994 3
1704639002 2
1704639010 1
1704639018 2
1704639026 1
1704639034 1
1704639042 5
1704639050 9
1704639058 4
1704639066 0
1704639074 2
1704639082 7
1704639090 3
1704639098 3
1704639106 1



# Sketch: 23
1704638514 4
1704638522 4
1704638530 4
1704638538 3
1704638546 3
1704638554 1
1704638562 3
1704638570 2
1704638578 7
1704638586 1
1704638594 6
1704638602 3
1704638610 3
1704638618 3
1704638626 4
1704638634 3
1704638642 4
1704638650 5
1704638658 4
1704638666 4
1704638674 5
1704638682 2
1704638690 21
1704638698 2
1704638706 4
1704638714 5
1704638722 4
1704638730 5
1704638738 5
1704638746 8
1704638754 2
1704638762 2
1704638770 3
1704638778 2
1704638786 3
1704638794 2
1704638802 2
1704638810 2
1704638818 5
1704638826 0
1704638834 7
1704638842 6
1704638850 3
1704638858 1
1704638866 6
1704638874 3
1704638882 4
1704638890 4
1704638898 1
1704638906 5
1704638914 6
1704638922 1
1704638930 2
1704638938 2
1704638946 3
1704638954 5
1704638962 1
1704638970 5
1704638978 5
1704638986 2
1704638994 0
1704639002 3
1704639010 7
1704639018 3
1704639026 2
1704639034 4
1704639042 1
1704639050 2
1704639058 2
1704639066 3
1704639074 2
1704639082 3
1704639090 0
1704639098 4
1704639106 0



# Sketch: 24
1704638514 0
1704638522 3
1704638530 2
1704638538 1
1704638546 10
1704638554 4
1704638562 4
1704638570 0
1704638578 2
1704638586 1
1704638594 5
1704638602 4
1704638610 3
1704638618 3
1704638626 2
1704638634 1
1704638642 4
1704638650 3
1704638658 5
1704638666 6
1704638674 3
1704638682 13
1704638690 5
1704638698 1
1704638706 1
1704638714 3
1704638722 1
1704638730 6
1704638738 1
1704638746 6
1704638754 2
1704638762 2
1704638770 5
1704638778 0
1704638786 4
1704638794 2
1704638802 4
1704638810 1
1704638818 4
1704638826 5
1704638834 4
1704638842 0
1704638850 4
1704638858 12
1704638866 0
1704638874 1
1704638882 3
1704638890 2
1704638898 1
1704638906 1
1704638914 2
1704638922 0
1704638930 1
1704638938 0
1704638946 2
1704638954 3
1704638962 1
1704638970 5
1704638978 1
1704638986 3
1704638994 3
1704639002 0
1704639010 3
1704639018 4
1704639026 3
1704639034 2
1704639042 0
1704639050 3
1704639058 2
1704639066 3
1704639074 9
1704639082 8
1704639090 0
1704639098 3
1704639106 1



# Sketch: 25
1704638514 7
1704638522 0
1704638530 2
1704638538 4
1704638546 0
1704638554 2
1704638562 2
1704638570 3
1704638578 2
1704638586 5
1704638594 5
1704638602 11
1704638610 4
1704638618 4
1704638626 1
1704638634 1
1704638642 8
1704638650 6
1704638658 4
1704638666 3
1704638674 3
1704638682 1
1704638690 4
1704638698 3
1704638706 12
1704638714 3
1704638722 5
1704638730 4
1704638738 3
1704638746 7
1704638754 2
1704638762 6
1704638770 28
1704638778 8
1704638786 0
1704638794 3
1704638802 2
1704638810 7
1704638818 17
1704638826 7
1704638834 8
1704638842 2
1704638850 8
1704638858 3
1704638866 6
1704638874 2
1704638882 3
1704638890 5
1704638898 7
1704638906 2
1704638914 2
1704638922 1
1704638930 4
1704638938 6
1704638946 8
1704638954 1
1704638962 7
1704638970 7
1704638978 4
1704638986 4
1704638994 1
1704639002 6
1704639010 3
1704639018 7
1704639026 9
1704639034 6
1704639042 4
1704639050 0
1704639058 5
1704639066 8
1704639074 1
1704639082 6
1704639090 9
1704639098 6
1704639106 2



# Sketch: 26
1704638514 0
1704638522 2
1704638530 7
1704638538 0
1704638546 5
1704638554 6
1704638562 24
1704638570 4
1704638578 2
1704638586 1
1704638594 0
1704638602 5
1704638610 9
1704638618 4
1704638626 4
1704638634 2
1704638642 1
1704638650 3
1704638658 5
1704638666 0
1704638674 1
1704638682 2
1704638690 0
1704638698 4
1704638706 1
1704638714 2
1704638722 2
1704638730 4
1704638738 3
1704638746 1
1704638754 6
1704638762 4
1704638770 7
1704638778 3
1704638786 6
1704638794 7
1704638802 5
1704638810 1
1704638818 1
1704638826 4
1704638834 6
1704638842 2
1704638850 4
1704638858 0
1704638866 0
1704638874 2
1704638882 4
1704638890 9
1704638898 7
1704638906 3
1704638914 5
1704638922 1
1704638930 2
1704638938 4
1704638946 2
1704638954 1
1704638962 6
1704638970 2
1704638978 0
1704638986 3
1704638994 3
1704639002 0
1704639010 7
1704639018 9
1704639026 3
1704639034 3
1704639042 5
1704639050 3
1704639058 0
1704639066 3
1704639074 8
1704639082 0
1704639090 1
1704639098 6
1704639106 2



# Sketch: 27
1704638514 3
1704638522 7
1704638530 3
1704638538 2
1704638546 0
1704638554 3
1704638562 1
1704638570 5
1704638578 6
1704638586 1
1704638594 4
1704638602 3
1704638610 6
1704638618 7
1704638626 2
1704638634 5
1704638642 2
1704638650 4
1704638658 4
1704638666 0
1704638674 3
1704638682 1
1704638690 4
1704638698 5
1704638706 1
1704638714 4
1704638722 2
1704638730 5
1704638738 3
1704638746 12
1704638754 1
1704638762 1
1704638770 10
1704638778 4
1704638786 4
1704638794 9
1704638802 3
1704638810 9
1704638818 4
1704638826 1
1704638834 3
1704638842 6
1704638850 3
1704638858 1
1704638866 1
1704638874 1
1704638882 2
1704638890 6
1704638898 2
1704638906 3
1704638914 7
1704638922 1
1704638930 3
1704638938 5
1704638946 1
1704638954 7
1704638962 6
1704638970 5
1704638978 4
1704638986 4
1704638994 6
1704639002 1
1704639010 7
1704639018 6
1704639026 4
1704639034 2
1704639042 4
1704639050 3
1704639058 0
1704639066 6
1704639074 8
1704639082 2
1704639090 0
1704639098 3
1704639106 1



# Sketch: 28
1704638514 2
1704638522 3
1704638530 2
1704638538 5
1704638546 2
1704638554 1
1704638562 15
1704638570 5
1704638578 0
1704638586 8
1704638594 7
1704638602 1
1704638610 1
1704638618 1
1704638626 4
1704638634 3
1704638642 0
1704638650 1
1704638658 10
1704638666 10
1704638674 2
1704638682 0
1704638690 5
1704638698 1
1704638706 3
1704638714 2
1704638722 2
1704638730 3
1704638738 7
1704638746 8
1704638754 5
1704638762 1
1704638770 10
1704638778 2
1704638786 3
1704638794 1
1704638802 0
1704638810 1
1704638818 1
1704638826 3
1704638834 7
1704638842 3
1704638850 2
1704638858 2
1704638866 5
1704638874 3
1704638882 1
1704638890 5
1704638898 7
1704638906 3
1704638914 5
1704638922 9
1704638930 2
1704638938 4
1704638946 5
1704638954 5
1704638962 13
1704638970 8
1704638978 7
1704638986 5
1704638994 2
1704639002 11
1704639010 1
1704639018 3
1704639026 1
1704639034 3
1704639042 1
1704639050 5
1704639058 4
1704639066 2
1704639074 2
1704639082 3
1704639090 3
1704639098 9
1704639106 1



# Sketch: 29
1704638514 0
1704638522 0
1704638530 4
1704638538 5
1704638546 3
1704638554 5
1704638562 3
1704638570 2
1704638578 4
1704638586 4
1704638594 2
1704638602 1
1704638610 7
1704638618 0
1704638626 5
1704638634 3
1704638642 6
1704638650 7
1704638658 5
1704638666 5
1704638674 1
1704638682 4
1704638690 6
1704638698 3
1704638706 2
1704638714 6
1704638722 6
1704638730 8
1704638738 0
1704638746 4
1704638754 3
1704638762 2
1704638770 9
1704638778 6
1704638786 7
1704638794 7
1704638802 0
1704638810 0
1704638818 7
1704638826 4
1704638834 5
1704638842 4
1704638850 0
1704638858 1
1704638866 2
1704638874 1
1704638882 2
1704638890 7
1704638898 3
1704638906 3
1704638914 4
1704638922 5
1704638930 0
1704638938 1
1704638946 2
1704638954 6
1704638962 1
1704638970 1
1704638978 0
1704638986 1
1704638994 3
1704639002 6
1704639010 9
1704639018 3
1704639026 4
1704639034 3
1704639042 3
1704639050 2
1704639058 5
1704639066 2
1704639074 5
1704639082 13
1704639090 4
1704639098 3
1704639106 4



# Sketch: 30
1704638514 2
1704638522 6
1704638530 4
1704638538 3
1704638546 13
1704638554 1
1704638562 2
1704638570 5
1704638578 0
1704638586 5
1704638594 3
1704638602 10
1704638610 2
1704638618 1
1704638626 1
1704638634 2
1704638642 0
1704638650 4
1704638658 5
1704638666 17
1704638674 5
1704638682 2
1704638690 4
1704638698 1
1704638706 2
1704638714 2
1704638722 5
1704638730 5
1704638738 2
1704638746 3
1704638754 4
1704638762 1
1704638770 0
1704638778 10
1704638786 4
1704638794 0
1704638802 2
1704638810 4
1704638818 0
1704638826 0
1704638834 5
1704638842 4
1704638850 3
1704638858 4
1704638866 5
1704638874 6
1704638882 3
1704638890 1
1704638898 12
1704638906 6
1704638914 4
1704638922 2
1704638930 4
1704638938 4
1704638946 3
1704638954 5
1704638962 1
1704638970 3
1704638978 0
1704638986 2
1704638994 3
1704639002 5
1704639010 1
1704639018 3
1704639026 5
1704639034 1
1704639042 9
1704639050 4
1704639058 1
1704639066 3
1704639074 3
1704639082 4
1704639090 2
1704639098 1
1704639106 1



# Sketch: 31
1704638514 3
1704638522 5
1704638530 4
1704638538 8
1704638546 3
1704638554 4
1704638562 2
1704638570 4
1704638578 3
1704638586 2
1704638594 3
1704638602 3
1704638610 2
1704638618 6
1704638626 5
1704638634 0
1704638642 8
1704638650 6
1704638658 6
1704638666 3
1704638674 3
1704638682 12
1704638690 3
1704638698 4
1704638706 6
1704638714 12
1704638722 0
1704638730 5
1704638738 2
1704638746 4
1704638754 1
1704638762 9
1704638770 3
1704638778 1
1704638786 3
1704638794 3
1704638802 1
1704638810 8
1704638818 3
1704638826 12
1704638834 6
1704638842 2
1704638850 5
1704638858 1
1704638866 1
1704638874 0
1704638882 1
1704638890 3
1704638898 8
1704638906 7
1704638914 3
1704638922 4
1704638930 2
1704638938 4
1704638946 5
1704638954 5
1704638962 2
1704638970 3
1704638978 1
1704638986 3
1704638994 4
1704639002 5
1704639010 6
1704639018 13
1704639026 4
1704639034 3
1704639042 6
1704639050 1
1704639058 0
1704639066 2
1704639074 2
1704639082 2
1704639090 5
1704639098 7
1704639106 2

