

# Sketch: 0
0 0.655696
1 0.635197
2 0.428367
3 0.212264
4 0.233229
5 1.92433
6 0.839904
7 1.52026



# Sketch: 1
0 0.420358
1 0.278045
2 0.263324
3 0.352889
4 0.256465
5 0.646042
6 0.301546
7 0.682937



# Sketch: 2
0 0.44578
1 0.28334
2 0.306366
3 0.508883
4 0.732301
5 0.675512
6 1.2844
7 0.918415



# Sketch: 3
0 1.46102
1 1.52753
2 1.51406
3 1.41948
4 1.55465
5 1.46144
6 1.21332
7 1.18766



# Sketch: 4
0 2.90285
1 3.11914
2 3.22176
3 3.42817
4 3.41488
5 3.65259
6 3.64632
7 4.04727



# Sketch: 5
0 0.449403
1 0.62169
2 0.489027
3 0.284761
4 0.445012
5 0.220112
6 0.645986
7 0.263587



# Sketch: 6
0 0.710333
1 0.761452
2 0.615087
3 0.601886
4 0.317943
5 0.646733
6 0.836802
7 0.937223



# Sketch: 7
0 0.482222
1 0.659288
2 0.620572
3 0.579642
4 0.466605
5 0.217999
6 0.228802
7 0.667169



# Sketch: 8
0 0.367698
1 0.576437
2 0.63323
3 0.683885
4 0.922002
5 1.05402
6 0.974969
7 0.974153



# Sketch: 9
0 0.263078
1 0.207599
2 0.220348
3 0.402246
4 0.197373
5 0.341918
6 0.346181
7 0.740255



# Sketch: 10
0 0.0936798
1 0.276406
2 0.156319
3 0.12816
4 0.0982667
5 0.463931
6 0.572988
7 0.362249



# Sketch: 11
0 0.454443
1 0.400004
2 0.400736
3 0.292192
4 0.26757
5 0.411313
6 0.349741
7 0.319636



# Sketch: 12
0 0.512992
1 0.571856
2 0.4424
3 0.825924
4 0.503862
5 0.769428
6 0.225548
7 0.293573



# Sketch: 13
0 0.280785
1 0.471036
2 0.398801
3 0.223245
4 0.362839
5 0.317069
6 0.776782
7 2.03342



# Sketch: 14
0 0.443648
1 0.538506
2 0.548291
3 0.416928
4 0.374106
5 0.343091
6 0.442206
7 0.385994



# Sketch: 15
0 0.154887
1 0.118111
2 0.116989
3 0.154214
4 0.318903
5 0.613309
6 0.57606
7 0.648639



# Sketch: 16
0 0.460304
1 0.638105
2 0.791731
3 1.35715
4 0.881876
5 0.718939
6 0.311736
7 0.349917



# Sketch: 17
0 1.07849
1 1.08202
2 1.05116
3 1.01779
4 1.01627
5 0.626471
6 0.449435
7 0.724713



# Sketch: 18
0 1.15235
1 0.786836
2 0.396797
3 0.243862
4 0.327196
5 0.539221
6 0.340816
7 1.60158



# Sketch: 19
0 0.529383
1 0.423686
2 0.543449
3 0.600442
4 0.154159
5 0.551465
6 0.58152
7 1.08655



# Sketch: 20
0 0.301843
1 0.286445
2 0.258025
3 0.36376
4 0.800138
5 0.603089
6 0.657844
7 0.804221



# Sketch: 21
0 0.152982
1 0.548056
2 0.871779
3 0.392244
4 0.230795
5 0.55205
6 0.613409
7 0.24509



# Sketch: 22
0 0.24443
1 0.209113
2 0.191731
3 0.200707
4 0.184345
5 0.335563
6 0.289236
7 0.663505



# Sketch: 23
0 0.336731
1 0.378113
2 0.307705
3 0.623411
4 1.06094
5 1.55541
6 0.88064
7 0.332854



# Sketch: 24
0 0.592488
1 0.576523
2 0.625201
3 0.834194
4 0.402306
5 0.279005
6 0.306696
7 0.491684



# Sketch: 25
0 0.219076
1 0.584874
2 0.59664
3 0.57749
4 0.473971
5 0.454354
6 0.299377
7 0.264957



# Sketch: 26
0 0.410353
1 0.397506
2 0.168864
3 0.512003
4 0.685335
5 0.966471
6 0.952557
7 0.959185



# Sketch: 27
0 1.92661
1 1.85924
2 1.99055
3 1.71212
4 1.89857
5 0.644301
6 0.700051
7 0.910156



# Sketch: 28
0 0.187015
1 0.260472
2 0.173167
3 0.187508
4 0.282133
5 0.609687
6 1.73889
7 0.283124



# Sketch: 29
0 0.895262
1 0.847707
2 0.938076
3 0.805652
4 0.623278
5 0.336584
6 0.368149
7 0.362009



# Sketch: 30
0 0.222673
1 0.326402
2 0.585761
3 0.914691
4 1.25083
5 1.00824
6 1.42594
7 0.306146



# Sketch: 31
0 0.828704
1 0.616782
2 0.617163
3 0.733237
4 0.377313
5 0.481437
6 0.786983
7 0.472931

