

# Sketch: 0
1704639114 55
1704639242 48
1704639370 67
1704639498 76
1704639626 68



# Sketch: 1
1704639114 134
1704639242 138
1704639370 104
1704639498 122
1704639626 87



# Sketch: 2
1704639114 39
1704639242 58
1704639370 66
1704639498 80
1704639626 83



# Sketch: 3
1704639114 47
1704639242 63
1704639370 52
1704639498 93
1704639626 46



# Sketch: 4
1704639114 56
1704639242 45
1704639370 36
1704639498 80
1704639626 73



# Sketch: 5
1704639114 77
1704639242 56
1704639370 58
1704639498 77
1704639626 45



# Sketch: 6
1704639114 59
1704639242 57
1704639370 85
1704639498 110
1704639626 48



# Sketch: 7
1704639114 70
1704639242 89
1704639370 89
1704639498 89
1704639626 39



# Sketch: 8
1704639114 57
1704639242 91
1704639370 58
1704639498 68
1704639626 43



# Sketch: 9
1704639114 88
1704639242 63
1704639370 75
1704639498 110
1704639626 54



# Sketch: 10
1704639114 72
1704639242 90
1704639370 49
1704639498 77
1704639626 61



# Sketch: 11
1704639114 51
1704639242 59
1704639370 53
1704639498 91
1704639626 48



# Sketch: 12
1704639114 61
1704639242 76
1704639370 61
1704639498 61
1704639626 39



# Sketch: 13
1704639114 61
1704639242 53
1704639370 55
1704639498 79
1704639626 59



# Sketch: 14
1704639114 93
1704639242 126
1704639370 47
1704639498 120
1704639626 48



# Sketch: 15
1704639114 71
1704639242 105
1704639370 123
1704639498 134
1704639626 85



# Sketch: 16
1704639114 62
1704639242 64
1704639370 45
1704639498 89
1704639626 42



# Sketch: 17
1704639114 57
1704639242 34
1704639370 51
1704639498 195
1704639626 31



# Sketch: 18
1704639114 59
1704639242 69
1704639370 59
1704639498 107
1704639626 49



# Sketch: 19
1704639114 89
1704639242 70
1704639370 50
1704639498 70
1704639626 64



# Sketch: 20
1704639114 93
1704639242 86
1704639370 59
1704639498 69
1704639626 45



# Sketch: 21
1704639114 66
1704639242 60
1704639370 72
1704639498 78
1704639626 68



# Sketch: 22
1704639114 74
1704639242 83
1704639370 86
1704639498 102
1704639626 103



# Sketch: 23
1704639114 62
1704639242 52
1704639370 63
1704639498 61
1704639626 50



# Sketch: 24
1704639114 94
1704639242 62
1704639370 82
1704639498 78
1704639626 41



# Sketch: 25
1704639114 54
1704639242 69
1704639370 62
1704639498 65
1704639626 46



# Sketch: 26
1704639114 60
1704639242 63
1704639370 58
1704639498 90
1704639626 48



# Sketch: 27
1704639114 62
1704639242 68
1704639370 90
1704639498 80
1704639626 55



# Sketch: 28
1704639114 80
1704639242 89
1704639370 60
1704639498 63
1704639626 49



# Sketch: 29
1704639114 66
1704639242 94
1704639370 79
1704639498 94
1704639626 75



# Sketch: 30
1704639114 61
1704639242 68
1704639370 61
1704639498 73
1704639626 51



# Sketch: 31
1704639114 55
1704639242 88
1704639370 44
1704639498 81
1704639626 59

