

# Sketch: 0
1704639114 8
1704639130 22
1704639146 8
1704639162 6
1704639178 23
1704639194 9
1704639210 7
1704639226 9
1704639242 14
1704639258 15
1704639274 5
1704639290 8
1704639306 3
1704639322 9
1704639338 4
1704639354 8
1704639370 5
1704639386 11
1704639402 21
1704639418 6
1704639434 12
1704639450 5
1704639466 6
1704639482 7
1704639498 11
1704639514 5
1704639530 4
1704639546 25
1704639562 20
1704639578 16
1704639594 10
1704639610 6
1704639626 7
1704639642 8
1704639658 14
1704639674 22
1704639690 7
1704639706 3



# Sketch: 1
1704639114 2
1704639130 6
1704639146 11
1704639162 7
1704639178 13
1704639194 15
1704639210 6
1704639226 18
1704639242 8
1704639258 10
1704639274 5
1704639290 10
1704639306 8
1704639322 5
1704639338 8
1704639354 6
1704639370 4
1704639386 14
1704639402 11
1704639418 6
1704639434 10
1704639450 5
1704639466 4
1704639482 10
1704639498 8
1704639514 5
1704639530 9
1704639546 22
1704639562 9
1704639578 11
1704639594 9
1704639610 13
1704639626 6
1704639642 15
1704639658 17
1704639674 10
1704639690 23
1704639706 2



# Sketch: 2
1704639114 4
1704639130 4
1704639146 3
1704639162 51
1704639178 10
1704639194 2
1704639210 9
1704639226 11
1704639242 5
1704639258 11
1704639274 3
1704639290 11
1704639306 2
1704639322 4
1704639338 5
1704639354 9
1704639370 7
1704639386 14
1704639402 9
1704639418 6
1704639434 3
1704639450 9
1704639466 9
1704639482 7
1704639498 5
1704639514 3
1704639530 4
1704639546 16
1704639562 10
1704639578 12
1704639594 23
1704639610 6
1704639626 2
1704639642 7
1704639658 20
1704639674 6
1704639690 26
1704639706 6



# Sketch: 3
1704639114 10
1704639130 29
1704639146 11
1704639162 14
1704639178 5
1704639194 7
1704639210 5
1704639226 8
1704639242 13
1704639258 21
1704639274 10
1704639290 14
1704639306 1
1704639322 9
1704639338 16
1704639354 3
1704639370 7
1704639386 7
1704639402 4
1704639418 3
1704639434 5
1704639450 5
1704639466 7
1704639482 4
1704639498 13
1704639514 6
1704639530 5
1704639546 15
1704639562 11
1704639578 12
1704639594 16
1704639610 9
1704639626 28
1704639642 4
1704639658 10
1704639674 7
1704639690 11
1704639706 0



# Sketch: 4
1704639114 29
1704639130 18
1704639146 13
1704639162 10
1704639178 9
1704639194 10
1704639210 8
1704639226 7
1704639242 13
1704639258 16
1704639274 4
1704639290 12
1704639306 7
1704639322 5
1704639338 11
1704639354 8
1704639370 16
1704639386 15
1704639402 8
1704639418 7
1704639434 8
1704639450 6
1704639466 12
1704639482 15
1704639498 7
1704639514 6
1704639530 2
1704639546 102
1704639562 19
1704639578 6
1704639594 0
1704639610 30
1704639626 5
1704639642 5
1704639658 9
1704639674 9
1704639690 11
1704639706 1



# Sketch: 5
1704639114 18
1704639130 9
1704639146 7
1704639162 11
1704639178 2
1704639194 4
1704639210 16
1704639226 4
1704639242 10
1704639258 22
1704639274 10
1704639290 6
1704639306 5
1704639322 5
1704639338 19
1704639354 5
1704639370 10
1704639386 7
1704639402 12
1704639418 25
1704639434 3
1704639450 6
1704639466 4
1704639482 9
1704639498 8
1704639514 3
1704639530 3
1704639546 34
1704639562 17
1704639578 13
1704639594 14
1704639610 9
1704639626 4
1704639642 3
1704639658 8
1704639674 12
1704639690 11
1704639706 1



# Sketch: 6
1704639114 3
1704639130 6
1704639146 13
1704639162 14
1704639178 13
1704639194 8
1704639210 9
1704639226 11
1704639242 26
1704639258 4
1704639274 4
1704639290 6
1704639306 4
1704639322 5
1704639338 7
1704639354 1
1704639370 13
1704639386 5
1704639402 9
1704639418 7
1704639434 4
1704639450 39
1704639466 18
1704639482 6
1704639498 5
1704639514 5
1704639530 6
1704639546 39
1704639562 10
1704639578 9
1704639594 17
1704639610 3
1704639626 5
1704639642 16
1704639658 12
1704639674 5
1704639690 12
1704639706 3



# Sketch: 7
1704639114 1
1704639130 4
1704639146 26
1704639162 7
1704639178 2
1704639194 2
1704639210 10
1704639226 4
1704639242 11
1704639258 14
1704639274 5
1704639290 6
1704639306 7
1704639322 2
1704639338 6
1704639354 9
1704639370 7
1704639386 4
1704639402 6
1704639418 7
1704639434 2
1704639450 3
1704639466 4
1704639482 17
1704639498 5
1704639514 3
1704639530 2
1704639546 26
1704639562 14
1704639578 8
1704639594 8
1704639610 11
1704639626 5
1704639642 1
1704639658 4
1704639674 7
1704639690 11
1704639706 0



# Sketch: 8
1704639114 5
1704639130 5
1704639146 2
1704639162 2
1704639178 7
1704639194 9
1704639210 9
1704639226 6
1704639242 6
1704639258 4
1704639274 21
1704639290 16
1704639306 14
1704639322 6
1704639338 2
1704639354 10
1704639370 7
1704639386 9
1704639402 5
1704639418 3
1704639434 5
1704639450 3
1704639466 4
1704639482 3
1704639498 5
1704639514 2
1704639530 5
1704639546 23
1704639562 9
1704639578 7
1704639594 3
1704639610 4
1704639626 8
1704639642 5
1704639658 11
1704639674 7
1704639690 9
1704639706 2



# Sketch: 9
1704639114 4
1704639130 27
1704639146 18
1704639162 4
1704639178 6
1704639194 3
1704639210 6
1704639226 5
1704639242 7
1704639258 15
1704639274 6
1704639290 6
1704639306 5
1704639322 4
1704639338 2
1704639354 7
1704639370 10
1704639386 10
1704639402 9
1704639418 10
1704639434 2
1704639450 4
1704639466 5
1704639482 8
1704639498 7
1704639514 6
1704639530 3
1704639546 26
1704639562 14
1704639578 4
1704639594 9
1704639610 12
1704639626 13
1704639642 3
1704639658 10
1704639674 14
1704639690 7
1704639706 8



# Sketch: 10
1704639114 7
1704639130 10
1704639146 2
1704639162 13
1704639178 13
1704639194 8
1704639210 9
1704639226 7
1704639242 11
1704639258 14
1704639274 4
1704639290 13
1704639306 10
1704639322 9
1704639338 7
1704639354 6
1704639370 14
1704639386 10
1704639402 5
1704639418 9
1704639434 13
1704639450 11
1704639466 13
1704639482 8
1704639498 5
1704639514 5
1704639530 2
1704639546 34
1704639562 15
1704639578 6
1704639594 6
1704639610 8
1704639626 6
1704639642 1
1704639658 27
1704639674 18
1704639690 17
1704639706 6



# Sketch: 11
1704639114 1
1704639130 6
1704639146 7
1704639162 7
1704639178 5
1704639194 6
1704639210 15
1704639226 5
1704639242 7
1704639258 29
1704639274 5
1704639290 4
1704639306 3
1704639322 10
1704639338 8
1704639354 9
1704639370 26
1704639386 3
1704639402 12
1704639418 5
1704639434 3
1704639450 2
1704639466 11
1704639482 10
1704639498 3
1704639514 6
1704639530 6
1704639546 31
1704639562 5
1704639578 9
1704639594 6
1704639610 13
1704639626 9
1704639642 7
1704639658 13
1704639674 9
1704639690 10
1704639706 3



# Sketch: 12
1704639114 9
1704639130 4
1704639146 9
1704639162 3
1704639178 5
1704639194 4
1704639210 20
1704639226 8
1704639242 23
1704639258 11
1704639274 4
1704639290 10
1704639306 2
1704639322 3
1704639338 5
1704639354 8
1704639370 12
1704639386 13
1704639402 10
1704639418 12
1704639434 2
1704639450 8
1704639466 6
1704639482 10
1704639498 4
1704639514 3
1704639530 6
1704639546 20
1704639562 13
1704639578 5
1704639594 8
1704639610 20
1704639626 8
1704639642 6
1704639658 13
1704639674 7
1704639690 7
1704639706 3



# Sketch: 13
1704639114 2
1704639130 5
1704639146 10
1704639162 9
1704639178 6
1704639194 7
1704639210 8
1704639226 3
1704639242 12
1704639258 7
1704639274 17
1704639290 8
1704639306 11
1704639322 7
1704639338 4
1704639354 4
1704639370 8
1704639386 4
1704639402 8
1704639418 8
1704639434 5
1704639450 7
1704639466 3
1704639482 3
1704639498 12
1704639514 13
1704639530 0
1704639546 56
1704639562 15
1704639578 5
1704639594 5
1704639610 10
1704639626 9
1704639642 9
1704639658 17
1704639674 17
1704639690 8
1704639706 4



# Sketch: 14
1704639114 18
1704639130 7
1704639146 10
1704639162 1
1704639178 17
1704639194 13
1704639210 23
1704639226 1
1704639242 20
1704639258 10
1704639274 7
1704639290 7
1704639306 6
1704639322 4
1704639338 6
1704639354 14
1704639370 13
1704639386 4
1704639402 5
1704639418 5
1704639434 7
1704639450 8
1704639466 16
1704639482 7
1704639498 4
1704639514 7
1704639530 4
1704639546 32
1704639562 11
1704639578 15
1704639594 3
1704639610 7
1704639626 5
1704639642 8
1704639658 12
1704639674 11
1704639690 4
1704639706 4



# Sketch: 15
1704639114 8
1704639130 9
1704639146 4
1704639162 2
1704639178 6
1704639194 3
1704639210 6
1704639226 5
1704639242 9
1704639258 12
1704639274 35
1704639290 13
1704639306 10
1704639322 3
1704639338 9
1704639354 9
1704639370 9
1704639386 8
1704639402 8
1704639418 13
1704639434 3
1704639450 6
1704639466 7
1704639482 6
1704639498 5
1704639514 9
1704639530 4
1704639546 13
1704639562 9
1704639578 7
1704639594 15
1704639610 3
1704639626 3
1704639642 0
1704639658 24
1704639674 3
1704639690 13
1704639706 1



# Sketch: 16
1704639114 6
1704639130 4
1704639146 1
1704639162 7
1704639178 7
1704639194 5
1704639210 7
1704639226 1
1704639242 17
1704639258 10
1704639274 8
1704639290 8
1704639306 6
1704639322 5
1704639338 4
1704639354 7
1704639370 6
1704639386 7
1704639402 12
1704639418 8
1704639434 2
1704639450 11
1704639466 24
1704639482 7
1704639498 2
1704639514 3
1704639530 5
1704639546 26
1704639562 11
1704639578 10
1704639594 4
1704639610 12
1704639626 11
1704639642 2
1704639658 14
1704639674 10
1704639690 8
1704639706 3



# Sketch: 17
1704639114 0
1704639130 14
1704639146 9
1704639162 7
1704639178 6
1704639194 6
1704639210 5
1704639226 10
1704639242 12
1704639258 14
1704639274 12
1704639290 4
1704639306 7
1704639322 6
1704639338 7
1704639354 13
1704639370 19
1704639386 4
1704639402 9
1704639418 6
1704639434 10
1704639450 7
1704639466 6
1704639482 10
1704639498 9
1704639514 9
1704639530 3
1704639546 35
1704639562 11
1704639578 17
1704639594 6
1704639610 4
1704639626 9
1704639642 2
1704639658 42
1704639674 11
1704639690 9
1704639706 3



# Sketch: 18
1704639114 1
1704639130 9
1704639146 14
1704639162 8
1704639178 12
1704639194 14
1704639210 11
1704639226 6
1704639242 13
1704639258 8
1704639274 12
1704639290 30
1704639306 5
1704639322 9
1704639338 10
1704639354 1
1704639370 17
1704639386 6
1704639402 7
1704639418 8
1704639434 5
1704639450 4
1704639466 8
1704639482 10
1704639498 9
1704639514 5
1704639530 5
1704639546 37
1704639562 20
1704639578 10
1704639594 6
1704639610 14
1704639626 7
1704639642 3
1704639658 28
1704639674 6
1704639690 15
1704639706 1



# Sketch: 19
1704639114 3
1704639130 2
1704639146 9
1704639162 9
1704639178 14
1704639194 3
1704639210 15
1704639226 4
1704639242 3
1704639258 17
1704639274 14
1704639290 15
1704639306 13
1704639322 2
1704639338 5
1704639354 3
1704639370 9
1704639386 7
1704639402 8
1704639418 6
1704639434 8
1704639450 5
1704639466 15
1704639482 26
1704639498 19
1704639514 6
1704639530 3
1704639546 18
1704639562 10
1704639578 4
1704639594 11
1704639610 9
1704639626 4
1704639642 13
1704639658 12
1704639674 9
1704639690 6
1704639706 2



# Sketch: 20
1704639114 11
1704639130 10
1704639146 3
1704639162 9
1704639178 15
1704639194 8
1704639210 12
1704639226 7
1704639242 12
1704639258 9
1704639274 15
1704639290 8
1704639306 12
1704639322 9
1704639338 8
1704639354 19
1704639370 13
1704639386 13
1704639402 8
1704639418 7
1704639434 9
1704639450 6
1704639466 11
1704639482 16
1704639498 4
1704639514 5
1704639530 6
1704639546 23
1704639562 4
1704639578 9
1704639594 4
1704639610 11
1704639626 13
1704639642 11
1704639658 22
1704639674 4
1704639690 15
1704639706 2



# Sketch: 21
1704639114 6
1704639130 5
1704639146 7
1704639162 6
1704639178 5
1704639194 10
1704639210 10
1704639226 3
1704639242 15
1704639258 8
1704639274 7
1704639290 13
1704639306 10
1704639322 11
1704639338 3
1704639354 6
1704639370 8
1704639386 10
1704639402 3
1704639418 5
1704639434 11
1704639450 9
1704639466 8
1704639482 15
1704639498 8
1704639514 2
1704639530 8
1704639546 24
1704639562 11
1704639578 18
1704639594 12
1704639610 7
1704639626 14
1704639642 12
1704639658 13
1704639674 12
1704639690 10
1704639706 2



# Sketch: 22
1704639114 4
1704639130 11
1704639146 9
1704639162 3
1704639178 15
1704639194 3
1704639210 6
1704639226 3
1704639242 15
1704639258 11
1704639274 6
1704639290 5
1704639306 7
1704639322 6
1704639338 2
1704639354 4
1704639370 9
1704639386 5
1704639402 2
1704639418 4
1704639434 11
1704639450 4
1704639466 8
1704639482 5
1704639498 5
1704639514 3
1704639530 5
1704639546 38
1704639562 17
1704639578 4
1704639594 0
1704639610 2
1704639626 2
1704639642 10
1704639658 20
1704639674 9
1704639690 18
1704639706 4



# Sketch: 23
1704639114 5
1704639130 13
1704639146 5
1704639162 5
1704639178 20
1704639194 8
1704639210 15
1704639226 4
1704639242 14
1704639258 11
1704639274 51
1704639290 18
1704639306 15
1704639322 8
1704639338 7
1704639354 6
1704639370 11
1704639386 9
1704639402 3
1704639418 12
1704639434 11
1704639450 15
1704639466 5
1704639482 5
1704639498 8
1704639514 4
1704639530 6
1704639546 35
1704639562 16
1704639578 8
1704639594 8
1704639610 24
1704639626 3
1704639642 11
1704639658 21
1704639674 14
1704639690 30
1704639706 2



# Sketch: 24
1704639114 11
1704639130 3
1704639146 19
1704639162 0
1704639178 11
1704639194 4
1704639210 11
1704639226 7
1704639242 9
1704639258 16
1704639274 19
1704639290 7
1704639306 12
1704639322 9
1704639338 8
1704639354 9
1704639370 4
1704639386 5
1704639402 7
1704639418 12
1704639434 8
1704639450 7
1704639466 4
1704639482 3
1704639498 7
1704639514 2
1704639530 3
1704639546 28
1704639562 6
1704639578 6
1704639594 4
1704639610 16
1704639626 15
1704639642 14
1704639658 16
1704639674 4
1704639690 17
1704639706 8



# Sketch: 25
1704639114 5
1704639130 4
1704639146 13
1704639162 4
1704639178 8
1704639194 1
1704639210 4
1704639226 11
1704639242 5
1704639258 9
1704639274 8
1704639290 5
1704639306 3
1704639322 3
1704639338 3
1704639354 4
1704639370 6
1704639386 7
1704639402 2
1704639418 5
1704639434 7
1704639450 8
1704639466 15
1704639482 6
1704639498 5
1704639514 10
1704639530 4
1704639546 14
1704639562 13
1704639578 2
1704639594 12
1704639610 8
1704639626 4
1704639642 11
1704639658 12
1704639674 10
1704639690 11
1704639706 0



# Sketch: 26
1704639114 2
1704639130 9
1704639146 9
1704639162 8
1704639178 8
1704639194 3
1704639210 6
1704639226 13
1704639242 3
1704639258 11
1704639274 11
1704639290 8
1704639306 9
1704639322 4
1704639338 3
1704639354 4
1704639370 14
1704639386 10
1704639402 6
1704639418 4
1704639434 5
1704639450 15
1704639466 8
1704639482 4
1704639498 14
1704639514 8
1704639530 1
1704639546 148
1704639562 7
1704639578 2
1704639594 4
1704639610 5
1704639626 3
1704639642 5
1704639658 15
1704639674 10
1704639690 7
1704639706 7



# Sketch: 27
1704639114 4
1704639130 6
1704639146 13
1704639162 5
1704639178 3
1704639194 7
1704639210 6
1704639226 12
1704639242 7
1704639258 16
1704639274 5
1704639290 16
1704639306 13
1704639322 2
1704639338 4
1704639354 12
1704639370 10
1704639386 9
1704639402 7
1704639418 6
1704639434 3
1704639450 3
1704639466 4
1704639482 4
1704639498 11
1704639514 6
1704639530 3
1704639546 21
1704639562 7
1704639578 9
1704639594 5
1704639610 7
1704639626 4
1704639642 5
1704639658 21
1704639674 34
1704639690 7
1704639706 1



# Sketch: 28
1704639114 17
1704639130 7
1704639146 10
1704639162 14
1704639178 15
1704639194 6
1704639210 10
1704639226 6
1704639242 7
1704639258 12
1704639274 9
1704639290 8
1704639306 8
1704639322 11
1704639338 7
1704639354 12
1704639370 17
1704639386 13
1704639402 5
1704639418 9
1704639434 7
1704639450 8
1704639466 10
1704639482 6
1704639498 10
1704639514 7
1704639530 0
1704639546 22
1704639562 19
1704639578 15
1704639594 7
1704639610 8
1704639626 10
1704639642 2
1704639658 7
1704639674 11
1704639690 29
1704639706 0



# Sketch: 29
1704639114 8
1704639130 15
1704639146 7
1704639162 10
1704639178 12
1704639194 11
1704639210 10
1704639226 7
1704639242 6
1704639258 20
1704639274 5
1704639290 4
1704639306 9
1704639322 5
1704639338 7
1704639354 3
1704639370 6
1704639386 13
1704639402 4
1704639418 2
1704639434 4
1704639450 3
1704639466 7
1704639482 6
1704639498 8
1704639514 4
1704639530 4
1704639546 49
1704639562 6
1704639578 7
1704639594 2
1704639610 2
1704639626 8
1704639642 9
1704639658 11
1704639674 3
1704639690 12
1704639706 6



# Sketch: 30
1704639114 5
1704639130 9
1704639146 8
1704639162 9
1704639178 22
1704639194 5
1704639210 4
1704639226 7
1704639242 12
1704639258 9
1704639274 9
1704639290 17
1704639306 20
1704639322 5
1704639338 21
1704639354 5
1704639370 7
1704639386 11
1704639402 1
1704639418 14
1704639434 4
1704639450 6
1704639466 7
1704639482 7
1704639498 8
1704639514 5
1704639530 3
1704639546 15
1704639562 9
1704639578 2
1704639594 2
1704639610 7
1704639626 4
1704639642 7
1704639658 12
1704639674 10
1704639690 5
1704639706 2



# Sketch: 31
1704639114 14
1704639130 7
1704639146 10
1704639162 5
1704639178 23
1704639194 11
1704639210 13
1704639226 8
1704639242 4
1704639258 7
1704639274 13
1704639290 8
1704639306 10
1704639322 6
1704639338 8
1704639354 13
1704639370 9
1704639386 8
1704639402 7
1704639418 15
1704639434 11
1704639450 11
1704639466 13
1704639482 9
1704639498 10
1704639514 14
1704639530 10
1704639546 33
1704639562 15
1704639578 10
1704639594 13
1704639610 11
1704639626 4
1704639642 5
1704639658 18
1704639674 15
1704639690 24
1704639706 3

