

# Sketch: 0
0 0.969386
1 0.863444
2 0.753793
3 0.820632
4 0.750413
5 0.393072
6 0.319809
7 0.312777



# Sketch: 1
0 0.773449
1 0.585093
2 0.553206
3 0.586726
4 0.710431
5 0.565307
6 0.596429
7 0.6231



# Sketch: 2
0 1.29367
1 1.67676
2 1.41386
3 1.95739
4 2.10336
5 1.54507
6 1.17063
7 0.44022



# Sketch: 3
0 0.64618
1 0.832238
2 1.34229
3 0.662724
4 0.259509
5 0.270889
6 0.299554
7 0.469482



# Sketch: 4
0 0.23224
1 0.408667
2 0.822172
3 1.09908
4 0.763066
5 0.215537
6 0.425473
7 0.277133



# Sketch: 5
0 0.420878
1 0.498464
2 0.700114
3 1.08959
4 1.09109
5 1.10019
6 0.272894
7 0.416843



# Sketch: 6
0 0.340168
1 0.257879
2 0.300847
3 0.314701
4 0.249116
5 0.58518
6 0.808422
7 0.538643



# Sketch: 7
0 0.652418
1 0.317868
2 0.329427
3 0.351686
4 0.347225
5 0.30888
6 0.310746
7 0.472595



# Sketch: 8
0 0.155071
1 0.286569
2 0.294812
3 0.21962
4 0.225564
5 0.353643
6 1.03095
7 0.518253



# Sketch: 9
0 0.393093
1 0.288449
2 0.292589
3 0.315934
4 0.43718
5 0.508738
6 0.46178
7 0.575005



# Sketch: 10
0 0.858372
1 0.965675
2 0.857259
3 0.715394
4 0.835131
5 0.834545
6 0.754422
7 0.334627



# Sketch: 11
0 0.104479
1 0.0622164
2 0.185942
3 0.0756018
4 0.494252
5 1.01398
6 0.672197
7 0.451397



# Sketch: 12
0 0.578922
1 0.589118
2 0.751633
3 0.686766
4 0.996019
5 0.803611
6 0.824351
7 0.356794



# Sketch: 13
0 0.252538
1 0.467144
2 0.362835
3 0.238476
4 0.269155
5 0.278475
6 0.291748
7 0.299473



# Sketch: 14
0 0.836843
1 0.807457
2 0.784789
3 0.329321
4 0.355769
5 0.315058
6 1.03987
7 0.832234



# Sketch: 15
0 0.529586
1 0.325634
2 0.630515
3 0.577705
4 0.538473
5 0.793699
6 0.897233
7 0.410176



# Sketch: 16
0 0.147727
1 0.328291
2 0.466702
3 0.592776
4 0.568447
5 0.733466
6 0.718908
7 0.26471



# Sketch: 17
0 0.485502
1 0.238571
2 0.211318
3 0.304611
4 0.341548
5 0.322407
6 0.258314
7 0.505745



# Sketch: 18
0 0.752762
1 0.848011
2 0.854952
3 0.81656
4 0.845548
5 0.829011
6 0.940139
7 1.52371



# Sketch: 19
0 0.507719
1 0.469823
2 0.405182
3 0.350864
4 0.945484
5 1.59589
6 1.05287
7 0.746005



# Sketch: 20
0 0.258412
1 0.216432
2 0.325219
3 0.281901
4 0.488781
5 1.49299
6 0.267837
7 0.378172



# Sketch: 21
0 1.3152
1 1.2349
2 1.20602
3 0.793844
4 0.714729
5 0.762727
6 0.196011
7 0.289641



# Sketch: 22
0 0.204398
1 0.122764
2 0.221709
3 0.151119
4 0.298327
5 0.470564
6 0.506256
7 5.19373



# Sketch: 23
0 0.535599
1 0.345931
2 0.384281
3 0.613069
4 0.489068
5 0.345269
6 0.765562
7 0.479785



# Sketch: 24
0 0.997256
1 1.07026
2 1.07901
3 1.03506
4 1.19544
5 1.07942
6 0.822966
7 0.856026



# Sketch: 25
0 1.34704
1 1.08611
2 0.656765
3 1.04631
4 0.691094
5 0.154579
6 0.351574
7 0.342693



# Sketch: 26
0 0.160648
1 0.190879
2 0.225634
3 0.275962
4 0.245621
5 0.393501
6 0.263694
7 0.273447



# Sketch: 27
0 0.294942
1 0.234212
2 0.296773
3 0.251406
4 0.22832
5 0.492493
6 0.36907
7 0.315016



# Sketch: 28
0 0.599115
1 0.507074
2 0.575994
3 0.636614
4 0.233615
5 0.437097
6 0.618948
7 0.492534



# Sketch: 29
0 0.385803
1 0.305081
2 0.388716
3 0.350201
4 0.433835
5 0.418297
6 1.18492
7 0.599311



# Sketch: 30
0 0.703378
1 0.871424
2 0.807434
3 0.785085
4 1.00628
5 0.903158
6 0.735076
7 0.34758



# Sketch: 31
0 2.96742
1 3.28121
2 3.36928
3 3.40591
4 3.69915
5 3.82186
6 3.47783
7 4.69614

