

# Sketch: 0
1704639714 96
1704639842 80
1704639970 65
1704640098 66
1704640226 54



# Sketch: 1
1704639714 117
1704639842 81
1704639970 96
1704640098 102
1704640226 39



# Sketch: 2
1704639714 38
1704639842 55
1704639970 79
1704640098 46
1704640226 43



# Sketch: 3
1704639714 90
1704639842 47
1704639970 66
1704640098 58
1704640226 35



# Sketch: 4
1704639714 46
1704639842 83
1704639970 55
1704640098 66
1704640226 52



# Sketch: 5
1704639714 40
1704639842 68
1704639970 47
1704640098 68
1704640226 46



# Sketch: 6
1704639714 56
1704639842 64
1704639970 43
1704640098 51
1704640226 33



# Sketch: 7
1704639714 54
1704639842 62
1704639970 97
1704640098 68
1704640226 22



# Sketch: 8
1704639714 44
1704639842 39
1704639970 93
1704640098 126
1704640226 32



# Sketch: 9
1704639714 44
1704639842 75
1704639970 66
1704640098 75
1704640226 23



# Sketch: 10
1704639714 83
1704639842 81
1704639970 73
1704640098 54
1704640226 48



# Sketch: 11
1704639714 63
1704639842 86
1704639970 66
1704640098 67
1704640226 40



# Sketch: 12
1704639714 42
1704639842 56
1704639970 75
1704640098 61
1704640226 24



# Sketch: 13
1704639714 51
1704639842 57
1704639970 58
1704640098 69
1704640226 35



# Sketch: 14
1704639714 55
1704639842 47
1704639970 72
1704640098 56
1704640226 24



# Sketch: 15
1704639714 61
1704639842 77
1704639970 64
1704640098 70
1704640226 55



# Sketch: 16
1704639714 74
1704639842 73
1704639970 74
1704640098 71
1704640226 48



# Sketch: 17
1704639714 60
1704639842 62
1704639970 64
1704640098 49
1704640226 40



# Sketch: 18
1704639714 53
1704639842 77
1704639970 58
1704640098 49
1704640226 55



# Sketch: 19
1704639714 51
1704639842 94
1704639970 45
1704640098 42
1704640226 37



# Sketch: 20
1704639714 97
1704639842 124
1704639970 97
1704640098 107
1704640226 62



# Sketch: 21
1704639714 52
1704639842 57
1704639970 72
1704640098 31
1704640226 40



# Sketch: 22
1704639714 73
1704639842 72
1704639970 50
1704640098 35
1704640226 49



# Sketch: 23
1704639714 54
1704639842 74
1704639970 60
1704640098 76
1704640226 45



# Sketch: 24
1704639714 49
1704639842 54
1704639970 55
1704640098 57
1704640226 31



# Sketch: 25
1704639714 74
1704639842 63
1704639970 65
1704640098 85
1704640226 59



# Sketch: 26
1704639714 44
1704639842 94
1704639970 65
1704640098 39
1704640226 22



# Sketch: 27
1704639714 71
1704639842 93
1704639970 72
1704640098 73
1704640226 35



# Sketch: 28
1704639714 48
1704639842 63
1704639970 55
1704640098 45
1704640226 35



# Sketch: 29
1704639714 68
1704639842 70
1704639970 83
1704640098 51
1704640226 52



# Sketch: 30
1704639714 61
1704639842 93
1704639970 52
1704640098 79
1704640226 45



# Sketch: 31
1704639714 81
1704639842 79
1704639970 75
1704640098 71
1704640226 40

