

# Sketch: 0
1704639714 24
1704639778 45
1704639842 24
1704639906 69
1704639970 54
1704640034 43
1704640098 52
1704640162 44
1704640226 45
1704640290 21



# Sketch: 1
1704639714 23
1704639778 29
1704639842 37
1704639906 28
1704639970 22
1704640034 20
1704640098 20
1704640162 25
1704640226 25
1704640290 5



# Sketch: 2
1704639714 22
1704639778 25
1704639842 35
1704639906 40
1704639970 25
1704640034 35
1704640098 28
1704640162 33
1704640226 24
1704640290 10



# Sketch: 3
1704639714 78
1704639778 33
1704639842 56
1704639906 31
1704639970 49
1704640034 35
1704640098 47
1704640162 41
1704640226 30
1704640290 14



# Sketch: 4
1704639714 30
1704639778 36
1704639842 49
1704639906 24
1704639970 34
1704640034 28
1704640098 20
1704640162 28
1704640226 29
1704640290 16



# Sketch: 5
1704639714 36
1704639778 33
1704639842 38
1704639906 28
1704639970 20
1704640034 34
1704640098 24
1704640162 12
1704640226 19
1704640290 7



# Sketch: 6
1704639714 31
1704639778 31
1704639842 35
1704639906 29
1704639970 27
1704640034 36
1704640098 65
1704640162 19
1704640226 32
1704640290 18



# Sketch: 7
1704639714 26
1704639778 20
1704639842 40
1704639906 37
1704639970 36
1704640034 17
1704640098 43
1704640162 23
1704640226 25
1704640290 7



# Sketch: 8
1704639714 22
1704639778 40
1704639842 50
1704639906 31
1704639970 22
1704640034 33
1704640098 25
1704640162 15
1704640226 17
1704640290 12



# Sketch: 9
1704639714 42
1704639778 24
1704639842 51
1704639906 29
1704639970 16
1704640034 39
1704640098 32
1704640162 23
1704640226 22
1704640290 15



# Sketch: 10
1704639714 28
1704639778 30
1704639842 50
1704639906 22
1704639970 29
1704640034 43
1704640098 31
1704640162 47
1704640226 28
1704640290 6



# Sketch: 11
1704639714 26
1704639778 27
1704639842 54
1704639906 40
1704639970 44
1704640034 41
1704640098 46
1704640162 58
1704640226 34
1704640290 13



# Sketch: 12
1704639714 14
1704639778 43
1704639842 14
1704639906 45
1704639970 30
1704640034 33
1704640098 32
1704640162 34
1704640226 18
1704640290 9



# Sketch: 13
1704639714 14
1704639778 15
1704639842 47
1704639906 24
1704639970 16
1704640034 50
1704640098 21
1704640162 19
1704640226 18
1704640290 13



# Sketch: 14
1704639714 50
1704639778 42
1704639842 56
1704639906 27
1704639970 28
1704640034 59
1704640098 45
1704640162 27
1704640226 27
1704640290 3



# Sketch: 15
1704639714 35
1704639778 49
1704639842 35
1704639906 18
1704639970 22
1704640034 26
1704640098 25
1704640162 21
1704640226 21
1704640290 11



# Sketch: 16
1704639714 28
1704639778 24
1704639842 51
1704639906 33
1704639970 26
1704640034 23
1704640098 23
1704640162 21
1704640226 23
1704640290 8



# Sketch: 17
1704639714 21
1704639778 27
1704639842 21
1704639906 26
1704639970 12
1704640034 20
1704640098 26
1704640162 25
1704640226 14
1704640290 7



# Sketch: 18
1704639714 31
1704639778 37
1704639842 20
1704639906 25
1704639970 15
1704640034 32
1704640098 18
1704640162 21
1704640226 25
1704640290 7



# Sketch: 19
1704639714 30
1704639778 16
1704639842 38
1704639906 32
1704639970 23
1704640034 37
1704640098 45
1704640162 26
1704640226 20
1704640290 9



# Sketch: 20
1704639714 35
1704639778 37
1704639842 27
1704639906 28
1704639970 23
1704640034 46
1704640098 40
1704640162 67
1704640226 29
1704640290 9



# Sketch: 21
1704639714 49
1704639778 15
1704639842 35
1704639906 31
1704639970 44
1704640034 33
1704640098 41
1704640162 34
1704640226 31
1704640290 15



# Sketch: 22
1704639714 33
1704639778 27
1704639842 40
1704639906 36
1704639970 63
1704640034 33
1704640098 23
1704640162 23
1704640226 48
1704640290 33



# Sketch: 23
1704639714 31
1704639778 32
1704639842 33
1704639906 30
1704639970 33
1704640034 28
1704640098 32
1704640162 28
1704640226 17
1704640290 9



# Sketch: 24
1704639714 35
1704639778 49
1704639842 49
1704639906 51
1704639970 39
1704640034 34
1704640098 52
1704640162 30
1704640226 56
1704640290 25



# Sketch: 25
1704639714 19
1704639778 28
1704639842 40
1704639906 36
1704639970 25
1704640034 29
1704640098 28
1704640162 23
1704640226 26
1704640290 23



# Sketch: 26
1704639714 30
1704639778 25
1704639842 28
1704639906 43
1704639970 31
1704640034 23
1704640098 23
1704640162 37
1704640226 30
1704640290 20



# Sketch: 27
1704639714 44
1704639778 31
1704639842 59
1704639906 22
1704639970 46
1704640034 101
1704640098 43
1704640162 48
1704640226 28
1704640290 12



# Sketch: 28
1704639714 32
1704639778 33
1704639842 36
1704639906 26
1704639970 21
1704640034 34
1704640098 24
1704640162 35
1704640226 24
1704640290 8



# Sketch: 29
1704639714 37
1704639778 35
1704639842 46
1704639906 24
1704639970 44
1704640034 32
1704640098 36
1704640162 32
1704640226 34
1704640290 11



# Sketch: 30
1704639714 34
1704639778 26
1704639842 35
1704639906 49
1704639970 53
1704640034 49
1704640098 27
1704640162 59
1704640226 40
1704640290 16



# Sketch: 31
1704639714 21
1704639778 15
1704639842 35
1704639906 22
1704639970 23
1704640034 36
1704640098 24
1704640162 24
1704640226 38
1704640290 11

