

# Sketch: 0
1704639714 46
1704639778 30
1704639842 52
1704639906 46
1704639970 33
1704640034 51
1704640098 44
1704640162 34
1704640226 26
1704640290 22



# Sketch: 1
1704639714 26
1704639778 22
1704639842 15
1704639906 37
1704639970 21
1704640034 34
1704640098 42
1704640162 26
1704640226 15
1704640290 14



# Sketch: 2
1704639714 74
1704639778 51
1704639842 33
1704639906 50
1704639970 27
1704640034 51
1704640098 34
1704640162 43
1704640226 44
1704640290 19



# Sketch: 3
1704639714 30
1704639778 40
1704639842 39
1704639906 32
1704639970 16
1704640034 71
1704640098 33
1704640162 30
1704640226 16
1704640290 8



# Sketch: 4
1704639714 19
1704639778 21
1704639842 31
1704639906 26
1704639970 11
1704640034 32
1704640098 25
1704640162 23
1704640226 25
1704640290 17



# Sketch: 5
1704639714 21
1704639778 28
1704639842 38
1704639906 45
1704639970 28
1704640034 6
1704640098 19
1704640162 22
1704640226 13
1704640290 7



# Sketch: 6
1704639714 28
1704639778 21
1704639842 30
1704639906 28
1704639970 18
1704640034 23
1704640098 19
1704640162 29
1704640226 26
1704640290 8



# Sketch: 7
1704639714 15
1704639778 23
1704639842 37
1704639906 26
1704639970 28
1704640034 24
1704640098 13
1704640162 17
1704640226 29
1704640290 15



# Sketch: 8
1704639714 18
1704639778 35
1704639842 39
1704639906 28
1704639970 13
1704640034 31
1704640098 28
1704640162 25
1704640226 21
1704640290 6



# Sketch: 9
1704639714 29
1704639778 20
1704639842 51
1704639906 17
1704639970 29
1704640034 35
1704640098 24
1704640162 21
1704640226 23
1704640290 9



# Sketch: 10
1704639714 33
1704639778 51
1704639842 37
1704639906 55
1704639970 29
1704640034 42
1704640098 52
1704640162 27
1704640226 47
1704640290 18



# Sketch: 11
1704639714 33
1704639778 26
1704639842 44
1704639906 53
1704639970 52
1704640034 36
1704640098 27
1704640162 27
1704640226 29
1704640290 6



# Sketch: 12
1704639714 31
1704639778 26
1704639842 28
1704639906 41
1704639970 29
1704640034 44
1704640098 39
1704640162 21
1704640226 31
1704640290 18



# Sketch: 13
1704639714 35
1704639778 39
1704639842 69
1704639906 31
1704639970 72
1704640034 27
1704640098 32
1704640162 43
1704640226 50
1704640290 27



# Sketch: 14
1704639714 34
1704639778 32
1704639842 44
1704639906 28
1704639970 44
1704640034 48
1704640098 28
1704640162 50
1704640226 35
1704640290 14



# Sketch: 15
1704639714 15
1704639778 31
1704639842 48
1704639906 25
1704639970 27
1704640034 19
1704640098 33
1704640162 39
1704640226 20
1704640290 10



# Sketch: 16
1704639714 35
1704639778 36
1704639842 41
1704639906 28
1704639970 31
1704640034 43
1704640098 39
1704640162 19
1704640226 13
1704640290 14



# Sketch: 17
1704639714 27
1704639778 30
1704639842 46
1704639906 27
1704639970 24
1704640034 45
1704640098 38
1704640162 36
1704640226 30
1704640290 8



# Sketch: 18
1704639714 26
1704639778 29
1704639842 33
1704639906 31
1704639970 27
1704640034 22
1704640098 36
1704640162 29
1704640226 28
1704640290 9



# Sketch: 19
1704639714 50
1704639778 45
1704639842 21
1704639906 17
1704639970 41
1704640034 42
1704640098 44
1704640162 30
1704640226 19
1704640290 9



# Sketch: 20
1704639714 20
1704639778 23
1704639842 28
1704639906 14
1704639970 41
1704640034 25
1704640098 21
1704640162 32
1704640226 11
1704640290 8



# Sketch: 21
1704639714 32
1704639778 27
1704639842 56
1704639906 42
1704639970 29
1704640034 35
1704640098 25
1704640162 22
1704640226 27
1704640290 5



# Sketch: 22
1704639714 30
1704639778 26
1704639842 38
1704639906 36
1704639970 29
1704640034 41
1704640098 50
1704640162 41
1704640226 42
1704640290 19



# Sketch: 23
1704639714 18
1704639778 47
1704639842 35
1704639906 37
1704639970 27
1704640034 44
1704640098 37
1704640162 22
1704640226 28
1704640290 14



# Sketch: 24
1704639714 56
1704639778 45
1704639842 39
1704639906 59
1704639970 48
1704640034 43
1704640098 63
1704640162 57
1704640226 42
1704640290 18



# Sketch: 25
1704639714 38
1704639778 30
1704639842 65
1704639906 27
1704639970 29
1704640034 43
1704640098 29
1704640162 44
1704640226 34
1704640290 14



# Sketch: 26
1704639714 34
1704639778 23
1704639842 49
1704639906 31
1704639970 30
1704640034 35
1704640098 45
1704640162 32
1704640226 42
1704640290 20



# Sketch: 27
1704639714 25
1704639778 12
1704639842 39
1704639906 21
1704639970 32
1704640034 25
1704640098 31
1704640162 21
1704640226 22
1704640290 13



# Sketch: 28
1704639714 40
1704639778 27
1704639842 30
1704639906 19
1704639970 23
1704640034 29
1704640098 26
1704640162 18
1704640226 20
1704640290 9



# Sketch: 29
1704639714 19
1704639778 27
1704639842 31
1704639906 36
1704639970 27
1704640034 39
1704640098 18
1704640162 27
1704640226 24
1704640290 8



# Sketch: 30
1704639714 49
1704639778 22
1704639842 44
1704639906 28
1704639970 42
1704640034 41
1704640098 39
1704640162 31
1704640226 32
1704640290 9



# Sketch: 31
1704639714 25
1704639778 34
1704639842 34
1704639906 15
1704639970 38
1704640034 36
1704640098 28
1704640162 64
1704640226 33
1704640290 8

