

# Sketch: 0
1704639714 13
1704639730 13
1704639746 2
1704639762 9
1704639778 10
1704639794 5
1704639810 22
1704639826 9
1704639842 13
1704639858 13
1704639874 16
1704639890 16
1704639906 6
1704639922 9
1704639938 6
1704639954 16
1704639970 10
1704639986 8
1704640002 7
1704640018 4
1704640034 8
1704640050 9
1704640066 7
1704640082 10
1704640098 9
1704640114 5
1704640130 2
1704640146 17
1704640162 16
1704640178 10
1704640194 4
1704640210 10
1704640226 12
1704640242 8
1704640258 7
1704640274 8
1704640290 15
1704640306 3



# Sketch: 1
1704639714 11
1704639730 7
1704639746 5
1704639762 11
1704639778 16
1704639794 9
1704639810 3
1704639826 7
1704639842 15
1704639858 6
1704639874 5
1704639890 13
1704639906 6
1704639922 14
1704639938 5
1704639954 8
1704639970 6
1704639986 11
1704640002 10
1704640018 4
1704640034 4
1704640050 3
1704640066 9
1704640082 61
1704640098 14
1704640114 3
1704640130 3
1704640146 9
1704640162 9
1704640178 7
1704640194 7
1704640210 5
1704640226 4
1704640242 5
1704640258 12
1704640274 11
1704640290 9
1704640306 1



# Sketch: 2
1704639714 13
1704639730 10
1704639746 2
1704639762 5
1704639778 15
1704639794 6
1704639810 16
1704639826 6
1704639842 6
1704639858 5
1704639874 7
1704639890 11
1704639906 20
1704639922 9
1704639938 8
1704639954 5
1704639970 9
1704639986 10
1704640002 8
1704640018 18
1704640034 12
1704640050 19
1704640066 11
1704640082 9
1704640098 8
1704640114 5
1704640130 6
1704640146 17
1704640162 17
1704640178 9
1704640194 12
1704640210 14
1704640226 9
1704640242 5
1704640258 12
1704640274 15
1704640290 11
1704640306 4



# Sketch: 3
1704639714 4
1704639730 5
1704639746 0
1704639762 7
1704639778 5
1704639794 5
1704639810 3
1704639826 8
1704639842 4
1704639858 7
1704639874 13
1704639890 12
1704639906 13
1704639922 7
1704639938 12
1704639954 11
1704639970 4
1704639986 7
1704640002 7
1704640018 9
1704640034 13
1704640050 9
1704640066 4
1704640082 14
1704640098 13
1704640114 5
1704640130 5
1704640146 9
1704640162 7
1704640178 2
1704640194 8
1704640210 9
1704640226 2
1704640242 5
1704640258 7
1704640274 10
1704640290 3
1704640306 1



# Sketch: 4
1704639714 8
1704639730 7
1704639746 4
1704639762 17
1704639778 4
1704639794 6
1704639810 5
1704639826 3
1704639842 6
1704639858 2
1704639874 9
1704639890 18
1704639906 6
1704639922 6
1704639938 3
1704639954 3
1704639970 3
1704639986 2
1704640002 5
1704640018 8
1704640034 6
1704640050 8
1704640066 4
1704640082 4
1704640098 5
1704640114 6
1704640130 5
1704640146 4
1704640162 4
1704640178 2
1704640194 5
1704640210 4
1704640226 6
1704640242 1
1704640258 0
1704640274 8
1704640290 15
1704640306 4



# Sketch: 5
1704639714 4
1704639730 7
1704639746 5
1704639762 14
1704639778 4
1704639794 8
1704639810 9
1704639826 4
1704639842 8
1704639858 8
1704639874 4
1704639890 9
1704639906 4
1704639922 13
1704639938 7
1704639954 6
1704639970 5
1704639986 2
1704640002 6
1704640018 3
1704640034 8
1704640050 9
1704640066 15
1704640082 15
1704640098 9
1704640114 7
1704640130 4
1704640146 8
1704640162 11
1704640178 2
1704640194 6
1704640210 18
1704640226 12
1704640242 13
1704640258 8
1704640274 6
1704640290 13
1704640306 5



# Sketch: 6
1704639714 12
1704639730 26
1704639746 17
1704639762 6
1704639778 2
1704639794 9
1704639810 20
1704639826 6
1704639842 10
1704639858 15
1704639874 12
1704639890 16
1704639906 3
1704639922 7
1704639938 10
1704639954 10
1704639970 12
1704639986 8
1704640002 15
1704640018 2
1704640034 16
1704640050 10
1704640066 7
1704640082 8
1704640098 19
1704640114 8
1704640130 9
1704640146 14
1704640162 11
1704640178 9
1704640194 15
1704640210 7
1704640226 11
1704640242 5
1704640258 5
1704640274 3
1704640290 7
1704640306 8



# Sketch: 7
1704639714 5
1704639730 5
1704639746 9
1704639762 5
1704639778 9
1704639794 4
1704639810 13
1704639826 6
1704639842 9
1704639858 7
1704639874 3
1704639890 9
1704639906 6
1704639922 9
1704639938 3
1704639954 7
1704639970 4
1704639986 7
1704640002 7
1704640018 9
1704640034 7
1704640050 3
1704640066 11
1704640082 8
1704640098 4
1704640114 6
1704640130 7
1704640146 10
1704640162 11
1704640178 1
1704640194 1
1704640210 8
1704640226 4
1704640242 1
1704640258 17
1704640274 5
1704640290 2
1704640306 1



# Sketch: 8
1704639714 5
1704639730 7
1704639746 4
1704639762 6
1704639778 5
1704639794 10
1704639810 7
1704639826 4
1704639842 11
1704639858 6
1704639874 16
1704639890 8
1704639906 8
1704639922 4
1704639938 0
1704639954 9
1704639970 4
1704639986 12
1704640002 13
1704640018 5
1704640034 11
1704640050 6
1704640066 5
1704640082 6
1704640098 8
1704640114 9
1704640130 2
1704640146 6
1704640162 7
1704640178 2
1704640194 11
1704640210 3
1704640226 5
1704640242 0
1704640258 4
1704640274 9
1704640290 8
1704640306 1



# Sketch: 9
1704639714 2
1704639730 4
1704639746 5
1704639762 6
1704639778 10
1704639794 10
1704639810 5
1704639826 7
1704639842 10
1704639858 8
1704639874 4
1704639890 4
1704639906 9
1704639922 3
1704639938 3
1704639954 8
1704639970 8
1704639986 3
1704640002 2
1704640018 3
1704640034 7
1704640050 9
1704640066 9
1704640082 11
1704640098 7
1704640114 11
1704640130 7
1704640146 13
1704640162 7
1704640178 13
1704640194 0
1704640210 4
1704640226 0
1704640242 6
1704640258 13
1704640274 14
1704640290 21
1704640306 4



# Sketch: 10
1704639714 6
1704639730 3
1704639746 2
1704639762 2
1704639778 2
1704639794 5
1704639810 17
1704639826 12
1704639842 18
1704639858 6
1704639874 10
1704639890 14
1704639906 13
1704639922 6
1704639938 4
1704639954 3
1704639970 5
1704639986 5
1704640002 5
1704640018 6
1704640034 3
1704640050 12
1704640066 17
1704640082 5
1704640098 11
1704640114 12
1704640130 3
1704640146 15
1704640162 6
1704640178 6
1704640194 21
1704640210 3
1704640226 4
1704640242 11
1704640258 6
1704640274 12
1704640290 10
1704640306 0



# Sketch: 11
1704639714 12
1704639730 10
1704639746 6
1704639762 14
1704639778 10
1704639794 5
1704639810 9
1704639826 11
1704639842 18
1704639858 18
1704639874 12
1704639890 16
1704639906 12
1704639922 3
1704639938 8
1704639954 8
1704639970 3
1704639986 3
1704640002 4
1704640018 6
1704640034 7
1704640050 4
1704640066 1
1704640082 1
1704640098 4
1704640114 5
1704640130 1
1704640146 8
1704640162 9
1704640178 4
1704640194 8
1704640210 6
1704640226 10
1704640242 10
1704640258 7
1704640274 7
1704640290 13
1704640306 3



# Sketch: 12
1704639714 23
1704639730 16
1704639746 9
1704639762 7
1704639778 13
1704639794 17
1704639810 17
1704639826 6
1704639842 12
1704639858 14
1704639874 11
1704639890 8
1704639906 11
1704639922 15
1704639938 12
1704639954 5
1704639970 9
1704639986 7
1704640002 5
1704640018 11
1704640034 9
1704640050 20
1704640066 10
1704640082 10
1704640098 6
1704640114 5
1704640130 10
1704640146 13
1704640162 7
1704640178 10
1704640194 8
1704640210 10
1704640226 3
1704640242 1
1704640258 17
1704640274 19
1704640290 17
1704640306 3



# Sketch: 13
1704639714 12
1704639730 19
1704639746 15
1704639762 7
1704639778 13
1704639794 9
1704639810 5
1704639826 10
1704639842 13
1704639858 12
1704639874 3
1704639890 12
1704639906 17
1704639922 12
1704639938 3
1704639954 16
1704639970 13
1704639986 4
1704640002 9
1704640018 13
1704640034 11
1704640050 11
1704640066 8
1704640082 29
1704640098 18
1704640114 4
1704640130 9
1704640146 16
1704640162 3
1704640178 10
1704640194 12
1704640210 17
1704640226 5
1704640242 2
1704640258 7
1704640274 29
1704640290 13
1704640306 7



# Sketch: 14
1704639714 9
1704639730 11
1704639746 24
1704639762 3
1704639778 8
1704639794 5
1704639810 2
1704639826 9
1704639842 14
1704639858 10
1704639874 4
1704639890 5
1704639906 6
1704639922 9
1704639938 7
1704639954 9
1704639970 6
1704639986 10
1704640002 22
1704640018 8
1704640034 4
1704640050 7
1704640066 8
1704640082 23
1704640098 19
1704640114 3
1704640130 8
1704640146 7
1704640162 7
1704640178 2
1704640194 15
1704640210 12
1704640226 4
1704640242 5
1704640258 3
1704640274 7
1704640290 3
1704640306 6



# Sketch: 15
1704639714 8
1704639730 6
1704639746 0
1704639762 8
1704639778 6
1704639794 9
1704639810 2
1704639826 4
1704639842 13
1704639858 12
1704639874 11
1704639890 13
1704639906 7
1704639922 4
1704639938 3
1704639954 2
1704639970 6
1704639986 4
1704640002 1
1704640018 6
1704640034 5
1704640050 9
1704640066 5
1704640082 2
1704640098 13
1704640114 21
1704640130 9
1704640146 5
1704640162 5
1704640178 2
1704640194 5
1704640210 5
1704640226 3
1704640242 5
1704640258 3
1704640274 7
1704640290 7
1704640306 3



# Sketch: 16
1704639714 5
1704639730 4
1704639746 5
1704639762 3
1704639778 15
1704639794 6
1704639810 3
1704639826 7
1704639842 10
1704639858 6
1704639874 2
1704639890 11
1704639906 1
1704639922 11
1704639938 15
1704639954 6
1704639970 9
1704639986 46
1704640002 9
1704640018 5
1704640034 4
1704640050 6
1704640066 9
1704640082 17
1704640098 5
1704640114 5
1704640130 2
1704640146 5
1704640162 5
1704640178 13
1704640194 10
1704640210 19
1704640226 5
1704640242 5
1704640258 12
1704640274 5
1704640290 19
1704640306 1



# Sketch: 17
1704639714 4
1704639730 5
1704639746 4
1704639762 7
1704639778 1
1704639794 2
1704639810 5
1704639826 7
1704639842 1
1704639858 2
1704639874 20
1704639890 11
1704639906 15
1704639922 4
1704639938 11
1704639954 4
1704639970 1
1704639986 8
1704640002 5
1704640018 10
1704640034 9
1704640050 6
1704640066 6
1704640082 5
1704640098 12
1704640114 11
1704640130 4
1704640146 2
1704640162 6
1704640178 4
1704640194 5
1704640210 1
1704640226 3
1704640242 1
1704640258 13
1704640274 11
1704640290 21
1704640306 2



# Sketch: 18
1704639714 9
1704639730 12
1704639746 2
1704639762 2
1704639778 9
1704639794 18
1704639810 19
1704639826 5
1704639842 3
1704639858 15
1704639874 8
1704639890 14
1704639906 8
1704639922 10
1704639938 9
1704639954 16
1704639970 7
1704639986 13
1704640002 4
1704640018 12
1704640034 6
1704640050 10
1704640066 7
1704640082 6
1704640098 3
1704640114 4
1704640130 7
1704640146 15
1704640162 4
1704640178 6
1704640194 56
1704640210 8
1704640226 9
1704640242 14
1704640258 4
1704640274 19
1704640290 7
1704640306 1



# Sketch: 19
1704639714 14
1704639730 29
1704639746 8
1704639762 10
1704639778 11
1704639794 2
1704639810 5
1704639826 4
1704639842 7
1704639858 10
1704639874 6
1704639890 9
1704639906 13
1704639922 6
1704639938 8
1704639954 14
1704639970 0
1704639986 4
1704640002 15
1704640018 12
1704640034 3
1704640050 8
1704640066 5
1704640082 8
1704640098 8
1704640114 1
1704640130 5
1704640146 6
1704640162 6
1704640178 4
1704640194 4
1704640210 9
1704640226 9
1704640242 5
1704640258 4
1704640274 4
1704640290 7
1704640306 5



# Sketch: 20
1704639714 6
1704639730 6
1704639746 10
1704639762 9
1704639778 6
1704639794 10
1704639810 12
1704639826 16
1704639842 11
1704639858 5
1704639874 17
1704639890 6
1704639906 8
1704639922 6
1704639938 8
1704639954 11
1704639970 7
1704639986 2
1704640002 6
1704640018 8
1704640034 2
1704640050 6
1704640066 10
1704640082 7
1704640098 14
1704640114 7
1704640130 2
1704640146 15
1704640162 4
1704640178 4
1704640194 9
1704640210 5
1704640226 5
1704640242 1
1704640258 2
1704640274 6
1704640290 6
1704640306 1



# Sketch: 21
1704639714 5
1704639730 2
1704639746 6
1704639762 6
1704639778 2
1704639794 8
1704639810 2
1704639826 3
1704639842 4
1704639858 13
1704639874 7
1704639890 16
1704639906 5
1704639922 6
1704639938 6
1704639954 9
1704639970 5
1704639986 5
1704640002 4
1704640018 12
1704640034 7
1704640050 9
1704640066 4
1704640082 7
1704640098 3
1704640114 6
1704640130 9
1704640146 12
1704640162 6
1704640178 3
1704640194 6
1704640210 16
1704640226 6
1704640242 5
1704640258 16
1704640274 20
1704640290 4
1704640306 3



# Sketch: 22
1704639714 12
1704639730 7
1704639746 5
1704639762 5
1704639778 7
1704639794 6
1704639810 7
1704639826 7
1704639842 9
1704639858 7
1704639874 20
1704639890 5
1704639906 7
1704639922 11
1704639938 13
1704639954 8
1704639970 10
1704639986 9
1704640002 10
1704640018 13
1704640034 3
1704640050 8
1704640066 5
1704640082 3
1704640098 21
1704640114 7
1704640130 14
1704640146 17
1704640162 3
1704640178 14
1704640194 4
1704640210 8
1704640226 6
1704640242 5
1704640258 7
1704640274 9
1704640290 9
1704640306 2



# Sketch: 23
1704639714 8
1704639730 7
1704639746 6
1704639762 8
1704639778 11
1704639794 19
1704639810 7
1704639826 6
1704639842 15
1704639858 19
1704639874 11
1704639890 6
1704639906 11
1704639922 17
1704639938 9
1704639954 3
1704639970 8
1704639986 7
1704640002 6
1704640018 6
1704640034 7
1704640050 12
1704640066 4
1704640082 13
1704640098 7
1704640114 9
1704640130 7
1704640146 19
1704640162 22
1704640178 14
1704640194 6
1704640210 11
1704640226 5
1704640242 10
1704640258 2
1704640274 5
1704640290 11
1704640306 6



# Sketch: 24
1704639714 10
1704639730 3
1704639746 6
1704639762 18
1704639778 6
1704639794 5
1704639810 10
1704639826 10
1704639842 13
1704639858 7
1704639874 5
1704639890 7
1704639906 2
1704639922 13
1704639938 10
1704639954 12
1704639970 8
1704639986 4
1704640002 5
1704640018 4
1704640034 5
1704640050 3
1704640066 11
1704640082 7
1704640098 7
1704640114 1
1704640130 9
1704640146 2
1704640162 2
1704640178 16
1704640194 2
1704640210 5
1704640226 4
1704640242 1
1704640258 3
1704640274 13
1704640290 4
1704640306 5



# Sketch: 25
1704639714 5
1704639730 13
1704639746 7
1704639762 2
1704639778 7
1704639794 10
1704639810 6
1704639826 9
1704639842 16
1704639858 12
1704639874 7
1704639890 2
1704639906 11
1704639922 13
1704639938 14
1704639954 8
1704639970 14
1704639986 7
1704640002 4
1704640018 23
1704640034 17
1704640050 11
1704640066 4
1704640082 13
1704640098 8
1704640114 11
1704640130 16
1704640146 19
1704640162 3
1704640178 5
1704640194 4
1704640210 8
1704640226 10
1704640242 9
1704640258 5
1704640274 5
1704640290 7
1704640306 4



# Sketch: 26
1704639714 5
1704639730 7
1704639746 6
1704639762 4
1704639778 4
1704639794 6
1704639810 7
1704639826 3
1704639842 14
1704639858 6
1704639874 4
1704639890 4
1704639906 4
1704639922 3
1704639938 12
1704639954 6
1704639970 3
1704639986 7
1704640002 1
1704640018 7
1704640034 10
1704640050 5
1704640066 5
1704640082 13
1704640098 6
1704640114 4
1704640130 8
1704640146 12
1704640162 5
1704640178 8
1704640194 4
1704640210 7
1704640226 5
1704640242 6
1704640258 3
1704640274 11
1704640290 3
1704640306 1



# Sketch: 27
1704639714 8
1704639730 6
1704639746 6
1704639762 7
1704639778 10
1704639794 12
1704639810 2
1704639826 14
1704639842 9
1704639858 20
1704639874 9
1704639890 7
1704639906 7
1704639922 7
1704639938 8
1704639954 3
1704639970 12
1704639986 10
1704640002 18
1704640018 16
1704640034 11
1704640050 17
1704640066 6
1704640082 6
1704640098 14
1704640114 13
1704640130 5
1704640146 7
1704640162 2
1704640178 10
1704640194 5
1704640210 9
1704640226 4
1704640242 3
1704640258 6
1704640274 5
1704640290 6
1704640306 7



# Sketch: 28
1704639714 10
1704639730 23
1704639746 8
1704639762 4
1704639778 14
1704639794 5
1704639810 9
1704639826 5
1704639842 17
1704639858 13
1704639874 3
1704639890 10
1704639906 9
1704639922 18
1704639938 12
1704639954 7
1704639970 13
1704639986 15
1704640002 13
1704640018 6
1704640034 10
1704640050 5
1704640066 11
1704640082 20
1704640098 14
1704640114 5
1704640130 5
1704640146 14
1704640162 8
1704640178 0
1704640194 5
1704640210 16
1704640226 4
1704640242 2
1704640258 13
1704640274 9
1704640290 8
1704640306 7



# Sketch: 29
1704639714 12
1704639730 8
1704639746 5
1704639762 10
1704639778 2
1704639794 3
1704639810 6
1704639826 4
1704639842 13
1704639858 7
1704639874 16
1704639890 9
1704639906 6
1704639922 4
1704639938 5
1704639954 9
1704639970 13
1704639986 9
1704640002 7
1704640018 3
1704640034 5
1704640050 9
1704640066 6
1704640082 13
1704640098 8
1704640114 5
1704640130 2
1704640146 6
1704640162 13
1704640178 10
1704640194 16
1704640210 11
1704640226 4
1704640242 3
1704640258 1
1704640274 16
1704640290 10
1704640306 2



# Sketch: 30
1704639714 4
1704639730 7
1704639746 2
1704639762 8
1704639778 8
1704639794 7
1704639810 8
1704639826 5
1704639842 18
1704639858 7
1704639874 17
1704639890 4
1704639906 6
1704639922 6
1704639938 6
1704639954 5
1704639970 10
1704639986 4
1704640002 4
1704640018 7
1704640034 12
1704640050 14
1704640066 6
1704640082 13
1704640098 7
1704640114 9
1704640130 7
1704640146 4
1704640162 3
1704640178 4
1704640194 3
1704640210 5
1704640226 6
1704640242 6
1704640258 10
1704640274 2
1704640290 4
1704640306 6



# Sketch: 31
1704639714 2
1704639730 10
1704639746 9
1704639762 6
1704639778 2
1704639794 4
1704639810 3
1704639826 4
1704639842 5
1704639858 9
1704639874 11
1704639890 4
1704639906 6
1704639922 7
1704639938 6
1704639954 5
1704639970 5
1704639986 4
1704640002 2
1704640018 8
1704640034 6
1704640050 1
1704640066 11
1704640082 28
1704640098 4
1704640114 10
1704640130 5
1704640146 7
1704640162 4
1704640178 5
1704640194 3
1704640210 5
1704640226 2
1704640242 2
1704640258 9
1704640274 7
1704640290 1
1704640306 2

