

# Sketch: 0
1704639714 12
1704639746 26
1704639778 11
1704639810 11
1704639842 10
1704639874 14
1704639906 18
1704639938 8
1704639970 6
1704640002 16
1704640034 7
1704640066 10
1704640098 18
1704640130 38
1704640162 10
1704640194 14
1704640226 14
1704640258 25
1704640290 10



# Sketch: 1
1704639714 9
1704639746 19
1704639778 14
1704639810 6
1704639842 13
1704639874 31
1704639906 9
1704639938 18
1704639970 9
1704640002 19
1704640034 9
1704640066 23
1704640098 18
1704640130 10
1704640162 6
1704640194 16
1704640226 7
1704640258 14
1704640290 4



# Sketch: 2
1704639714 14
1704639746 14
1704639778 19
1704639810 28
1704639842 17
1704639874 21
1704639906 29
1704639938 15
1704639970 8
1704640002 16
1704640034 20
1704640066 18
1704640098 10
1704640130 14
1704640162 18
1704640194 24
1704640226 1
1704640258 22
1704640290 13



# Sketch: 3
1704639714 9
1704639746 9
1704639778 17
1704639810 14
1704639842 18
1704639874 24
1704639906 29
1704639938 10
1704639970 15
1704640002 9
1704640034 21
1704640066 13
1704640098 13
1704640130 15
1704640162 9
1704640194 9
1704640226 14
1704640258 12
1704640290 11



# Sketch: 4
1704639714 15
1704639746 10
1704639778 6
1704639810 15
1704639842 24
1704639874 8
1704639906 14
1704639938 20
1704639970 16
1704640002 11
1704640034 26
1704640066 17
1704640098 15
1704640130 21
1704640162 23
1704640194 27
1704640226 16
1704640258 16
1704640290 7



# Sketch: 5
1704639714 16
1704639746 16
1704639778 21
1704639810 12
1704639842 25
1704639874 14
1704639906 15
1704639938 8
1704639970 16
1704640002 12
1704640034 17
1704640066 17
1704640098 15
1704640130 15
1704640162 19
1704640194 10
1704640226 16
1704640258 20
1704640290 7



# Sketch: 6
1704639714 24
1704639746 23
1704639778 18
1704639810 15
1704639842 26
1704639874 16
1704639906 25
1704639938 17
1704639970 27
1704640002 19
1704640034 17
1704640066 20
1704640098 22
1704640130 16
1704640162 8
1704640194 19
1704640226 15
1704640258 20
1704640290 13



# Sketch: 7
1704639714 22
1704639746 11
1704639778 8
1704639810 13
1704639842 29
1704639874 10
1704639906 15
1704639938 10
1704639970 14
1704640002 5
1704640034 18
1704640066 14
1704640098 21
1704640130 23
1704640162 17
1704640194 17
1704640226 6
1704640258 5
1704640290 7



# Sketch: 8
1704639714 33
1704639746 7
1704639778 17
1704639810 10
1704639842 22
1704639874 10
1704639906 24
1704639938 30
1704639970 24
1704640002 14
1704640034 28
1704640066 17
1704640098 11
1704640130 23
1704640162 16
1704640194 17
1704640226 9
1704640258 28
1704640290 17



# Sketch: 9
1704639714 19
1704639746 10
1704639778 12
1704639810 18
1704639842 15
1704639874 17
1704639906 17
1704639938 12
1704639970 15
1704640002 27
1704640034 17
1704640066 15
1704640098 11
1704640130 10
1704640162 10
1704640194 3
1704640226 18
1704640258 22
1704640290 17



# Sketch: 10
1704639714 29
1704639746 16
1704639778 18
1704639810 16
1704639842 25
1704639874 16
1704639906 16
1704639938 14
1704639970 23
1704640002 12
1704640034 7
1704640066 37
1704640098 30
1704640130 11
1704640162 10
1704640194 23
1704640226 19
1704640258 16
1704640290 14



# Sketch: 11
1704639714 8
1704639746 7
1704639778 16
1704639810 12
1704639842 11
1704639874 13
1704639906 11
1704639938 17
1704639970 14
1704640002 29
1704640034 22
1704640066 12
1704640098 21
1704640130 13
1704640162 18
1704640194 19
1704640226 9
1704640258 14
1704640290 10



# Sketch: 12
1704639714 31
1704639746 8
1704639778 14
1704639810 14
1704639842 27
1704639874 16
1704639906 9
1704639938 13
1704639970 14
1704640002 9
1704640034 11
1704640066 23
1704640098 19
1704640130 33
1704640162 11
1704640194 16
1704640226 10
1704640258 20
1704640290 6



# Sketch: 13
1704639714 14
1704639746 16
1704639778 34
1704639810 27
1704639842 19
1704639874 31
1704639906 21
1704639938 32
1704639970 6
1704640002 23
1704640034 24
1704640066 35
1704640098 16
1704640130 31
1704640162 18
1704640194 18
1704640226 8
1704640258 30
1704640290 22



# Sketch: 14
1704639714 21
1704639746 6
1704639778 21
1704639810 26
1704639842 31
1704639874 20
1704639906 11
1704639938 8
1704639970 20
1704640002 9
1704640034 13
1704640066 24
1704640098 17
1704640130 11
1704640162 9
1704640194 18
1704640226 12
1704640258 14
1704640290 14



# Sketch: 15
1704639714 19
1704639746 16
1704639778 14
1704639810 9
1704639842 24
1704639874 19
1704639906 21
1704639938 25
1704639970 24
1704640002 12
1704640034 11
1704640066 13
1704640098 30
1704640130 12
1704640162 9
1704640194 19
1704640226 11
1704640258 18
1704640290 16



# Sketch: 16
1704639714 10
1704639746 12
1704639778 18
1704639810 19
1704639842 20
1704639874 30
1704639906 14
1704639938 20
1704639970 40
1704640002 17
1704640034 6
1704640066 23
1704640098 19
1704640130 9
1704640162 10
1704640194 59
1704640226 4
1704640258 17
1704640290 29



# Sketch: 17
1704639714 24
1704639746 9
1704639778 14
1704639810 15
1704639842 19
1704639874 22
1704639906 20
1704639938 17
1704639970 12
1704640002 21
1704640034 25
1704640066 21
1704640098 15
1704640130 12
1704640162 16
1704640194 8
1704640226 11
1704640258 19
1704640290 7



# Sketch: 18
1704639714 30
1704639746 25
1704639778 26
1704639810 17
1704639842 9
1704639874 29
1704639906 30
1704639938 14
1704639970 20
1704640002 13
1704640034 20
1704640066 78
1704640098 15
1704640130 19
1704640162 19
1704640194 25
1704640226 13
1704640258 12
1704640290 17



# Sketch: 19
1704639714 18
1704639746 14
1704639778 13
1704639810 11
1704639842 13
1704639874 19
1704639906 24
1704639938 5
1704639970 17
1704640002 18
1704640034 3
1704640066 16
1704640098 15
1704640130 9
1704640162 8
1704640194 16
1704640226 9
1704640258 7
1704640290 15



# Sketch: 20
1704639714 41
1704639746 9
1704639778 2
1704639810 18
1704639842 23
1704639874 34
1704639906 12
1704639938 28
1704639970 14
1704640002 7
1704640034 7
1704640066 14
1704640098 25
1704640130 31
1704640162 16
1704640194 17
1704640226 8
1704640258 11
1704640290 8



# Sketch: 21
1704639714 8
1704639746 16
1704639778 6
1704639810 15
1704639842 12
1704639874 11
1704639906 8
1704639938 6
1704639970 12
1704640002 20
1704640034 27
1704640066 26
1704640098 11
1704640130 18
1704640162 11
1704640194 15
1704640226 5
1704640258 8
1704640290 4



# Sketch: 22
1704639714 14
1704639746 13
1704639778 9
1704639810 7
1704639842 25
1704639874 18
1704639906 14
1704639938 6
1704639970 14
1704640002 14
1704640034 6
1704640066 13
1704640098 22
1704640130 8
1704640162 5
1704640194 15
1704640226 10
1704640258 9
1704640290 14



# Sketch: 23
1704639714 12
1704639746 7
1704639778 32
1704639810 19
1704639842 21
1704639874 23
1704639906 22
1704639938 32
1704639970 22
1704640002 18
1704640034 32
1704640066 31
1704640098 20
1704640130 17
1704640162 37
1704640194 28
1704640226 18
1704640258 32
1704640290 28



# Sketch: 24
1704639714 13
1704639746 6
1704639778 18
1704639810 11
1704639842 35
1704639874 9
1704639906 7
1704639938 3
1704639970 12
1704640002 11
1704640034 10
1704640066 14
1704640098 8
1704640130 9
1704640162 18
1704640194 10
1704640226 14
1704640258 8
1704640290 13



# Sketch: 25
1704639714 18
1704639746 9
1704639778 7
1704639810 15
1704639842 24
1704639874 9
1704639906 21
1704639938 14
1704639970 8
1704640002 21
1704640034 12
1704640066 22
1704640098 10
1704640130 16
1704640162 16
1704640194 10
1704640226 16
1704640258 17
1704640290 6



# Sketch: 26
1704639714 20
1704639746 10
1704639778 25
1704639810 10
1704639842 15
1704639874 25
1704639906 11
1704639938 11
1704639970 5
1704640002 32
1704640034 35
1704640066 13
1704640098 14
1704640130 13
1704640162 7
1704640194 4
1704640226 6
1704640258 13
1704640290 10



# Sketch: 27
1704639714 11
1704639746 4
1704639778 9
1704639810 14
1704639842 40
1704639874 27
1704639906 4
1704639938 17
1704639970 14
1704640002 15
1704640034 22
1704640066 19
1704640098 21
1704640130 13
1704640162 12
1704640194 16
1704640226 14
1704640258 49
1704640290 19



# Sketch: 28
1704639714 13
1704639746 37
1704639778 12
1704639810 18
1704639842 12
1704639874 16
1704639906 9
1704639938 29
1704639970 8
1704640002 5
1704640034 22
1704640066 12
1704640098 14
1704640130 27
1704640162 22
1704640194 28
1704640226 8
1704640258 13
1704640290 11



# Sketch: 29
1704639714 8
1704639746 15
1704639778 12
1704639810 23
1704639842 23
1704639874 13
1704639906 27
1704639938 6
1704639970 14
1704640002 18
1704640034 12
1704640066 7
1704640098 17
1704640130 10
1704640162 12
1704640194 16
1704640226 6
1704640258 21
1704640290 13



# Sketch: 30
1704639714 16
1704639746 23
1704639778 21
1704639810 8
1704639842 13
1704639874 15
1704639906 17
1704639938 17
1704639970 19
1704640002 8
1704640034 9
1704640066 12
1704640098 10
1704640130 15
1704640162 11
1704640194 16
1704640226 10
1704640258 7
1704640290 15



# Sketch: 31
1704639714 20
1704639746 17
1704639778 8
1704639810 21
1704639842 12
1704639874 32
1704639906 14
1704639938 16
1704639970 7
1704640002 26
1704640034 10
1704640066 7
1704640098 8
1704640130 8
1704640162 13
1704640194 6
1704640226 5
1704640258 16
1704640290 6

