

# Sketch: 0
1704639714 70
1704639842 61
1704639970 58
1704640098 41
1704640226 43



# Sketch: 1
1704639714 63
1704639842 56
1704639970 60
1704640098 68
1704640226 27



# Sketch: 2
1704639714 62
1704639842 90
1704639970 83
1704640098 62
1704640226 34



# Sketch: 3
1704639714 116
1704639842 110
1704639970 71
1704640098 92
1704640226 40



# Sketch: 4
1704639714 46
1704639842 55
1704639970 72
1704640098 57
1704640226 24



# Sketch: 5
1704639714 43
1704639842 52
1704639970 63
1704640098 42
1704640226 35



# Sketch: 6
1704639714 51
1704639842 88
1704639970 49
1704640098 58
1704640226 33



# Sketch: 7
1704639714 45
1704639842 58
1704639970 64
1704640098 66
1704640226 29



# Sketch: 8
1704639714 55
1704639842 52
1704639970 78
1704640098 43
1704640226 37



# Sketch: 9
1704639714 65
1704639842 69
1704639970 71
1704640098 76
1704640226 83



# Sketch: 10
1704639714 52
1704639842 53
1704639970 34
1704640098 41
1704640226 23



# Sketch: 11
1704639714 65
1704639842 136
1704639970 70
1704640098 77
1704640226 32



# Sketch: 12
1704639714 76
1704639842 70
1704639970 54
1704640098 109
1704640226 36



# Sketch: 13
1704639714 38
1704639842 56
1704639970 66
1704640098 56
1704640226 47



# Sketch: 14
1704639714 68
1704639842 69
1704639970 93
1704640098 94
1704640226 44



# Sketch: 15
1704639714 29
1704639842 61
1704639970 47
1704640098 42
1704640226 37



# Sketch: 16
1704639714 72
1704639842 91
1704639970 73
1704640098 53
1704640226 41



# Sketch: 17
1704639714 59
1704639842 95
1704639970 46
1704640098 74
1704640226 32



# Sketch: 18
1704639714 58
1704639842 50
1704639970 51
1704640098 52
1704640226 33



# Sketch: 19
1704639714 57
1704639842 47
1704639970 70
1704640098 52
1704640226 42



# Sketch: 20
1704639714 55
1704639842 55
1704639970 65
1704640098 67
1704640226 29



# Sketch: 21
1704639714 48
1704639842 52
1704639970 51
1704640098 56
1704640226 53



# Sketch: 22
1704639714 59
1704639842 95
1704639970 38
1704640098 62
1704640226 47



# Sketch: 23
1704639714 76
1704639842 79
1704639970 63
1704640098 62
1704640226 34



# Sketch: 24
1704639714 50
1704639842 68
1704639970 37
1704640098 70
1704640226 45



# Sketch: 25
1704639714 56
1704639842 82
1704639970 85
1704640098 81
1704640226 26



# Sketch: 26
1704639714 39
1704639842 63
1704639970 123
1704640098 59
1704640226 38



# Sketch: 27
1704639714 87
1704639842 73
1704639970 83
1704640098 80
1704640226 49



# Sketch: 28
1704639714 65
1704639842 68
1704639970 57
1704640098 58
1704640226 62



# Sketch: 29
1704639714 103
1704639842 95
1704639970 92
1704640098 70
1704640226 55



# Sketch: 30
1704639714 83
1704639842 64
1704639970 41
1704640098 59
1704640226 39



# Sketch: 31
1704639714 79
1704639842 87
1704639970 149
1704640098 84
1704640226 71

