

# Sketch: 0
0 0.523002
1 0.568541
2 0.627495
3 0.499265
4 0.585468
5 0.434442
6 0.478019
7 0.541867



# Sketch: 1
0 0.456704
1 0.505482
2 0.406202
3 0.372359
4 0.498043
5 0.489626
6 0.482073
7 0.451196



# Sketch: 2
0 1.16527
1 1.04854
2 0.956389
3 0.9217
4 0.807688
5 0.753389
6 0.719481
7 0.812473



# Sketch: 3
0 0.647203
1 0.503544
2 0.401073
3 0.34072
4 0.392029
5 0.358674
6 0.267009
7 0.496171



# Sketch: 4
0 0.553251
1 0.753564
2 0.605516
3 0.334442
4 0.294708
5 0.16631
6 0.332967
7 0.623305



# Sketch: 5
0 0.536041
1 0.527976
2 0.567925
3 0.709511
4 0.812883
5 0.434264
6 0.51536
7 0.381561



# Sketch: 6
0 2.72386
1 2.45236
2 2.46122
3 1.47126
4 1.04495
5 1.62704
6 2.02298
7 2.55191



# Sketch: 7
0 0.193546
1 0.51251
2 0.556474
3 0.295398
4 0.400019
5 0.500017
6 0.385638
7 0.310714



# Sketch: 8
0 0.749922
1 0.659734
2 0.880283
3 1.12339
4 1.10784
5 2.35886
6 0.86974
7 0.897137



# Sketch: 9
0 0.296012
1 0.531906
2 0.46626
3 0.790542
4 0.626561
5 0.493943
6 0.346
7 0.482645



# Sketch: 10
0 0.395589
1 0.179804
2 0.225778
3 0.261681
4 0.09767
5 0.110617
6 0.277121
7 0.878108



# Sketch: 11
0 0.627423
1 0.614933
2 0.558927
3 0.403618
4 0.362642
5 0.44429
6 0.489809
7 0.640704



# Sketch: 12
0 0.954243
1 0.693785
2 0.633954
3 0.519312
4 0.543445
5 0.573227
6 0.596251
7 1.46637



# Sketch: 13
0 0.468371
1 0.285826
2 0.273054
3 0.244798
4 0.252842
5 0.337675
6 0.339643
7 0.480138



# Sketch: 14
0 1.3977
1 1.181
2 1.30775
3 1.1931
4 1.00908
5 0.516537
6 0.170976
7 0.389282



# Sketch: 15
0 1.17527
1 0.867982
2 0.698573
3 0.818891
4 0.766628
5 0.270897
6 0.325887
7 0.25697



# Sketch: 16
0 0.553996
1 0.51806
2 0.500133
3 0.572859
4 0.498445
5 0.443366
6 1.03272
7 0.856622



# Sketch: 17
0 0.474524
1 0.455501
2 0.551686
3 0.55321
4 0.348829
5 0.432742
6 0.474165
7 0.386631



# Sketch: 18
0 0.624711
1 0.639591
2 0.465771
3 0.228839
4 0.392317
5 0.674551
6 0.369498
7 0.392147



# Sketch: 19
0 1.19651
1 1.38541
2 1.13037
3 1.2789
4 1.3715
5 1.12842
6 0.590424
7 0.461178



# Sketch: 20
0 0.400925
1 0.274913
2 0.476466
3 0.598602
4 0.433741
5 0.572134
6 0.818628
7 1.09046



# Sketch: 21
0 0.938268
1 0.785842
2 0.756559
3 0.65738
4 0.574602
5 0.553205
6 0.547944
7 0.400091



# Sketch: 22
0 1.60623
1 1.30802
2 1.10246
3 0.907737
4 0.739994
5 0.46209
6 0.285912
7 0.508881



# Sketch: 23
0 0.809082
1 0.626601
2 0.797737
3 0.753997
4 1.15975
5 1.51124
6 1.82731
7 0.945279



# Sketch: 24
0 0.254868
1 0.274662
2 0.268319
3 0.257899
4 0.258208
5 0.430483
6 0.549127
7 3.5227



# Sketch: 25
0 2.3695
1 2.55585
2 2.27806
3 1.72962
4 0.758789
5 0.868379
6 1.22972
7 0.104503



# Sketch: 26
0 0.605134
1 0.581642
2 0.443117
3 0.581553
4 0.553291
5 0.463227
6 0.543618
7 0.647061



# Sketch: 27
0 0.853202
1 0.771161
2 0.706696
3 0.744543
4 0.628106
5 0.634258
6 0.654854
7 0.635586



# Sketch: 28
0 0.788098
1 0.743609
2 0.727145
3 0.700151
4 0.79526
5 0.682015
6 0.635873
7 0.450009



# Sketch: 29
0 0.624712
1 1.08267
2 1.27685
3 2.12007
4 2.03784
5 2.35146
6 1.39424
7 0.307715



# Sketch: 30
0 0.707834
1 0.666872
2 0.615193
3 0.573553
4 0.476609
5 0.563139
6 0.614873
7 0.627073



# Sketch: 31
0 0.464865
1 0.479374
2 0.423208
3 0.411634
4 0.908002
5 0.419617
6 0.443406
7 0.864072

