

# Sketch: 0
1704640314 29
1704640378 23
1704640442 53
1704640506 35
1704640570 55
1704640634 117
1704640698 37
1704640762 66
1704640826 51
1704640890 15



# Sketch: 1
1704640314 25
1704640378 18
1704640442 44
1704640506 30
1704640570 34
1704640634 36
1704640698 35
1704640762 32
1704640826 46
1704640890 28



# Sketch: 2
1704640314 22
1704640378 44
1704640442 22
1704640506 49
1704640570 111
1704640634 34
1704640698 35
1704640762 66
1704640826 59
1704640890 22



# Sketch: 3
1704640314 23
1704640378 31
1704640442 38
1704640506 24
1704640570 22
1704640634 31
1704640698 30
1704640762 72
1704640826 46
1704640890 24



# Sketch: 4
1704640314 13
1704640378 8
1704640442 32
1704640506 27
1704640570 15
1704640634 26
1704640698 37
1704640762 45
1704640826 49
1704640890 23



# Sketch: 5
1704640314 25
1704640378 39
1704640442 27
1704640506 43
1704640570 27
1704640634 46
1704640698 44
1704640762 52
1704640826 38
1704640890 23



# Sketch: 6
1704640314 52
1704640378 52
1704640442 43
1704640506 31
1704640570 40
1704640634 32
1704640698 39
1704640762 68
1704640826 51
1704640890 29



# Sketch: 7
1704640314 21
1704640378 18
1704640442 22
1704640506 39
1704640570 13
1704640634 15
1704640698 34
1704640762 43
1704640826 73
1704640890 16



# Sketch: 8
1704640314 30
1704640378 14
1704640442 32
1704640506 20
1704640570 28
1704640634 26
1704640698 37
1704640762 68
1704640826 44
1704640890 19



# Sketch: 9
1704640314 29
1704640378 23
1704640442 58
1704640506 71
1704640570 24
1704640634 31
1704640698 34
1704640762 49
1704640826 41
1704640890 23



# Sketch: 10
1704640314 38
1704640378 26
1704640442 12
1704640506 17
1704640570 15
1704640634 22
1704640698 24
1704640762 60
1704640826 43
1704640890 28



# Sketch: 11
1704640314 33
1704640378 22
1704640442 20
1704640506 10
1704640570 18
1704640634 29
1704640698 47
1704640762 72
1704640826 21
1704640890 18



# Sketch: 12
1704640314 21
1704640378 47
1704640442 41
1704640506 47
1704640570 73
1704640634 48
1704640698 63
1704640762 61
1704640826 44
1704640890 23



# Sketch: 13
1704640314 28
1704640378 33
1704640442 39
1704640506 68
1704640570 58
1704640634 45
1704640698 54
1704640762 89
1704640826 69
1704640890 22



# Sketch: 14
1704640314 24
1704640378 21
1704640442 29
1704640506 23
1704640570 32
1704640634 46
1704640698 36
1704640762 47
1704640826 43
1704640890 22



# Sketch: 15
1704640314 11
1704640378 20
1704640442 40
1704640506 24
1704640570 31
1704640634 53
1704640698 45
1704640762 32
1704640826 51
1704640890 28



# Sketch: 16
1704640314 31
1704640378 31
1704640442 26
1704640506 48
1704640570 22
1704640634 53
1704640698 36
1704640762 52
1704640826 53
1704640890 42



# Sketch: 17
1704640314 37
1704640378 56
1704640442 22
1704640506 45
1704640570 18
1704640634 36
1704640698 35
1704640762 38
1704640826 56
1704640890 14



# Sketch: 18
1704640314 29
1704640378 25
1704640442 43
1704640506 21
1704640570 30
1704640634 35
1704640698 48
1704640762 51
1704640826 39
1704640890 8



# Sketch: 19
1704640314 19
1704640378 20
1704640442 45
1704640506 40
1704640570 17
1704640634 48
1704640698 36
1704640762 47
1704640826 24
1704640890 22



# Sketch: 20
1704640314 11
1704640378 25
1704640442 40
1704640506 21
1704640570 31
1704640634 32
1704640698 42
1704640762 45
1704640826 54
1704640890 15



# Sketch: 21
1704640314 17
1704640378 30
1704640442 24
1704640506 16
1704640570 26
1704640634 35
1704640698 25
1704640762 43
1704640826 41
1704640890 27



# Sketch: 22
1704640314 29
1704640378 41
1704640442 32
1704640506 29
1704640570 27
1704640634 38
1704640698 29
1704640762 27
1704640826 52
1704640890 21



# Sketch: 23
1704640314 38
1704640378 29
1704640442 47
1704640506 39
1704640570 17
1704640634 43
1704640698 42
1704640762 57
1704640826 54
1704640890 19



# Sketch: 24
1704640314 17
1704640378 20
1704640442 23
1704640506 23
1704640570 27
1704640634 31
1704640698 34
1704640762 43
1704640826 48
1704640890 14



# Sketch: 25
1704640314 36
1704640378 25
1704640442 42
1704640506 24
1704640570 21
1704640634 41
1704640698 29
1704640762 44
1704640826 46
1704640890 25



# Sketch: 26
1704640314 24
1704640378 30
1704640442 21
1704640506 19
1704640570 31
1704640634 26
1704640698 20
1704640762 36
1704640826 39
1704640890 19



# Sketch: 27
1704640314 30
1704640378 43
1704640442 36
1704640506 19
1704640570 35
1704640634 43
1704640698 20
1704640762 48
1704640826 41
1704640890 14



# Sketch: 28
1704640314 33
1704640378 21
1704640442 38
1704640506 40
1704640570 35
1704640634 24
1704640698 33
1704640762 40
1704640826 51
1704640890 25



# Sketch: 29
1704640314 43
1704640378 54
1704640442 30
1704640506 23
1704640570 22
1704640634 21
1704640698 26
1704640762 36
1704640826 40
1704640890 25



# Sketch: 30
1704640314 22
1704640378 29
1704640442 22
1704640506 21
1704640570 14
1704640634 31
1704640698 38
1704640762 45
1704640826 29
1704640890 32



# Sketch: 31
1704640314 17
1704640378 14
1704640442 28
1704640506 12
1704640570 21
1704640634 28
1704640698 35
1704640762 46
1704640826 49
1704640890 19

