

# Sketch: 0
1704640314 15
1704640378 61
1704640442 24
1704640506 65
1704640570 141
1704640634 51
1704640698 67
1704640762 51
1704640826 80
1704640890 34



# Sketch: 1
1704640314 28
1704640378 19
1704640442 13
1704640506 21
1704640570 22
1704640634 27
1704640698 48
1704640762 27
1704640826 42
1704640890 28



# Sketch: 2
1704640314 14
1704640378 37
1704640442 43
1704640506 27
1704640570 26
1704640634 40
1704640698 34
1704640762 88
1704640826 58
1704640890 18



# Sketch: 3
1704640314 40
1704640378 29
1704640442 43
1704640506 40
1704640570 27
1704640634 35
1704640698 48
1704640762 77
1704640826 68
1704640890 29



# Sketch: 4
1704640314 25
1704640378 38
1704640442 47
1704640506 26
1704640570 21
1704640634 26
1704640698 50
1704640762 43
1704640826 58
1704640890 22



# Sketch: 5
1704640314 28
1704640378 30
1704640442 13
1704640506 33
1704640570 18
1704640634 58
1704640698 34
1704640762 46
1704640826 37
1704640890 14



# Sketch: 6
1704640314 31
1704640378 19
1704640442 62
1704640506 33
1704640570 28
1704640634 40
1704640698 31
1704640762 48
1704640826 39
1704640890 14



# Sketch: 7
1704640314 28
1704640378 32
1704640442 31
1704640506 27
1704640570 55
1704640634 83
1704640698 29
1704640762 54
1704640826 43
1704640890 12



# Sketch: 8
1704640314 46
1704640378 17
1704640442 20
1704640506 27
1704640570 19
1704640634 35
1704640698 24
1704640762 40
1704640826 30
1704640890 20



# Sketch: 9
1704640314 24
1704640378 24
1704640442 23
1704640506 37
1704640570 25
1704640634 21
1704640698 27
1704640762 61
1704640826 31
1704640890 13



# Sketch: 10
1704640314 26
1704640378 16
1704640442 44
1704640506 23
1704640570 21
1704640634 53
1704640698 23
1704640762 50
1704640826 44
1704640890 14



# Sketch: 11
1704640314 25
1704640378 50
1704640442 34
1704640506 27
1704640570 26
1704640634 79
1704640698 48
1704640762 64
1704640826 57
1704640890 14



# Sketch: 12
1704640314 45
1704640378 29
1704640442 29
1704640506 17
1704640570 12
1704640634 25
1704640698 31
1704640762 58
1704640826 31
1704640890 16



# Sketch: 13
1704640314 15
1704640378 22
1704640442 28
1704640506 31
1704640570 20
1704640634 30
1704640698 16
1704640762 31
1704640826 27
1704640890 14



# Sketch: 14
1704640314 35
1704640378 30
1704640442 16
1704640506 30
1704640570 41
1704640634 35
1704640698 39
1704640762 38
1704640826 44
1704640890 21



# Sketch: 15
1704640314 20
1704640378 19
1704640442 36
1704640506 23
1704640570 25
1704640634 46
1704640698 47
1704640762 38
1704640826 49
1704640890 10



# Sketch: 16
1704640314 15
1704640378 19
1704640442 27
1704640506 26
1704640570 19
1704640634 26
1704640698 34
1704640762 33
1704640826 55
1704640890 28



# Sketch: 17
1704640314 18
1704640378 26
1704640442 26
1704640506 29
1704640570 29
1704640634 29
1704640698 44
1704640762 39
1704640826 40
1704640890 25



# Sketch: 18
1704640314 14
1704640378 15
1704640442 12
1704640506 22
1704640570 18
1704640634 46
1704640698 38
1704640762 42
1704640826 35
1704640890 13



# Sketch: 19
1704640314 18
1704640378 27
1704640442 41
1704640506 29
1704640570 22
1704640634 28
1704640698 26
1704640762 52
1704640826 42
1704640890 16



# Sketch: 20
1704640314 24
1704640378 9
1704640442 29
1704640506 27
1704640570 39
1704640634 48
1704640698 38
1704640762 49
1704640826 43
1704640890 21



# Sketch: 21
1704640314 34
1704640378 23
1704640442 43
1704640506 17
1704640570 26
1704640634 19
1704640698 38
1704640762 28
1704640826 52
1704640890 42



# Sketch: 22
1704640314 26
1704640378 36
1704640442 41
1704640506 63
1704640570 17
1704640634 49
1704640698 33
1704640762 38
1704640826 50
1704640890 22



# Sketch: 23
1704640314 28
1704640378 20
1704640442 39
1704640506 49
1704640570 23
1704640634 29
1704640698 29
1704640762 53
1704640826 36
1704640890 35



# Sketch: 24
1704640314 26
1704640378 61
1704640442 30
1704640506 36
1704640570 72
1704640634 50
1704640698 41
1704640762 66
1704640826 45
1704640890 32



# Sketch: 25
1704640314 17
1704640378 14
1704640442 32
1704640506 38
1704640570 27
1704640634 17
1704640698 34
1704640762 38
1704640826 40
1704640890 32



# Sketch: 26
1704640314 26
1704640378 18
1704640442 23
1704640506 36
1704640570 14
1704640634 32
1704640698 25
1704640762 69
1704640826 63
1704640890 14



# Sketch: 27
1704640314 48
1704640378 95
1704640442 78
1704640506 19
1704640570 43
1704640634 32
1704640698 52
1704640762 57
1704640826 35
1704640890 24



# Sketch: 28
1704640314 37
1704640378 25
1704640442 40
1704640506 29
1704640570 31
1704640634 19
1704640698 27
1704640762 70
1704640826 49
1704640890 19



# Sketch: 29
1704640314 28
1704640378 16
1704640442 37
1704640506 26
1704640570 45
1704640634 31
1704640698 40
1704640762 69
1704640826 56
1704640890 25



# Sketch: 30
1704640314 37
1704640378 30
1704640442 40
1704640506 31
1704640570 22
1704640634 42
1704640698 36
1704640762 52
1704640826 41
1704640890 34



# Sketch: 31
1704640314 16
1704640378 26
1704640442 27
1704640506 34
1704640570 16
1704640634 21
1704640698 28
1704640762 51
1704640826 65
1704640890 29

