

# Sketch: 0
1704640914 85
1704641042 117
1704641170 81
1704641298 30
1704641426 27



# Sketch: 1
1704640914 89
1704641042 63
1704641170 73
1704641298 37
1704641426 36



# Sketch: 2
1704640914 78
1704641042 75
1704641170 64
1704641298 60
1704641426 39



# Sketch: 3
1704640914 55
1704641042 73
1704641170 67
1704641298 66
1704641426 26



# Sketch: 4
1704640914 82
1704641042 77
1704641170 61
1704641298 66
1704641426 32



# Sketch: 5
1704640914 75
1704641042 69
1704641170 49
1704641298 50
1704641426 36



# Sketch: 6
1704640914 78
1704641042 59
1704641170 70
1704641298 53
1704641426 67



# Sketch: 7
1704640914 150
1704641042 264
1704641170 69
1704641298 66
1704641426 49



# Sketch: 8
1704640914 80
1704641042 79
1704641170 51
1704641298 74
1704641426 26



# Sketch: 9
1704640914 80
1704641042 78
1704641170 86
1704641298 44
1704641426 36



# Sketch: 10
1704640914 67
1704641042 70
1704641170 74
1704641298 60
1704641426 36



# Sketch: 11
1704640914 75
1704641042 76
1704641170 43
1704641298 71
1704641426 27



# Sketch: 12
1704640914 70
1704641042 68
1704641170 78
1704641298 45
1704641426 32



# Sketch: 13
1704640914 89
1704641042 83
1704641170 63
1704641298 68
1704641426 55



# Sketch: 14
1704640914 53
1704641042 90
1704641170 55
1704641298 46
1704641426 49



# Sketch: 15
1704640914 113
1704641042 99
1704641170 121
1704641298 76
1704641426 45



# Sketch: 16
1704640914 71
1704641042 69
1704641170 69
1704641298 41
1704641426 60



# Sketch: 17
1704640914 107
1704641042 72
1704641170 78
1704641298 51
1704641426 30



# Sketch: 18
1704640914 65
1704641042 66
1704641170 63
1704641298 58
1704641426 31



# Sketch: 19
1704640914 101
1704641042 73
1704641170 48
1704641298 76
1704641426 58



# Sketch: 20
1704640914 82
1704641042 76
1704641170 72
1704641298 88
1704641426 26



# Sketch: 21
1704640914 115
1704641042 87
1704641170 58
1704641298 45
1704641426 27



# Sketch: 22
1704640914 77
1704641042 113
1704641170 50
1704641298 66
1704641426 44



# Sketch: 23
1704640914 46
1704641042 67
1704641170 42
1704641298 50
1704641426 14



# Sketch: 24
1704640914 95
1704641042 82
1704641170 68
1704641298 67
1704641426 53



# Sketch: 25
1704640914 58
1704641042 72
1704641170 44
1704641298 52
1704641426 24



# Sketch: 26
1704640914 76
1704641042 93
1704641170 93
1704641298 61
1704641426 41



# Sketch: 27
1704640914 97
1704641042 122
1704641170 101
1704641298 91
1704641426 70



# Sketch: 28
1704640914 65
1704641042 68
1704641170 72
1704641298 65
1704641426 52



# Sketch: 29
1704640914 85
1704641042 72
1704641170 57
1704641298 43
1704641426 118



# Sketch: 30
1704640914 84
1704641042 80
1704641170 61
1704641298 50
1704641426 27



# Sketch: 31
1704640914 92
1704641042 68
1704641170 48
1704641298 58
1704641426 19

