

# Sketch: 0
1704640914 55
1704640978 37
1704641042 54
1704641106 34
1704641170 21
1704641234 25
1704641298 41
1704641362 30
1704641426 50
1704641490 32



# Sketch: 1
1704640914 59
1704640978 45
1704641042 33
1704641106 36
1704641170 30
1704641234 26
1704641298 29
1704641362 24
1704641426 60
1704641490 3



# Sketch: 2
1704640914 44
1704640978 40
1704641042 27
1704641106 55
1704641170 33
1704641234 57
1704641298 31
1704641362 36
1704641426 22
1704641490 8



# Sketch: 3
1704640914 44
1704640978 51
1704641042 38
1704641106 42
1704641170 26
1704641234 35
1704641298 17
1704641362 27
1704641426 25
1704641490 7



# Sketch: 4
1704640914 44
1704640978 52
1704641042 37
1704641106 47
1704641170 29
1704641234 17
1704641298 23
1704641362 23
1704641426 18
1704641490 4



# Sketch: 5
1704640914 27
1704640978 25
1704641042 27
1704641106 51
1704641170 26
1704641234 24
1704641298 24
1704641362 23
1704641426 24
1704641490 8



# Sketch: 6
1704640914 21
1704640978 25
1704641042 21
1704641106 33
1704641170 27
1704641234 23
1704641298 23
1704641362 16
1704641426 53
1704641490 23



# Sketch: 7
1704640914 28
1704640978 37
1704641042 21
1704641106 53
1704641170 29
1704641234 43
1704641298 21
1704641362 22
1704641426 36
1704641490 6



# Sketch: 8
1704640914 32
1704640978 38
1704641042 21
1704641106 34
1704641170 20
1704641234 21
1704641298 15
1704641362 9
1704641426 16
1704641490 10



# Sketch: 9
1704640914 25
1704640978 53
1704641042 23
1704641106 30
1704641170 31
1704641234 21
1704641298 23
1704641362 27
1704641426 25
1704641490 6



# Sketch: 10
1704640914 40
1704640978 39
1704641042 41
1704641106 30
1704641170 14
1704641234 28
1704641298 22
1704641362 20
1704641426 22
1704641490 5



# Sketch: 11
1704640914 73
1704640978 56
1704641042 39
1704641106 39
1704641170 31
1704641234 55
1704641298 45
1704641362 26
1704641426 28
1704641490 6



# Sketch: 12
1704640914 47
1704640978 29
1704641042 43
1704641106 38
1704641170 35
1704641234 46
1704641298 22
1704641362 23
1704641426 15
1704641490 8



# Sketch: 13
1704640914 61
1704640978 43
1704641042 42
1704641106 27
1704641170 17
1704641234 10
1704641298 19
1704641362 18
1704641426 35
1704641490 8



# Sketch: 14
1704640914 43
1704640978 107
1704641042 220
1704641106 48
1704641170 52
1704641234 39
1704641298 50
1704641362 47
1704641426 32
1704641490 16



# Sketch: 15
1704640914 32
1704640978 50
1704641042 34
1704641106 32
1704641170 41
1704641234 31
1704641298 29
1704641362 36
1704641426 23
1704641490 6



# Sketch: 16
1704640914 53
1704640978 34
1704641042 35
1704641106 43
1704641170 33
1704641234 15
1704641298 14
1704641362 26
1704641426 33
1704641490 34



# Sketch: 17
1704640914 45
1704640978 40
1704641042 37
1704641106 34
1704641170 32
1704641234 31
1704641298 37
1704641362 17
1704641426 47
1704641490 6



# Sketch: 18
1704640914 41
1704640978 39
1704641042 65
1704641106 41
1704641170 41
1704641234 58
1704641298 55
1704641362 31
1704641426 43
1704641490 15



# Sketch: 19
1704640914 36
1704640978 50
1704641042 50
1704641106 71
1704641170 54
1704641234 38
1704641298 58
1704641362 51
1704641426 44
1704641490 21



# Sketch: 20
1704640914 31
1704640978 45
1704641042 22
1704641106 76
1704641170 65
1704641234 33
1704641298 21
1704641362 23
1704641426 36
1704641490 9



# Sketch: 21
1704640914 41
1704640978 31
1704641042 42
1704641106 51
1704641170 34
1704641234 54
1704641298 33
1704641362 38
1704641426 37
1704641490 11



# Sketch: 22
1704640914 39
1704640978 26
1704641042 22
1704641106 43
1704641170 23
1704641234 35
1704641298 27
1704641362 20
1704641426 19
1704641490 9



# Sketch: 23
1704640914 50
1704640978 43
1704641042 40
1704641106 49
1704641170 24
1704641234 25
1704641298 32
1704641362 30
1704641426 18
1704641490 4



# Sketch: 24
1704640914 55
1704640978 36
1704641042 37
1704641106 22
1704641170 28
1704641234 42
1704641298 24
1704641362 46
1704641426 52
1704641490 10



# Sketch: 25
1704640914 32
1704640978 39
1704641042 61
1704641106 33
1704641170 32
1704641234 36
1704641298 43
1704641362 32
1704641426 22
1704641490 10



# Sketch: 26
1704640914 39
1704640978 40
1704641042 39
1704641106 33
1704641170 52
1704641234 18
1704641298 50
1704641362 32
1704641426 18
1704641490 13



# Sketch: 27
1704640914 37
1704640978 52
1704641042 36
1704641106 46
1704641170 44
1704641234 41
1704641298 26
1704641362 29
1704641426 23
1704641490 8



# Sketch: 28
1704640914 34
1704640978 24
1704641042 41
1704641106 56
1704641170 31
1704641234 36
1704641298 22
1704641362 27
1704641426 9
1704641490 8



# Sketch: 29
1704640914 54
1704640978 40
1704641042 68
1704641106 30
1704641170 47
1704641234 27
1704641298 40
1704641362 26
1704641426 31
1704641490 5



# Sketch: 30
1704640914 32
1704640978 24
1704641042 27
1704641106 33
1704641170 39
1704641234 26
1704641298 29
1704641362 46
1704641426 19
1704641490 4



# Sketch: 31
1704640914 23
1704640978 28
1704641042 36
1704641106 51
1704641170 30
1704641234 42
1704641298 18
1704641362 30
1704641426 49
1704641490 5

