

# Sketch: 0
1704640914 6
1704640930 17
1704640946 11
1704640962 17
1704640978 8
1704640994 8
1704641010 8
1704641026 10
1704641042 9
1704641058 18
1704641074 6
1704641090 8
1704641106 8
1704641122 26
1704641138 20
1704641154 22
1704641170 25
1704641186 21
1704641202 12
1704641218 5
1704641234 2
1704641250 4
1704641266 6
1704641282 6
1704641298 8
1704641314 4
1704641330 5
1704641346 0
1704641362 4
1704641378 4
1704641394 2
1704641410 3
1704641426 4
1704641442 3
1704641458 2
1704641474 9
1704641490 8
1704641506 1



# Sketch: 1
1704640914 25
1704640930 15
1704640946 6
1704640962 10
1704640978 3
1704640994 14
1704641010 12
1704641026 4
1704641042 13
1704641058 10
1704641074 6
1704641090 8
1704641106 1
1704641122 8
1704641138 13
1704641154 4
1704641170 18
1704641186 9
1704641202 3
1704641218 5
1704641234 26
1704641250 4
1704641266 4
1704641282 4
1704641298 5
1704641314 5
1704641330 3
1704641346 3
1704641362 2
1704641378 3
1704641394 7
1704641410 9
1704641426 11
1704641442 4
1704641458 5
1704641474 10
1704641490 5
1704641506 1



# Sketch: 2
1704640914 13
1704640930 10
1704640946 8
1704640962 5
1704640978 10
1704640994 16
1704641010 12
1704641026 4
1704641042 7
1704641058 6
1704641074 10
1704641090 7
1704641106 8
1704641122 16
1704641138 11
1704641154 10
1704641170 14
1704641186 4
1704641202 3
1704641218 9
1704641234 7
1704641250 2
1704641266 18
1704641282 7
1704641298 11
1704641314 7
1704641330 14
1704641346 2
1704641362 8
1704641378 3
1704641394 12
1704641410 3
1704641426 15
1704641442 6
1704641458 5
1704641474 10
1704641490 3
1704641506 0



# Sketch: 3
1704640914 12
1704640930 4
1704640946 6
1704640962 6
1704640978 0
1704640994 5
1704641010 17
1704641026 5
1704641042 11
1704641058 9
1704641074 2
1704641090 7
1704641106 8
1704641122 7
1704641138 12
1704641154 17
1704641170 9
1704641186 15
1704641202 10
1704641218 6
1704641234 2
1704641250 9
1704641266 10
1704641282 6
1704641298 6
1704641314 23
1704641330 7
1704641346 6
1704641362 5
1704641378 9
1704641394 5
1704641410 5
1704641426 3
1704641442 7
1704641458 2
1704641474 11
1704641490 2
1704641506 1



# Sketch: 4
1704640914 9
1704640930 10
1704640946 12
1704640962 11
1704640978 8
1704640994 23
1704641010 3
1704641026 6
1704641042 7
1704641058 11
1704641074 5
1704641090 17
1704641106 14
1704641122 8
1704641138 8
1704641154 7
1704641170 11
1704641186 7
1704641202 5
1704641218 12
1704641234 5
1704641250 8
1704641266 1
1704641282 12
1704641298 11
1704641314 5
1704641330 7
1704641346 10
1704641362 6
1704641378 7
1704641394 3
1704641410 17
1704641426 12
1704641442 4
1704641458 4
1704641474 6
1704641490 3
1704641506 3



# Sketch: 5
1704640914 13
1704640930 16
1704640946 7
1704640962 5
1704640978 15
1704640994 8
1704641010 4
1704641026 7
1704641042 10
1704641058 7
1704641074 8
1704641090 2
1704641106 11
1704641122 8
1704641138 13
1704641154 10
1704641170 4
1704641186 6
1704641202 4
1704641218 12
1704641234 3
1704641250 3
1704641266 12
1704641282 5
1704641298 6
1704641314 5
1704641330 11
1704641346 4
1704641362 9
1704641378 6
1704641394 5
1704641410 4
1704641426 8
1704641442 15
1704641458 5
1704641474 6
1704641490 2
1704641506 0



# Sketch: 6
1704640914 15
1704640930 17
1704640946 4
1704640962 8
1704640978 8
1704640994 15
1704641010 8
1704641026 3
1704641042 10
1704641058 6
1704641074 5
1704641090 10
1704641106 10
1704641122 1
1704641138 9
1704641154 8
1704641170 10
1704641186 16
1704641202 8
1704641218 9
1704641234 6
1704641250 3
1704641266 13
1704641282 5
1704641298 2
1704641314 11
1704641330 13
1704641346 4
1704641362 3
1704641378 7
1704641394 3
1704641410 10
1704641426 27
1704641442 2
1704641458 14
1704641474 16
1704641490 6
1704641506 2



# Sketch: 7
1704640914 13
1704640930 6
1704640946 6
1704640962 16
1704640978 7
1704640994 16
1704641010 34
1704641026 52
1704641042 60
1704641058 80
1704641074 49
1704641090 22
1704641106 16
1704641122 19
1704641138 13
1704641154 5
1704641170 7
1704641186 12
1704641202 3
1704641218 10
1704641234 5
1704641250 7
1704641266 11
1704641282 14
1704641298 9
1704641314 13
1704641330 10
1704641346 7
1704641362 7
1704641378 9
1704641394 5
1704641410 6
1704641426 9
1704641442 6
1704641458 4
1704641474 17
1704641490 7
1704641506 6



# Sketch: 8
1704640914 17
1704640930 13
1704640946 9
1704640962 9
1704640978 8
1704640994 13
1704641010 6
1704641026 5
1704641042 13
1704641058 4
1704641074 14
1704641090 14
1704641106 9
1704641122 4
1704641138 12
1704641154 9
1704641170 10
1704641186 4
1704641202 3
1704641218 7
1704641234 12
1704641250 3
1704641266 6
1704641282 6
1704641298 8
1704641314 12
1704641330 9
1704641346 12
1704641362 3
1704641378 8
1704641394 10
1704641410 12
1704641426 4
1704641442 2
1704641458 6
1704641474 7
1704641490 4
1704641506 3



# Sketch: 9
1704640914 18
1704640930 5
1704640946 17
1704640962 6
1704640978 6
1704640994 7
1704641010 9
1704641026 12
1704641042 17
1704641058 10
1704641074 8
1704641090 3
1704641106 9
1704641122 15
1704641138 10
1704641154 6
1704641170 18
1704641186 10
1704641202 7
1704641218 7
1704641234 9
1704641250 3
1704641266 23
1704641282 9
1704641298 3
1704641314 4
1704641330 5
1704641346 5
1704641362 6
1704641378 15
1704641394 3
1704641410 3
1704641426 4
1704641442 2
1704641458 4
1704641474 19
1704641490 3
1704641506 4



# Sketch: 10
1704640914 9
1704640930 10
1704640946 10
1704640962 6
1704640978 8
1704640994 6
1704641010 15
1704641026 3
1704641042 9
1704641058 8
1704641074 15
1704641090 6
1704641106 5
1704641122 13
1704641138 5
1704641154 9
1704641170 11
1704641186 12
1704641202 6
1704641218 3
1704641234 19
1704641250 11
1704641266 5
1704641282 7
1704641298 4
1704641314 16
1704641330 10
1704641346 5
1704641362 4
1704641378 7
1704641394 6
1704641410 8
1704641426 9
1704641442 3
1704641458 6
1704641474 6
1704641490 5
1704641506 7



# Sketch: 11
1704640914 5
1704640930 8
1704640946 5
1704640962 12
1704640978 8
1704640994 10
1704641010 13
1704641026 14
1704641042 13
1704641058 7
1704641074 9
1704641090 6
1704641106 5
1704641122 10
1704641138 8
1704641154 18
1704641170 3
1704641186 8
1704641202 5
1704641218 4
1704641234 11
1704641250 4
1704641266 6
1704641282 2
1704641298 7
1704641314 10
1704641330 16
1704641346 7
1704641362 6
1704641378 4
1704641394 8
1704641410 13
1704641426 7
1704641442 3
1704641458 4
1704641474 6
1704641490 3
1704641506 4



# Sketch: 12
1704640914 9
1704640930 7
1704640946 6
1704640962 12
1704640978 6
1704640994 6
1704641010 8
1704641026 16
1704641042 20
1704641058 8
1704641074 3
1704641090 8
1704641106 5
1704641122 9
1704641138 6
1704641154 9
1704641170 16
1704641186 5
1704641202 2
1704641218 3
1704641234 8
1704641250 14
1704641266 22
1704641282 8
1704641298 9
1704641314 5
1704641330 3
1704641346 3
1704641362 3
1704641378 7
1704641394 5
1704641410 10
1704641426 9
1704641442 11
1704641458 1
1704641474 5
1704641490 5
1704641506 1



# Sketch: 13
1704640914 8
1704640930 13
1704640946 14
1704640962 9
1704640978 6
1704640994 18
1704641010 18
1704641026 3
1704641042 12
1704641058 13
1704641074 6
1704641090 5
1704641106 11
1704641122 16
1704641138 10
1704641154 10
1704641170 15
1704641186 10
1704641202 10
1704641218 2
1704641234 8
1704641250 3
1704641266 6
1704641282 9
1704641298 17
1704641314 6
1704641330 11
1704641346 6
1704641362 7
1704641378 6
1704641394 6
1704641410 9
1704641426 19
1704641442 8
1704641458 5
1704641474 7
1704641490 12
1704641506 4



# Sketch: 14
1704640914 6
1704640930 12
1704640946 5
1704640962 13
1704640978 5
1704640994 2
1704641010 4
1704641026 6
1704641042 16
1704641058 7
1704641074 13
1704641090 6
1704641106 18
1704641122 3
1704641138 14
1704641154 13
1704641170 16
1704641186 3
1704641202 4
1704641218 10
1704641234 5
1704641250 8
1704641266 1
1704641282 8
1704641298 9
1704641314 8
1704641330 10
1704641346 2
1704641362 2
1704641378 3
1704641394 5
1704641410 7
1704641426 8
1704641442 4
1704641458 5
1704641474 5
1704641490 24
1704641506 3



# Sketch: 15
1704640914 27
1704640930 10
1704640946 9
1704640962 4
1704640978 27
1704640994 19
1704641010 14
1704641026 3
1704641042 12
1704641058 13
1704641074 10
1704641090 6
1704641106 16
1704641122 15
1704641138 15
1704641154 12
1704641170 11
1704641186 19
1704641202 8
1704641218 35
1704641234 11
1704641250 14
1704641266 8
1704641282 15
1704641298 11
1704641314 4
1704641330 5
1704641346 4
1704641362 13
1704641378 9
1704641394 8
1704641410 22
1704641426 2
1704641442 4
1704641458 16
1704641474 14
1704641490 7
1704641506 2



# Sketch: 16
1704640914 11
1704640930 13
1704640946 8
1704640962 7
1704640978 1
1704640994 15
1704641010 11
1704641026 5
1704641042 2
1704641058 4
1704641074 3
1704641090 7
1704641106 6
1704641122 18
1704641138 18
1704641154 11
1704641170 10
1704641186 8
1704641202 19
1704641218 7
1704641234 2
1704641250 6
1704641266 14
1704641282 3
1704641298 6
1704641314 10
1704641330 2
1704641346 4
1704641362 5
1704641378 5
1704641394 4
1704641410 5
1704641426 10
1704641442 4
1704641458 3
1704641474 20
1704641490 15
1704641506 8



# Sketch: 17
1704640914 21
1704640930 15
1704640946 14
1704640962 19
1704640978 8
1704640994 9
1704641010 13
1704641026 8
1704641042 5
1704641058 10
1704641074 21
1704641090 8
1704641106 4
1704641122 4
1704641138 16
1704641154 4
1704641170 4
1704641186 6
1704641202 6
1704641218 20
1704641234 10
1704641250 6
1704641266 14
1704641282 12
1704641298 5
1704641314 5
1704641330 12
1704641346 5
1704641362 5
1704641378 2
1704641394 10
1704641410 7
1704641426 8
1704641442 4
1704641458 4
1704641474 5
1704641490 9
1704641506 0



# Sketch: 18
1704640914 11
1704640930 5
1704640946 7
1704640962 7
1704640978 6
1704640994 7
1704641010 8
1704641026 14
1704641042 8
1704641058 5
1704641074 5
1704641090 7
1704641106 8
1704641122 8
1704641138 13
1704641154 12
1704641170 7
1704641186 6
1704641202 3
1704641218 8
1704641234 14
1704641250 9
1704641266 9
1704641282 7
1704641298 3
1704641314 11
1704641330 18
1704641346 2
1704641362 8
1704641378 3
1704641394 7
1704641410 6
1704641426 7
1704641442 3
1704641458 3
1704641474 14
1704641490 2
1704641506 2



# Sketch: 19
1704640914 18
1704640930 7
1704640946 14
1704640962 24
1704640978 8
1704640994 12
1704641010 13
1704641026 5
1704641042 13
1704641058 17
1704641074 3
1704641090 17
1704641106 2
1704641122 5
1704641138 9
1704641154 7
1704641170 12
1704641186 7
1704641202 1
1704641218 9
1704641234 5
1704641250 0
1704641266 3
1704641282 11
1704641298 8
1704641314 10
1704641330 15
1704641346 10
1704641362 9
1704641378 10
1704641394 4
1704641410 10
1704641426 12
1704641442 9
1704641458 22
1704641474 5
1704641490 8
1704641506 2



# Sketch: 20
1704640914 8
1704640930 19
1704640946 9
1704640962 5
1704640978 14
1704640994 6
1704641010 14
1704641026 7
1704641042 8
1704641058 14
1704641074 10
1704641090 18
1704641106 2
1704641122 10
1704641138 9
1704641154 5
1704641170 6
1704641186 14
1704641202 7
1704641218 4
1704641234 11
1704641250 5
1704641266 21
1704641282 4
1704641298 6
1704641314 8
1704641330 7
1704641346 3
1704641362 4
1704641378 10
1704641394 12
1704641410 38
1704641426 8
1704641442 4
1704641458 1
1704641474 7
1704641490 4
1704641506 2



# Sketch: 21
1704640914 14
1704640930 20
1704640946 15
1704640962 34
1704640978 14
1704640994 6
1704641010 5
1704641026 7
1704641042 9
1704641058 12
1704641074 3
1704641090 23
1704641106 4
1704641122 8
1704641138 14
1704641154 14
1704641170 8
1704641186 4
1704641202 1
1704641218 10
1704641234 5
1704641250 4
1704641266 5
1704641282 21
1704641298 8
1704641314 9
1704641330 4
1704641346 5
1704641362 5
1704641378 4
1704641394 6
1704641410 4
1704641426 5
1704641442 13
1704641458 2
1704641474 3
1704641490 2
1704641506 2



# Sketch: 22
1704640914 9
1704640930 9
1704640946 2
1704640962 9
1704640978 10
1704640994 11
1704641010 9
1704641026 18
1704641042 22
1704641058 7
1704641074 11
1704641090 10
1704641106 13
1704641122 19
1704641138 13
1704641154 18
1704641170 5
1704641186 3
1704641202 2
1704641218 12
1704641234 6
1704641250 8
1704641266 7
1704641282 7
1704641298 0
1704641314 5
1704641330 6
1704641346 16
1704641362 13
1704641378 15
1704641394 7
1704641410 4
1704641426 7
1704641442 5
1704641458 12
1704641474 7
1704641490 10
1704641506 3



# Sketch: 23
1704640914 3
1704640930 3
1704640946 5
1704640962 3
1704640978 11
1704640994 7
1704641010 13
1704641026 1
1704641042 7
1704641058 2
1704641074 6
1704641090 6
1704641106 11
1704641122 14
1704641138 7
1704641154 14
1704641170 10
1704641186 3
1704641202 5
1704641218 2
1704641234 3
1704641250 4
1704641266 8
1704641282 7
1704641298 3
1704641314 7
1704641330 2
1704641346 9
1704641362 2
1704641378 9
1704641394 6
1704641410 12
1704641426 1
1704641442 1
1704641458 2
1704641474 4
1704641490 4
1704641506 2



# Sketch: 24
1704640914 13
1704640930 13
1704640946 15
1704640962 6
1704640978 8
1704640994 16
1704641010 16
1704641026 8
1704641042 6
1704641058 13
1704641074 13
1704641090 12
1704641106 6
1704641122 9
1704641138 12
1704641154 11
1704641170 13
1704641186 7
1704641202 17
1704641218 8
1704641234 5
1704641250 3
1704641266 7
1704641282 8
1704641298 11
1704641314 9
1704641330 12
1704641346 9
1704641362 4
1704641378 1
1704641394 9
1704641410 12
1704641426 5
1704641442 12
1704641458 13
1704641474 18
1704641490 5
1704641506 0



# Sketch: 25
1704640914 12
1704640930 2
1704640946 2
1704640962 3
1704640978 9
1704640994 6
1704641010 17
1704641026 7
1704641042 10
1704641058 2
1704641074 9
1704641090 4
1704641106 8
1704641122 13
1704641138 11
1704641154 15
1704641170 6
1704641186 3
1704641202 2
1704641218 6
1704641234 6
1704641250 11
1704641266 2
1704641282 8
1704641298 6
1704641314 8
1704641330 14
1704641346 0
1704641362 11
1704641378 3
1704641394 2
1704641410 8
1704641426 3
1704641442 2
1704641458 11
1704641474 4
1704641490 1
1704641506 3



# Sketch: 26
1704640914 15
1704640930 14
1704640946 7
1704640962 10
1704640978 5
1704640994 8
1704641010 10
1704641026 7
1704641042 14
1704641058 11
1704641074 7
1704641090 12
1704641106 18
1704641122 7
1704641138 14
1704641154 10
1704641170 12
1704641186 7
1704641202 5
1704641218 19
1704641234 7
1704641250 8
1704641266 11
1704641282 24
1704641298 18
1704641314 5
1704641330 5
1704641346 7
1704641362 8
1704641378 2
1704641394 7
1704641410 9
1704641426 5
1704641442 0
1704641458 9
1704641474 9
1704641490 9
1704641506 9



# Sketch: 27
1704640914 8
1704640930 6
1704640946 7
1704640962 9
1704640978 25
1704640994 20
1704641010 13
1704641026 9
1704641042 13
1704641058 8
1704641074 26
1704641090 14
1704641106 11
1704641122 17
1704641138 27
1704641154 6
1704641170 14
1704641186 4
1704641202 9
1704641218 15
1704641234 16
1704641250 11
1704641266 21
1704641282 11
1704641298 2
1704641314 21
1704641330 6
1704641346 12
1704641362 16
1704641378 9
1704641394 21
1704641410 4
1704641426 16
1704641442 6
1704641458 21
1704641474 13
1704641490 12
1704641506 2



# Sketch: 28
1704640914 12
1704640930 3
1704640946 6
1704640962 5
1704640978 12
1704640994 10
1704641010 9
1704641026 8
1704641042 9
1704641058 15
1704641074 11
1704641090 5
1704641106 3
1704641122 9
1704641138 6
1704641154 10
1704641170 8
1704641186 3
1704641202 8
1704641218 7
1704641234 9
1704641250 6
1704641266 24
1704641282 7
1704641298 7
1704641314 11
1704641330 7
1704641346 7
1704641362 8
1704641378 5
1704641394 16
1704641410 4
1704641426 2
1704641442 17
1704641458 14
1704641474 5
1704641490 4
1704641506 10



# Sketch: 29
1704640914 9
1704640930 3
1704640946 7
1704640962 15
1704640978 6
1704640994 21
1704641010 16
1704641026 8
1704641042 8
1704641058 8
1704641074 9
1704641090 10
1704641106 8
1704641122 9
1704641138 11
1704641154 9
1704641170 8
1704641186 9
1704641202 5
1704641218 4
1704641234 7
1704641250 13
1704641266 3
1704641282 8
1704641298 6
1704641314 6
1704641330 7
1704641346 4
1704641362 5
1704641378 7
1704641394 5
1704641410 3
1704641426 4
1704641442 9
1704641458 6
1704641474 53
1704641490 35
1704641506 11



# Sketch: 30
1704640914 17
1704640930 5
1704640946 11
1704640962 8
1704640978 2
1704640994 8
1704641010 15
1704641026 18
1704641042 7
1704641058 6
1704641074 10
1704641090 9
1704641106 11
1704641122 9
1704641138 23
1704641154 5
1704641170 10
1704641186 6
1704641202 8
1704641218 4
1704641234 9
1704641250 5
1704641266 10
1704641282 9
1704641298 6
1704641314 5
1704641330 8
1704641346 3
1704641362 7
1704641378 6
1704641394 7
1704641410 8
1704641426 3
1704641442 2
1704641458 9
1704641474 5
1704641490 7
1704641506 1



# Sketch: 31
1704640914 17
1704640930 8
1704640946 9
1704640962 10
1704640978 14
1704640994 6
1704641010 19
1704641026 9
1704641042 17
1704641058 10
1704641074 4
1704641090 4
1704641106 11
1704641122 7
1704641138 7
1704641154 8
1704641170 5
1704641186 3
1704641202 12
1704641218 4
1704641234 7
1704641250 6
1704641266 3
1704641282 8
1704641298 5
1704641314 15
1704641330 9
1704641346 5
1704641362 10
1704641378 9
1704641394 0
1704641410 5
1704641426 3
1704641442 2
1704641458 5
1704641474 6
1704641490 2
1704641506 1

