

# Sketch: 0
1704640914 70
1704641042 107
1704641170 93
1704641298 76
1704641426 38



# Sketch: 1
1704640914 58
1704641042 63
1704641170 73
1704641298 56
1704641426 38



# Sketch: 2
1704640914 126
1704641042 102
1704641170 97
1704641298 73
1704641426 45



# Sketch: 3
1704640914 75
1704641042 58
1704641170 60
1704641298 48
1704641426 28



# Sketch: 4
1704640914 53
1704641042 61
1704641170 50
1704641298 60
1704641426 27



# Sketch: 5
1704640914 101
1704641042 73
1704641170 60
1704641298 44
1704641426 28



# Sketch: 6
1704640914 85
1704641042 65
1704641170 60
1704641298 52
1704641426 38



# Sketch: 7
1704640914 107
1704641042 74
1704641170 53
1704641298 64
1704641426 36



# Sketch: 8
1704640914 70
1704641042 73
1704641170 37
1704641298 45
1704641426 34



# Sketch: 9
1704640914 72
1704641042 118
1704641170 78
1704641298 46
1704641426 41



# Sketch: 10
1704640914 108
1704641042 118
1704641170 98
1704641298 68
1704641426 57



# Sketch: 11
1704640914 84
1704641042 56
1704641170 66
1704641298 67
1704641426 75



# Sketch: 12
1704640914 84
1704641042 55
1704641170 55
1704641298 49
1704641426 64



# Sketch: 13
1704640914 66
1704641042 126
1704641170 76
1704641298 49
1704641426 41



# Sketch: 14
1704640914 73
1704641042 82
1704641170 74
1704641298 66
1704641426 25



# Sketch: 15
1704640914 99
1704641042 76
1704641170 64
1704641298 61
1704641426 70



# Sketch: 16
1704640914 78
1704641042 60
1704641170 54
1704641298 57
1704641426 36



# Sketch: 17
1704640914 72
1704641042 73
1704641170 55
1704641298 32
1704641426 33



# Sketch: 18
1704640914 61
1704641042 67
1704641170 83
1704641298 50
1704641426 30



# Sketch: 19
1704640914 83
1704641042 48
1704641170 62
1704641298 49
1704641426 52



# Sketch: 20
1704640914 67
1704641042 84
1704641170 35
1704641298 42
1704641426 38



# Sketch: 21
1704640914 48
1704641042 78
1704641170 92
1704641298 52
1704641426 51



# Sketch: 22
1704640914 81
1704641042 78
1704641170 67
1704641298 51
1704641426 30



# Sketch: 23
1704640914 68
1704641042 81
1704641170 57
1704641298 45
1704641426 43



# Sketch: 24
1704640914 171
1704641042 274
1704641170 83
1704641298 76
1704641426 57



# Sketch: 25
1704640914 93
1704641042 101
1704641170 63
1704641298 84
1704641426 30



# Sketch: 26
1704640914 89
1704641042 81
1704641170 77
1704641298 76
1704641426 54



# Sketch: 27
1704640914 95
1704641042 75
1704641170 66
1704641298 62
1704641426 78



# Sketch: 28
1704640914 73
1704641042 56
1704641170 51
1704641298 68
1704641426 21



# Sketch: 29
1704640914 82
1704641042 103
1704641170 45
1704641298 99
1704641426 26



# Sketch: 30
1704640914 84
1704641042 81
1704641170 102
1704641298 67
1704641426 30



# Sketch: 31
1704640914 59
1704641042 73
1704641170 43
1704641298 40
1704641426 18

