

# Sketch: 0
1704640914 38
1704640978 67
1704641042 48
1704641106 67
1704641170 48
1704641234 40
1704641298 23
1704641362 42
1704641426 48
1704641490 15



# Sketch: 1
1704640914 23
1704640978 35
1704641042 29
1704641106 41
1704641170 18
1704641234 34
1704641298 18
1704641362 40
1704641426 36
1704641490 10



# Sketch: 2
1704640914 40
1704640978 58
1704641042 39
1704641106 35
1704641170 24
1704641234 34
1704641298 37
1704641362 22
1704641426 34
1704641490 5



# Sketch: 3
1704640914 40
1704640978 36
1704641042 40
1704641106 39
1704641170 40
1704641234 53
1704641298 32
1704641362 25
1704641426 35
1704641490 14



# Sketch: 4
1704640914 38
1704640978 35
1704641042 33
1704641106 45
1704641170 27
1704641234 20
1704641298 42
1704641362 38
1704641426 26
1704641490 5



# Sketch: 5
1704640914 37
1704640978 32
1704641042 33
1704641106 42
1704641170 34
1704641234 29
1704641298 13
1704641362 26
1704641426 27
1704641490 2



# Sketch: 6
1704640914 55
1704640978 34
1704641042 32
1704641106 40
1704641170 31
1704641234 19
1704641298 32
1704641362 31
1704641426 19
1704641490 2



# Sketch: 7
1704640914 37
1704640978 101
1704641042 210
1704641106 40
1704641170 43
1704641234 26
1704641298 37
1704641362 27
1704641426 33
1704641490 9



# Sketch: 8
1704640914 35
1704640978 25
1704641042 43
1704641106 32
1704641170 43
1704641234 44
1704641298 40
1704641362 33
1704641426 15
1704641490 12



# Sketch: 9
1704640914 59
1704640978 30
1704641042 30
1704641106 33
1704641170 29
1704641234 21
1704641298 37
1704641362 36
1704641426 34
1704641490 4



# Sketch: 10
1704640914 40
1704640978 36
1704641042 41
1704641106 30
1704641170 41
1704641234 29
1704641298 32
1704641362 15
1704641426 28
1704641490 7



# Sketch: 11
1704640914 46
1704640978 40
1704641042 52
1704641106 28
1704641170 34
1704641234 30
1704641298 49
1704641362 42
1704641426 36
1704641490 32



# Sketch: 12
1704640914 28
1704640978 47
1704641042 34
1704641106 36
1704641170 37
1704641234 28
1704641298 24
1704641362 20
1704641426 28
1704641490 6



# Sketch: 13
1704640914 76
1704640978 36
1704641042 33
1704641106 29
1704641170 18
1704641234 36
1704641298 11
1704641362 22
1704641426 29
1704641490 12



# Sketch: 14
1704640914 65
1704640978 64
1704641042 32
1704641106 41
1704641170 35
1704641234 38
1704641298 26
1704641362 21
1704641426 26
1704641490 10



# Sketch: 15
1704640914 40
1704640978 21
1704641042 33
1704641106 42
1704641170 32
1704641234 42
1704641298 21
1704641362 35
1704641426 21
1704641490 9



# Sketch: 16
1704640914 40
1704640978 33
1704641042 29
1704641106 48
1704641170 31
1704641234 36
1704641298 26
1704641362 21
1704641426 20
1704641490 6



# Sketch: 17
1704640914 35
1704640978 20
1704641042 34
1704641106 44
1704641170 34
1704641234 35
1704641298 15
1704641362 27
1704641426 12
1704641490 3



# Sketch: 18
1704640914 27
1704640978 45
1704641042 33
1704641106 43
1704641170 23
1704641234 21
1704641298 23
1704641362 13
1704641426 33
1704641490 3



# Sketch: 19
1704640914 36
1704640978 49
1704641042 34
1704641106 54
1704641170 32
1704641234 43
1704641298 33
1704641362 25
1704641426 24
1704641490 8



# Sketch: 20
1704640914 41
1704640978 32
1704641042 54
1704641106 44
1704641170 34
1704641234 19
1704641298 17
1704641362 28
1704641426 20
1704641490 2



# Sketch: 21
1704640914 32
1704640978 40
1704641042 41
1704641106 41
1704641170 29
1704641234 46
1704641298 50
1704641362 30
1704641426 14
1704641490 4



# Sketch: 22
1704640914 44
1704640978 32
1704641042 53
1704641106 41
1704641170 25
1704641234 49
1704641298 34
1704641362 30
1704641426 31
1704641490 11



# Sketch: 23
1704640914 44
1704640978 28
1704641042 39
1704641106 76
1704641170 66
1704641234 12
1704641298 43
1704641362 29
1704641426 20
1704641490 11



# Sketch: 24
1704640914 56
1704640978 52
1704641042 64
1704641106 69
1704641170 40
1704641234 45
1704641298 38
1704641362 35
1704641426 50
1704641490 16



# Sketch: 25
1704640914 30
1704640978 49
1704641042 25
1704641106 30
1704641170 29
1704641234 28
1704641298 21
1704641362 29
1704641426 35
1704641490 3



# Sketch: 26
1704640914 35
1704640978 31
1704641042 28
1704641106 25
1704641170 39
1704641234 27
1704641298 22
1704641362 26
1704641426 50
1704641490 8



# Sketch: 27
1704640914 44
1704640978 49
1704641042 45
1704641106 41
1704641170 36
1704641234 20
1704641298 39
1704641362 24
1704641426 74
1704641490 58



# Sketch: 28
1704640914 30
1704640978 26
1704641042 42
1704641106 41
1704641170 21
1704641234 18
1704641298 26
1704641362 11
1704641426 36
1704641490 6



# Sketch: 29
1704640914 46
1704640978 32
1704641042 31
1704641106 52
1704641170 31
1704641234 62
1704641298 26
1704641362 40
1704641426 26
1704641490 13



# Sketch: 30
1704640914 43
1704640978 70
1704641042 35
1704641106 48
1704641170 46
1704641234 57
1704641298 33
1704641362 47
1704641426 40
1704641490 10



# Sketch: 31
1704640914 37
1704640978 33
1704641042 30
1704641106 24
1704641170 21
1704641234 17
1704641298 43
1704641362 21
1704641426 24
1704641490 12

