

# Sketch: 0
1704640914 50
1704640978 57
1704641042 24
1704641106 39
1704641170 37
1704641234 42
1704641298 30
1704641362 16
1704641426 33
1704641490 6



# Sketch: 1
1704640914 40
1704640978 34
1704641042 52
1704641106 38
1704641170 55
1704641234 25
1704641298 42
1704641362 30
1704641426 26
1704641490 8



# Sketch: 2
1704640914 50
1704640978 43
1704641042 42
1704641106 32
1704641170 26
1704641234 46
1704641298 31
1704641362 29
1704641426 49
1704641490 21



# Sketch: 3
1704640914 41
1704640978 36
1704641042 36
1704641106 34
1704641170 39
1704641234 46
1704641298 39
1704641362 24
1704641426 44
1704641490 7



# Sketch: 4
1704640914 44
1704640978 48
1704641042 57
1704641106 73
1704641170 43
1704641234 35
1704641298 57
1704641362 60
1704641426 42
1704641490 18



# Sketch: 5
1704640914 33
1704640978 28
1704641042 35
1704641106 37
1704641170 26
1704641234 24
1704641298 26
1704641362 23
1704641426 49
1704641490 29



# Sketch: 6
1704640914 37
1704640978 41
1704641042 42
1704641106 37
1704641170 38
1704641234 36
1704641298 28
1704641362 23
1704641426 19
1704641490 7



# Sketch: 7
1704640914 38
1704640978 44
1704641042 35
1704641106 41
1704641170 29
1704641234 31
1704641298 51
1704641362 21
1704641426 25
1704641490 16



# Sketch: 8
1704640914 39
1704640978 40
1704641042 35
1704641106 38
1704641170 37
1704641234 26
1704641298 43
1704641362 35
1704641426 32
1704641490 8



# Sketch: 9
1704640914 63
1704640978 32
1704641042 28
1704641106 38
1704641170 16
1704641234 47
1704641298 18
1704641362 32
1704641426 29
1704641490 5



# Sketch: 10
1704640914 34
1704640978 37
1704641042 27
1704641106 54
1704641170 18
1704641234 25
1704641298 27
1704641362 24
1704641426 31
1704641490 6



# Sketch: 11
1704640914 43
1704640978 36
1704641042 24
1704641106 21
1704641170 24
1704641234 16
1704641298 23
1704641362 27
1704641426 28
1704641490 14



# Sketch: 12
1704640914 43
1704640978 51
1704641042 40
1704641106 41
1704641170 20
1704641234 41
1704641298 35
1704641362 32
1704641426 27
1704641490 16



# Sketch: 13
1704640914 34
1704640978 49
1704641042 32
1704641106 34
1704641170 29
1704641234 37
1704641298 25
1704641362 15
1704641426 35
1704641490 7



# Sketch: 14
1704640914 40
1704640978 31
1704641042 45
1704641106 36
1704641170 30
1704641234 24
1704641298 23
1704641362 22
1704641426 32
1704641490 4



# Sketch: 15
1704640914 49
1704640978 34
1704641042 28
1704641106 20
1704641170 29
1704641234 41
1704641298 20
1704641362 18
1704641426 30
1704641490 9



# Sketch: 16
1704640914 50
1704640978 49
1704641042 44
1704641106 44
1704641170 23
1704641234 53
1704641298 35
1704641362 49
1704641426 45
1704641490 26



# Sketch: 17
1704640914 29
1704640978 51
1704641042 32
1704641106 57
1704641170 34
1704641234 32
1704641298 36
1704641362 22
1704641426 21
1704641490 2



# Sketch: 18
1704640914 35
1704640978 105
1704641042 196
1704641106 31
1704641170 21
1704641234 27
1704641298 32
1704641362 29
1704641426 14
1704641490 3



# Sketch: 19
1704640914 41
1704640978 17
1704641042 25
1704641106 74
1704641170 65
1704641234 16
1704641298 25
1704641362 17
1704641426 18
1704641490 6



# Sketch: 20
1704640914 42
1704640978 31
1704641042 42
1704641106 46
1704641170 37
1704641234 48
1704641298 36
1704641362 37
1704641426 29
1704641490 23



# Sketch: 21
1704640914 35
1704640978 28
1704641042 34
1704641106 33
1704641170 25
1704641234 43
1704641298 20
1704641362 30
1704641426 37
1704641490 7



# Sketch: 22
1704640914 27
1704640978 32
1704641042 48
1704641106 42
1704641170 39
1704641234 18
1704641298 29
1704641362 21
1704641426 9
1704641490 0



# Sketch: 23
1704640914 62
1704640978 32
1704641042 44
1704641106 42
1704641170 24
1704641234 27
1704641298 19
1704641362 16
1704641426 28
1704641490 8



# Sketch: 24
1704640914 27
1704640978 32
1704641042 24
1704641106 51
1704641170 24
1704641234 19
1704641298 15
1704641362 23
1704641426 43
1704641490 4



# Sketch: 25
1704640914 57
1704640978 46
1704641042 40
1704641106 53
1704641170 50
1704641234 37
1704641298 29
1704641362 36
1704641426 39
1704641490 17



# Sketch: 26
1704640914 40
1704640978 46
1704641042 45
1704641106 34
1704641170 51
1704641234 58
1704641298 26
1704641362 28
1704641426 27
1704641490 10



# Sketch: 27
1704640914 30
1704640978 45
1704641042 45
1704641106 35
1704641170 35
1704641234 30
1704641298 30
1704641362 30
1704641426 27
1704641490 7



# Sketch: 28
1704640914 60
1704640978 46
1704641042 32
1704641106 63
1704641170 27
1704641234 31
1704641298 22
1704641362 35
1704641426 22
1704641490 4



# Sketch: 29
1704640914 34
1704640978 52
1704641042 45
1704641106 52
1704641170 44
1704641234 26
1704641298 25
1704641362 31
1704641426 35
1704641490 15



# Sketch: 30
1704640914 33
1704640978 30
1704641042 53
1704641106 37
1704641170 28
1704641234 20
1704641298 23
1704641362 27
1704641426 22
1704641490 7



# Sketch: 31
1704640914 37
1704640978 35
1704641042 48
1704641106 34
1704641170 48
1704641234 31
1704641298 43
1704641362 49
1704641426 37
1704641490 8

