

# Sketch: 0
0 0.211471
1 0.220655
2 0.292183
3 0.35186
4 0.253525
5 0.313818
6 0.338177
7 0.507766



# Sketch: 1
0 0.961425
1 0.900289
2 0.919852
3 0.835711
4 0.765598
5 0.591245
6 0.637154
7 0.583599



# Sketch: 2
0 0.272961
1 0.24107
2 0.230984
3 0.273761
4 0.236536
5 0.0694919
6 0.116638
7 0.275643



# Sketch: 3
0 0.678934
1 0.654325
2 0.995386
3 1.18506
4 0.997626
5 1.89292
6 0.515637
7 0.485715



# Sketch: 4
0 0.69733
1 0.76022
2 0.782444
3 0.662718
4 0.909756
5 0.534046
6 0.776315
7 0.514983



# Sketch: 5
0 0.18171
1 0.359969
2 0.222931
3 0.113773
4 0.150707
5 0.326653
6 0.243898
7 0.51237



# Sketch: 6
0 0.480738
1 0.386751
2 0.371243
3 0.396723
4 0.363346
5 0.683367
6 0.0901668
7 0.326687



# Sketch: 7
0 0.906102
1 0.702173
2 0.656037
3 0.789798
4 0.557552
5 0.523225
6 0.428774
7 0.39901



# Sketch: 8
0 0.420711
1 0.407322
2 0.419715
3 0.444395
4 0.354274
5 0.366165
6 0.47142
7 0.538143



# Sketch: 9
0 0.796751
1 0.780359
2 0.696046
3 0.698033
4 0.537763
5 0.654152
6 1.03867
7 0.708707



# Sketch: 10
0 0.57772
1 0.671424
2 0.680509
3 0.982879
4 0.518935
5 0.426772
6 0.450596
7 0.80086



# Sketch: 11
0 1.24044
1 0.895516
2 0.549992
3 0.4598
4 0.263403
5 0.431991
6 0.485581
7 0.58278



# Sketch: 12
0 0.713136
1 0.650305
2 0.636484
3 0.62249
4 0.546921
5 0.489877
6 0.588427
7 0.64036



# Sketch: 13
0 0.500532
1 0.48552
2 0.462358
3 0.416922
4 0.458952
5 0.406598
6 0.404168
7 0.567146



# Sketch: 14
0 1.18159
1 0.943139
2 0.45911
3 0.181708
4 0.237445
5 0.306625
6 0.296714
7 0.529595



# Sketch: 15
0 0.584789
1 0.955614
2 1.48345
3 1.45889
4 1.57787
5 1.93366
6 1.60507
7 0.474432



# Sketch: 16
0 0.981037
1 0.880871
2 0.898218
3 0.873884
4 0.773732
5 0.814316
6 0.529051
7 0.620459



# Sketch: 17
0 0.117366
1 0.2582
2 0.437549
3 0.431478
4 0.472128
5 0.686499
6 1.41137
7 0.846313



# Sketch: 18
0 0.457255
1 0.437822
2 0.510971
3 0.642311
4 0.675417
5 0.66219
6 0.40886
7 0.717762



# Sketch: 19
0 0.565644
1 0.45005
2 0.501112
3 0.330741
4 0.193758
5 0.406894
6 0.520873
7 0.892314



# Sketch: 20
0 0.706888
1 0.655072
2 0.671328
3 0.651173
4 0.519786
5 0.502602
6 0.563422
7 0.622463



# Sketch: 21
0 0.883504
1 0.661926
2 0.651999
3 0.756505
4 0.446399
5 0.351531
6 0.565036
7 1.37462



# Sketch: 22
0 0.460376
1 0.615403
2 0.608742
3 0.295132
4 0.297385
5 0.400108
6 0.382215
7 0.43878



# Sketch: 23
0 1.50651
1 1.27655
2 1.10879
3 0.882773
4 0.369894
5 0.183384
6 0.634978
7 0.422884



# Sketch: 24
0 1.01548
1 1.01083
2 0.835434
3 0.71197
4 0.765388
5 0.940483
6 0.920124
7 0.30752



# Sketch: 25
0 1.52822
1 1.47674
2 1.51444
3 1.29872
4 0.537
5 0.693924
6 0.555508
7 1.70858



# Sketch: 26
0 0.11838
1 0.263551
2 0.197259
3 0.177197
4 0.753189
5 0.593698
6 2.2093
7 0.911094



# Sketch: 27
0 0.640159
1 0.610235
2 0.568997
3 0.567584
4 0.457137
5 0.453785
6 0.496606
7 0.64341



# Sketch: 28
0 1.07756
1 1.13884
2 1.04911
3 0.817885
4 0.455858
5 0.320625
6 0.110025
7 0.295111



# Sketch: 29
0 0.767275
1 0.747663
2 0.771295
3 0.738256
4 0.678068
5 0.649172
6 0.620869
7 2.17097



# Sketch: 30
0 0.883798
1 0.846409
2 0.882242
3 0.930434
4 0.841283
5 0.79493
6 0.548664
7 0.522955



# Sketch: 31
0 1.19026
1 1.33982
2 1.21943
3 1.2103
4 0.971371
5 0.76643
6 0.520071
7 1.78434

