

# Sketch: 0
0 0.680194
1 0.603586
2 0.594384
3 0.544776
4 0.527855
5 0.540032
6 0.666523
7 0.641363



# Sketch: 1
0 0.397441
1 0.61186
2 0.586789
3 0.601107
4 0.559681
5 0.301088
6 0.224653
7 0.560879



# Sketch: 2
0 0.197259
1 0.112758
2 0.396404
3 0.67673
4 0.915579
5 1.90363
6 2.33448
7 2.26691



# Sketch: 3
0 1.91359
1 1.57778
2 1.3738
3 1.55892
4 1.23971
5 1.14132
6 1.31666
7 1.33786



# Sketch: 4
0 0.369365
1 0.347524
2 0.288295
3 0.270978
4 0.400155
5 0.320168
6 0.580355
7 1.13569



# Sketch: 5
0 0.160031
1 0.19793
2 0.124305
3 0.0459332
4 0.06291
5 0.325862
6 0.179584
7 0.272397



# Sketch: 6
0 1.18653
1 1.12461
2 1.26797
3 0.782349
4 1.09004
5 1.20644
6 0.586779
7 0.264048



# Sketch: 7
0 0.306853
1 0.410179
2 0.289617
3 0.291061
4 0.286323
5 0.284181
6 0.290808
7 0.420099



# Sketch: 8
0 0.925299
1 0.843454
2 0.909814
3 0.7771
4 0.800502
5 0.764658
6 0.675953
7 0.49952



# Sketch: 9
0 0.952133
1 0.664168
2 0.655369
3 0.590987
4 0.378927
5 0.192171
6 0.171193
7 0.3099



# Sketch: 10
0 0.43571
1 0.402328
2 0.172495
3 0.174422
4 0.207361
5 0.311671
6 0.217935
7 0.423537



# Sketch: 11
0 1.27453
1 1.02487
2 0.755235
3 0.76687
4 0.636276
5 0.538712
6 0.307087
7 0.326481



# Sketch: 12
0 0.1309
1 0.164353
2 0.205641
3 0.294426
4 0.231702
5 0.310112
6 0.311482
7 0.464602



# Sketch: 13
0 0.842132
1 0.982052
2 1.07013
3 0.993582
4 0.802002
5 0.677896
6 0.837841
7 0.935869



# Sketch: 14
0 0.213958
1 0.266858
2 0.500347
3 0.593701
4 0.83427
5 1.58027
6 1.56667
7 1.13492



# Sketch: 15
0 0.186632
1 0.170976
2 0.288842
3 0.600378
4 0.642409
5 0.879445
6 0.504608
7 0.718058



# Sketch: 16
0 0.374813
1 0.420564
2 0.652877
3 0.272012
4 0.101691
5 0.272689
6 0.267173
7 0.238154



# Sketch: 17
0 0.829074
1 0.819074
2 0.747975
3 0.748901
4 0.664126
5 0.646569
6 0.541076
7 0.483544



# Sketch: 18
0 0.690439
1 0.765856
2 0.596774
3 0.573344
4 0.660826
5 0.630653
6 0.509328
7 0.467206



# Sketch: 19
0 0.715556
1 0.675502
2 0.594765
3 0.42586
4 0.382421
5 0.604498
6 0.606537
7 0.478444



# Sketch: 20
0 0.875261
1 0.81417
2 0.781518
3 0.684539
4 0.637354
5 0.528022
6 0.636243
7 0.605221



# Sketch: 21
0 0.529817
1 0.433355
2 0.0606878
3 0.05913
4 0.522607
5 0.10507
6 0.109614
7 0.268428



# Sketch: 22
0 0.652715
1 0.497684
2 0.47057
3 0.451109
4 0.43358
5 0.483735
6 0.617583
7 0.579244



# Sketch: 23
0 0.902991
1 0.881914
2 0.716715
3 0.284321
4 0.358021
5 0.245659
6 0.427536
7 0.844785



# Sketch: 24
0 0.429011
1 0.600939
2 0.598314
3 0.651717
4 0.198492
5 0.227285
6 0.213486
7 0.319896



# Sketch: 25
0 0.488369
1 0.594443
2 1.01893
3 0.966292
4 1.32564
5 0.601286
6 0.28697
7 0.391163



# Sketch: 26
0 0.580296
1 0.669018
2 0.5924
3 0.664371
4 0.553562
5 0.50068
6 0.936671
7 0.659043



# Sketch: 27
0 0.66121
1 0.63987
2 0.613557
3 0.650011
4 0.612114
5 0.555507
6 0.458937
7 0.574258



# Sketch: 28
0 0.333217
1 0.447989
2 0.514724
3 0.303116
4 0.368185
5 0.539295
6 0.645303
7 0.392445



# Sketch: 29
0 0.34251
1 0.329823
2 0.352432
3 0.152521
4 0.297783
5 0.181557
6 0.133843
7 1.04732



# Sketch: 30
0 0.804057
1 0.607592
2 0.477898
3 0.543444
4 0.155862
5 0.121049
6 0.128771
7 0.281695



# Sketch: 31
0 1.35175
1 0.95394
2 0.626206
3 0.962907
4 0.432461
5 0.125822
6 0.307576
7 0.162194

