

# Sketch: 0
1704642114 62
1704642242 67
1704642370 82
1704642498 55
1704642626 46



# Sketch: 1
1704642114 88
1704642242 65
1704642370 77
1704642498 44
1704642626 76



# Sketch: 2
1704642114 54
1704642242 74
1704642370 63
1704642498 44
1704642626 31



# Sketch: 3
1704642114 65
1704642242 47
1704642370 40
1704642498 41
1704642626 49



# Sketch: 4
1704642114 70
1704642242 76
1704642370 46
1704642498 62
1704642626 34



# Sketch: 5
1704642114 70
1704642242 70
1704642370 51
1704642498 43
1704642626 38



# Sketch: 6
1704642114 67
1704642242 46
1704642370 88
1704642498 63
1704642626 47



# Sketch: 7
1704642114 44
1704642242 48
1704642370 51
1704642498 67
1704642626 51



# Sketch: 8
1704642114 50
1704642242 76
1704642370 61
1704642498 56
1704642626 39



# Sketch: 9
1704642114 76
1704642242 48
1704642370 56
1704642498 48
1704642626 41



# Sketch: 10
1704642114 51
1704642242 74
1704642370 62
1704642498 39
1704642626 31



# Sketch: 11
1704642114 44
1704642242 47
1704642370 52
1704642498 46
1704642626 45



# Sketch: 12
1704642114 51
1704642242 38
1704642370 63
1704642498 39
1704642626 29



# Sketch: 13
1704642114 66
1704642242 68
1704642370 65
1704642498 58
1704642626 43



# Sketch: 14
1704642114 87
1704642242 87
1704642370 59
1704642498 81
1704642626 41



# Sketch: 15
1704642114 95
1704642242 127
1704642370 201
1704642498 113
1704642626 81



# Sketch: 16
1704642114 49
1704642242 71
1704642370 65
1704642498 49
1704642626 43



# Sketch: 17
1704642114 64
1704642242 43
1704642370 46
1704642498 44
1704642626 38



# Sketch: 18
1704642114 39
1704642242 37
1704642370 31
1704642498 46
1704642626 39



# Sketch: 19
1704642114 62
1704642242 50
1704642370 58
1704642498 50
1704642626 48



# Sketch: 20
1704642114 77
1704642242 63
1704642370 58
1704642498 43
1704642626 28



# Sketch: 21
1704642114 56
1704642242 46
1704642370 48
1704642498 81
1704642626 41



# Sketch: 22
1704642114 92
1704642242 74
1704642370 71
1704642498 51
1704642626 40



# Sketch: 23
1704642114 55
1704642242 31
1704642370 33
1704642498 60
1704642626 43



# Sketch: 24
1704642114 48
1704642242 53
1704642370 42
1704642498 52
1704642626 33



# Sketch: 25
1704642114 57
1704642242 40
1704642370 66
1704642498 55
1704642626 49



# Sketch: 26
1704642114 72
1704642242 72
1704642370 89
1704642498 52
1704642626 41



# Sketch: 27
1704642114 58
1704642242 76
1704642370 60
1704642498 51
1704642626 35



# Sketch: 28
1704642114 54
1704642242 65
1704642370 61
1704642498 66
1704642626 31



# Sketch: 29
1704642114 87
1704642242 82
1704642370 128
1704642498 54
1704642626 89



# Sketch: 30
1704642114 96
1704642242 97
1704642370 71
1704642498 94
1704642626 63



# Sketch: 31
1704642114 42
1704642242 45
1704642370 57
1704642498 46
1704642626 43

