

# Sketch: 0
0 1.09825
1 1.12082
2 0.980918
3 1.04115
4 0.880446
5 0.93756
6 0.800924
7 0.690246



# Sketch: 1
0 2.31375
1 1.88276
2 1.22879
3 1.65961
4 1.26236
5 1.03949
6 0.850832
7 0.529169



# Sketch: 2
0 1.01808
1 1.10533
2 1.0363
3 1.20202
4 0.673249
5 0.551791
6 0.746177
7 0.365236



# Sketch: 3
0 0.632425
1 0.589562
2 0.474295
3 0.390486
4 0.344949
5 0.336601
6 0.651171
7 0.462868



# Sketch: 4
0 0.36352
1 0.481673
2 0.708383
3 0.538936
4 0.789518
5 0.515504
6 0.345563
7 0.467472



# Sketch: 5
0 0.486835
1 0.812581
2 0.648892
3 0.313215
4 0.337311
5 0.369255
6 0.435299
7 1.90761



# Sketch: 6
0 0.610292
1 0.490956
2 0.387486
3 0.279831
4 0.268906
5 0.406853
6 0.299174
7 0.425017



# Sketch: 7
0 0.868678
1 0.89945
2 0.779811
3 0.761842
4 0.611353
5 0.432583
6 0.569981
7 0.535928



# Sketch: 8
0 0.272467
1 0.284999
2 0.270599
3 0.570913
4 0.692095
5 0.358076
6 0.371268
7 0.519449



# Sketch: 9
0 0.760134
1 1.07989
2 0.91814
3 0.774436
4 0.526945
5 0.346128
6 0.483756
7 0.468521



# Sketch: 10
0 0.809281
1 0.816993
2 0.691553
3 0.617318
4 0.567622
5 0.508106
6 0.501282
7 0.51269



# Sketch: 11
0 0.173236
1 0.324373
2 0.139644
3 0.360327
4 0.291372
5 0.166798
6 0.309706
7 0.337236



# Sketch: 12
0 0.143236
1 0.170796
2 0.146412
3 0.390295
4 0.657741
5 0.319747
6 0.265288
7 0.407886



# Sketch: 13
0 1.0731
1 0.664317
2 0.331251
3 0.148935
4 0.196447
5 0.31917
6 0.220093
7 0.985359



# Sketch: 14
0 0.758072
1 0.737772
2 0.709288
3 0.610093
4 0.715653
5 0.288512
6 1.20505
7 0.223132



# Sketch: 15
0 0.723417
1 0.857423
2 1.21318
3 1.05317
4 0.761893
5 0.691955
6 0.583178
7 0.554858



# Sketch: 16
0 0.522326
1 0.603465
2 0.478599
3 0.523604
4 0.432755
5 0.490459
6 0.412672
7 0.662891



# Sketch: 17
0 0.393067
1 0.301139
2 0.44099
3 0.288593
4 0.38909
5 0.460784
6 0.299973
7 0.423149



# Sketch: 18
0 0.697277
1 0.704142
2 0.722032
3 0.700113
4 0.646128
5 0.469992
6 0.5154
7 0.523697



# Sketch: 19
0 0.525085
1 0.421985
2 0.547508
3 0.80998
4 0.657819
5 0.210621
6 0.19674
7 0.38179



# Sketch: 20
0 0.215236
1 0.303675
2 0.365168
3 0.506594
4 0.32765
5 0.235179
6 0.0936618
7 0.772654



# Sketch: 21
0 0.631012
1 0.69841
2 0.429831
3 0.446116
4 0.452149
5 0.280985
6 0.139784
7 1.60108



# Sketch: 22
0 0.642852
1 0.643395
2 0.578724
3 0.574396
4 0.54814
5 0.468924
6 0.539225
7 0.545885



# Sketch: 23
0 0.658427
1 0.675743
2 0.691919
3 0.70268
4 0.612784
5 0.650433
6 0.538859
7 0.510145



# Sketch: 24
0 0.197069
1 0.169661
2 0.153866
3 0.155397
4 0.191672
5 0.189288
6 0.431397
7 0.40472



# Sketch: 25
0 2.24232
1 1.77669
2 1.34838
3 1.32955
4 1.27691
5 1.16105
6 1.52324
7 1.5157



# Sketch: 26
0 0.631597
1 0.859461
2 1.10502
3 0.972011
4 0.702162
5 0.87473
6 0.0959322
7 0.440748



# Sketch: 27
0 0.0449282
1 0.573841
2 0.970836
3 0.892596
4 0.506902
5 1.08539
6 0.758566
7 1.51878



# Sketch: 28
0 0.617775
1 0.897816
2 0.933977
3 1.08918
4 1.26919
5 0.596003
6 1.78145
7 0.457459



# Sketch: 29
0 1.13546
1 1.18255
2 1.00006
3 0.782744
4 0.582839
5 0.504385
6 0.528513
7 0.543029



# Sketch: 30
0 0.647005
1 0.655694
2 0.609243
3 0.595423
4 0.625188
5 0.669544
6 0.839257
7 1.24772



# Sketch: 31
0 1.63162
1 2.04171
2 2.0939
3 1.46956
4 0.928098
5 0.798737
6 1.31347
7 0.294076

