

# Sketch: 0
1704642114 36
1704642178 19
1704642242 15
1704642306 39
1704642370 33
1704642434 32
1704642498 22
1704642562 36
1704642626 28
1704642690 10



# Sketch: 1
1704642114 31
1704642178 29
1704642242 32
1704642306 33
1704642370 39
1704642434 34
1704642498 55
1704642562 30
1704642626 52
1704642690 10



# Sketch: 2
1704642114 30
1704642178 21
1704642242 41
1704642306 36
1704642370 28
1704642434 29
1704642498 9
1704642562 23
1704642626 23
1704642690 7



# Sketch: 3
1704642114 36
1704642178 23
1704642242 22
1704642306 30
1704642370 30
1704642434 42
1704642498 31
1704642562 29
1704642626 42
1704642690 6



# Sketch: 4
1704642114 45
1704642178 34
1704642242 36
1704642306 31
1704642370 30
1704642434 33
1704642498 22
1704642562 38
1704642626 34
1704642690 6



# Sketch: 5
1704642114 24
1704642178 24
1704642242 27
1704642306 23
1704642370 32
1704642434 32
1704642498 14
1704642562 54
1704642626 20
1704642690 5



# Sketch: 6
1704642114 41
1704642178 22
1704642242 36
1704642306 18
1704642370 25
1704642434 16
1704642498 25
1704642562 23
1704642626 13
1704642690 8



# Sketch: 7
1704642114 40
1704642178 33
1704642242 35
1704642306 23
1704642370 38
1704642434 14
1704642498 16
1704642562 33
1704642626 10
1704642690 5



# Sketch: 8
1704642114 18
1704642178 20
1704642242 15
1704642306 33
1704642370 25
1704642434 26
1704642498 28
1704642562 34
1704642626 26
1704642690 5



# Sketch: 9
1704642114 25
1704642178 25
1704642242 29
1704642306 30
1704642370 41
1704642434 36
1704642498 31
1704642562 33
1704642626 38
1704642690 14



# Sketch: 10
1704642114 29
1704642178 42
1704642242 31
1704642306 41
1704642370 33
1704642434 21
1704642498 29
1704642562 22
1704642626 36
1704642690 14



# Sketch: 11
1704642114 38
1704642178 25
1704642242 22
1704642306 22
1704642370 23
1704642434 28
1704642498 22
1704642562 32
1704642626 29
1704642690 7



# Sketch: 12
1704642114 44
1704642178 22
1704642242 33
1704642306 39
1704642370 40
1704642434 34
1704642498 23
1704642562 21
1704642626 39
1704642690 10



# Sketch: 13
1704642114 35
1704642178 23
1704642242 31
1704642306 20
1704642370 29
1704642434 27
1704642498 16
1704642562 18
1704642626 24
1704642690 6



# Sketch: 14
1704642114 37
1704642178 53
1704642242 29
1704642306 36
1704642370 31
1704642434 18
1704642498 33
1704642562 41
1704642626 17
1704642690 11



# Sketch: 15
1704642114 30
1704642178 32
1704642242 21
1704642306 46
1704642370 55
1704642434 77
1704642498 26
1704642562 39
1704642626 40
1704642690 16



# Sketch: 16
1704642114 39
1704642178 53
1704642242 28
1704642306 26
1704642370 62
1704642434 27
1704642498 19
1704642562 28
1704642626 56
1704642690 10



# Sketch: 17
1704642114 24
1704642178 25
1704642242 29
1704642306 80
1704642370 53
1704642434 31
1704642498 32
1704642562 30
1704642626 49
1704642690 8



# Sketch: 18
1704642114 53
1704642178 29
1704642242 31
1704642306 35
1704642370 26
1704642434 37
1704642498 24
1704642562 22
1704642626 55
1704642690 6



# Sketch: 19
1704642114 20
1704642178 15
1704642242 28
1704642306 26
1704642370 16
1704642434 30
1704642498 16
1704642562 15
1704642626 51
1704642690 9



# Sketch: 20
1704642114 43
1704642178 69
1704642242 38
1704642306 64
1704642370 91
1704642434 82
1704642498 39
1704642562 49
1704642626 49
1704642690 29



# Sketch: 21
1704642114 35
1704642178 40
1704642242 14
1704642306 41
1704642370 15
1704642434 26
1704642498 27
1704642562 39
1704642626 17
1704642690 8



# Sketch: 22
1704642114 17
1704642178 25
1704642242 30
1704642306 33
1704642370 17
1704642434 38
1704642498 31
1704642562 15
1704642626 31
1704642690 19



# Sketch: 23
1704642114 29
1704642178 32
1704642242 30
1704642306 23
1704642370 24
1704642434 41
1704642498 18
1704642562 24
1704642626 47
1704642690 8



# Sketch: 24
1704642114 31
1704642178 18
1704642242 42
1704642306 34
1704642370 21
1704642434 22
1704642498 29
1704642562 26
1704642626 33
1704642690 13



# Sketch: 25
1704642114 44
1704642178 30
1704642242 37
1704642306 26
1704642370 21
1704642434 47
1704642498 44
1704642562 29
1704642626 52
1704642690 3



# Sketch: 26
1704642114 25
1704642178 36
1704642242 43
1704642306 10
1704642370 15
1704642434 40
1704642498 21
1704642562 9
1704642626 44
1704642690 5



# Sketch: 27
1704642114 23
1704642178 25
1704642242 36
1704642306 17
1704642370 37
1704642434 26
1704642498 41
1704642562 34
1704642626 35
1704642690 18



# Sketch: 28
1704642114 26
1704642178 23
1704642242 32
1704642306 17
1704642370 25
1704642434 20
1704642498 40
1704642562 22
1704642626 23
1704642690 3



# Sketch: 29
1704642114 54
1704642178 38
1704642242 31
1704642306 37
1704642370 33
1704642434 22
1704642498 24
1704642562 21
1704642626 32
1704642690 21



# Sketch: 30
1704642114 44
1704642178 27
1704642242 34
1704642306 29
1704642370 27
1704642434 47
1704642498 39
1704642562 30
1704642626 33
1704642690 5



# Sketch: 31
1704642114 27
1704642178 43
1704642242 23
1704642306 44
1704642370 27
1704642434 24
1704642498 33
1704642562 15
1704642626 34
1704642690 9

