

# Sketch: 0
1704642114 23
1704642146 13
1704642178 15
1704642210 32
1704642242 22
1704642274 16
1704642306 9
1704642338 10
1704642370 19
1704642402 22
1704642434 21
1704642466 11
1704642498 30
1704642530 16
1704642562 37
1704642594 20
1704642626 24
1704642658 9
1704642690 12



# Sketch: 1
1704642114 9
1704642146 20
1704642178 12
1704642210 30
1704642242 14
1704642274 16
1704642306 13
1704642338 20
1704642370 10
1704642402 18
1704642434 16
1704642466 16
1704642498 15
1704642530 8
1704642562 12
1704642594 13
1704642626 19
1704642658 29
1704642690 5



# Sketch: 2
1704642114 14
1704642146 7
1704642178 15
1704642210 19
1704642242 11
1704642274 14
1704642306 10
1704642338 37
1704642370 7
1704642402 10
1704642434 32
1704642466 17
1704642498 9
1704642530 19
1704642562 8
1704642594 16
1704642626 7
1704642658 22
1704642690 9



# Sketch: 3
1704642114 15
1704642146 26
1704642178 13
1704642210 12
1704642242 19
1704642274 10
1704642306 25
1704642338 12
1704642370 11
1704642402 8
1704642434 23
1704642466 21
1704642498 14
1704642530 16
1704642562 11
1704642594 21
1704642626 23
1704642658 23
1704642690 10



# Sketch: 4
1704642114 11
1704642146 25
1704642178 12
1704642210 13
1704642242 24
1704642274 17
1704642306 25
1704642338 27
1704642370 23
1704642402 16
1704642434 22
1704642466 28
1704642498 20
1704642530 13
1704642562 15
1704642594 14
1704642626 26
1704642658 29
1704642690 5



# Sketch: 5
1704642114 11
1704642146 12
1704642178 8
1704642210 15
1704642242 21
1704642274 12
1704642306 6
1704642338 16
1704642370 17
1704642402 19
1704642434 16
1704642466 18
1704642498 11
1704642530 8
1704642562 7
1704642594 19
1704642626 31
1704642658 8
1704642690 5



# Sketch: 6
1704642114 11
1704642146 24
1704642178 4
1704642210 13
1704642242 16
1704642274 5
1704642306 14
1704642338 6
1704642370 2
1704642402 10
1704642434 13
1704642466 21
1704642498 10
1704642530 10
1704642562 9
1704642594 16
1704642626 9
1704642658 18
1704642690 9



# Sketch: 7
1704642114 32
1704642146 18
1704642178 11
1704642210 9
1704642242 6
1704642274 12
1704642306 10
1704642338 10
1704642370 16
1704642402 18
1704642434 9
1704642466 9
1704642498 7
1704642530 11
1704642562 16
1704642594 19
1704642626 15
1704642658 12
1704642690 6



# Sketch: 8
1704642114 10
1704642146 14
1704642178 11
1704642210 7
1704642242 10
1704642274 14
1704642306 21
1704642338 17
1704642370 7
1704642402 9
1704642434 5
1704642466 6
1704642498 20
1704642530 11
1704642562 12
1704642594 6
1704642626 22
1704642658 15
1704642690 15



# Sketch: 9
1704642114 19
1704642146 22
1704642178 5
1704642210 8
1704642242 17
1704642274 14
1704642306 14
1704642338 11
1704642370 13
1704642402 11
1704642434 17
1704642466 22
1704642498 16
1704642530 13
1704642562 9
1704642594 27
1704642626 30
1704642658 10
1704642690 5



# Sketch: 10
1704642114 14
1704642146 33
1704642178 18
1704642210 11
1704642242 14
1704642274 12
1704642306 23
1704642338 18
1704642370 54
1704642402 24
1704642434 42
1704642466 19
1704642498 8
1704642530 17
1704642562 22
1704642594 19
1704642626 13
1704642658 19
1704642690 14



# Sketch: 11
1704642114 16
1704642146 7
1704642178 16
1704642210 8
1704642242 15
1704642274 31
1704642306 9
1704642338 13
1704642370 8
1704642402 5
1704642434 17
1704642466 14
1704642498 26
1704642530 11
1704642562 20
1704642594 13
1704642626 25
1704642658 9
1704642690 16



# Sketch: 12
1704642114 9
1704642146 24
1704642178 11
1704642210 23
1704642242 13
1704642274 11
1704642306 13
1704642338 26
1704642370 40
1704642402 23
1704642434 7
1704642466 15
1704642498 21
1704642530 17
1704642562 13
1704642594 17
1704642626 14
1704642658 15
1704642690 15



# Sketch: 13
1704642114 19
1704642146 5
1704642178 15
1704642210 11
1704642242 19
1704642274 14
1704642306 6
1704642338 42
1704642370 35
1704642402 24
1704642434 16
1704642466 9
1704642498 18
1704642530 15
1704642562 18
1704642594 9
1704642626 10
1704642658 10
1704642690 9



# Sketch: 14
1704642114 18
1704642146 14
1704642178 20
1704642210 14
1704642242 17
1704642274 14
1704642306 6
1704642338 24
1704642370 20
1704642402 19
1704642434 12
1704642466 9
1704642498 16
1704642530 7
1704642562 11
1704642594 12
1704642626 15
1704642658 13
1704642690 7



# Sketch: 15
1704642114 15
1704642146 28
1704642178 22
1704642210 8
1704642242 20
1704642274 11
1704642306 10
1704642338 20
1704642370 10
1704642402 5
1704642434 3
1704642466 13
1704642498 10
1704642530 6
1704642562 7
1704642594 11
1704642626 15
1704642658 7
1704642690 3



# Sketch: 16
1704642114 18
1704642146 26
1704642178 16
1704642210 10
1704642242 11
1704642274 12
1704642306 10
1704642338 27
1704642370 5
1704642402 12
1704642434 18
1704642466 11
1704642498 7
1704642530 16
1704642562 14
1704642594 7
1704642626 15
1704642658 18
1704642690 14



# Sketch: 17
1704642114 13
1704642146 7
1704642178 8
1704642210 22
1704642242 8
1704642274 24
1704642306 9
1704642338 16
1704642370 25
1704642402 15
1704642434 11
1704642466 9
1704642498 16
1704642530 11
1704642562 11
1704642594 13
1704642626 15
1704642658 23
1704642690 7



# Sketch: 18
1704642114 29
1704642146 13
1704642178 24
1704642210 10
1704642242 17
1704642274 11
1704642306 21
1704642338 7
1704642370 18
1704642402 8
1704642434 7
1704642466 15
1704642498 20
1704642530 11
1704642562 7
1704642594 14
1704642626 14
1704642658 15
1704642690 9



# Sketch: 19
1704642114 22
1704642146 12
1704642178 10
1704642210 15
1704642242 15
1704642274 10
1704642306 3
1704642338 16
1704642370 32
1704642402 10
1704642434 6
1704642466 13
1704642498 20
1704642530 7
1704642562 7
1704642594 18
1704642626 27
1704642658 13
1704642690 3



# Sketch: 20
1704642114 20
1704642146 19
1704642178 8
1704642210 10
1704642242 19
1704642274 9
1704642306 11
1704642338 25
1704642370 7
1704642402 13
1704642434 12
1704642466 20
1704642498 9
1704642530 8
1704642562 9
1704642594 25
1704642626 19
1704642658 6
1704642690 2



# Sketch: 21
1704642114 18
1704642146 24
1704642178 7
1704642210 12
1704642242 19
1704642274 17
1704642306 14
1704642338 28
1704642370 15
1704642402 11
1704642434 16
1704642466 29
1704642498 20
1704642530 13
1704642562 12
1704642594 18
1704642626 16
1704642658 17
1704642690 10



# Sketch: 22
1704642114 19
1704642146 31
1704642178 9
1704642210 11
1704642242 12
1704642274 19
1704642306 21
1704642338 13
1704642370 5
1704642402 16
1704642434 16
1704642466 6
1704642498 6
1704642530 9
1704642562 17
1704642594 9
1704642626 11
1704642658 17
1704642690 8



# Sketch: 23
1704642114 10
1704642146 12
1704642178 39
1704642210 28
1704642242 17
1704642274 10
1704642306 37
1704642338 24
1704642370 37
1704642402 32
1704642434 43
1704642466 20
1704642498 16
1704642530 19
1704642562 23
1704642594 8
1704642626 21
1704642658 19
1704642690 17



# Sketch: 24
1704642114 20
1704642146 12
1704642178 34
1704642210 32
1704642242 19
1704642274 17
1704642306 6
1704642338 19
1704642370 20
1704642402 6
1704642434 23
1704642466 14
1704642498 17
1704642530 6
1704642562 13
1704642594 14
1704642626 42
1704642658 17
1704642690 8



# Sketch: 25
1704642114 13
1704642146 10
1704642178 13
1704642210 18
1704642242 14
1704642274 6
1704642306 13
1704642338 11
1704642370 10
1704642402 11
1704642434 9
1704642466 11
1704642498 8
1704642530 9
1704642562 16
1704642594 16
1704642626 19
1704642658 13
1704642690 5



# Sketch: 26
1704642114 13
1704642146 14
1704642178 23
1704642210 26
1704642242 22
1704642274 12
1704642306 16
1704642338 13
1704642370 10
1704642402 15
1704642434 21
1704642466 15
1704642498 11
1704642530 6
1704642562 7
1704642594 9
1704642626 25
1704642658 17
1704642690 12



# Sketch: 27
1704642114 8
1704642146 13
1704642178 11
1704642210 10
1704642242 10
1704642274 17
1704642306 20
1704642338 11
1704642370 15
1704642402 11
1704642434 9
1704642466 7
1704642498 12
1704642530 14
1704642562 10
1704642594 16
1704642626 14
1704642658 7
1704642690 7



# Sketch: 28
1704642114 34
1704642146 13
1704642178 12
1704642210 14
1704642242 25
1704642274 17
1704642306 21
1704642338 23
1704642370 19
1704642402 11
1704642434 9
1704642466 27
1704642498 21
1704642530 21
1704642562 8
1704642594 28
1704642626 23
1704642658 27
1704642690 20



# Sketch: 29
1704642114 19
1704642146 12
1704642178 12
1704642210 20
1704642242 7
1704642274 21
1704642306 7
1704642338 11
1704642370 10
1704642402 29
1704642434 9
1704642466 27
1704642498 14
1704642530 6
1704642562 11
1704642594 8
1704642626 15
1704642658 12
1704642690 16



# Sketch: 30
1704642114 20
1704642146 13
1704642178 14
1704642210 6
1704642242 7
1704642274 18
1704642306 7
1704642338 17
1704642370 15
1704642402 7
1704642434 8
1704642466 14
1704642498 11
1704642530 5
1704642562 20
1704642594 11
1704642626 17
1704642658 14
1704642690 8



# Sketch: 31
1704642114 17
1704642146 11
1704642178 24
1704642210 26
1704642242 13
1704642274 25
1704642306 19
1704642338 23
1704642370 33
1704642402 26
1704642434 45
1704642466 40
1704642498 18
1704642530 43
1704642562 24
1704642594 12
1704642626 16
1704642658 22
1704642690 23

