

# Sketch: 0
1704642714 26
1704642778 27
1704642842 24
1704642906 23
1704642970 20
1704643034 19
1704643098 19
1704643162 24
1704643226 28
1704643290 9



# Sketch: 1
1704642714 20
1704642778 14
1704642842 21
1704642906 29
1704642970 29
1704643034 24
1704643098 23
1704643162 23
1704643226 50
1704643290 13



# Sketch: 2
1704642714 27
1704642778 35
1704642842 31
1704642906 42
1704642970 36
1704643034 44
1704643098 39
1704643162 49
1704643226 43
1704643290 11



# Sketch: 3
1704642714 11
1704642778 22
1704642842 25
1704642906 14
1704642970 17
1704643034 27
1704643098 29
1704643162 18
1704643226 19
1704643290 12



# Sketch: 4
1704642714 26
1704642778 30
1704642842 24
1704642906 46
1704642970 25
1704643034 28
1704643098 35
1704643162 29
1704643226 25
1704643290 18



# Sketch: 5
1704642714 20
1704642778 21
1704642842 43
1704642906 35
1704642970 41
1704643034 22
1704643098 40
1704643162 39
1704643226 36
1704643290 11



# Sketch: 6
1704642714 33
1704642778 34
1704642842 48
1704642906 47
1704642970 44
1704643034 19
1704643098 27
1704643162 42
1704643226 36
1704643290 9



# Sketch: 7
1704642714 27
1704642778 25
1704642842 28
1704642906 27
1704642970 42
1704643034 27
1704643098 34
1704643162 38
1704643226 37
1704643290 11



# Sketch: 8
1704642714 15
1704642778 62
1704642842 14
1704642906 43
1704642970 32
1704643034 56
1704643098 30
1704643162 38
1704643226 56
1704643290 7



# Sketch: 9
1704642714 20
1704642778 30
1704642842 35
1704642906 36
1704642970 40
1704643034 29
1704643098 46
1704643162 60
1704643226 41
1704643290 14



# Sketch: 10
1704642714 18
1704642778 24
1704642842 13
1704642906 24
1704642970 19
1704643034 23
1704643098 30
1704643162 56
1704643226 18
1704643290 11



# Sketch: 11
1704642714 28
1704642778 28
1704642842 39
1704642906 56
1704642970 20
1704643034 24
1704643098 15
1704643162 46
1704643226 27
1704643290 10



# Sketch: 12
1704642714 34
1704642778 46
1704642842 38
1704642906 23
1704642970 34
1704643034 27
1704643098 27
1704643162 33
1704643226 42
1704643290 14



# Sketch: 13
1704642714 23
1704642778 40
1704642842 15
1704642906 43
1704642970 48
1704643034 48
1704643098 41
1704643162 27
1704643226 45
1704643290 18



# Sketch: 14
1704642714 18
1704642778 20
1704642842 33
1704642906 30
1704642970 20
1704643034 29
1704643098 40
1704643162 35
1704643226 26
1704643290 9



# Sketch: 15
1704642714 20
1704642778 38
1704642842 32
1704642906 35
1704642970 45
1704643034 22
1704643098 24
1704643162 47
1704643226 43
1704643290 3



# Sketch: 16
1704642714 31
1704642778 19
1704642842 19
1704642906 53
1704642970 25
1704643034 23
1704643098 27
1704643162 36
1704643226 18
1704643290 16



# Sketch: 17
1704642714 34
1704642778 18
1704642842 34
1704642906 35
1704642970 31
1704643034 24
1704643098 31
1704643162 26
1704643226 23
1704643290 12



# Sketch: 18
1704642714 26
1704642778 41
1704642842 21
1704642906 27
1704642970 35
1704643034 17
1704643098 29
1704643162 32
1704643226 57
1704643290 24



# Sketch: 19
1704642714 20
1704642778 23
1704642842 47
1704642906 10
1704642970 26
1704643034 21
1704643098 22
1704643162 28
1704643226 18
1704643290 8



# Sketch: 20
1704642714 26
1704642778 12
1704642842 26
1704642906 33
1704642970 26
1704643034 22
1704643098 25
1704643162 33
1704643226 29
1704643290 11



# Sketch: 21
1704642714 27
1704642778 40
1704642842 43
1704642906 26
1704642970 38
1704643034 24
1704643098 33
1704643162 25
1704643226 32
1704643290 9



# Sketch: 22
1704642714 31
1704642778 14
1704642842 22
1704642906 44
1704642970 17
1704643034 31
1704643098 21
1704643162 25
1704643226 25
1704643290 11



# Sketch: 23
1704642714 29
1704642778 26
1704642842 27
1704642906 71
1704642970 35
1704643034 35
1704643098 61
1704643162 51
1704643226 36
1704643290 13



# Sketch: 24
1704642714 33
1704642778 29
1704642842 17
1704642906 9
1704642970 23
1704643034 23
1704643098 21
1704643162 19
1704643226 27
1704643290 6



# Sketch: 25
1704642714 31
1704642778 54
1704642842 29
1704642906 20
1704642970 38
1704643034 33
1704643098 59
1704643162 42
1704643226 29
1704643290 25



# Sketch: 26
1704642714 18
1704642778 25
1704642842 40
1704642906 39
1704642970 31
1704643034 39
1704643098 27
1704643162 28
1704643226 42
1704643290 9



# Sketch: 27
1704642714 16
1704642778 24
1704642842 17
1704642906 28
1704642970 24
1704643034 22
1704643098 27
1704643162 32
1704643226 35
1704643290 17



# Sketch: 28
1704642714 26
1704642778 29
1704642842 22
1704642906 29
1704642970 27
1704643034 28
1704643098 35
1704643162 24
1704643226 13
1704643290 14



# Sketch: 29
1704642714 26
1704642778 14
1704642842 39
1704642906 31
1704642970 23
1704643034 22
1704643098 29
1704643162 25
1704643226 19
1704643290 4



# Sketch: 30
1704642714 26
1704642778 23
1704642842 36
1704642906 20
1704642970 44
1704643034 26
1704643098 36
1704643162 33
1704643226 35
1704643290 13



# Sketch: 31
1704642714 25
1704642778 32
1704642842 33
1704642906 26
1704642970 22
1704643034 9
1704643098 19
1704643162 29
1704643226 30
1704643290 11

