

# Sketch: 0
1704642714 9
1704642746 5
1704642778 12
1704642810 13
1704642842 7
1704642874 15
1704642906 4
1704642938 13
1704642970 10
1704643002 12
1704643034 13
1704643066 8
1704643098 20
1704643130 8
1704643162 10
1704643194 13
1704643226 27
1704643258 10
1704643290 13



# Sketch: 1
1704642714 21
1704642746 10
1704642778 19
1704642810 21
1704642842 13
1704642874 19
1704642906 13
1704642938 16
1704642970 15
1704643002 5
1704643034 20
1704643066 14
1704643098 22
1704643130 11
1704643162 9
1704643194 17
1704643226 16
1704643258 9
1704643290 12



# Sketch: 2
1704642714 21
1704642746 7
1704642778 8
1704642810 11
1704642842 15
1704642874 4
1704642906 15
1704642938 12
1704642970 21
1704643002 18
1704643034 9
1704643066 11
1704643098 13
1704643130 9
1704643162 8
1704643194 26
1704643226 15
1704643258 16
1704643290 12



# Sketch: 3
1704642714 28
1704642746 16
1704642778 20
1704642810 16
1704642842 21
1704642874 18
1704642906 22
1704642938 19
1704642970 26
1704643002 26
1704643034 23
1704643066 12
1704643098 25
1704643130 16
1704643162 27
1704643194 25
1704643226 13
1704643258 25
1704643290 18



# Sketch: 4
1704642714 10
1704642746 5
1704642778 13
1704642810 14
1704642842 3
1704642874 17
1704642906 8
1704642938 23
1704642970 33
1704643002 9
1704643034 20
1704643066 11
1704643098 15
1704643130 19
1704643162 14
1704643194 16
1704643226 7
1704643258 21
1704643290 23



# Sketch: 5
1704642714 18
1704642746 11
1704642778 5
1704642810 15
1704642842 18
1704642874 24
1704642906 16
1704642938 9
1704642970 12
1704643002 15
1704643034 6
1704643066 11
1704643098 19
1704643130 14
1704643162 5
1704643194 23
1704643226 9
1704643258 4
1704643290 9



# Sketch: 6
1704642714 13
1704642746 8
1704642778 17
1704642810 11
1704642842 15
1704642874 8
1704642906 10
1704642938 16
1704642970 26
1704643002 8
1704643034 4
1704643066 15
1704643098 13
1704643130 6
1704643162 18
1704643194 18
1704643226 10
1704643258 17
1704643290 5



# Sketch: 7
1704642714 8
1704642746 7
1704642778 14
1704642810 20
1704642842 13
1704642874 9
1704642906 14
1704642938 11
1704642970 10
1704643002 12
1704643034 13
1704643066 10
1704643098 17
1704643130 12
1704643162 25
1704643194 13
1704643226 11
1704643258 9
1704643290 7



# Sketch: 8
1704642714 18
1704642746 10
1704642778 14
1704642810 12
1704642842 25
1704642874 11
1704642906 26
1704642938 13
1704642970 10
1704643002 15
1704643034 11
1704643066 6
1704643098 8
1704643130 9
1704643162 17
1704643194 26
1704643226 15
1704643258 19
1704643290 15



# Sketch: 9
1704642714 9
1704642746 14
1704642778 11
1704642810 3
1704642842 29
1704642874 19
1704642906 18
1704642938 16
1704642970 36
1704643002 14
1704643034 11
1704643066 14
1704643098 25
1704643130 7
1704643162 13
1704643194 19
1704643226 21
1704643258 8
1704643290 21



# Sketch: 10
1704642714 9
1704642746 10
1704642778 16
1704642810 3
1704642842 17
1704642874 8
1704642906 11
1704642938 12
1704642970 17
1704643002 9
1704643034 12
1704643066 11
1704643098 7
1704643130 10
1704643162 5
1704643194 18
1704643226 9
1704643258 4
1704643290 15



# Sketch: 11
1704642714 21
1704642746 9
1704642778 8
1704642810 6
1704642842 27
1704642874 8
1704642906 40
1704642938 16
1704642970 12
1704643002 7
1704643034 21
1704643066 13
1704643098 20
1704643130 10
1704643162 9
1704643194 29
1704643226 23
1704643258 5
1704643290 21



# Sketch: 12
1704642714 14
1704642746 16
1704642778 8
1704642810 10
1704642842 13
1704642874 28
1704642906 14
1704642938 19
1704642970 13
1704643002 18
1704643034 14
1704643066 19
1704643098 16
1704643130 17
1704643162 18
1704643194 20
1704643226 18
1704643258 52
1704643290 9



# Sketch: 13
1704642714 12
1704642746 23
1704642778 10
1704642810 11
1704642842 5
1704642874 15
1704642906 9
1704642938 18
1704642970 22
1704643002 4
1704643034 19
1704643066 15
1704643098 11
1704643130 21
1704643162 12
1704643194 21
1704643226 9
1704643258 17
1704643290 5



# Sketch: 14
1704642714 21
1704642746 9
1704642778 11
1704642810 14
1704642842 10
1704642874 9
1704642906 9
1704642938 23
1704642970 36
1704643002 16
1704643034 9
1704643066 16
1704643098 20
1704643130 8
1704643162 10
1704643194 30
1704643226 28
1704643258 16
1704643290 16



# Sketch: 15
1704642714 17
1704642746 3
1704642778 10
1704642810 9
1704642842 24
1704642874 6
1704642906 11
1704642938 24
1704642970 8
1704643002 10
1704643034 10
1704643066 5
1704643098 12
1704643130 17
1704643162 13
1704643194 19
1704643226 15
1704643258 18
1704643290 11



# Sketch: 16
1704642714 15
1704642746 14
1704642778 26
1704642810 19
1704642842 8
1704642874 14
1704642906 21
1704642938 17
1704642970 11
1704643002 26
1704643034 12
1704643066 16
1704643098 22
1704643130 23
1704643162 19
1704643194 14
1704643226 24
1704643258 31
1704643290 2



# Sketch: 17
1704642714 11
1704642746 8
1704642778 8
1704642810 32
1704642842 15
1704642874 13
1704642906 14
1704642938 18
1704642970 8
1704643002 12
1704643034 21
1704643066 5
1704643098 15
1704643130 17
1704643162 11
1704643194 12
1704643226 39
1704643258 12
1704643290 11



# Sketch: 18
1704642714 11
1704642746 4
1704642778 10
1704642810 10
1704642842 5
1704642874 14
1704642906 14
1704642938 11
1704642970 9
1704643002 12
1704643034 9
1704643066 9
1704643098 10
1704643130 17
1704643162 7
1704643194 17
1704643226 29
1704643258 8
1704643290 5



# Sketch: 19
1704642714 17
1704642746 10
1704642778 15
1704642810 19
1704642842 17
1704642874 20
1704642906 15
1704642938 21
1704642970 17
1704643002 5
1704643034 9
1704643066 13
1704643098 20
1704643130 16
1704643162 10
1704643194 26
1704643226 12
1704643258 11
1704643290 6



# Sketch: 20
1704642714 16
1704642746 12
1704642778 41
1704642810 15
1704642842 11
1704642874 18
1704642906 7
1704642938 14
1704642970 18
1704643002 26
1704643034 13
1704643066 7
1704643098 30
1704643130 12
1704643162 12
1704643194 19
1704643226 21
1704643258 11
1704643290 11



# Sketch: 21
1704642714 6
1704642746 6
1704642778 8
1704642810 15
1704642842 12
1704642874 8
1704642906 6
1704642938 37
1704642970 15
1704643002 9
1704643034 11
1704643066 8
1704643098 15
1704643130 11
1704643162 11
1704643194 16
1704643226 8
1704643258 6
1704643290 6



# Sketch: 22
1704642714 18
1704642746 31
1704642778 16
1704642810 13
1704642842 17
1704642874 4
1704642906 10
1704642938 18
1704642970 13
1704643002 10
1704643034 17
1704643066 20
1704643098 17
1704643130 7
1704643162 5
1704643194 21
1704643226 22
1704643258 22
1704643290 14



# Sketch: 23
1704642714 15
1704642746 1
1704642778 6
1704642810 19
1704642842 13
1704642874 20
1704642906 15
1704642938 19
1704642970 15
1704643002 8
1704643034 10
1704643066 18
1704643098 19
1704643130 17
1704643162 11
1704643194 18
1704643226 11
1704643258 10
1704643290 12



# Sketch: 24
1704642714 11
1704642746 8
1704642778 25
1704642810 6
1704642842 6
1704642874 23
1704642906 33
1704642938 16
1704642970 19
1704643002 5
1704643034 13
1704643066 7
1704643098 24
1704643130 23
1704643162 4
1704643194 15
1704643226 16
1704643258 21
1704643290 6



# Sketch: 25
1704642714 16
1704642746 18
1704642778 22
1704642810 9
1704642842 15
1704642874 30
1704642906 20
1704642938 22
1704642970 38
1704643002 23
1704643034 18
1704643066 7
1704643098 11
1704643130 19
1704643162 6
1704643194 26
1704643226 21
1704643258 8
1704643290 11



# Sketch: 26
1704642714 14
1704642746 5
1704642778 22
1704642810 4
1704642842 13
1704642874 10
1704642906 21
1704642938 9
1704642970 12
1704643002 10
1704643034 11
1704643066 12
1704643098 12
1704643130 14
1704643162 15
1704643194 25
1704643226 16
1704643258 19
1704643290 16



# Sketch: 27
1704642714 17
1704642746 7
1704642778 12
1704642810 7
1704642842 23
1704642874 9
1704642906 14
1704642938 13
1704642970 21
1704643002 17
1704643034 21
1704643066 14
1704643098 22
1704643130 17
1704643162 22
1704643194 28
1704643226 22
1704643258 22
1704643290 9



# Sketch: 28
1704642714 5
1704642746 4
1704642778 36
1704642810 11
1704642842 9
1704642874 37
1704642906 10
1704642938 12
1704642970 13
1704643002 17
1704643034 8
1704643066 12
1704643098 9
1704643130 10
1704643162 11
1704643194 35
1704643226 6
1704643258 6
1704643290 8



# Sketch: 29
1704642714 14
1704642746 5
1704642778 24
1704642810 16
1704642842 16
1704642874 10
1704642906 26
1704642938 19
1704642970 13
1704643002 18
1704643034 23
1704643066 37
1704643098 21
1704643130 29
1704643162 20
1704643194 19
1704643226 20
1704643258 28
1704643290 10



# Sketch: 30
1704642714 10
1704642746 10
1704642778 7
1704642810 9
1704642842 9
1704642874 18
1704642906 9
1704642938 12
1704642970 11
1704643002 10
1704643034 12
1704643066 9
1704643098 18
1704643130 11
1704643162 28
1704643194 13
1704643226 16
1704643258 8
1704643290 19



# Sketch: 31
1704642714 15
1704642746 25
1704642778 32
1704642810 20
1704642842 17
1704642874 8
1704642906 28
1704642938 33
1704642970 15
1704643002 16
1704643034 27
1704643066 32
1704643098 15
1704643130 21
1704643162 24
1704643194 26
1704643226 20
1704643258 18
1704643290 25

