

# Sketch: 0
0 0.511312
1 0.535317
2 0.585199
3 0.46334
4 0.451231
5 1.10599
6 0.913571
7 0.775068



# Sketch: 1
0 0.162087
1 0.0658875
2 0.431003
3 0.611259
4 0.535292
5 0.489191
6 0.473997
7 0.746789



# Sketch: 2
0 0.51641
1 0.493329
2 0.464792
3 0.466443
4 0.468877
5 0.420735
6 0.470482
7 0.67611



# Sketch: 3
0 0.63378
1 0.570404
2 0.537829
3 0.529233
4 0.504047
5 0.527118
6 0.4607
7 0.446554



# Sketch: 4
0 0.381352
1 0.380879
2 0.406307
3 0.39643
4 0.378783
5 0.374004
6 0.444545
7 0.553908



# Sketch: 5
0 0.788927
1 0.849034
2 0.875778
3 0.952452
4 1.62386
5 0.92656
6 1.6141
7 0.657032



# Sketch: 6
0 0.385978
1 0.497024
2 0.292096
3 0.416383
4 0.445708
5 0.3529
6 0.357171
7 0.767402



# Sketch: 7
0 0.408411
1 0.405284
2 0.254674
3 0.108004
4 0.158155
5 0.383394
6 0.382842
7 1.02699



# Sketch: 8
0 0.46008
1 0.797186
2 1.1034
3 1.12945
4 0.683248
5 0.438558
6 0.3842
7 0.597449



# Sketch: 9
0 0.782815
1 0.809216
2 0.614934
3 0.38621
4 0.333356
5 0.33954
6 0.590195
7 3.39829



# Sketch: 10
0 0.469714
1 0.690443
2 0.437063
3 0.418436
4 0.403404
5 0.417379
6 0.734057
7 0.781661



# Sketch: 11
0 0.727703
1 0.701843
2 0.642589
3 0.706487
4 0.621126
5 0.569853
6 0.543751
7 0.414736



# Sketch: 12
0 1.22139
1 1.22338
2 1.39409
3 1.39343
4 0.595758
5 0.231849
6 0.913971
7 0.480342



# Sketch: 13
0 0.914452
1 0.881727
2 0.886179
3 0.804578
4 0.632017
5 0.643654
6 0.636741
7 0.691069



# Sketch: 14
0 0.635863
1 0.482434
2 0.820475
3 0.776649
4 0.841281
5 0.528923
6 0.382215
7 0.668606



# Sketch: 15
0 0.543619
1 0.533416
2 0.341083
3 0.638424
4 0.279691
5 0.289177
6 0.321008
7 0.588374



# Sketch: 16
0 0.971615
1 1.08582
2 0.813963
3 0.699654
4 0.595155
5 0.482712
6 0.550459
7 0.431909



# Sketch: 17
0 0.617015
1 0.423
2 0.31923
3 0.363698
4 0.250984
5 0.332857
6 0.318088
7 0.39574



# Sketch: 18
0 0.326942
1 0.33108
2 0.256829
3 0.297365
4 0.385791
5 0.313266
6 0.334486
7 0.419287



# Sketch: 19
0 0.474529
1 0.398239
2 0.266943
3 0.149103
4 0.618368
5 1.30953
6 1.47267
7 3.0422



# Sketch: 20
0 1.06064
1 1.08682
2 0.908583
3 0.86753
4 0.730429
5 0.682003
6 0.641861
7 0.555636



# Sketch: 21
0 2.16087
1 2.02925
2 1.9562
3 2.0537
4 1.59722
5 1.04199
6 1.52428
7 0.474182



# Sketch: 22
0 1.74523
1 1.56019
2 0.91877
3 0.942091
4 0.439905
5 0.238657
6 0.435738
7 0.501039



# Sketch: 23
0 1.28528
1 1.22483
2 1.0527
3 0.980494
4 0.78618
5 0.560637
6 0.625843
7 0.822139



# Sketch: 24
0 0.817928
1 0.866997
2 1.1428
3 0.920514
4 0.964118
5 0.643952
6 0.825856
7 0.401961



# Sketch: 25
0 0.818979
1 0.620515
2 0.337622
3 0.245513
4 0.223907
5 0.279742
6 0.353825
7 0.55768



# Sketch: 26
0 0.653907
1 0.42153
2 0.281188
3 0.20458
4 0.292931
5 0.151656
6 0.262509
7 0.475623



# Sketch: 27
0 0.416385
1 0.356613
2 0.387192
3 0.67389
4 0.773608
5 0.75327
6 0.373482
7 1.91033



# Sketch: 28
0 0.417851
1 0.367852
2 0.40701
3 0.230256
4 0.267102
5 0.467218
6 0.334347
7 0.375833



# Sketch: 29
0 0.527525
1 0.515243
2 0.495345
3 0.556957
4 0.456219
5 0.408582
6 0.422961
7 0.745499



# Sketch: 30
0 0.714787
1 0.50448
2 0.466841
3 0.402557
4 0.466253
5 0.478063
6 0.519343
7 1.17024



# Sketch: 31
0 1.35467
1 1.19932
2 0.674766
3 0.852096
4 0.774594
5 0.145997
6 0.165984
7 0.436816

