

# Sketch: 0
0 1.4472
1 1.5155
2 1.05075
3 0.81257
4 0.717772
5 0.116748
6 0.520149
7 0.330099



# Sketch: 1
0 1.58321
1 1.81784
2 1.97941
3 1.73168
4 0.854766
5 0.689987
6 0.434178
7 0.36706



# Sketch: 2
0 0.793406
1 0.829447
2 0.803128
3 0.831688
4 0.785785
5 1.55577
6 1.5059
7 1.52132



# Sketch: 3
0 0.812785
1 0.821579
2 0.754001
3 0.784363
4 0.938066
5 1.00961
6 0.870949
7 0.601865



# Sketch: 4
0 1.58703
1 1.76319
2 2.21024
3 2.36684
4 0.882133
5 0.274486
6 0.0646294
7 0.389438



# Sketch: 5
0 2.6181
1 2.24562
2 1.57612
3 1.5265
4 1.14799
5 0.877164
6 1.78683
7 1.84777



# Sketch: 6
0 0.809306
1 0.809191
2 0.701462
3 0.70379
4 0.707379
5 0.550597
6 0.79081
7 0.874856



# Sketch: 7
0 0.618265
1 0.673856
2 0.454881
3 0.452218
4 0.387315
5 0.360346
6 0.313113
7 0.526264



# Sketch: 8
0 1.01419
1 1.03924
2 0.992784
3 0.973795
4 0.81974
5 0.682865
6 0.476753
7 0.581105



# Sketch: 9
0 0.25355
1 0.285743
2 0.432731
3 0.402065
4 0.131512
5 0.165002
6 0.696722
7 0.729201



# Sketch: 10
0 0.333251
1 0.0308714
2 0.0609748
3 0.0547798
4 0.176378
5 0.949967
6 1.48991
7 2.40926



# Sketch: 11
0 0.758011
1 0.755721
2 0.733604
3 0.959606
4 0.829659
5 0.64231
6 0.431783
7 0.533151



# Sketch: 12
0 0.604107
1 0.592087
2 0.580373
3 0.566669
4 0.481573
5 0.311745
6 0.384497
7 0.540538



# Sketch: 13
0 0.515842
1 0.651534
2 0.28111
3 0.455617
4 0.256015
5 0.650034
6 0.311016
7 0.430568



# Sketch: 14
0 0.477436
1 0.267187
2 0.187588
3 0.317613
4 0.40304
5 0.968346
6 0.537772
7 0.427706



# Sketch: 15
0 2.53143
1 2.48547
2 2.26362
3 2.06404
4 1.54811
5 1.11494
6 0.399826
7 0.913274



# Sketch: 16
0 0.455808
1 0.361808
2 0.408768
3 0.323434
4 0.378136
5 0.384795
6 0.750344
7 0.484738



# Sketch: 17
0 0.794835
1 0.788561
2 0.7349
3 0.73742
4 0.619529
5 0.393913
6 0.446153
7 0.520655



# Sketch: 18
0 0.218709
1 0.309944
2 0.245987
3 0.235857
4 0.228084
5 0.446572
6 0.264206
7 0.471926



# Sketch: 19
0 0.494225
1 0.656997
2 0.564716
3 0.218109
4 0.286882
5 0.39913
6 1.15596
7 0.945286



# Sketch: 20
0 0.237587
1 0.20113
2 0.260585
3 0.241363
4 0.359553
5 0.328725
6 0.428959
7 0.424437



# Sketch: 21
0 0.67038
1 0.589866
2 0.653993
3 0.671884
4 1.10104
5 1.51718
6 1.01864
7 0.492899



# Sketch: 22
0 0.441595
1 0.502179
2 0.467501
3 0.433832
4 0.467145
5 0.734325
6 0.726849
7 0.516385



# Sketch: 23
0 0.893772
1 1.09328
2 1.46458
3 1.49663
4 2.50799
5 3.63725
6 3.56299
7 1.36155



# Sketch: 24
0 0.61497
1 0.551106
2 0.608571
3 0.596776
4 0.478281
5 0.693636
6 0.732093
7 0.540772



# Sketch: 25
0 0.33689
1 0.26491
2 0.0710748
3 0.194156
4 0.540503
5 0.435614
6 0.203582
7 0.37734



# Sketch: 26
0 1.07591
1 0.816134
2 0.413162
3 0.397381
4 0.675585
5 0.495323
6 0.317133
7 0.458986



# Sketch: 27
0 0.285618
1 0.240484
2 0.251245
3 0.291788
4 0.379558
5 0.342746
6 0.672322
7 3.09974



# Sketch: 28
0 0.419167
1 0.451336
2 0.447728
3 0.432704
4 0.385602
5 0.529976
6 0.371407
7 0.529377



# Sketch: 29
0 0.490676
1 0.745041
2 0.58153
3 0.338034
4 0.594382
5 0.566628
6 0.593948
7 0.93977



# Sketch: 30
0 0.341756
1 0.294505
2 0.395543
3 0.632789
4 0.478483
5 0.672529
6 0.333113
7 0.452471



# Sketch: 31
0 0.334089
1 0.351051
2 0.288743
3 0.26847
4 0.270266
5 0.658894
6 0.320601
7 0.322939

