

# Sketch: 0
1704643314 18
1704643346 16
1704643378 8
1704643410 6
1704643442 16
1704643474 14
1704643506 10
1704643538 9
1704643570 13
1704643602 8
1704643634 10
1704643666 21
1704643698 11
1704643730 38
1704643762 22
1704643794 11
1704643826 16
1704643858 12
1704643890 9



# Sketch: 1
1704643314 27
1704643346 18
1704643378 34
1704643410 30
1704643442 19
1704643474 20
1704643506 33
1704643538 20
1704643570 43
1704643602 19
1704643634 41
1704643666 37
1704643698 21
1704643730 28
1704643762 22
1704643794 17
1704643826 13
1704643858 27
1704643890 19



# Sketch: 2
1704643314 14
1704643346 10
1704643378 9
1704643410 5
1704643442 15
1704643474 11
1704643506 11
1704643538 13
1704643570 12
1704643602 8
1704643634 7
1704643666 3
1704643698 14
1704643730 17
1704643762 13
1704643794 14
1704643826 14
1704643858 21
1704643890 6



# Sketch: 3
1704643314 13
1704643346 22
1704643378 15
1704643410 17
1704643442 14
1704643474 14
1704643506 21
1704643538 9
1704643570 7
1704643602 19
1704643634 27
1704643666 12
1704643698 17
1704643730 11
1704643762 13
1704643794 18
1704643826 14
1704643858 20
1704643890 10



# Sketch: 4
1704643314 11
1704643346 20
1704643378 10
1704643410 4
1704643442 29
1704643474 7
1704643506 20
1704643538 12
1704643570 4
1704643602 17
1704643634 15
1704643666 6
1704643698 6
1704643730 10
1704643762 22
1704643794 7
1704643826 13
1704643858 20
1704643890 9



# Sketch: 5
1704643314 20
1704643346 9
1704643378 29
1704643410 5
1704643442 10
1704643474 22
1704643506 24
1704643538 11
1704643570 12
1704643602 10
1704643634 9
1704643666 13
1704643698 19
1704643730 28
1704643762 16
1704643794 14
1704643826 13
1704643858 23
1704643890 10



# Sketch: 6
1704643314 13
1704643346 12
1704643378 22
1704643410 12
1704643442 16
1704643474 25
1704643506 15
1704643538 11
1704643570 18
1704643602 24
1704643634 26
1704643666 19
1704643698 18
1704643730 11
1704643762 12
1704643794 21
1704643826 10
1704643858 25
1704643890 9



# Sketch: 7
1704643314 34
1704643346 11
1704643378 18
1704643410 13
1704643442 23
1704643474 13
1704643506 18
1704643538 15
1704643570 21
1704643602 18
1704643634 33
1704643666 13
1704643698 16
1704643730 15
1704643762 20
1704643794 12
1704643826 6
1704643858 32
1704643890 15



# Sketch: 8
1704643314 13
1704643346 10
1704643378 10
1704643410 4
1704643442 16
1704643474 23
1704643506 26
1704643538 8
1704643570 9
1704643602 18
1704643634 12
1704643666 36
1704643698 14
1704643730 16
1704643762 14
1704643794 12
1704643826 15
1704643858 11
1704643890 8



# Sketch: 9
1704643314 14
1704643346 7
1704643378 10
1704643410 14
1704643442 32
1704643474 7
1704643506 14
1704643538 17
1704643570 16
1704643602 17
1704643634 20
1704643666 15
1704643698 17
1704643730 17
1704643762 16
1704643794 19
1704643826 8
1704643858 19
1704643890 15



# Sketch: 10
1704643314 3
1704643346 11
1704643378 11
1704643410 9
1704643442 17
1704643474 7
1704643506 6
1704643538 13
1704643570 23
1704643602 20
1704643634 23
1704643666 19
1704643698 12
1704643730 13
1704643762 11
1704643794 19
1704643826 19
1704643858 13
1704643890 4



# Sketch: 11
1704643314 13
1704643346 12
1704643378 25
1704643410 15
1704643442 18
1704643474 11
1704643506 13
1704643538 43
1704643570 17
1704643602 11
1704643634 13
1704643666 27
1704643698 12
1704643730 29
1704643762 5
1704643794 17
1704643826 17
1704643858 16
1704643890 20



# Sketch: 12
1704643314 8
1704643346 12
1704643378 12
1704643410 33
1704643442 24
1704643474 18
1704643506 11
1704643538 13
1704643570 8
1704643602 16
1704643634 8
1704643666 11
1704643698 10
1704643730 15
1704643762 10
1704643794 11
1704643826 19
1704643858 13
1704643890 5



# Sketch: 13
1704643314 17
1704643346 5
1704643378 30
1704643410 10
1704643442 16
1704643474 9
1704643506 21
1704643538 7
1704643570 12
1704643602 14
1704643634 17
1704643666 17
1704643698 18
1704643730 12
1704643762 13
1704643794 30
1704643826 15
1704643858 17
1704643890 17



# Sketch: 14
1704643314 16
1704643346 11
1704643378 12
1704643410 8
1704643442 29
1704643474 22
1704643506 18
1704643538 11
1704643570 22
1704643602 11
1704643634 11
1704643666 13
1704643698 12
1704643730 8
1704643762 12
1704643794 21
1704643826 22
1704643858 17
1704643890 21



# Sketch: 15
1704643314 41
1704643346 23
1704643378 29
1704643410 17
1704643442 34
1704643474 40
1704643506 23
1704643538 16
1704643570 24
1704643602 24
1704643634 28
1704643666 27
1704643698 23
1704643730 21
1704643762 18
1704643794 31
1704643826 18
1704643858 40
1704643890 17



# Sketch: 16
1704643314 28
1704643346 9
1704643378 27
1704643410 11
1704643442 7
1704643474 18
1704643506 14
1704643538 7
1704643570 16
1704643602 12
1704643634 20
1704643666 33
1704643698 29
1704643730 4
1704643762 31
1704643794 24
1704643826 27
1704643858 26
1704643890 14



# Sketch: 17
1704643314 18
1704643346 14
1704643378 7
1704643410 7
1704643442 16
1704643474 5
1704643506 10
1704643538 15
1704643570 10
1704643602 18
1704643634 22
1704643666 11
1704643698 12
1704643730 4
1704643762 16
1704643794 17
1704643826 9
1704643858 16
1704643890 8



# Sketch: 18
1704643314 22
1704643346 11
1704643378 17
1704643410 15
1704643442 13
1704643474 7
1704643506 12
1704643538 16
1704643570 8
1704643602 18
1704643634 7
1704643666 10
1704643698 13
1704643730 6
1704643762 20
1704643794 10
1704643826 14
1704643858 16
1704643890 9



# Sketch: 19
1704643314 17
1704643346 11
1704643378 18
1704643410 11
1704643442 20
1704643474 21
1704643506 4
1704643538 15
1704643570 20
1704643602 17
1704643634 19
1704643666 15
1704643698 16
1704643730 10
1704643762 11
1704643794 37
1704643826 18
1704643858 25
1704643890 18



# Sketch: 20
1704643314 13
1704643346 11
1704643378 11
1704643410 11
1704643442 27
1704643474 20
1704643506 14
1704643538 6
1704643570 17
1704643602 19
1704643634 14
1704643666 17
1704643698 49
1704643730 27
1704643762 27
1704643794 38
1704643826 27
1704643858 11
1704643890 9



# Sketch: 21
1704643314 18
1704643346 13
1704643378 21
1704643410 14
1704643442 12
1704643474 11
1704643506 7
1704643538 15
1704643570 17
1704643602 19
1704643634 36
1704643666 11
1704643698 11
1704643730 24
1704643762 12
1704643794 22
1704643826 9
1704643858 14
1704643890 30



# Sketch: 22
1704643314 33
1704643346 12
1704643378 14
1704643410 13
1704643442 44
1704643474 13
1704643506 15
1704643538 19
1704643570 14
1704643602 16
1704643634 27
1704643666 22
1704643698 31
1704643730 40
1704643762 38
1704643794 25
1704643826 30
1704643858 11
1704643890 59



# Sketch: 23
1704643314 14
1704643346 11
1704643378 6
1704643410 15
1704643442 9
1704643474 13
1704643506 15
1704643538 17
1704643570 7
1704643602 14
1704643634 21
1704643666 13
1704643698 19
1704643730 21
1704643762 17
1704643794 19
1704643826 13
1704643858 11
1704643890 3



# Sketch: 24
1704643314 16
1704643346 16
1704643378 10
1704643410 24
1704643442 25
1704643474 19
1704643506 14
1704643538 9
1704643570 10
1704643602 3
1704643634 33
1704643666 7
1704643698 14
1704643730 7
1704643762 17
1704643794 14
1704643826 12
1704643858 16
1704643890 8



# Sketch: 25
1704643314 19
1704643346 16
1704643378 12
1704643410 8
1704643442 13
1704643474 13
1704643506 7
1704643538 25
1704643570 15
1704643602 22
1704643634 19
1704643666 15
1704643698 15
1704643730 11
1704643762 17
1704643794 15
1704643826 14
1704643858 19
1704643890 12



# Sketch: 26
1704643314 18
1704643346 11
1704643378 24
1704643410 13
1704643442 17
1704643474 12
1704643506 13
1704643538 16
1704643570 13
1704643602 13
1704643634 13
1704643666 37
1704643698 12
1704643730 7
1704643762 9
1704643794 25
1704643826 16
1704643858 19
1704643890 15



# Sketch: 27
1704643314 19
1704643346 13
1704643378 14
1704643410 14
1704643442 15
1704643474 4
1704643506 11
1704643538 10
1704643570 15
1704643602 38
1704643634 26
1704643666 24
1704643698 17
1704643730 20
1704643762 30
1704643794 33
1704643826 20
1704643858 12
1704643890 17



# Sketch: 28
1704643314 10
1704643346 10
1704643378 21
1704643410 13
1704643442 5
1704643474 16
1704643506 11
1704643538 8
1704643570 18
1704643602 18
1704643634 20
1704643666 35
1704643698 18
1704643730 5
1704643762 23
1704643794 16
1704643826 12
1704643858 18
1704643890 9



# Sketch: 29
1704643314 18
1704643346 3
1704643378 22
1704643410 27
1704643442 14
1704643474 11
1704643506 35
1704643538 16
1704643570 33
1704643602 22
1704643634 25
1704643666 14
1704643698 18
1704643730 26
1704643762 24
1704643794 21
1704643826 12
1704643858 29
1704643890 16



# Sketch: 30
1704643314 24
1704643346 21
1704643378 16
1704643410 13
1704643442 6
1704643474 10
1704643506 10
1704643538 7
1704643570 12
1704643602 26
1704643634 10
1704643666 13
1704643698 22
1704643730 9
1704643762 12
1704643794 23
1704643826 16
1704643858 14
1704643890 9



# Sketch: 31
1704643314 27
1704643346 12
1704643378 18
1704643410 10
1704643442 28
1704643474 7
1704643506 4
1704643538 24
1704643570 15
1704643602 16
1704643634 7
1704643666 9
1704643698 7
1704643730 13
1704643762 15
1704643794 16
1704643826 25
1704643858 19
1704643890 9

