

# Sketch: 0
1704643314 20
1704643378 35
1704643442 32
1704643506 28
1704643570 22
1704643634 70
1704643698 43
1704643762 39
1704643826 35
1704643890 12



# Sketch: 1
1704643314 31
1704643378 16
1704643442 31
1704643506 19
1704643570 20
1704643634 26
1704643698 22
1704643762 31
1704643826 34
1704643890 5



# Sketch: 2
1704643314 30
1704643378 35
1704643442 19
1704643506 53
1704643570 51
1704643634 48
1704643698 38
1704643762 33
1704643826 37
1704643890 10



# Sketch: 3
1704643314 25
1704643378 27
1704643442 32
1704643506 15
1704643570 14
1704643634 28
1704643698 15
1704643762 22
1704643826 19
1704643890 9



# Sketch: 4
1704643314 18
1704643378 27
1704643442 20
1704643506 23
1704643570 38
1704643634 41
1704643698 42
1704643762 44
1704643826 48
1704643890 10



# Sketch: 5
1704643314 31
1704643378 34
1704643442 23
1704643506 38
1704643570 49
1704643634 33
1704643698 20
1704643762 28
1704643826 23
1704643890 21



# Sketch: 6
1704643314 42
1704643378 35
1704643442 37
1704643506 26
1704643570 33
1704643634 35
1704643698 73
1704643762 24
1704643826 50
1704643890 12



# Sketch: 7
1704643314 38
1704643378 20
1704643442 53
1704643506 20
1704643570 34
1704643634 31
1704643698 33
1704643762 37
1704643826 46
1704643890 14



# Sketch: 8
1704643314 43
1704643378 50
1704643442 42
1704643506 35
1704643570 27
1704643634 39
1704643698 82
1704643762 70
1704643826 46
1704643890 32



# Sketch: 9
1704643314 24
1704643378 35
1704643442 27
1704643506 24
1704643570 29
1704643634 32
1704643698 19
1704643762 32
1704643826 32
1704643890 15



# Sketch: 10
1704643314 21
1704643378 29
1704643442 31
1704643506 29
1704643570 24
1704643634 32
1704643698 38
1704643762 29
1704643826 37
1704643890 13



# Sketch: 11
1704643314 33
1704643378 28
1704643442 41
1704643506 17
1704643570 53
1704643634 35
1704643698 30
1704643762 23
1704643826 18
1704643890 11



# Sketch: 12
1704643314 52
1704643378 32
1704643442 40
1704643506 42
1704643570 38
1704643634 71
1704643698 31
1704643762 47
1704643826 31
1704643890 12



# Sketch: 13
1704643314 31
1704643378 57
1704643442 47
1704643506 50
1704643570 23
1704643634 41
1704643698 42
1704643762 40
1704643826 37
1704643890 19



# Sketch: 14
1704643314 25
1704643378 20
1704643442 45
1704643506 27
1704643570 31
1704643634 29
1704643698 16
1704643762 41
1704643826 29
1704643890 9



# Sketch: 15
1704643314 32
1704643378 34
1704643442 37
1704643506 23
1704643570 32
1704643634 36
1704643698 37
1704643762 35
1704643826 34
1704643890 15



# Sketch: 16
1704643314 26
1704643378 26
1704643442 51
1704643506 18
1704643570 31
1704643634 29
1704643698 35
1704643762 21
1704643826 43
1704643890 10



# Sketch: 17
1704643314 35
1704643378 35
1704643442 45
1704643506 25
1704643570 26
1704643634 30
1704643698 27
1704643762 34
1704643826 28
1704643890 7



# Sketch: 18
1704643314 25
1704643378 18
1704643442 33
1704643506 14
1704643570 57
1704643634 29
1704643698 34
1704643762 23
1704643826 34
1704643890 23



# Sketch: 19
1704643314 21
1704643378 19
1704643442 51
1704643506 44
1704643570 30
1704643634 43
1704643698 49
1704643762 59
1704643826 39
1704643890 7



# Sketch: 20
1704643314 37
1704643378 24
1704643442 28
1704643506 48
1704643570 33
1704643634 39
1704643698 15
1704643762 31
1704643826 30
1704643890 15



# Sketch: 21
1704643314 30
1704643378 32
1704643442 20
1704643506 40
1704643570 42
1704643634 27
1704643698 24
1704643762 26
1704643826 39
1704643890 8



# Sketch: 22
1704643314 27
1704643378 32
1704643442 26
1704643506 42
1704643570 43
1704643634 45
1704643698 45
1704643762 61
1704643826 42
1704643890 7



# Sketch: 23
1704643314 43
1704643378 60
1704643442 36
1704643506 23
1704643570 34
1704643634 41
1704643698 39
1704643762 59
1704643826 59
1704643890 19



# Sketch: 24
1704643314 14
1704643378 26
1704643442 15
1704643506 33
1704643570 32
1704643634 36
1704643698 24
1704643762 19
1704643826 30
1704643890 13



# Sketch: 25
1704643314 34
1704643378 18
1704643442 37
1704643506 29
1704643570 36
1704643634 43
1704643698 34
1704643762 41
1704643826 18
1704643890 9



# Sketch: 26
1704643314 36
1704643378 19
1704643442 17
1704643506 21
1704643570 25
1704643634 38
1704643698 18
1704643762 45
1704643826 26
1704643890 16



# Sketch: 27
1704643314 34
1704643378 29
1704643442 25
1704643506 34
1704643570 25
1704643634 40
1704643698 17
1704643762 38
1704643826 26
1704643890 38



# Sketch: 28
1704643314 51
1704643378 37
1704643442 46
1704643506 30
1704643570 38
1704643634 36
1704643698 39
1704643762 43
1704643826 27
1704643890 7



# Sketch: 29
1704643314 19
1704643378 21
1704643442 39
1704643506 24
1704643570 40
1704643634 35
1704643698 24
1704643762 41
1704643826 36
1704643890 21



# Sketch: 30
1704643314 32
1704643378 22
1704643442 24
1704643506 23
1704643570 25
1704643634 32
1704643698 23
1704643762 53
1704643826 22
1704643890 10



# Sketch: 31
1704643314 32
1704643378 31
1704643442 12
1704643506 16
1704643570 11
1704643634 24
1704643698 38
1704643762 18
1704643826 53
1704643890 10

