

# Sketch: 0
1704643314 15
1704643346 5
1704643378 10
1704643410 25
1704643442 17
1704643474 15
1704643506 12
1704643538 16
1704643570 6
1704643602 16
1704643634 45
1704643666 25
1704643698 12
1704643730 31
1704643762 20
1704643794 19
1704643826 20
1704643858 15
1704643890 12



# Sketch: 1
1704643314 21
1704643346 10
1704643378 6
1704643410 10
1704643442 25
1704643474 6
1704643506 16
1704643538 3
1704643570 11
1704643602 9
1704643634 10
1704643666 16
1704643698 13
1704643730 9
1704643762 17
1704643794 14
1704643826 14
1704643858 20
1704643890 5



# Sketch: 2
1704643314 24
1704643346 6
1704643378 24
1704643410 11
1704643442 7
1704643474 12
1704643506 32
1704643538 21
1704643570 26
1704643602 25
1704643634 24
1704643666 24
1704643698 13
1704643730 25
1704643762 18
1704643794 15
1704643826 14
1704643858 23
1704643890 10



# Sketch: 3
1704643314 16
1704643346 9
1704643378 19
1704643410 8
1704643442 21
1704643474 11
1704643506 3
1704643538 12
1704643570 6
1704643602 8
1704643634 12
1704643666 16
1704643698 9
1704643730 6
1704643762 10
1704643794 12
1704643826 8
1704643858 11
1704643890 9



# Sketch: 4
1704643314 11
1704643346 7
1704643378 19
1704643410 8
1704643442 12
1704643474 8
1704643506 12
1704643538 11
1704643570 20
1704643602 18
1704643634 27
1704643666 14
1704643698 22
1704643730 20
1704643762 26
1704643794 18
1704643826 17
1704643858 31
1704643890 10



# Sketch: 5
1704643314 25
1704643346 6
1704643378 20
1704643410 14
1704643442 9
1704643474 14
1704643506 23
1704643538 15
1704643570 32
1704643602 17
1704643634 13
1704643666 20
1704643698 6
1704643730 14
1704643762 7
1704643794 21
1704643826 9
1704643858 14
1704643890 21



# Sketch: 6
1704643314 32
1704643346 10
1704643378 22
1704643410 13
1704643442 28
1704643474 9
1704643506 14
1704643538 12
1704643570 17
1704643602 16
1704643634 15
1704643666 20
1704643698 30
1704643730 43
1704643762 10
1704643794 14
1704643826 23
1704643858 27
1704643890 12



# Sketch: 7
1704643314 16
1704643346 22
1704643378 13
1704643410 7
1704643442 21
1704643474 32
1704643506 14
1704643538 6
1704643570 22
1704643602 12
1704643634 11
1704643666 20
1704643698 18
1704643730 15
1704643762 22
1704643794 15
1704643826 24
1704643858 22
1704643890 14



# Sketch: 8
1704643314 30
1704643346 13
1704643378 32
1704643410 18
1704643442 30
1704643474 12
1704643506 21
1704643538 14
1704643570 6
1704643602 21
1704643634 26
1704643666 13
1704643698 32
1704643730 50
1704643762 34
1704643794 36
1704643826 18
1704643858 28
1704643890 32



# Sketch: 9
1704643314 11
1704643346 13
1704643378 18
1704643410 17
1704643442 14
1704643474 13
1704643506 16
1704643538 8
1704643570 13
1704643602 16
1704643634 21
1704643666 11
1704643698 9
1704643730 10
1704643762 18
1704643794 14
1704643826 18
1704643858 14
1704643890 15



# Sketch: 10
1704643314 10
1704643346 11
1704643378 22
1704643410 7
1704643442 12
1704643474 19
1704643506 17
1704643538 12
1704643570 10
1704643602 14
1704643634 16
1704643666 16
1704643698 13
1704643730 25
1704643762 10
1704643794 19
1704643826 13
1704643858 24
1704643890 13



# Sketch: 11
1704643314 22
1704643346 11
1704643378 6
1704643410 22
1704643442 20
1704643474 21
1704643506 5
1704643538 12
1704643570 20
1704643602 33
1704643634 27
1704643666 8
1704643698 17
1704643730 13
1704643762 12
1704643794 11
1704643826 11
1704643858 7
1704643890 11



# Sketch: 12
1704643314 31
1704643346 21
1704643378 20
1704643410 12
1704643442 28
1704643474 12
1704643506 26
1704643538 16
1704643570 21
1704643602 17
1704643634 21
1704643666 50
1704643698 13
1704643730 18
1704643762 24
1704643794 23
1704643826 13
1704643858 18
1704643890 12



# Sketch: 13
1704643314 18
1704643346 13
1704643378 35
1704643410 22
1704643442 38
1704643474 9
1704643506 21
1704643538 29
1704643570 7
1704643602 16
1704643634 22
1704643666 19
1704643698 20
1704643730 22
1704643762 26
1704643794 14
1704643826 13
1704643858 24
1704643890 19



# Sketch: 14
1704643314 14
1704643346 11
1704643378 9
1704643410 11
1704643442 31
1704643474 14
1704643506 8
1704643538 19
1704643570 17
1704643602 14
1704643634 17
1704643666 12
1704643698 10
1704643730 6
1704643762 12
1704643794 29
1704643826 15
1704643858 14
1704643890 9



# Sketch: 15
1704643314 17
1704643346 15
1704643378 20
1704643410 14
1704643442 18
1704643474 19
1704643506 12
1704643538 11
1704643570 23
1704643602 9
1704643634 20
1704643666 16
1704643698 28
1704643730 9
1704643762 22
1704643794 13
1704643826 14
1704643858 20
1704643890 15



# Sketch: 16
1704643314 19
1704643346 7
1704643378 11
1704643410 15
1704643442 25
1704643474 26
1704643506 9
1704643538 9
1704643570 11
1704643602 20
1704643634 8
1704643666 21
1704643698 18
1704643730 17
1704643762 7
1704643794 14
1704643826 15
1704643858 28
1704643890 10



# Sketch: 17
1704643314 12
1704643346 23
1704643378 24
1704643410 11
1704643442 16
1704643474 29
1704643506 12
1704643538 13
1704643570 13
1704643602 13
1704643634 8
1704643666 22
1704643698 22
1704643730 5
1704643762 23
1704643794 11
1704643826 12
1704643858 16
1704643890 7



# Sketch: 18
1704643314 20
1704643346 5
1704643378 8
1704643410 10
1704643442 20
1704643474 13
1704643506 8
1704643538 6
1704643570 33
1704643602 24
1704643634 15
1704643666 14
1704643698 18
1704643730 16
1704643762 10
1704643794 13
1704643826 18
1704643858 16
1704643890 23



# Sketch: 19
1704643314 6
1704643346 15
1704643378 9
1704643410 10
1704643442 32
1704643474 19
1704643506 28
1704643538 16
1704643570 9
1704643602 21
1704643634 26
1704643666 17
1704643698 22
1704643730 27
1704643762 29
1704643794 30
1704643826 28
1704643858 11
1704643890 7



# Sketch: 20
1704643314 20
1704643346 17
1704643378 10
1704643410 14
1704643442 8
1704643474 20
1704643506 10
1704643538 38
1704643570 17
1704643602 16
1704643634 34
1704643666 5
1704643698 9
1704643730 6
1704643762 15
1704643794 16
1704643826 12
1704643858 18
1704643890 15



# Sketch: 21
1704643314 21
1704643346 9
1704643378 21
1704643410 11
1704643442 13
1704643474 7
1704643506 15
1704643538 25
1704643570 26
1704643602 16
1704643634 6
1704643666 21
1704643698 17
1704643730 7
1704643762 7
1704643794 19
1704643826 14
1704643858 25
1704643890 8



# Sketch: 22
1704643314 11
1704643346 16
1704643378 21
1704643410 11
1704643442 15
1704643474 11
1704643506 20
1704643538 22
1704643570 15
1704643602 28
1704643634 15
1704643666 30
1704643698 26
1704643730 19
1704643762 22
1704643794 39
1704643826 24
1704643858 18
1704643890 7



# Sketch: 23
1704643314 25
1704643346 18
1704643378 46
1704643410 14
1704643442 16
1704643474 20
1704643506 7
1704643538 16
1704643570 12
1704643602 22
1704643634 18
1704643666 23
1704643698 29
1704643730 10
1704643762 17
1704643794 42
1704643826 38
1704643858 21
1704643890 19



# Sketch: 24
1704643314 12
1704643346 2
1704643378 11
1704643410 15
1704643442 7
1704643474 8
1704643506 21
1704643538 12
1704643570 12
1704643602 20
1704643634 18
1704643666 18
1704643698 13
1704643730 11
1704643762 4
1704643794 15
1704643826 6
1704643858 24
1704643890 13



# Sketch: 25
1704643314 20
1704643346 14
1704643378 9
1704643410 9
1704643442 18
1704643474 19
1704643506 19
1704643538 10
1704643570 18
1704643602 18
1704643634 32
1704643666 11
1704643698 17
1704643730 17
1704643762 11
1704643794 30
1704643826 8
1704643858 10
1704643890 9



# Sketch: 26
1704643314 14
1704643346 22
1704643378 9
1704643410 10
1704643442 6
1704643474 11
1704643506 13
1704643538 8
1704643570 8
1704643602 17
1704643634 15
1704643666 23
1704643698 6
1704643730 12
1704643762 24
1704643794 21
1704643826 15
1704643858 11
1704643890 16



# Sketch: 27
1704643314 10
1704643346 24
1704643378 20
1704643410 9
1704643442 11
1704643474 14
1704643506 20
1704643538 14
1704643570 13
1704643602 12
1704643634 32
1704643666 8
1704643698 10
1704643730 7
1704643762 24
1704643794 14
1704643826 13
1704643858 13
1704643890 38



# Sketch: 28
1704643314 25
1704643346 26
1704643378 16
1704643410 21
1704643442 31
1704643474 15
1704643506 10
1704643538 20
1704643570 14
1704643602 24
1704643634 9
1704643666 27
1704643698 24
1704643730 15
1704643762 22
1704643794 21
1704643826 14
1704643858 13
1704643890 7



# Sketch: 29
1704643314 15
1704643346 4
1704643378 14
1704643410 7
1704643442 32
1704643474 7
1704643506 15
1704643538 9
1704643570 28
1704643602 12
1704643634 26
1704643666 9
1704643698 18
1704643730 6
1704643762 16
1704643794 25
1704643826 16
1704643858 20
1704643890 21



# Sketch: 30
1704643314 23
1704643346 9
1704643378 8
1704643410 14
1704643442 12
1704643474 12
1704643506 9
1704643538 14
1704643570 9
1704643602 16
1704643634 15
1704643666 17
1704643698 10
1704643730 13
1704643762 30
1704643794 23
1704643826 10
1704643858 12
1704643890 10



# Sketch: 31
1704643314 23
1704643346 9
1704643378 10
1704643410 21
1704643442 6
1704643474 6
1704643506 12
1704643538 4
1704643570 6
1704643602 5
1704643634 15
1704643666 9
1704643698 19
1704643730 19
1704643762 9
1704643794 9
1704643826 19
1704643858 34
1704643890 10

