

# Sketch: 0
1704643314 15
1704643330 13
1704643346 16
1704643362 6
1704643378 4
1704643394 21
1704643410 9
1704643426 7
1704643442 9
1704643458 6
1704643474 6
1704643490 24
1704643506 3
1704643522 9
1704643538 13
1704643554 0
1704643570 11
1704643586 7
1704643602 10
1704643618 8
1704643634 17
1704643650 18
1704643666 12
1704643682 7
1704643698 11
1704643714 10
1704643730 13
1704643746 4
1704643762 6
1704643778 13
1704643794 13
1704643810 9
1704643826 17
1704643842 7
1704643858 6
1704643874 14
1704643890 17
1704643906 5



# Sketch: 1
1704643314 2
1704643330 14
1704643346 3
1704643362 4
1704643378 8
1704643394 2
1704643410 12
1704643426 4
1704643442 12
1704643458 19
1704643474 4
1704643490 6
1704643506 4
1704643522 7
1704643538 3
1704643554 3
1704643570 12
1704643586 8
1704643602 6
1704643618 11
1704643634 24
1704643650 8
1704643666 12
1704643682 7
1704643698 11
1704643714 5
1704643730 1
1704643746 6
1704643762 7
1704643778 16
1704643794 4
1704643810 27
1704643826 8
1704643842 3
1704643858 4
1704643874 7
1704643890 33
1704643906 5



# Sketch: 2
1704643314 5
1704643330 8
1704643346 6
1704643362 4
1704643378 8
1704643394 13
1704643410 5
1704643426 4
1704643442 13
1704643458 1
1704643474 0
1704643490 2
1704643506 2
1704643522 13
1704643538 2
1704643554 5
1704643570 7
1704643586 18
1704643602 12
1704643618 6
1704643634 8
1704643650 4
1704643666 5
1704643682 10
1704643698 3
1704643714 9
1704643730 7
1704643746 7
1704643762 5
1704643778 6
1704643794 3
1704643810 10
1704643826 1
1704643842 11
1704643858 9
1704643874 5
1704643890 11
1704643906 1



# Sketch: 3
1704643314 3
1704643330 5
1704643346 12
1704643362 1
1704643378 7
1704643394 5
1704643410 6
1704643426 4
1704643442 11
1704643458 7
1704643474 13
1704643490 6
1704643506 5
1704643522 5
1704643538 1
1704643554 10
1704643570 8
1704643586 19
1704643602 13
1704643618 6
1704643634 7
1704643650 14
1704643666 6
1704643682 20
1704643698 10
1704643714 22
1704643730 8
1704643746 13
1704643762 20
1704643778 12
1704643794 17
1704643810 19
1704643826 17
1704643842 5
1704643858 6
1704643874 11
1704643890 4
1704643906 8



# Sketch: 4
1704643314 5
1704643330 18
1704643346 9
1704643362 10
1704643378 10
1704643394 6
1704643410 22
1704643426 10
1704643442 14
1704643458 15
1704643474 10
1704643490 5
1704643506 13
1704643522 15
1704643538 32
1704643554 19
1704643570 17
1704643586 7
1704643602 11
1704643618 9
1704643634 8
1704643650 8
1704643666 7
1704643682 17
1704643698 22
1704643714 11
1704643730 4
1704643746 13
1704643762 10
1704643778 5
1704643794 7
1704643810 20
1704643826 8
1704643842 19
1704643858 11
1704643874 10
1704643890 15
1704643906 1



# Sketch: 5
1704643314 10
1704643330 8
1704643346 1
1704643362 4
1704643378 10
1704643394 11
1704643410 3
1704643426 3
1704643442 4
1704643458 4
1704643474 18
1704643490 15
1704643506 2
1704643522 17
1704643538 5
1704643554 5
1704643570 2
1704643586 6
1704643602 9
1704643618 12
1704643634 8
1704643650 19
1704643666 5
1704643682 13
1704643698 2
1704643714 5
1704643730 4
1704643746 12
1704643762 15
1704643778 8
1704643794 9
1704643810 4
1704643826 4
1704643842 5
1704643858 5
1704643874 9
1704643890 4
1704643906 4



# Sketch: 6
1704643314 7
1704643330 23
1704643346 16
1704643362 9
1704643378 2
1704643394 2
1704643410 3
1704643426 1
1704643442 14
1704643458 3
1704643474 2
1704643490 4
1704643506 4
1704643522 3
1704643538 7
1704643554 3
1704643570 3
1704643586 9
1704643602 6
1704643618 9
1704643634 15
1704643650 3
1704643666 6
1704643682 14
1704643698 1
1704643714 13
1704643730 3
1704643746 6
1704643762 25
1704643778 6
1704643794 2
1704643810 5
1704643826 5
1704643842 2
1704643858 5
1704643874 5
1704643890 5
1704643906 9



# Sketch: 7
1704643314 8
1704643330 15
1704643346 6
1704643362 3
1704643378 4
1704643394 3
1704643410 4
1704643426 9
1704643442 11
1704643458 6
1704643474 6
1704643490 7
1704643506 4
1704643522 5
1704643538 0
1704643554 4
1704643570 7
1704643586 10
1704643602 2
1704643618 7
1704643634 11
1704643650 2
1704643666 4
1704643682 15
1704643698 33
1704643714 17
1704643730 21
1704643746 16
1704643762 14
1704643778 11
1704643794 19
1704643810 11
1704643826 9
1704643842 12
1704643858 7
1704643874 9
1704643890 5
1704643906 4



# Sketch: 8
1704643314 7
1704643330 5
1704643346 2
1704643362 7
1704643378 5
1704643394 2
1704643410 3
1704643426 1
1704643442 2
1704643458 2
1704643474 6
1704643490 5
1704643506 4
1704643522 2
1704643538 6
1704643554 5
1704643570 7
1704643586 2
1704643602 4
1704643618 5
1704643634 5
1704643650 3
1704643666 20
1704643682 10
1704643698 3
1704643714 3
1704643730 9
1704643746 5
1704643762 3
1704643778 6
1704643794 3
1704643810 5
1704643826 5
1704643842 7
1704643858 4
1704643874 0
1704643890 7
1704643906 4



# Sketch: 9
1704643314 6
1704643330 8
1704643346 3
1704643362 6
1704643378 13
1704643394 5
1704643410 5
1704643426 1
1704643442 7
1704643458 17
1704643474 10
1704643490 7
1704643506 8
1704643522 4
1704643538 3
1704643554 6
1704643570 4
1704643586 7
1704643602 5
1704643618 3
1704643634 12
1704643650 7
1704643666 4
1704643682 9
1704643698 7
1704643714 4
1704643730 3
1704643746 11
1704643762 14
1704643778 11
1704643794 24
1704643810 10
1704643826 20
1704643842 7
1704643858 11
1704643874 13
1704643890 8
1704643906 3



# Sketch: 10
1704643314 9
1704643330 10
1704643346 8
1704643362 6
1704643378 26
1704643394 6
1704643410 9
1704643426 2
1704643442 30
1704643458 10
1704643474 4
1704643490 5
1704643506 8
1704643522 10
1704643538 9
1704643554 14
1704643570 8
1704643586 6
1704643602 7
1704643618 16
1704643634 14
1704643650 11
1704643666 10
1704643682 9
1704643698 4
1704643714 5
1704643730 2
1704643746 14
1704643762 9
1704643778 7
1704643794 9
1704643810 11
1704643826 10
1704643842 11
1704643858 12
1704643874 16
1704643890 13
1704643906 4



# Sketch: 11
1704643314 9
1704643330 9
1704643346 5
1704643362 1
1704643378 8
1704643394 11
1704643410 5
1704643426 4
1704643442 9
1704643458 9
1704643474 6
1704643490 13
1704643506 5
1704643522 5
1704643538 7
1704643554 3
1704643570 8
1704643586 4
1704643602 3
1704643618 10
1704643634 4
1704643650 9
1704643666 3
1704643682 6
1704643698 6
1704643714 6
1704643730 5
1704643746 10
1704643762 0
1704643778 5
1704643794 9
1704643810 9
1704643826 5
1704643842 3
1704643858 11
1704643874 12
1704643890 10
1704643906 8



# Sketch: 12
1704643314 2
1704643330 10
1704643346 9
1704643362 0
1704643378 14
1704643394 10
1704643410 4
1704643426 4
1704643442 13
1704643458 4
1704643474 7
1704643490 4
1704643506 8
1704643522 8
1704643538 2
1704643554 2
1704643570 19
1704643586 7
1704643602 6
1704643618 7
1704643634 3
1704643650 10
1704643666 3
1704643682 6
1704643698 11
1704643714 8
1704643730 6
1704643746 15
1704643762 5
1704643778 2
1704643794 7
1704643810 18
1704643826 4
1704643842 9
1704643858 8
1704643874 8
1704643890 1
1704643906 1



# Sketch: 13
1704643314 15
1704643330 9
1704643346 11
1704643362 6
1704643378 3
1704643394 1
1704643410 6
1704643426 6
1704643442 7
1704643458 10
1704643474 1
1704643490 6
1704643506 5
1704643522 2
1704643538 7
1704643554 5
1704643570 4
1704643586 7
1704643602 12
1704643618 9
1704643634 7
1704643650 10
1704643666 5
1704643682 4
1704643698 10
1704643714 6
1704643730 5
1704643746 12
1704643762 4
1704643778 14
1704643794 16
1704643810 1
1704643826 3
1704643842 21
1704643858 13
1704643874 10
1704643890 7
1704643906 6



# Sketch: 14
1704643314 13
1704643330 7
1704643346 4
1704643362 9
1704643378 8
1704643394 3
1704643410 12
1704643426 7
1704643442 3
1704643458 3
1704643474 5
1704643490 7
1704643506 10
1704643522 10
1704643538 5
1704643554 22
1704643570 11
1704643586 9
1704643602 4
1704643618 9
1704643634 5
1704643650 7
1704643666 9
1704643682 17
1704643698 4
1704643714 12
1704643730 4
1704643746 15
1704643762 7
1704643778 4
1704643794 4
1704643810 17
1704643826 8
1704643842 11
1704643858 10
1704643874 11
1704643890 6
1704643906 7



# Sketch: 15
1704643314 16
1704643330 18
1704643346 7
1704643362 1
1704643378 8
1704643394 4
1704643410 2
1704643426 3
1704643442 2
1704643458 2
1704643474 5
1704643490 3
1704643506 7
1704643522 5
1704643538 7
1704643554 8
1704643570 3
1704643586 6
1704643602 7
1704643618 5
1704643634 10
1704643650 3
1704643666 5
1704643682 13
1704643698 6
1704643714 6
1704643730 5
1704643746 2
1704643762 5
1704643778 5
1704643794 3
1704643810 4
1704643826 4
1704643842 3
1704643858 8
1704643874 10
1704643890 7
1704643906 4



# Sketch: 16
1704643314 9
1704643330 2
1704643346 5
1704643362 9
1704643378 7
1704643394 6
1704643410 4
1704643426 2
1704643442 13
1704643458 4
1704643474 3
1704643490 8
1704643506 8
1704643522 5
1704643538 7
1704643554 5
1704643570 2
1704643586 3
1704643602 5
1704643618 13
1704643634 1
1704643650 17
1704643666 4
1704643682 8
1704643698 11
1704643714 15
1704643730 11
1704643746 6
1704643762 11
1704643778 10
1704643794 10
1704643810 12
1704643826 16
1704643842 2
1704643858 18
1704643874 3
1704643890 6
1704643906 6



# Sketch: 17
1704643314 9
1704643330 7
1704643346 7
1704643362 4
1704643378 8
1704643394 3
1704643410 4
1704643426 5
1704643442 8
1704643458 10
1704643474 5
1704643490 3
1704643506 4
1704643522 7
1704643538 5
1704643554 5
1704643570 12
1704643586 6
1704643602 7
1704643618 7
1704643634 12
1704643650 6
1704643666 5
1704643682 11
1704643698 9
1704643714 2
1704643730 3
1704643746 5
1704643762 6
1704643778 6
1704643794 5
1704643810 6
1704643826 14
1704643842 6
1704643858 6
1704643874 13
1704643890 2
1704643906 2



# Sketch: 18
1704643314 15
1704643330 8
1704643346 7
1704643362 5
1704643378 3
1704643394 18
1704643410 16
1704643426 7
1704643442 13
1704643458 5
1704643474 13
1704643490 6
1704643506 7
1704643522 12
1704643538 5
1704643554 7
1704643570 10
1704643586 5
1704643602 10
1704643618 8
1704643634 13
1704643650 11
1704643666 10
1704643682 8
1704643698 9
1704643714 10
1704643730 4
1704643746 10
1704643762 4
1704643778 14
1704643794 8
1704643810 24
1704643826 4
1704643842 11
1704643858 2
1704643874 3
1704643890 17
1704643906 4



# Sketch: 19
1704643314 6
1704643330 8
1704643346 3
1704643362 10
1704643378 13
1704643394 15
1704643410 11
1704643426 7
1704643442 2
1704643458 6
1704643474 25
1704643490 10
1704643506 5
1704643522 11
1704643538 6
1704643554 8
1704643570 9
1704643586 7
1704643602 15
1704643618 5
1704643634 8
1704643650 22
1704643666 5
1704643682 16
1704643698 2
1704643714 18
1704643730 2
1704643746 4
1704643762 5
1704643778 5
1704643794 7
1704643810 7
1704643826 10
1704643842 6
1704643858 7
1704643874 10
1704643890 4
1704643906 2



# Sketch: 20
1704643314 10
1704643330 13
1704643346 8
1704643362 25
1704643378 2
1704643394 8
1704643410 10
1704643426 3
1704643442 6
1704643458 16
1704643474 19
1704643490 2
1704643506 1
1704643522 10
1704643538 4
1704643554 9
1704643570 16
1704643586 8
1704643602 12
1704643618 8
1704643634 9
1704643650 3
1704643666 4
1704643682 4
1704643698 5
1704643714 13
1704643730 7
1704643746 4
1704643762 6
1704643778 7
1704643794 11
1704643810 12
1704643826 5
1704643842 7
1704643858 7
1704643874 14
1704643890 8
1704643906 16



# Sketch: 21
1704643314 6
1704643330 7
1704643346 8
1704643362 3
1704643378 6
1704643394 12
1704643410 17
1704643426 4
1704643442 5
1704643458 8
1704643474 8
1704643490 7
1704643506 6
1704643522 6
1704643538 6
1704643554 10
1704643570 3
1704643586 13
1704643602 4
1704643618 15
1704643634 7
1704643650 2
1704643666 6
1704643682 10
1704643698 10
1704643714 4
1704643730 7
1704643746 10
1704643762 6
1704643778 12
1704643794 5
1704643810 9
1704643826 8
1704643842 8
1704643858 18
1704643874 7
1704643890 7
1704643906 7



# Sketch: 22
1704643314 4
1704643330 3
1704643346 4
1704643362 3
1704643378 6
1704643394 14
1704643410 7
1704643426 8
1704643442 3
1704643458 15
1704643474 9
1704643490 2
1704643506 3
1704643522 8
1704643538 9
1704643554 1
1704643570 2
1704643586 1
1704643602 14
1704643618 14
1704643634 8
1704643650 6
1704643666 3
1704643682 7
1704643698 2
1704643714 11
1704643730 7
1704643746 5
1704643762 10
1704643778 22
1704643794 6
1704643810 6
1704643826 12
1704643842 11
1704643858 8
1704643874 13
1704643890 4
1704643906 8



# Sketch: 23
1704643314 12
1704643330 23
1704643346 4
1704643362 3
1704643378 15
1704643394 15
1704643410 10
1704643426 12
1704643442 21
1704643458 10
1704643474 3
1704643490 5
1704643506 17
1704643522 15
1704643538 10
1704643554 14
1704643570 12
1704643586 6
1704643602 6
1704643618 8
1704643634 15
1704643650 11
1704643666 5
1704643682 8
1704643698 13
1704643714 9
1704643730 18
1704643746 22
1704643762 13
1704643778 6
1704643794 12
1704643810 24
1704643826 12
1704643842 4
1704643858 18
1704643874 10
1704643890 29
1704643906 0



# Sketch: 24
1704643314 13
1704643330 6
1704643346 8
1704643362 5
1704643378 8
1704643394 4
1704643410 10
1704643426 7
1704643442 21
1704643458 4
1704643474 5
1704643490 22
1704643506 13
1704643522 10
1704643538 3
1704643554 6
1704643570 10
1704643586 6
1704643602 6
1704643618 1
1704643634 5
1704643650 11
1704643666 3
1704643682 20
1704643698 7
1704643714 7
1704643730 39
1704643746 5
1704643762 5
1704643778 6
1704643794 19
1704643810 8
1704643826 2
1704643842 5
1704643858 3
1704643874 25
1704643890 6
1704643906 2



# Sketch: 25
1704643314 8
1704643330 11
1704643346 2
1704643362 10
1704643378 13
1704643394 6
1704643410 8
1704643426 7
1704643442 4
1704643458 3
1704643474 0
1704643490 12
1704643506 10
1704643522 8
1704643538 12
1704643554 6
1704643570 3
1704643586 9
1704643602 16
1704643618 4
1704643634 7
1704643650 20
1704643666 6
1704643682 6
1704643698 4
1704643714 18
1704643730 2
1704643746 3
1704643762 11
1704643778 20
1704643794 7
1704643810 6
1704643826 5
1704643842 1
1704643858 16
1704643874 1
1704643890 18
1704643906 6



# Sketch: 26
1704643314 12
1704643330 6
1704643346 4
1704643362 5
1704643378 7
1704643394 9
1704643410 8
1704643426 4
1704643442 16
1704643458 9
1704643474 8
1704643490 5
1704643506 7
1704643522 14
1704643538 6
1704643554 3
1704643570 11
1704643586 18
1704643602 9
1704643618 8
1704643634 6
1704643650 12
1704643666 4
1704643682 15
1704643698 5
1704643714 6
1704643730 6
1704643746 5
1704643762 10
1704643778 5
1704643794 13
1704643810 13
1704643826 11
1704643842 8
1704643858 5
1704643874 7
1704643890 8
1704643906 8



# Sketch: 27
1704643314 10
1704643330 4
1704643346 4
1704643362 2
1704643378 8
1704643394 3
1704643410 4
1704643426 3
1704643442 5
1704643458 6
1704643474 10
1704643490 7
1704643506 7
1704643522 10
1704643538 7
1704643554 8
1704643570 5
1704643586 5
1704643602 2
1704643618 17
1704643634 9
1704643650 8
1704643666 12
1704643682 6
1704643698 2
1704643714 6
1704643730 0
1704643746 3
1704643762 7
1704643778 10
1704643794 5
1704643810 6
1704643826 4
1704643842 5
1704643858 4
1704643874 7
1704643890 6
1704643906 2



# Sketch: 28
1704643314 7
1704643330 14
1704643346 9
1704643362 8
1704643378 7
1704643394 24
1704643410 7
1704643426 11
1704643442 10
1704643458 23
1704643474 7
1704643490 3
1704643506 4
1704643522 6
1704643538 17
1704643554 7
1704643570 18
1704643586 7
1704643602 8
1704643618 11
1704643634 10
1704643650 6
1704643666 22
1704643682 13
1704643698 14
1704643714 7
1704643730 18
1704643746 6
1704643762 2
1704643778 4
1704643794 8
1704643810 8
1704643826 7
1704643842 5
1704643858 14
1704643874 20
1704643890 2
1704643906 3



# Sketch: 29
1704643314 9
1704643330 7
1704643346 4
1704643362 12
1704643378 16
1704643394 7
1704643410 13
1704643426 6
1704643442 27
1704643458 2
1704643474 3
1704643490 5
1704643506 2
1704643522 9
1704643538 6
1704643554 10
1704643570 7
1704643586 2
1704643602 13
1704643618 9
1704643634 21
1704643650 9
1704643666 7
1704643682 4
1704643698 5
1704643714 10
1704643730 2
1704643746 7
1704643762 8
1704643778 8
1704643794 7
1704643810 3
1704643826 10
1704643842 8
1704643858 9
1704643874 7
1704643890 8
1704643906 1



# Sketch: 30
1704643314 5
1704643330 7
1704643346 6
1704643362 6
1704643378 9
1704643394 1
1704643410 3
1704643426 7
1704643442 8
1704643458 13
1704643474 2
1704643490 5
1704643506 4
1704643522 8
1704643538 4
1704643554 2
1704643570 8
1704643586 8
1704643602 9
1704643618 8
1704643634 7
1704643650 10
1704643666 15
1704643682 11
1704643698 2
1704643714 9
1704643730 8
1704643746 5
1704643762 2
1704643778 13
1704643794 6
1704643810 7
1704643826 9
1704643842 4
1704643858 9
1704643874 11
1704643890 2
1704643906 4



# Sketch: 31
1704643314 11
1704643330 5
1704643346 9
1704643362 6
1704643378 17
1704643394 9
1704643410 9
1704643426 7
1704643442 16
1704643458 8
1704643474 14
1704643490 5
1704643506 19
1704643522 12
1704643538 12
1704643554 10
1704643570 4
1704643586 2
1704643602 11
1704643618 13
1704643634 19
1704643650 14
1704643666 6
1704643682 18
1704643698 8
1704643714 4
1704643730 10
1704643746 18
1704643762 9
1704643778 15
1704643794 8
1704643810 12
1704643826 9
1704643842 13
1704643858 20
1704643874 7
1704643890 12
1704643906 2

