

# Sketch: 0
0 0.414705
1 0.236995
2 0.14835
3 0.168422
4 0.189771
5 0.495618
6 0.254661
7 0.374357



# Sketch: 1
0 0.193188
1 0.448005
2 0.383408
3 0.28056
4 0.398872
5 0.484508
6 1.29067
7 0.494301



# Sketch: 2
0 0.548562
1 0.434252
2 0.273917
3 0.340858
4 0.251704
5 0.439558
6 0.449588
7 0.516217



# Sketch: 3
0 0.731249
1 0.816578
2 0.808416
3 0.810593
4 0.73667
5 0.928271
6 0.779111
7 0.414068



# Sketch: 4
0 0.764987
1 0.959689
2 0.985027
3 1.17521
4 1.40451
5 0.986458
6 0.365404
7 0.377958



# Sketch: 5
0 0.246376
1 0.42946
2 0.441495
3 0.658066
4 0.631529
5 0.234533
6 0.528848
7 0.763983



# Sketch: 6
0 1.95207
1 2.15098
2 2.07486
3 2.09073
4 2.17084
5 2.27499
6 2.58783
7 3.89173



# Sketch: 7
0 0.392453
1 0.26739
2 0.277979
3 0.234434
4 0.257558
5 0.448874
6 0.31117
7 0.510769



# Sketch: 8
0 0.728563
1 0.488426
2 0.330055
3 0.309699
4 0.388631
5 0.274733
6 0.43305
7 0.625878



# Sketch: 9
0 0.760537
1 0.567945
2 0.652357
3 0.473773
4 0.271692
5 0.744521
6 0.342568
7 0.510249



# Sketch: 10
0 0.577781
1 0.472764
2 0.351628
3 0.39837
4 0.294056
5 0.499414
6 0.372878
7 0.361829



# Sketch: 11
0 0.72762
1 0.612155
2 0.518789
3 0.49617
4 0.516746
5 0.467152
6 0.315774
7 0.512612



# Sketch: 12
0 0.198223
1 0.118838
2 0.159326
3 0.178674
4 0.435162
5 0.689502
6 0.411903
7 0.354633



# Sketch: 13
0 0.480174
1 0.371686
2 0.466838
3 0.286316
4 0.221136
5 0.282684
6 0.352501
7 0.515962



# Sketch: 14
0 0.369471
1 0.477355
2 0.408926
3 0.629244
4 0.933707
5 0.72412
6 0.320759
7 0.356092



# Sketch: 15
0 0.619978
1 0.708199
2 0.553526
3 0.354547
4 0.224659
5 0.396184
6 0.35842
7 0.399716



# Sketch: 16
0 0.487011
1 0.446186
2 0.393328
3 0.46311
4 0.724178
5 0.967011
6 0.351637
7 0.385485



# Sketch: 17
0 0.463788
1 0.459476
2 0.564481
3 0.764209
4 0.761708
5 0.572181
6 0.538084
7 0.444928



# Sketch: 18
0 0.563133
1 0.228817
2 0.0984487
3 0.351439
4 0.332233
5 0.511401
6 0.383417
7 0.462785



# Sketch: 19
0 0.581318
1 0.329727
2 0.401329
3 0.720645
4 0.491483
5 0.19219
6 1.62603
7 0.47575



# Sketch: 20
0 0.54282
1 0.443239
2 0.285805
3 0.442095
4 0.318462
5 0.375092
6 0.200945
7 0.340706



# Sketch: 21
0 1.32925
1 1.19103
2 1.27901
3 1.59795
4 1.50753
5 1.47599
6 1.67425
7 1.89269



# Sketch: 22
0 0.776307
1 0.73421
2 0.628552
3 0.508086
4 0.419454
5 0.688407
6 0.549689
7 0.457099



# Sketch: 23
0 0.523784
1 0.647522
2 0.737491
3 0.888135
4 1.04271
5 1.06
6 1.05457
7 1.45259



# Sketch: 24
0 0.700274
1 0.738755
2 0.870359
3 0.83651
4 0.948327
5 0.916343
6 0.815225
7 1.24408



# Sketch: 25
0 0.880015
1 0.667854
2 0.674746
3 0.691245
4 0.852668
5 0.726617
6 0.691577
7 0.341552



# Sketch: 26
0 0.158183
1 0.158145
2 0.235215
3 0.276532
4 0.314839
5 0.501667
6 0.575858
7 0.356873



# Sketch: 27
0 1.61551
1 1.23327
2 1.03742
3 1.11404
4 0.369638
5 0.501073
6 0.735813
7 4.86611



# Sketch: 28
0 0.0777948
1 0.139234
2 0.172247
3 0.17758
4 0.266525
5 0.396274
6 1.07373
7 0.569172



# Sketch: 29
0 0.526479
1 0.389577
2 0.706129
3 0.597953
4 0.397724
5 0.301407
6 1.10116
7 0.556208



# Sketch: 30
0 0.513151
1 0.459508
2 0.539291
3 0.325239
4 0.353243
5 0.219617
6 0.989148
7 0.762484



# Sketch: 31
0 0.463379
1 0.334181
2 0.478852
3 0.499558
4 0.625687
5 0.730875
6 0.388362
7 0.496583

