

# Sketch: 0
1704567714 2
1704567730 9
1704567746 6
1704567762 4
1704567778 3
1704567794 2
1704567810 7
1704567826 4
1704567842 4
1704567858 10
1704567874 15
1704567890 4
1704567906 19
1704567922 5
1704567938 8
1704567954 12
1704567970 3
1704567986 5
1704568002 13
1704568018 7
1704568034 112
1704568050 8
1704568066 7
1704568082 3
1704568098 9
1704568114 6
1704568130 5
1704568146 8
1704568162 7
1704568178 0
1704568194 12
1704568210 7
1704568226 10
1704568242 13
1704568258 9
1704568274 13
1704568290 5
1704568306 3



# Sketch: 1
1704567714 9
1704567730 10
1704567746 3
1704567762 6
1704567778 4
1704567794 21
1704567810 7
1704567826 2
1704567842 9
1704567858 8
1704567874 10
1704567890 11
1704567906 3
1704567922 9
1704567938 10
1704567954 5
1704567970 22
1704567986 9
1704568002 5
1704568018 2
1704568034 11
1704568050 14
1704568066 16
1704568082 8
1704568098 11
1704568114 9
1704568130 10
1704568146 26
1704568162 10
1704568178 16
1704568194 12
1704568210 12
1704568226 2
1704568242 17
1704568258 9
1704568274 13
1704568290 18
1704568306 2



# Sketch: 2
1704567714 6
1704567730 9
1704567746 7
1704567762 13
1704567778 8
1704567794 7
1704567810 9
1704567826 2
1704567842 24
1704567858 9
1704567874 2
1704567890 5
1704567906 3
1704567922 6
1704567938 11
1704567954 9
1704567970 10
1704567986 12
1704568002 3
1704568018 6
1704568034 10
1704568050 5
1704568066 14
1704568082 4
1704568098 4
1704568114 32
1704568130 2
1704568146 5
1704568162 11
1704568178 10
1704568194 11
1704568210 12
1704568226 9
1704568242 7
1704568258 3
1704568274 9
1704568290 2
1704568306 3



# Sketch: 3
1704567714 7
1704567730 11
1704567746 12
1704567762 1
1704567778 5
1704567794 6
1704567810 22
1704567826 4
1704567842 14
1704567858 5
1704567874 7
1704567890 3
1704567906 4
1704567922 5
1704567938 6
1704567954 13
1704567970 15
1704567986 7
1704568002 3
1704568018 6
1704568034 6
1704568050 7
1704568066 7
1704568082 13
1704568098 26
1704568114 14
1704568130 4
1704568146 6
1704568162 11
1704568178 7
1704568194 5
1704568210 3
1704568226 4
1704568242 11
1704568258 17
1704568274 13
1704568290 4
1704568306 3



# Sketch: 4
1704567714 11
1704567730 17
1704567746 7
1704567762 9
1704567778 22
1704567794 15
1704567810 3
1704567826 6
1704567842 18
1704567858 10
1704567874 6
1704567890 14
1704567906 24
1704567922 8
1704567938 15
1704567954 24
1704567970 11
1704567986 9
1704568002 2
1704568018 14
1704568034 17
1704568050 9
1704568066 13
1704568082 12
1704568098 9
1704568114 5
1704568130 15
1704568146 17
1704568162 5
1704568178 13
1704568194 28
1704568210 6
1704568226 14
1704568242 11
1704568258 23
1704568274 12
1704568290 7
1704568306 6



# Sketch: 5
1704567714 2
1704567730 6
1704567746 8
1704567762 5
1704567778 12
1704567794 2
1704567810 6
1704567826 3
1704567842 8
1704567858 5
1704567874 3
1704567890 3
1704567906 0
1704567922 8
1704567938 6
1704567954 12
1704567970 9
1704567986 3
1704568002 5
1704568018 2
1704568034 5
1704568050 3
1704568066 3
1704568082 7
1704568098 5
1704568114 0
1704568130 5
1704568146 7
1704568162 3
1704568178 2
1704568194 9
1704568210 8
1704568226 6
1704568242 11
1704568258 5
1704568274 4
1704568290 4
1704568306 1



# Sketch: 6
1704567714 6
1704567730 5
1704567746 5
1704567762 1
1704567778 22
1704567794 5
1704567810 2
1704567826 7
1704567842 11
1704567858 12
1704567874 3
1704567890 32
1704567906 2
1704567922 11
1704567938 7
1704567954 16
1704567970 12
1704567986 17
1704568002 9
1704568018 14
1704568034 5
1704568050 11
1704568066 17
1704568082 10
1704568098 8
1704568114 4
1704568130 5
1704568146 8
1704568162 5
1704568178 5
1704568194 11
1704568210 6
1704568226 4
1704568242 10
1704568258 6
1704568274 6
1704568290 3
1704568306 2



# Sketch: 7
1704567714 3
1704567730 9
1704567746 7
1704567762 9
1704567778 15
1704567794 6
1704567810 5
1704567826 5
1704567842 16
1704567858 29
1704567874 4
1704567890 20
1704567906 8
1704567922 7
1704567938 7
1704567954 17
1704567970 5
1704567986 11
1704568002 5
1704568018 19
1704568034 13
1704568050 8
1704568066 6
1704568082 5
1704568098 15
1704568114 13
1704568130 7
1704568146 13
1704568162 5
1704568178 8
1704568194 4
1704568210 4
1704568226 4
1704568242 7
1704568258 39
1704568274 8
1704568290 3
1704568306 8



# Sketch: 8
1704567714 16
1704567730 12
1704567746 4
1704567762 8
1704567778 1
1704567794 13
1704567810 13
1704567826 5
1704567842 33
1704567858 10
1704567874 1
1704567890 9
1704567906 15
1704567922 6
1704567938 16
1704567954 9
1704567970 17
1704567986 4
1704568002 6
1704568018 5
1704568034 5
1704568050 3
1704568066 2
1704568082 11
1704568098 16
1704568114 3
1704568130 10
1704568146 5
1704568162 7
1704568178 6
1704568194 21
1704568210 10
1704568226 7
1704568242 5
1704568258 0
1704568274 16
1704568290 7
1704568306 6



# Sketch: 9
1704567714 5
1704567730 4
1704567746 2
1704567762 5
1704567778 5
1704567794 7
1704567810 8
1704567826 7
1704567842 10
1704567858 7
1704567874 7
1704567890 7
1704567906 6
1704567922 8
1704567938 5
1704567954 3
1704567970 8
1704567986 6
1704568002 1
1704568018 7
1704568034 6
1704568050 3
1704568066 8
1704568082 1
1704568098 4
1704568114 5
1704568130 5
1704568146 12
1704568162 13
1704568178 3
1704568194 5
1704568210 4
1704568226 2
1704568242 4
1704568258 1
1704568274 20
1704568290 12
1704568306 2



# Sketch: 10
1704567714 4
1704567730 4
1704567746 4
1704567762 1
1704567778 4
1704567794 14
1704567810 13
1704567826 6
1704567842 5
1704567858 10
1704567874 2
1704567890 9
1704567906 2
1704567922 24
1704567938 4
1704567954 5
1704567970 5
1704567986 8
1704568002 1
1704568018 8
1704568034 13
1704568050 14
1704568066 2
1704568082 7
1704568098 12
1704568114 2
1704568130 12
1704568146 7
1704568162 0
1704568178 6
1704568194 14
1704568210 11
1704568226 16
1704568242 19
1704568258 12
1704568274 17
1704568290 20
1704568306 6



# Sketch: 11
1704567714 6
1704567730 4
1704567746 7
1704567762 14
1704567778 4
1704567794 8
1704567810 1
1704567826 4
1704567842 14
1704567858 12
1704567874 4
1704567890 7
1704567906 6
1704567922 2
1704567938 11
1704567954 18
1704567970 9
1704567986 4
1704568002 7
1704568018 9
1704568034 8
1704568050 1
1704568066 9
1704568082 3
1704568098 9
1704568114 3
1704568130 6
1704568146 24
1704568162 7
1704568178 2
1704568194 8
1704568210 8
1704568226 6
1704568242 6
1704568258 4
1704568274 13
1704568290 4
1704568306 4



# Sketch: 12
1704567714 8
1704567730 7
1704567746 9
1704567762 0
1704567778 11
1704567794 8
1704567810 13
1704567826 5
1704567842 2
1704567858 5
1704567874 8
1704567890 3
1704567906 5
1704567922 5
1704567938 7
1704567954 17
1704567970 9
1704567986 4
1704568002 5
1704568018 3
1704568034 14
1704568050 8
1704568066 8
1704568082 4
1704568098 6
1704568114 0
1704568130 4
1704568146 4
1704568162 3
1704568178 10
1704568194 4
1704568210 7
1704568226 7
1704568242 6
1704568258 10
1704568274 3
1704568290 4
1704568306 1



# Sketch: 13
1704567714 3
1704567730 3
1704567746 8
1704567762 6
1704567778 2
1704567794 17
1704567810 10
1704567826 5
1704567842 12
1704567858 7
1704567874 5
1704567890 3
1704567906 2
1704567922 9
1704567938 1
1704567954 7
1704567970 11
1704567986 4
1704568002 12
1704568018 2
1704568034 10
1704568050 7
1704568066 3
1704568082 6
1704568098 16
1704568114 9
1704568130 13
1704568146 5
1704568162 9
1704568178 7
1704568194 8
1704568210 4
1704568226 2
1704568242 7
1704568258 4
1704568274 4
1704568290 1
1704568306 5



# Sketch: 14
1704567714 15
1704567730 7
1704567746 6
1704567762 5
1704567778 7
1704567794 7
1704567810 1
1704567826 5
1704567842 11
1704567858 7
1704567874 4
1704567890 4
1704567906 5
1704567922 15
1704567938 7
1704567954 10
1704567970 24
1704567986 12
1704568002 6
1704568018 8
1704568034 8
1704568050 4
1704568066 4
1704568082 9
1704568098 7
1704568114 10
1704568130 3
1704568146 7
1704568162 4
1704568178 5
1704568194 19
1704568210 7
1704568226 8
1704568242 8
1704568258 3
1704568274 1
1704568290 4
1704568306 6



# Sketch: 15
1704567714 5
1704567730 3
1704567746 9
1704567762 14
1704567778 6
1704567794 11
1704567810 5
1704567826 5
1704567842 18
1704567858 20
1704567874 3
1704567890 13
1704567906 3
1704567922 5
1704567938 6
1704567954 10
1704567970 10
1704567986 1
1704568002 2
1704568018 3
1704568034 9
1704568050 8
1704568066 3
1704568082 5
1704568098 8
1704568114 1
1704568130 11
1704568146 3
1704568162 5
1704568178 5
1704568194 3
1704568210 4
1704568226 3
1704568242 8
1704568258 7
1704568274 14
1704568290 9
1704568306 5



# Sketch: 16
1704567714 5
1704567730 18
1704567746 23
1704567762 6
1704567778 13
1704567794 12
1704567810 8
1704567826 9
1704567842 11
1704567858 5
1704567874 8
1704567890 8
1704567906 3
1704567922 9
1704567938 11
1704567954 18
1704567970 26
1704567986 9
1704568002 11
1704568018 6
1704568034 22
1704568050 5
1704568066 13
1704568082 7
1704568098 4
1704568114 7
1704568130 7
1704568146 11
1704568162 7
1704568178 10
1704568194 16
1704568210 11
1704568226 8
1704568242 9
1704568258 7
1704568274 6
1704568290 8
1704568306 2



# Sketch: 17
1704567714 3
1704567730 6
1704567746 8
1704567762 16
1704567778 13
1704567794 16
1704567810 6
1704567826 4
1704567842 8
1704567858 8
1704567874 14
1704567890 5
1704567906 3
1704567922 9
1704567938 11
1704567954 9
1704567970 6
1704567986 4
1704568002 8
1704568018 5
1704568034 191
1704568050 9
1704568066 12
1704568082 5
1704568098 14
1704568114 8
1704568130 1
1704568146 6
1704568162 13
1704568178 11
1704568194 2
1704568210 5
1704568226 3
1704568242 6
1704568258 6
1704568274 9
1704568290 5
1704568306 2



# Sketch: 18
1704567714 3
1704567730 5
1704567746 4
1704567762 5
1704567778 7
1704567794 6
1704567810 3
1704567826 14
1704567842 11
1704567858 2
1704567874 10
1704567890 4
1704567906 3
1704567922 9
1704567938 9
1704567954 16
1704567970 7
1704567986 4
1704568002 1
1704568018 7
1704568034 1
1704568050 17
1704568066 1
1704568082 6
1704568098 17
1704568114 8
1704568130 2
1704568146 7
1704568162 8
1704568178 1
1704568194 11
1704568210 4
1704568226 4
1704568242 3
1704568258 4
1704568274 9
1704568290 1
1704568306 4



# Sketch: 19
1704567714 0
1704567730 8
1704567746 13
1704567762 9
1704567778 8
1704567794 7
1704567810 9
1704567826 5
1704567842 9
1704567858 2
1704567874 7
1704567890 12
1704567906 1
1704567922 10
1704567938 4
1704567954 16
1704567970 8
1704567986 7
1704568002 10
1704568018 14
1704568034 95
1704568050 6
1704568066 6
1704568082 2
1704568098 7
1704568114 0
1704568130 0
1704568146 3
1704568162 12
1704568178 9
1704568194 27
1704568210 16
1704568226 9
1704568242 8
1704568258 12
1704568274 7
1704568290 10
1704568306 2



# Sketch: 20
1704567714 6
1704567730 11
1704567746 11
1704567762 13
1704567778 10
1704567794 6
1704567810 9
1704567826 9
1704567842 7
1704567858 17
1704567874 11
1704567890 17
1704567906 8
1704567922 9
1704567938 8
1704567954 7
1704567970 4
1704567986 3
1704568002 3
1704568018 17
1704568034 13
1704568050 4
1704568066 15
1704568082 6
1704568098 8
1704568114 7
1704568130 13
1704568146 11
1704568162 9
1704568178 2
1704568194 5
1704568210 9
1704568226 2
1704568242 8
1704568258 13
1704568274 16
1704568290 4
1704568306 4



# Sketch: 21
1704567714 15
1704567730 12
1704567746 22
1704567762 4
1704567778 13
1704567794 19
1704567810 3
1704567826 6
1704567842 4
1704567858 2
1704567874 10
1704567890 8
1704567906 11
1704567922 16
1704567938 12
1704567954 10
1704567970 15
1704567986 7
1704568002 7
1704568018 5
1704568034 7
1704568050 3
1704568066 8
1704568082 13
1704568098 14
1704568114 9
1704568130 2
1704568146 15
1704568162 9
1704568178 3
1704568194 9
1704568210 4
1704568226 21
1704568242 8
1704568258 4
1704568274 17
1704568290 2
1704568306 1



# Sketch: 22
1704567714 0
1704567730 5
1704567746 8
1704567762 24
1704567778 11
1704567794 10
1704567810 15
1704567826 18
1704567842 5
1704567858 8
1704567874 4
1704567890 1
1704567906 0
1704567922 2
1704567938 7
1704567954 4
1704567970 9
1704567986 3
1704568002 21
1704568018 5
1704568034 4
1704568050 5
1704568066 4
1704568082 8
1704568098 3
1704568114 9
1704568130 6
1704568146 10
1704568162 4
1704568178 2
1704568194 4
1704568210 2
1704568226 8
1704568242 2
1704568258 4
1704568274 3
1704568290 0
1704568306 7



# Sketch: 23
1704567714 4
1704567730 13
1704567746 12
1704567762 3
1704567778 21
1704567794 8
1704567810 8
1704567826 2
1704567842 9
1704567858 10
1704567874 15
1704567890 6
1704567906 3
1704567922 8
1704567938 14
1704567954 11
1704567970 12
1704567986 11
1704568002 1
1704568018 6
1704568034 14
1704568050 4
1704568066 4
1704568082 8
1704568098 13
1704568114 6
1704568130 2
1704568146 5
1704568162 5
1704568178 8
1704568194 6
1704568210 8
1704568226 9
1704568242 7
1704568258 9
1704568274 12
1704568290 9
1704568306 2



# Sketch: 24
1704567714 3
1704567730 4
1704567746 13
1704567762 1
1704567778 4
1704567794 9
1704567810 7
1704567826 5
1704567842 5
1704567858 0
1704567874 4
1704567890 6
1704567906 31
1704567922 11
1704567938 14
1704567954 4
1704567970 6
1704567986 8
1704568002 6
1704568018 9
1704568034 19
1704568050 2
1704568066 6
1704568082 1
1704568098 1
1704568114 3
1704568130 5
1704568146 9
1704568162 1
1704568178 2
1704568194 14
1704568210 5
1704568226 3
1704568242 7
1704568258 8
1704568274 7
1704568290 10
1704568306 3



# Sketch: 25
1704567714 1
1704567730 10
1704567746 9
1704567762 3
1704567778 18
1704567794 10
1704567810 8
1704567826 8
1704567842 23
1704567858 7
1704567874 1
1704567890 17
1704567906 11
1704567922 12
1704567938 11
1704567954 12
1704567970 10
1704567986 7
1704568002 7
1704568018 11
1704568034 13
1704568050 4
1704568066 3
1704568082 9
1704568098 11
1704568114 16
1704568130 14
1704568146 14
1704568162 6
1704568178 17
1704568194 9
1704568210 9
1704568226 5
1704568242 11
1704568258 15
1704568274 11
1704568290 15
1704568306 4



# Sketch: 26
1704567714 14
1704567730 11
1704567746 10
1704567762 4
1704567778 7
1704567794 9
1704567810 6
1704567826 7
1704567842 22
1704567858 9
1704567874 5
1704567890 9
1704567906 11
1704567922 13
1704567938 3
1704567954 9
1704567970 23
1704567986 6
1704568002 9
1704568018 10
1704568034 8
1704568050 7
1704568066 11
1704568082 7
1704568098 13
1704568114 9
1704568130 7
1704568146 14
1704568162 9
1704568178 7
1704568194 12
1704568210 9
1704568226 8
1704568242 14
1704568258 5
1704568274 7
1704568290 16
1704568306 2



# Sketch: 27
1704567714 6
1704567730 18
1704567746 6
1704567762 3
1704567778 20
1704567794 10
1704567810 9
1704567826 4
1704567842 3
1704567858 10
1704567874 4
1704567890 6
1704567906 3
1704567922 7
1704567938 5
1704567954 7
1704567970 12
1704567986 12
1704568002 13
1704568018 10
1704568034 8
1704568050 5
1704568066 9
1704568082 10
1704568098 0
1704568114 4
1704568130 6
1704568146 32
1704568162 7
1704568178 2
1704568194 10
1704568210 6
1704568226 5
1704568242 7
1704568258 22
1704568274 7
1704568290 11
1704568306 3



# Sketch: 28
1704567714 4
1704567730 6
1704567746 11
1704567762 4
1704567778 9
1704567794 14
1704567810 8
1704567826 10
1704567842 7
1704567858 12
1704567874 5
1704567890 5
1704567906 0
1704567922 5
1704567938 3
1704567954 12
1704567970 7
1704567986 11
1704568002 10
1704568018 2
1704568034 4
1704568050 8
1704568066 9
1704568082 0
1704568098 22
1704568114 3
1704568130 3
1704568146 4
1704568162 7
1704568178 7
1704568194 7
1704568210 4
1704568226 4
1704568242 4
1704568258 1
1704568274 14
1704568290 11
1704568306 3



# Sketch: 29
1704567714 5
1704567730 13
1704567746 2
1704567762 2
1704567778 12
1704567794 11
1704567810 4
1704567826 2
1704567842 13
1704567858 16
1704567874 6
1704567890 11
1704567906 7
1704567922 15
1704567938 6
1704567954 20
1704567970 2
1704567986 1
1704568002 4
1704568018 4
1704568034 33
1704568050 9
1704568066 4
1704568082 5
1704568098 11
1704568114 13
1704568130 3
1704568146 12
1704568162 4
1704568178 6
1704568194 10
1704568210 12
1704568226 12
1704568242 5
1704568258 9
1704568274 12
1704568290 4
1704568306 5



# Sketch: 30
1704567714 4
1704567730 16
1704567746 4
1704567762 4
1704567778 6
1704567794 6
1704567810 6
1704567826 8
1704567842 7
1704567858 3
1704567874 6
1704567890 3
1704567906 3
1704567922 11
1704567938 5
1704567954 21
1704567970 5
1704567986 2
1704568002 3
1704568018 13
1704568034 4
1704568050 7
1704568066 7
1704568082 4
1704568098 9
1704568114 4
1704568130 7
1704568146 6
1704568162 2
1704568178 6
1704568194 15
1704568210 6
1704568226 3
1704568242 8
1704568258 6
1704568274 4
1704568290 2
1704568306 2



# Sketch: 31
1704567714 7
1704567730 13
1704567746 8
1704567762 5
1704567778 5
1704567794 11
1704567810 26
1704567826 4
1704567842 12
1704567858 10
1704567874 5
1704567890 4
1704567906 8
1704567922 7
1704567938 6
1704567954 18
1704567970 13
1704567986 8
1704568002 9
1704568018 7
1704568034 8
1704568050 4
1704568066 3
1704568082 9
1704568098 7
1704568114 6
1704568130 3
1704568146 5
1704568162 3
1704568178 6
1704568194 9
1704568210 8
1704568226 13
1704568242 10
1704568258 15
1704568274 10
1704568290 4
1704568306 3

