

# Sketch: 0
0 0.483543
1 0.311377
2 0.281518
3 0.261148
4 0.234109
5 0.272983
6 0.564289
7 0.636289



# Sketch: 1
0 0.595216
1 0.650409
2 0.708896
3 0.499258
4 0.265604
5 0.494795
6 0.804271
7 0.462973



# Sketch: 2
0 0.310002
1 0.380928
2 0.613248
3 0.841347
4 0.940968
5 0.628149
6 0.232598
7 0.403008



# Sketch: 3
0 0.349276
1 0.422513
2 0.599064
3 0.678875
4 0.516154
5 0.255292
6 0.573395
7 0.559365



# Sketch: 4
0 0.795688
1 0.67568
2 0.498894
3 0.538122
4 0.508706
5 0.402726
6 0.429776
7 0.50189



# Sketch: 5
0 0.361288
1 0.311306
2 0.325773
3 0.592638
4 0.430057
5 1.11745
6 1.12594
7 0.442563



# Sketch: 6
0 0.549404
1 0.662062
2 0.773108
3 0.99522
4 0.637282
5 0.846306
6 0.421053
7 0.461917



# Sketch: 7
0 0.737821
1 0.729879
2 0.723414
3 0.783156
4 0.893692
5 1.0172
6 0.889529
7 0.66003



# Sketch: 8
0 0.367348
1 0.27662
2 0.237593
3 0.346923
4 0.209674
5 0.201654
6 1.45889
7 0.454252



# Sketch: 9
0 0.719032
1 0.526453
2 0.339363
3 0.283217
4 0.249698
5 0.587661
6 0.369679
7 3.65258



# Sketch: 10
0 0.310525
1 0.250329
2 0.205881
3 0.387423
4 0.22791
5 0.299447
6 0.459344
7 1.19875



# Sketch: 11
0 0.315933
1 0.228152
2 0.199637
3 0.187327
4 0.294217
5 0.543689
6 0.666673
7 0.40595



# Sketch: 12
0 0.761653
1 0.408094
2 0.268168
3 0.424768
4 0.284923
5 0.156208
6 0.339053
7 0.539672



# Sketch: 13
0 2.10212
1 2.43033
2 2.20991
3 2.20697
4 2.41569
5 2.08929
6 2.38631
7 3.28991



# Sketch: 14
0 0.234583
1 0.248322
2 0.243876
3 0.266433
4 0.519315
5 0.3656
6 0.224033
7 0.522085



# Sketch: 15
0 0.0803584
1 0.482852
2 0.808532
3 0.842281
4 1.00295
5 1.02575
6 0.842736
7 0.559748



# Sketch: 16
0 0.454236
1 0.497318
2 0.622305
3 0.593987
4 0.663102
5 0.366854
6 0.539971
7 0.558681



# Sketch: 17
0 0.343463
1 0.314163
2 0.222427
3 0.365362
4 0.24354
5 0.453733
6 0.320437
7 0.551282



# Sketch: 18
0 0.462406
1 0.438439
2 0.234144
3 0.233943
4 0.480207
5 0.363058
6 0.593132
7 0.718833



# Sketch: 19
0 0.773185
1 0.571422
2 0.414225
3 0.462672
4 0.236564
5 0.306836
6 0.310099
7 0.492247



# Sketch: 20
0 0.421994
1 0.28708
2 0.362134
3 0.542345
4 0.403048
5 0.21411
6 0.428813
7 0.403474



# Sketch: 21
0 1.46359
1 1.454
2 0.85537
3 0.499775
4 0.99544
5 0.25788
6 1.08731
7 0.275578



# Sketch: 22
0 0.5598
1 0.225312
2 0.261231
3 0.0656816
4 0.117286
5 0.620539
6 0.704421
7 0.438443



# Sketch: 23
0 0.86095
1 0.749692
2 0.575026
3 0.542554
4 0.605378
5 0.496752
6 0.391043
7 0.654013



# Sketch: 24
0 0.389115
1 0.574538
2 0.257802
3 0.326199
4 0.215782
5 0.253998
6 0.262774
7 0.362617



# Sketch: 25
0 1.5642
1 1.41175
2 1.41064
3 1.64928
4 1.41779
5 1.55354
6 1.64626
7 2.31964



# Sketch: 26
0 0.824137
1 0.911762
2 1.03302
3 0.676315
4 1.15427
5 0.58763
6 0.330453
7 0.399941



# Sketch: 27
0 0.667511
1 0.70025
2 0.301286
3 0.313259
4 0.184363
5 0.214501
6 0.288817
7 1.3736



# Sketch: 28
0 0.164411
1 0.187852
2 0.141118
3 0.203172
4 0.421792
5 0.571204
6 0.249835
7 0.490541



# Sketch: 29
0 0.574129
1 0.632946
2 0.777644
3 0.903664
4 1.06162
5 1.0015
6 0.972507
7 1.56237



# Sketch: 30
0 0.613639
1 0.577197
2 0.657104
3 0.645489
4 0.191208
5 0.23284
6 0.29385
7 0.497685



# Sketch: 31
0 1.21132
1 1.15961
2 1.04909
3 1.22982
4 0.9414
5 0.3153
6 0.179652
7 0.319207

