

# Sketch: 0
1704567714 15
1704567746 16
1704567778 36
1704567810 16
1704567842 12
1704567874 30
1704567906 22
1704567938 16
1704567970 17
1704568002 36
1704568034 31
1704568066 14
1704568098 20
1704568130 33
1704568162 19
1704568194 11
1704568226 9
1704568258 51
1704568290 18



# Sketch: 1
1704567714 1
1704567746 6
1704567778 12
1704567810 12
1704567842 15
1704567874 5
1704567906 17
1704567938 12
1704567970 18
1704568002 8
1704568034 103
1704568066 11
1704568098 13
1704568130 15
1704568162 12
1704568194 18
1704568226 12
1704568258 13
1704568290 7



# Sketch: 2
1704567714 10
1704567746 14
1704567778 18
1704567810 10
1704567842 22
1704567874 12
1704567906 11
1704567938 24
1704567970 14
1704568002 21
1704568034 8
1704568066 17
1704568098 14
1704568130 16
1704568162 8
1704568194 13
1704568226 17
1704568258 17
1704568290 14



# Sketch: 3
1704567714 17
1704567746 11
1704567778 26
1704567810 15
1704567842 20
1704567874 9
1704567906 9
1704567938 15
1704567970 11
1704568002 7
1704568034 121
1704568066 18
1704568098 24
1704568130 21
1704568162 13
1704568194 21
1704568226 24
1704568258 40
1704568290 7



# Sketch: 4
1704567714 6
1704567746 15
1704567778 15
1704567810 15
1704567842 12
1704567874 10
1704567906 11
1704567938 25
1704567970 23
1704568002 8
1704568034 17
1704568066 12
1704568098 14
1704568130 8
1704568162 13
1704568194 25
1704568226 13
1704568258 4
1704568290 6



# Sketch: 5
1704567714 9
1704567746 18
1704567778 11
1704567810 6
1704567842 28
1704567874 26
1704567906 23
1704567938 17
1704567970 17
1704568002 15
1704568034 11
1704568066 8
1704568098 9
1704568130 10
1704568162 14
1704568194 11
1704568226 13
1704568258 12
1704568290 5



# Sketch: 6
1704567714 20
1704567746 21
1704567778 8
1704567810 10
1704567842 21
1704567874 11
1704567906 12
1704567938 23
1704567970 17
1704568002 11
1704568034 9
1704568066 7
1704568098 10
1704568130 13
1704568162 11
1704568194 18
1704568226 4
1704568258 13
1704568290 16



# Sketch: 7
1704567714 20
1704567746 10
1704567778 10
1704567810 31
1704567842 27
1704567874 13
1704567906 13
1704567938 22
1704567970 21
1704568002 15
1704568034 8
1704568066 13
1704568098 14
1704568130 37
1704568162 15
1704568194 24
1704568226 12
1704568258 4
1704568290 7



# Sketch: 8
1704567714 12
1704567746 14
1704567778 13
1704567810 9
1704567842 36
1704567874 8
1704567906 16
1704567938 12
1704567970 12
1704568002 34
1704568034 24
1704568066 14
1704568098 8
1704568130 17
1704568162 10
1704568194 10
1704568226 13
1704568258 9
1704568290 11



# Sketch: 9
1704567714 11
1704567746 9
1704567778 26
1704567810 5
1704567842 15
1704567874 12
1704567906 27
1704567938 20
1704567970 13
1704568002 8
1704568034 16
1704568066 18
1704568098 12
1704568130 14
1704568162 22
1704568194 39
1704568226 9
1704568258 21
1704568290 10



# Sketch: 10
1704567714 22
1704567746 17
1704567778 16
1704567810 22
1704567842 19
1704567874 11
1704567906 12
1704567938 23
1704567970 20
1704568002 20
1704568034 11
1704568066 8
1704568098 9
1704568130 14
1704568162 11
1704568194 16
1704568226 11
1704568258 11
1704568290 7



# Sketch: 11
1704567714 22
1704567746 13
1704567778 28
1704567810 20
1704567842 37
1704567874 32
1704567906 5
1704567938 12
1704567970 19
1704568002 9
1704568034 15
1704568066 16
1704568098 21
1704568130 28
1704568162 27
1704568194 13
1704568226 10
1704568258 21
1704568290 7



# Sketch: 12
1704567714 22
1704567746 17
1704567778 35
1704567810 16
1704567842 13
1704567874 17
1704567906 13
1704567938 11
1704567970 17
1704568002 22
1704568034 20
1704568066 6
1704568098 9
1704568130 5
1704568162 9
1704568194 20
1704568226 28
1704568258 7
1704568290 6



# Sketch: 13
1704567714 14
1704567746 7
1704567778 15
1704567810 11
1704567842 24
1704567874 17
1704567906 14
1704567938 15
1704567970 8
1704568002 14
1704568034 15
1704568066 6
1704568098 28
1704568130 7
1704568162 9
1704568194 20
1704568226 13
1704568258 22
1704568290 8



# Sketch: 14
1704567714 32
1704567746 10
1704567778 29
1704567810 19
1704567842 19
1704567874 11
1704567906 26
1704567938 27
1704567970 26
1704568002 13
1704568034 15
1704568066 18
1704568098 17
1704568130 18
1704568162 12
1704568194 13
1704568226 24
1704568258 39
1704568290 13



# Sketch: 15
1704567714 18
1704567746 9
1704567778 26
1704567810 12
1704567842 13
1704567874 27
1704567906 24
1704567938 23
1704567970 23
1704568002 7
1704568034 19
1704568066 16
1704568098 16
1704568130 15
1704568162 11
1704568194 13
1704568226 32
1704568258 29
1704568290 17



# Sketch: 16
1704567714 11
1704567746 14
1704567778 17
1704567810 13
1704567842 22
1704567874 13
1704567906 4
1704567938 16
1704567970 18
1704568002 11
1704568034 154
1704568066 15
1704568098 22
1704568130 25
1704568162 14
1704568194 17
1704568226 11
1704568258 18
1704568290 14



# Sketch: 17
1704567714 18
1704567746 14
1704567778 16
1704567810 17
1704567842 25
1704567874 2
1704567906 7
1704567938 16
1704567970 15
1704568002 3
1704568034 14
1704568066 9
1704568098 14
1704568130 3
1704568162 13
1704568194 13
1704568226 25
1704568258 10
1704568290 7



# Sketch: 18
1704567714 22
1704567746 30
1704567778 10
1704567810 16
1704567842 10
1704567874 9
1704567906 13
1704567938 13
1704567970 36
1704568002 14
1704568034 14
1704568066 6
1704568098 13
1704568130 15
1704568162 14
1704568194 25
1704568226 14
1704568258 17
1704568290 7



# Sketch: 19
1704567714 27
1704567746 15
1704567778 15
1704567810 11
1704567842 11
1704567874 7
1704567906 4
1704567938 21
1704567970 9
1704568002 14
1704568034 7
1704568066 7
1704568098 36
1704568130 13
1704568162 5
1704568194 8
1704568226 9
1704568258 24
1704568290 7



# Sketch: 20
1704567714 12
1704567746 18
1704567778 33
1704567810 7
1704567842 21
1704567874 12
1704567906 19
1704567938 15
1704567970 21
1704568002 9
1704568034 13
1704568066 9
1704568098 12
1704568130 9
1704568162 22
1704568194 22
1704568226 12
1704568258 8
1704568290 7



# Sketch: 21
1704567714 17
1704567746 22
1704567778 16
1704567810 13
1704567842 13
1704567874 15
1704567906 15
1704567938 21
1704567970 17
1704568002 9
1704568034 17
1704568066 29
1704568098 21
1704568130 15
1704568162 18
1704568194 40
1704568226 6
1704568258 29
1704568290 6



# Sketch: 22
1704567714 2
1704567746 24
1704567778 15
1704567810 16
1704567842 16
1704567874 11
1704567906 31
1704567938 50
1704567970 25
1704568002 8
1704568034 36
1704568066 22
1704568098 15
1704568130 16
1704568162 9
1704568194 19
1704568226 18
1704568258 10
1704568290 11



# Sketch: 23
1704567714 14
1704567746 10
1704567778 22
1704567810 20
1704567842 19
1704567874 11
1704567906 13
1704567938 20
1704567970 12
1704568002 8
1704568034 11
1704568066 10
1704568098 11
1704568130 16
1704568162 3
1704568194 15
1704568226 19
1704568258 28
1704568290 10



# Sketch: 24
1704567714 18
1704567746 18
1704567778 37
1704567810 18
1704567842 30
1704567874 23
1704567906 18
1704567938 28
1704567970 13
1704568002 29
1704568034 38
1704568066 26
1704568098 15
1704568130 28
1704568162 12
1704568194 10
1704568226 18
1704568258 48
1704568290 23



# Sketch: 25
1704567714 4
1704567746 10
1704567778 15
1704567810 9
1704567842 9
1704567874 12
1704567906 15
1704567938 8
1704567970 13
1704568002 19
1704568034 21
1704568066 16
1704568098 23
1704568130 33
1704568162 14
1704568194 4
1704568226 7
1704568258 11
1704568290 19



# Sketch: 26
1704567714 12
1704567746 9
1704567778 14
1704567810 13
1704567842 13
1704567874 12
1704567906 8
1704567938 21
1704567970 11
1704568002 19
1704568034 15
1704568066 16
1704568098 29
1704568130 8
1704568162 18
1704568194 11
1704568226 11
1704568258 13
1704568290 7



# Sketch: 27
1704567714 20
1704567746 21
1704567778 24
1704567810 18
1704567842 35
1704567874 22
1704567906 36
1704567938 23
1704567970 30
1704568002 13
1704568034 13
1704568066 13
1704568098 17
1704568130 15
1704568162 9
1704568194 21
1704568226 19
1704568258 15
1704568290 8



# Sketch: 28
1704567714 8
1704567746 11
1704567778 9
1704567810 19
1704567842 29
1704567874 17
1704567906 8
1704567938 27
1704567970 8
1704568002 8
1704568034 71
1704568066 17
1704568098 10
1704568130 13
1704568162 13
1704568194 24
1704568226 14
1704568258 23
1704568290 16



# Sketch: 29
1704567714 13
1704567746 12
1704567778 24
1704567810 8
1704567842 22
1704567874 12
1704567906 18
1704567938 18
1704567970 26
1704568002 11
1704568034 15
1704568066 23
1704568098 18
1704568130 16
1704568162 18
1704568194 18
1704568226 27
1704568258 17
1704568290 8



# Sketch: 30
1704567714 16
1704567746 28
1704567778 14
1704567810 12
1704567842 21
1704567874 20
1704567906 18
1704567938 19
1704567970 11
1704568002 17
1704568034 12
1704568066 17
1704568098 37
1704568130 10
1704568162 9
1704568194 22
1704568226 11
1704568258 15
1704568290 6



# Sketch: 31
1704567714 12
1704567746 12
1704567778 16
1704567810 11
1704567842 23
1704567874 19
1704567906 17
1704567938 24
1704567970 23
1704568002 14
1704568034 14
1704568066 8
1704568098 16
1704568130 13
1704568162 8
1704568194 17
1704568226 23
1704568258 10
1704568290 16

