

# Sketch: 0
1704643914 31
1704643978 25
1704644042 41
1704644106 24
1704644170 46
1704644234 62
1704644298 37
1704644362 33
1704644426 32
1704644490 11



# Sketch: 1
1704643914 36
1704643978 30
1704644042 40
1704644106 14
1704644170 13
1704644234 27
1704644298 28
1704644362 19
1704644426 46
1704644490 7



# Sketch: 2
1704643914 29
1704643978 52
1704644042 30
1704644106 44
1704644170 95
1704644234 64
1704644298 42
1704644362 44
1704644426 55
1704644490 23



# Sketch: 3
1704643914 30
1704643978 18
1704644042 15
1704644106 19
1704644170 31
1704644234 11
1704644298 29
1704644362 29
1704644426 39
1704644490 17



# Sketch: 4
1704643914 21
1704643978 18
1704644042 36
1704644106 29
1704644170 23
1704644234 13
1704644298 29
1704644362 23
1704644426 29
1704644490 14



# Sketch: 5
1704643914 18
1704643978 26
1704644042 46
1704644106 26
1704644170 11
1704644234 35
1704644298 19
1704644362 25
1704644426 37
1704644490 12



# Sketch: 6
1704643914 37
1704643978 12
1704644042 42
1704644106 22
1704644170 31
1704644234 20
1704644298 35
1704644362 28
1704644426 37
1704644490 9



# Sketch: 7
1704643914 33
1704643978 17
1704644042 32
1704644106 27
1704644170 28
1704644234 23
1704644298 21
1704644362 22
1704644426 37
1704644490 14



# Sketch: 8
1704643914 28
1704643978 13
1704644042 30
1704644106 20
1704644170 27
1704644234 18
1704644298 20
1704644362 20
1704644426 34
1704644490 6



# Sketch: 9
1704643914 35
1704643978 20
1704644042 36
1704644106 27
1704644170 38
1704644234 41
1704644298 37
1704644362 44
1704644426 52
1704644490 6



# Sketch: 10
1704643914 28
1704643978 70
1704644042 29
1704644106 35
1704644170 68
1704644234 52
1704644298 35
1704644362 34
1704644426 51
1704644490 21



# Sketch: 11
1704643914 28
1704643978 46
1704644042 22
1704644106 31
1704644170 24
1704644234 16
1704644298 37
1704644362 27
1704644426 42
1704644490 10



# Sketch: 12
1704643914 18
1704643978 36
1704644042 31
1704644106 40
1704644170 27
1704644234 31
1704644298 27
1704644362 24
1704644426 47
1704644490 8



# Sketch: 13
1704643914 18
1704643978 21
1704644042 17
1704644106 38
1704644170 59
1704644234 25
1704644298 21
1704644362 40
1704644426 120
1704644490 16



# Sketch: 14
1704643914 40
1704643978 24
1704644042 29
1704644106 42
1704644170 30
1704644234 30
1704644298 33
1704644362 44
1704644426 33
1704644490 6



# Sketch: 15
1704643914 29
1704643978 26
1704644042 18
1704644106 19
1704644170 29
1704644234 20
1704644298 26
1704644362 20
1704644426 17
1704644490 11



# Sketch: 16
1704643914 35
1704643978 27
1704644042 20
1704644106 20
1704644170 28
1704644234 33
1704644298 30
1704644362 38
1704644426 42
1704644490 4



# Sketch: 17
1704643914 22
1704643978 38
1704644042 21
1704644106 18
1704644170 22
1704644234 15
1704644298 28
1704644362 18
1704644426 25
1704644490 8



# Sketch: 18
1704643914 23
1704643978 33
1704644042 32
1704644106 23
1704644170 34
1704644234 27
1704644298 31
1704644362 37
1704644426 45
1704644490 12



# Sketch: 19
1704643914 34
1704643978 28
1704644042 31
1704644106 18
1704644170 28
1704644234 25
1704644298 33
1704644362 18
1704644426 34
1704644490 18



# Sketch: 20
1704643914 24
1704643978 37
1704644042 20
1704644106 26
1704644170 31
1704644234 22
1704644298 25
1704644362 24
1704644426 31
1704644490 16



# Sketch: 21
1704643914 41
1704643978 30
1704644042 28
1704644106 43
1704644170 33
1704644234 20
1704644298 38
1704644362 25
1704644426 34
1704644490 15



# Sketch: 22
1704643914 26
1704643978 33
1704644042 41
1704644106 26
1704644170 47
1704644234 26
1704644298 43
1704644362 36
1704644426 42
1704644490 6



# Sketch: 23
1704643914 43
1704643978 35
1704644042 27
1704644106 23
1704644170 24
1704644234 47
1704644298 29
1704644362 30
1704644426 31
1704644490 8



# Sketch: 24
1704643914 38
1704643978 44
1704644042 97
1704644106 55
1704644170 96
1704644234 54
1704644298 46
1704644362 36
1704644426 52
1704644490 13



# Sketch: 25
1704643914 35
1704643978 20
1704644042 34
1704644106 28
1704644170 28
1704644234 16
1704644298 21
1704644362 34
1704644426 47
1704644490 13



# Sketch: 26
1704643914 42
1704643978 20
1704644042 34
1704644106 25
1704644170 39
1704644234 38
1704644298 36
1704644362 41
1704644426 52
1704644490 9



# Sketch: 27
1704643914 27
1704643978 23
1704644042 41
1704644106 24
1704644170 53
1704644234 24
1704644298 22
1704644362 25
1704644426 46
1704644490 9



# Sketch: 28
1704643914 18
1704643978 13
1704644042 28
1704644106 14
1704644170 18
1704644234 29
1704644298 16
1704644362 28
1704644426 55
1704644490 6



# Sketch: 29
1704643914 30
1704643978 21
1704644042 11
1704644106 25
1704644170 19
1704644234 9
1704644298 31
1704644362 42
1704644426 34
1704644490 9



# Sketch: 30
1704643914 23
1704643978 18
1704644042 31
1704644106 26
1704644170 18
1704644234 24
1704644298 23
1704644362 33
1704644426 63
1704644490 15



# Sketch: 31
1704643914 34
1704643978 14
1704644042 15
1704644106 10
1704644170 17
1704644234 21
1704644298 16
1704644362 19
1704644426 52
1704644490 8

