

# Sketch: 0
1704643914 3
1704643922 1
1704643930 5
1704643938 3
1704643946 1
1704643954 2
1704643962 3
1704643970 2
1704643978 3
1704643986 11
1704643994 6
1704644002 2
1704644010 1
1704644018 0
1704644026 8
1704644034 2
1704644042 0
1704644050 6
1704644058 7
1704644066 6
1704644074 2
1704644082 0
1704644090 0
1704644098 1
1704644106 4
1704644114 3
1704644122 3
1704644130 3
1704644138 1
1704644146 0
1704644154 1
1704644162 4
1704644170 8
1704644178 3
1704644186 2
1704644194 7
1704644202 0
1704644210 3
1704644218 2
1704644226 4
1704644234 1
1704644242 5
1704644250 1
1704644258 1
1704644266 1
1704644274 2
1704644282 1
1704644290 5
1704644298 4
1704644306 2
1704644314 4
1704644322 1
1704644330 2
1704644338 2
1704644346 6
1704644354 1
1704644362 2
1704644370 2
1704644378 4
1704644386 2
1704644394 3
1704644402 1
1704644410 3
1704644418 9
1704644426 2
1704644434 14
1704644442 0
1704644450 5
1704644458 2
1704644466 3
1704644474 0
1704644482 1
1704644490 4
1704644498 5
1704644506 4



# Sketch: 1
1704643914 4
1704643922 5
1704643930 5
1704643938 3
1704643946 1
1704643954 10
1704643962 4
1704643970 4
1704643978 1
1704643986 0
1704643994 4
1704644002 0
1704644010 3
1704644018 5
1704644026 1
1704644034 4
1704644042 8
1704644050 9
1704644058 4
1704644066 6
1704644074 5
1704644082 2
1704644090 1
1704644098 2
1704644106 2
1704644114 1
1704644122 2
1704644130 2
1704644138 3
1704644146 0
1704644154 2
1704644162 5
1704644170 4
1704644178 8
1704644186 2
1704644194 3
1704644202 0
1704644210 1
1704644218 2
1704644226 9
1704644234 6
1704644242 1
1704644250 0
1704644258 1
1704644266 3
1704644274 11
1704644282 13
1704644290 6
1704644298 13
1704644306 3
1704644314 3
1704644322 0
1704644330 1
1704644338 2
1704644346 1
1704644354 1
1704644362 0
1704644370 2
1704644378 0
1704644386 3
1704644394 1
1704644402 3
1704644410 1
1704644418 10
1704644426 4
1704644434 13
1704644442 3
1704644450 6
1704644458 4
1704644466 1
1704644474 4
1704644482 3
1704644490 2
1704644498 2
1704644506 5



# Sketch: 2
1704643914 1
1704643922 5
1704643930 5
1704643938 1
1704643946 4
1704643954 1
1704643962 5
1704643970 6
1704643978 2
1704643986 12
1704643994 3
1704644002 2
1704644010 4
1704644018 0
1704644026 2
1704644034 3
1704644042 4
1704644050 1
1704644058 1
1704644066 0
1704644074 2
1704644082 0
1704644090 2
1704644098 12
1704644106 1
1704644114 2
1704644122 3
1704644130 5
1704644138 2
1704644146 1
1704644154 2
1704644162 2
1704644170 3
1704644178 3
1704644186 4
1704644194 0
1704644202 0
1704644210 4
1704644218 8
1704644226 2
1704644234 1
1704644242 0
1704644250 0
1704644258 0
1704644266 5
1704644274 3
1704644282 5
1704644290 0
1704644298 3
1704644306 13
1704644314 3
1704644322 0
1704644330 2
1704644338 4
1704644346 2
1704644354 1
1704644362 5
1704644370 1
1704644378 3
1704644386 4
1704644394 2
1704644402 8
1704644410 4
1704644418 2
1704644426 3
1704644434 4
1704644442 2
1704644450 6
1704644458 1
1704644466 4
1704644474 2
1704644482 1
1704644490 6
1704644498 4
1704644506 2



# Sketch: 3
1704643914 3
1704643922 1
1704643930 5
1704643938 10
1704643946 8
1704643954 4
1704643962 3
1704643970 3
1704643978 3
1704643986 5
1704643994 2
1704644002 6
1704644010 5
1704644018 4
1704644026 3
1704644034 2
1704644042 4
1704644050 4
1704644058 7
1704644066 2
1704644074 6
1704644082 5
1704644090 2
1704644098 2
1704644106 6
1704644114 4
1704644122 1
1704644130 3
1704644138 5
1704644146 3
1704644154 4
1704644162 5
1704644170 7
1704644178 7
1704644186 3
1704644194 0
1704644202 3
1704644210 2
1704644218 4
1704644226 5
1704644234 4
1704644242 3
1704644250 1
1704644258 2
1704644266 1
1704644274 3
1704644282 5
1704644290 9
1704644298 7
1704644306 4
1704644314 3
1704644322 7
1704644330 4
1704644338 11
1704644346 1
1704644354 16
1704644362 6
1704644370 1
1704644378 3
1704644386 11
1704644394 6
1704644402 6
1704644410 2
1704644418 6
1704644426 10
1704644434 4
1704644442 3
1704644450 6
1704644458 3
1704644466 3
1704644474 8
1704644482 5
1704644490 3
1704644498 2
1704644506 4



# Sketch: 4
1704643914 13
1704643922 2
1704643930 11
1704643938 5
1704643946 1
1704643954 6
1704643962 6
1704643970 2
1704643978 17
1704643986 5
1704643994 2
1704644002 2
1704644010 4
1704644018 1
1704644026 4
1704644034 1
1704644042 5
1704644050 7
1704644058 3
1704644066 2
1704644074 4
1704644082 1
1704644090 2
1704644098 1
1704644106 4
1704644114 5
1704644122 7
1704644130 1
1704644138 3
1704644146 4
1704644154 6
1704644162 3
1704644170 3
1704644178 5
1704644186 2
1704644194 0
1704644202 1
1704644210 4
1704644218 5
1704644226 7
1704644234 1
1704644242 2
1704644250 0
1704644258 3
1704644266 3
1704644274 4
1704644282 1
1704644290 2
1704644298 1
1704644306 4
1704644314 0
1704644322 0
1704644330 2
1704644338 16
1704644346 0
1704644354 2
1704644362 8
1704644370 2
1704644378 0
1704644386 5
1704644394 8
1704644402 6
1704644410 4
1704644418 2
1704644426 4
1704644434 2
1704644442 5
1704644450 2
1704644458 1
1704644466 2
1704644474 8
1704644482 1
1704644490 7
1704644498 7
1704644506 1



# Sketch: 5
1704643914 2
1704643922 5
1704643930 10
1704643938 0
1704643946 7
1704643954 2
1704643962 4
1704643970 1
1704643978 3
1704643986 5
1704643994 3
1704644002 3
1704644010 3
1704644018 1
1704644026 2
1704644034 6
1704644042 3
1704644050 2
1704644058 2
1704644066 4
1704644074 3
1704644082 3
1704644090 3
1704644098 1
1704644106 4
1704644114 3
1704644122 2
1704644130 2
1704644138 2
1704644146 0
1704644154 4
1704644162 0
1704644170 1
1704644178 6
1704644186 4
1704644194 3
1704644202 3
1704644210 3
1704644218 4
1704644226 1
1704644234 6
1704644242 3
1704644250 1
1704644258 5
1704644266 3
1704644274 4
1704644282 3
1704644290 1
1704644298 5
1704644306 4
1704644314 1
1704644322 4
1704644330 1
1704644338 2
1704644346 2
1704644354 0
1704644362 3
1704644370 5
1704644378 0
1704644386 2
1704644394 2
1704644402 1
1704644410 1
1704644418 9
1704644426 4
1704644434 10
1704644442 4
1704644450 2
1704644458 9
1704644466 1
1704644474 1
1704644482 2
1704644490 5
1704644498 2
1704644506 0



# Sketch: 6
1704643914 2
1704643922 3
1704643930 7
1704643938 4
1704643946 6
1704643954 2
1704643962 2
1704643970 6
1704643978 6
1704643986 10
1704643994 3
1704644002 1
1704644010 1
1704644018 2
1704644026 3
1704644034 1
1704644042 5
1704644050 2
1704644058 7
1704644066 7
1704644074 2
1704644082 6
1704644090 2
1704644098 5
1704644106 3
1704644114 3
1704644122 1
1704644130 1
1704644138 3
1704644146 2
1704644154 4
1704644162 5
1704644170 9
1704644178 2
1704644186 4
1704644194 5
1704644202 1
1704644210 6
1704644218 0
1704644226 1
1704644234 5
1704644242 3
1704644250 1
1704644258 3
1704644266 3
1704644274 4
1704644282 13
1704644290 3
1704644298 5
1704644306 2
1704644314 1
1704644322 3
1704644330 2
1704644338 3
1704644346 6
1704644354 7
1704644362 6
1704644370 4
1704644378 6
1704644386 2
1704644394 3
1704644402 5
1704644410 4
1704644418 9
1704644426 15
1704644434 15
1704644442 2
1704644450 8
1704644458 2
1704644466 3
1704644474 7
1704644482 2
1704644490 0
1704644498 1
1704644506 0



# Sketch: 7
1704643914 2
1704643922 5
1704643930 2
1704643938 4
1704643946 6
1704643954 3
1704643962 0
1704643970 4
1704643978 1
1704643986 1
1704643994 1
1704644002 5
1704644010 0
1704644018 4
1704644026 3
1704644034 1
1704644042 9
1704644050 7
1704644058 4
1704644066 11
1704644074 8
1704644082 6
1704644090 0
1704644098 3
1704644106 2
1704644114 3
1704644122 2
1704644130 5
1704644138 0
1704644146 2
1704644154 4
1704644162 3
1704644170 5
1704644178 6
1704644186 2
1704644194 2
1704644202 6
1704644210 3
1704644218 9
1704644226 4
1704644234 5
1704644242 3
1704644250 2
1704644258 3
1704644266 2
1704644274 2
1704644282 3
1704644290 7
1704644298 8
1704644306 2
1704644314 0
1704644322 3
1704644330 2
1704644338 9
1704644346 1
1704644354 0
1704644362 2
1704644370 11
1704644378 12
1704644386 0
1704644394 0
1704644402 1
1704644410 1
1704644418 1
1704644426 10
1704644434 2
1704644442 1
1704644450 3
1704644458 10
1704644466 2
1704644474 1
1704644482 1
1704644490 6
1704644498 3
1704644506 4



# Sketch: 8
1704643914 6
1704643922 4
1704643930 8
1704643938 5
1704643946 8
1704643954 4
1704643962 3
1704643970 2
1704643978 4
1704643986 5
1704643994 2
1704644002 0
1704644010 2
1704644018 2
1704644026 1
1704644034 4
1704644042 5
1704644050 2
1704644058 5
1704644066 5
1704644074 3
1704644082 4
1704644090 2
1704644098 14
1704644106 8
1704644114 3
1704644122 6
1704644130 2
1704644138 1
1704644146 2
1704644154 3
1704644162 1
1704644170 4
1704644178 2
1704644186 6
1704644194 2
1704644202 2
1704644210 3
1704644218 6
1704644226 2
1704644234 1
1704644242 2
1704644250 1
1704644258 2
1704644266 6
1704644274 4
1704644282 8
1704644290 5
1704644298 1
1704644306 1
1704644314 5
1704644322 1
1704644330 3
1704644338 0
1704644346 10
1704644354 3
1704644362 5
1704644370 2
1704644378 3
1704644386 2
1704644394 1
1704644402 8
1704644410 7
1704644418 4
1704644426 8
1704644434 1
1704644442 6
1704644450 4
1704644458 2
1704644466 9
1704644474 6
1704644482 3
1704644490 0
1704644498 0
1704644506 4



# Sketch: 9
1704643914 4
1704643922 5
1704643930 3
1704643938 3
1704643946 1
1704643954 1
1704643962 1
1704643970 6
1704643978 6
1704643986 7
1704643994 6
1704644002 5
1704644010 2
1704644018 9
1704644026 8
1704644034 9
1704644042 6
1704644050 3
1704644058 4
1704644066 2
1704644074 4
1704644082 7
1704644090 0
1704644098 1
1704644106 3
1704644114 5
1704644122 6
1704644130 9
1704644138 3
1704644146 5
1704644154 8
1704644162 2
1704644170 5
1704644178 4
1704644186 0
1704644194 0
1704644202 2
1704644210 3
1704644218 6
1704644226 3
1704644234 2
1704644242 9
1704644250 9
1704644258 5
1704644266 7
1704644274 2
1704644282 2
1704644290 3
1704644298 3
1704644306 3
1704644314 4
1704644322 5
1704644330 2
1704644338 0
1704644346 6
1704644354 3
1704644362 3
1704644370 2
1704644378 1
1704644386 5
1704644394 6
1704644402 3
1704644410 6
1704644418 4
1704644426 10
1704644434 11
1704644442 2
1704644450 20
1704644458 3
1704644466 1
1704644474 5
1704644482 3
1704644490 4
1704644498 1
1704644506 8



# Sketch: 10
1704643914 1
1704643922 3
1704643930 3
1704643938 3
1704643946 4
1704643954 7
1704643962 5
1704643970 3
1704643978 5
1704643986 4
1704643994 3
1704644002 1
1704644010 4
1704644018 4
1704644026 2
1704644034 1
1704644042 1
1704644050 1
1704644058 3
1704644066 3
1704644074 8
1704644082 0
1704644090 1
1704644098 4
1704644106 3
1704644114 0
1704644122 1
1704644130 6
1704644138 6
1704644146 1
1704644154 4
1704644162 4
1704644170 7
1704644178 0
1704644186 6
1704644194 3
1704644202 11
1704644210 7
1704644218 2
1704644226 1
1704644234 2
1704644242 7
1704644250 4
1704644258 4
1704644266 0
1704644274 5
1704644282 0
1704644290 1
1704644298 6
1704644306 3
1704644314 1
1704644322 1
1704644330 5
1704644338 4
1704644346 0
1704644354 2
1704644362 6
1704644370 4
1704644378 2
1704644386 1
1704644394 5
1704644402 5
1704644410 12
1704644418 2
1704644426 12
1704644434 13
1704644442 9
1704644450 3
1704644458 3
1704644466 7
1704644474 3
1704644482 2
1704644490 4
1704644498 5
1704644506 5



# Sketch: 11
1704643914 6
1704643922 1
1704643930 4
1704643938 4
1704643946 1
1704643954 3
1704643962 6
1704643970 0
1704643978 1
1704643986 7
1704643994 2
1704644002 2
1704644010 3
1704644018 7
1704644026 0
1704644034 5
1704644042 1
1704644050 4
1704644058 0
1704644066 4
1704644074 5
1704644082 4
1704644090 0
1704644098 1
1704644106 1
1704644114 1
1704644122 4
1704644130 2
1704644138 3
1704644146 2
1704644154 2
1704644162 1
1704644170 5
1704644178 13
1704644186 5
1704644194 5
1704644202 3
1704644210 0
1704644218 3
1704644226 5
1704644234 5
1704644242 3
1704644250 1
1704644258 1
1704644266 0
1704644274 1
1704644282 1
1704644290 2
1704644298 4
1704644306 8
1704644314 1
1704644322 2
1704644330 0
1704644338 3
1704644346 5
1704644354 7
1704644362 3
1704644370 2
1704644378 7
1704644386 1
1704644394 3
1704644402 5
1704644410 8
1704644418 3
1704644426 12
1704644434 3
1704644442 17
1704644450 18
1704644458 4
1704644466 3
1704644474 5
1704644482 13
1704644490 0
1704644498 8
1704644506 5



# Sketch: 12
1704643914 4
1704643922 1
1704643930 1
1704643938 6
1704643946 0
1704643954 0
1704643962 4
1704643970 9
1704643978 3
1704643986 5
1704643994 2
1704644002 1
1704644010 3
1704644018 1
1704644026 0
1704644034 13
1704644042 8
1704644050 5
1704644058 1
1704644066 0
1704644074 1
1704644082 17
1704644090 0
1704644098 0
1704644106 4
1704644114 3
1704644122 1
1704644130 3
1704644138 2
1704644146 2
1704644154 5
1704644162 4
1704644170 2
1704644178 7
1704644186 14
1704644194 0
1704644202 3
1704644210 0
1704644218 2
1704644226 2
1704644234 5
1704644242 3
1704644250 5
1704644258 5
1704644266 2
1704644274 5
1704644282 2
1704644290 4
1704644298 6
1704644306 9
1704644314 2
1704644322 11
1704644330 3
1704644338 6
1704644346 4
1704644354 1
1704644362 4
1704644370 2
1704644378 1
1704644386 1
1704644394 0
1704644402 3
1704644410 2
1704644418 4
1704644426 5
1704644434 6
1704644442 6
1704644450 0
1704644458 0
1704644466 1
1704644474 1
1704644482 1
1704644490 3
1704644498 2
1704644506 4



# Sketch: 13
1704643914 4
1704643922 1
1704643930 1
1704643938 1
1704643946 3
1704643954 1
1704643962 3
1704643970 0
1704643978 6
1704643986 6
1704643994 4
1704644002 3
1704644010 8
1704644018 2
1704644026 1
1704644034 3
1704644042 1
1704644050 1
1704644058 1
1704644066 1
1704644074 9
1704644082 3
1704644090 3
1704644098 3
1704644106 1
1704644114 1
1704644122 1
1704644130 6
1704644138 2
1704644146 1
1704644154 7
1704644162 5
1704644170 2
1704644178 3
1704644186 12
1704644194 4
1704644202 4
1704644210 2
1704644218 9
1704644226 0
1704644234 2
1704644242 2
1704644250 0
1704644258 4
1704644266 4
1704644274 5
1704644282 0
1704644290 2
1704644298 10
1704644306 0
1704644314 1
1704644322 3
1704644330 0
1704644338 1
1704644346 6
1704644354 1
1704644362 1
1704644370 3
1704644378 3
1704644386 2
1704644394 2
1704644402 3
1704644410 5
1704644418 3
1704644426 5
1704644434 11
1704644442 3
1704644450 1
1704644458 1
1704644466 3
1704644474 3
1704644482 2
1704644490 5
1704644498 1
1704644506 1



# Sketch: 14
1704643914 5
1704643922 5
1704643930 5
1704643938 5
1704643946 4
1704643954 5
1704643962 1
1704643970 6
1704643978 1
1704643986 10
1704643994 5
1704644002 1
1704644010 4
1704644018 5
1704644026 2
1704644034 2
1704644042 4
1704644050 15
1704644058 7
1704644066 3
1704644074 0
1704644082 5
1704644090 0
1704644098 2
1704644106 10
1704644114 2
1704644122 3
1704644130 8
1704644138 4
1704644146 1
1704644154 7
1704644162 10
1704644170 15
1704644178 6
1704644186 0
1704644194 1
1704644202 3
1704644210 1
1704644218 3
1704644226 31
1704644234 11
1704644242 13
1704644250 6
1704644258 3
1704644266 2
1704644274 9
1704644282 2
1704644290 3
1704644298 4
1704644306 3
1704644314 2
1704644322 4
1704644330 7
1704644338 2
1704644346 6
1704644354 4
1704644362 5
1704644370 7
1704644378 6
1704644386 5
1704644394 1
1704644402 15
1704644410 3
1704644418 1
1704644426 5
1704644434 5
1704644442 4
1704644450 1
1704644458 0
1704644466 14
1704644474 3
1704644482 9
1704644490 4
1704644498 6
1704644506 5



# Sketch: 15
1704643914 3
1704643922 5
1704643930 4
1704643938 4
1704643946 5
1704643954 4
1704643962 4
1704643970 7
1704643978 0
1704643986 5
1704643994 1
1704644002 0
1704644010 0
1704644018 4
1704644026 0
1704644034 5
1704644042 1
1704644050 11
1704644058 1
1704644066 2
1704644074 5
1704644082 3
1704644090 0
1704644098 9
1704644106 2
1704644114 2
1704644122 3
1704644130 6
1704644138 0
1704644146 1
1704644154 2
1704644162 5
1704644170 2
1704644178 7
1704644186 1
1704644194 4
1704644202 18
1704644210 2
1704644218 30
1704644226 2
1704644234 1
1704644242 6
1704644250 4
1704644258 6
1704644266 3
1704644274 5
1704644282 7
1704644290 1
1704644298 1
1704644306 2
1704644314 3
1704644322 1
1704644330 4
1704644338 6
1704644346 3
1704644354 2
1704644362 3
1704644370 2
1704644378 17
1704644386 4
1704644394 6
1704644402 2
1704644410 1
1704644418 2
1704644426 3
1704644434 81
1704644442 4
1704644450 1
1704644458 13
1704644466 7
1704644474 3
1704644482 13
1704644490 3
1704644498 10
1704644506 6



# Sketch: 16
1704643914 5
1704643922 2
1704643930 1
1704643938 6
1704643946 2
1704643954 10
1704643962 2
1704643970 5
1704643978 2
1704643986 3
1704643994 2
1704644002 1
1704644010 5
1704644018 3
1704644026 6
1704644034 1
1704644042 8
1704644050 1
1704644058 4
1704644066 2
1704644074 3
1704644082 0
1704644090 3
1704644098 2
1704644106 4
1704644114 5
1704644122 7
1704644130 4
1704644138 2
1704644146 0
1704644154 2
1704644162 2
1704644170 4
1704644178 3
1704644186 2
1704644194 2
1704644202 3
1704644210 2
1704644218 5
1704644226 1
1704644234 8
1704644242 0
1704644250 28
1704644258 2
1704644266 2
1704644274 2
1704644282 1
1704644290 4
1704644298 3
1704644306 2
1704644314 1
1704644322 4
1704644330 0
1704644338 6
1704644346 4
1704644354 3
1704644362 5
1704644370 8
1704644378 0
1704644386 3
1704644394 7
1704644402 1
1704644410 4
1704644418 1
1704644426 7
1704644434 7
1704644442 8
1704644450 6
1704644458 2
1704644466 0
1704644474 3
1704644482 0
1704644490 7
1704644498 2
1704644506 4



# Sketch: 17
1704643914 5
1704643922 5
1704643930 6
1704643938 2
1704643946 6
1704643954 0
1704643962 2
1704643970 7
1704643978 6
1704643986 0
1704643994 8
1704644002 7
1704644010 2
1704644018 1
1704644026 8
1704644034 2
1704644042 3
1704644050 4
1704644058 3
1704644066 5
1704644074 12
1704644082 3
1704644090 5
1704644098 1
1704644106 3
1704644114 1
1704644122 1
1704644130 4
1704644138 2
1704644146 2
1704644154 0
1704644162 6
1704644170 4
1704644178 3
1704644186 11
1704644194 0
1704644202 8
1704644210 1
1704644218 7
1704644226 2
1704644234 1
1704644242 0
1704644250 1
1704644258 3
1704644266 6
1704644274 8
1704644282 3
1704644290 3
1704644298 4
1704644306 4
1704644314 3
1704644322 4
1704644330 0
1704644338 2
1704644346 3
1704644354 0
1704644362 3
1704644370 3
1704644378 3
1704644386 2
1704644394 6
1704644402 4
1704644410 2
1704644418 6
1704644426 6
1704644434 8
1704644442 5
1704644450 6
1704644458 2
1704644466 1
1704644474 4
1704644482 6
1704644490 3
1704644498 4
1704644506 5



# Sketch: 18
1704643914 2
1704643922 2
1704643930 6
1704643938 10
1704643946 7
1704643954 3
1704643962 2
1704643970 2
1704643978 8
1704643986 6
1704643994 3
1704644002 6
1704644010 7
1704644018 0
1704644026 0
1704644034 3
1704644042 0
1704644050 3
1704644058 8
1704644066 4
1704644074 7
1704644082 1
1704644090 2
1704644098 5
1704644106 6
1704644114 1
1704644122 1
1704644130 5
1704644138 8
1704644146 0
1704644154 2
1704644162 2
1704644170 8
1704644178 5
1704644186 3
1704644194 3
1704644202 1
1704644210 4
1704644218 0
1704644226 2
1704644234 3
1704644242 0
1704644250 1
1704644258 2
1704644266 2
1704644274 9
1704644282 3
1704644290 5
1704644298 6
1704644306 4
1704644314 2
1704644322 11
1704644330 6
1704644338 2
1704644346 4
1704644354 3
1704644362 1
1704644370 3
1704644378 5
1704644386 2
1704644394 1
1704644402 4
1704644410 5
1704644418 5
1704644426 6
1704644434 13
1704644442 1
1704644450 2
1704644458 6
1704644466 3
1704644474 15
1704644482 2
1704644490 4
1704644498 4
1704644506 6



# Sketch: 19
1704643914 0
1704643922 3
1704643930 1
1704643938 7
1704643946 4
1704643954 3
1704643962 2
1704643970 6
1704643978 6
1704643986 3
1704643994 1
1704644002 2
1704644010 0
1704644018 8
1704644026 1
1704644034 1
1704644042 0
1704644050 6
1704644058 4
1704644066 9
1704644074 3
1704644082 0
1704644090 1
1704644098 5
1704644106 2
1704644114 1
1704644122 4
1704644130 2
1704644138 4
1704644146 1
1704644154 3
1704644162 7
1704644170 3
1704644178 11
1704644186 3
1704644194 4
1704644202 2
1704644210 0
1704644218 16
1704644226 7
1704644234 1
1704644242 1
1704644250 2
1704644258 3
1704644266 2
1704644274 9
1704644282 4
1704644290 7
1704644298 8
1704644306 9
1704644314 0
1704644322 3
1704644330 5
1704644338 2
1704644346 3
1704644354 4
1704644362 7
1704644370 1
1704644378 1
1704644386 3
1704644394 1
1704644402 7
1704644410 4
1704644418 5
1704644426 13
1704644434 12
1704644442 6
1704644450 6
1704644458 2
1704644466 3
1704644474 5
1704644482 3
1704644490 2
1704644498 6
1704644506 3



# Sketch: 20
1704643914 3
1704643922 1
1704643930 2
1704643938 1
1704643946 3
1704643954 5
1704643962 10
1704643970 1
1704643978 2
1704643986 7
1704643994 5
1704644002 3
1704644010 2
1704644018 0
1704644026 1
1704644034 3
1704644042 0
1704644050 0
1704644058 2
1704644066 8
1704644074 4
1704644082 1
1704644090 2
1704644098 2
1704644106 5
1704644114 0
1704644122 11
1704644130 1
1704644138 1
1704644146 3
1704644154 1
1704644162 3
1704644170 1
1704644178 4
1704644186 6
1704644194 4
1704644202 1
1704644210 5
1704644218 2
1704644226 5
1704644234 4
1704644242 1
1704644250 2
1704644258 3
1704644266 10
1704644274 2
1704644282 1
1704644290 10
1704644298 5
1704644306 0
1704644314 9
1704644322 4
1704644330 8
1704644338 1
1704644346 1
1704644354 2
1704644362 3
1704644370 4
1704644378 6
1704644386 4
1704644394 6
1704644402 2
1704644410 7
1704644418 0
1704644426 2
1704644434 10
1704644442 3
1704644450 1
1704644458 6
1704644466 0
1704644474 0
1704644482 1
1704644490 4
1704644498 1
1704644506 5



# Sketch: 21
1704643914 0
1704643922 2
1704643930 6
1704643938 0
1704643946 3
1704643954 0
1704643962 3
1704643970 8
1704643978 1
1704643986 9
1704643994 3
1704644002 1
1704644010 1
1704644018 4
1704644026 0
1704644034 8
1704644042 3
1704644050 2
1704644058 2
1704644066 3
1704644074 8
1704644082 2
1704644090 4
1704644098 3
1704644106 1
1704644114 2
1704644122 1
1704644130 7
1704644138 3
1704644146 1
1704644154 2
1704644162 0
1704644170 3
1704644178 2
1704644186 2
1704644194 2
1704644202 1
1704644210 2
1704644218 4
1704644226 0
1704644234 4
1704644242 3
1704644250 3
1704644258 8
1704644266 1
1704644274 2
1704644282 6
1704644290 1
1704644298 3
1704644306 1
1704644314 0
1704644322 4
1704644330 4
1704644338 3
1704644346 1
1704644354 3
1704644362 1
1704644370 1
1704644378 2
1704644386 11
1704644394 5
1704644402 0
1704644410 0
1704644418 0
1704644426 1
1704644434 3
1704644442 4
1704644450 0
1704644458 3
1704644466 1
1704644474 1
1704644482 1
1704644490 2
1704644498 1
1704644506 3



# Sketch: 22
1704643914 3
1704643922 4
1704643930 6
1704643938 3
1704643946 1
1704643954 6
1704643962 2
1704643970 3
1704643978 4
1704643986 11
1704643994 4
1704644002 4
1704644010 6
1704644018 5
1704644026 3
1704644034 3
1704644042 15
1704644050 2
1704644058 2
1704644066 4
1704644074 7
1704644082 1
1704644090 50
1704644098 2
1704644106 9
1704644114 1
1704644122 2
1704644130 4
1704644138 5
1704644146 1
1704644154 3
1704644162 7
1704644170 19
1704644178 21
1704644186 2
1704644194 7
1704644202 6
1704644210 4
1704644218 9
1704644226 20
1704644234 4
1704644242 4
1704644250 7
1704644258 8
1704644266 1
1704644274 3
1704644282 3
1704644290 0
1704644298 5
1704644306 9
1704644314 14
1704644322 3
1704644330 1
1704644338 8
1704644346 3
1704644354 3
1704644362 11
1704644370 7
1704644378 6
1704644386 5
1704644394 1
1704644402 9
1704644410 4
1704644418 0
1704644426 4
1704644434 13
1704644442 7
1704644450 6
1704644458 5
1704644466 10
1704644474 4
1704644482 10
1704644490 2
1704644498 7
1704644506 5



# Sketch: 23
1704643914 3
1704643922 0
1704643930 3
1704643938 5
1704643946 4
1704643954 12
1704643962 4
1704643970 3
1704643978 1
1704643986 4
1704643994 3
1704644002 4
1704644010 3
1704644018 4
1704644026 0
1704644034 7
1704644042 1
1704644050 2
1704644058 4
1704644066 16
1704644074 6
1704644082 4
1704644090 4
1704644098 6
1704644106 2
1704644114 2
1704644122 1
1704644130 5
1704644138 1
1704644146 2
1704644154 8
1704644162 5
1704644170 3
1704644178 4
1704644186 2
1704644194 5
1704644202 0
1704644210 0
1704644218 3
1704644226 1
1704644234 1
1704644242 1
1704644250 1
1704644258 2
1704644266 7
1704644274 9
1704644282 0
1704644290 3
1704644298 2
1704644306 7
1704644314 9
1704644322 1
1704644330 4
1704644338 4
1704644346 1
1704644354 8
1704644362 0
1704644370 2
1704644378 1
1704644386 1
1704644394 2
1704644402 6
1704644410 8
1704644418 2
1704644426 5
1704644434 3
1704644442 3
1704644450 3
1704644458 3
1704644466 0
1704644474 0
1704644482 2
1704644490 5
1704644498 2
1704644506 4



# Sketch: 24
1704643914 6
1704643922 1
1704643930 3
1704643938 3
1704643946 6
1704643954 4
1704643962 5
1704643970 6
1704643978 5
1704643986 6
1704643994 4
1704644002 10
1704644010 1
1704644018 4
1704644026 3
1704644034 5
1704644042 5
1704644050 6
1704644058 11
1704644066 9
1704644074 3
1704644082 1
1704644090 0
1704644098 10
1704644106 3
1704644114 8
1704644122 2
1704644130 5
1704644138 6
1704644146 3
1704644154 4
1704644162 7
1704644170 1
1704644178 8
1704644186 2
1704644194 4
1704644202 3
1704644210 3
1704644218 3
1704644226 1
1704644234 2
1704644242 1
1704644250 1
1704644258 2
1704644266 1
1704644274 6
1704644282 2
1704644290 2
1704644298 7
1704644306 2
1704644314 2
1704644322 4
1704644330 3
1704644338 1
1704644346 2
1704644354 1
1704644362 4
1704644370 1
1704644378 0
1704644386 3
1704644394 5
1704644402 7
1704644410 3
1704644418 6
1704644426 8
1704644434 52
1704644442 11
1704644450 16
1704644458 2
1704644466 7
1704644474 10
1704644482 2
1704644490 0
1704644498 3
1704644506 5



# Sketch: 25
1704643914 4
1704643922 4
1704643930 3
1704643938 11
1704643946 7
1704643954 5
1704643962 4
1704643970 3
1704643978 9
1704643986 10
1704643994 5
1704644002 10
1704644010 5
1704644018 4
1704644026 4
1704644034 3
1704644042 3
1704644050 6
1704644058 11
1704644066 7
1704644074 4
1704644082 2
1704644090 2
1704644098 13
1704644106 9
1704644114 5
1704644122 4
1704644130 11
1704644138 8
1704644146 7
1704644154 5
1704644162 9
1704644170 35
1704644178 9
1704644186 2
1704644194 7
1704644202 5
1704644210 5
1704644218 5
1704644226 30
1704644234 10
1704644242 4
1704644250 13
1704644258 6
1704644266 4
1704644274 6
1704644282 3
1704644290 7
1704644298 9
1704644306 13
1704644314 5
1704644322 3
1704644330 1
1704644338 9
1704644346 6
1704644354 3
1704644362 6
1704644370 7
1704644378 5
1704644386 10
1704644394 5
1704644402 5
1704644410 7
1704644418 4
1704644426 13
1704644434 26
1704644442 5
1704644450 9
1704644458 11
1704644466 10
1704644474 4
1704644482 9
1704644490 10
1704644498 7
1704644506 1



# Sketch: 26
1704643914 5
1704643922 3
1704643930 2
1704643938 6
1704643946 8
1704643954 2
1704643962 6
1704643970 4
1704643978 3
1704643986 4
1704643994 0
1704644002 2
1704644010 4
1704644018 1
1704644026 5
1704644034 1
1704644042 3
1704644050 5
1704644058 4
1704644066 0
1704644074 5
1704644082 2
1704644090 2
1704644098 3
1704644106 2
1704644114 5
1704644122 4
1704644130 2
1704644138 3
1704644146 1
1704644154 0
1704644162 0
1704644170 3
1704644178 1
1704644186 4
1704644194 1
1704644202 0
1704644210 1
1704644218 2
1704644226 2
1704644234 4
1704644242 3
1704644250 0
1704644258 2
1704644266 1
1704644274 6
1704644282 2
1704644290 8
1704644298 1
1704644306 3
1704644314 0
1704644322 0
1704644330 1
1704644338 1
1704644346 4
1704644354 6
1704644362 2
1704644370 1
1704644378 6
1704644386 4
1704644394 1
1704644402 3
1704644410 2
1704644418 0
1704644426 13
1704644434 11
1704644442 6
1704644450 1
1704644458 8
1704644466 2
1704644474 3
1704644482 0
1704644490 5
1704644498 3
1704644506 4



# Sketch: 27
1704643914 2
1704643922 2
1704643930 2
1704643938 5
1704643946 1
1704643954 6
1704643962 3
1704643970 2
1704643978 4
1704643986 1
1704643994 2
1704644002 2
1704644010 2
1704644018 4
1704644026 6
1704644034 7
1704644042 3
1704644050 4
1704644058 3
1704644066 1
1704644074 6
1704644082 3
1704644090 3
1704644098 2
1704644106 0
1704644114 3
1704644122 2
1704644130 4
1704644138 1
1704644146 4
1704644154 2
1704644162 2
1704644170 6
1704644178 3
1704644186 3
1704644194 2
1704644202 2
1704644210 1
1704644218 6
1704644226 2
1704644234 1
1704644242 4
1704644250 5
1704644258 3
1704644266 6
1704644274 5
1704644282 3
1704644290 0
1704644298 4
1704644306 3
1704644314 7
1704644322 5
1704644330 1
1704644338 7
1704644346 6
1704644354 0
1704644362 4
1704644370 0
1704644378 0
1704644386 3
1704644394 1
1704644402 7
1704644410 1
1704644418 0
1704644426 5
1704644434 7
1704644442 1
1704644450 0
1704644458 2
1704644466 2
1704644474 0
1704644482 1
1704644490 3
1704644498 4
1704644506 4



# Sketch: 28
1704643914 10
1704643922 2
1704643930 5
1704643938 7
1704643946 3
1704643954 4
1704643962 1
1704643970 4
1704643978 4
1704643986 5
1704643994 3
1704644002 0
1704644010 1
1704644018 2
1704644026 3
1704644034 0
1704644042 0
1704644050 3
1704644058 4
1704644066 2
1704644074 4
1704644082 8
1704644090 3
1704644098 2
1704644106 11
1704644114 8
1704644122 9
1704644130 5
1704644138 3
1704644146 0
1704644154 9
1704644162 5
1704644170 3
1704644178 9
1704644186 4
1704644194 3
1704644202 3
1704644210 4
1704644218 1
1704644226 2
1704644234 8
1704644242 4
1704644250 8
1704644258 1
1704644266 5
1704644274 4
1704644282 5
1704644290 3
1704644298 10
1704644306 6
1704644314 2
1704644322 1
1704644330 2
1704644338 2
1704644346 1
1704644354 1
1704644362 1
1704644370 3
1704644378 8
1704644386 4
1704644394 1
1704644402 5
1704644410 0
1704644418 1
1704644426 4
1704644434 4
1704644442 8
1704644450 3
1704644458 1
1704644466 5
1704644474 6
1704644482 5
1704644490 3
1704644498 3
1704644506 6



# Sketch: 29
1704643914 2
1704643922 4
1704643930 0
1704643938 1
1704643946 4
1704643954 8
1704643962 0
1704643970 2
1704643978 3
1704643986 3
1704643994 2
1704644002 6
1704644010 0
1704644018 4
1704644026 0
1704644034 2
1704644042 6
1704644050 4
1704644058 2
1704644066 5
1704644074 2
1704644082 7
1704644090 5
1704644098 0
1704644106 6
1704644114 1
1704644122 4
1704644130 6
1704644138 0
1704644146 5
1704644154 4
1704644162 5
1704644170 8
1704644178 9
1704644186 4
1704644194 10
1704644202 4
1704644210 2
1704644218 3
1704644226 2
1704644234 3
1704644242 5
1704644250 15
1704644258 2
1704644266 5
1704644274 4
1704644282 0
1704644290 3
1704644298 4
1704644306 10
1704644314 4
1704644322 3
1704644330 5
1704644338 9
1704644346 1
1704644354 2
1704644362 1
1704644370 1
1704644378 3
1704644386 13
1704644394 3
1704644402 4
1704644410 2
1704644418 4
1704644426 13
1704644434 6
1704644442 4
1704644450 5
1704644458 1
1704644466 0
1704644474 8
1704644482 6
1704644490 4
1704644498 7
1704644506 5



# Sketch: 30
1704643914 2
1704643922 2
1704643930 1
1704643938 3
1704643946 2
1704643954 7
1704643962 1
1704643970 5
1704643978 3
1704643986 9
1704643994 2
1704644002 3
1704644010 1
1704644018 7
1704644026 1
1704644034 1
1704644042 4
1704644050 4
1704644058 2
1704644066 0
1704644074 2
1704644082 4
1704644090 5
1704644098 0
1704644106 6
1704644114 3
1704644122 2
1704644130 2
1704644138 2
1704644146 0
1704644154 3
1704644162 3
1704644170 4
1704644178 3
1704644186 4
1704644194 2
1704644202 1
1704644210 2
1704644218 2
1704644226 2
1704644234 3
1704644242 4
1704644250 2
1704644258 3
1704644266 1
1704644274 1
1704644282 2
1704644290 1
1704644298 6
1704644306 3
1704644314 2
1704644322 0
1704644330 4
1704644338 5
1704644346 0
1704644354 5
1704644362 3
1704644370 19
1704644378 13
1704644386 2
1704644394 2
1704644402 5
1704644410 0
1704644418 0
1704644426 10
1704644434 1
1704644442 2
1704644450 2
1704644458 5
1704644466 7
1704644474 2
1704644482 5
1704644490 3
1704644498 4
1704644506 3



# Sketch: 31
1704643914 1
1704643922 3
1704643930 1
1704643938 5
1704643946 2
1704643954 1
1704643962 4
1704643970 2
1704643978 2
1704643986 5
1704643994 1
1704644002 1
1704644010 1
1704644018 2
1704644026 2
1704644034 2
1704644042 6
1704644050 1
1704644058 3
1704644066 7
1704644074 2
1704644082 0
1704644090 1
1704644098 4
1704644106 1
1704644114 6
1704644122 2
1704644130 1
1704644138 5
1704644146 4
1704644154 10
1704644162 5
1704644170 5
1704644178 3
1704644186 8
1704644194 1
1704644202 0
1704644210 3
1704644218 7
1704644226 7
1704644234 1
1704644242 3
1704644250 3
1704644258 4
1704644266 1
1704644274 4
1704644282 3
1704644290 2
1704644298 4
1704644306 5
1704644314 2
1704644322 4
1704644330 4
1704644338 10
1704644346 12
1704644354 4
1704644362 8
1704644370 4
1704644378 2
1704644386 2
1704644394 2
1704644402 3
1704644410 3
1704644418 4
1704644426 12
1704644434 3
1704644442 0
1704644450 4
1704644458 6
1704644466 0
1704644474 3
1704644482 3
1704644490 4
1704644498 4
1704644506 1

