

# Sketch: 0
0 0.598299
1 0.700183
2 0.92886
3 0.806437
4 0.57851
5 0.461083
6 0.417317
7 0.505368



# Sketch: 1
0 1.31193
1 1.39243
2 1.29588
3 1.02838
4 0.890501
5 0.681866
6 0.815086
7 0.663221



# Sketch: 2
0 0.56284
1 0.802815
2 0.367802
3 0.36325
4 0.131372
5 0.339736
6 0.167871
7 1.57082



# Sketch: 3
0 0.417341
1 0.428757
2 0.427399
3 0.376151
4 0.381656
5 0.407459
6 0.420963
7 0.506706



# Sketch: 4
0 0.472658
1 0.738617
2 1.01869
3 0.734792
4 0.399062
5 0.360338
6 0.325963
7 0.49437



# Sketch: 5
0 0.266733
1 0.434544
2 0.691231
3 0.234799
4 0.295613
5 0.319998
6 0.324899
7 0.467765



# Sketch: 6
0 0.144222
1 0.220356
2 0.1665
3 0.436801
4 1.05948
5 0.413231
6 0.673792
7 0.671009



# Sketch: 7
0 0.316276
1 0.205326
2 0.137725
3 0.249713
4 0.375485
5 0.540332
6 2.33904
7 0.639526



# Sketch: 8
0 0.0924461
1 0.289501
2 0.290576
3 0.299033
4 0.743071
5 1.79965
6 0.428544
7 0.404422



# Sketch: 9
0 0.648337
1 0.4635
2 0.36282
3 0.445598
4 0.347972
5 0.38191
6 0.370951
7 0.458051



# Sketch: 10
0 0.664901
1 0.732148
2 0.581437
3 0.383446
4 0.66541
5 0.623758
6 1.06668
7 0.619891



# Sketch: 11
0 1.97899
1 2.40042
2 1.62377
3 1.63584
4 1.34363
5 1.29977
6 0.767489
7 0.351724



# Sketch: 12
0 1.15499
1 0.820098
2 0.369656
3 0.331767
4 0.22309
5 0.927241
6 0.566048
7 0.416286



# Sketch: 13
0 0.623234
1 0.813387
2 1.04311
3 0.550109
4 0.512307
5 0.316234
6 0.248126
7 0.437174



# Sketch: 14
0 1.69304
1 1.28935
2 1.09701
3 0.812687
4 0.527006
5 0.277784
6 0.233974
7 1.54837



# Sketch: 15
0 0.821114
1 0.8276
2 0.876712
3 0.675492
4 0.585157
5 0.527253
6 0.615927
7 0.530378



# Sketch: 16
0 0.621166
1 0.481388
2 0.448334
3 0.375839
4 0.414066
5 0.414935
6 0.417502
7 1.18785



# Sketch: 17
0 0.124771
1 0.467251
2 0.379189
3 0.288528
4 0.167374
5 0.951926
6 1.44802
7 2.59909



# Sketch: 18
0 0.794313
1 0.778444
2 0.777027
3 0.466942
4 0.500895
5 0.497031
6 0.410779
7 0.516675



# Sketch: 19
0 1.20412
1 0.853779
2 0.817466
3 0.503006
4 0.42992
5 0.535484
6 1.27325
7 0.911441



# Sketch: 20
0 0.35398
1 0.885125
2 0.812093
3 0.881363
4 0.738248
5 0.175039
6 0.094399
7 0.976057



# Sketch: 21
0 1.43131
1 1.40478
2 1.60782
3 1.79776
4 1.53375
5 0.485273
6 0.801312
7 0.316228



# Sketch: 22
0 0.26665
1 0.213236
2 0.206283
3 0.262404
4 0.276839
5 0.312728
6 0.277792
7 0.471379



# Sketch: 23
0 0.819415
1 0.984645
2 0.593875
3 0.380081
4 0.424928
5 0.406605
6 0.467942
7 0.509437



# Sketch: 24
0 0.577428
1 0.293346
2 0.530616
3 0.455451
4 0.225247
5 0.286612
6 0.244412
7 0.581497



# Sketch: 25
0 1.74207
1 1.72555
2 1.37226
3 0.920944
4 1.17803
5 0.817789
6 0.444669
7 0.508756



# Sketch: 26
0 0.968376
1 0.956668
2 0.823982
3 0.911953
4 0.954477
5 1.32279
6 0.651979
7 0.73676



# Sketch: 27
0 0.877721
1 0.841734
2 0.670633
3 0.565798
4 0.505916
5 0.485905
6 0.45713
7 0.485724



# Sketch: 28
0 0.442598
1 0.0264032
2 0.512834
3 0.204115
4 0.161748
5 0.229596
6 0.265205
7 0.466794



# Sketch: 29
0 0.785624
1 0.823096
2 0.781586
3 0.603121
4 0.553669
5 0.557425
6 0.602529
7 0.478607



# Sketch: 30
0 1.15478
1 1.19863
2 1.14957
3 0.786059
4 0.749887
5 0.670701
6 0.576733
7 0.57163



# Sketch: 31
0 1.26018
1 1.23912
2 1.77021
3 0.906113
4 0.745937
5 0.333683
6 0.816978
7 0.211265

