

# Sketch: 0
1704644514 14
1704644546 14
1704644578 4
1704644610 10
1704644642 10
1704644674 17
1704644706 16
1704644738 17
1704644770 17
1704644802 23
1704644834 16
1704644866 10
1704644898 10
1704644930 15
1704644962 16
1704644994 9
1704645026 9
1704645058 12
1704645090 8



# Sketch: 1
1704644514 7
1704644546 3
1704644578 10
1704644610 10
1704644642 17
1704644674 10
1704644706 8
1704644738 11
1704644770 26
1704644802 2
1704644834 7
1704644866 9
1704644898 11
1704644930 16
1704644962 8
1704644994 9
1704645026 13
1704645058 7
1704645090 7



# Sketch: 2
1704644514 9
1704644546 12
1704644578 15
1704644610 23
1704644642 4
1704644674 5
1704644706 29
1704644738 15
1704644770 15
1704644802 18
1704644834 30
1704644866 8
1704644898 9
1704644930 22
1704644962 18
1704644994 19
1704645026 14
1704645058 24
1704645090 17



# Sketch: 3
1704644514 12
1704644546 8
1704644578 15
1704644610 12
1704644642 8
1704644674 12
1704644706 8
1704644738 14
1704644770 26
1704644802 13
1704644834 23
1704644866 11
1704644898 9
1704644930 11
1704644962 10
1704644994 12
1704645026 15
1704645058 21
1704645090 12



# Sketch: 4
1704644514 16
1704644546 16
1704644578 8
1704644610 10
1704644642 15
1704644674 18
1704644706 10
1704644738 19
1704644770 13
1704644802 29
1704644834 13
1704644866 4
1704644898 11
1704644930 11
1704644962 14
1704644994 11
1704645026 23
1704645058 9
1704645090 8



# Sketch: 5
1704644514 14
1704644546 15
1704644578 5
1704644610 10
1704644642 8
1704644674 14
1704644706 9
1704644738 6
1704644770 21
1704644802 16
1704644834 15
1704644866 15
1704644898 18
1704644930 7
1704644962 12
1704644994 30
1704645026 11
1704645058 21
1704645090 18



# Sketch: 6
1704644514 27
1704644546 9
1704644578 17
1704644610 13
1704644642 12
1704644674 8
1704644706 16
1704644738 6
1704644770 13
1704644802 10
1704644834 21
1704644866 16
1704644898 13
1704644930 12
1704644962 18
1704644994 34
1704645026 11
1704645058 7
1704645090 8



# Sketch: 7
1704644514 15
1704644546 13
1704644578 15
1704644610 9
1704644642 9
1704644674 19
1704644706 17
1704644738 20
1704644770 9
1704644802 20
1704644834 22
1704644866 16
1704644898 6
1704644930 22
1704644962 11
1704644994 16
1704645026 11
1704645058 16
1704645090 18



# Sketch: 8
1704644514 19
1704644546 17
1704644578 14
1704644610 19
1704644642 20
1704644674 17
1704644706 9
1704644738 13
1704644770 12
1704644802 10
1704644834 15
1704644866 18
1704644898 19
1704644930 16
1704644962 17
1704644994 18
1704645026 7
1704645058 15
1704645090 12



# Sketch: 9
1704644514 18
1704644546 29
1704644578 17
1704644610 5
1704644642 7
1704644674 9
1704644706 17
1704644738 14
1704644770 15
1704644802 11
1704644834 9
1704644866 12
1704644898 11
1704644930 14
1704644962 15
1704644994 14
1704645026 17
1704645058 7
1704645090 15



# Sketch: 10
1704644514 29
1704644546 26
1704644578 17
1704644610 11
1704644642 10
1704644674 9
1704644706 3
1704644738 19
1704644770 18
1704644802 5
1704644834 11
1704644866 5
1704644898 6
1704644930 13
1704644962 6
1704644994 14
1704645026 15
1704645058 22
1704645090 10



# Sketch: 11
1704644514 16
1704644546 20
1704644578 13
1704644610 39
1704644642 10
1704644674 40
1704644706 14
1704644738 16
1704644770 14
1704644802 22
1704644834 18
1704644866 5
1704644898 9
1704644930 9
1704644962 15
1704644994 28
1704645026 11
1704645058 21
1704645090 9



# Sketch: 12
1704644514 16
1704644546 16
1704644578 17
1704644610 16
1704644642 12
1704644674 15
1704644706 17
1704644738 7
1704644770 23
1704644802 13
1704644834 21
1704644866 14
1704644898 13
1704644930 5
1704644962 14
1704644994 12
1704645026 16
1704645058 16
1704645090 12



# Sketch: 13
1704644514 11
1704644546 18
1704644578 13
1704644610 16
1704644642 15
1704644674 14
1704644706 13
1704644738 14
1704644770 11
1704644802 7
1704644834 25
1704644866 18
1704644898 15
1704644930 7
1704644962 17
1704644994 28
1704645026 13
1704645058 10
1704645090 17



# Sketch: 14
1704644514 9
1704644546 8
1704644578 26
1704644610 19
1704644642 7
1704644674 12
1704644706 21
1704644738 11
1704644770 12
1704644802 17
1704644834 21
1704644866 14
1704644898 11
1704644930 20
1704644962 20
1704644994 12
1704645026 12
1704645058 22
1704645090 14



# Sketch: 15
1704644514 12
1704644546 16
1704644578 6
1704644610 25
1704644642 9
1704644674 19
1704644706 11
1704644738 10
1704644770 11
1704644802 13
1704644834 16
1704644866 6
1704644898 6
1704644930 5
1704644962 14
1704644994 16
1704645026 7
1704645058 6
1704645090 19



# Sketch: 16
1704644514 15
1704644546 15
1704644578 12
1704644610 13
1704644642 8
1704644674 16
1704644706 11
1704644738 5
1704644770 24
1704644802 15
1704644834 7
1704644866 12
1704644898 13
1704644930 9
1704644962 10
1704644994 17
1704645026 27
1704645058 10
1704645090 11



# Sketch: 17
1704644514 8
1704644546 12
1704644578 11
1704644610 10
1704644642 14
1704644674 14
1704644706 11
1704644738 13
1704644770 28
1704644802 12
1704644834 22
1704644866 12
1704644898 30
1704644930 17
1704644962 16
1704644994 37
1704645026 8
1704645058 3
1704645090 10



# Sketch: 18
1704644514 9
1704644546 20
1704644578 8
1704644610 26
1704644642 9
1704644674 14
1704644706 8
1704644738 4
1704644770 19
1704644802 27
1704644834 11
1704644866 8
1704644898 11
1704644930 5
1704644962 8
1704644994 12
1704645026 8
1704645058 13
1704645090 21



# Sketch: 19
1704644514 28
1704644546 19
1704644578 14
1704644610 10
1704644642 19
1704644674 11
1704644706 10
1704644738 17
1704644770 22
1704644802 8
1704644834 22
1704644866 17
1704644898 21
1704644930 17
1704644962 25
1704644994 44
1704645026 14
1704645058 13
1704645090 13



# Sketch: 20
1704644514 11
1704644546 19
1704644578 15
1704644610 15
1704644642 14
1704644674 16
1704644706 5
1704644738 16
1704644770 23
1704644802 15
1704644834 18
1704644866 12
1704644898 8
1704644930 10
1704644962 25
1704644994 29
1704645026 13
1704645058 20
1704645090 21



# Sketch: 21
1704644514 17
1704644546 12
1704644578 16
1704644610 12
1704644642 19
1704644674 16
1704644706 18
1704644738 18
1704644770 31
1704644802 7
1704644834 22
1704644866 15
1704644898 15
1704644930 15
1704644962 12
1704644994 21
1704645026 20
1704645058 13
1704645090 10



# Sketch: 22
1704644514 15
1704644546 24
1704644578 9
1704644610 18
1704644642 23
1704644674 12
1704644706 6
1704644738 19
1704644770 16
1704644802 20
1704644834 15
1704644866 11
1704644898 7
1704644930 14
1704644962 22
1704644994 13
1704645026 7
1704645058 7
1704645090 9



# Sketch: 23
1704644514 20
1704644546 22
1704644578 11
1704644610 10
1704644642 9
1704644674 19
1704644706 9
1704644738 21
1704644770 7
1704644802 12
1704644834 11
1704644866 12
1704644898 4
1704644930 21
1704644962 17
1704644994 14
1704645026 5
1704645058 12
1704645090 15



# Sketch: 24
1704644514 21
1704644546 11
1704644578 8
1704644610 21
1704644642 14
1704644674 14
1704644706 14
1704644738 15
1704644770 17
1704644802 21
1704644834 22
1704644866 11
1704644898 17
1704644930 11
1704644962 24
1704644994 11
1704645026 9
1704645058 9
1704645090 3



# Sketch: 25
1704644514 15
1704644546 17
1704644578 28
1704644610 17
1704644642 16
1704644674 21
1704644706 24
1704644738 27
1704644770 22
1704644802 13
1704644834 29
1704644866 26
1704644898 11
1704644930 28
1704644962 22
1704644994 15
1704645026 15
1704645058 29
1704645090 13



# Sketch: 26
1704644514 19
1704644546 15
1704644578 3
1704644610 26
1704644642 8
1704644674 9
1704644706 9
1704644738 19
1704644770 44
1704644802 10
1704644834 19
1704644866 15
1704644898 14
1704644930 17
1704644962 11
1704644994 17
1704645026 9
1704645058 17
1704645090 5



# Sketch: 27
1704644514 14
1704644546 18
1704644578 6
1704644610 11
1704644642 15
1704644674 8
1704644706 20
1704644738 13
1704644770 13
1704644802 17
1704644834 11
1704644866 16
1704644898 6
1704644930 7
1704644962 16
1704644994 10
1704645026 17
1704645058 13
1704645090 5



# Sketch: 28
1704644514 15
1704644546 20
1704644578 13
1704644610 10
1704644642 16
1704644674 17
1704644706 13
1704644738 11
1704644770 26
1704644802 7
1704644834 12
1704644866 16
1704644898 14
1704644930 15
1704644962 29
1704644994 21
1704645026 8
1704645058 12
1704645090 8



# Sketch: 29
1704644514 12
1704644546 22
1704644578 8
1704644610 11
1704644642 12
1704644674 9
1704644706 15
1704644738 11
1704644770 14
1704644802 7
1704644834 15
1704644866 11
1704644898 6
1704644930 15
1704644962 13
1704644994 16
1704645026 14
1704645058 9
1704645090 7



# Sketch: 30
1704644514 11
1704644546 7
1704644578 14
1704644610 15
1704644642 12
1704644674 8
1704644706 11
1704644738 4
1704644770 24
1704644802 15
1704644834 11
1704644866 13
1704644898 3
1704644930 7
1704644962 6
1704644994 18
1704645026 8
1704645058 10
1704645090 6



# Sketch: 31
1704644514 27
1704644546 18
1704644578 11
1704644610 20
1704644642 14
1704644674 13
1704644706 18
1704644738 11
1704644770 30
1704644802 15
1704644834 15
1704644866 28
1704644898 19
1704644930 38
1704644962 8
1704644994 25
1704645026 13
1704645058 24
1704645090 27

