

# Sketch: 0
0 0.815121
1 0.634094
2 0.506956
3 0.362583
4 0.409263
5 0.359657
6 0.408122
7 3.18264



# Sketch: 1
0 0.369385
1 0.379091
2 0.488368
3 0.496783
4 0.729256
5 0.51431
6 0.730536
7 0.33281



# Sketch: 2
0 1.00363
1 0.971229
2 0.977777
3 0.811103
4 0.790245
5 0.692269
6 1.50244
7 0.835407



# Sketch: 3
0 0.841306
1 0.796744
2 0.862681
3 0.727373
4 0.677649
5 0.647011
6 0.555562
7 1.05543



# Sketch: 4
0 0.52004
1 0.455059
2 0.490543
3 0.503396
4 0.446221
5 0.501194
6 0.457807
7 0.448177



# Sketch: 5
0 0.205238
1 0.0855763
2 0.241609
3 0.431236
4 0.401278
5 0.623728
6 0.501429
7 0.939459



# Sketch: 6
0 1.20248
1 1.06494
2 1.02744
3 0.907022
4 0.800095
5 0.685372
6 0.676566
7 0.552054



# Sketch: 7
0 1.20698
1 1.21057
2 0.723193
3 0.422468
4 0.403822
5 0.182555
6 0.216878
7 0.598176



# Sketch: 8
0 0.580251
1 0.636635
2 0.809337
3 0.705526
4 0.599785
5 0.132901
6 0.146321
7 0.611632



# Sketch: 9
0 0.893413
1 0.813853
2 0.749749
3 0.644086
4 0.760918
5 1.18487
6 1.09558
7 0.325788



# Sketch: 10
0 0.859489
1 0.819506
2 1.12228
3 0.84808
4 0.505971
5 0.505282
6 0.38905
7 0.327043



# Sketch: 11
0 0.580752
1 0.388147
2 0.343879
3 0.344023
4 0.343595
5 0.361563
6 0.305537
7 0.674742



# Sketch: 12
0 0.84569
1 0.692345
2 0.735605
3 0.733719
4 0.791195
5 0.604111
6 0.565379
7 0.511051



# Sketch: 13
0 0.510151
1 0.623451
2 0.70281
3 0.658663
4 0.567306
5 0.361659
6 0.338597
7 0.673154



# Sketch: 14
0 1.39059
1 1.14853
2 1.24486
3 0.906252
4 1.01489
5 0.609281
6 0.63514
7 0.0915489



# Sketch: 15
0 0.953837
1 0.736488
2 0.51451
3 0.606322
4 0.565778
5 0.590498
6 0.472413
7 0.463788



# Sketch: 16
0 0.316139
1 0.234282
2 0.15031
3 0.178686
4 0.177441
5 0.386088
6 0.258613
7 0.612585



# Sketch: 17
0 0.56661
1 0.80732
2 0.80955
3 0.649976
4 0.480588
5 1.20237
6 0.797139
7 0.386741



# Sketch: 18
0 0.604271
1 0.502802
2 0.173504
3 0.289966
4 0.161629
5 0.375883
6 0.229249
7 0.945039



# Sketch: 19
0 0.45517
1 0.561136
2 0.578506
3 0.522868
4 0.349326
5 0.421154
6 0.31165
7 0.732662



# Sketch: 20
0 0.645212
1 0.716938
2 0.554536
3 0.434531
4 1.32001
5 1.86121
6 0.197855
7 0.224054



# Sketch: 21
0 0.230905
1 0.238297
2 0.298578
3 0.241083
4 0.308028
5 0.421004
6 0.367435
7 0.807414



# Sketch: 22
0 0.907837
1 0.792618
2 0.798151
3 0.630782
4 0.490116
5 0.534447
6 0.548922
7 0.139183



# Sketch: 23
0 0.713378
1 0.649999
2 0.804784
3 0.653547
4 0.639785
5 0.539797
6 0.482763
7 0.856799



# Sketch: 24
0 2.19807
1 2.28235
2 2.15113
3 1.32102
4 1.37368
5 0.848735
6 0.228644
7 0.370882



# Sketch: 25
0 0.577791
1 0.592488
2 0.542432
3 0.418857
4 0.077739
5 0.18771
6 0.264566
7 1.0546



# Sketch: 26
0 0.606051
1 0.543118
2 0.577185
3 0.539366
4 0.522978
5 0.481921
6 0.492387
7 0.557335



# Sketch: 27
0 0.428737
1 0.402545
2 0.433521
3 0.471133
4 0.38553
5 0.418609
6 0.347096
7 0.628707



# Sketch: 28
0 1.03795
1 1.26967
2 0.916204
3 0.831785
4 1.07656
5 0.396861
6 0.222572
7 0.388592



# Sketch: 29
0 0.782483
1 0.654267
2 0.808973
3 0.794483
4 0.552967
5 0.47251
6 0.440728
7 1.14413



# Sketch: 30
0 1.16472
1 0.985491
2 0.980335
3 1.03404
4 0.519854
5 0.534417
6 0.208926
7 0.605789



# Sketch: 31
0 0.059248
1 0.217102
2 0.151026
3 0.379278
4 0.11959
5 0.18899
6 0.611149
7 0.681298

