

# Sketch: 0
1704645114 46
1704645242 393
1704645370 214
1704645498 60
1704645626 44



# Sketch: 1
1704645114 57
1704645242 70
1704645370 63
1704645498 34
1704645626 41



# Sketch: 2
1704645114 52
1704645242 68
1704645370 34
1704645498 58
1704645626 41



# Sketch: 3
1704645114 34
1704645242 58
1704645370 71
1704645498 58
1704645626 27



# Sketch: 4
1704645114 61
1704645242 57
1704645370 111
1704645498 54
1704645626 42



# Sketch: 5
1704645114 50
1704645242 67
1704645370 78
1704645498 52
1704645626 53



# Sketch: 6
1704645114 55
1704645242 62
1704645370 37
1704645498 47
1704645626 33



# Sketch: 7
1704645114 69
1704645242 58
1704645370 48
1704645498 51
1704645626 35



# Sketch: 8
1704645114 42
1704645242 54
1704645370 38
1704645498 58
1704645626 30



# Sketch: 9
1704645114 56
1704645242 71
1704645370 47
1704645498 52
1704645626 35



# Sketch: 10
1704645114 87
1704645242 68
1704645370 83
1704645498 58
1704645626 48



# Sketch: 11
1704645114 61
1704645242 85
1704645370 64
1704645498 67
1704645626 35



# Sketch: 12
1704645114 76
1704645242 77
1704645370 87
1704645498 68
1704645626 31



# Sketch: 13
1704645114 65
1704645242 43
1704645370 76
1704645498 40
1704645626 39



# Sketch: 14
1704645114 48
1704645242 63
1704645370 41
1704645498 56
1704645626 25



# Sketch: 15
1704645114 74
1704645242 53
1704645370 58
1704645498 65
1704645626 39



# Sketch: 16
1704645114 40
1704645242 40
1704645370 48
1704645498 45
1704645626 43



# Sketch: 17
1704645114 39
1704645242 54
1704645370 93
1704645498 50
1704645626 41



# Sketch: 18
1704645114 27
1704645242 57
1704645370 46
1704645498 40
1704645626 34



# Sketch: 19
1704645114 51
1704645242 65
1704645370 136
1704645498 35
1704645626 43



# Sketch: 20
1704645114 126
1704645242 84
1704645370 65
1704645498 60
1704645626 33



# Sketch: 21
1704645114 82
1704645242 83
1704645370 60
1704645498 100
1704645626 50



# Sketch: 22
1704645114 63
1704645242 65
1704645370 74
1704645498 77
1704645626 61



# Sketch: 23
1704645114 34
1704645242 91
1704645370 49
1704645498 64
1704645626 33



# Sketch: 24
1704645114 63
1704645242 72
1704645370 71
1704645498 61
1704645626 51



# Sketch: 25
1704645114 74
1704645242 68
1704645370 42
1704645498 47
1704645626 34



# Sketch: 26
1704645114 55
1704645242 66
1704645370 85
1704645498 71
1704645626 46



# Sketch: 27
1704645114 63
1704645242 65
1704645370 72
1704645498 78
1704645626 47



# Sketch: 28
1704645114 53
1704645242 66
1704645370 81
1704645498 82
1704645626 61



# Sketch: 29
1704645114 35
1704645242 44
1704645370 49
1704645498 76
1704645626 29



# Sketch: 30
1704645114 100
1704645242 73
1704645370 54
1704645498 63
1704645626 46



# Sketch: 31
1704645114 61
1704645242 75
1704645370 59
1704645498 73
1704645626 64

