

# Sketch: 0
1704645114 30
1704645178 33
1704645242 19
1704645306 24
1704645370 47
1704645434 23
1704645498 24
1704645562 23
1704645626 24
1704645690 3



# Sketch: 1
1704645114 57
1704645178 62
1704645242 36
1704645306 47
1704645370 51
1704645434 51
1704645498 45
1704645562 55
1704645626 44
1704645690 15



# Sketch: 2
1704645114 22
1704645178 18
1704645242 45
1704645306 24
1704645370 22
1704645434 26
1704645498 37
1704645562 22
1704645626 26
1704645690 5



# Sketch: 3
1704645114 24
1704645178 21
1704645242 27
1704645306 47
1704645370 32
1704645434 64
1704645498 39
1704645562 20
1704645626 39
1704645690 14



# Sketch: 4
1704645114 18
1704645178 19
1704645242 44
1704645306 23
1704645370 21
1704645434 28
1704645498 23
1704645562 23
1704645626 24
1704645690 16



# Sketch: 5
1704645114 32
1704645178 22
1704645242 29
1704645306 33
1704645370 32
1704645434 21
1704645498 32
1704645562 29
1704645626 31
1704645690 7



# Sketch: 6
1704645114 58
1704645178 28
1704645242 52
1704645306 45
1704645370 40
1704645434 30
1704645498 25
1704645562 31
1704645626 56
1704645690 2



# Sketch: 7
1704645114 17
1704645178 21
1704645242 27
1704645306 35
1704645370 46
1704645434 30
1704645498 34
1704645562 29
1704645626 22
1704645690 6



# Sketch: 8
1704645114 51
1704645178 26
1704645242 34
1704645306 25
1704645370 22
1704645434 18
1704645498 17
1704645562 24
1704645626 28
1704645690 7



# Sketch: 9
1704645114 29
1704645178 14
1704645242 39
1704645306 26
1704645370 18
1704645434 34
1704645498 24
1704645562 38
1704645626 31
1704645690 7



# Sketch: 10
1704645114 16
1704645178 14
1704645242 32
1704645306 22
1704645370 33
1704645434 17
1704645498 22
1704645562 21
1704645626 22
1704645690 3



# Sketch: 11
1704645114 39
1704645178 29
1704645242 30
1704645306 36
1704645370 40
1704645434 22
1704645498 33
1704645562 30
1704645626 26
1704645690 5



# Sketch: 12
1704645114 26
1704645178 21
1704645242 29
1704645306 41
1704645370 43
1704645434 24
1704645498 16
1704645562 20
1704645626 38
1704645690 6



# Sketch: 13
1704645114 38
1704645178 25
1704645242 34
1704645306 36
1704645370 26
1704645434 20
1704645498 19
1704645562 26
1704645626 43
1704645690 17



# Sketch: 14
1704645114 25
1704645178 18
1704645242 35
1704645306 33
1704645370 28
1704645434 21
1704645498 23
1704645562 30
1704645626 27
1704645690 3



# Sketch: 15
1704645114 48
1704645178 60
1704645242 53
1704645306 54
1704645370 56
1704645434 54
1704645498 55
1704645562 53
1704645626 37
1704645690 27



# Sketch: 16
1704645114 30
1704645178 23
1704645242 30
1704645306 39
1704645370 26
1704645434 25
1704645498 35
1704645562 21
1704645626 26
1704645690 21



# Sketch: 17
1704645114 18
1704645178 27
1704645242 29
1704645306 22
1704645370 20
1704645434 29
1704645498 36
1704645562 15
1704645626 23
1704645690 11



# Sketch: 18
1704645114 19
1704645178 27
1704645242 27
1704645306 360
1704645370 175
1704645434 33
1704645498 41
1704645562 22
1704645626 26
1704645690 7



# Sketch: 19
1704645114 68
1704645178 28
1704645242 19
1704645306 25
1704645370 24
1704645434 20
1704645498 46
1704645562 27
1704645626 34
1704645690 14



# Sketch: 20
1704645114 24
1704645178 14
1704645242 36
1704645306 20
1704645370 24
1704645434 25
1704645498 32
1704645562 32
1704645626 28
1704645690 15



# Sketch: 21
1704645114 37
1704645178 18
1704645242 29
1704645306 45
1704645370 36
1704645434 28
1704645498 33
1704645562 42
1704645626 36
1704645690 8



# Sketch: 22
1704645114 76
1704645178 60
1704645242 84
1704645306 24
1704645370 74
1704645434 59
1704645498 32
1704645562 40
1704645626 25
1704645690 3



# Sketch: 23
1704645114 22
1704645178 25
1704645242 31
1704645306 21
1704645370 18
1704645434 16
1704645498 29
1704645562 26
1704645626 41
1704645690 2



# Sketch: 24
1704645114 21
1704645178 14
1704645242 43
1704645306 33
1704645370 19
1704645434 32
1704645498 26
1704645562 46
1704645626 25
1704645690 5



# Sketch: 25
1704645114 15
1704645178 33
1704645242 21
1704645306 28
1704645370 32
1704645434 30
1704645498 29
1704645562 21
1704645626 26
1704645690 9



# Sketch: 26
1704645114 28
1704645178 20
1704645242 36
1704645306 18
1704645370 17
1704645434 32
1704645498 34
1704645562 23
1704645626 40
1704645690 8



# Sketch: 27
1704645114 28
1704645178 36
1704645242 18
1704645306 34
1704645370 41
1704645434 73
1704645498 42
1704645562 18
1704645626 23
1704645690 9



# Sketch: 28
1704645114 19
1704645178 14
1704645242 26
1704645306 16
1704645370 35
1704645434 28
1704645498 16
1704645562 31
1704645626 42
1704645690 12



# Sketch: 29
1704645114 31
1704645178 43
1704645242 24
1704645306 55
1704645370 57
1704645434 41
1704645498 31
1704645562 37
1704645626 50
1704645690 18



# Sketch: 30
1704645114 27
1704645178 31
1704645242 20
1704645306 31
1704645370 28
1704645434 26
1704645498 31
1704645562 24
1704645626 16
1704645690 11



# Sketch: 31
1704645114 40
1704645178 22
1704645242 36
1704645306 19
1704645370 36
1704645434 35
1704645498 15
1704645562 25
1704645626 27
1704645690 12

