

# Sketch: 0
1704645114 3
1704645122 3
1704645130 1
1704645138 0
1704645146 0
1704645154 3
1704645162 5
1704645170 10
1704645178 3
1704645186 4
1704645194 1
1704645202 0
1704645210 7
1704645218 2
1704645226 4
1704645234 6
1704645242 10
1704645250 1
1704645258 3
1704645266 3
1704645274 1
1704645282 2
1704645290 4
1704645298 3
1704645306 2
1704645314 1
1704645322 0
1704645330 2
1704645338 2
1704645346 2
1704645354 4
1704645362 3
1704645370 1
1704645378 4
1704645386 4
1704645394 1
1704645402 4
1704645410 8
1704645418 4
1704645426 3
1704645434 1
1704645442 2
1704645450 2
1704645458 2
1704645466 1
1704645474 2
1704645482 2
1704645490 0
1704645498 3
1704645506 4
1704645514 3
1704645522 2
1704645530 4
1704645538 4
1704645546 1
1704645554 3
1704645562 9
1704645570 4
1704645578 1
1704645586 10
1704645594 4
1704645602 1
1704645610 3
1704645618 4
1704645626 1
1704645634 4
1704645642 2
1704645650 3
1704645658 3
1704645666 3
1704645674 1
1704645682 4
1704645690 1
1704645698 1
1704645706 4



# Sketch: 1
1704645114 2
1704645122 5
1704645130 5
1704645138 1
1704645146 5
1704645154 7
1704645162 2
1704645170 3
1704645178 3
1704645186 11
1704645194 2
1704645202 1
1704645210 4
1704645218 3
1704645226 2
1704645234 3
1704645242 9
1704645250 4
1704645258 7
1704645266 5
1704645274 6
1704645282 6
1704645290 4
1704645298 2
1704645306 1
1704645314 7
1704645322 2
1704645330 5
1704645338 4
1704645346 1
1704645354 8
1704645362 4
1704645370 6
1704645378 2
1704645386 8
1704645394 2
1704645402 5
1704645410 7
1704645418 3
1704645426 3
1704645434 8
1704645442 4
1704645450 4
1704645458 3
1704645466 2
1704645474 3
1704645482 2
1704645490 2
1704645498 5
1704645506 4
1704645514 1
1704645522 4
1704645530 0
1704645538 4
1704645546 9
1704645554 3
1704645562 3
1704645570 4
1704645578 3
1704645586 5
1704645594 5
1704645602 5
1704645610 1
1704645618 11
1704645626 11
1704645634 7
1704645642 2
1704645650 3
1704645658 2
1704645666 1
1704645674 5
1704645682 2
1704645690 4
1704645698 1
1704645706 6



# Sketch: 2
1704645114 0
1704645122 3
1704645130 8
1704645138 6
1704645146 11
1704645154 5
1704645162 1
1704645170 4
1704645178 3
1704645186 2
1704645194 9
1704645202 0
1704645210 4
1704645218 1
1704645226 2
1704645234 1
1704645242 6
1704645250 4
1704645258 7
1704645266 5
1704645274 4
1704645282 2
1704645290 5
1704645298 4
1704645306 3
1704645314 3
1704645322 4
1704645330 1
1704645338 8
1704645346 1
1704645354 4
1704645362 20
1704645370 3
1704645378 2
1704645386 3
1704645394 16
1704645402 0
1704645410 8
1704645418 7
1704645426 22
1704645434 1
1704645442 3
1704645450 4
1704645458 1
1704645466 6
1704645474 7
1704645482 2
1704645490 2
1704645498 3
1704645506 5
1704645514 9
1704645522 2
1704645530 3
1704645538 2
1704645546 2
1704645554 3
1704645562 0
1704645570 10
1704645578 2
1704645586 4
1704645594 3
1704645602 10
1704645610 4
1704645618 4
1704645626 6
1704645634 11
1704645642 2
1704645650 12
1704645658 4
1704645666 4
1704645674 0
1704645682 2
1704645690 0
1704645698 4
1704645706 5



# Sketch: 3
1704645114 0
1704645122 3
1704645130 7
1704645138 7
1704645146 8
1704645154 3
1704645162 5
1704645170 6
1704645178 1
1704645186 13
1704645194 2
1704645202 2
1704645210 4
1704645218 3
1704645226 0
1704645234 2
1704645242 1
1704645250 13
1704645258 8
1704645266 7
1704645274 2
1704645282 6
1704645290 3
1704645298 12
1704645306 3
1704645314 6
1704645322 14
1704645330 29
1704645338 4
1704645346 2
1704645354 2
1704645362 4
1704645370 4
1704645378 4
1704645386 2
1704645394 4
1704645402 4
1704645410 6
1704645418 4
1704645426 1
1704645434 1
1704645442 6
1704645450 4
1704645458 4
1704645466 2
1704645474 1
1704645482 10
1704645490 1
1704645498 4
1704645506 2
1704645514 3
1704645522 6
1704645530 9
1704645538 0
1704645546 2
1704645554 0
1704645562 5
1704645570 2
1704645578 1
1704645586 4
1704645594 4
1704645602 3
1704645610 5
1704645618 6
1704645626 5
1704645634 3
1704645642 5
1704645650 2
1704645658 3
1704645666 8
1704645674 9
1704645682 1
1704645690 6
1704645698 4
1704645706 1



# Sketch: 4
1704645114 9
1704645122 4
1704645130 2
1704645138 13
1704645146 10
1704645154 9
1704645162 2
1704645170 0
1704645178 14
1704645186 11
1704645194 15
1704645202 6
1704645210 10
1704645218 4
1704645226 1
1704645234 4
1704645242 10
1704645250 6
1704645258 3
1704645266 15
1704645274 18
1704645282 4
1704645290 4
1704645298 2
1704645306 10
1704645314 11
1704645322 6
1704645330 9
1704645338 5
1704645346 3
1704645354 5
1704645362 2
1704645370 2
1704645378 6
1704645386 6
1704645394 6
1704645402 1
1704645410 2
1704645418 8
1704645426 17
1704645434 3
1704645442 11
1704645450 11
1704645458 5
1704645466 2
1704645474 4
1704645482 20
1704645490 6
1704645498 6
1704645506 2
1704645514 2
1704645522 4
1704645530 1
1704645538 2
1704645546 10
1704645554 4
1704645562 4
1704645570 7
1704645578 4
1704645586 13
1704645594 7
1704645602 5
1704645610 13
1704645618 10
1704645626 11
1704645634 6
1704645642 7
1704645650 6
1704645658 3
1704645666 10
1704645674 3
1704645682 7
1704645690 8
1704645698 4
1704645706 1



# Sketch: 5
1704645114 4
1704645122 1
1704645130 2
1704645138 3
1704645146 0
1704645154 1
1704645162 2
1704645170 2
1704645178 4
1704645186 0
1704645194 4
1704645202 2
1704645210 5
1704645218 5
1704645226 2
1704645234 1
1704645242 11
1704645250 2
1704645258 2
1704645266 0
1704645274 1
1704645282 0
1704645290 2
1704645298 2
1704645306 3
1704645314 4
1704645322 4
1704645330 0
1704645338 1
1704645346 1
1704645354 3
1704645362 1
1704645370 1
1704645378 4
1704645386 0
1704645394 0
1704645402 1
1704645410 6
1704645418 6
1704645426 4
1704645434 7
1704645442 1
1704645450 3
1704645458 2
1704645466 3
1704645474 8
1704645482 0
1704645490 1
1704645498 2
1704645506 3
1704645514 5
1704645522 1
1704645530 2
1704645538 4
1704645546 3
1704645554 6
1704645562 4
1704645570 0
1704645578 1
1704645586 5
1704645594 2
1704645602 1
1704645610 2
1704645618 4
1704645626 2
1704645634 4
1704645642 0
1704645650 5
1704645658 1
1704645666 0
1704645674 2
1704645682 1
1704645690 2
1704645698 3
1704645706 4



# Sketch: 6
1704645114 6
1704645122 4
1704645130 23
1704645138 6
1704645146 5
1704645154 7
1704645162 2
1704645170 2
1704645178 0
1704645186 2
1704645194 1
1704645202 0
1704645210 4
1704645218 2
1704645226 7
1704645234 0
1704645242 4
1704645250 3
1704645258 6
1704645266 2
1704645274 2
1704645282 5
1704645290 10
1704645298 0
1704645306 3
1704645314 1
1704645322 3
1704645330 2
1704645338 3
1704645346 2
1704645354 2
1704645362 4
1704645370 1
1704645378 7
1704645386 6
1704645394 1
1704645402 1
1704645410 0
1704645418 10
1704645426 11
1704645434 6
1704645442 7
1704645450 2
1704645458 5
1704645466 1
1704645474 8
1704645482 7
1704645490 5
1704645498 4
1704645506 3
1704645514 5
1704645522 3
1704645530 4
1704645538 5
1704645546 4
1704645554 3
1704645562 1
1704645570 0
1704645578 1
1704645586 4
1704645594 2
1704645602 4
1704645610 5
1704645618 6
1704645626 3
1704645634 3
1704645642 6
1704645650 2
1704645658 3
1704645666 2
1704645674 1
1704645682 0
1704645690 1
1704645698 2
1704645706 4



# Sketch: 7
1704645114 4
1704645122 2
1704645130 7
1704645138 6
1704645146 5
1704645154 9
1704645162 2
1704645170 0
1704645178 4
1704645186 2
1704645194 4
1704645202 1
1704645210 0
1704645218 7
1704645226 15
1704645234 15
1704645242 20
1704645250 21
1704645258 1
1704645266 3
1704645274 4
1704645282 3
1704645290 2
1704645298 3
1704645306 2
1704645314 4
1704645322 3
1704645330 2
1704645338 3
1704645346 5
1704645354 4
1704645362 8
1704645370 4
1704645378 3
1704645386 3
1704645394 9
1704645402 0
1704645410 6
1704645418 4
1704645426 3
1704645434 2
1704645442 3
1704645450 2
1704645458 4
1704645466 1
1704645474 5
1704645482 7
1704645490 4
1704645498 6
1704645506 9
1704645514 10
1704645522 4
1704645530 3
1704645538 7
1704645546 5
1704645554 3
1704645562 2
1704645570 3
1704645578 3
1704645586 3
1704645594 2
1704645602 3
1704645610 4
1704645618 11
1704645626 6
1704645634 12
1704645642 5
1704645650 8
1704645658 3
1704645666 2
1704645674 2
1704645682 1
1704645690 1
1704645698 3
1704645706 8



# Sketch: 8
1704645114 0
1704645122 6
1704645130 3
1704645138 12
1704645146 6
1704645154 1
1704645162 22
1704645170 20
1704645178 6
1704645186 10
1704645194 11
1704645202 7
1704645210 3
1704645218 0
1704645226 3
1704645234 0
1704645242 1
1704645250 4
1704645258 4
1704645266 6
1704645274 1
1704645282 2
1704645290 2
1704645298 8
1704645306 2
1704645314 2
1704645322 7
1704645330 4
1704645338 2
1704645346 1
1704645354 4
1704645362 6
1704645370 5
1704645378 6
1704645386 3
1704645394 2
1704645402 1
1704645410 14
1704645418 10
1704645426 2
1704645434 2
1704645442 4
1704645450 1
1704645458 1
1704645466 2
1704645474 2
1704645482 11
1704645490 4
1704645498 7
1704645506 2
1704645514 7
1704645522 4
1704645530 7
1704645538 2
1704645546 3
1704645554 4
1704645562 1
1704645570 3
1704645578 1
1704645586 1
1704645594 4
1704645602 7
1704645610 3
1704645618 8
1704645626 8
1704645634 5
1704645642 2
1704645650 2
1704645658 2
1704645666 7
1704645674 12
1704645682 2
1704645690 3
1704645698 3
1704645706 5



# Sketch: 9
1704645114 1
1704645122 2
1704645130 1
1704645138 0
1704645146 8
1704645154 2
1704645162 0
1704645170 0
1704645178 3
1704645186 1
1704645194 6
1704645202 2
1704645210 2
1704645218 2
1704645226 3
1704645234 1
1704645242 2
1704645250 2
1704645258 2
1704645266 12
1704645274 3
1704645282 0
1704645290 3
1704645298 6
1704645306 4
1704645314 6
1704645322 1
1704645330 6
1704645338 8
1704645346 3
1704645354 5
1704645362 5
1704645370 1
1704645378 3
1704645386 2
1704645394 0
1704645402 1
1704645410 0
1704645418 2
1704645426 1
1704645434 3
1704645442 2
1704645450 2
1704645458 6
1704645466 0
1704645474 1
1704645482 2
1704645490 3
1704645498 1
1704645506 1
1704645514 0
1704645522 1
1704645530 1
1704645538 3
1704645546 0
1704645554 3
1704645562 4
1704645570 2
1704645578 0
1704645586 5
1704645594 4
1704645602 2
1704645610 4
1704645618 2
1704645626 2
1704645634 10
1704645642 1
1704645650 0
1704645658 1
1704645666 5
1704645674 0
1704645682 0
1704645690 1
1704645698 6
1704645706 2



# Sketch: 10
1704645114 0
1704645122 0
1704645130 9
1704645138 10
1704645146 2
1704645154 2
1704645162 3
1704645170 5
1704645178 2
1704645186 5
1704645194 1
1704645202 5
1704645210 2
1704645218 2
1704645226 1
1704645234 2
1704645242 5
1704645250 8
1704645258 7
1704645266 0
1704645274 1
1704645282 2
1704645290 4
1704645298 0
1704645306 1
1704645314 1
1704645322 0
1704645330 1
1704645338 1
1704645346 1
1704645354 1
1704645362 2
1704645370 3
1704645378 3
1704645386 2
1704645394 7
1704645402 3
1704645410 2
1704645418 0
1704645426 9
1704645434 1
1704645442 6
1704645450 9
1704645458 3
1704645466 2
1704645474 1
1704645482 3
1704645490 5
1704645498 3
1704645506 5
1704645514 7
1704645522 7
1704645530 1
1704645538 1
1704645546 2
1704645554 7
1704645562 4
1704645570 7
1704645578 3
1704645586 1
1704645594 0
1704645602 3
1704645610 4
1704645618 6
1704645626 3
1704645634 5
1704645642 0
1704645650 3
1704645658 0
1704645666 4
1704645674 5
1704645682 1
1704645690 3
1704645698 3
1704645706 6



# Sketch: 11
1704645114 0
1704645122 1
1704645130 0
1704645138 5
1704645146 0
1704645154 6
1704645162 3
1704645170 2
1704645178 2
1704645186 0
1704645194 2
1704645202 0
1704645210 4
1704645218 1
1704645226 1
1704645234 16
1704645242 3
1704645250 4
1704645258 11
1704645266 3
1704645274 6
1704645282 3
1704645290 5
1704645298 9
1704645306 5
1704645314 3
1704645322 3
1704645330 1
1704645338 3
1704645346 0
1704645354 2
1704645362 1
1704645370 0
1704645378 0
1704645386 3
1704645394 6
1704645402 7
1704645410 1
1704645418 1
1704645426 6
1704645434 2
1704645442 6
1704645450 1
1704645458 1
1704645466 1
1704645474 5
1704645482 1
1704645490 3
1704645498 15
1704645506 5
1704645514 3
1704645522 4
1704645530 0
1704645538 10
1704645546 3
1704645554 4
1704645562 2
1704645570 2
1704645578 1
1704645586 4
1704645594 3
1704645602 6
1704645610 2
1704645618 5
1704645626 8
1704645634 10
1704645642 1
1704645650 5
1704645658 1
1704645666 12
1704645674 1
1704645682 1
1704645690 0
1704645698 2
1704645706 4



# Sketch: 12
1704645114 4
1704645122 1
1704645130 0
1704645138 3
1704645146 2
1704645154 6
1704645162 7
1704645170 4
1704645178 5
1704645186 5
1704645194 0
1704645202 2
1704645210 8
1704645218 1
1704645226 5
1704645234 2
1704645242 4
1704645250 2
1704645258 2
1704645266 2
1704645274 2
1704645282 0
1704645290 14
1704645298 10
1704645306 0
1704645314 2
1704645322 3
1704645330 8
1704645338 6
1704645346 4
1704645354 7
1704645362 3
1704645370 3
1704645378 2
1704645386 1
1704645394 2
1704645402 2
1704645410 1
1704645418 8
1704645426 2
1704645434 0
1704645442 2
1704645450 1
1704645458 2
1704645466 25
1704645474 17
1704645482 7
1704645490 2
1704645498 5
1704645506 3
1704645514 5
1704645522 1
1704645530 5
1704645538 3
1704645546 2
1704645554 2
1704645562 5
1704645570 1
1704645578 1
1704645586 1
1704645594 0
1704645602 2
1704645610 0
1704645618 7
1704645626 7
1704645634 8
1704645642 7
1704645650 0
1704645658 5
1704645666 2
1704645674 1
1704645682 0
1704645690 0
1704645698 2
1704645706 3



# Sketch: 13
1704645114 1
1704645122 2
1704645130 1
1704645138 2
1704645146 5
1704645154 7
1704645162 3
1704645170 1
1704645178 1
1704645186 4
1704645194 6
1704645202 3
1704645210 5
1704645218 3
1704645226 4
1704645234 2
1704645242 3
1704645250 1
1704645258 5
1704645266 0
1704645274 2
1704645282 4
1704645290 6
1704645298 6
1704645306 7
1704645314 3
1704645322 0
1704645330 13
1704645338 6
1704645346 3
1704645354 3
1704645362 1
1704645370 3
1704645378 2
1704645386 3
1704645394 5
1704645402 1
1704645410 1
1704645418 6
1704645426 15
1704645434 6
1704645442 3
1704645450 4
1704645458 1
1704645466 0
1704645474 4
1704645482 1
1704645490 3
1704645498 3
1704645506 1
1704645514 3
1704645522 7
1704645530 2
1704645538 2
1704645546 5
1704645554 3
1704645562 3
1704645570 2
1704645578 6
1704645586 0
1704645594 1
1704645602 4
1704645610 1
1704645618 6
1704645626 7
1704645634 1
1704645642 2
1704645650 2
1704645658 2
1704645666 2
1704645674 1
1704645682 4
1704645690 1
1704645698 2
1704645706 4



# Sketch: 14
1704645114 0
1704645122 0
1704645130 0
1704645138 7
1704645146 3
1704645154 1
1704645162 0
1704645170 4
1704645178 1
1704645186 10
1704645194 2
1704645202 1
1704645210 3
1704645218 3
1704645226 1
1704645234 0
1704645242 2
1704645250 0
1704645258 7
1704645266 2
1704645274 2
1704645282 0
1704645290 3
1704645298 10
1704645306 6
1704645314 11
1704645322 7
1704645330 2
1704645338 0
1704645346 2
1704645354 0
1704645362 6
1704645370 2
1704645378 1
1704645386 2
1704645394 4
1704645402 1
1704645410 2
1704645418 0
1704645426 1
1704645434 1
1704645442 0
1704645450 0
1704645458 7
1704645466 1
1704645474 11
1704645482 1
1704645490 0
1704645498 4
1704645506 1
1704645514 5
1704645522 3
1704645530 2
1704645538 1
1704645546 2
1704645554 0
1704645562 6
1704645570 2
1704645578 0
1704645586 0
1704645594 0
1704645602 3
1704645610 2
1704645618 8
1704645626 5
1704645634 1
1704645642 3
1704645650 9
1704645658 2
1704645666 4
1704645674 5
1704645682 4
1704645690 2
1704645698 2
1704645706 0



# Sketch: 15
1704645114 9
1704645122 1
1704645130 3
1704645138 0
1704645146 3
1704645154 3
1704645162 2
1704645170 3
1704645178 1
1704645186 1
1704645194 3
1704645202 2
1704645210 1
1704645218 0
1704645226 2
1704645234 5
1704645242 10
1704645250 1
1704645258 2
1704645266 6
1704645274 0
1704645282 1
1704645290 1
1704645298 14
1704645306 2
1704645314 7
1704645322 2
1704645330 3
1704645338 3
1704645346 2
1704645354 6
1704645362 3
1704645370 0
1704645378 1
1704645386 8
1704645394 3
1704645402 7
1704645410 2
1704645418 9
1704645426 7
1704645434 7
1704645442 3
1704645450 3
1704645458 1
1704645466 5
1704645474 1
1704645482 4
1704645490 4
1704645498 3
1704645506 2
1704645514 3
1704645522 7
1704645530 2
1704645538 5
1704645546 6
1704645554 6
1704645562 1
1704645570 2
1704645578 6
1704645586 5
1704645594 2
1704645602 2
1704645610 5
1704645618 4
1704645626 7
1704645634 1
1704645642 3
1704645650 3
1704645658 1
1704645666 11
1704645674 1
1704645682 7
1704645690 1
1704645698 3
1704645706 4



# Sketch: 16
1704645114 5
1704645122 9
1704645130 7
1704645138 3
1704645146 3
1704645154 4
1704645162 7
1704645170 4
1704645178 4
1704645186 0
1704645194 9
1704645202 2
1704645210 11
1704645218 2
1704645226 2
1704645234 4
1704645242 3
1704645250 8
1704645258 5
1704645266 3
1704645274 6
1704645282 2
1704645290 6
1704645298 10
1704645306 5
1704645314 4
1704645322 6
1704645330 3
1704645338 4
1704645346 2
1704645354 6
1704645362 4
1704645370 3
1704645378 3
1704645386 18
1704645394 23
1704645402 2
1704645410 1
1704645418 1
1704645426 5
1704645434 6
1704645442 2
1704645450 16
1704645458 3
1704645466 0
1704645474 0
1704645482 4
1704645490 3
1704645498 5
1704645506 2
1704645514 6
1704645522 3
1704645530 5
1704645538 5
1704645546 6
1704645554 5
1704645562 1
1704645570 3
1704645578 0
1704645586 7
1704645594 5
1704645602 3
1704645610 5
1704645618 4
1704645626 10
1704645634 5
1704645642 12
1704645650 5
1704645658 0
1704645666 5
1704645674 1
1704645682 7
1704645690 4
1704645698 1
1704645706 3



# Sketch: 17
1704645114 0
1704645122 4
1704645130 2
1704645138 6
1704645146 4
1704645154 8
1704645162 10
1704645170 0
1704645178 3
1704645186 0
1704645194 6
1704645202 3
1704645210 5
1704645218 1
1704645226 1
1704645234 4
1704645242 2
1704645250 7
1704645258 2
1704645266 2
1704645274 1
1704645282 2
1704645290 3
1704645298 7
1704645306 7
1704645314 0
1704645322 4
1704645330 3
1704645338 2
1704645346 1
1704645354 1
1704645362 3
1704645370 0
1704645378 0
1704645386 4
1704645394 6
1704645402 2
1704645410 3
1704645418 1
1704645426 12
1704645434 6
1704645442 4
1704645450 6
1704645458 0
1704645466 0
1704645474 0
1704645482 4
1704645490 4
1704645498 3
1704645506 4
1704645514 1
1704645522 2
1704645530 5
1704645538 3
1704645546 6
1704645554 7
1704645562 1
1704645570 2
1704645578 2
1704645586 2
1704645594 1
1704645602 1
1704645610 6
1704645618 10
1704645626 11
1704645634 2
1704645642 6
1704645650 4
1704645658 2
1704645666 1
1704645674 10
1704645682 1
1704645690 0
1704645698 2
1704645706 4



# Sketch: 18
1704645114 1
1704645122 0
1704645130 5
1704645138 8
1704645146 2
1704645154 2
1704645162 0
1704645170 1
1704645178 3
1704645186 2
1704645194 1
1704645202 1
1704645210 2
1704645218 1
1704645226 3
1704645234 1
1704645242 1
1704645250 0
1704645258 2
1704645266 0
1704645274 1
1704645282 1
1704645290 3
1704645298 4
1704645306 3
1704645314 4
1704645322 38
1704645330 68
1704645338 61
1704645346 56
1704645354 57
1704645362 59
1704645370 83
1704645378 25
1704645386 23
1704645394 13
1704645402 16
1704645410 14
1704645418 5
1704645426 12
1704645434 9
1704645442 10
1704645450 2
1704645458 4
1704645466 2
1704645474 10
1704645482 9
1704645490 1
1704645498 0
1704645506 2
1704645514 4
1704645522 1
1704645530 2
1704645538 4
1704645546 2
1704645554 2
1704645562 2
1704645570 1
1704645578 0
1704645586 3
1704645594 5
1704645602 1
1704645610 3
1704645618 6
1704645626 2
1704645634 4
1704645642 5
1704645650 10
1704645658 1
1704645666 3
1704645674 2
1704645682 0
1704645690 1
1704645698 2
1704645706 2



# Sketch: 19
1704645114 1
1704645122 1
1704645130 0
1704645138 1
1704645146 0
1704645154 5
1704645162 1
1704645170 3
1704645178 3
1704645186 2
1704645194 2
1704645202 2
1704645210 2
1704645218 2
1704645226 3
1704645234 3
1704645242 8
1704645250 5
1704645258 3
1704645266 4
1704645274 4
1704645282 1
1704645290 3
1704645298 5
1704645306 3
1704645314 4
1704645322 8
1704645330 2
1704645338 1
1704645346 0
1704645354 1
1704645362 4
1704645370 1
1704645378 6
1704645386 5
1704645394 3
1704645402 2
1704645410 4
1704645418 3
1704645426 1
1704645434 4
1704645442 3
1704645450 4
1704645458 0
1704645466 2
1704645474 4
1704645482 2
1704645490 1
1704645498 3
1704645506 1
1704645514 7
1704645522 2
1704645530 3
1704645538 5
1704645546 4
1704645554 3
1704645562 6
1704645570 5
1704645578 0
1704645586 1
1704645594 0
1704645602 3
1704645610 0
1704645618 5
1704645626 6
1704645634 5
1704645642 10
1704645650 1
1704645658 0
1704645666 5
1704645674 3
1704645682 0
1704645690 1
1704645698 0
1704645706 0



# Sketch: 20
1704645114 6
1704645122 5
1704645130 2
1704645138 3
1704645146 2
1704645154 0
1704645162 1
1704645170 2
1704645178 3
1704645186 9
1704645194 3
1704645202 4
1704645210 4
1704645218 5
1704645226 2
1704645234 2
1704645242 8
1704645250 2
1704645258 2
1704645266 7
1704645274 2
1704645282 0
1704645290 4
1704645298 4
1704645306 13
1704645314 3
1704645322 12
1704645330 3
1704645338 7
1704645346 0
1704645354 2
1704645362 5
1704645370 3
1704645378 2
1704645386 6
1704645394 12
1704645402 2
1704645410 0
1704645418 2
1704645426 12
1704645434 2
1704645442 4
1704645450 4
1704645458 8
1704645466 1
1704645474 4
1704645482 6
1704645490 2
1704645498 4
1704645506 4
1704645514 3
1704645522 9
1704645530 3
1704645538 5
1704645546 13
1704645554 7
1704645562 5
1704645570 6
1704645578 5
1704645586 3
1704645594 1
1704645602 5
1704645610 6
1704645618 10
1704645626 15
1704645634 4
1704645642 3
1704645650 5
1704645658 2
1704645666 6
1704645674 6
1704645682 5
1704645690 4
1704645698 7
1704645706 1



# Sketch: 21
1704645114 0
1704645122 2
1704645130 6
1704645138 3
1704645146 5
1704645154 3
1704645162 2
1704645170 1
1704645178 4
1704645186 1
1704645194 3
1704645202 1
1704645210 3
1704645218 3
1704645226 2
1704645234 3
1704645242 7
1704645250 1
1704645258 6
1704645266 5
1704645274 5
1704645282 0
1704645290 3
1704645298 0
1704645306 3
1704645314 2
1704645322 4
1704645330 5
1704645338 3
1704645346 0
1704645354 5
1704645362 4
1704645370 5
1704645378 5
1704645386 4
1704645394 5
1704645402 4
1704645410 1
1704645418 1
1704645426 2
1704645434 3
1704645442 3
1704645450 2
1704645458 15
1704645466 31
1704645474 9
1704645482 3
1704645490 3
1704645498 6
1704645506 2
1704645514 4
1704645522 7
1704645530 3
1704645538 5
1704645546 2
1704645554 6
1704645562 4
1704645570 4
1704645578 3
1704645586 2
1704645594 2
1704645602 12
1704645610 3
1704645618 2
1704645626 6
1704645634 4
1704645642 2
1704645650 1
1704645658 5
1704645666 3
1704645674 3
1704645682 0
1704645690 3
1704645698 1
1704645706 1



# Sketch: 22
1704645114 4
1704645122 0
1704645130 3
1704645138 7
1704645146 2
1704645154 1
1704645162 2
1704645170 1
1704645178 4
1704645186 3
1704645194 0
1704645202 3
1704645210 3
1704645218 1
1704645226 6
1704645234 2
1704645242 6
1704645250 6
1704645258 4
1704645266 1
1704645274 4
1704645282 1
1704645290 4
1704645298 2
1704645306 8
1704645314 10
1704645322 1
1704645330 2
1704645338 2
1704645346 0
1704645354 4
1704645362 2
1704645370 3
1704645378 4
1704645386 1
1704645394 5
1704645402 2
1704645410 3
1704645418 3
1704645426 2
1704645434 6
1704645442 4
1704645450 2
1704645458 7
1704645466 0
1704645474 2
1704645482 4
1704645490 0
1704645498 2
1704645506 0
1704645514 3
1704645522 1
1704645530 6
1704645538 3
1704645546 7
1704645554 1
1704645562 5
1704645570 0
1704645578 0
1704645586 4
1704645594 2
1704645602 2
1704645610 2
1704645618 4
1704645626 3
1704645634 3
1704645642 1
1704645650 0
1704645658 3
1704645666 1
1704645674 4
1704645682 3
1704645690 18
1704645698 1
1704645706 3



# Sketch: 23
1704645114 3
1704645122 3
1704645130 2
1704645138 3
1704645146 5
1704645154 4
1704645162 0
1704645170 5
1704645178 7
1704645186 4
1704645194 8
1704645202 3
1704645210 4
1704645218 1
1704645226 0
1704645234 4
1704645242 3
1704645250 3
1704645258 5
1704645266 1
1704645274 2
1704645282 3
1704645290 1
1704645298 5
1704645306 6
1704645314 6
1704645322 2
1704645330 2
1704645338 11
1704645346 2
1704645354 8
1704645362 4
1704645370 3
1704645378 3
1704645386 6
1704645394 1
1704645402 0
1704645410 1
1704645418 3
1704645426 5
1704645434 4
1704645442 1
1704645450 2
1704645458 4
1704645466 8
1704645474 8
1704645482 7
1704645490 9
1704645498 3
1704645506 1
1704645514 8
1704645522 3
1704645530 10
1704645538 2
1704645546 3
1704645554 3
1704645562 3
1704645570 4
1704645578 8
1704645586 6
1704645594 1
1704645602 2
1704645610 4
1704645618 10
1704645626 2
1704645634 4
1704645642 4
1704645650 3
1704645658 3
1704645666 1
1704645674 5
1704645682 4
1704645690 3
1704645698 3
1704645706 4



# Sketch: 24
1704645114 15
1704645122 0
1704645130 2
1704645138 13
1704645146 10
1704645154 3
1704645162 8
1704645170 5
1704645178 2
1704645186 3
1704645194 1
1704645202 5
1704645210 4
1704645218 3
1704645226 0
1704645234 3
1704645242 2
1704645250 7
1704645258 2
1704645266 3
1704645274 2
1704645282 4
1704645290 1
1704645298 8
1704645306 1
1704645314 6
1704645322 2
1704645330 1
1704645338 2
1704645346 5
1704645354 2
1704645362 5
1704645370 1
1704645378 13
1704645386 5
1704645394 2
1704645402 1
1704645410 1
1704645418 5
1704645426 7
1704645434 5
1704645442 1
1704645450 3
1704645458 7
1704645466 2
1704645474 8
1704645482 3
1704645490 0
1704645498 6
1704645506 6
1704645514 6
1704645522 3
1704645530 2
1704645538 4
1704645546 1
1704645554 1
1704645562 2
1704645570 3
1704645578 2
1704645586 7
1704645594 4
1704645602 2
1704645610 1
1704645618 4
1704645626 1
1704645634 17
1704645642 1
1704645650 12
1704645658 2
1704645666 0
1704645674 0
1704645682 0
1704645690 2
1704645698 3
1704645706 11



# Sketch: 25
1704645114 6
1704645122 3
1704645130 1
1704645138 1
1704645146 5
1704645154 8
1704645162 3
1704645170 0
1704645178 1
1704645186 8
1704645194 6
1704645202 3
1704645210 7
1704645218 7
1704645226 5
1704645234 9
1704645242 5
1704645250 12
1704645258 2
1704645266 9
1704645274 6
1704645282 4
1704645290 5
1704645298 3
1704645306 8
1704645314 3
1704645322 7
1704645330 6
1704645338 9
1704645346 4
1704645354 4
1704645362 6
1704645370 2
1704645378 3
1704645386 7
1704645394 4
1704645402 5
1704645410 1
1704645418 7
1704645426 10
1704645434 2
1704645442 9
1704645450 7
1704645458 7
1704645466 3
1704645474 6
1704645482 3
1704645490 2
1704645498 3
1704645506 3
1704645514 1
1704645522 2
1704645530 2
1704645538 9
1704645546 11
1704645554 4
1704645562 7
1704645570 2
1704645578 9
1704645586 3
1704645594 2
1704645602 8
1704645610 2
1704645618 10
1704645626 4
1704645634 8
1704645642 9
1704645650 11
1704645658 1
1704645666 10
1704645674 2
1704645682 7
1704645690 4
1704645698 4
1704645706 2



# Sketch: 26
1704645114 1
1704645122 4
1704645130 15
1704645138 18
1704645146 8
1704645154 18
1704645162 9
1704645170 3
1704645178 4
1704645186 2
1704645194 4
1704645202 4
1704645210 3
1704645218 2
1704645226 2
1704645234 5
1704645242 5
1704645250 8
1704645258 5
1704645266 1
1704645274 3
1704645282 1
1704645290 2
1704645298 2
1704645306 7
1704645314 9
1704645322 7
1704645330 1
1704645338 2
1704645346 7
1704645354 2
1704645362 1
1704645370 6
1704645378 5
1704645386 5
1704645394 9
1704645402 2
1704645410 1
1704645418 3
1704645426 11
1704645434 3
1704645442 5
1704645450 1
1704645458 2
1704645466 2
1704645474 2
1704645482 5
1704645490 3
1704645498 3
1704645506 7
1704645514 4
1704645522 2
1704645530 5
1704645538 3
1704645546 5
1704645554 6
1704645562 2
1704645570 7
1704645578 5
1704645586 1
1704645594 5
1704645602 3
1704645610 5
1704645618 14
1704645626 3
1704645634 1
1704645642 4
1704645650 4
1704645658 3
1704645666 2
1704645674 1
1704645682 2
1704645690 3
1704645698 2
1704645706 3



# Sketch: 27
1704645114 2
1704645122 10
1704645130 4
1704645138 4
1704645146 4
1704645154 3
1704645162 9
1704645170 2
1704645178 1
1704645186 3
1704645194 4
1704645202 1
1704645210 22
1704645218 1
1704645226 0
1704645234 15
1704645242 5
1704645250 2
1704645258 1
1704645266 0
1704645274 2
1704645282 1
1704645290 3
1704645298 7
1704645306 7
1704645314 8
1704645322 7
1704645330 4
1704645338 4
1704645346 2
1704645354 2
1704645362 6
1704645370 3
1704645378 6
1704645386 1
1704645394 1
1704645402 2
1704645410 4
1704645418 5
1704645426 6
1704645434 8
1704645442 3
1704645450 2
1704645458 2
1704645466 3
1704645474 2
1704645482 12
1704645490 8
1704645498 4
1704645506 1
1704645514 5
1704645522 2
1704645530 1
1704645538 1
1704645546 2
1704645554 5
1704645562 4
1704645570 0
1704645578 5
1704645586 1
1704645594 1
1704645602 2
1704645610 3
1704645618 3
1704645626 2
1704645634 2
1704645642 1
1704645650 3
1704645658 5
1704645666 4
1704645674 3
1704645682 3
1704645690 1
1704645698 1
1704645706 0



# Sketch: 28
1704645114 0
1704645122 0
1704645130 5
1704645138 2
1704645146 6
1704645154 5
1704645162 9
1704645170 5
1704645178 0
1704645186 6
1704645194 2
1704645202 2
1704645210 3
1704645218 1
1704645226 6
1704645234 1
1704645242 9
1704645250 4
1704645258 5
1704645266 0
1704645274 0
1704645282 6
1704645290 3
1704645298 5
1704645306 7
1704645314 9
1704645322 3
1704645330 1
1704645338 9
1704645346 2
1704645354 2
1704645362 1
1704645370 2
1704645378 1
1704645386 0
1704645394 3
1704645402 6
1704645410 2
1704645418 3
1704645426 22
1704645434 3
1704645442 5
1704645450 3
1704645458 0
1704645466 2
1704645474 0
1704645482 3
1704645490 7
1704645498 1
1704645506 0
1704645514 6
1704645522 6
1704645530 2
1704645538 0
1704645546 6
1704645554 4
1704645562 3
1704645570 4
1704645578 7
1704645586 0
1704645594 4
1704645602 1
1704645610 3
1704645618 1
1704645626 11
1704645634 8
1704645642 3
1704645650 0
1704645658 2
1704645666 5
1704645674 7
1704645682 2
1704645690 3
1704645698 4
1704645706 8



# Sketch: 29
1704645114 5
1704645122 3
1704645130 7
1704645138 2
1704645146 3
1704645154 8
1704645162 5
1704645170 3
1704645178 6
1704645186 1
1704645194 3
1704645202 4
1704645210 0
1704645218 0
1704645226 3
1704645234 2
1704645242 7
1704645250 7
1704645258 4
1704645266 2
1704645274 3
1704645282 6
1704645290 11
1704645298 8
1704645306 2
1704645314 4
1704645322 3
1704645330 10
1704645338 1
1704645346 5
1704645354 2
1704645362 5
1704645370 8
1704645378 5
1704645386 3
1704645394 7
1704645402 6
1704645410 6
1704645418 5
1704645426 4
1704645434 7
1704645442 2
1704645450 13
1704645458 3
1704645466 5
1704645474 8
1704645482 4
1704645490 2
1704645498 3
1704645506 3
1704645514 2
1704645522 20
1704645530 0
1704645538 1
1704645546 6
1704645554 5
1704645562 2
1704645570 5
1704645578 1
1704645586 2
1704645594 5
1704645602 1
1704645610 6
1704645618 9
1704645626 2
1704645634 2
1704645642 1
1704645650 1
1704645658 6
1704645666 1
1704645674 13
1704645682 9
1704645690 16
1704645698 2
1704645706 3



# Sketch: 30
1704645114 0
1704645122 0
1704645130 4
1704645138 9
1704645146 2
1704645154 2
1704645162 1
1704645170 2
1704645178 2
1704645186 0
1704645194 5
1704645202 3
1704645210 1
1704645218 1
1704645226 3
1704645234 0
1704645242 5
1704645250 1
1704645258 2
1704645266 2
1704645274 7
1704645282 1
1704645290 2
1704645298 3
1704645306 5
1704645314 1
1704645322 3
1704645330 2
1704645338 7
1704645346 1
1704645354 3
1704645362 2
1704645370 2
1704645378 5
1704645386 1
1704645394 5
1704645402 4
1704645410 11
1704645418 1
1704645426 1
1704645434 6
1704645442 2
1704645450 2
1704645458 2
1704645466 2
1704645474 3
1704645482 5
1704645490 0
1704645498 2
1704645506 1
1704645514 4
1704645522 2
1704645530 5
1704645538 5
1704645546 5
1704645554 8
1704645562 2
1704645570 3
1704645578 3
1704645586 0
1704645594 0
1704645602 2
1704645610 2
1704645618 2
1704645626 10
1704645634 6
1704645642 3
1704645650 1
1704645658 1
1704645666 4
1704645674 2
1704645682 2
1704645690 1
1704645698 12
1704645706 7



# Sketch: 31
1704645114 5
1704645122 1
1704645130 12
1704645138 9
1704645146 9
1704645154 2
1704645162 5
1704645170 4
1704645178 3
1704645186 6
1704645194 2
1704645202 5
1704645210 0
1704645218 2
1704645226 1
1704645234 2
1704645242 5
1704645250 7
1704645258 14
1704645266 5
1704645274 3
1704645282 1
1704645290 5
1704645298 4
1704645306 8
1704645314 8
1704645322 6
1704645330 6
1704645338 2
1704645346 4
1704645354 5
1704645362 2
1704645370 6
1704645378 10
1704645386 3
1704645394 5
1704645402 4
1704645410 7
1704645418 5
1704645426 4
1704645434 2
1704645442 5
1704645450 6
1704645458 0
1704645466 2
1704645474 2
1704645482 3
1704645490 8
1704645498 8
1704645506 5
1704645514 4
1704645522 1
1704645530 5
1704645538 4
1704645546 5
1704645554 4
1704645562 2
1704645570 3
1704645578 2
1704645586 3
1704645594 1
1704645602 7
1704645610 5
1704645618 12
1704645626 4
1704645634 5
1704645642 3
1704645650 2
1704645658 5
1704645666 2
1704645674 4
1704645682 3
1704645690 4
1704645698 0
1704645706 3

