

# Sketch: 0
1704645114 27
1704645178 42
1704645242 19
1704645306 31
1704645370 19
1704645434 67
1704645498 25
1704645562 38
1704645626 39
1704645690 17



# Sketch: 1
1704645114 22
1704645178 36
1704645242 59
1704645306 30
1704645370 31
1704645434 21
1704645498 19
1704645562 17
1704645626 23
1704645690 9



# Sketch: 2
1704645114 40
1704645178 34
1704645242 43
1704645306 42
1704645370 43
1704645434 20
1704645498 27
1704645562 23
1704645626 25
1704645690 11



# Sketch: 3
1704645114 23
1704645178 36
1704645242 34
1704645306 27
1704645370 22
1704645434 17
1704645498 25
1704645562 38
1704645626 32
1704645690 3



# Sketch: 4
1704645114 28
1704645178 25
1704645242 48
1704645306 40
1704645370 23
1704645434 27
1704645498 39
1704645562 21
1704645626 55
1704645690 16



# Sketch: 5
1704645114 23
1704645178 38
1704645242 15
1704645306 41
1704645370 44
1704645434 30
1704645498 32
1704645562 37
1704645626 39
1704645690 18



# Sketch: 6
1704645114 26
1704645178 39
1704645242 16
1704645306 22
1704645370 29
1704645434 30
1704645498 23
1704645562 18
1704645626 29
1704645690 11



# Sketch: 7
1704645114 29
1704645178 34
1704645242 30
1704645306 31
1704645370 71
1704645434 25
1704645498 34
1704645562 25
1704645626 25
1704645690 7



# Sketch: 8
1704645114 29
1704645178 15
1704645242 24
1704645306 22
1704645370 33
1704645434 27
1704645498 31
1704645562 16
1704645626 17
1704645690 10



# Sketch: 9
1704645114 17
1704645178 19
1704645242 42
1704645306 26
1704645370 13
1704645434 35
1704645498 45
1704645562 20
1704645626 21
1704645690 11



# Sketch: 10
1704645114 48
1704645178 24
1704645242 45
1704645306 36
1704645370 55
1704645434 30
1704645498 30
1704645562 43
1704645626 61
1704645690 12



# Sketch: 11
1704645114 25
1704645178 20
1704645242 16
1704645306 18
1704645370 19
1704645434 33
1704645498 29
1704645562 28
1704645626 11
1704645690 2



# Sketch: 12
1704645114 46
1704645178 19
1704645242 26
1704645306 38
1704645370 55
1704645434 31
1704645498 46
1704645562 21
1704645626 40
1704645690 9



# Sketch: 13
1704645114 23
1704645178 15
1704645242 18
1704645306 35
1704645370 33
1704645434 24
1704645498 31
1704645562 38
1704645626 32
1704645690 4



# Sketch: 14
1704645114 26
1704645178 19
1704645242 33
1704645306 21
1704645370 42
1704645434 35
1704645498 41
1704645562 31
1704645626 35
1704645690 5



# Sketch: 15
1704645114 36
1704645178 18
1704645242 42
1704645306 32
1704645370 41
1704645434 69
1704645498 23
1704645562 38
1704645626 32
1704645690 6



# Sketch: 16
1704645114 39
1704645178 34
1704645242 38
1704645306 41
1704645370 45
1704645434 18
1704645498 34
1704645562 20
1704645626 21
1704645690 13



# Sketch: 17
1704645114 20
1704645178 13
1704645242 46
1704645306 28
1704645370 23
1704645434 33
1704645498 26
1704645562 14
1704645626 32
1704645690 7



# Sketch: 18
1704645114 35
1704645178 38
1704645242 43
1704645306 357
1704645370 197
1704645434 58
1704645498 33
1704645562 40
1704645626 44
1704645690 8



# Sketch: 19
1704645114 44
1704645178 27
1704645242 52
1704645306 27
1704645370 21
1704645434 24
1704645498 33
1704645562 22
1704645626 37
1704645690 12



# Sketch: 20
1704645114 66
1704645178 23
1704645242 45
1704645306 19
1704645370 32
1704645434 28
1704645498 42
1704645562 43
1704645626 34
1704645690 18



# Sketch: 21
1704645114 25
1704645178 29
1704645242 25
1704645306 38
1704645370 22
1704645434 46
1704645498 30
1704645562 22
1704645626 25
1704645690 6



# Sketch: 22
1704645114 45
1704645178 23
1704645242 19
1704645306 23
1704645370 22
1704645434 34
1704645498 28
1704645562 23
1704645626 22
1704645690 6



# Sketch: 23
1704645114 35
1704645178 18
1704645242 28
1704645306 21
1704645370 25
1704645434 28
1704645498 29
1704645562 24
1704645626 43
1704645690 10



# Sketch: 24
1704645114 21
1704645178 33
1704645242 26
1704645306 35
1704645370 15
1704645434 14
1704645498 21
1704645562 25
1704645626 29
1704645690 4



# Sketch: 25
1704645114 66
1704645178 47
1704645242 51
1704645306 34
1704645370 56
1704645434 51
1704645498 40
1704645562 23
1704645626 27
1704645690 24



# Sketch: 26
1704645114 25
1704645178 20
1704645242 51
1704645306 29
1704645370 17
1704645434 16
1704645498 22
1704645562 43
1704645626 32
1704645690 10



# Sketch: 27
1704645114 30
1704645178 47
1704645242 31
1704645306 42
1704645370 29
1704645434 36
1704645498 35
1704645562 31
1704645626 42
1704645690 11



# Sketch: 28
1704645114 22
1704645178 23
1704645242 29
1704645306 42
1704645370 38
1704645434 28
1704645498 24
1704645562 27
1704645626 23
1704645690 8



# Sketch: 29
1704645114 20
1704645178 10
1704645242 24
1704645306 32
1704645370 42
1704645434 21
1704645498 13
1704645562 30
1704645626 26
1704645690 12



# Sketch: 30
1704645114 43
1704645178 30
1704645242 35
1704645306 26
1704645370 37
1704645434 36
1704645498 38
1704645562 31
1704645626 36
1704645690 6



# Sketch: 31
1704645114 29
1704645178 18
1704645242 21
1704645306 55
1704645370 25
1704645434 23
1704645498 28
1704645562 54
1704645626 17
1704645690 2

