

# Sketch: 0
1704645114 15
1704645146 9
1704645178 4
1704645210 11
1704645242 11
1704645274 16
1704645306 13
1704645338 11
1704645370 5
1704645402 13
1704645434 15
1704645466 9
1704645498 10
1704645530 17
1704645562 1
1704645594 6
1704645626 16
1704645658 5
1704645690 12



# Sketch: 1
1704645114 9
1704645146 8
1704645178 19
1704645210 18
1704645242 35
1704645274 9
1704645306 23
1704645338 17
1704645370 25
1704645402 56
1704645434 23
1704645466 26
1704645498 9
1704645530 24
1704645562 22
1704645594 15
1704645626 14
1704645658 20
1704645690 12



# Sketch: 2
1704645114 13
1704645146 14
1704645178 9
1704645210 11
1704645242 17
1704645274 20
1704645306 12
1704645338 10
1704645370 11
1704645402 19
1704645434 13
1704645466 7
1704645498 11
1704645530 11
1704645562 8
1704645594 17
1704645626 13
1704645658 13
1704645690 13



# Sketch: 3
1704645114 14
1704645146 24
1704645178 14
1704645210 17
1704645242 12
1704645274 24
1704645306 16
1704645338 15
1704645370 20
1704645402 12
1704645434 20
1704645466 15
1704645498 13
1704645530 12
1704645562 10
1704645594 24
1704645626 9
1704645658 11
1704645690 6



# Sketch: 4
1704645114 14
1704645146 7
1704645178 7
1704645210 7
1704645242 14
1704645274 14
1704645306 8
1704645338 11
1704645370 11
1704645402 13
1704645434 17
1704645466 16
1704645498 14
1704645530 13
1704645562 13
1704645594 20
1704645626 21
1704645658 11
1704645690 6



# Sketch: 5
1704645114 10
1704645146 18
1704645178 18
1704645210 16
1704645242 10
1704645274 6
1704645306 29
1704645338 16
1704645370 9
1704645402 24
1704645434 17
1704645466 6
1704645498 9
1704645530 23
1704645562 29
1704645594 16
1704645626 8
1704645658 23
1704645690 15



# Sketch: 6
1704645114 11
1704645146 17
1704645178 10
1704645210 14
1704645242 26
1704645274 17
1704645306 25
1704645338 20
1704645370 9
1704645402 10
1704645434 8
1704645466 12
1704645498 8
1704645530 24
1704645562 8
1704645594 23
1704645626 20
1704645658 15
1704645690 20



# Sketch: 7
1704645114 17
1704645146 11
1704645178 13
1704645210 13
1704645242 20
1704645274 18
1704645306 10
1704645338 15
1704645370 18
1704645402 15
1704645434 24
1704645466 11
1704645498 16
1704645530 7
1704645562 24
1704645594 19
1704645626 16
1704645658 7
1704645690 7



# Sketch: 8
1704645114 20
1704645146 8
1704645178 11
1704645210 14
1704645242 22
1704645274 12
1704645306 10
1704645338 5
1704645370 21
1704645402 12
1704645434 16
1704645466 12
1704645498 12
1704645530 10
1704645562 11
1704645594 13
1704645626 6
1704645658 12
1704645690 21



# Sketch: 9
1704645114 23
1704645146 27
1704645178 4
1704645210 14
1704645242 24
1704645274 25
1704645306 12
1704645338 7
1704645370 8
1704645402 4
1704645434 17
1704645466 15
1704645498 17
1704645530 8
1704645562 8
1704645594 21
1704645626 23
1704645658 16
1704645690 9



# Sketch: 10
1704645114 12
1704645146 9
1704645178 8
1704645210 7
1704645242 11
1704645274 13
1704645306 35
1704645338 10
1704645370 11
1704645402 27
1704645434 33
1704645466 39
1704645498 20
1704645530 14
1704645562 14
1704645594 17
1704645626 15
1704645658 34
1704645690 5



# Sketch: 11
1704645114 22
1704645146 42
1704645178 8
1704645210 32
1704645242 62
1704645274 29
1704645306 24
1704645338 18
1704645370 13
1704645402 15
1704645434 20
1704645466 16
1704645498 14
1704645530 15
1704645562 10
1704645594 7
1704645626 22
1704645658 10
1704645690 8



# Sketch: 12
1704645114 34
1704645146 22
1704645178 18
1704645210 10
1704645242 13
1704645274 22
1704645306 12
1704645338 16
1704645370 17
1704645402 28
1704645434 21
1704645466 16
1704645498 41
1704645530 25
1704645562 12
1704645594 14
1704645626 19
1704645658 18
1704645690 34



# Sketch: 13
1704645114 15
1704645146 17
1704645178 3
1704645210 6
1704645242 7
1704645274 12
1704645306 16
1704645338 8
1704645370 14
1704645402 10
1704645434 9
1704645466 6
1704645498 28
1704645530 13
1704645562 22
1704645594 9
1704645626 16
1704645658 9
1704645690 2



# Sketch: 14
1704645114 16
1704645146 22
1704645178 22
1704645210 29
1704645242 18
1704645274 6
1704645306 21
1704645338 16
1704645370 25
1704645402 14
1704645434 13
1704645466 9
1704645498 10
1704645530 15
1704645562 16
1704645594 18
1704645626 14
1704645658 18
1704645690 9



# Sketch: 15
1704645114 10
1704645146 19
1704645178 11
1704645210 8
1704645242 26
1704645274 10
1704645306 19
1704645338 28
1704645370 14
1704645402 7
1704645434 7
1704645466 24
1704645498 7
1704645530 16
1704645562 24
1704645594 13
1704645626 9
1704645658 7
1704645690 4



# Sketch: 16
1704645114 14
1704645146 19
1704645178 11
1704645210 24
1704645242 23
1704645274 23
1704645306 18
1704645338 16
1704645370 24
1704645402 10
1704645434 9
1704645466 12
1704645498 15
1704645530 14
1704645562 5
1704645594 13
1704645626 17
1704645658 17
1704645690 11



# Sketch: 17
1704645114 32
1704645146 9
1704645178 16
1704645210 8
1704645242 21
1704645274 19
1704645306 25
1704645338 19
1704645370 19
1704645402 11
1704645434 12
1704645466 19
1704645498 19
1704645530 15
1704645562 6
1704645594 29
1704645626 27
1704645658 12
1704645690 12



# Sketch: 18
1704645114 11
1704645146 13
1704645178 17
1704645210 3
1704645242 7
1704645274 14
1704645306 25
1704645338 18
1704645370 11
1704645402 14
1704645434 5
1704645466 6
1704645498 21
1704645530 18
1704645562 13
1704645594 16
1704645626 38
1704645658 6
1704645690 7



# Sketch: 19
1704645114 18
1704645146 52
1704645178 40
1704645210 11
1704645242 26
1704645274 9
1704645306 26
1704645338 12
1704645370 16
1704645402 31
1704645434 15
1704645466 56
1704645498 16
1704645530 20
1704645562 14
1704645594 14
1704645626 21
1704645658 10
1704645690 5



# Sketch: 20
1704645114 15
1704645146 18
1704645178 20
1704645210 20
1704645242 18
1704645274 10
1704645306 30
1704645338 22
1704645370 18
1704645402 31
1704645434 26
1704645466 17
1704645498 11
1704645530 33
1704645562 14
1704645594 9
1704645626 33
1704645658 22
1704645690 7



# Sketch: 21
1704645114 17
1704645146 11
1704645178 31
1704645210 26
1704645242 18
1704645274 10
1704645306 14
1704645338 7
1704645370 9
1704645402 20
1704645434 22
1704645466 21
1704645498 21
1704645530 13
1704645562 15
1704645594 12
1704645626 19
1704645658 10
1704645690 3



# Sketch: 22
1704645114 11
1704645146 18
1704645178 8
1704645210 18
1704645242 9
1704645274 15
1704645306 25
1704645338 8
1704645370 12
1704645402 10
1704645434 8
1704645466 7
1704645498 16
1704645530 7
1704645562 9
1704645594 11
1704645626 12
1704645658 10
1704645690 9



# Sketch: 23
1704645114 14
1704645146 11
1704645178 11
1704645210 5
1704645242 13
1704645274 14
1704645306 10
1704645338 11
1704645370 19
1704645402 20
1704645434 7
1704645466 16
1704645498 10
1704645530 18
1704645562 9
1704645594 18
1704645626 16
1704645658 7
1704645690 5



# Sketch: 24
1704645114 7
1704645146 14
1704645178 11
1704645210 15
1704645242 13
1704645274 18
1704645306 15
1704645338 8
1704645370 9
1704645402 31
1704645434 9
1704645466 13
1704645498 26
1704645530 27
1704645562 13
1704645594 17
1704645626 29
1704645658 6
1704645690 9



# Sketch: 25
1704645114 20
1704645146 8
1704645178 8
1704645210 8
1704645242 5
1704645274 11
1704645306 8
1704645338 22
1704645370 18
1704645402 7
1704645434 9
1704645466 25
1704645498 14
1704645530 13
1704645562 8
1704645594 26
1704645626 17
1704645658 11
1704645690 10



# Sketch: 26
1704645114 15
1704645146 17
1704645178 16
1704645210 10
1704645242 13
1704645274 14
1704645306 16
1704645338 17
1704645370 9
1704645402 13
1704645434 11
1704645466 13
1704645498 9
1704645530 7
1704645562 10
1704645594 18
1704645626 17
1704645658 15
1704645690 5



# Sketch: 27
1704645114 7
1704645146 9
1704645178 18
1704645210 12
1704645242 22
1704645274 10
1704645306 127
1704645338 228
1704645370 153
1704645402 42
1704645434 20
1704645466 10
1704645498 21
1704645530 7
1704645562 15
1704645594 16
1704645626 35
1704645658 11
1704645690 11



# Sketch: 28
1704645114 17
1704645146 18
1704645178 14
1704645210 19
1704645242 30
1704645274 16
1704645306 10
1704645338 17
1704645370 15
1704645402 14
1704645434 9
1704645466 17
1704645498 14
1704645530 15
1704645562 9
1704645594 20
1704645626 22
1704645658 7
1704645690 5



# Sketch: 29
1704645114 9
1704645146 17
1704645178 4
1704645210 5
1704645242 21
1704645274 7
1704645306 10
1704645338 5
1704645370 32
1704645402 5
1704645434 21
1704645466 20
1704645498 6
1704645530 13
1704645562 7
1704645594 20
1704645626 17
1704645658 9
1704645690 9



# Sketch: 30
1704645114 32
1704645146 14
1704645178 17
1704645210 1
1704645242 14
1704645274 24
1704645306 6
1704645338 15
1704645370 33
1704645402 29
1704645434 19
1704645466 23
1704645498 19
1704645530 9
1704645562 14
1704645594 16
1704645626 24
1704645658 12
1704645690 14



# Sketch: 31
1704645114 8
1704645146 9
1704645178 21
1704645210 12
1704645242 14
1704645274 12
1704645306 29
1704645338 14
1704645370 8
1704645402 16
1704645434 18
1704645466 8
1704645498 12
1704645530 11
1704645562 11
1704645594 13
1704645626 14
1704645658 13
1704645690 3

