

# Sketch: 0
1704645714 27
1704645778 39
1704645842 32
1704645906 42
1704645970 100
1704646034 61
1704646098 34
1704646162 60
1704646226 51
1704646290 12



# Sketch: 1
1704645714 39
1704645778 19
1704645842 20
1704645906 19
1704645970 30
1704646034 20
1704646098 24
1704646162 25
1704646226 19
1704646290 5



# Sketch: 2
1704645714 34
1704645778 42
1704645842 15
1704645906 10
1704645970 19
1704646034 21
1704646098 44
1704646162 25
1704646226 25
1704646290 8



# Sketch: 3
1704645714 22
1704645778 21
1704645842 59
1704645906 42
1704645970 28
1704646034 26
1704646098 29
1704646162 34
1704646226 29
1704646290 6



# Sketch: 4
1704645714 22
1704645778 27
1704645842 30
1704645906 42
1704645970 17
1704646034 24
1704646098 39
1704646162 35
1704646226 28
1704646290 13



# Sketch: 5
1704645714 38
1704645778 17
1704645842 33
1704645906 15
1704645970 25
1704646034 32
1704646098 35
1704646162 50
1704646226 23
1704646290 5



# Sketch: 6
1704645714 34
1704645778 18
1704645842 30
1704645906 20
1704645970 20
1704646034 28
1704646098 43
1704646162 24
1704646226 22
1704646290 3



# Sketch: 7
1704645714 38
1704645778 23
1704645842 20
1704645906 34
1704645970 39
1704646034 24
1704646098 22
1704646162 24
1704646226 33
1704646290 23



# Sketch: 8
1704645714 19
1704645778 26
1704645842 38
1704645906 21
1704645970 23
1704646034 29
1704646098 24
1704646162 38
1704646226 29
1704646290 7



# Sketch: 9
1704645714 37
1704645778 13
1704645842 22
1704645906 37
1704645970 25
1704646034 32
1704646098 27
1704646162 23
1704646226 26
1704646290 13



# Sketch: 10
1704645714 41
1704645778 21
1704645842 29
1704645906 14
1704645970 47
1704646034 31
1704646098 37
1704646162 45
1704646226 28
1704646290 2



# Sketch: 11
1704645714 18
1704645778 13
1704645842 45
1704645906 31
1704645970 37
1704646034 17
1704646098 23
1704646162 30
1704646226 21
1704646290 7



# Sketch: 12
1704645714 25
1704645778 30
1704645842 18
1704645906 31
1704645970 31
1704646034 29
1704646098 18
1704646162 47
1704646226 30
1704646290 15



# Sketch: 13
1704645714 26
1704645778 19
1704645842 33
1704645906 27
1704645970 18
1704646034 18
1704646098 17
1704646162 21
1704646226 17
1704646290 7



# Sketch: 14
1704645714 46
1704645778 45
1704645842 27
1704645906 33
1704645970 33
1704646034 27
1704646098 24
1704646162 66
1704646226 19
1704646290 6



# Sketch: 15
1704645714 28
1704645778 35
1704645842 29
1704645906 17
1704645970 23
1704646034 33
1704646098 29
1704646162 29
1704646226 15
1704646290 18



# Sketch: 16
1704645714 38
1704645778 33
1704645842 34
1704645906 44
1704645970 52
1704646034 35
1704646098 17
1704646162 32
1704646226 28
1704646290 13



# Sketch: 17
1704645714 33
1704645778 23
1704645842 20
1704645906 26
1704645970 54
1704646034 38
1704646098 23
1704646162 29
1704646226 25
1704646290 7



# Sketch: 18
1704645714 19
1704645778 36
1704645842 42
1704645906 66
1704645970 62
1704646034 71
1704646098 38
1704646162 36
1704646226 49
1704646290 17



# Sketch: 19
1704645714 35
1704645778 54
1704645842 53
1704645906 36
1704645970 21
1704646034 23
1704646098 36
1704646162 40
1704646226 31
1704646290 8



# Sketch: 20
1704645714 24
1704645778 32
1704645842 36
1704645906 19
1704645970 45
1704646034 35
1704646098 36
1704646162 38
1704646226 22
1704646290 13



# Sketch: 21
1704645714 18
1704645778 24
1704645842 24
1704645906 33
1704645970 27
1704646034 26
1704646098 27
1704646162 21
1704646226 25
1704646290 7



# Sketch: 22
1704645714 14
1704645778 16
1704645842 21
1704645906 36
1704645970 21
1704646034 32
1704646098 39
1704646162 15
1704646226 39
1704646290 14



# Sketch: 23
1704645714 26
1704645778 23
1704645842 17
1704645906 29
1704645970 31
1704646034 30
1704646098 33
1704646162 37
1704646226 30
1704646290 13



# Sketch: 24
1704645714 26
1704645778 19
1704645842 28
1704645906 12
1704645970 39
1704646034 17
1704646098 28
1704646162 41
1704646226 18
1704646290 7



# Sketch: 25
1704645714 55
1704645778 46
1704645842 33
1704645906 32
1704645970 67
1704646034 24
1704646098 20
1704646162 42
1704646226 36
1704646290 14



# Sketch: 26
1704645714 26
1704645778 21
1704645842 31
1704645906 21
1704645970 36
1704646034 31
1704646098 30
1704646162 29
1704646226 16
1704646290 8



# Sketch: 27
1704645714 52
1704645778 47
1704645842 28
1704645906 50
1704645970 47
1704646034 94
1704646098 38
1704646162 38
1704646226 32
1704646290 18



# Sketch: 28
1704645714 24
1704645778 56
1704645842 27
1704645906 24
1704645970 26
1704646034 16
1704646098 26
1704646162 36
1704646226 37
1704646290 10



# Sketch: 29
1704645714 26
1704645778 18
1704645842 15
1704645906 16
1704645970 27
1704646034 23
1704646098 31
1704646162 26
1704646226 11
1704646290 5



# Sketch: 30
1704645714 43
1704645778 44
1704645842 33
1704645906 30
1704645970 48
1704646034 26
1704646098 40
1704646162 33
1704646226 26
1704646290 14



# Sketch: 31
1704645714 17
1704645778 23
1704645842 25
1704645906 44
1704645970 45
1704646034 19
1704646098 23
1704646162 41
1704646226 46
1704646290 10

