

# Sketch: 0
0 0.806897
1 0.7134
2 0.698943
3 1.16375
4 0.38359
5 0.111551
6 0.260039
7 0.266241



# Sketch: 1
0 0.382171
1 0.356514
2 0.471278
3 0.398604
4 0.388562
5 0.331556
6 0.543501
7 1.96465



# Sketch: 2
0 0.886836
1 0.915774
2 0.736006
3 0.568368
4 0.174472
5 0.134289
6 0.00644114
7 0.637086



# Sketch: 3
0 0.314579
1 0.336024
2 0.201301
3 0.261713
4 0.845064
5 0.856129
6 0.390235
7 1.91425



# Sketch: 4
0 0.836723
1 0.815348
2 0.942247
3 0.960345
4 0.829227
5 0.801385
6 0.657049
7 0.61481



# Sketch: 5
0 1.27374
1 1.21361
2 1.12676
3 0.895322
4 0.710064
5 0.67005
6 0.504228
7 0.553023



# Sketch: 6
0 0.650268
1 0.611355
2 0.552261
3 0.729319
4 0.806905
5 0.813219
6 0.727866
7 0.677163



# Sketch: 7
0 1.06738
1 0.919512
2 0.818194
3 0.532413
4 0.4944
5 0.610205
6 0.649358
7 0.819366



# Sketch: 8
0 0.638686
1 0.584276
2 0.59853
3 0.686448
4 1.39199
5 0.696597
6 0.511017
7 0.635636



# Sketch: 9
0 0.434309
1 0.366035
2 0.347952
3 0.345099
4 0.336931
5 0.67208
6 0.450166
7 0.46944



# Sketch: 10
0 1.54881
1 1.23352
2 0.669165
3 0.510377
4 0.41878
5 0.450506
6 0.506296
7 0.0458208



# Sketch: 11
0 0.668383
1 0.589256
2 0.508083
3 0.303186
4 0.279646
5 0.214111
6 0.401661
7 0.542559



# Sketch: 12
0 0.501469
1 0.578804
2 0.717634
3 0.867812
4 0.908881
5 1.13303
6 1.60468
7 1.34515



# Sketch: 13
0 1.31655
1 1.30015
2 1.30969
3 1.09575
4 1.31798
5 1.3012
6 0.92644
7 1.11707



# Sketch: 14
0 1.08983
1 1.00157
2 1.12981
3 0.670124
4 0.579838
5 0.122417
6 0.781864
7 0.270802



# Sketch: 15
0 0.733313
1 0.67048
2 0.630471
3 0.599282
4 0.500551
5 0.466888
6 0.722921
7 0.662127



# Sketch: 16
0 0.587381
1 0.634022
2 0.441165
3 0.530471
4 0.655782
5 0.611618
6 0.575056
7 0.597741



# Sketch: 17
0 0.487909
1 0.409611
2 0.245256
3 0.380486
4 0.218367
5 0.195058
6 1.52469
7 0.861875



# Sketch: 18
0 0.55109
1 0.491366
2 0.437928
3 0.681374
4 0.563739
5 0.651467
6 0.606749
7 0.511608



# Sketch: 19
0 0.241197
1 0.34083
2 0.396308
3 0.215561
4 0.283713
5 0.250089
6 0.402208
7 0.44918



# Sketch: 20
0 0.721774
1 0.684156
2 0.809951
3 0.652947
4 0.541406
5 0.375703
6 0.471223
7 0.564614



# Sketch: 21
0 0.29742
1 0.408677
2 0.47597
3 0.300625
4 0.354706
5 0.397264
6 0.512127
7 0.443254



# Sketch: 22
0 1.25132
1 1.27761
2 1.11434
3 0.512211
4 0.32079
5 0.388618
6 0.265007
7 0.375334



# Sketch: 23
0 0.669782
1 1.10744
2 1.04826
3 1.2723
4 0.927433
5 1.42805
6 1.36339
7 1.47947



# Sketch: 24
0 1.70234
1 1.46663
2 1.30773
3 1.18075
4 0.975168
5 1.45536
6 1.6083
7 2.94677



# Sketch: 25
0 1.79276
1 1.46172
2 1.41806
3 1.46318
4 1.10271
5 1.07117
6 0.48217
7 0.33316



# Sketch: 26
0 0.68234
1 0.552199
2 0.704524
3 0.58914
4 0.676972
5 0.118677
6 0.386649
7 0.317693



# Sketch: 27
0 0.214623
1 0.440584
2 0.551213
3 0.791059
4 0.663566
5 0.602674
6 0.680491
7 0.501885



# Sketch: 28
0 0.818689
1 0.681897
2 0.630884
3 0.650925
4 0.699258
5 0.789551
6 0.712954
7 0.597199



# Sketch: 29
0 0.438828
1 0.569117
2 0.683672
3 0.590196
4 0.469394
5 0.597632
6 0.575168
7 0.560727



# Sketch: 30
0 2.80247
1 2.6865
2 2.1076
3 1.66699
4 1.26027
5 0.680731
6 0.320363
7 0.65091



# Sketch: 31
0 0.718883
1 0.69713
2 0.547627
3 0.597714
4 0.617409
5 1.14363
6 0.625939
7 0.543846

