

# Sketch: 0
1704646314 54
1704646442 63
1704646570 46
1704646698 39
1704646826 78



# Sketch: 1
1704646314 39
1704646442 51
1704646570 27
1704646698 37
1704646826 36



# Sketch: 2
1704646314 82
1704646442 40
1704646570 82
1704646698 41
1704646826 84



# Sketch: 3
1704646314 50
1704646442 36
1704646570 71
1704646698 45
1704646826 31



# Sketch: 4
1704646314 89
1704646442 75
1704646570 77
1704646698 82
1704646826 63



# Sketch: 5
1704646314 49
1704646442 31
1704646570 39
1704646698 31
1704646826 30



# Sketch: 6
1704646314 53
1704646442 59
1704646570 59
1704646698 47
1704646826 56



# Sketch: 7
1704646314 68
1704646442 60
1704646570 66
1704646698 60
1704646826 56



# Sketch: 8
1704646314 59
1704646442 54
1704646570 74
1704646698 72
1704646826 49



# Sketch: 9
1704646314 49
1704646442 39
1704646570 17
1704646698 34
1704646826 62



# Sketch: 10
1704646314 68
1704646442 90
1704646570 82
1704646698 79
1704646826 59



# Sketch: 11
1704646314 53
1704646442 51
1704646570 60
1704646698 48
1704646826 51



# Sketch: 12
1704646314 56
1704646442 34
1704646570 54
1704646698 58
1704646826 37



# Sketch: 13
1704646314 51
1704646442 53
1704646570 47
1704646698 51
1704646826 38



# Sketch: 14
1704646314 37
1704646442 56
1704646570 53
1704646698 48
1704646826 39



# Sketch: 15
1704646314 29
1704646442 57
1704646570 49
1704646698 37
1704646826 49



# Sketch: 16
1704646314 51
1704646442 40
1704646570 53
1704646698 92
1704646826 36



# Sketch: 17
1704646314 69
1704646442 71
1704646570 68
1704646698 54
1704646826 48



# Sketch: 18
1704646314 47
1704646442 37
1704646570 63
1704646698 64
1704646826 44



# Sketch: 19
1704646314 85
1704646442 87
1704646570 72
1704646698 84
1704646826 67



# Sketch: 20
1704646314 49
1704646442 52
1704646570 57
1704646698 37
1704646826 40



# Sketch: 21
1704646314 36
1704646442 56
1704646570 63
1704646698 52
1704646826 69



# Sketch: 22
1704646314 59
1704646442 67
1704646570 66
1704646698 51
1704646826 32



# Sketch: 23
1704646314 38
1704646442 66
1704646570 42
1704646698 36
1704646826 21



# Sketch: 24
1704646314 48
1704646442 32
1704646570 67
1704646698 43
1704646826 50



# Sketch: 25
1704646314 47
1704646442 64
1704646570 58
1704646698 62
1704646826 24



# Sketch: 26
1704646314 66
1704646442 93
1704646570 68
1704646698 88
1704646826 41



# Sketch: 27
1704646314 58
1704646442 30
1704646570 31
1704646698 38
1704646826 51



# Sketch: 28
1704646314 81
1704646442 34
1704646570 71
1704646698 43
1704646826 39



# Sketch: 29
1704646314 71
1704646442 40
1704646570 57
1704646698 51
1704646826 39



# Sketch: 30
1704646314 69
1704646442 64
1704646570 68
1704646698 77
1704646826 57



# Sketch: 31
1704646314 79
1704646442 52
1704646570 51
1704646698 73
1704646826 48

