

# Sketch: 0
1704646314 82
1704646442 74
1704646570 83
1704646698 62
1704646826 68



# Sketch: 1
1704646314 55
1704646442 48
1704646570 44
1704646698 50
1704646826 32



# Sketch: 2
1704646314 54
1704646442 32
1704646570 60
1704646698 63
1704646826 54



# Sketch: 3
1704646314 63
1704646442 69
1704646570 67
1704646698 47
1704646826 36



# Sketch: 4
1704646314 76
1704646442 68
1704646570 85
1704646698 63
1704646826 53



# Sketch: 5
1704646314 57
1704646442 51
1704646570 48
1704646698 51
1704646826 53



# Sketch: 6
1704646314 59
1704646442 60
1704646570 68
1704646698 49
1704646826 38



# Sketch: 7
1704646314 57
1704646442 70
1704646570 66
1704646698 55
1704646826 31



# Sketch: 8
1704646314 63
1704646442 49
1704646570 50
1704646698 60
1704646826 64



# Sketch: 9
1704646314 55
1704646442 49
1704646570 48
1704646698 72
1704646826 43



# Sketch: 10
1704646314 46
1704646442 58
1704646570 40
1704646698 35
1704646826 53



# Sketch: 11
1704646314 59
1704646442 68
1704646570 79
1704646698 73
1704646826 35



# Sketch: 12
1704646314 33
1704646442 49
1704646570 41
1704646698 65
1704646826 25



# Sketch: 13
1704646314 35
1704646442 46
1704646570 46
1704646698 25
1704646826 48



# Sketch: 14
1704646314 51
1704646442 57
1704646570 54
1704646698 48
1704646826 43



# Sketch: 15
1704646314 46
1704646442 39
1704646570 39
1704646698 36
1704646826 51



# Sketch: 16
1704646314 62
1704646442 39
1704646570 66
1704646698 32
1704646826 43



# Sketch: 17
1704646314 45
1704646442 46
1704646570 40
1704646698 35
1704646826 22



# Sketch: 18
1704646314 41
1704646442 45
1704646570 51
1704646698 34
1704646826 50



# Sketch: 19
1704646314 64
1704646442 62
1704646570 42
1704646698 58
1704646826 52



# Sketch: 20
1704646314 62
1704646442 55
1704646570 50
1704646698 48
1704646826 33



# Sketch: 21
1704646314 53
1704646442 60
1704646570 63
1704646698 47
1704646826 65



# Sketch: 22
1704646314 59
1704646442 48
1704646570 98
1704646698 71
1704646826 44



# Sketch: 23
1704646314 47
1704646442 42
1704646570 58
1704646698 48
1704646826 46



# Sketch: 24
1704646314 72
1704646442 65
1704646570 70
1704646698 63
1704646826 101



# Sketch: 25
1704646314 60
1704646442 48
1704646570 51
1704646698 61
1704646826 42



# Sketch: 26
1704646314 54
1704646442 34
1704646570 46
1704646698 70
1704646826 43



# Sketch: 27
1704646314 84
1704646442 74
1704646570 93
1704646698 74
1704646826 70



# Sketch: 28
1704646314 69
1704646442 46
1704646570 46
1704646698 41
1704646826 47



# Sketch: 29
1704646314 39
1704646442 93
1704646570 56
1704646698 74
1704646826 44



# Sketch: 30
1704646314 73
1704646442 60
1704646570 63
1704646698 101
1704646826 55



# Sketch: 31
1704646314 64
1704646442 30
1704646570 47
1704646698 43
1704646826 40

