

# Sketch: 0
0 1.00171
1 0.715626
2 0.855605
3 0.734361
4 0.825414
5 0.277027
6 0.472454
7 0.831296



# Sketch: 1
0 0.210175
1 0.287978
2 0.373217
3 0.24345
4 0.362992
5 0.45844
6 1.13912
7 0.562977



# Sketch: 2
0 0.831707
1 0.803522
2 0.814847
3 1.09574
4 0.843111
5 0.786392
6 1.14685
7 0.842726



# Sketch: 3
0 0.314614
1 0.308446
2 0.338067
3 0.336568
4 0.352841
5 0.424243
6 0.335379
7 0.627909



# Sketch: 4
0 0.877735
1 0.77188
2 0.677923
3 0.499972
4 0.840435
5 1.23556
6 1.42403
7 0.315286



# Sketch: 5
0 0.68428
1 0.601827
2 0.61566
3 0.569902
4 0.507713
5 0.435833
6 0.430701
7 0.337115



# Sketch: 6
0 0.523005
1 0.512427
2 0.511896
3 0.534127
4 0.536892
5 0.458044
6 0.542349
7 0.559366



# Sketch: 7
0 0.29117
1 0.468579
2 0.445552
3 0.990872
4 0.73753
5 0.698224
6 0.446241
7 0.537639



# Sketch: 8
0 0.927173
1 0.930055
2 0.869123
3 0.826392
4 0.710429
5 0.730457
6 1.33829
7 1.16786



# Sketch: 9
0 0.345636
1 0.247288
2 0.261355
3 0.453335
4 0.607029
5 0.321322
6 0.378272
7 0.742778



# Sketch: 10
0 1.81222
1 1.69818
2 1.46183
3 1.10765
4 0.932564
5 2.38742
6 1.86801
7 1.06119



# Sketch: 11
0 0.32033
1 0.451779
2 0.651088
3 0.824855
4 0.666444
5 0.339448
6 0.393535
7 0.894584



# Sketch: 12
0 0.62329
1 0.573034
2 0.626307
3 0.53409
4 0.5895
5 0.102432
6 0.0848465
7 0.221389



# Sketch: 13
0 0.585366
1 0.616256
2 0.827725
3 0.62206
4 0.343514
5 0.768783
6 0.484152
7 0.953627



# Sketch: 14
0 0.86192
1 0.720104
2 0.525902
3 0.477779
4 0.397509
5 0.367316
6 0.391959
7 0.823362



# Sketch: 15
0 1.08449
1 1.07477
2 1.07368
3 1.07904
4 0.965036
5 0.66399
6 0.776221
7 0.345863



# Sketch: 16
0 1.08697
1 1.03747
2 1.03239
3 1.05699
4 0.932693
5 0.650796
6 0.761058
7 0.315248



# Sketch: 17
0 1.59099
1 1.685
2 1.60408
3 0.896293
4 0.332364
5 0.509306
6 0.387287
7 0.875508



# Sketch: 18
0 1.79936
1 1.7864
2 1.26917
3 1.03456
4 1.00721
5 1.49323
6 0.749546
7 1.69338



# Sketch: 19
0 0.812421
1 0.8061
2 0.820365
3 0.750951
4 0.638171
5 0.671459
6 0.542808
7 1.00913



# Sketch: 20
0 0.859447
1 1.04622
2 0.981007
3 0.678252
4 0.642495
5 0.102726
6 0.0195495
7 0.994285



# Sketch: 21
0 0.551117
1 0.694622
2 0.856008
3 0.952844
4 1.19836
5 1.79669
6 0.502938
7 0.972217



# Sketch: 22
0 0.820136
1 0.786712
2 0.612859
3 0.531035
4 0.478163
5 0.50986
6 0.411376
7 1.111



# Sketch: 23
0 1.35615
1 1.2381
2 1.17047
3 1.02994
4 0.890657
5 0.979801
6 0.228374
7 0.695129



# Sketch: 24
0 1.35656
1 0.990447
2 0.493779
3 0.998084
4 0.528537
5 1.09602
6 0.534156
7 0.833491



# Sketch: 25
0 0.576533
1 0.659026
2 0.59797
3 0.568454
4 0.642219
5 0.414671
6 0.447241
7 0.576535



# Sketch: 26
0 1.08811
1 0.761212
2 0.562898
3 0.538231
4 0.281728
5 0.356962
6 0.563607
7 4.32633



# Sketch: 27
0 0.735006
1 0.691843
2 0.646111
3 0.633364
4 0.55528
5 0.5454
6 0.535831
7 1.11889



# Sketch: 28
0 1.3243
1 1.54719
2 2.2518
3 1.79031
4 1.54694
5 1.05009
6 1.12159
7 1.18414



# Sketch: 29
0 0.694747
1 0.695582
2 0.765203
3 0.846042
4 0.552918
5 0.632947
6 0.600215
7 0.716046



# Sketch: 30
0 0.610628
1 0.518888
2 0.553689
3 0.377742
4 0.348188
5 0.5044
6 0.445531
7 0.777549



# Sketch: 31
0 0.932924
1 0.980849
2 1.04741
3 0.971552
4 0.456384
5 0.386578
6 0.0918891
7 0.530019

