

# Sketch: 0
0 0.346443
1 0.36411
2 0.390479
3 0.481182
4 0.352297
5 0.773116
6 0.325763
7 0.451566



# Sketch: 1
0 0.736124
1 0.905305
2 0.953796
3 1.246
4 1.61997
5 1.39609
6 0.530064
7 0.375639



# Sketch: 2
0 0.560086
1 0.690787
2 1.12658
3 1.4461
4 1.98118
5 0.847336
6 1.32303
7 1.48408



# Sketch: 3
0 0.641908
1 0.27317
2 0.0479196
3 0.043249
4 0.268547
5 0.244337
6 1.39887
7 0.363813



# Sketch: 4
0 1.96814
1 1.67117
2 1.58407
3 1.32003
4 0.886719
5 1.53982
6 0.581013
7 1.70531



# Sketch: 5
0 0.795479
1 0.858738
2 0.783968
3 0.674746
4 0.520609
5 0.606938
6 0.494675
7 0.592642



# Sketch: 6
0 0.518738
1 0.368207
2 0.369828
3 0.254487
4 0.196338
5 0.0565223
6 0.23147
7 1.24552



# Sketch: 7
0 0.500238
1 0.473126
2 0.656522
3 0.923307
4 0.910968
5 0.650283
6 1.6987
7 0.43564



# Sketch: 8
0 0.501777
1 0.326664
2 0.396688
3 0.320911
4 0.303361
5 0.832433
6 0.307974
7 0.458151



# Sketch: 9
0 0.829551
1 0.837339
2 0.771336
3 0.729842
4 0.634268
5 0.610703
6 0.773479
7 0.641751



# Sketch: 10
0 0.351923
1 0.373926
2 0.381859
3 0.349151
4 0.356772
5 0.393167
6 0.531518
7 0.479609



# Sketch: 11
0 2.32942
1 1.66594
2 0.97114
3 0.780059
4 0.634903
5 0.526878
6 0.55953
7 0.515812



# Sketch: 12
0 0.516495
1 0.408682
2 0.381407
3 0.479828
4 0.423412
5 0.623889
6 0.703118
7 0.466525



# Sketch: 13
0 0.40966
1 0.73893
2 0.853794
3 1.19977
4 1.6341
5 3.04338
6 3.04578
7 1.81961



# Sketch: 14
0 0.653671
1 0.804636
2 0.752952
3 0.722228
4 0.660921
5 0.621133
6 0.408482
7 0.46953



# Sketch: 15
0 0.565888
1 1.27926
2 1.60312
3 1.41989
4 0.798816
5 0.812935
6 0.579105
7 1.23725



# Sketch: 16
0 1.13537
1 0.955934
2 0.782989
3 0.577841
4 1.15299
5 0.771025
6 0.554888
7 0.15499



# Sketch: 17
0 0.621498
1 0.620947
2 0.590713
3 0.566156
4 0.470181
5 0.425728
6 0.595221
7 0.568431



# Sketch: 18
0 0.945693
1 0.967894
2 0.902496
3 0.884779
4 0.717576
5 0.68271
6 0.848024
7 0.859838



# Sketch: 19
0 0.740205
1 0.689619
2 0.619121
3 0.638422
4 0.557065
5 0.451735
6 1.30448
7 0.573556



# Sketch: 20
0 1.08239
1 0.93977
2 0.832514
3 0.501508
4 0.365349
5 0.234351
6 0.0646342
7 0.246148



# Sketch: 21
0 0.851212
1 0.867268
2 0.811286
3 0.793789
4 0.833671
5 0.834852
6 0.75144
7 0.844972



# Sketch: 22
0 0.854311
1 0.87266
2 0.820032
3 0.820879
4 0.766985
5 0.835906
6 0.855867
7 0.640812



# Sketch: 23
0 0.209384
1 0.185313
2 0.49598
3 0.661046
4 0.6254
5 0.0773889
6 0.341304
7 1.93774



# Sketch: 24
0 0.620729
1 0.625619
2 0.568066
3 0.552486
4 0.514115
5 0.752405
6 0.370742
7 0.546873



# Sketch: 25
0 1.467
1 1.32234
2 1.0602
3 0.873955
4 0.656222
5 0.708217
6 0.368214
7 1.57458



# Sketch: 26
0 0.451296
1 0.480506
2 0.434935
3 0.5769
4 0.391453
5 0.324677
6 0.478829
7 0.495443



# Sketch: 27
0 0.421997
1 0.528639
2 0.378376
3 0.347501
4 0.329683
5 0.379655
6 0.437575
7 0.718295



# Sketch: 28
0 0.661649
1 0.664316
2 0.617501
3 0.656163
4 0.614976
5 0.646446
6 0.516466
7 1.08077



# Sketch: 29
0 1.50327
1 1.38947
2 1.25763
3 0.986033
4 0.454174
5 0.490942
6 0.561057
7 0.363307



# Sketch: 30
0 0.946568
1 1.0888
2 0.825341
3 0.742729
4 0.737095
5 0.754465
6 0.431274
7 0.600069



# Sketch: 31
0 0.546079
1 0.709505
2 0.710142
3 1.36469
4 1.18176
5 0.852542
6 0.543107
7 0.27144

