

# Sketch: 0
1704568314 65
1704568442 75
1704568570 55
1704568698 60
1704568826 65



# Sketch: 1
1704568314 72
1704568442 72
1704568570 56
1704568698 69
1704568826 40



# Sketch: 2
1704568314 56
1704568442 83
1704568570 101
1704568698 83
1704568826 41



# Sketch: 3
1704568314 47
1704568442 57
1704568570 46
1704568698 57
1704568826 23



# Sketch: 4
1704568314 41
1704568442 35
1704568570 78
1704568698 41
1704568826 28



# Sketch: 5
1704568314 38
1704568442 67
1704568570 75
1704568698 54
1704568826 75



# Sketch: 6
1704568314 34
1704568442 75
1704568570 50
1704568698 68
1704568826 33



# Sketch: 7
1704568314 43
1704568442 33
1704568570 55
1704568698 125
1704568826 37



# Sketch: 8
1704568314 56
1704568442 50
1704568570 48
1704568698 48
1704568826 59



# Sketch: 9
1704568314 27
1704568442 49
1704568570 58
1704568698 64
1704568826 57



# Sketch: 10
1704568314 60
1704568442 92
1704568570 109
1704568698 97
1704568826 61



# Sketch: 11
1704568314 80
1704568442 56
1704568570 76
1704568698 68
1704568826 36



# Sketch: 12
1704568314 44
1704568442 77
1704568570 61
1704568698 82
1704568826 47



# Sketch: 13
1704568314 74
1704568442 77
1704568570 56
1704568698 82
1704568826 46



# Sketch: 14
1704568314 73
1704568442 62
1704568570 68
1704568698 85
1704568826 31



# Sketch: 15
1704568314 52
1704568442 48
1704568570 61
1704568698 56
1704568826 29



# Sketch: 16
1704568314 60
1704568442 56
1704568570 46
1704568698 66
1704568826 47



# Sketch: 17
1704568314 65
1704568442 49
1704568570 155
1704568698 38
1704568826 52



# Sketch: 18
1704568314 44
1704568442 41
1704568570 51
1704568698 51
1704568826 53



# Sketch: 19
1704568314 106
1704568442 47
1704568570 52
1704568698 67
1704568826 25



# Sketch: 20
1704568314 39
1704568442 54
1704568570 40
1704568698 66
1704568826 32



# Sketch: 21
1704568314 57
1704568442 49
1704568570 63
1704568698 73
1704568826 65



# Sketch: 22
1704568314 63
1704568442 59
1704568570 69
1704568698 58
1704568826 49



# Sketch: 23
1704568314 42
1704568442 62
1704568570 74
1704568698 68
1704568826 46



# Sketch: 24
1704568314 81
1704568442 121
1704568570 187
1704568698 96
1704568826 53



# Sketch: 25
1704568314 79
1704568442 47
1704568570 61
1704568698 74
1704568826 37



# Sketch: 26
1704568314 72
1704568442 90
1704568570 66
1704568698 105
1704568826 50



# Sketch: 27
1704568314 71
1704568442 46
1704568570 60
1704568698 79
1704568826 39



# Sketch: 28
1704568314 31
1704568442 33
1704568570 33
1704568698 70
1704568826 18



# Sketch: 29
1704568314 36
1704568442 78
1704568570 50
1704568698 88
1704568826 33



# Sketch: 30
1704568314 52
1704568442 57
1704568570 61
1704568698 61
1704568826 40



# Sketch: 31
1704568314 20
1704568442 40
1704568570 60
1704568698 72
1704568826 30

