

# Sketch: 0
1704568314 28
1704568378 32
1704568442 20
1704568506 23
1704568570 29
1704568634 41
1704568698 45
1704568762 23
1704568826 32
1704568890 5



# Sketch: 1
1704568314 26
1704568378 42
1704568442 27
1704568506 56
1704568570 76
1704568634 59
1704568698 47
1704568762 30
1704568826 87
1704568890 14



# Sketch: 2
1704568314 29
1704568378 17
1704568442 15
1704568506 29
1704568570 32
1704568634 23
1704568698 61
1704568762 39
1704568826 16
1704568890 12



# Sketch: 3
1704568314 29
1704568378 21
1704568442 20
1704568506 19
1704568570 33
1704568634 31
1704568698 32
1704568762 22
1704568826 29
1704568890 8



# Sketch: 4
1704568314 30
1704568378 16
1704568442 19
1704568506 15
1704568570 50
1704568634 40
1704568698 46
1704568762 27
1704568826 44
1704568890 13



# Sketch: 5
1704568314 18
1704568378 53
1704568442 18
1704568506 63
1704568570 65
1704568634 39
1704568698 44
1704568762 20
1704568826 63
1704568890 10



# Sketch: 6
1704568314 22
1704568378 33
1704568442 25
1704568506 20
1704568570 26
1704568634 21
1704568698 18
1704568762 25
1704568826 17
1704568890 14



# Sketch: 7
1704568314 43
1704568378 29
1704568442 16
1704568506 41
1704568570 27
1704568634 31
1704568698 38
1704568762 32
1704568826 33
1704568890 7



# Sketch: 8
1704568314 27
1704568378 16
1704568442 20
1704568506 18
1704568570 18
1704568634 23
1704568698 39
1704568762 32
1704568826 33
1704568890 12



# Sketch: 9
1704568314 28
1704568378 16
1704568442 24
1704568506 9
1704568570 31
1704568634 25
1704568698 26
1704568762 29
1704568826 34
1704568890 8



# Sketch: 10
1704568314 31
1704568378 17
1704568442 25
1704568506 32
1704568570 27
1704568634 20
1704568698 36
1704568762 57
1704568826 18
1704568890 14



# Sketch: 11
1704568314 40
1704568378 20
1704568442 29
1704568506 31
1704568570 39
1704568634 30
1704568698 18
1704568762 32
1704568826 26
1704568890 15



# Sketch: 12
1704568314 45
1704568378 20
1704568442 46
1704568506 62
1704568570 43
1704568634 32
1704568698 138
1704568762 30
1704568826 14
1704568890 20



# Sketch: 13
1704568314 23
1704568378 28
1704568442 34
1704568506 22
1704568570 22
1704568634 30
1704568698 28
1704568762 22
1704568826 31
1704568890 4



# Sketch: 14
1704568314 44
1704568378 17
1704568442 68
1704568506 49
1704568570 30
1704568634 37
1704568698 44
1704568762 59
1704568826 49
1704568890 11



# Sketch: 15
1704568314 26
1704568378 23
1704568442 22
1704568506 27
1704568570 27
1704568634 11
1704568698 16
1704568762 12
1704568826 18
1704568890 3



# Sketch: 16
1704568314 25
1704568378 11
1704568442 26
1704568506 32
1704568570 53
1704568634 26
1704568698 24
1704568762 31
1704568826 32
1704568890 9



# Sketch: 17
1704568314 31
1704568378 20
1704568442 41
1704568506 32
1704568570 29
1704568634 26
1704568698 34
1704568762 30
1704568826 37
1704568890 9



# Sketch: 18
1704568314 25
1704568378 12
1704568442 54
1704568506 39
1704568570 20
1704568634 15
1704568698 34
1704568762 37
1704568826 55
1704568890 12



# Sketch: 19
1704568314 34
1704568378 50
1704568442 43
1704568506 30
1704568570 69
1704568634 45
1704568698 36
1704568762 59
1704568826 33
1704568890 6



# Sketch: 20
1704568314 18
1704568378 35
1704568442 34
1704568506 67
1704568570 84
1704568634 29
1704568698 57
1704568762 45
1704568826 35
1704568890 24



# Sketch: 21
1704568314 38
1704568378 22
1704568442 40
1704568506 26
1704568570 31
1704568634 43
1704568698 20
1704568762 21
1704568826 31
1704568890 8



# Sketch: 22
1704568314 24
1704568378 24
1704568442 21
1704568506 16
1704568570 23
1704568634 95
1704568698 26
1704568762 26
1704568826 20
1704568890 7



# Sketch: 23
1704568314 65
1704568378 37
1704568442 41
1704568506 28
1704568570 62
1704568634 30
1704568698 37
1704568762 48
1704568826 24
1704568890 6



# Sketch: 24
1704568314 29
1704568378 18
1704568442 24
1704568506 27
1704568570 33
1704568634 14
1704568698 47
1704568762 29
1704568826 14
1704568890 7



# Sketch: 25
1704568314 22
1704568378 20
1704568442 30
1704568506 20
1704568570 27
1704568634 20
1704568698 18
1704568762 43
1704568826 38
1704568890 28



# Sketch: 26
1704568314 24
1704568378 35
1704568442 24
1704568506 21
1704568570 19
1704568634 32
1704568698 38
1704568762 24
1704568826 21
1704568890 10



# Sketch: 27
1704568314 34
1704568378 19
1704568442 32
1704568506 19
1704568570 23
1704568634 35
1704568698 34
1704568762 49
1704568826 19
1704568890 11



# Sketch: 28
1704568314 57
1704568378 24
1704568442 34
1704568506 23
1704568570 25
1704568634 33
1704568698 22
1704568762 62
1704568826 44
1704568890 11



# Sketch: 29
1704568314 22
1704568378 13
1704568442 42
1704568506 33
1704568570 27
1704568634 22
1704568698 47
1704568762 14
1704568826 29
1704568890 4



# Sketch: 30
1704568314 22
1704568378 28
1704568442 35
1704568506 28
1704568570 33
1704568634 22
1704568698 31
1704568762 24
1704568826 23
1704568890 7



# Sketch: 31
1704568314 30
1704568378 23
1704568442 13
1704568506 18
1704568570 34
1704568634 34
1704568698 32
1704568762 25
1704568826 42
1704568890 7

