

# Sketch: 0
1704568314 14
1704568346 10
1704568378 7
1704568410 36
1704568442 14
1704568474 19
1704568506 18
1704568538 14
1704568570 22
1704568602 17
1704568634 20
1704568666 17
1704568698 29
1704568730 29
1704568762 11
1704568794 22
1704568826 11
1704568858 19
1704568890 10



# Sketch: 1
1704568314 13
1704568346 14
1704568378 14
1704568410 10
1704568442 43
1704568474 16
1704568506 4
1704568538 19
1704568570 12
1704568602 15
1704568634 4
1704568666 18
1704568698 17
1704568730 21
1704568762 14
1704568794 20
1704568826 23
1704568858 27
1704568890 9



# Sketch: 2
1704568314 19
1704568346 6
1704568378 25
1704568410 14
1704568442 21
1704568474 19
1704568506 22
1704568538 27
1704568570 15
1704568602 44
1704568634 38
1704568666 26
1704568698 19
1704568730 24
1704568762 17
1704568794 44
1704568826 13
1704568858 36
1704568890 7



# Sketch: 3
1704568314 17
1704568346 35
1704568378 9
1704568410 9
1704568442 14
1704568474 15
1704568506 7
1704568538 4
1704568570 20
1704568602 17
1704568634 15
1704568666 6
1704568698 9
1704568730 12
1704568762 7
1704568794 20
1704568826 19
1704568858 49
1704568890 7



# Sketch: 4
1704568314 10
1704568346 6
1704568378 9
1704568410 6
1704568442 6
1704568474 11
1704568506 8
1704568538 18
1704568570 15
1704568602 6
1704568634 13
1704568666 15
1704568698 9
1704568730 15
1704568762 6
1704568794 10
1704568826 20
1704568858 26
1704568890 14



# Sketch: 5
1704568314 17
1704568346 15
1704568378 7
1704568410 14
1704568442 11
1704568474 22
1704568506 9
1704568538 23
1704568570 19
1704568602 20
1704568634 13
1704568666 20
1704568698 22
1704568730 8
1704568762 12
1704568794 19
1704568826 13
1704568858 14
1704568890 1



# Sketch: 6
1704568314 31
1704568346 12
1704568378 7
1704568410 8
1704568442 20
1704568474 18
1704568506 17
1704568538 12
1704568570 17
1704568602 19
1704568634 17
1704568666 14
1704568698 30
1704568730 12
1704568762 13
1704568794 33
1704568826 5
1704568858 21
1704568890 9



# Sketch: 7
1704568314 12
1704568346 19
1704568378 7
1704568410 14
1704568442 8
1704568474 5
1704568506 9
1704568538 10
1704568570 14
1704568602 22
1704568634 5
1704568666 16
1704568698 19
1704568730 20
1704568762 9
1704568794 25
1704568826 19
1704568858 11
1704568890 7



# Sketch: 8
1704568314 17
1704568346 7
1704568378 10
1704568410 11
1704568442 6
1704568474 25
1704568506 5
1704568538 8
1704568570 7
1704568602 9
1704568634 6
1704568666 8
1704568698 17
1704568730 20
1704568762 14
1704568794 27
1704568826 29
1704568858 9
1704568890 13



# Sketch: 9
1704568314 15
1704568346 10
1704568378 3
1704568410 15
1704568442 13
1704568474 10
1704568506 16
1704568538 20
1704568570 8
1704568602 11
1704568634 9
1704568666 16
1704568698 15
1704568730 31
1704568762 14
1704568794 12
1704568826 10
1704568858 25
1704568890 9



# Sketch: 10
1704568314 9
1704568346 13
1704568378 3
1704568410 9
1704568442 5
1704568474 14
1704568506 10
1704568538 9
1704568570 9
1704568602 32
1704568634 7
1704568666 10
1704568698 77
1704568730 23
1704568762 16
1704568794 23
1704568826 33
1704568858 22
1704568890 13



# Sketch: 11
1704568314 11
1704568346 19
1704568378 12
1704568410 19
1704568442 12
1704568474 36
1704568506 18
1704568538 18
1704568570 22
1704568602 28
1704568634 10
1704568666 12
1704568698 17
1704568730 17
1704568762 18
1704568794 19
1704568826 5
1704568858 19
1704568890 8



# Sketch: 12
1704568314 18
1704568346 30
1704568378 26
1704568410 13
1704568442 10
1704568474 18
1704568506 21
1704568538 34
1704568570 25
1704568602 52
1704568634 28
1704568666 29
1704568698 13
1704568730 24
1704568762 20
1704568794 18
1704568826 10
1704568858 32
1704568890 15



# Sketch: 13
1704568314 28
1704568346 14
1704568378 31
1704568410 6
1704568442 12
1704568474 29
1704568506 26
1704568538 49
1704568570 32
1704568602 56
1704568634 37
1704568666 28
1704568698 12
1704568730 21
1704568762 31
1704568794 20
1704568826 4
1704568858 38
1704568890 10



# Sketch: 14
1704568314 13
1704568346 8
1704568378 8
1704568410 16
1704568442 10
1704568474 10
1704568506 9
1704568538 15
1704568570 40
1704568602 10
1704568634 8
1704568666 19
1704568698 18
1704568730 46
1704568762 11
1704568794 22
1704568826 16
1704568858 10
1704568890 10



# Sketch: 15
1704568314 13
1704568346 4
1704568378 7
1704568410 6
1704568442 21
1704568474 7
1704568506 12
1704568538 5
1704568570 20
1704568602 18
1704568634 9
1704568666 14
1704568698 24
1704568730 15
1704568762 6
1704568794 20
1704568826 8
1704568858 11
1704568890 10



# Sketch: 16
1704568314 13
1704568346 40
1704568378 6
1704568410 15
1704568442 11
1704568474 38
1704568506 22
1704568538 49
1704568570 10
1704568602 12
1704568634 5
1704568666 17
1704568698 61
1704568730 14
1704568762 9
1704568794 30
1704568826 18
1704568858 14
1704568890 29



# Sketch: 17
1704568314 8
1704568346 9
1704568378 7
1704568410 10
1704568442 7
1704568474 9
1704568506 8
1704568538 9
1704568570 5
1704568602 12
1704568634 7
1704568666 13
1704568698 16
1704568730 12
1704568762 19
1704568794 7
1704568826 6
1704568858 11
1704568890 6



# Sketch: 18
1704568314 14
1704568346 19
1704568378 2
1704568410 18
1704568442 16
1704568474 8
1704568506 9
1704568538 8
1704568570 22
1704568602 9
1704568634 9
1704568666 15
1704568698 14
1704568730 36
1704568762 7
1704568794 16
1704568826 17
1704568858 9
1704568890 11



# Sketch: 19
1704568314 12
1704568346 6
1704568378 6
1704568410 10
1704568442 9
1704568474 17
1704568506 20
1704568538 12
1704568570 19
1704568602 7
1704568634 7
1704568666 16
1704568698 11
1704568730 14
1704568762 21
1704568794 20
1704568826 16
1704568858 9
1704568890 14



# Sketch: 20
1704568314 18
1704568346 14
1704568378 12
1704568410 5
1704568442 6
1704568474 3
1704568506 25
1704568538 17
1704568570 10
1704568602 22
1704568634 14
1704568666 14
1704568698 19
1704568730 18
1704568762 18
1704568794 9
1704568826 4
1704568858 12
1704568890 7



# Sketch: 21
1704568314 9
1704568346 20
1704568378 14
1704568410 5
1704568442 11
1704568474 10
1704568506 12
1704568538 15
1704568570 13
1704568602 8
1704568634 6
1704568666 17
1704568698 19
1704568730 16
1704568762 21
1704568794 29
1704568826 6
1704568858 10
1704568890 11



# Sketch: 22
1704568314 19
1704568346 7
1704568378 11
1704568410 27
1704568442 19
1704568474 12
1704568506 18
1704568538 16
1704568570 21
1704568602 12
1704568634 17
1704568666 11
1704568698 13
1704568730 13
1704568762 10
1704568794 12
1704568826 17
1704568858 24
1704568890 6



# Sketch: 23
1704568314 21
1704568346 20
1704568378 22
1704568410 15
1704568442 21
1704568474 17
1704568506 27
1704568538 11
1704568570 30
1704568602 20
1704568634 9
1704568666 25
1704568698 15
1704568730 8
1704568762 17
1704568794 14
1704568826 20
1704568858 29
1704568890 16



# Sketch: 24
1704568314 24
1704568346 14
1704568378 11
1704568410 17
1704568442 5
1704568474 22
1704568506 16
1704568538 15
1704568570 10
1704568602 34
1704568634 19
1704568666 17
1704568698 20
1704568730 21
1704568762 13
1704568794 15
1704568826 13
1704568858 11
1704568890 9



# Sketch: 25
1704568314 21
1704568346 14
1704568378 9
1704568410 20
1704568442 31
1704568474 33
1704568506 22
1704568538 17
1704568570 27
1704568602 25
1704568634 18
1704568666 16
1704568698 13
1704568730 9
1704568762 10
1704568794 24
1704568826 22
1704568858 3
1704568890 19



# Sketch: 26
1704568314 7
1704568346 16
1704568378 4
1704568410 8
1704568442 6
1704568474 13
1704568506 13
1704568538 12
1704568570 9
1704568602 17
1704568634 6
1704568666 26
1704568698 17
1704568730 15
1704568762 7
1704568794 11
1704568826 9
1704568858 18
1704568890 7



# Sketch: 27
1704568314 11
1704568346 15
1704568378 9
1704568410 17
1704568442 13
1704568474 17
1704568506 13
1704568538 10
1704568570 10
1704568602 17
1704568634 13
1704568666 17
1704568698 13
1704568730 10
1704568762 6
1704568794 15
1704568826 15
1704568858 10
1704568890 7



# Sketch: 28
1704568314 20
1704568346 12
1704568378 16
1704568410 9
1704568442 16
1704568474 9
1704568506 10
1704568538 11
1704568570 21
1704568602 16
1704568634 9
1704568666 16
1704568698 17
1704568730 9
1704568762 14
1704568794 24
1704568826 12
1704568858 24
1704568890 14



# Sketch: 29
1704568314 43
1704568346 15
1704568378 10
1704568410 28
1704568442 14
1704568474 12
1704568506 16
1704568538 8
1704568570 15
1704568602 15
1704568634 33
1704568666 65
1704568698 17
1704568730 8
1704568762 16
1704568794 24
1704568826 13
1704568858 15
1704568890 6



# Sketch: 30
1704568314 10
1704568346 12
1704568378 24
1704568410 12
1704568442 3
1704568474 17
1704568506 10
1704568538 12
1704568570 16
1704568602 8
1704568634 16
1704568666 8
1704568698 14
1704568730 9
1704568762 12
1704568794 7
1704568826 10
1704568858 13
1704568890 13



# Sketch: 31
1704568314 13
1704568346 14
1704568378 11
1704568410 10
1704568442 17
1704568474 20
1704568506 10
1704568538 6
1704568570 11
1704568602 11
1704568634 10
1704568666 16
1704568698 26
1704568730 11
1704568762 8
1704568794 20
1704568826 13
1704568858 11
1704568890 9

