

# Sketch: 0
1704568914 37
1704569042 69
1704569170 65
1704569298 57
1704569426 34



# Sketch: 1
1704568914 39
1704569042 56
1704569170 64
1704569298 61
1704569426 32



# Sketch: 2
1704568914 42
1704569042 42
1704569170 52
1704569298 44
1704569426 41



# Sketch: 3
1704568914 54
1704569042 55
1704569170 73
1704569298 90
1704569426 32



# Sketch: 4
1704568914 85
1704569042 59
1704569170 54
1704569298 48
1704569426 39



# Sketch: 5
1704568914 59
1704569042 65
1704569170 83
1704569298 76
1704569426 22



# Sketch: 6
1704568914 73
1704569042 43
1704569170 51
1704569298 77
1704569426 23



# Sketch: 7
1704568914 50
1704569042 59
1704569170 65
1704569298 48
1704569426 49



# Sketch: 8
1704568914 64
1704569042 65
1704569170 57
1704569298 94
1704569426 81



# Sketch: 9
1704568914 57
1704569042 55
1704569170 43
1704569298 83
1704569426 27



# Sketch: 10
1704568914 122
1704569042 84
1704569170 73
1704569298 89
1704569426 49



# Sketch: 11
1704568914 38
1704569042 60
1704569170 42
1704569298 38
1704569426 56



# Sketch: 12
1704568914 55
1704569042 52
1704569170 100
1704569298 49
1704569426 27



# Sketch: 13
1704568914 89
1704569042 76
1704569170 91
1704569298 75
1704569426 38



# Sketch: 14
1704568914 54
1704569042 117
1704569170 96
1704569298 71
1704569426 65



# Sketch: 15
1704568914 50
1704569042 53
1704569170 81
1704569298 72
1704569426 32



# Sketch: 16
1704568914 71
1704569042 43
1704569170 74
1704569298 85
1704569426 42



# Sketch: 17
1704568914 57
1704569042 49
1704569170 42
1704569298 107
1704569426 51



# Sketch: 18
1704568914 55
1704569042 40
1704569170 54
1704569298 58
1704569426 27



# Sketch: 19
1704568914 58
1704569042 87
1704569170 48
1704569298 70
1704569426 25



# Sketch: 20
1704568914 61
1704569042 55
1704569170 60
1704569298 51
1704569426 28



# Sketch: 21
1704568914 49
1704569042 78
1704569170 92
1704569298 66
1704569426 58



# Sketch: 22
1704568914 52
1704569042 43
1704569170 67
1704569298 46
1704569426 65



# Sketch: 23
1704568914 53
1704569042 58
1704569170 72
1704569298 69
1704569426 29



# Sketch: 24
1704568914 50
1704569042 43
1704569170 68
1704569298 62
1704569426 48



# Sketch: 25
1704568914 39
1704569042 44
1704569170 62
1704569298 56
1704569426 44



# Sketch: 26
1704568914 44
1704569042 72
1704569170 71
1704569298 78
1704569426 53



# Sketch: 27
1704568914 39
1704569042 76
1704569170 87
1704569298 39
1704569426 44



# Sketch: 28
1704568914 49
1704569042 74
1704569170 72
1704569298 78
1704569426 36



# Sketch: 29
1704568914 71
1704569042 99
1704569170 98
1704569298 82
1704569426 37



# Sketch: 30
1704568914 55
1704569042 41
1704569170 73
1704569298 81
1704569426 33



# Sketch: 31
1704568914 61
1704569042 72
1704569170 70
1704569298 87
1704569426 53

