

# Sketch: 0
0 0.378971
1 0.105959
2 0.669282
3 0.555654
4 0.553253
5 0.548705
6 0.325669
7 0.709303



# Sketch: 1
0 0.686226
1 0.257282
2 0.197914
3 0.283962
4 0.479213
5 0.455425
6 0.308913
7 1.31369



# Sketch: 2
0 0.516543
1 0.547715
2 0.676869
3 0.536974
4 0.475199
5 0.37192
6 0.435513
7 0.608338



# Sketch: 3
0 0.820032
1 0.688887
2 0.650502
3 0.460135
4 0.498492
5 0.35816
6 0.6347
7 1.31316



# Sketch: 4
0 1.17381
1 1.12096
2 1.03057
3 0.738468
4 0.66226
5 0.672527
6 0.595953
7 0.564166



# Sketch: 5
0 0.389718
1 0.190626
2 0.493867
3 0.797076
4 0.57779
5 0.56051
6 0.256674
7 0.326709



# Sketch: 6
0 0.864457
1 0.746111
2 0.889705
3 0.657109
4 0.710524
5 0.60793
6 0.663213
7 0.710825



# Sketch: 7
0 0.376237
1 0.381539
2 0.40657
3 0.366469
4 0.417311
5 0.885117
6 0.340944
7 0.415678



# Sketch: 8
0 0.708571
1 0.733322
2 0.744267
3 0.725748
4 0.615492
5 0.618987
6 0.653904
7 0.638039



# Sketch: 9
0 0.525644
1 0.62706
2 0.682671
3 0.534375
4 0.471535
5 0.356031
6 0.4585
7 0.632855



# Sketch: 10
0 0.479315
1 0.1882
2 0.403177
3 0.243241
4 0.150516
5 0.10913
6 0.900499
7 0.538076



# Sketch: 11
0 0.954136
1 0.732059
2 0.683221
3 0.536155
4 0.430981
5 0.390218
6 0.336007
7 0.637684



# Sketch: 12
0 0.99619
1 1.29995
2 1.25897
3 1.43923
4 1.41526
5 1.67601
6 1.48119
7 1.29096



# Sketch: 13
0 0.45245
1 0.558806
2 0.578196
3 0.607304
4 1.01961
5 0.411335
6 0.614577
7 0.612147



# Sketch: 14
0 1.54656
1 1.311
2 1.48041
3 1.44831
4 2.16871
5 1.15808
6 0.624077
7 0.205463



# Sketch: 15
0 1.49305
1 1.30846
2 1.6568
3 0.892259
4 0.842941
5 0.979741
6 0.894924
7 2.13844



# Sketch: 16
0 0.172961
1 0.26697
2 0.751905
3 0.247094
4 0.273947
5 0.343157
6 0.446517
7 0.340637



# Sketch: 17
0 0.941823
1 0.957733
2 0.889126
3 0.670799
4 0.469432
5 0.343388
6 0.321165
7 0.340977



# Sketch: 18
0 0.492123
1 0.421922
2 0.742096
3 0.457759
4 0.0729994
5 0.205653
6 0.153618
7 0.565672



# Sketch: 19
0 0.805741
1 0.777694
2 0.78133
3 0.667452
4 0.629899
5 0.685719
6 0.670954
7 0.652969



# Sketch: 20
0 1.33576
1 1.69314
2 1.26801
3 1.43431
4 1.07843
5 0.824107
6 0.0748892
7 0.263737



# Sketch: 21
0 0.531714
1 0.590369
2 0.62128
3 0.536364
4 0.51595
5 0.36812
6 1.68689
7 0.675612



# Sketch: 22
0 2.818
1 2.46108
2 2.2466
3 1.80886
4 2.21066
5 1.1204
6 0.941873
7 0.338214



# Sketch: 23
0 0.330807
1 0.250921
2 0.271108
3 0.356568
4 0.259172
5 0.414753
6 0.607553
7 1.70097



# Sketch: 24
0 0.543822
1 0.32755
2 0.186212
3 0.204243
4 0.244286
5 0.276982
6 0.25911
7 0.600195



# Sketch: 25
0 1.08398
1 1.14557
2 0.893766
3 0.337492
4 0.318752
5 0.339898
6 0.409663
7 0.482699



# Sketch: 26
0 0.445856
1 0.750565
2 0.766027
3 0.514597
4 0.57308
5 0.72272
6 1.16393
7 1.26459



# Sketch: 27
0 0.405788
1 0.43828
2 0.443421
3 0.476143
4 0.423097
5 0.319539
6 0.408718
7 0.605352



# Sketch: 28
0 1.00322
1 1.07011
2 1.08071
3 1.0336
4 1.22734
5 1.23557
6 0.371507
7 3.14089



# Sketch: 29
0 0.887108
1 0.526564
2 0.257578
3 0.355638
4 0.268246
5 0.362654
6 0.415663
7 1.15681



# Sketch: 30
0 0.472016
1 0.483227
2 0.749238
3 0.299073
4 0.646825
5 0.558235
6 0.0826841
7 0.290179



# Sketch: 31
0 0.54052
1 0.407466
2 0.442367
3 0.429894
4 0.439427
5 0.379162
6 0.356894
7 0.399236

