

# Sketch: 0
1704568914 46
1704569042 60
1704569170 79
1704569298 84
1704569426 40



# Sketch: 1
1704568914 75
1704569042 65
1704569170 81
1704569298 107
1704569426 24



# Sketch: 2
1704568914 40
1704569042 74
1704569170 85
1704569298 57
1704569426 42



# Sketch: 3
1704568914 67
1704569042 61
1704569170 92
1704569298 63
1704569426 39



# Sketch: 4
1704568914 46
1704569042 46
1704569170 66
1704569298 59
1704569426 108



# Sketch: 5
1704568914 62
1704569042 61
1704569170 81
1704569298 102
1704569426 45



# Sketch: 6
1704568914 36
1704569042 49
1704569170 59
1704569298 46
1704569426 30



# Sketch: 7
1704568914 56
1704569042 41
1704569170 51
1704569298 45
1704569426 28



# Sketch: 8
1704568914 65
1704569042 41
1704569170 38
1704569298 39
1704569426 27



# Sketch: 9
1704568914 49
1704569042 32
1704569170 57
1704569298 77
1704569426 29



# Sketch: 10
1704568914 61
1704569042 66
1704569170 65
1704569298 60
1704569426 48



# Sketch: 11
1704568914 51
1704569042 64
1704569170 89
1704569298 64
1704569426 43



# Sketch: 12
1704568914 66
1704569042 52
1704569170 85
1704569298 67
1704569426 25



# Sketch: 13
1704568914 60
1704569042 54
1704569170 74
1704569298 52
1704569426 34



# Sketch: 14
1704568914 79
1704569042 61
1704569170 30
1704569298 57
1704569426 25



# Sketch: 15
1704568914 68
1704569042 104
1704569170 74
1704569298 100
1704569426 50



# Sketch: 16
1704568914 95
1704569042 85
1704569170 47
1704569298 81
1704569426 25



# Sketch: 17
1704568914 53
1704569042 40
1704569170 75
1704569298 65
1704569426 61



# Sketch: 18
1704568914 53
1704569042 62
1704569170 57
1704569298 58
1704569426 46



# Sketch: 19
1704568914 55
1704569042 38
1704569170 63
1704569298 61
1704569426 25



# Sketch: 20
1704568914 100
1704569042 104
1704569170 111
1704569298 98
1704569426 69



# Sketch: 21
1704568914 57
1704569042 51
1704569170 72
1704569298 51
1704569426 44



# Sketch: 22
1704568914 27
1704569042 57
1704569170 61
1704569298 73
1704569426 57



# Sketch: 23
1704568914 66
1704569042 50
1704569170 99
1704569298 59
1704569426 36



# Sketch: 24
1704568914 45
1704569042 48
1704569170 48
1704569298 42
1704569426 21



# Sketch: 25
1704568914 47
1704569042 136
1704569170 93
1704569298 64
1704569426 52



# Sketch: 26
1704568914 35
1704569042 51
1704569170 65
1704569298 84
1704569426 49



# Sketch: 27
1704568914 42
1704569042 50
1704569170 77
1704569298 99
1704569426 48



# Sketch: 28
1704568914 64
1704569042 57
1704569170 60
1704569298 41
1704569426 29



# Sketch: 29
1704568914 55
1704569042 87
1704569170 57
1704569298 52
1704569426 46



# Sketch: 30
1704568914 64
1704569042 81
1704569170 58
1704569298 111
1704569426 31



# Sketch: 31
1704568914 47
1704569042 56
1704569170 51
1704569298 69
1704569426 44

