

# Sketch: 0
0 0.666213
1 0.413372
2 0.381895
3 0.552033
4 0.464157
5 0.431005
6 0.611892
7 0.576336



# Sketch: 1
0 0.516371
1 0.285368
2 0.228939
3 0.334392
4 0.489532
5 0.768121
6 0.551658
7 0.999553



# Sketch: 2
0 1.2659
1 1.25802
2 1.62176
3 1.5694
4 1.70881
5 2.34406
6 2.01454
7 2.8449



# Sketch: 3
0 0.366059
1 0.221961
2 0.20283
3 0.211094
4 0.206864
5 0.28713
6 0.328992
7 0.579132



# Sketch: 4
0 0.0128616
1 0.0342121
2 0.206572
3 0.409788
4 0.374249
5 0.348325
6 0.470152
7 0.421483



# Sketch: 5
0 0.323548
1 0.583727
2 0.504116
3 0.520639
4 0.437232
5 0.792004
6 0.262342
7 0.369271



# Sketch: 6
0 1.05876
1 1.04009
2 0.895704
3 0.886653
4 1.01193
5 0.959048
6 0.901193
7 0.799811



# Sketch: 7
0 0.389216
1 0.347255
2 0.356609
3 0.375428
4 0.394014
5 0.47004
6 0.446453
7 0.403699



# Sketch: 8
0 0.661417
1 0.644174
2 0.605538
3 0.487974
4 0.456834
5 0.422553
6 0.515291
7 0.650194



# Sketch: 9
0 0.517909
1 0.511032
2 0.423571
3 0.481971
4 0.436261
5 2.34595
6 0.63049
7 0.745322



# Sketch: 10
0 0.495583
1 0.443979
2 0.42654
3 0.44353
4 0.958398
5 0.501389
6 0.671593
7 0.7766



# Sketch: 11
0 0.698119
1 0.730589
2 0.717205
3 0.783892
4 0.343057
5 0.404479
6 0.453418
7 0.402987



# Sketch: 12
0 0.535801
1 0.48133
2 0.573965
3 0.573785
4 0.496013
5 0.554408
6 0.521894
7 0.781146



# Sketch: 13
0 0.665992
1 0.579162
2 0.593041
3 0.709907
4 0.718844
5 0.689415
6 0.698645
7 0.595091



# Sketch: 14
0 0.387019
1 0.394479
2 0.773778
3 0.586754
4 0.66352
5 0.965109
6 0.204152
7 0.856487



# Sketch: 15
0 0.733346
1 0.737844
2 0.718088
3 0.578816
4 0.525847
5 0.280148
6 0.552637
7 0.435609



# Sketch: 16
0 0.57279
1 0.557403
2 0.518088
3 0.540735
4 0.487493
5 0.498641
6 0.544793
7 0.43722



# Sketch: 17
0 0.139414
1 0.136056
2 0.0366178
3 0.0687048
4 0.100291
5 0.1348
6 1.10773
7 2.43461



# Sketch: 18
0 0.885119
1 0.850603
2 0.438014
3 0.369159
4 0.54941
5 0.362118
6 0.310856
7 0.61283



# Sketch: 19
0 1.21572
1 0.828955
2 0.833117
3 0.83663
4 0.602335
5 0.336371
6 0.351181
7 0.718552



# Sketch: 20
0 0.457912
1 0.423324
2 0.383853
3 0.361194
4 0.354027
5 0.309365
6 0.38428
7 0.384273



# Sketch: 21
0 1.42604
1 0.964282
2 0.815986
3 0.948782
4 0.988836
5 0.643359
6 0.110061
7 0.387557



# Sketch: 22
0 0.834269
1 0.674243
2 0.599997
3 0.537395
4 0.592497
5 0.565619
6 0.712013
7 0.906316



# Sketch: 23
0 0.716428
1 0.890203
2 1.03233
3 0.620827
4 0.236339
5 0.446302
6 0.189348
7 0.590148



# Sketch: 24
0 0.866576
1 0.717804
2 0.625902
3 0.598798
4 0.566711
5 0.592679
6 0.565382
7 0.536755



# Sketch: 25
0 0.47128
1 0.320289
2 0.367738
3 0.164615
4 0.0990229
5 0.299199
6 0.0354452
7 2.34313



# Sketch: 26
0 0.241276
1 0.234266
2 0.244072
3 0.283001
4 0.26433
5 0.297906
6 0.400372
7 0.578337



# Sketch: 27
0 0.980974
1 1.14132
2 1.07405
3 1.29857
4 0.948515
5 0.424463
6 0.573548
7 0.78471



# Sketch: 28
0 0.192016
1 0.164669
2 0.21318
3 0.190166
4 0.191687
5 0.24101
6 0.309943
7 0.689707



# Sketch: 29
0 0.863493
1 0.87524
2 1.14986
3 0.916308
4 1.75832
5 1.20562
6 1.27564
7 0.687559



# Sketch: 30
0 1.08631
1 1.43151
2 0.965619
3 1.02786
4 0.798196
5 0.723807
6 0.663459
7 0.356614



# Sketch: 31
0 0.470703
1 0.364448
2 0.374791
3 0.379374
4 0.369796
5 0.433136
6 0.415651
7 0.444092

