

# Sketch: 0
1704568914 17
1704568930 7
1704568946 5
1704568962 3
1704568978 7
1704568994 6
1704569010 13
1704569026 5
1704569042 7
1704569058 6
1704569074 11
1704569090 33
1704569106 13
1704569122 4
1704569138 6
1704569154 2
1704569170 17
1704569186 6
1704569202 5
1704569218 7
1704569234 7
1704569250 8
1704569266 7
1704569282 4
1704569298 10
1704569314 5
1704569330 4
1704569346 11
1704569362 4
1704569378 0
1704569394 12
1704569410 12
1704569426 7
1704569442 4
1704569458 5
1704569474 8
1704569490 6
1704569506 4



# Sketch: 1
1704568914 4
1704568930 5
1704568946 4
1704568962 0
1704568978 4
1704568994 10
1704569010 4
1704569026 14
1704569042 8
1704569058 7
1704569074 20
1704569090 4
1704569106 6
1704569122 9
1704569138 6
1704569154 8
1704569170 8
1704569186 3
1704569202 3
1704569218 5
1704569234 7
1704569250 2
1704569266 10
1704569282 9
1704569298 14
1704569314 19
1704569330 8
1704569346 2
1704569362 7
1704569378 5
1704569394 13
1704569410 10
1704569426 4
1704569442 4
1704569458 13
1704569474 4
1704569490 8
1704569506 1



# Sketch: 2
1704568914 10
1704568930 5
1704568946 6
1704568962 2
1704568978 3
1704568994 3
1704569010 3
1704569026 8
1704569042 6
1704569058 3
1704569074 5
1704569090 4
1704569106 2
1704569122 5
1704569138 5
1704569154 7
1704569170 4
1704569186 15
1704569202 10
1704569218 1
1704569234 6
1704569250 10
1704569266 15
1704569282 7
1704569298 5
1704569314 11
1704569330 5
1704569346 6
1704569362 8
1704569378 7
1704569394 9
1704569410 11
1704569426 2
1704569442 19
1704569458 12
1704569474 5
1704569490 4
1704569506 3



# Sketch: 3
1704568914 10
1704568930 2
1704568946 2
1704568962 7
1704568978 8
1704568994 7
1704569010 22
1704569026 2
1704569042 17
1704569058 7
1704569074 1
1704569090 2
1704569106 7
1704569122 4
1704569138 5
1704569154 7
1704569170 10
1704569186 10
1704569202 6
1704569218 15
1704569234 7
1704569250 6
1704569266 18
1704569282 14
1704569298 19
1704569314 0
1704569330 5
1704569346 5
1704569362 11
1704569378 3
1704569394 6
1704569410 23
1704569426 4
1704569442 10
1704569458 27
1704569474 2
1704569490 2
1704569506 4



# Sketch: 4
1704568914 29
1704568930 13
1704568946 4
1704568962 2
1704568978 6
1704568994 16
1704569010 1
1704569026 6
1704569042 17
1704569058 8
1704569074 3
1704569090 2
1704569106 6
1704569122 4
1704569138 9
1704569154 1
1704569170 1
1704569186 5
1704569202 8
1704569218 4
1704569234 2
1704569250 10
1704569266 13
1704569282 9
1704569298 16
1704569314 3
1704569330 4
1704569346 9
1704569362 10
1704569378 5
1704569394 5
1704569410 40
1704569426 15
1704569442 2
1704569458 4
1704569474 2
1704569490 3
1704569506 1



# Sketch: 5
1704568914 5
1704568930 12
1704568946 4
1704568962 5
1704568978 1
1704568994 6
1704569010 7
1704569026 17
1704569042 17
1704569058 7
1704569074 4
1704569090 7
1704569106 6
1704569122 3
1704569138 3
1704569154 7
1704569170 9
1704569186 5
1704569202 20
1704569218 5
1704569234 4
1704569250 1
1704569266 11
1704569282 16
1704569298 7
1704569314 10
1704569330 1
1704569346 9
1704569362 6
1704569378 3
1704569394 20
1704569410 9
1704569426 14
1704569442 5
1704569458 5
1704569474 4
1704569490 7
1704569506 0



# Sketch: 6
1704568914 4
1704568930 1
1704568946 10
1704568962 15
1704568978 3
1704568994 3
1704569010 5
1704569026 8
1704569042 10
1704569058 6
1704569074 5
1704569090 5
1704569106 5
1704569122 5
1704569138 15
1704569154 21
1704569170 8
1704569186 7
1704569202 12
1704569218 5
1704569234 5
1704569250 2
1704569266 9
1704569282 2
1704569298 3
1704569314 2
1704569330 1
1704569346 8
1704569362 14
1704569378 2
1704569394 10
1704569410 8
1704569426 19
1704569442 26
1704569458 14
1704569474 8
1704569490 4
1704569506 2



# Sketch: 7
1704568914 26
1704568930 13
1704568946 11
1704568962 10
1704568978 4
1704568994 9
1704569010 5
1704569026 7
1704569042 9
1704569058 15
1704569074 4
1704569090 3
1704569106 7
1704569122 9
1704569138 9
1704569154 10
1704569170 10
1704569186 19
1704569202 9
1704569218 8
1704569234 16
1704569250 19
1704569266 7
1704569282 6
1704569298 20
1704569314 5
1704569330 5
1704569346 16
1704569362 13
1704569378 21
1704569394 7
1704569410 14
1704569426 8
1704569442 5
1704569458 12
1704569474 4
1704569490 4
1704569506 2



# Sketch: 8
1704568914 9
1704568930 10
1704568946 10
1704568962 3
1704568978 1
1704568994 3
1704569010 6
1704569026 6
1704569042 17
1704569058 5
1704569074 1
1704569090 6
1704569106 9
1704569122 8
1704569138 7
1704569154 2
1704569170 4
1704569186 4
1704569202 2
1704569218 3
1704569234 3
1704569250 13
1704569266 4
1704569282 7
1704569298 3
1704569314 7
1704569330 3
1704569346 7
1704569362 1
1704569378 5
1704569394 5
1704569410 3
1704569426 6
1704569442 21
1704569458 2
1704569474 8
1704569490 4
1704569506 1



# Sketch: 9
1704568914 8
1704568930 4
1704568946 4
1704568962 2
1704568978 5
1704568994 9
1704569010 7
1704569026 4
1704569042 12
1704569058 3
1704569074 1
1704569090 9
1704569106 6
1704569122 9
1704569138 2
1704569154 13
1704569170 9
1704569186 15
1704569202 3
1704569218 9
1704569234 14
1704569250 7
1704569266 4
1704569282 11
1704569298 10
1704569314 15
1704569330 2
1704569346 23
1704569362 6
1704569378 6
1704569394 7
1704569410 18
1704569426 12
1704569442 10
1704569458 3
1704569474 9
1704569490 10
1704569506 4



# Sketch: 10
1704568914 17
1704568930 2
1704568946 14
1704568962 2
1704568978 17
1704568994 8
1704569010 11
1704569026 7
1704569042 6
1704569058 8
1704569074 5
1704569090 9
1704569106 25
1704569122 14
1704569138 6
1704569154 5
1704569170 2
1704569186 3
1704569202 16
1704569218 16
1704569234 9
1704569250 7
1704569266 7
1704569282 6
1704569298 11
1704569314 9
1704569330 10
1704569346 16
1704569362 6
1704569378 12
1704569394 5
1704569410 6
1704569426 3
1704569442 4
1704569458 13
1704569474 7
1704569490 6
1704569506 2



# Sketch: 11
1704568914 8
1704568930 13
1704568946 7
1704568962 5
1704568978 15
1704568994 10
1704569010 2
1704569026 7
1704569042 5
1704569058 3
1704569074 8
1704569090 6
1704569106 13
1704569122 1
1704569138 7
1704569154 3
1704569170 7
1704569186 11
1704569202 41
1704569218 11
1704569234 6
1704569250 5
1704569266 13
1704569282 15
1704569298 11
1704569314 3
1704569330 29
1704569346 10
1704569362 5
1704569378 6
1704569394 10
1704569410 2
1704569426 9
1704569442 9
1704569458 10
1704569474 12
1704569490 6
1704569506 0



# Sketch: 12
1704568914 10
1704568930 16
1704568946 10
1704568962 4
1704568978 8
1704568994 7
1704569010 3
1704569026 5
1704569042 8
1704569058 4
1704569074 8
1704569090 3
1704569106 5
1704569122 3
1704569138 14
1704569154 8
1704569170 18
1704569186 5
1704569202 5
1704569218 3
1704569234 2
1704569250 17
1704569266 2
1704569282 7
1704569298 10
1704569314 6
1704569330 5
1704569346 11
1704569362 5
1704569378 5
1704569394 8
1704569410 11
1704569426 3
1704569442 1
1704569458 5
1704569474 0
1704569490 6
1704569506 0



# Sketch: 13
1704568914 34
1704568930 21
1704568946 6
1704568962 2
1704568978 17
1704568994 10
1704569010 25
1704569026 5
1704569042 8
1704569058 2
1704569074 8
1704569090 13
1704569106 8
1704569122 11
1704569138 11
1704569154 5
1704569170 4
1704569186 3
1704569202 29
1704569218 14
1704569234 9
1704569250 7
1704569266 6
1704569282 7
1704569298 6
1704569314 3
1704569330 11
1704569346 22
1704569362 8
1704569378 4
1704569394 6
1704569410 4
1704569426 4
1704569442 2
1704569458 23
1704569474 10
1704569490 11
1704569506 6



# Sketch: 14
1704568914 11
1704568930 15
1704568946 6
1704568962 7
1704568978 2
1704568994 6
1704569010 7
1704569026 4
1704569042 14
1704569058 17
1704569074 21
1704569090 4
1704569106 10
1704569122 4
1704569138 7
1704569154 4
1704569170 11
1704569186 9
1704569202 20
1704569218 4
1704569234 6
1704569250 6
1704569266 9
1704569282 9
1704569298 20
1704569314 13
1704569330 4
1704569346 12
1704569362 3
1704569378 4
1704569394 9
1704569410 6
1704569426 6
1704569442 5
1704569458 28
1704569474 3
1704569490 10
1704569506 1



# Sketch: 15
1704568914 7
1704568930 9
1704568946 1
1704568962 6
1704568978 1
1704568994 7
1704569010 11
1704569026 5
1704569042 18
1704569058 6
1704569074 5
1704569090 4
1704569106 4
1704569122 8
1704569138 6
1704569154 5
1704569170 9
1704569186 7
1704569202 12
1704569218 9
1704569234 5
1704569250 6
1704569266 7
1704569282 13
1704569298 9
1704569314 2
1704569330 3
1704569346 3
1704569362 11
1704569378 2
1704569394 23
1704569410 13
1704569426 10
1704569442 8
1704569458 11
1704569474 16
1704569490 6
1704569506 1



# Sketch: 16
1704568914 16
1704568930 4
1704568946 2
1704568962 3
1704568978 2
1704568994 19
1704569010 8
1704569026 6
1704569042 12
1704569058 8
1704569074 4
1704569090 7
1704569106 3
1704569122 5
1704569138 11
1704569154 5
1704569170 14
1704569186 4
1704569202 6
1704569218 3
1704569234 8
1704569250 2
1704569266 8
1704569282 12
1704569298 12
1704569314 4
1704569330 8
1704569346 14
1704569362 8
1704569378 3
1704569394 16
1704569410 1
1704569426 17
1704569442 2
1704569458 9
1704569474 6
1704569490 2
1704569506 5



# Sketch: 17
1704568914 9
1704568930 6
1704568946 10
1704568962 9
1704568978 8
1704568994 2
1704569010 5
1704569026 5
1704569042 7
1704569058 7
1704569074 3
1704569090 8
1704569106 1
1704569122 5
1704569138 9
1704569154 13
1704569170 8
1704569186 6
1704569202 5
1704569218 4
1704569234 4
1704569250 5
1704569266 14
1704569282 12
1704569298 6
1704569314 7
1704569330 9
1704569346 8
1704569362 6
1704569378 8
1704569394 8
1704569410 3
1704569426 9
1704569442 3
1704569458 9
1704569474 7
1704569490 9
1704569506 12



# Sketch: 18
1704568914 8
1704568930 3
1704568946 4
1704568962 3
1704568978 3
1704568994 5
1704569010 4
1704569026 0
1704569042 9
1704569058 7
1704569074 1
1704569090 3
1704569106 6
1704569122 5
1704569138 1
1704569154 4
1704569170 5
1704569186 12
1704569202 12
1704569218 3
1704569234 5
1704569250 8
1704569266 4
1704569282 6
1704569298 26
1704569314 21
1704569330 9
1704569346 7
1704569362 2
1704569378 11
1704569394 6
1704569410 9
1704569426 5
1704569442 26
1704569458 8
1704569474 6
1704569490 5
1704569506 3



# Sketch: 19
1704568914 8
1704568930 5
1704568946 2
1704568962 4
1704568978 5
1704568994 5
1704569010 9
1704569026 9
1704569042 8
1704569058 1
1704569074 10
1704569090 8
1704569106 7
1704569122 11
1704569138 5
1704569154 4
1704569170 5
1704569186 1
1704569202 12
1704569218 10
1704569234 5
1704569250 9
1704569266 18
1704569282 6
1704569298 15
1704569314 1
1704569330 9
1704569346 3
1704569362 5
1704569378 3
1704569394 6
1704569410 0
1704569426 7
1704569442 7
1704569458 6
1704569474 7
1704569490 4
1704569506 5



# Sketch: 20
1704568914 11
1704568930 8
1704568946 12
1704568962 5
1704568978 1
1704568994 9
1704569010 3
1704569026 5
1704569042 10
1704569058 14
1704569074 6
1704569090 6
1704569106 18
1704569122 6
1704569138 3
1704569154 3
1704569170 10
1704569186 2
1704569202 20
1704569218 5
1704569234 6
1704569250 16
1704569266 5
1704569282 2
1704569298 1
1704569314 3
1704569330 11
1704569346 15
1704569362 5
1704569378 4
1704569394 10
1704569410 6
1704569426 3
1704569442 4
1704569458 9
1704569474 6
1704569490 7
1704569506 6



# Sketch: 21
1704568914 22
1704568930 10
1704568946 6
1704568962 4
1704568978 7
1704568994 10
1704569010 17
1704569026 11
1704569042 8
1704569058 2
1704569074 5
1704569090 5
1704569106 13
1704569122 5
1704569138 17
1704569154 9
1704569170 41
1704569186 16
1704569202 23
1704569218 4
1704569234 4
1704569250 4
1704569266 23
1704569282 7
1704569298 12
1704569314 4
1704569330 24
1704569346 4
1704569362 4
1704569378 2
1704569394 28
1704569410 14
1704569426 3
1704569442 8
1704569458 5
1704569474 7
1704569490 8
1704569506 1



# Sketch: 22
1704568914 7
1704568930 12
1704568946 5
1704568962 4
1704568978 3
1704568994 3
1704569010 13
1704569026 8
1704569042 11
1704569058 4
1704569074 4
1704569090 6
1704569106 3
1704569122 4
1704569138 6
1704569154 6
1704569170 7
1704569186 2
1704569202 3
1704569218 14
1704569234 13
1704569250 1
1704569266 5
1704569282 5
1704569298 9
1704569314 2
1704569330 0
1704569346 5
1704569362 4
1704569378 8
1704569394 6
1704569410 4
1704569426 2
1704569442 3
1704569458 11
1704569474 15
1704569490 6
1704569506 17



# Sketch: 23
1704568914 9
1704568930 6
1704568946 4
1704568962 4
1704568978 4
1704568994 3
1704569010 4
1704569026 8
1704569042 11
1704569058 8
1704569074 3
1704569090 9
1704569106 6
1704569122 8
1704569138 10
1704569154 5
1704569170 13
1704569186 11
1704569202 9
1704569218 19
1704569234 4
1704569250 7
1704569266 6
1704569282 14
1704569298 7
1704569314 9
1704569330 3
1704569346 2
1704569362 10
1704569378 11
1704569394 12
1704569410 16
1704569426 11
1704569442 4
1704569458 3
1704569474 8
1704569490 9
1704569506 3



# Sketch: 24
1704568914 6
1704568930 8
1704568946 2
1704568962 5
1704568978 7
1704568994 7
1704569010 10
1704569026 8
1704569042 7
1704569058 28
1704569074 13
1704569090 7
1704569106 13
1704569122 16
1704569138 17
1704569154 11
1704569170 7
1704569186 4
1704569202 12
1704569218 10
1704569234 11
1704569250 3
1704569266 18
1704569282 10
1704569298 12
1704569314 28
1704569330 1
1704569346 29
1704569362 5
1704569378 6
1704569394 9
1704569410 8
1704569426 6
1704569442 6
1704569458 17
1704569474 3
1704569490 5
1704569506 6



# Sketch: 25
1704568914 7
1704568930 3
1704568946 2
1704568962 4
1704568978 4
1704568994 2
1704569010 10
1704569026 4
1704569042 4
1704569058 9
1704569074 7
1704569090 7
1704569106 8
1704569122 3
1704569138 10
1704569154 8
1704569170 24
1704569186 4
1704569202 7
1704569218 7
1704569234 2
1704569250 5
1704569266 6
1704569282 6
1704569298 2
1704569314 0
1704569330 7
1704569346 8
1704569362 10
1704569378 5
1704569394 4
1704569410 12
1704569426 4
1704569442 6
1704569458 9
1704569474 5
1704569490 5
1704569506 13



# Sketch: 26
1704568914 2
1704568930 1
1704568946 4
1704568962 1
1704568978 0
1704568994 3
1704569010 4
1704569026 1
1704569042 3
1704569058 7
1704569074 0
1704569090 15
1704569106 27
1704569122 6
1704569138 5
1704569154 12
1704569170 18
1704569186 21
1704569202 3
1704569218 8
1704569234 6
1704569250 5
1704569266 6
1704569282 6
1704569298 3
1704569314 4
1704569330 2
1704569346 10
1704569362 2
1704569378 7
1704569394 2
1704569410 2
1704569426 4
1704569442 3
1704569458 5
1704569474 5
1704569490 2
1704569506 1



# Sketch: 27
1704568914 2
1704568930 5
1704568946 3
1704568962 7
1704568978 6
1704568994 12
1704569010 6
1704569026 2
1704569042 4
1704569058 4
1704569074 6
1704569090 2
1704569106 4
1704569122 13
1704569138 8
1704569154 6
1704569170 2
1704569186 6
1704569202 5
1704569218 13
1704569234 3
1704569250 5
1704569266 5
1704569282 5
1704569298 16
1704569314 10
1704569330 10
1704569346 18
1704569362 1
1704569378 3
1704569394 8
1704569410 7
1704569426 3
1704569442 4
1704569458 16
1704569474 9
1704569490 5
1704569506 5



# Sketch: 28
1704568914 12
1704568930 12
1704568946 8
1704568962 8
1704568978 11
1704568994 2
1704569010 3
1704569026 7
1704569042 10
1704569058 10
1704569074 14
1704569090 9
1704569106 8
1704569122 8
1704569138 13
1704569154 11
1704569170 9
1704569186 21
1704569202 16
1704569218 7
1704569234 5
1704569250 9
1704569266 16
1704569282 15
1704569298 10
1704569314 17
1704569330 0
1704569346 15
1704569362 0
1704569378 8
1704569394 8
1704569410 9
1704569426 6
1704569442 4
1704569458 2
1704569474 9
1704569490 4
1704569506 3



# Sketch: 29
1704568914 7
1704568930 7
1704568946 6
1704568962 4
1704568978 2
1704568994 6
1704569010 9
1704569026 5
1704569042 15
1704569058 13
1704569074 6
1704569090 6
1704569106 2
1704569122 9
1704569138 8
1704569154 4
1704569170 8
1704569186 3
1704569202 5
1704569218 4
1704569234 5
1704569250 6
1704569266 10
1704569282 7
1704569298 13
1704569314 0
1704569330 7
1704569346 7
1704569362 7
1704569378 7
1704569394 11
1704569410 5
1704569426 4
1704569442 4
1704569458 13
1704569474 11
1704569490 9
1704569506 14



# Sketch: 30
1704568914 4
1704568930 5
1704568946 7
1704568962 14
1704568978 15
1704568994 22
1704569010 12
1704569026 9
1704569042 13
1704569058 5
1704569074 12
1704569090 18
1704569106 15
1704569122 6
1704569138 12
1704569154 6
1704569170 8
1704569186 2
1704569202 6
1704569218 20
1704569234 9
1704569250 7
1704569266 9
1704569282 7
1704569298 8
1704569314 1
1704569330 17
1704569346 26
1704569362 12
1704569378 8
1704569394 9
1704569410 28
1704569426 3
1704569442 3
1704569458 19
1704569474 8
1704569490 7
1704569506 2



# Sketch: 31
1704568914 10
1704568930 11
1704568946 7
1704568962 10
1704568978 6
1704568994 6
1704569010 5
1704569026 3
1704569042 15
1704569058 10
1704569074 7
1704569090 1
1704569106 6
1704569122 7
1704569138 8
1704569154 6
1704569170 9
1704569186 13
1704569202 8
1704569218 5
1704569234 4
1704569250 4
1704569266 22
1704569282 15
1704569298 2
1704569314 26
1704569330 4
1704569346 12
1704569362 1
1704569378 4
1704569394 13
1704569410 22
1704569426 9
1704569442 8
1704569458 5
1704569474 5
1704569490 2
1704569506 2

