

# Sketch: 0
1704568914 20
1704568978 29
1704569042 40
1704569106 28
1704569170 36
1704569234 29
1704569298 20
1704569362 18
1704569426 22
1704569490 15



# Sketch: 1
1704568914 33
1704568978 19
1704569042 22
1704569106 26
1704569170 57
1704569234 28
1704569298 39
1704569362 57
1704569426 22
1704569490 9



# Sketch: 2
1704568914 24
1704568978 23
1704569042 51
1704569106 64
1704569170 97
1704569234 54
1704569298 66
1704569362 34
1704569426 29
1704569490 19



# Sketch: 3
1704568914 20
1704568978 37
1704569042 24
1704569106 34
1704569170 51
1704569234 28
1704569298 19
1704569362 44
1704569426 30
1704569490 7



# Sketch: 4
1704568914 51
1704568978 13
1704569042 47
1704569106 34
1704569170 57
1704569234 32
1704569298 26
1704569362 29
1704569426 21
1704569490 11



# Sketch: 5
1704568914 30
1704568978 26
1704569042 21
1704569106 23
1704569170 35
1704569234 36
1704569298 58
1704569362 29
1704569426 25
1704569490 14



# Sketch: 6
1704568914 12
1704568978 20
1704569042 28
1704569106 20
1704569170 15
1704569234 16
1704569298 16
1704569362 31
1704569426 22
1704569490 4



# Sketch: 7
1704568914 32
1704568978 26
1704569042 33
1704569106 33
1704569170 22
1704569234 29
1704569298 29
1704569362 37
1704569426 12
1704569490 11



# Sketch: 8
1704568914 15
1704568978 21
1704569042 29
1704569106 28
1704569170 65
1704569234 27
1704569298 29
1704569362 28
1704569426 21
1704569490 14



# Sketch: 9
1704568914 15
1704568978 27
1704569042 21
1704569106 26
1704569170 25
1704569234 36
1704569298 33
1704569362 28
1704569426 26
1704569490 10



# Sketch: 10
1704568914 30
1704568978 24
1704569042 17
1704569106 37
1704569170 32
1704569234 23
1704569298 25
1704569362 22
1704569426 25
1704569490 10



# Sketch: 11
1704568914 25
1704568978 21
1704569042 30
1704569106 14
1704569170 35
1704569234 39
1704569298 44
1704569362 30
1704569426 24
1704569490 5



# Sketch: 12
1704568914 30
1704568978 18
1704569042 18
1704569106 21
1704569170 18
1704569234 33
1704569298 16
1704569362 37
1704569426 35
1704569490 12



# Sketch: 13
1704568914 14
1704568978 17
1704569042 42
1704569106 21
1704569170 25
1704569234 28
1704569298 21
1704569362 23
1704569426 27
1704569490 5



# Sketch: 14
1704568914 54
1704568978 48
1704569042 35
1704569106 19
1704569170 55
1704569234 40
1704569298 33
1704569362 38
1704569426 27
1704569490 8



# Sketch: 15
1704568914 44
1704568978 34
1704569042 36
1704569106 18
1704569170 58
1704569234 18
1704569298 52
1704569362 34
1704569426 23
1704569490 7



# Sketch: 16
1704568914 16
1704568978 30
1704569042 44
1704569106 21
1704569170 15
1704569234 20
1704569298 48
1704569362 29
1704569426 22
1704569490 8



# Sketch: 17
1704568914 42
1704568978 21
1704569042 43
1704569106 31
1704569170 38
1704569234 32
1704569298 25
1704569362 38
1704569426 47
1704569490 19



# Sketch: 18
1704568914 43
1704568978 34
1704569042 43
1704569106 52
1704569170 26
1704569234 56
1704569298 37
1704569362 49
1704569426 54
1704569490 9



# Sketch: 19
1704568914 32
1704568978 47
1704569042 53
1704569106 39
1704569170 33
1704569234 47
1704569298 57
1704569362 35
1704569426 60
1704569490 10



# Sketch: 20
1704568914 34
1704568978 38
1704569042 39
1704569106 16
1704569170 25
1704569234 24
1704569298 48
1704569362 31
1704569426 24
1704569490 4



# Sketch: 21
1704568914 59
1704568978 38
1704569042 24
1704569106 36
1704569170 28
1704569234 23
1704569298 43
1704569362 36
1704569426 32
1704569490 10



# Sketch: 22
1704568914 32
1704568978 16
1704569042 25
1704569106 22
1704569170 28
1704569234 20
1704569298 22
1704569362 23
1704569426 29
1704569490 8



# Sketch: 23
1704568914 25
1704568978 33
1704569042 26
1704569106 29
1704569170 36
1704569234 37
1704569298 53
1704569362 42
1704569426 23
1704569490 7



# Sketch: 24
1704568914 19
1704568978 37
1704569042 15
1704569106 37
1704569170 31
1704569234 31
1704569298 55
1704569362 15
1704569426 24
1704569490 5



# Sketch: 25
1704568914 44
1704568978 27
1704569042 36
1704569106 38
1704569170 31
1704569234 37
1704569298 39
1704569362 23
1704569426 63
1704569490 11



# Sketch: 26
1704568914 31
1704568978 32
1704569042 13
1704569106 34
1704569170 53
1704569234 40
1704569298 24
1704569362 27
1704569426 27
1704569490 5



# Sketch: 27
1704568914 17
1704568978 37
1704569042 26
1704569106 43
1704569170 29
1704569234 26
1704569298 33
1704569362 22
1704569426 39
1704569490 16



# Sketch: 28
1704568914 31
1704568978 21
1704569042 22
1704569106 36
1704569170 25
1704569234 29
1704569298 38
1704569362 34
1704569426 55
1704569490 6



# Sketch: 29
1704568914 27
1704568978 26
1704569042 42
1704569106 26
1704569170 32
1704569234 37
1704569298 34
1704569362 26
1704569426 38
1704569490 13



# Sketch: 30
1704568914 30
1704568978 20
1704569042 42
1704569106 25
1704569170 24
1704569234 35
1704569298 49
1704569362 59
1704569426 60
1704569490 7



# Sketch: 31
1704568914 24
1704568978 17
1704569042 25
1704569106 41
1704569170 45
1704569234 28
1704569298 21
1704569362 27
1704569426 16
1704569490 17

