

# Sketch: 0
1704569514 2
1704569518 0
1704569522 4
1704569526 1
1704569530 3
1704569534 5
1704569538 0
1704569542 7
1704569546 2
1704569550 2
1704569554 1
1704569558 0
1704569562 1
1704569566 1
1704569570 2
1704569574 0
1704569578 0
1704569582 2
1704569586 1
1704569590 0
1704569594 1
1704569598 2
1704569602 5
1704569606 2
1704569610 1
1704569614 1
1704569618 1
1704569622 0
1704569626 1
1704569630 2
1704569634 2
1704569638 1
1704569642 1
1704569646 2
1704569650 4
1704569654 1
1704569658 0
1704569662 0
1704569666 1
1704569670 2
1704569674 0
1704569678 1
1704569682 0
1704569686 4
1704569690 0
1704569694 0
1704569698 0
1704569702 1
1704569706 0
1704569710 4
1704569714 11
1704569718 0
1704569722 2
1704569726 5
1704569730 2
1704569734 1
1704569738 0
1704569742 3
1704569746 2
1704569750 0
1704569754 2
1704569758 5
1704569762 1
1704569766 0
1704569770 0
1704569774 3
1704569778 1
1704569782 1
1704569786 1
1704569790 12
1704569794 1
1704569798 0
1704569802 0
1704569806 2
1704569810 0
1704569814 1
1704569818 1
1704569822 4
1704569826 3
1704569830 3
1704569834 0
1704569838 1
1704569842 2
1704569846 2
1704569850 0
1704569854 2
1704569858 3
1704569862 1
1704569866 2
1704569870 1
1704569874 1
1704569878 3
1704569882 3
1704569886 0
1704569890 1
1704569894 1
1704569898 0
1704569902 4
1704569906 2
1704569910 2
1704569914 2
1704569918 2
1704569922 0
1704569926 2
1704569930 1
1704569934 0
1704569938 3
1704569942 2
1704569946 2
1704569950 5
1704569954 11
1704569958 6
1704569962 1
1704569966 0
1704569970 2
1704569974 1
1704569978 0
1704569982 2
1704569986 0
1704569990 2
1704569994 5
1704569998 5
1704570002 3
1704570006 2
1704570010 1
1704570014 0
1704570018 0
1704570022 0
1704570026 0
1704570030 3
1704570034 1
1704570038 0
1704570042 2
1704570046 4
1704570050 2
1704570054 1
1704570058 1
1704570062 0
1704570066 0
1704570070 1
1704570074 0
1704570078 6
1704570082 3
1704570086 1
1704570090 1
1704570094 1
1704570098 0
1704570102 2
1704570106 2
1704570110 2



# Sketch: 1
1704569514 5
1704569518 4
1704569522 2
1704569526 4
1704569530 4
1704569534 2
1704569538 2
1704569542 3
1704569546 0
1704569550 1
1704569554 0
1704569558 1
1704569562 0
1704569566 0
1704569570 0
1704569574 2
1704569578 0
1704569582 0
1704569586 1
1704569590 0
1704569594 0
1704569598 2
1704569602 2
1704569606 5
1704569610 1
1704569614 0
1704569618 1
1704569622 0
1704569626 0
1704569630 1
1704569634 0
1704569638 4
1704569642 0
1704569646 1
1704569650 1
1704569654 1
1704569658 0
1704569662 0
1704569666 1
1704569670 0
1704569674 1
1704569678 7
1704569682 0
1704569686 3
1704569690 0
1704569694 2
1704569698 0
1704569702 3
1704569706 1
1704569710 1
1704569714 0
1704569718 1
1704569722 3
1704569726 1
1704569730 4
1704569734 4
1704569738 0
1704569742 1
1704569746 0
1704569750 1
1704569754 0
1704569758 0
1704569762 3
1704569766 2
1704569770 0
1704569774 1
1704569778 0
1704569782 0
1704569786 0
1704569790 0
1704569794 2
1704569798 1
1704569802 4
1704569806 0
1704569810 0
1704569814 2
1704569818 0
1704569822 3
1704569826 0
1704569830 0
1704569834 2
1704569838 0
1704569842 0
1704569846 1
1704569850 1
1704569854 2
1704569858 0
1704569862 2
1704569866 1
1704569870 0
1704569874 15
1704569878 4
1704569882 2
1704569886 3
1704569890 2
1704569894 1
1704569898 2
1704569902 9
1704569906 6
1704569910 0
1704569914 0
1704569918 0
1704569922 0
1704569926 1
1704569930 4
1704569934 1
1704569938 0
1704569942 3
1704569946 1
1704569950 1
1704569954 6
1704569958 3
1704569962 3
1704569966 1
1704569970 1
1704569974 1
1704569978 1
1704569982 2
1704569986 5
1704569990 12
1704569994 4
1704569998 0
1704570002 4
1704570006 0
1704570010 5
1704570014 1
1704570018 5
1704570022 1
1704570026 0
1704570030 2
1704570034 5
1704570038 6
1704570042 3
1704570046 4
1704570050 0
1704570054 2
1704570058 3
1704570062 0
1704570066 1
1704570070 1
1704570074 1
1704570078 1
1704570082 1
1704570086 1
1704570090 4
1704570094 1
1704570098 2
1704570102 0
1704570106 0
1704570110 0



# Sketch: 2
1704569514 0
1704569518 1
1704569522 5
1704569526 6
1704569530 2
1704569534 2
1704569538 4
1704569542 4
1704569546 4
1704569550 0
1704569554 2
1704569558 1
1704569562 1
1704569566 1
1704569570 0
1704569574 1
1704569578 1
1704569582 3
1704569586 0
1704569590 4
1704569594 1
1704569598 0
1704569602 0
1704569606 0
1704569610 0
1704569614 0
1704569618 0
1704569622 0
1704569626 1
1704569630 1
1704569634 0
1704569638 1
1704569642 2
1704569646 0
1704569650 3
1704569654 1
1704569658 5
1704569662 4
1704569666 3
1704569670 0
1704569674 1
1704569678 2
1704569682 0
1704569686 0
1704569690 0
1704569694 0
1704569698 0
1704569702 1
1704569706 0
1704569710 1
1704569714 1
1704569718 0
1704569722 4
1704569726 1
1704569730 2
1704569734 1
1704569738 1
1704569742 1
1704569746 2
1704569750 0
1704569754 0
1704569758 1
1704569762 18
1704569766 1
1704569770 1
1704569774 1
1704569778 1
1704569782 1
1704569786 1
1704569790 0
1704569794 3
1704569798 0
1704569802 6
1704569806 6
1704569810 0
1704569814 1
1704569818 1
1704569822 0
1704569826 0
1704569830 1
1704569834 3
1704569838 2
1704569842 5
1704569846 3
1704569850 1
1704569854 2
1704569858 0
1704569862 0
1704569866 0
1704569870 7
1704569874 2
1704569878 0
1704569882 3
1704569886 6
1704569890 1
1704569894 3
1704569898 3
1704569902 4
1704569906 2
1704569910 1
1704569914 0
1704569918 1
1704569922 1
1704569926 0
1704569930 1
1704569934 1
1704569938 2
1704569942 4
1704569946 0
1704569950 3
1704569954 0
1704569958 0
1704569962 2
1704569966 1
1704569970 0
1704569974 0
1704569978 4
1704569982 0
1704569986 2
1704569990 0
1704569994 0
1704569998 0
1704570002 6
1704570006 6
1704570010 6
1704570014 0
1704570018 2
1704570022 2
1704570026 1
1704570030 0
1704570034 4
1704570038 2
1704570042 2
1704570046 5
1704570050 5
1704570054 0
1704570058 1
1704570062 1
1704570066 0
1704570070 3
1704570074 1
1704570078 1
1704570082 1
1704570086 4
1704570090 1
1704570094 1
1704570098 3
1704570102 2
1704570106 0
1704570110 2



# Sketch: 3
1704569514 0
1704569518 1
1704569522 1
1704569526 5
1704569530 4
1704569534 2
1704569538 1
1704569542 2
1704569546 0
1704569550 2
1704569554 1
1704569558 0
1704569562 0
1704569566 1
1704569570 1
1704569574 2
1704569578 4
1704569582 1
1704569586 1
1704569590 3
1704569594 1
1704569598 0
1704569602 0
1704569606 2
1704569610 3
1704569614 2
1704569618 0
1704569622 1
1704569626 5
1704569630 1
1704569634 1
1704569638 0
1704569642 0
1704569646 0
1704569650 5
1704569654 1
1704569658 2
1704569662 2
1704569666 0
1704569670 1
1704569674 4
1704569678 1
1704569682 0
1704569686 12
1704569690 3
1704569694 0
1704569698 1
1704569702 1
1704569706 1
1704569710 3
1704569714 0
1704569718 3
1704569722 3
1704569726 2
1704569730 0
1704569734 5
1704569738 1
1704569742 0
1704569746 0
1704569750 0
1704569754 2
1704569758 3
1704569762 0
1704569766 1
1704569770 4
1704569774 1
1704569778 1
1704569782 1
1704569786 4
1704569790 4
1704569794 1
1704569798 1
1704569802 8
1704569806 7
1704569810 3
1704569814 1
1704569818 3
1704569822 2
1704569826 0
1704569830 1
1704569834 1
1704569838 0
1704569842 3
1704569846 1
1704569850 0
1704569854 1
1704569858 1
1704569862 1
1704569866 0
1704569870 1
1704569874 3
1704569878 1
1704569882 0
1704569886 2
1704569890 3
1704569894 0
1704569898 1
1704569902 4
1704569906 8
1704569910 1
1704569914 4
1704569918 4
1704569922 0
1704569926 2
1704569930 0
1704569934 2
1704569938 1
1704569942 0
1704569946 3
1704569950 3
1704569954 0
1704569958 4
1704569962 1
1704569966 2
1704569970 2
1704569974 17
1704569978 6
1704569982 2
1704569986 3
1704569990 0
1704569994 2
1704569998 4
1704570002 2
1704570006 4
1704570010 10
1704570014 3
1704570018 1
1704570022 1
1704570026 2
1704570030 0
1704570034 3
1704570038 0
1704570042 1
1704570046 4
1704570050 0
1704570054 1
1704570058 4
1704570062 1
1704570066 0
1704570070 8
1704570074 16
1704570078 1
1704570082 2
1704570086 0
1704570090 0
1704570094 0
1704570098 2
1704570102 6
1704570106 2
1704570110 1



# Sketch: 4
1704569514 0
1704569518 0
1704569522 8
1704569526 2
1704569530 5
1704569534 1
1704569538 2
1704569542 2
1704569546 0
1704569550 2
1704569554 1
1704569558 2
1704569562 2
1704569566 0
1704569570 3
1704569574 5
1704569578 2
1704569582 1
1704569586 1
1704569590 0
1704569594 0
1704569598 0
1704569602 0
1704569606 4
1704569610 1
1704569614 0
1704569618 0
1704569622 2
1704569626 3
1704569630 0
1704569634 0
1704569638 2
1704569642 0
1704569646 0
1704569650 4
1704569654 4
1704569658 1
1704569662 0
1704569666 1
1704569670 2
1704569674 0
1704569678 0
1704569682 0
1704569686 1
1704569690 2
1704569694 1
1704569698 2
1704569702 0
1704569706 2
1704569710 0
1704569714 1
1704569718 2
1704569722 3
1704569726 2
1704569730 4
1704569734 2
1704569738 3
1704569742 0
1704569746 1
1704569750 2
1704569754 1
1704569758 4
1704569762 4
1704569766 2
1704569770 3
1704569774 9
1704569778 6
1704569782 1
1704569786 0
1704569790 4
1704569794 3
1704569798 0
1704569802 0
1704569806 3
1704569810 2
1704569814 0
1704569818 2
1704569822 0
1704569826 0
1704569830 2
1704569834 0
1704569838 3
1704569842 0
1704569846 2
1704569850 0
1704569854 10
1704569858 3
1704569862 2
1704569866 0
1704569870 2
1704569874 0
1704569878 0
1704569882 2
1704569886 1
1704569890 6
1704569894 2
1704569898 2
1704569902 5
1704569906 0
1704569910 3
1704569914 1
1704569918 0
1704569922 0
1704569926 0
1704569930 3
1704569934 3
1704569938 3
1704569942 1
1704569946 0
1704569950 0
1704569954 3
1704569958 4
1704569962 2
1704569966 0
1704569970 0
1704569974 2
1704569978 3
1704569982 0
1704569986 0
1704569990 0
1704569994 1
1704569998 2
1704570002 3
1704570006 0
1704570010 3
1704570014 0
1704570018 2
1704570022 0
1704570026 2
1704570030 4
1704570034 4
1704570038 4
1704570042 1
1704570046 0
1704570050 3
1704570054 1
1704570058 1
1704570062 0
1704570066 1
1704570070 3
1704570074 2
1704570078 2
1704570082 0
1704570086 3
1704570090 2
1704570094 1
1704570098 1
1704570102 7
1704570106 0
1704570110 5



# Sketch: 5
1704569514 1
1704569518 0
1704569522 3
1704569526 2
1704569530 5
1704569534 3
1704569538 1
1704569542 3
1704569546 1
1704569550 0
1704569554 2
1704569558 1
1704569562 1
1704569566 0
1704569570 1
1704569574 1
1704569578 5
1704569582 9
1704569586 2
1704569590 0
1704569594 6
1704569598 6
1704569602 0
1704569606 0
1704569610 0
1704569614 0
1704569618 0
1704569622 1
1704569626 0
1704569630 1
1704569634 0
1704569638 0
1704569642 3
1704569646 4
1704569650 2
1704569654 2
1704569658 2
1704569662 5
1704569666 1
1704569670 1
1704569674 14
1704569678 2
1704569682 0
1704569686 1
1704569690 0
1704569694 0
1704569698 0
1704569702 1
1704569706 2
1704569710 1
1704569714 2
1704569718 1
1704569722 0
1704569726 0
1704569730 4
1704569734 1
1704569738 0
1704569742 0
1704569746 5
1704569750 0
1704569754 1
1704569758 3
1704569762 5
1704569766 4
1704569770 1
1704569774 2
1704569778 4
1704569782 7
1704569786 1
1704569790 7
1704569794 0
1704569798 1
1704569802 0
1704569806 0
1704569810 0
1704569814 0
1704569818 0
1704569822 0
1704569826 0
1704569830 2
1704569834 0
1704569838 4
1704569842 0
1704569846 3
1704569850 2
1704569854 1
1704569858 0
1704569862 3
1704569866 0
1704569870 0
1704569874 1
1704569878 1
1704569882 4
1704569886 1
1704569890 7
1704569894 0
1704569898 1
1704569902 4
1704569906 7
1704569910 4
1704569914 1
1704569918 0
1704569922 1
1704569926 5
1704569930 0
1704569934 0
1704569938 2
1704569942 0
1704569946 2
1704569950 1
1704569954 5
1704569958 2
1704569962 1
1704569966 0
1704569970 0
1704569974 3
1704569978 2
1704569982 0
1704569986 0
1704569990 8
1704569994 1
1704569998 2
1704570002 5
1704570006 2
1704570010 4
1704570014 2
1704570018 1
1704570022 1
1704570026 2
1704570030 2
1704570034 4
1704570038 2
1704570042 0
1704570046 2
1704570050 0
1704570054 0
1704570058 0
1704570062 3
1704570066 0
1704570070 0
1704570074 2
1704570078 5
1704570082 0
1704570086 0
1704570090 1
1704570094 0
1704570098 0
1704570102 0
1704570106 2
1704570110 0



# Sketch: 6
1704569514 0
1704569518 1
1704569522 3
1704569526 0
1704569530 0
1704569534 2
1704569538 3
1704569542 3
1704569546 2
1704569550 1
1704569554 0
1704569558 2
1704569562 3
1704569566 2
1704569570 1
1704569574 0
1704569578 0
1704569582 6
1704569586 0
1704569590 0
1704569594 2
1704569598 10
1704569602 4
1704569606 1
1704569610 1
1704569614 2
1704569618 0
1704569622 1
1704569626 0
1704569630 3
1704569634 3
1704569638 1
1704569642 0
1704569646 0
1704569650 1
1704569654 0
1704569658 0
1704569662 0
1704569666 0
1704569670 0
1704569674 2
1704569678 1
1704569682 1
1704569686 1
1704569690 0
1704569694 0
1704569698 0
1704569702 4
1704569706 2
1704569710 2
1704569714 2
1704569718 0
1704569722 1
1704569726 0
1704569730 2
1704569734 1
1704569738 0
1704569742 4
1704569746 0
1704569750 0
1704569754 1
1704569758 2
1704569762 2
1704569766 3
1704569770 1
1704569774 3
1704569778 0
1704569782 0
1704569786 3
1704569790 4
1704569794 0
1704569798 8
1704569802 4
1704569806 1
1704569810 2
1704569814 0
1704569818 0
1704569822 0
1704569826 0
1704569830 0
1704569834 3
1704569838 9
1704569842 2
1704569846 5
1704569850 1
1704569854 1
1704569858 3
1704569862 1
1704569866 1
1704569870 0
1704569874 4
1704569878 0
1704569882 2
1704569886 0
1704569890 1
1704569894 0
1704569898 1
1704569902 1
1704569906 0
1704569910 0
1704569914 0
1704569918 2
1704569922 0
1704569926 8
1704569930 0
1704569934 0
1704569938 4
1704569942 3
1704569946 4
1704569950 10
1704569954 2
1704569958 8
1704569962 0
1704569966 1
1704569970 3
1704569974 0
1704569978 6
1704569982 4
1704569986 0
1704569990 0
1704569994 1
1704569998 0
1704570002 1
1704570006 0
1704570010 0
1704570014 5
1704570018 0
1704570022 3
1704570026 1
1704570030 1
1704570034 6
1704570038 0
1704570042 1
1704570046 0
1704570050 5
1704570054 0
1704570058 1
1704570062 4
1704570066 2
1704570070 1
1704570074 4
1704570078 3
1704570082 0
1704570086 0
1704570090 0
1704570094 1
1704570098 2
1704570102 1
1704570106 4
1704570110 0



# Sketch: 7
1704569514 2
1704569518 2
1704569522 5
1704569526 0
1704569530 7
1704569534 2
1704569538 1
1704569542 1
1704569546 4
1704569550 1
1704569554 1
1704569558 3
1704569562 2
1704569566 1
1704569570 0
1704569574 1
1704569578 4
1704569582 1
1704569586 2
1704569590 2
1704569594 0
1704569598 3
1704569602 1
1704569606 7
1704569610 1
1704569614 0
1704569618 0
1704569622 0
1704569626 0
1704569630 1
1704569634 6
1704569638 2
1704569642 4
1704569646 6
1704569650 3
1704569654 3
1704569658 2
1704569662 0
1704569666 1
1704569670 0
1704569674 1
1704569678 1
1704569682 1
1704569686 1
1704569690 2
1704569694 1
1704569698 2
1704569702 3
1704569706 1
1704569710 4
1704569714 0
1704569718 0
1704569722 1
1704569726 0
1704569730 2
1704569734 0
1704569738 1
1704569742 2
1704569746 3
1704569750 0
1704569754 2
1704569758 1
1704569762 1
1704569766 2
1704569770 2
1704569774 1
1704569778 3
1704569782 0
1704569786 2
1704569790 2
1704569794 3
1704569798 3
1704569802 14
1704569806 0
1704569810 0
1704569814 1
1704569818 3
1704569822 4
1704569826 0
1704569830 1
1704569834 2
1704569838 2
1704569842 0
1704569846 3
1704569850 2
1704569854 8
1704569858 1
1704569862 2
1704569866 5
1704569870 2
1704569874 7
1704569878 2
1704569882 1
1704569886 1
1704569890 5
1704569894 3
1704569898 1
1704569902 3
1704569906 0
1704569910 2
1704569914 3
1704569918 2
1704569922 0
1704569926 0
1704569930 4
1704569934 1
1704569938 3
1704569942 1
1704569946 1
1704569950 6
1704569954 1
1704569958 1
1704569962 6
1704569966 5
1704569970 1
1704569974 3
1704569978 0
1704569982 6
1704569986 4
1704569990 0
1704569994 1
1704569998 1
1704570002 2
1704570006 1
1704570010 5
1704570014 5
1704570018 0
1704570022 1
1704570026 8
1704570030 2
1704570034 3
1704570038 2
1704570042 0
1704570046 0
1704570050 2
1704570054 0
1704570058 3
1704570062 2
1704570066 2
1704570070 4
1704570074 1
1704570078 1
1704570082 0
1704570086 0
1704570090 0
1704570094 5
1704570098 3
1704570102 0
1704570106 4
1704570110 3



# Sketch: 8
1704569514 3
1704569518 2
1704569522 2
1704569526 1
1704569530 1
1704569534 0
1704569538 0
1704569542 0
1704569546 0
1704569550 0
1704569554 1
1704569558 1
1704569562 3
1704569566 0
1704569570 4
1704569574 0
1704569578 7
1704569582 2
1704569586 0
1704569590 4
1704569594 9
1704569598 2
1704569602 1
1704569606 0
1704569610 0
1704569614 0
1704569618 1
1704569622 3
1704569626 0
1704569630 0
1704569634 1
1704569638 0
1704569642 1
1704569646 0
1704569650 0
1704569654 0
1704569658 3
1704569662 0
1704569666 0
1704569670 0
1704569674 0
1704569678 1
1704569682 0
1704569686 1
1704569690 0
1704569694 0
1704569698 3
1704569702 2
1704569706 1
1704569710 2
1704569714 0
1704569718 0
1704569722 0
1704569726 1
1704569730 3
1704569734 0
1704569738 0
1704569742 4
1704569746 2
1704569750 1
1704569754 2
1704569758 1
1704569762 6
1704569766 3
1704569770 3
1704569774 0
1704569778 5
1704569782 0
1704569786 2
1704569790 2
1704569794 5
1704569798 2
1704569802 2
1704569806 2
1704569810 2
1704569814 1
1704569818 1
1704569822 3
1704569826 0
1704569830 1
1704569834 4
1704569838 2
1704569842 0
1704569846 0
1704569850 6
1704569854 2
1704569858 2
1704569862 2
1704569866 4
1704569870 1
1704569874 0
1704569878 2
1704569882 2
1704569886 0
1704569890 1
1704569894 0
1704569898 0
1704569902 2
1704569906 2
1704569910 0
1704569914 2
1704569918 1
1704569922 4
1704569926 1
1704569930 0
1704569934 0
1704569938 1
1704569942 1
1704569946 1
1704569950 0
1704569954 1
1704569958 0
1704569962 1
1704569966 7
1704569970 1
1704569974 0
1704569978 1
1704569982 0
1704569986 1
1704569990 3
1704569994 10
1704569998 1
1704570002 0
1704570006 1
1704570010 5
1704570014 0
1704570018 0
1704570022 1
1704570026 0
1704570030 2
1704570034 2
1704570038 0
1704570042 5
1704570046 1
1704570050 2
1704570054 1
1704570058 2
1704570062 3
1704570066 4
1704570070 3
1704570074 5
1704570078 1
1704570082 0
1704570086 1
1704570090 0
1704570094 3
1704570098 0
1704570102 10
1704570106 2
1704570110 3



# Sketch: 9
1704569514 2
1704569518 8
1704569522 8
1704569526 5
1704569530 2
1704569534 3
1704569538 4
1704569542 6
1704569546 0
1704569550 1
1704569554 3
1704569558 3
1704569562 2
1704569566 2
1704569570 3
1704569574 1
1704569578 2
1704569582 1
1704569586 3
1704569590 0
1704569594 0
1704569598 0
1704569602 0
1704569606 2
1704569610 2
1704569614 0
1704569618 1
1704569622 3
1704569626 0
1704569630 0
1704569634 0
1704569638 2
1704569642 6
1704569646 0
1704569650 5
1704569654 1
1704569658 1
1704569662 2
1704569666 1
1704569670 2
1704569674 1
1704569678 0
1704569682 3
1704569686 2
1704569690 2
1704569694 3
1704569698 0
1704569702 1
1704569706 1
1704569710 3
1704569714 2
1704569718 0
1704569722 0
1704569726 3
1704569730 2
1704569734 1
1704569738 0
1704569742 0
1704569746 2
1704569750 7
1704569754 24
1704569758 1
1704569762 6
1704569766 1
1704569770 3
1704569774 5
1704569778 0
1704569782 4
1704569786 0
1704569790 3
1704569794 0
1704569798 1
1704569802 5
1704569806 0
1704569810 4
1704569814 1
1704569818 0
1704569822 0
1704569826 1
1704569830 1
1704569834 6
1704569838 2
1704569842 3
1704569846 2
1704569850 1
1704569854 4
1704569858 3
1704569862 2
1704569866 4
1704569870 0
1704569874 0
1704569878 0
1704569882 7
1704569886 5
1704569890 3
1704569894 2
1704569898 3
1704569902 4
1704569906 2
1704569910 0
1704569914 0
1704569918 12
1704569922 5
1704569926 1
1704569930 1
1704569934 0
1704569938 0
1704569942 4
1704569946 0
1704569950 2
1704569954 0
1704569958 1
1704569962 4
1704569966 0
1704569970 1
1704569974 1
1704569978 5
1704569982 2
1704569986 0
1704569990 0
1704569994 0
1704569998 0
1704570002 2
1704570006 2
1704570010 0
1704570014 4
1704570018 1
1704570022 5
1704570026 1
1704570030 5
1704570034 5
1704570038 3
1704570042 7
1704570046 2
1704570050 5
1704570054 1
1704570058 1
1704570062 3
1704570066 7
1704570070 1
1704570074 0
1704570078 4
1704570082 2
1704570086 3
1704570090 5
1704570094 1
1704570098 3
1704570102 0
1704570106 3
1704570110 0



# Sketch: 10
1704569514 5
1704569518 4
1704569522 2
1704569526 2
1704569530 1
1704569534 2
1704569538 0
1704569542 0
1704569546 1
1704569550 0
1704569554 0
1704569558 2
1704569562 3
1704569566 1
1704569570 1
1704569574 7
1704569578 4
1704569582 2
1704569586 3
1704569590 0
1704569594 3
1704569598 3
1704569602 3
1704569606 2
1704569610 2
1704569614 5
1704569618 1
1704569622 0
1704569626 0
1704569630 1
1704569634 0
1704569638 9
1704569642 5
1704569646 1
1704569650 0
1704569654 0
1704569658 3
1704569662 5
1704569666 1
1704569670 0
1704569674 1
1704569678 1
1704569682 0
1704569686 4
1704569690 3
1704569694 7
1704569698 5
1704569702 4
1704569706 3
1704569710 1
1704569714 1
1704569718 2
1704569722 0
1704569726 4
1704569730 8
1704569734 3
1704569738 2
1704569742 1
1704569746 0
1704569750 2
1704569754 15
1704569758 3
1704569762 3
1704569766 1
1704569770 1
1704569774 2
1704569778 2
1704569782 0
1704569786 0
1704569790 1
1704569794 5
1704569798 4
1704569802 3
1704569806 2
1704569810 1
1704569814 0
1704569818 8
1704569822 0
1704569826 2
1704569830 2
1704569834 3
1704569838 2
1704569842 3
1704569846 3
1704569850 1
1704569854 0
1704569858 1
1704569862 2
1704569866 3
1704569870 2
1704569874 2
1704569878 2
1704569882 1
1704569886 0
1704569890 0
1704569894 2
1704569898 1
1704569902 0
1704569906 0
1704569910 1
1704569914 1
1704569918 1
1704569922 1
1704569926 2
1704569930 0
1704569934 1
1704569938 8
1704569942 1
1704569946 2
1704569950 2
1704569954 9
1704569958 9
1704569962 1
1704569966 3
1704569970 1
1704569974 3
1704569978 11
1704569982 3
1704569986 4
1704569990 2
1704569994 2
1704569998 0
1704570002 2
1704570006 1
1704570010 1
1704570014 2
1704570018 1
1704570022 4
1704570026 4
1704570030 6
1704570034 2
1704570038 1
1704570042 6
1704570046 4
1704570050 2
1704570054 2
1704570058 7
1704570062 5
1704570066 1
1704570070 2
1704570074 3
1704570078 0
1704570082 3
1704570086 3
1704570090 2
1704570094 2
1704570098 3
1704570102 2
1704570106 3
1704570110 5



# Sketch: 11
1704569514 2
1704569518 2
1704569522 6
1704569526 10
1704569530 2
1704569534 0
1704569538 1
1704569542 5
1704569546 1
1704569550 0
1704569554 2
1704569558 3
1704569562 1
1704569566 0
1704569570 1
1704569574 2
1704569578 2
1704569582 1
1704569586 2
1704569590 0
1704569594 11
1704569598 4
1704569602 2
1704569606 0
1704569610 1
1704569614 0
1704569618 0
1704569622 5
1704569626 2
1704569630 0
1704569634 5
1704569638 0
1704569642 0
1704569646 4
1704569650 0
1704569654 0
1704569658 3
1704569662 2
1704569666 1
1704569670 1
1704569674 2
1704569678 2
1704569682 2
1704569686 0
1704569690 0
1704569694 0
1704569698 0
1704569702 2
1704569706 0
1704569710 3
1704569714 0
1704569718 1
1704569722 0
1704569726 2
1704569730 4
1704569734 3
1704569738 1
1704569742 1
1704569746 4
1704569750 0
1704569754 0
1704569758 1
1704569762 6
1704569766 2
1704569770 5
1704569774 0
1704569778 1
1704569782 4
1704569786 3
1704569790 0
1704569794 1
1704569798 1
1704569802 0
1704569806 0
1704569810 0
1704569814 3
1704569818 2
1704569822 4
1704569826 0
1704569830 0
1704569834 0
1704569838 6
1704569842 2
1704569846 1
1704569850 2
1704569854 5
1704569858 11
1704569862 3
1704569866 1
1704569870 0
1704569874 0
1704569878 5
1704569882 4
1704569886 1
1704569890 4
1704569894 2
1704569898 1
1704569902 1
1704569906 2
1704569910 1
1704569914 0
1704569918 1
1704569922 2
1704569926 1
1704569930 0
1704569934 2
1704569938 3
1704569942 1
1704569946 0
1704569950 0
1704569954 0
1704569958 0
1704569962 2
1704569966 1
1704569970 1
1704569974 1
1704569978 1
1704569982 0
1704569986 4
1704569990 0
1704569994 0
1704569998 1
1704570002 3
1704570006 0
1704570010 3
1704570014 10
1704570018 1
1704570022 5
1704570026 4
1704570030 2
1704570034 5
1704570038 1
1704570042 1
1704570046 5
1704570050 3
1704570054 2
1704570058 3
1704570062 1
1704570066 3
1704570070 1
1704570074 1
1704570078 2
1704570082 2
1704570086 0
1704570090 1
1704570094 0
1704570098 1
1704570102 1
1704570106 1
1704570110 1



# Sketch: 12
1704569514 1
1704569518 0
1704569522 1
1704569526 6
1704569530 0
1704569534 0
1704569538 0
1704569542 3
1704569546 1
1704569550 0
1704569554 5
1704569558 8
1704569562 1
1704569566 4
1704569570 0
1704569574 1
1704569578 0
1704569582 0
1704569586 2
1704569590 2
1704569594 2
1704569598 8
1704569602 1
1704569606 0
1704569610 3
1704569614 0
1704569618 3
1704569622 4
1704569626 2
1704569630 0
1704569634 2
1704569638 1
1704569642 1
1704569646 2
1704569650 0
1704569654 1
1704569658 4
1704569662 3
1704569666 1
1704569670 2
1704569674 19
1704569678 3
1704569682 5
1704569686 1
1704569690 0
1704569694 0
1704569698 5
1704569702 1
1704569706 3
1704569710 3
1704569714 0
1704569718 3
1704569722 4
1704569726 0
1704569730 3
1704569734 0
1704569738 1
1704569742 2
1704569746 0
1704569750 2
1704569754 2
1704569758 0
1704569762 3
1704569766 1
1704569770 2
1704569774 1
1704569778 3
1704569782 1
1704569786 1
1704569790 1
1704569794 0
1704569798 1
1704569802 6
1704569806 2
1704569810 1
1704569814 1
1704569818 2
1704569822 1
1704569826 1
1704569830 1
1704569834 0
1704569838 1
1704569842 6
1704569846 9
1704569850 2
1704569854 5
1704569858 1
1704569862 6
1704569866 2
1704569870 0
1704569874 1
1704569878 2
1704569882 3
1704569886 1
1704569890 0
1704569894 3
1704569898 0
1704569902 1
1704569906 0
1704569910 0
1704569914 2
1704569918 0
1704569922 12
1704569926 4
1704569930 0
1704569934 0
1704569938 1
1704569942 1
1704569946 4
1704569950 5
1704569954 1
1704569958 0
1704569962 2
1704569966 1
1704569970 1
1704569974 1
1704569978 0
1704569982 0
1704569986 1
1704569990 0
1704569994 3
1704569998 0
1704570002 7
1704570006 2
1704570010 5
1704570014 0
1704570018 2
1704570022 7
1704570026 0
1704570030 3
1704570034 3
1704570038 3
1704570042 1
1704570046 0
1704570050 1
1704570054 1
1704570058 0
1704570062 0
1704570066 6
1704570070 6
1704570074 0
1704570078 0
1704570082 1
1704570086 2
1704570090 1
1704570094 2
1704570098 0
1704570102 6
1704570106 1
1704570110 2



# Sketch: 13
1704569514 1
1704569518 2
1704569522 4
1704569526 4
1704569530 2
1704569534 10
1704569538 0
1704569542 3
1704569546 1
1704569550 5
1704569554 1
1704569558 1
1704569562 3
1704569566 2
1704569570 1
1704569574 1
1704569578 5
1704569582 1
1704569586 0
1704569590 3
1704569594 2
1704569598 12
1704569602 1
1704569606 5
1704569610 0
1704569614 2
1704569618 0
1704569622 3
1704569626 1
1704569630 5
1704569634 1
1704569638 6
1704569642 1
1704569646 0
1704569650 1
1704569654 0
1704569658 2
1704569662 0
1704569666 0
1704569670 1
1704569674 0
1704569678 1
1704569682 0
1704569686 0
1704569690 0
1704569694 3
1704569698 7
1704569702 7
1704569706 3
1704569710 2
1704569714 10
1704569718 0
1704569722 1
1704569726 2
1704569730 3
1704569734 0
1704569738 2
1704569742 0
1704569746 2
1704569750 2
1704569754 0
1704569758 0
1704569762 0
1704569766 2
1704569770 7
1704569774 2
1704569778 1
1704569782 3
1704569786 0
1704569790 0
1704569794 1
1704569798 3
1704569802 0
1704569806 3
1704569810 2
1704569814 3
1704569818 3
1704569822 4
1704569826 4
1704569830 0
1704569834 7
1704569838 1
1704569842 5
1704569846 3
1704569850 4
1704569854 5
1704569858 0
1704569862 2
1704569866 1
1704569870 0
1704569874 4
1704569878 2
1704569882 3
1704569886 0
1704569890 2
1704569894 0
1704569898 3
1704569902 13
1704569906 6
1704569910 14
1704569914 0
1704569918 1
1704569922 1
1704569926 2
1704569930 0
1704569934 2
1704569938 8
1704569942 2
1704569946 1
1704569950 3
1704569954 2
1704569958 7
1704569962 6
1704569966 4
1704569970 1
1704569974 4
1704569978 5
1704569982 2
1704569986 0
1704569990 5
1704569994 6
1704569998 2
1704570002 3
1704570006 4
1704570010 2
1704570014 5
1704570018 2
1704570022 2
1704570026 3
1704570030 4
1704570034 2
1704570038 1
1704570042 0
1704570046 1
1704570050 2
1704570054 0
1704570058 5
1704570062 5
1704570066 3
1704570070 1
1704570074 26
1704570078 4
1704570082 0
1704570086 3
1704570090 3
1704570094 1
1704570098 3
1704570102 1
1704570106 2
1704570110 6



# Sketch: 14
1704569514 0
1704569518 14
1704569522 20
1704569526 8
1704569530 6
1704569534 0
1704569538 3
1704569542 2
1704569546 2
1704569550 2
1704569554 1
1704569558 8
1704569562 3
1704569566 4
1704569570 1
1704569574 0
1704569578 3
1704569582 1
1704569586 2
1704569590 1
1704569594 2
1704569598 3
1704569602 1
1704569606 1
1704569610 1
1704569614 0
1704569618 5
1704569622 5
1704569626 7
1704569630 16
1704569634 1
1704569638 2
1704569642 5
1704569646 0
1704569650 1
1704569654 7
1704569658 1
1704569662 1
1704569666 1
1704569670 0
1704569674 1
1704569678 29
1704569682 4
1704569686 0
1704569690 0
1704569694 0
1704569698 1
1704569702 1
1704569706 2
1704569710 4
1704569714 0
1704569718 3
1704569722 0
1704569726 1
1704569730 0
1704569734 3
1704569738 0
1704569742 2
1704569746 1
1704569750 0
1704569754 1
1704569758 5
1704569762 7
1704569766 3
1704569770 5
1704569774 5
1704569778 2
1704569782 3
1704569786 14
1704569790 4
1704569794 0
1704569798 2
1704569802 1
1704569806 0
1704569810 3
1704569814 0
1704569818 1
1704569822 2
1704569826 2
1704569830 1
1704569834 3
1704569838 2
1704569842 0
1704569846 2
1704569850 0
1704569854 0
1704569858 5
1704569862 1
1704569866 2
1704569870 0
1704569874 5
1704569878 4
1704569882 3
1704569886 2
1704569890 2
1704569894 0
1704569898 1
1704569902 2
1704569906 2
1704569910 1
1704569914 2
1704569918 3
1704569922 0
1704569926 2
1704569930 1
1704569934 0
1704569938 2
1704569942 0
1704569946 0
1704569950 1
1704569954 2
1704569958 1
1704569962 3
1704569966 0
1704569970 0
1704569974 1
1704569978 2
1704569982 1
1704569986 0
1704569990 2
1704569994 3
1704569998 0
1704570002 4
1704570006 1
1704570010 5
1704570014 1
1704570018 4
1704570022 5
1704570026 0
1704570030 2
1704570034 0
1704570038 0
1704570042 0
1704570046 2
1704570050 3
1704570054 4
1704570058 4
1704570062 1
1704570066 3
1704570070 2
1704570074 1
1704570078 2
1704570082 2
1704570086 1
1704570090 1
1704570094 1
1704570098 2
1704570102 0
1704570106 1
1704570110 0



# Sketch: 15
1704569514 2
1704569518 0
1704569522 3
1704569526 3
1704569530 4
1704569534 4
1704569538 0
1704569542 2
1704569546 2
1704569550 0
1704569554 1
1704569558 1
1704569562 0
1704569566 2
1704569570 0
1704569574 1
1704569578 0
1704569582 1
1704569586 4
1704569590 3
1704569594 0
1704569598 1
1704569602 2
1704569606 2
1704569610 0
1704569614 3
1704569618 1
1704569622 1
1704569626 2
1704569630 1
1704569634 2
1704569638 3
1704569642 6
1704569646 1
1704569650 4
1704569654 3
1704569658 3
1704569662 1
1704569666 0
1704569670 0
1704569674 1
1704569678 0
1704569682 0
1704569686 1
1704569690 0
1704569694 0
1704569698 1
1704569702 1
1704569706 4
1704569710 1
1704569714 0
1704569718 2
1704569722 3
1704569726 2
1704569730 2
1704569734 2
1704569738 3
1704569742 0
1704569746 2
1704569750 1
1704569754 3
1704569758 2
1704569762 20
1704569766 1
1704569770 2
1704569774 3
1704569778 7
1704569782 6
1704569786 2
1704569790 4
1704569794 1
1704569798 0
1704569802 1
1704569806 1
1704569810 0
1704569814 0
1704569818 3
1704569822 0
1704569826 0
1704569830 0
1704569834 2
1704569838 2
1704569842 0
1704569846 2
1704569850 0
1704569854 3
1704569858 1
1704569862 1
1704569866 1
1704569870 3
1704569874 0
1704569878 2
1704569882 4
1704569886 1
1704569890 1
1704569894 6
1704569898 4
1704569902 4
1704569906 1
1704569910 4
1704569914 2
1704569918 1
1704569922 0
1704569926 3
1704569930 0
1704569934 3
1704569938 15
1704569942 0
1704569946 0
1704569950 2
1704569954 1
1704569958 3
1704569962 6
1704569966 4
1704569970 1
1704569974 0
1704569978 0
1704569982 2
1704569986 0
1704569990 0
1704569994 0
1704569998 4
1704570002 5
1704570006 0
1704570010 7
1704570014 1
1704570018 3
1704570022 2
1704570026 3
1704570030 2
1704570034 4
1704570038 3
1704570042 2
1704570046 1
1704570050 4
1704570054 1
1704570058 1
1704570062 1
1704570066 1
1704570070 0
1704570074 1
1704570078 1
1704570082 2
1704570086 0
1704570090 3
1704570094 3
1704570098 4
1704570102 3
1704570106 1
1704570110 0



# Sketch: 16
1704569514 0
1704569518 1
1704569522 5
1704569526 10
1704569530 2
1704569534 3
1704569538 0
1704569542 2
1704569546 0
1704569550 2
1704569554 0
1704569558 1
1704569562 2
1704569566 0
1704569570 3
1704569574 1
1704569578 2
1704569582 1
1704569586 1
1704569590 4
1704569594 0
1704569598 1
1704569602 1
1704569606 4
1704569610 1
1704569614 0
1704569618 0
1704569622 4
1704569626 0
1704569630 1
1704569634 1
1704569638 1
1704569642 1
1704569646 2
1704569650 5
1704569654 2
1704569658 2
1704569662 1
1704569666 1
1704569670 2
1704569674 0
1704569678 1
1704569682 0
1704569686 0
1704569690 0
1704569694 0
1704569698 0
1704569702 6
1704569706 0
1704569710 3
1704569714 1
1704569718 2
1704569722 3
1704569726 3
1704569730 0
1704569734 1
1704569738 4
1704569742 1
1704569746 4
1704569750 1
1704569754 3
1704569758 0
1704569762 4
1704569766 1
1704569770 1
1704569774 2
1704569778 3
1704569782 1
1704569786 3
1704569790 1
1704569794 6
1704569798 3
1704569802 10
1704569806 1
1704569810 0
1704569814 6
1704569818 1
1704569822 0
1704569826 2
1704569830 0
1704569834 1
1704569838 3
1704569842 1
1704569846 3
1704569850 0
1704569854 3
1704569858 2
1704569862 0
1704569866 3
1704569870 0
1704569874 0
1704569878 1
1704569882 2
1704569886 2
1704569890 3
1704569894 4
1704569898 3
1704569902 0
1704569906 9
1704569910 2
1704569914 1
1704569918 1
1704569922 2
1704569926 0
1704569930 1
1704569934 1
1704569938 0
1704569942 2
1704569946 1
1704569950 0
1704569954 0
1704569958 0
1704569962 1
1704569966 3
1704569970 4
1704569974 1
1704569978 0
1704569982 1
1704569986 0
1704569990 1
1704569994 3
1704569998 5
1704570002 9
1704570006 0
1704570010 4
1704570014 3
1704570018 0
1704570022 1
1704570026 2
1704570030 0
1704570034 3
1704570038 1
1704570042 7
1704570046 13
1704570050 1
1704570054 0
1704570058 0
1704570062 0
1704570066 1
1704570070 1
1704570074 1
1704570078 2
1704570082 3
1704570086 3
1704570090 3
1704570094 1
1704570098 3
1704570102 0
1704570106 1
1704570110 1



# Sketch: 17
1704569514 2
1704569518 6
1704569522 1
1704569526 1
1704569530 0
1704569534 0
1704569538 5
1704569542 2
1704569546 1
1704569550 1
1704569554 6
1704569558 3
1704569562 0
1704569566 3
1704569570 1
1704569574 1
1704569578 2
1704569582 6
1704569586 3
1704569590 0
1704569594 5
1704569598 2
1704569602 2
1704569606 3
1704569610 2
1704569614 1
1704569618 1
1704569622 2
1704569626 2
1704569630 1
1704569634 1
1704569638 2
1704569642 0
1704569646 2
1704569650 0
1704569654 2
1704569658 0
1704569662 2
1704569666 2
1704569670 0
1704569674 3
1704569678 0
1704569682 3
1704569686 0
1704569690 4
1704569694 0
1704569698 0
1704569702 3
1704569706 3
1704569710 0
1704569714 2
1704569718 2
1704569722 2
1704569726 1
1704569730 1
1704569734 0
1704569738 0
1704569742 0
1704569746 2
1704569750 1
1704569754 1
1704569758 1
1704569762 1
1704569766 1
1704569770 1
1704569774 0
1704569778 1
1704569782 1
1704569786 4
1704569790 1
1704569794 3
1704569798 0
1704569802 1
1704569806 4
1704569810 0
1704569814 1
1704569818 6
1704569822 4
1704569826 6
1704569830 1
1704569834 4
1704569838 6
1704569842 0
1704569846 2
1704569850 1
1704569854 2
1704569858 4
1704569862 1
1704569866 0
1704569870 1
1704569874 1
1704569878 1
1704569882 0
1704569886 6
1704569890 2
1704569894 1
1704569898 1
1704569902 0
1704569906 2
1704569910 1
1704569914 0
1704569918 0
1704569922 0
1704569926 0
1704569930 1
1704569934 2
1704569938 1
1704569942 4
1704569946 2
1704569950 3
1704569954 5
1704569958 0
1704569962 2
1704569966 1
1704569970 0
1704569974 1
1704569978 2
1704569982 0
1704569986 0
1704569990 0
1704569994 4
1704569998 6
1704570002 2
1704570006 0
1704570010 4
1704570014 3
1704570018 0
1704570022 2
1704570026 1
1704570030 3
1704570034 6
1704570038 1
1704570042 1
1704570046 1
1704570050 4
1704570054 1
1704570058 0
1704570062 1
1704570066 2
1704570070 0
1704570074 0
1704570078 0
1704570082 1
1704570086 4
1704570090 0
1704570094 0
1704570098 5
1704570102 3
1704570106 1
1704570110 2



# Sketch: 18
1704569514 0
1704569518 0
1704569522 3
1704569526 1
1704569530 2
1704569534 1
1704569538 0
1704569542 1
1704569546 5
1704569550 0
1704569554 0
1704569558 1
1704569562 6
1704569566 1
1704569570 3
1704569574 5
1704569578 0
1704569582 1
1704569586 3
1704569590 1
1704569594 2
1704569598 0
1704569602 1
1704569606 2
1704569610 3
1704569614 3
1704569618 2
1704569622 1
1704569626 0
1704569630 3
1704569634 1
1704569638 2
1704569642 0
1704569646 5
1704569650 2
1704569654 5
1704569658 1
1704569662 0
1704569666 0
1704569670 0
1704569674 1
1704569678 0
1704569682 0
1704569686 0
1704569690 0
1704569694 0
1704569698 1
1704569702 3
1704569706 7
1704569710 0
1704569714 5
1704569718 2
1704569722 2
1704569726 2
1704569730 0
1704569734 1
1704569738 0
1704569742 3
1704569746 1
1704569750 2
1704569754 2
1704569758 1
1704569762 12
1704569766 1
1704569770 1
1704569774 0
1704569778 1
1704569782 3
1704569786 0
1704569790 3
1704569794 0
1704569798 1
1704569802 0
1704569806 0
1704569810 1
1704569814 1
1704569818 1
1704569822 5
1704569826 1
1704569830 0
1704569834 0
1704569838 1
1704569842 0
1704569846 0
1704569850 1
1704569854 1
1704569858 0
1704569862 0
1704569866 0
1704569870 1
1704569874 4
1704569878 3
1704569882 0
1704569886 1
1704569890 2
1704569894 0
1704569898 0
1704569902 2
1704569906 1
1704569910 1
1704569914 3
1704569918 13
1704569922 9
1704569926 3
1704569930 0
1704569934 1
1704569938 1
1704569942 5
1704569946 2
1704569950 0
1704569954 2
1704569958 1
1704569962 0
1704569966 1
1704569970 0
1704569974 2
1704569978 0
1704569982 2
1704569986 0
1704569990 7
1704569994 2
1704569998 4
1704570002 4
1704570006 2
1704570010 1
1704570014 1
1704570018 2
1704570022 5
1704570026 1
1704570030 1
1704570034 0
1704570038 2
1704570042 3
1704570046 3
1704570050 6
1704570054 0
1704570058 2
1704570062 1
1704570066 0
1704570070 1
1704570074 1
1704570078 0
1704570082 0
1704570086 1
1704570090 8
1704570094 0
1704570098 0
1704570102 1
1704570106 3
1704570110 2



# Sketch: 19
1704569514 0
1704569518 2
1704569522 0
1704569526 1
1704569530 1
1704569534 2
1704569538 4
1704569542 0
1704569546 8
1704569550 2
1704569554 0
1704569558 1
1704569562 2
1704569566 1
1704569570 1
1704569574 0
1704569578 0
1704569582 1
1704569586 0
1704569590 0
1704569594 0
1704569598 2
1704569602 4
1704569606 1
1704569610 3
1704569614 1
1704569618 0
1704569622 2
1704569626 2
1704569630 0
1704569634 1
1704569638 2
1704569642 3
1704569646 2
1704569650 0
1704569654 1
1704569658 0
1704569662 0
1704569666 1
1704569670 0
1704569674 0
1704569678 1
1704569682 0
1704569686 1
1704569690 0
1704569694 0
1704569698 0
1704569702 1
1704569706 1
1704569710 3
1704569714 5
1704569718 2
1704569722 1
1704569726 13
1704569730 0
1704569734 1
1704569738 0
1704569742 1
1704569746 0
1704569750 4
1704569754 7
1704569758 1
1704569762 1
1704569766 1
1704569770 2
1704569774 1
1704569778 0
1704569782 0
1704569786 0
1704569790 1
1704569794 3
1704569798 6
1704569802 7
1704569806 0
1704569810 1
1704569814 2
1704569818 1
1704569822 1
1704569826 1
1704569830 3
1704569834 0
1704569838 6
1704569842 0
1704569846 2
1704569850 0
1704569854 2
1704569858 4
1704569862 0
1704569866 0
1704569870 1
1704569874 0
1704569878 6
1704569882 1
1704569886 0
1704569890 4
1704569894 0
1704569898 3
1704569902 4
1704569906 0
1704569910 2
1704569914 1
1704569918 0
1704569922 2
1704569926 0
1704569930 0
1704569934 0
1704569938 0
1704569942 1
1704569946 0
1704569950 2
1704569954 1
1704569958 1
1704569962 3
1704569966 1
1704569970 1
1704569974 0
1704569978 0
1704569982 2
1704569986 0
1704569990 1
1704569994 24
1704569998 6
1704570002 1
1704570006 9
1704570010 1
1704570014 1
1704570018 0
1704570022 0
1704570026 6
1704570030 0
1704570034 0
1704570038 2
1704570042 3
1704570046 7
1704570050 2
1704570054 3
1704570058 3
1704570062 2
1704570066 2
1704570070 1
1704570074 3
1704570078 0
1704570082 0
1704570086 2
1704570090 2
1704570094 1
1704570098 6
1704570102 0
1704570106 1
1704570110 0



# Sketch: 20
1704569514 0
1704569518 2
1704569522 0
1704569526 0
1704569530 6
1704569534 2
1704569538 1
1704569542 2
1704569546 1
1704569550 0
1704569554 0
1704569558 0
1704569562 1
1704569566 2
1704569570 0
1704569574 1
1704569578 0
1704569582 1
1704569586 1
1704569590 1
1704569594 4
1704569598 1
1704569602 3
1704569606 2
1704569610 0
1704569614 0
1704569618 0
1704569622 0
1704569626 1
1704569630 0
1704569634 5
1704569638 1
1704569642 2
1704569646 2
1704569650 3
1704569654 0
1704569658 0
1704569662 3
1704569666 1
1704569670 3
1704569674 1
1704569678 0
1704569682 2
1704569686 4
1704569690 0
1704569694 0
1704569698 0
1704569702 0
1704569706 1
1704569710 0
1704569714 3
1704569718 2
1704569722 3
1704569726 0
1704569730 2
1704569734 0
1704569738 2
1704569742 1
1704569746 0
1704569750 1
1704569754 2
1704569758 1
1704569762 4
1704569766 4
1704569770 3
1704569774 1
1704569778 1
1704569782 1
1704569786 2
1704569790 1
1704569794 7
1704569798 1
1704569802 4
1704569806 3
1704569810 4
1704569814 3
1704569818 5
1704569822 1
1704569826 6
1704569830 5
1704569834 4
1704569838 2
1704569842 1
1704569846 3
1704569850 2
1704569854 0
1704569858 4
1704569862 0
1704569866 1
1704569870 0
1704569874 0
1704569878 1
1704569882 1
1704569886 0
1704569890 0
1704569894 0
1704569898 1
1704569902 3
1704569906 0
1704569910 0
1704569914 1
1704569918 0
1704569922 3
1704569926 4
1704569930 1
1704569934 2
1704569938 0
1704569942 0
1704569946 0
1704569950 1
1704569954 0
1704569958 1
1704569962 4
1704569966 0
1704569970 0
1704569974 5
1704569978 2
1704569982 0
1704569986 0
1704569990 0
1704569994 1
1704569998 1
1704570002 1
1704570006 0
1704570010 9
1704570014 0
1704570018 2
1704570022 1
1704570026 3
1704570030 2
1704570034 4
1704570038 0
1704570042 1
1704570046 1
1704570050 1
1704570054 0
1704570058 2
1704570062 2
1704570066 4
1704570070 1
1704570074 5
1704570078 0
1704570082 1
1704570086 3
1704570090 2
1704570094 1
1704570098 2
1704570102 5
1704570106 0
1704570110 3



# Sketch: 21
1704569514 1
1704569518 0
1704569522 4
1704569526 0
1704569530 2
1704569534 2
1704569538 5
1704569542 8
1704569546 0
1704569550 1
1704569554 2
1704569558 2
1704569562 0
1704569566 1
1704569570 3
1704569574 2
1704569578 1
1704569582 1
1704569586 4
1704569590 2
1704569594 6
1704569598 1
1704569602 4
1704569606 1
1704569610 4
1704569614 0
1704569618 2
1704569622 0
1704569626 2
1704569630 1
1704569634 1
1704569638 1
1704569642 5
1704569646 1
1704569650 0
1704569654 6
1704569658 1
1704569662 2
1704569666 1
1704569670 6
1704569674 0
1704569678 1
1704569682 0
1704569686 1
1704569690 1
1704569694 5
1704569698 0
1704569702 0
1704569706 1
1704569710 2
1704569714 0
1704569718 1
1704569722 2
1704569726 0
1704569730 0
1704569734 2
1704569738 1
1704569742 3
1704569746 0
1704569750 0
1704569754 2
1704569758 3
1704569762 5
1704569766 2
1704569770 5
1704569774 0
1704569778 0
1704569782 1
1704569786 1
1704569790 1
1704569794 8
1704569798 1
1704569802 11
1704569806 3
1704569810 0
1704569814 5
1704569818 6
1704569822 7
1704569826 0
1704569830 1
1704569834 0
1704569838 2
1704569842 2
1704569846 2
1704569850 6
1704569854 1
1704569858 0
1704569862 1
1704569866 0
1704569870 1
1704569874 0
1704569878 0
1704569882 3
1704569886 0
1704569890 6
1704569894 0
1704569898 1
1704569902 1
1704569906 2
1704569910 0
1704569914 8
1704569918 0
1704569922 1
1704569926 1
1704569930 0
1704569934 0
1704569938 2
1704569942 8
1704569946 1
1704569950 1
1704569954 2
1704569958 0
1704569962 2
1704569966 0
1704569970 1
1704569974 0
1704569978 2
1704569982 0
1704569986 1
1704569990 0
1704569994 0
1704569998 7
1704570002 1
1704570006 2
1704570010 1
1704570014 1
1704570018 3
1704570022 3
1704570026 1
1704570030 1
1704570034 0
1704570038 1
1704570042 1
1704570046 0
1704570050 5
1704570054 1
1704570058 2
1704570062 5
1704570066 2
1704570070 0
1704570074 0
1704570078 1
1704570082 2
1704570086 2
1704570090 2
1704570094 3
1704570098 2
1704570102 5
1704570106 1
1704570110 2



# Sketch: 22
1704569514 7
1704569518 2
1704569522 7
1704569526 2
1704569530 0
1704569534 1
1704569538 0
1704569542 1
1704569546 0
1704569550 2
1704569554 0
1704569558 4
1704569562 2
1704569566 1
1704569570 1
1704569574 0
1704569578 0
1704569582 1
1704569586 3
1704569590 3
1704569594 1
1704569598 0
1704569602 5
1704569606 1
1704569610 0
1704569614 0
1704569618 2
1704569622 0
1704569626 0
1704569630 0
1704569634 1
1704569638 3
1704569642 2
1704569646 1
1704569650 0
1704569654 0
1704569658 0
1704569662 1
1704569666 3
1704569670 0
1704569674 0
1704569678 5
1704569682 2
1704569686 0
1704569690 0
1704569694 0
1704569698 0
1704569702 0
1704569706 2
1704569710 3
1704569714 1
1704569718 2
1704569722 1
1704569726 0
1704569730 2
1704569734 0
1704569738 0
1704569742 3
1704569746 3
1704569750 0
1704569754 0
1704569758 0
1704569762 6
1704569766 1
1704569770 1
1704569774 1
1704569778 2
1704569782 0
1704569786 0
1704569790 5
1704569794 2
1704569798 0
1704569802 5
1704569806 1
1704569810 2
1704569814 0
1704569818 1
1704569822 6
1704569826 3
1704569830 0
1704569834 0
1704569838 4
1704569842 11
1704569846 3
1704569850 0
1704569854 0
1704569858 0
1704569862 0
1704569866 0
1704569870 2
1704569874 1
1704569878 4
1704569882 4
1704569886 5
1704569890 3
1704569894 0
1704569898 0
1704569902 1
1704569906 1
1704569910 2
1704569914 2
1704569918 2
1704569922 0
1704569926 1
1704569930 2
1704569934 2
1704569938 0
1704569942 0
1704569946 1
1704569950 0
1704569954 0
1704569958 1
1704569962 0
1704569966 1
1704569970 1
1704569974 0
1704569978 1
1704569982 3
1704569986 3
1704569990 0
1704569994 0
1704569998 0
1704570002 3
1704570006 0
1704570010 1
1704570014 1
1704570018 1
1704570022 2
1704570026 2
1704570030 1
1704570034 6
1704570038 2
1704570042 3
1704570046 0
1704570050 1
1704570054 0
1704570058 1
1704570062 0
1704570066 1
1704570070 3
1704570074 0
1704570078 3
1704570082 1
1704570086 2
1704570090 4
1704570094 0
1704570098 4
1704570102 2
1704570106 1
1704570110 7



# Sketch: 23
1704569514 1
1704569518 5
1704569522 9
1704569526 3
1704569530 5
1704569534 0
1704569538 1
1704569542 2
1704569546 2
1704569550 2
1704569554 1
1704569558 2
1704569562 4
1704569566 5
1704569570 2
1704569574 2
1704569578 4
1704569582 2
1704569586 3
1704569590 4
1704569594 3
1704569598 1
1704569602 1
1704569606 0
1704569610 1
1704569614 0
1704569618 0
1704569622 5
1704569626 3
1704569630 2
1704569634 0
1704569638 7
1704569642 3
1704569646 3
1704569650 5
1704569654 0
1704569658 5
1704569662 2
1704569666 0
1704569670 2
1704569674 11
1704569678 2
1704569682 4
1704569686 2
1704569690 0
1704569694 1
1704569698 0
1704569702 13
1704569706 2
1704569710 1
1704569714 0
1704569718 1
1704569722 1
1704569726 2
1704569730 2
1704569734 0
1704569738 0
1704569742 2
1704569746 2
1704569750 1
1704569754 1
1704569758 2
1704569762 7
1704569766 4
1704569770 3
1704569774 2
1704569778 6
1704569782 2
1704569786 0
1704569790 2
1704569794 7
1704569798 1
1704569802 8
1704569806 1
1704569810 2
1704569814 0
1704569818 0
1704569822 1
1704569826 1
1704569830 5
1704569834 1
1704569838 7
1704569842 2
1704569846 1
1704569850 1
1704569854 0
1704569858 1
1704569862 1
1704569866 1
1704569870 0
1704569874 1
1704569878 5
1704569882 4
1704569886 0
1704569890 3
1704569894 1
1704569898 0
1704569902 5
1704569906 0
1704569910 1
1704569914 2
1704569918 2
1704569922 1
1704569926 2
1704569930 10
1704569934 2
1704569938 5
1704569942 6
1704569946 2
1704569950 1
1704569954 4
1704569958 2
1704569962 6
1704569966 2
1704569970 4
1704569974 9
1704569978 1
1704569982 2
1704569986 2
1704569990 3
1704569994 1
1704569998 2
1704570002 4
1704570006 5
1704570010 4
1704570014 3
1704570018 0
1704570022 5
1704570026 3
1704570030 2
1704570034 5
1704570038 3
1704570042 1
1704570046 1
1704570050 1
1704570054 0
1704570058 1
1704570062 1
1704570066 0
1704570070 1
1704570074 2
1704570078 1
1704570082 2
1704570086 1
1704570090 2
1704570094 1
1704570098 2
1704570102 2
1704570106 2
1704570110 0



# Sketch: 24
1704569514 2
1704569518 1
1704569522 0
1704569526 3
1704569530 2
1704569534 2
1704569538 0
1704569542 5
1704569546 1
1704569550 0
1704569554 3
1704569558 3
1704569562 17
1704569566 1
1704569570 1
1704569574 1
1704569578 0
1704569582 1
1704569586 2
1704569590 0
1704569594 1
1704569598 0
1704569602 1
1704569606 15
1704569610 2
1704569614 0
1704569618 1
1704569622 1
1704569626 0
1704569630 2
1704569634 0
1704569638 1
1704569642 4
1704569646 4
1704569650 2
1704569654 4
1704569658 1
1704569662 1
1704569666 2
1704569670 2
1704569674 3
1704569678 0
1704569682 1
1704569686 5
1704569690 3
1704569694 5
1704569698 1
1704569702 4
1704569706 2
1704569710 1
1704569714 1
1704569718 0
1704569722 2
1704569726 1
1704569730 1
1704569734 9
1704569738 1
1704569742 2
1704569746 1
1704569750 2
1704569754 6
1704569758 4
1704569762 2
1704569766 3
1704569770 0
1704569774 2
1704569778 2
1704569782 1
1704569786 3
1704569790 1
1704569794 1
1704569798 2
1704569802 3
1704569806 1
1704569810 2
1704569814 3
1704569818 0
1704569822 1
1704569826 1
1704569830 2
1704569834 7
1704569838 1
1704569842 1
1704569846 1
1704569850 0
1704569854 6
1704569858 1
1704569862 4
1704569866 1
1704569870 0
1704569874 0
1704569878 2
1704569882 1
1704569886 4
1704569890 2
1704569894 3
1704569898 0
1704569902 7
1704569906 0
1704569910 0
1704569914 0
1704569918 0
1704569922 5
1704569926 0
1704569930 3
1704569934 0
1704569938 1
1704569942 2
1704569946 2
1704569950 1
1704569954 2
1704569958 0
1704569962 0
1704569966 7
1704569970 2
1704569974 0
1704569978 0
1704569982 2
1704569986 3
1704569990 18
1704569994 3
1704569998 0
1704570002 0
1704570006 0
1704570010 0
1704570014 3
1704570018 5
1704570022 4
1704570026 1
1704570030 1
1704570034 6
1704570038 0
1704570042 11
1704570046 3
1704570050 2
1704570054 2
1704570058 2
1704570062 4
1704570066 2
1704570070 0
1704570074 3
1704570078 1
1704570082 1
1704570086 3
1704570090 2
1704570094 0
1704570098 18
1704570102 3
1704570106 2
1704570110 1



# Sketch: 25
1704569514 4
1704569518 1
1704569522 0
1704569526 1
1704569530 1
1704569534 1
1704569538 2
1704569542 1
1704569546 0
1704569550 0
1704569554 0
1704569558 3
1704569562 1
1704569566 1
1704569570 2
1704569574 1
1704569578 1
1704569582 1
1704569586 1
1704569590 0
1704569594 5
1704569598 3
1704569602 0
1704569606 1
1704569610 3
1704569614 1
1704569618 1
1704569622 1
1704569626 0
1704569630 2
1704569634 2
1704569638 3
1704569642 0
1704569646 0
1704569650 1
1704569654 0
1704569658 1
1704569662 1
1704569666 0
1704569670 1
1704569674 0
1704569678 0
1704569682 0
1704569686 0
1704569690 2
1704569694 1
1704569698 1
1704569702 7
1704569706 7
1704569710 1
1704569714 4
1704569718 2
1704569722 3
1704569726 0
1704569730 1
1704569734 0
1704569738 2
1704569742 0
1704569746 0
1704569750 0
1704569754 0
1704569758 3
1704569762 14
1704569766 0
1704569770 1
1704569774 0
1704569778 4
1704569782 0
1704569786 0
1704569790 1
1704569794 1
1704569798 4
1704569802 0
1704569806 3
1704569810 0
1704569814 1
1704569818 1
1704569822 3
1704569826 1
1704569830 2
1704569834 4
1704569838 8
1704569842 0
1704569846 2
1704569850 0
1704569854 0
1704569858 0
1704569862 1
1704569866 8
1704569870 1
1704569874 6
1704569878 1
1704569882 4
1704569886 0
1704569890 0
1704569894 0
1704569898 0
1704569902 1
1704569906 0
1704569910 0
1704569914 0
1704569918 4
1704569922 10
1704569926 2
1704569930 1
1704569934 2
1704569938 0
1704569942 0
1704569946 0
1704569950 2
1704569954 3
1704569958 0
1704569962 4
1704569966 1
1704569970 0
1704569974 3
1704569978 0
1704569982 1
1704569986 3
1704569990 0
1704569994 0
1704569998 0
1704570002 2
1704570006 2
1704570010 2
1704570014 0
1704570018 1
1704570022 6
1704570026 0
1704570030 1
1704570034 1
1704570038 3
1704570042 11
1704570046 2
1704570050 6
1704570054 0
1704570058 0
1704570062 4
1704570066 1
1704570070 2
1704570074 1
1704570078 1
1704570082 4
1704570086 1
1704570090 0
1704570094 2
1704570098 1
1704570102 0
1704570106 3
1704570110 1



# Sketch: 26
1704569514 4
1704569518 1
1704569522 0
1704569526 0
1704569530 0
1704569534 1
1704569538 5
1704569542 3
1704569546 2
1704569550 0
1704569554 0
1704569558 1
1704569562 5
1704569566 0
1704569570 2
1704569574 2
1704569578 6
1704569582 1
1704569586 0
1704569590 0
1704569594 0
1704569598 4
1704569602 0
1704569606 0
1704569610 1
1704569614 7
1704569618 0
1704569622 1
1704569626 1
1704569630 1
1704569634 1
1704569638 0
1704569642 0
1704569646 0
1704569650 3
1704569654 0
1704569658 2
1704569662 0
1704569666 2
1704569670 0
1704569674 0
1704569678 0
1704569682 0
1704569686 7
1704569690 2
1704569694 3
1704569698 1
1704569702 0
1704569706 0
1704569710 6
1704569714 0
1704569718 0
1704569722 0
1704569726 0
1704569730 1
1704569734 0
1704569738 1
1704569742 2
1704569746 4
1704569750 2
1704569754 2
1704569758 0
1704569762 2
1704569766 0
1704569770 0
1704569774 2
1704569778 2
1704569782 1
1704569786 0
1704569790 2
1704569794 0
1704569798 3
1704569802 1
1704569806 0
1704569810 2
1704569814 1
1704569818 6
1704569822 13
1704569826 1
1704569830 1
1704569834 1
1704569838 0
1704569842 0
1704569846 4
1704569850 1
1704569854 1
1704569858 0
1704569862 3
1704569866 0
1704569870 1
1704569874 3
1704569878 0
1704569882 2
1704569886 3
1704569890 1
1704569894 0
1704569898 1
1704569902 0
1704569906 6
1704569910 0
1704569914 0
1704569918 0
1704569922 2
1704569926 0
1704569930 0
1704569934 1
1704569938 2
1704569942 1
1704569946 0
1704569950 0
1704569954 0
1704569958 0
1704569962 0
1704569966 1
1704569970 1
1704569974 0
1704569978 2
1704569982 2
1704569986 1
1704569990 0
1704569994 1
1704569998 4
1704570002 7
1704570006 0
1704570010 6
1704570014 4
1704570018 0
1704570022 0
1704570026 4
1704570030 0
1704570034 5
1704570038 3
1704570042 1
1704570046 1
1704570050 2
1704570054 5
1704570058 5
1704570062 1
1704570066 1
1704570070 0
1704570074 5
1704570078 2
1704570082 4
1704570086 3
1704570090 0
1704570094 2
1704570098 4
1704570102 0
1704570106 1
1704570110 0



# Sketch: 27
1704569514 0
1704569518 0
1704569522 9
1704569526 4
1704569530 1
1704569534 3
1704569538 2
1704569542 4
1704569546 2
1704569550 0
1704569554 1
1704569558 1
1704569562 1
1704569566 0
1704569570 2
1704569574 1
1704569578 0
1704569582 2
1704569586 1
1704569590 2
1704569594 3
1704569598 3
1704569602 3
1704569606 1
1704569610 2
1704569614 0
1704569618 1
1704569622 9
1704569626 0
1704569630 0
1704569634 0
1704569638 0
1704569642 0
1704569646 2
1704569650 0
1704569654 0
1704569658 1
1704569662 1
1704569666 1
1704569670 1
1704569674 0
1704569678 3
1704569682 4
1704569686 0
1704569690 1
1704569694 4
1704569698 0
1704569702 8
1704569706 5
1704569710 3
1704569714 4
1704569718 2
1704569722 0
1704569726 0
1704569730 2
1704569734 2
1704569738 0
1704569742 2
1704569746 8
1704569750 2
1704569754 0
1704569758 0
1704569762 0
1704569766 0
1704569770 4
1704569774 0
1704569778 2
1704569782 1
1704569786 4
1704569790 1
1704569794 6
1704569798 2
1704569802 2
1704569806 1
1704569810 0
1704569814 0
1704569818 0
1704569822 1
1704569826 1
1704569830 0
1704569834 1
1704569838 3
1704569842 4
1704569846 1
1704569850 0
1704569854 0
1704569858 3
1704569862 0
1704569866 0
1704569870 0
1704569874 3
1704569878 3
1704569882 2
1704569886 0
1704569890 0
1704569894 0
1704569898 1
1704569902 0
1704569906 2
1704569910 0
1704569914 0
1704569918 6
1704569922 0
1704569926 1
1704569930 2
1704569934 0
1704569938 2
1704569942 2
1704569946 1
1704569950 4
1704569954 0
1704569958 0
1704569962 3
1704569966 1
1704569970 2
1704569974 8
1704569978 4
1704569982 0
1704569986 0
1704569990 1
1704569994 1
1704569998 1
1704570002 0
1704570006 0
1704570010 0
1704570014 2
1704570018 0
1704570022 0
1704570026 5
1704570030 1
1704570034 3
1704570038 3
1704570042 1
1704570046 3
1704570050 6
1704570054 4
1704570058 0
1704570062 1
1704570066 2
1704570070 2
1704570074 3
1704570078 4
1704570082 3
1704570086 1
1704570090 4
1704570094 0
1704570098 0
1704570102 1
1704570106 0
1704570110 0



# Sketch: 28
1704569514 1
1704569518 2
1704569522 5
1704569526 4
1704569530 3
1704569534 1
1704569538 1
1704569542 3
1704569546 1
1704569550 1
1704569554 0
1704569558 3
1704569562 3
1704569566 0
1704569570 1
1704569574 1
1704569578 1
1704569582 0
1704569586 3
1704569590 0
1704569594 1
1704569598 2
1704569602 2
1704569606 0
1704569610 0
1704569614 0
1704569618 1
1704569622 4
1704569626 0
1704569630 2
1704569634 3
1704569638 9
1704569642 2
1704569646 3
1704569650 1
1704569654 4
1704569658 1
1704569662 6
1704569666 1
1704569670 2
1704569674 1
1704569678 0
1704569682 0
1704569686 1
1704569690 2
1704569694 0
1704569698 1
1704569702 0
1704569706 0
1704569710 0
1704569714 2
1704569718 0
1704569722 2
1704569726 0
1704569730 5
1704569734 0
1704569738 0
1704569742 0
1704569746 0
1704569750 1
1704569754 0
1704569758 1
1704569762 0
1704569766 2
1704569770 1
1704569774 2
1704569778 1
1704569782 3
1704569786 0
1704569790 1
1704569794 0
1704569798 4
1704569802 3
1704569806 2
1704569810 9
1704569814 0
1704569818 0
1704569822 1
1704569826 0
1704569830 0
1704569834 7
1704569838 4
1704569842 0
1704569846 0
1704569850 3
1704569854 4
1704569858 4
1704569862 2
1704569866 1
1704569870 4
1704569874 0
1704569878 0
1704569882 1
1704569886 0
1704569890 3
1704569894 5
1704569898 0
1704569902 2
1704569906 3
1704569910 3
1704569914 1
1704569918 1
1704569922 0
1704569926 4
1704569930 0
1704569934 2
1704569938 0
1704569942 0
1704569946 1
1704569950 3
1704569954 1
1704569958 3
1704569962 0
1704569966 1
1704569970 0
1704569974 0
1704569978 2
1704569982 2
1704569986 1
1704569990 2
1704569994 1
1704569998 6
1704570002 6
1704570006 1
1704570010 8
1704570014 1
1704570018 5
1704570022 6
1704570026 1
1704570030 1
1704570034 1
1704570038 2
1704570042 0
1704570046 0
1704570050 1
1704570054 0
1704570058 3
1704570062 0
1704570066 0
1704570070 0
1704570074 1
1704570078 2
1704570082 3
1704570086 2
1704570090 0
1704570094 0
1704570098 1
1704570102 2
1704570106 1
1704570110 2



# Sketch: 29
1704569514 1
1704569518 0
1704569522 1
1704569526 7
1704569530 2
1704569534 2
1704569538 1
1704569542 1
1704569546 11
1704569550 3
1704569554 2
1704569558 4
1704569562 0
1704569566 0
1704569570 4
1704569574 3
1704569578 6
1704569582 1
1704569586 1
1704569590 1
1704569594 2
1704569598 0
1704569602 0
1704569606 1
1704569610 0
1704569614 2
1704569618 1
1704569622 1
1704569626 2
1704569630 1
1704569634 1
1704569638 2
1704569642 0
1704569646 0
1704569650 4
1704569654 1
1704569658 0
1704569662 0
1704569666 6
1704569670 0
1704569674 2
1704569678 1
1704569682 0
1704569686 1
1704569690 0
1704569694 0
1704569698 2
1704569702 1
1704569706 5
1704569710 4
1704569714 0
1704569718 0
1704569722 1
1704569726 1
1704569730 1
1704569734 4
1704569738 17
1704569742 2
1704569746 0
1704569750 2
1704569754 0
1704569758 1
1704569762 6
1704569766 3
1704569770 5
1704569774 8
1704569778 9
1704569782 3
1704569786 1
1704569790 1
1704569794 1
1704569798 1
1704569802 5
1704569806 0
1704569810 5
1704569814 2
1704569818 3
1704569822 2
1704569826 1
1704569830 0
1704569834 3
1704569838 1
1704569842 3
1704569846 0
1704569850 6
1704569854 0
1704569858 2
1704569862 0
1704569866 4
1704569870 1
1704569874 1
1704569878 1
1704569882 1
1704569886 1
1704569890 4
1704569894 0
1704569898 1
1704569902 6
1704569906 1
1704569910 3
1704569914 1
1704569918 0
1704569922 1
1704569926 8
1704569930 1
1704569934 1
1704569938 1
1704569942 2
1704569946 3
1704569950 0
1704569954 1
1704569958 0
1704569962 0
1704569966 0
1704569970 4
1704569974 1
1704569978 3
1704569982 4
1704569986 2
1704569990 0
1704569994 0
1704569998 1
1704570002 7
1704570006 1
1704570010 4
1704570014 0
1704570018 1
1704570022 5
1704570026 1
1704570030 5
1704570034 2
1704570038 2
1704570042 1
1704570046 2
1704570050 0
1704570054 0
1704570058 5
1704570062 1
1704570066 1
1704570070 0
1704570074 3
1704570078 0
1704570082 1
1704570086 1
1704570090 1
1704570094 4
1704570098 1
1704570102 3
1704570106 5
1704570110 5



# Sketch: 30
1704569514 0
1704569518 1
1704569522 4
1704569526 0
1704569530 1
1704569534 4
1704569538 4
1704569542 3
1704569546 2
1704569550 2
1704569554 0
1704569558 3
1704569562 2
1704569566 1
1704569570 1
1704569574 2
1704569578 8
1704569582 4
1704569586 8
1704569590 1
1704569594 4
1704569598 7
1704569602 6
1704569606 2
1704569610 2
1704569614 1
1704569618 2
1704569622 1
1704569626 2
1704569630 1
1704569634 1
1704569638 2
1704569642 2
1704569646 2
1704569650 2
1704569654 6
1704569658 10
1704569662 2
1704569666 1
1704569670 2
1704569674 2
1704569678 3
1704569682 0
1704569686 0
1704569690 2
1704569694 4
1704569698 9
1704569702 0
1704569706 3
1704569710 6
1704569714 4
1704569718 7
1704569722 2
1704569726 5
1704569730 2
1704569734 1
1704569738 3
1704569742 0
1704569746 2
1704569750 3
1704569754 0
1704569758 1
1704569762 1
1704569766 1
1704569770 2
1704569774 2
1704569778 0
1704569782 0
1704569786 0
1704569790 0
1704569794 0
1704569798 0
1704569802 1
1704569806 0
1704569810 3
1704569814 0
1704569818 9
1704569822 0
1704569826 2
1704569830 5
1704569834 1
1704569838 2
1704569842 4
1704569846 6
1704569850 2
1704569854 2
1704569858 1
1704569862 4
1704569866 1
1704569870 2
1704569874 4
1704569878 1
1704569882 7
1704569886 0
1704569890 0
1704569894 1
1704569898 1
1704569902 2
1704569906 2
1704569910 1
1704569914 6
1704569918 1
1704569922 0
1704569926 2
1704569930 0
1704569934 1
1704569938 8
1704569942 8
1704569946 8
1704569950 3
1704569954 1
1704569958 4
1704569962 3
1704569966 3
1704569970 1
1704569974 1
1704569978 8
1704569982 0
1704569986 3
1704569990 1
1704569994 1
1704569998 4
1704570002 2
1704570006 1
1704570010 0
1704570014 1
1704570018 1
1704570022 2
1704570026 6
1704570030 1
1704570034 1
1704570038 0
1704570042 3
1704570046 3
1704570050 14
1704570054 3
1704570058 10
1704570062 3
1704570066 6
1704570070 3
1704570074 3
1704570078 4
1704570082 3
1704570086 2
1704570090 4
1704570094 0
1704570098 3
1704570102 0
1704570106 2
1704570110 2



# Sketch: 31
1704569514 2
1704569518 0
1704569522 6
1704569526 0
1704569530 5
1704569534 3
1704569538 0
1704569542 3
1704569546 1
1704569550 1
1704569554 4
1704569558 2
1704569562 0
1704569566 0
1704569570 0
1704569574 0
1704569578 1
1704569582 3
1704569586 1
1704569590 3
1704569594 0
1704569598 4
1704569602 2
1704569606 1
1704569610 9
1704569614 1
1704569618 1
1704569622 1
1704569626 0
1704569630 1
1704569634 2
1704569638 4
1704569642 5
1704569646 4
1704569650 2
1704569654 5
1704569658 1
1704569662 3
1704569666 2
1704569670 0
1704569674 0
1704569678 2
1704569682 1
1704569686 0
1704569690 1
1704569694 2
1704569698 0
1704569702 2
1704569706 0
1704569710 1
1704569714 1
1704569718 0
1704569722 0
1704569726 0
1704569730 11
1704569734 1
1704569738 1
1704569742 1
1704569746 2
1704569750 0
1704569754 5
1704569758 4
1704569762 4
1704569766 4
1704569770 1
1704569774 2
1704569778 0
1704569782 4
1704569786 2
1704569790 4
1704569794 1
1704569798 6
1704569802 3
1704569806 0
1704569810 3
1704569814 2
1704569818 0
1704569822 3
1704569826 1
1704569830 0
1704569834 1
1704569838 4
1704569842 0
1704569846 0
1704569850 0
1704569854 0
1704569858 2
1704569862 2
1704569866 1
1704569870 0
1704569874 1
1704569878 0
1704569882 4
1704569886 1
1704569890 2
1704569894 2
1704569898 4
1704569902 0
1704569906 0
1704569910 5
1704569914 2
1704569918 2
1704569922 3
1704569926 5
1704569930 0
1704569934 2
1704569938 0
1704569942 2
1704569946 3
1704569950 6
1704569954 0
1704569958 1
1704569962 0
1704569966 2
1704569970 0
1704569974 0
1704569978 4
1704569982 1
1704569986 1
1704569990 3
1704569994 0
1704569998 1
1704570002 1
1704570006 2
1704570010 5
1704570014 1
1704570018 1
1704570022 3
1704570026 3
1704570030 5
1704570034 1
1704570038 1
1704570042 6
1704570046 2
1704570050 0
1704570054 3
1704570058 1
1704570062 2
1704570066 1
1704570070 1
1704570074 2
1704570078 0
1704570082 0
1704570086 1
1704570090 1
1704570094 1
1704570098 7
1704570102 2
1704570106 1
1704570110 0

