

# Sketch: 0
1704569514 49
1704569642 51
1704569770 42
1704569898 60
1704570026 49



# Sketch: 1
1704569514 43
1704569642 70
1704569770 42
1704569898 55
1704570026 29



# Sketch: 2
1704569514 67
1704569642 88
1704569770 58
1704569898 66
1704570026 36



# Sketch: 3
1704569514 37
1704569642 73
1704569770 44
1704569898 68
1704570026 45



# Sketch: 4
1704569514 58
1704569642 41
1704569770 62
1704569898 69
1704570026 65



# Sketch: 5
1704569514 67
1704569642 41
1704569770 76
1704569898 60
1704570026 43



# Sketch: 6
1704569514 62
1704569642 35
1704569770 50
1704569898 44
1704570026 33



# Sketch: 7
1704569514 51
1704569642 52
1704569770 56
1704569898 59
1704570026 43



# Sketch: 8
1704569514 63
1704569642 42
1704569770 64
1704569898 53
1704570026 45



# Sketch: 9
1704569514 50
1704569642 66
1704569770 69
1704569898 74
1704570026 31



# Sketch: 10
1704569514 72
1704569642 67
1704569770 49
1704569898 75
1704570026 66



# Sketch: 11
1704569514 40
1704569642 53
1704569770 79
1704569898 46
1704570026 35



# Sketch: 12
1704569514 72
1704569642 58
1704569770 69
1704569898 71
1704570026 38



# Sketch: 13
1704569514 53
1704569642 53
1704569770 68
1704569898 38
1704570026 37



# Sketch: 14
1704569514 84
1704569642 50
1704569770 48
1704569898 52
1704570026 48



# Sketch: 15
1704569514 60
1704569642 81
1704569770 83
1704569898 95
1704570026 38



# Sketch: 16
1704569514 46
1704569642 33
1704569770 38
1704569898 41
1704570026 40



# Sketch: 17
1704569514 81
1704569642 58
1704569770 72
1704569898 67
1704570026 38



# Sketch: 18
1704569514 49
1704569642 48
1704569770 63
1704569898 59
1704570026 42



# Sketch: 19
1704569514 66
1704569642 48
1704569770 72
1704569898 103
1704570026 35



# Sketch: 20
1704569514 42
1704569642 40
1704569770 46
1704569898 56
1704570026 25



# Sketch: 21
1704569514 66
1704569642 81
1704569770 113
1704569898 106
1704570026 35



# Sketch: 22
1704569514 94
1704569642 60
1704569770 44
1704569898 109
1704570026 60



# Sketch: 23
1704569514 41
1704569642 50
1704569770 64
1704569898 59
1704570026 57



# Sketch: 24
1704569514 74
1704569642 74
1704569770 63
1704569898 57
1704570026 36



# Sketch: 25
1704569514 49
1704569642 45
1704569770 56
1704569898 50
1704570026 47



# Sketch: 26
1704569514 67
1704569642 61
1704569770 64
1704569898 50
1704570026 76



# Sketch: 27
1704569514 60
1704569642 60
1704569770 62
1704569898 83
1704570026 53



# Sketch: 28
1704569514 51
1704569642 61
1704569770 68
1704569898 67
1704570026 37



# Sketch: 29
1704569514 60
1704569642 57
1704569770 76
1704569898 61
1704570026 50



# Sketch: 30
1704569514 68
1704569642 100
1704569770 76
1704569898 42
1704570026 59



# Sketch: 31
1704569514 101
1704569642 58
1704569770 61
1704569898 58
1704570026 76

