

# Sketch: 0
1704570114 32
1704570242 54
1704570370 66
1704570498 39
1704570626 66



# Sketch: 1
1704570114 97
1704570242 78
1704570370 68
1704570498 70
1704570626 45



# Sketch: 2
1704570114 52
1704570242 59
1704570370 61
1704570498 62
1704570626 28



# Sketch: 3
1704570114 46
1704570242 63
1704570370 43
1704570498 129
1704570626 40



# Sketch: 4
1704570114 57
1704570242 55
1704570370 76
1704570498 57
1704570626 94



# Sketch: 5
1704570114 59
1704570242 63
1704570370 59
1704570498 62
1704570626 42



# Sketch: 6
1704570114 81
1704570242 61
1704570370 63
1704570498 108
1704570626 28



# Sketch: 7
1704570114 51
1704570242 61
1704570370 43
1704570498 74
1704570626 47



# Sketch: 8
1704570114 75
1704570242 74
1704570370 78
1704570498 43
1704570626 40



# Sketch: 9
1704570114 75
1704570242 51
1704570370 80
1704570498 67
1704570626 41



# Sketch: 10
1704570114 45
1704570242 68
1704570370 83
1704570498 47
1704570626 30



# Sketch: 11
1704570114 42
1704570242 46
1704570370 34
1704570498 31
1704570626 36



# Sketch: 12
1704570114 44
1704570242 36
1704570370 65
1704570498 68
1704570626 87



# Sketch: 13
1704570114 47
1704570242 47
1704570370 62
1704570498 119
1704570626 62



# Sketch: 14
1704570114 63
1704570242 94
1704570370 71
1704570498 73
1704570626 45



# Sketch: 15
1704570114 84
1704570242 140
1704570370 165
1704570498 123
1704570626 78



# Sketch: 16
1704570114 65
1704570242 62
1704570370 90
1704570498 66
1704570626 46



# Sketch: 17
1704570114 60
1704570242 34
1704570370 46
1704570498 70
1704570626 58



# Sketch: 18
1704570114 27
1704570242 65
1704570370 54
1704570498 46
1704570626 72



# Sketch: 19
1704570114 95
1704570242 53
1704570370 74
1704570498 42
1704570626 39



# Sketch: 20
1704570114 77
1704570242 62
1704570370 62
1704570498 65
1704570626 42



# Sketch: 21
1704570114 95
1704570242 127
1704570370 63
1704570498 64
1704570626 30



# Sketch: 22
1704570114 70
1704570242 79
1704570370 75
1704570498 63
1704570626 49



# Sketch: 23
1704570114 57
1704570242 47
1704570370 67
1704570498 61
1704570626 34



# Sketch: 24
1704570114 49
1704570242 61
1704570370 53
1704570498 74
1704570626 48



# Sketch: 25
1704570114 57
1704570242 56
1704570370 45
1704570498 66
1704570626 36



# Sketch: 26
1704570114 69
1704570242 62
1704570370 63
1704570498 70
1704570626 53



# Sketch: 27
1704570114 58
1704570242 45
1704570370 65
1704570498 60
1704570626 39



# Sketch: 28
1704570114 50
1704570242 101
1704570370 64
1704570498 78
1704570626 39



# Sketch: 29
1704570114 73
1704570242 118
1704570370 87
1704570498 78
1704570626 53



# Sketch: 30
1704570114 98
1704570242 96
1704570370 88
1704570498 100
1704570626 48



# Sketch: 31
1704570114 59
1704570242 39
1704570370 72
1704570498 77
1704570626 61

