

# Sketch: 0
1704570114 20
1704570178 22
1704570242 31
1704570306 33
1704570370 36
1704570434 30
1704570498 64
1704570562 74
1704570626 32
1704570690 10



# Sketch: 1
1704570114 20
1704570178 27
1704570242 26
1704570306 23
1704570370 22
1704570434 12
1704570498 16
1704570562 17
1704570626 28
1704570690 13



# Sketch: 2
1704570114 37
1704570178 46
1704570242 33
1704570306 52
1704570370 70
1704570434 25
1704570498 43
1704570562 50
1704570626 53
1704570690 15



# Sketch: 3
1704570114 29
1704570178 38
1704570242 24
1704570306 25
1704570370 25
1704570434 29
1704570498 36
1704570562 38
1704570626 40
1704570690 4



# Sketch: 4
1704570114 15
1704570178 16
1704570242 25
1704570306 31
1704570370 36
1704570434 29
1704570498 17
1704570562 36
1704570626 31
1704570690 10



# Sketch: 5
1704570114 29
1704570178 26
1704570242 34
1704570306 58
1704570370 20
1704570434 43
1704570498 40
1704570562 33
1704570626 43
1704570690 10



# Sketch: 6
1704570114 36
1704570178 26
1704570242 58
1704570306 33
1704570370 33
1704570434 32
1704570498 25
1704570562 39
1704570626 13
1704570690 8



# Sketch: 7
1704570114 32
1704570178 40
1704570242 51
1704570306 40
1704570370 50
1704570434 37
1704570498 9
1704570562 50
1704570626 27
1704570690 3



# Sketch: 8
1704570114 42
1704570178 34
1704570242 27
1704570306 13
1704570370 28
1704570434 24
1704570498 30
1704570562 27
1704570626 58
1704570690 9



# Sketch: 9
1704570114 44
1704570178 21
1704570242 33
1704570306 13
1704570370 42
1704570434 27
1704570498 25
1704570562 47
1704570626 45
1704570690 8



# Sketch: 10
1704570114 36
1704570178 16
1704570242 29
1704570306 28
1704570370 23
1704570434 30
1704570498 35
1704570562 32
1704570626 22
1704570690 1



# Sketch: 11
1704570114 33
1704570178 41
1704570242 75
1704570306 26
1704570370 25
1704570434 27
1704570498 20
1704570562 65
1704570626 39
1704570690 15



# Sketch: 12
1704570114 22
1704570178 46
1704570242 22
1704570306 39
1704570370 37
1704570434 28
1704570498 48
1704570562 28
1704570626 30
1704570690 7



# Sketch: 13
1704570114 26
1704570178 23
1704570242 43
1704570306 28
1704570370 31
1704570434 32
1704570498 37
1704570562 37
1704570626 17
1704570690 11



# Sketch: 14
1704570114 43
1704570178 45
1704570242 19
1704570306 48
1704570370 58
1704570434 31
1704570498 31
1704570562 39
1704570626 36
1704570690 12



# Sketch: 15
1704570114 19
1704570178 22
1704570242 21
1704570306 17
1704570370 29
1704570434 16
1704570498 32
1704570562 39
1704570626 65
1704570690 12



# Sketch: 16
1704570114 30
1704570178 19
1704570242 46
1704570306 28
1704570370 31
1704570434 22
1704570498 29
1704570562 33
1704570626 72
1704570690 22



# Sketch: 17
1704570114 30
1704570178 29
1704570242 39
1704570306 34
1704570370 54
1704570434 42
1704570498 21
1704570562 37
1704570626 32
1704570690 10



# Sketch: 18
1704570114 30
1704570178 26
1704570242 36
1704570306 24
1704570370 29
1704570434 36
1704570498 28
1704570562 140
1704570626 39
1704570690 10



# Sketch: 19
1704570114 47
1704570178 30
1704570242 35
1704570306 44
1704570370 55
1704570434 42
1704570498 21
1704570562 39
1704570626 24
1704570690 6



# Sketch: 20
1704570114 20
1704570178 19
1704570242 26
1704570306 14
1704570370 30
1704570434 44
1704570498 17
1704570562 28
1704570626 27
1704570690 9



# Sketch: 21
1704570114 41
1704570178 34
1704570242 34
1704570306 21
1704570370 61
1704570434 36
1704570498 16
1704570562 55
1704570626 32
1704570690 13



# Sketch: 22
1704570114 41
1704570178 23
1704570242 37
1704570306 43
1704570370 22
1704570434 25
1704570498 29
1704570562 35
1704570626 41
1704570690 11



# Sketch: 23
1704570114 60
1704570178 43
1704570242 33
1704570306 16
1704570370 38
1704570434 25
1704570498 16
1704570562 17
1704570626 24
1704570690 10



# Sketch: 24
1704570114 24
1704570178 28
1704570242 36
1704570306 35
1704570370 47
1704570434 43
1704570498 25
1704570562 46
1704570626 31
1704570690 9



# Sketch: 25
1704570114 20
1704570178 59
1704570242 38
1704570306 61
1704570370 55
1704570434 57
1704570498 42
1704570562 36
1704570626 49
1704570690 12



# Sketch: 26
1704570114 27
1704570178 34
1704570242 36
1704570306 24
1704570370 40
1704570434 32
1704570498 29
1704570562 28
1704570626 33
1704570690 46



# Sketch: 27
1704570114 21
1704570178 22
1704570242 41
1704570306 22
1704570370 17
1704570434 25
1704570498 34
1704570562 46
1704570626 54
1704570690 14



# Sketch: 28
1704570114 47
1704570178 30
1704570242 46
1704570306 32
1704570370 33
1704570434 38
1704570498 35
1704570562 26
1704570626 43
1704570690 10



# Sketch: 29
1704570114 16
1704570178 13
1704570242 24
1704570306 28
1704570370 26
1704570434 25
1704570498 58
1704570562 19
1704570626 53
1704570690 19



# Sketch: 30
1704570114 20
1704570178 18
1704570242 25
1704570306 31
1704570370 39
1704570434 26
1704570498 15
1704570562 20
1704570626 19
1704570690 12



# Sketch: 31
1704570114 71
1704570178 65
1704570242 60
1704570306 50
1704570370 35
1704570434 38
1704570498 33
1704570562 40
1704570626 31
1704570690 12

