

# Sketch: 0
1704570114 58
1704570242 49
1704570370 76
1704570498 54
1704570626 60



# Sketch: 1
1704570114 42
1704570242 48
1704570370 38
1704570498 63
1704570626 27



# Sketch: 2
1704570114 53
1704570242 64
1704570370 51
1704570498 66
1704570626 64



# Sketch: 3
1704570114 90
1704570242 78
1704570370 52
1704570498 150
1704570626 51



# Sketch: 4
1704570114 68
1704570242 80
1704570370 66
1704570498 66
1704570626 43



# Sketch: 5
1704570114 55
1704570242 80
1704570370 59
1704570498 61
1704570626 38



# Sketch: 6
1704570114 58
1704570242 66
1704570370 50
1704570498 50
1704570626 42



# Sketch: 7
1704570114 65
1704570242 52
1704570370 57
1704570498 60
1704570626 50



# Sketch: 8
1704570114 52
1704570242 46
1704570370 55
1704570498 50
1704570626 79



# Sketch: 9
1704570114 72
1704570242 56
1704570370 81
1704570498 70
1704570626 23



# Sketch: 10
1704570114 56
1704570242 103
1704570370 105
1704570498 66
1704570626 60



# Sketch: 11
1704570114 77
1704570242 100
1704570370 67
1704570498 107
1704570626 31



# Sketch: 12
1704570114 53
1704570242 70
1704570370 75
1704570498 69
1704570626 55



# Sketch: 13
1704570114 85
1704570242 129
1704570370 116
1704570498 75
1704570626 55



# Sketch: 14
1704570114 79
1704570242 102
1704570370 69
1704570498 61
1704570626 42



# Sketch: 15
1704570114 75
1704570242 67
1704570370 84
1704570498 51
1704570626 30



# Sketch: 16
1704570114 94
1704570242 88
1704570370 70
1704570498 141
1704570626 79



# Sketch: 17
1704570114 68
1704570242 50
1704570370 71
1704570498 69
1704570626 39



# Sketch: 18
1704570114 58
1704570242 45
1704570370 57
1704570498 44
1704570626 74



# Sketch: 19
1704570114 59
1704570242 72
1704570370 52
1704570498 42
1704570626 50



# Sketch: 20
1704570114 50
1704570242 44
1704570370 52
1704570498 79
1704570626 54



# Sketch: 21
1704570114 41
1704570242 49
1704570370 65
1704570498 56
1704570626 30



# Sketch: 22
1704570114 62
1704570242 37
1704570370 56
1704570498 68
1704570626 38



# Sketch: 23
1704570114 78
1704570242 96
1704570370 79
1704570498 79
1704570626 50



# Sketch: 24
1704570114 60
1704570242 61
1704570370 93
1704570498 82
1704570626 56



# Sketch: 25
1704570114 40
1704570242 47
1704570370 67
1704570498 64
1704570626 45



# Sketch: 26
1704570114 30
1704570242 45
1704570370 44
1704570498 48
1704570626 31



# Sketch: 27
1704570114 61
1704570242 44
1704570370 66
1704570498 69
1704570626 62



# Sketch: 28
1704570114 85
1704570242 47
1704570370 66
1704570498 59
1704570626 45



# Sketch: 29
1704570114 66
1704570242 61
1704570370 58
1704570498 69
1704570626 49



# Sketch: 30
1704570114 67
1704570242 111
1704570370 107
1704570498 92
1704570626 66



# Sketch: 31
1704570114 52
1704570242 70
1704570370 81
1704570498 72
1704570626 38

