

# Sketch: 0
1704570114 2
1704570130 6
1704570146 12
1704570162 6
1704570178 4
1704570194 6
1704570210 4
1704570226 8
1704570242 14
1704570258 8
1704570274 6
1704570290 3
1704570306 14
1704570322 8
1704570338 1
1704570354 6
1704570370 9
1704570386 9
1704570402 12
1704570418 6
1704570434 3
1704570450 12
1704570466 3
1704570482 21
1704570498 10
1704570514 3
1704570530 6
1704570546 7
1704570562 5
1704570578 3
1704570594 7
1704570610 3
1704570626 13
1704570642 8
1704570658 5
1704570674 7
1704570690 5
1704570706 1



# Sketch: 1
1704570114 3
1704570130 25
1704570146 3
1704570162 7
1704570178 6
1704570194 3
1704570210 8
1704570226 8
1704570242 13
1704570258 11
1704570274 5
1704570290 14
1704570306 18
1704570322 13
1704570338 6
1704570354 5
1704570370 5
1704570386 12
1704570402 7
1704570418 4
1704570434 1
1704570450 7
1704570466 19
1704570482 1
1704570498 6
1704570514 10
1704570530 12
1704570546 4
1704570562 8
1704570578 4
1704570594 7
1704570610 20
1704570626 12
1704570642 9
1704570658 10
1704570674 0
1704570690 8
1704570706 3



# Sketch: 2
1704570114 1
1704570130 8
1704570146 7
1704570162 7
1704570178 10
1704570194 4
1704570210 10
1704570226 9
1704570242 5
1704570258 1
1704570274 3
1704570290 6
1704570306 4
1704570322 0
1704570338 3
1704570354 7
1704570370 5
1704570386 3
1704570402 6
1704570418 8
1704570434 8
1704570450 4
1704570466 11
1704570482 5
1704570498 7
1704570514 6
1704570530 4
1704570546 5
1704570562 5
1704570578 4
1704570594 17
1704570610 2
1704570626 6
1704570642 10
1704570658 6
1704570674 7
1704570690 2
1704570706 3



# Sketch: 3
1704570114 11
1704570130 17
1704570146 15
1704570162 3
1704570178 10
1704570194 6
1704570210 4
1704570226 7
1704570242 13
1704570258 9
1704570274 7
1704570290 13
1704570306 5
1704570322 9
1704570338 8
1704570354 16
1704570370 7
1704570386 15
1704570402 4
1704570418 10
1704570434 8
1704570450 7
1704570466 14
1704570482 15
1704570498 9
1704570514 9
1704570530 8
1704570546 3
1704570562 6
1704570578 8
1704570594 10
1704570610 6
1704570626 9
1704570642 7
1704570658 4
1704570674 7
1704570690 13
1704570706 3



# Sketch: 4
1704570114 3
1704570130 7
1704570146 4
1704570162 5
1704570178 14
1704570194 3
1704570210 6
1704570226 8
1704570242 2
1704570258 2
1704570274 4
1704570290 12
1704570306 4
1704570322 10
1704570338 7
1704570354 8
1704570370 7
1704570386 12
1704570402 17
1704570418 8
1704570434 3
1704570450 3
1704570466 3
1704570482 11
1704570498 20
1704570514 3
1704570530 17
1704570546 7
1704570562 6
1704570578 11
1704570594 6
1704570610 7
1704570626 4
1704570642 6
1704570658 87
1704570674 38
1704570690 12
1704570706 13



# Sketch: 5
1704570114 4
1704570130 3
1704570146 3
1704570162 10
1704570178 2
1704570194 3
1704570210 6
1704570226 3
1704570242 7
1704570258 4
1704570274 4
1704570290 9
1704570306 8
1704570322 6
1704570338 5
1704570354 2
1704570370 7
1704570386 10
1704570402 2
1704570418 1
1704570434 19
1704570450 9
1704570466 3
1704570482 6
1704570498 4
1704570514 6
1704570530 2
1704570546 3
1704570562 8
1704570578 6
1704570594 7
1704570610 4
1704570626 6
1704570642 4
1704570658 9
1704570674 10
1704570690 10
1704570706 0



# Sketch: 6
1704570114 4
1704570130 11
1704570146 6
1704570162 26
1704570178 12
1704570194 3
1704570210 5
1704570226 4
1704570242 13
1704570258 6
1704570274 16
1704570290 4
1704570306 15
1704570322 4
1704570338 7
1704570354 3
1704570370 6
1704570386 14
1704570402 7
1704570418 11
1704570434 5
1704570450 7
1704570466 11
1704570482 12
1704570498 13
1704570514 3
1704570530 3
1704570546 10
1704570562 2
1704570578 5
1704570594 19
1704570610 9
1704570626 12
1704570642 13
1704570658 30
1704570674 3
1704570690 7
1704570706 6



# Sketch: 7
1704570114 4
1704570130 5
1704570146 6
1704570162 4
1704570178 5
1704570194 0
1704570210 5
1704570226 7
1704570242 4
1704570258 15
1704570274 6
1704570290 22
1704570306 6
1704570322 4
1704570338 12
1704570354 3
1704570370 5
1704570386 32
1704570402 7
1704570418 11
1704570434 3
1704570450 9
1704570466 6
1704570482 7
1704570498 1
1704570514 8
1704570530 7
1704570546 7
1704570562 20
1704570578 2
1704570594 14
1704570610 26
1704570626 18
1704570642 8
1704570658 4
1704570674 7
1704570690 16
1704570706 40



# Sketch: 8
1704570114 12
1704570130 4
1704570146 8
1704570162 5
1704570178 16
1704570194 4
1704570210 6
1704570226 3
1704570242 10
1704570258 3
1704570274 3
1704570290 17
1704570306 19
1704570322 9
1704570338 12
1704570354 9
1704570370 8
1704570386 14
1704570402 8
1704570418 8
1704570434 6
1704570450 8
1704570466 6
1704570482 8
1704570498 12
1704570514 3
1704570530 9
1704570546 3
1704570562 3
1704570578 3
1704570594 12
1704570610 9
1704570626 5
1704570642 7
1704570658 5
1704570674 5
1704570690 13
1704570706 3



# Sketch: 9
1704570114 9
1704570130 7
1704570146 8
1704570162 4
1704570178 11
1704570194 11
1704570210 7
1704570226 11
1704570242 7
1704570258 10
1704570274 11
1704570290 5
1704570306 20
1704570322 7
1704570338 2
1704570354 7
1704570370 12
1704570386 4
1704570402 6
1704570418 12
1704570434 11
1704570450 4
1704570466 31
1704570482 15
1704570498 6
1704570514 4
1704570530 5
1704570546 6
1704570562 3
1704570578 12
1704570594 53
1704570610 20
1704570626 5
1704570642 14
1704570658 5
1704570674 4
1704570690 13
1704570706 3



# Sketch: 10
1704570114 4
1704570130 6
1704570146 14
1704570162 11
1704570178 11
1704570194 5
1704570210 12
1704570226 8
1704570242 10
1704570258 16
1704570274 12
1704570290 4
1704570306 6
1704570322 0
1704570338 7
1704570354 8
1704570370 8
1704570386 8
1704570402 8
1704570418 6
1704570434 30
1704570450 4
1704570466 6
1704570482 7
1704570498 6
1704570514 10
1704570530 4
1704570546 5
1704570562 5
1704570578 9
1704570594 9
1704570610 9
1704570626 7
1704570642 4
1704570658 9
1704570674 20
1704570690 4
1704570706 1



# Sketch: 11
1704570114 0
1704570130 2
1704570146 4
1704570162 7
1704570178 11
1704570194 4
1704570210 9
1704570226 8
1704570242 11
1704570258 7
1704570274 3
1704570290 13
1704570306 4
1704570322 14
1704570338 6
1704570354 9
1704570370 11
1704570386 19
1704570402 7
1704570418 12
1704570434 4
1704570450 8
1704570466 5
1704570482 5
1704570498 13
1704570514 4
1704570530 17
1704570546 9
1704570562 20
1704570578 4
1704570594 10
1704570610 5
1704570626 16
1704570642 8
1704570658 4
1704570674 3
1704570690 10
1704570706 4



# Sketch: 12
1704570114 7
1704570130 22
1704570146 7
1704570162 29
1704570178 4
1704570194 5
1704570210 4
1704570226 3
1704570242 5
1704570258 6
1704570274 13
1704570290 17
1704570306 5
1704570322 25
1704570338 4
1704570354 5
1704570370 16
1704570386 14
1704570402 5
1704570418 14
1704570434 5
1704570450 7
1704570466 6
1704570482 14
1704570498 3
1704570514 6
1704570530 10
1704570546 4
1704570562 2
1704570578 4
1704570594 22
1704570610 7
1704570626 10
1704570642 8
1704570658 9
1704570674 4
1704570690 7
1704570706 5



# Sketch: 13
1704570114 4
1704570130 6
1704570146 3
1704570162 10
1704570178 4
1704570194 17
1704570210 7
1704570226 12
1704570242 13
1704570258 8
1704570274 10
1704570290 3
1704570306 17
1704570322 1
1704570338 10
1704570354 11
1704570370 6
1704570386 6
1704570402 5
1704570418 4
1704570434 8
1704570450 2
1704570466 6
1704570482 8
1704570498 7
1704570514 3
1704570530 8
1704570546 5
1704570562 4
1704570578 9
1704570594 12
1704570610 14
1704570626 8
1704570642 11
1704570658 15
1704570674 4
1704570690 4
1704570706 2



# Sketch: 14
1704570114 4
1704570130 7
1704570146 4
1704570162 13
1704570178 17
1704570194 15
1704570210 12
1704570226 9
1704570242 5
1704570258 41
1704570274 10
1704570290 10
1704570306 10
1704570322 14
1704570338 3
1704570354 32
1704570370 8
1704570386 39
1704570402 9
1704570418 15
1704570434 8
1704570450 13
1704570466 11
1704570482 6
1704570498 5
1704570514 5
1704570530 19
1704570546 9
1704570562 6
1704570578 5
1704570594 14
1704570610 10
1704570626 1
1704570642 10
1704570658 17
1704570674 11
1704570690 3
1704570706 7



# Sketch: 15
1704570114 2
1704570130 9
1704570146 6
1704570162 33
1704570178 8
1704570194 12
1704570210 7
1704570226 18
1704570242 13
1704570258 1
1704570274 20
1704570290 8
1704570306 8
1704570322 40
1704570338 1
1704570354 5
1704570370 4
1704570386 12
1704570402 4
1704570418 9
1704570434 6
1704570450 3
1704570466 11
1704570482 6
1704570498 6
1704570514 12
1704570530 8
1704570546 6
1704570562 2
1704570578 3
1704570594 16
1704570610 11
1704570626 9
1704570642 2
1704570658 0
1704570674 8
1704570690 7
1704570706 2



# Sketch: 16
1704570114 3
1704570130 8
1704570146 6
1704570162 4
1704570178 14
1704570194 4
1704570210 5
1704570226 10
1704570242 4
1704570258 3
1704570274 11
1704570290 11
1704570306 10
1704570322 5
1704570338 4
1704570354 9
1704570370 3
1704570386 9
1704570402 5
1704570418 8
1704570434 1
1704570450 8
1704570466 13
1704570482 3
1704570498 5
1704570514 10
1704570530 13
1704570546 7
1704570562 2
1704570578 7
1704570594 5
1704570610 15
1704570626 9
1704570642 4
1704570658 4
1704570674 7
1704570690 8
1704570706 1



# Sketch: 17
1704570114 3
1704570130 10
1704570146 12
1704570162 7
1704570178 7
1704570194 2
1704570210 8
1704570226 2
1704570242 13
1704570258 5
1704570274 8
1704570290 7
1704570306 3
1704570322 8
1704570338 5
1704570354 6
1704570370 12
1704570386 15
1704570402 9
1704570418 4
1704570434 9
1704570450 4
1704570466 13
1704570482 5
1704570498 12
1704570514 14
1704570530 1
1704570546 3
1704570562 8
1704570578 7
1704570594 2
1704570610 6
1704570626 13
1704570642 9
1704570658 8
1704570674 7
1704570690 6
1704570706 6



# Sketch: 18
1704570114 8
1704570130 1
1704570146 4
1704570162 5
1704570178 5
1704570194 1
1704570210 3
1704570226 4
1704570242 8
1704570258 13
1704570274 4
1704570290 10
1704570306 7
1704570322 10
1704570338 3
1704570354 12
1704570370 10
1704570386 10
1704570402 2
1704570418 8
1704570434 12
1704570450 5
1704570466 8
1704570482 6
1704570498 9
1704570514 7
1704570530 6
1704570546 4
1704570562 3
1704570578 6
1704570594 10
1704570610 17
1704570626 11
1704570642 9
1704570658 3
1704570674 15
1704570690 5
1704570706 2



# Sketch: 19
1704570114 5
1704570130 7
1704570146 4
1704570162 10
1704570178 7
1704570194 6
1704570210 3
1704570226 13
1704570242 13
1704570258 1
1704570274 30
1704570290 11
1704570306 4
1704570322 5
1704570338 4
1704570354 2
1704570370 10
1704570386 27
1704570402 5
1704570418 13
1704570434 4
1704570450 7
1704570466 11
1704570482 12
1704570498 6
1704570514 5
1704570530 19
1704570546 3
1704570562 14
1704570578 50
1704570594 17
1704570610 13
1704570626 6
1704570642 8
1704570658 1
1704570674 7
1704570690 8
1704570706 3



# Sketch: 20
1704570114 4
1704570130 3
1704570146 2
1704570162 4
1704570178 8
1704570194 4
1704570210 23
1704570226 12
1704570242 5
1704570258 2
1704570274 3
1704570290 9
1704570306 10
1704570322 2
1704570338 3
1704570354 2
1704570370 4
1704570386 5
1704570402 4
1704570418 4
1704570434 4
1704570450 6
1704570466 12
1704570482 2
1704570498 5
1704570514 10
1704570530 14
1704570546 9
1704570562 0
1704570578 9
1704570594 5
1704570610 6
1704570626 7
1704570642 10
1704570658 11
1704570674 3
1704570690 1
1704570706 0



# Sketch: 21
1704570114 38
1704570130 9
1704570146 9
1704570162 5
1704570178 1
1704570194 6
1704570210 7
1704570226 5
1704570242 5
1704570258 3
1704570274 3
1704570290 9
1704570306 2
1704570322 3
1704570338 5
1704570354 5
1704570370 6
1704570386 12
1704570402 4
1704570418 5
1704570434 4
1704570450 5
1704570466 8
1704570482 14
1704570498 3
1704570514 10
1704570530 5
1704570546 5
1704570562 91
1704570578 11
1704570594 5
1704570610 1
1704570626 6
1704570642 10
1704570658 7
1704570674 7
1704570690 2
1704570706 2



# Sketch: 22
1704570114 6
1704570130 5
1704570146 28
1704570162 4
1704570178 15
1704570194 16
1704570210 15
1704570226 8
1704570242 14
1704570258 8
1704570274 6
1704570290 12
1704570306 4
1704570322 14
1704570338 6
1704570354 30
1704570370 15
1704570386 25
1704570402 8
1704570418 10
1704570434 10
1704570450 9
1704570466 8
1704570482 13
1704570498 3
1704570514 3
1704570530 8
1704570546 9
1704570562 28
1704570578 11
1704570594 8
1704570610 18
1704570626 4
1704570642 7
1704570658 15
1704570674 12
1704570690 3
1704570706 3



# Sketch: 23
1704570114 6
1704570130 26
1704570146 5
1704570162 1
1704570178 8
1704570194 13
1704570210 11
1704570226 3
1704570242 12
1704570258 8
1704570274 6
1704570290 20
1704570306 14
1704570322 6
1704570338 7
1704570354 6
1704570370 4
1704570386 4
1704570402 3
1704570418 1
1704570434 5
1704570450 8
1704570466 6
1704570482 6
1704570498 6
1704570514 3
1704570530 8
1704570546 7
1704570562 3
1704570578 2
1704570594 17
1704570610 4
1704570626 11
1704570642 5
1704570658 11
1704570674 8
1704570690 2
1704570706 3



# Sketch: 24
1704570114 9
1704570130 5
1704570146 3
1704570162 11
1704570178 12
1704570194 8
1704570210 9
1704570226 5
1704570242 8
1704570258 14
1704570274 5
1704570290 13
1704570306 4
1704570322 5
1704570338 4
1704570354 10
1704570370 5
1704570386 9
1704570402 3
1704570418 2
1704570434 7
1704570450 9
1704570466 6
1704570482 4
1704570498 6
1704570514 22
1704570530 8
1704570546 10
1704570562 16
1704570578 2
1704570594 1
1704570610 14
1704570626 6
1704570642 6
1704570658 37
1704570674 21
1704570690 13
1704570706 0



# Sketch: 25
1704570114 18
1704570130 5
1704570146 14
1704570162 12
1704570178 19
1704570194 17
1704570210 4
1704570226 12
1704570242 17
1704570258 12
1704570274 16
1704570290 25
1704570306 9
1704570322 13
1704570338 5
1704570354 25
1704570370 31
1704570386 28
1704570402 9
1704570418 16
1704570434 21
1704570450 2
1704570466 7
1704570482 8
1704570498 4
1704570514 5
1704570530 14
1704570546 8
1704570562 15
1704570578 11
1704570594 22
1704570610 6
1704570626 9
1704570642 22
1704570658 20
1704570674 24
1704570690 11
1704570706 4



# Sketch: 26
1704570114 7
1704570130 1
1704570146 2
1704570162 19
1704570178 4
1704570194 8
1704570210 3
1704570226 4
1704570242 3
1704570258 7
1704570274 6
1704570290 11
1704570306 3
1704570322 5
1704570338 4
1704570354 2
1704570370 10
1704570386 7
1704570402 10
1704570418 10
1704570434 4
1704570450 4
1704570466 5
1704570482 12
1704570498 6
1704570514 13
1704570530 4
1704570546 6
1704570562 5
1704570578 2
1704570594 8
1704570610 3
1704570626 5
1704570642 6
1704570658 19
1704570674 10
1704570690 2
1704570706 5



# Sketch: 27
1704570114 3
1704570130 9
1704570146 7
1704570162 4
1704570178 6
1704570194 3
1704570210 1
1704570226 5
1704570242 2
1704570258 6
1704570274 6
1704570290 8
1704570306 3
1704570322 4
1704570338 10
1704570354 22
1704570370 8
1704570386 8
1704570402 2
1704570418 11
1704570434 2
1704570450 11
1704570466 1
1704570482 10
1704570498 8
1704570514 16
1704570530 12
1704570546 12
1704570562 6
1704570578 1
1704570594 10
1704570610 6
1704570626 7
1704570642 4
1704570658 4
1704570674 2
1704570690 1
1704570706 3



# Sketch: 28
1704570114 8
1704570130 15
1704570146 3
1704570162 7
1704570178 3
1704570194 3
1704570210 9
1704570226 8
1704570242 10
1704570258 8
1704570274 7
1704570290 2
1704570306 11
1704570322 8
1704570338 7
1704570354 8
1704570370 25
1704570386 7
1704570402 9
1704570418 8
1704570434 12
1704570450 5
1704570466 13
1704570482 4
1704570498 0
1704570514 31
1704570530 3
1704570546 5
1704570562 10
1704570578 11
1704570594 11
1704570610 3
1704570626 5
1704570642 6
1704570658 5
1704570674 8
1704570690 4
1704570706 7



# Sketch: 29
1704570114 3
1704570130 6
1704570146 5
1704570162 11
1704570178 5
1704570194 3
1704570210 16
1704570226 5
1704570242 9
1704570258 10
1704570274 7
1704570290 8
1704570306 6
1704570322 15
1704570338 7
1704570354 5
1704570370 7
1704570386 7
1704570402 7
1704570418 2
1704570434 7
1704570450 4
1704570466 7
1704570482 12
1704570498 3
1704570514 5
1704570530 10
1704570546 8
1704570562 3
1704570578 14
1704570594 4
1704570610 5
1704570626 4
1704570642 3
1704570658 8
1704570674 8
1704570690 11
1704570706 2



# Sketch: 30
1704570114 8
1704570130 14
1704570146 6
1704570162 11
1704570178 7
1704570194 8
1704570210 9
1704570226 5
1704570242 8
1704570258 8
1704570274 5
1704570290 12
1704570306 5
1704570322 12
1704570338 5
1704570354 6
1704570370 8
1704570386 7
1704570402 15
1704570418 12
1704570434 4
1704570450 7
1704570466 10
1704570482 8
1704570498 4
1704570514 2
1704570530 1
1704570546 10
1704570562 12
1704570578 3
1704570594 19
1704570610 8
1704570626 5
1704570642 4
1704570658 4
1704570674 7
1704570690 16
1704570706 2



# Sketch: 31
1704570114 13
1704570130 9
1704570146 13
1704570162 6
1704570178 9
1704570194 7
1704570210 15
1704570226 16
1704570242 5
1704570258 9
1704570274 11
1704570290 2
1704570306 5
1704570322 2
1704570338 6
1704570354 5
1704570370 5
1704570386 8
1704570402 13
1704570418 4
1704570434 11
1704570450 8
1704570466 3
1704570482 5
1704570498 1
1704570514 10
1704570530 14
1704570546 8
1704570562 27
1704570578 19
1704570594 16
1704570610 8
1704570626 14
1704570642 11
1704570658 4
1704570674 3
1704570690 3
1704570706 4

