

# Sketch: 0
1704570714 41
1704570842 52
1704570970 44
1704571098 64
1704571226 20



# Sketch: 1
1704570714 52
1704570842 91
1704570970 56
1704571098 63
1704571226 46



# Sketch: 2
1704570714 56
1704570842 63
1704570970 69
1704571098 82
1704571226 32



# Sketch: 3
1704570714 39
1704570842 66
1704570970 65
1704571098 50
1704571226 60



# Sketch: 4
1704570714 70
1704570842 88
1704570970 88
1704571098 98
1704571226 79



# Sketch: 5
1704570714 42
1704570842 73
1704570970 36
1704571098 62
1704571226 60



# Sketch: 6
1704570714 98
1704570842 66
1704570970 60
1704571098 72
1704571226 38



# Sketch: 7
1704570714 70
1704570842 71
1704570970 83
1704571098 75
1704571226 33



# Sketch: 8
1704570714 55
1704570842 70
1704570970 76
1704571098 67
1704571226 30



# Sketch: 9
1704570714 42
1704570842 78
1704570970 56
1704571098 50
1704571226 32



# Sketch: 10
1704570714 57
1704570842 44
1704570970 61
1704571098 80
1704571226 37



# Sketch: 11
1704570714 63
1704570842 32
1704570970 54
1704571098 49
1704571226 30



# Sketch: 12
1704570714 54
1704570842 37
1704570970 55
1704571098 48
1704571226 24



# Sketch: 13
1704570714 90
1704570842 42
1704570970 66
1704571098 55
1704571226 22



# Sketch: 14
1704570714 43
1704570842 69
1704570970 53
1704571098 84
1704571226 28



# Sketch: 15
1704570714 39
1704570842 76
1704570970 32
1704571098 53
1704571226 34



# Sketch: 16
1704570714 73
1704570842 88
1704570970 80
1704571098 87
1704571226 48



# Sketch: 17
1704570714 53
1704570842 47
1704570970 64
1704571098 69
1704571226 41



# Sketch: 18
1704570714 58
1704570842 55
1704570970 50
1704571098 73
1704571226 60



# Sketch: 19
1704570714 66
1704570842 39
1704570970 55
1704571098 42
1704571226 39



# Sketch: 20
1704570714 84
1704570842 61
1704570970 68
1704571098 88
1704571226 48



# Sketch: 21
1704570714 83
1704570842 51
1704570970 39
1704571098 82
1704571226 54



# Sketch: 22
1704570714 39
1704570842 62
1704570970 40
1704571098 74
1704571226 51



# Sketch: 23
1704570714 48
1704570842 55
1704570970 54
1704571098 49
1704571226 42



# Sketch: 24
1704570714 123
1704570842 42
1704570970 42
1704571098 56
1704571226 36



# Sketch: 25
1704570714 95
1704570842 75
1704570970 80
1704571098 75
1704571226 50



# Sketch: 26
1704570714 75
1704570842 65
1704570970 55
1704571098 58
1704571226 46



# Sketch: 27
1704570714 60
1704570842 62
1704570970 64
1704571098 52
1704571226 52



# Sketch: 28
1704570714 43
1704570842 52
1704570970 59
1704571098 44
1704571226 64



# Sketch: 29
1704570714 65
1704570842 55
1704570970 49
1704571098 94
1704571226 45



# Sketch: 30
1704570714 64
1704570842 53
1704570970 70
1704571098 71
1704571226 50



# Sketch: 31
1704570714 81
1704570842 63
1704570970 70
1704571098 62
1704571226 42

