

# Sketch: 0
1704570714 20
1704570746 27
1704570778 9
1704570810 29
1704570842 9
1704570874 14
1704570906 4
1704570938 14
1704570970 26
1704571002 11
1704571034 21
1704571066 15
1704571098 18
1704571130 6
1704571162 23
1704571194 16
1704571226 17
1704571258 5
1704571290 13



# Sketch: 1
1704570714 7
1704570746 26
1704570778 12
1704570810 12
1704570842 14
1704570874 11
1704570906 14
1704570938 4
1704570970 14
1704571002 7
1704571034 8
1704571066 7
1704571098 11
1704571130 7
1704571162 18
1704571194 27
1704571226 10
1704571258 16
1704571290 6



# Sketch: 2
1704570714 4
1704570746 13
1704570778 10
1704570810 13
1704570842 31
1704570874 31
1704570906 11
1704570938 9
1704570970 12
1704571002 19
1704571034 15
1704571066 20
1704571098 18
1704571130 25
1704571162 12
1704571194 23
1704571226 27
1704571258 16
1704571290 17



# Sketch: 3
1704570714 10
1704570746 7
1704570778 4
1704570810 12
1704570842 15
1704570874 11
1704570906 9
1704570938 20
1704570970 15
1704571002 8
1704571034 8
1704571066 8
1704571098 20
1704571130 12
1704571162 25
1704571194 30
1704571226 13
1704571258 16
1704571290 12



# Sketch: 4
1704570714 22
1704570746 23
1704570778 8
1704570810 8
1704570842 12
1704570874 13
1704570906 8
1704570938 9
1704570970 17
1704571002 9
1704571034 4
1704571066 12
1704571098 14
1704571130 19
1704571162 10
1704571194 15
1704571226 19
1704571258 10
1704571290 8



# Sketch: 5
1704570714 11
1704570746 11
1704570778 15
1704570810 13
1704570842 14
1704570874 13
1704570906 11
1704570938 10
1704570970 13
1704571002 15
1704571034 16
1704571066 12
1704571098 35
1704571130 12
1704571162 19
1704571194 10
1704571226 11
1704571258 14
1704571290 21



# Sketch: 6
1704570714 16
1704570746 11
1704570778 6
1704570810 19
1704570842 19
1704570874 17
1704570906 24
1704570938 14
1704570970 14
1704571002 12
1704571034 25
1704571066 20
1704571098 13
1704571130 20
1704571162 13
1704571194 14
1704571226 14
1704571258 5
1704571290 10



# Sketch: 7
1704570714 23
1704570746 13
1704570778 16
1704570810 27
1704570842 20
1704570874 13
1704570906 10
1704570938 16
1704570970 9
1704571002 17
1704571034 11
1704571066 23
1704571098 12
1704571130 9
1704571162 4
1704571194 24
1704571226 21
1704571258 31
1704571290 15



# Sketch: 8
1704570714 22
1704570746 22
1704570778 18
1704570810 7
1704570842 16
1704570874 13
1704570906 7
1704570938 5
1704570970 34
1704571002 10
1704571034 22
1704571066 16
1704571098 19
1704571130 19
1704571162 13
1704571194 16
1704571226 5
1704571258 4
1704571290 6



# Sketch: 9
1704570714 9
1704570746 13
1704570778 25
1704570810 5
1704570842 7
1704570874 9
1704570906 18
1704570938 15
1704570970 22
1704571002 11
1704571034 12
1704571066 12
1704571098 14
1704571130 11
1704571162 27
1704571194 16
1704571226 13
1704571258 12
1704571290 13



# Sketch: 10
1704570714 11
1704570746 16
1704570778 22
1704570810 9
1704570842 17
1704570874 9
1704570906 19
1704570938 9
1704570970 19
1704571002 23
1704571034 13
1704571066 13
1704571098 12
1704571130 19
1704571162 44
1704571194 33
1704571226 35
1704571258 19
1704571290 15



# Sketch: 11
1704570714 24
1704570746 12
1704570778 20
1704570810 11
1704570842 25
1704570874 16
1704570906 12
1704570938 26
1704570970 15
1704571002 9
1704571034 19
1704571066 13
1704571098 18
1704571130 9
1704571162 16
1704571194 17
1704571226 5
1704571258 16
1704571290 11



# Sketch: 12
1704570714 28
1704570746 16
1704570778 16
1704570810 17
1704570842 10
1704570874 8
1704570906 17
1704570938 16
1704570970 11
1704571002 20
1704571034 14
1704571066 15
1704571098 21
1704571130 22
1704571162 24
1704571194 22
1704571226 22
1704571258 38
1704571290 11



# Sketch: 13
1704570714 15
1704570746 18
1704570778 20
1704570810 12
1704570842 22
1704570874 12
1704570906 25
1704570938 11
1704570970 20
1704571002 16
1704571034 6
1704571066 24
1704571098 20
1704571130 22
1704571162 36
1704571194 16
1704571226 16
1704571258 12
1704571290 26



# Sketch: 14
1704570714 18
1704570746 16
1704570778 31
1704570810 27
1704570842 16
1704570874 60
1704570906 14
1704570938 9
1704570970 25
1704571002 24
1704571034 13
1704571066 32
1704571098 18
1704571130 33
1704571162 36
1704571194 19
1704571226 13
1704571258 30
1704571290 7



# Sketch: 15
1704570714 23
1704570746 18
1704570778 13
1704570810 10
1704570842 25
1704570874 11
1704570906 8
1704570938 7
1704570970 13
1704571002 11
1704571034 12
1704571066 18
1704571098 9
1704571130 11
1704571162 13
1704571194 13
1704571226 9
1704571258 17
1704571290 5



# Sketch: 16
1704570714 30
1704570746 30
1704570778 4
1704570810 12
1704570842 13
1704570874 12
1704570906 18
1704570938 11
1704570970 24
1704571002 7
1704571034 3
1704571066 19
1704571098 20
1704571130 18
1704571162 22
1704571194 20
1704571226 16
1704571258 11
1704571290 12



# Sketch: 17
1704570714 13
1704570746 4
1704570778 9
1704570810 26
1704570842 21
1704570874 10
1704570906 17
1704570938 9
1704570970 15
1704571002 14
1704571034 12
1704571066 14
1704571098 9
1704571130 14
1704571162 14
1704571194 16
1704571226 20
1704571258 15
1704571290 6



# Sketch: 18
1704570714 21
1704570746 82
1704570778 8
1704570810 10
1704570842 26
1704570874 15
1704570906 12
1704570938 10
1704570970 14
1704571002 10
1704571034 13
1704571066 19
1704571098 12
1704571130 7
1704571162 15
1704571194 10
1704571226 5
1704571258 6
1704571290 9



# Sketch: 19
1704570714 17
1704570746 16
1704570778 5
1704570810 8
1704570842 30
1704570874 19
1704570906 7
1704570938 13
1704570970 20
1704571002 35
1704571034 20
1704571066 19
1704571098 7
1704571130 15
1704571162 10
1704571194 42
1704571226 15
1704571258 9
1704571290 16



# Sketch: 20
1704570714 19
1704570746 10
1704570778 7
1704570810 16
1704570842 6
1704570874 9
1704570906 24
1704570938 10
1704570970 11
1704571002 16
1704571034 5
1704571066 11
1704571098 15
1704571130 19
1704571162 13
1704571194 10
1704571226 6
1704571258 14
1704571290 5



# Sketch: 21
1704570714 27
1704570746 15
1704570778 6
1704570810 13
1704570842 32
1704570874 17
1704570906 22
1704570938 10
1704570970 27
1704571002 14
1704571034 14
1704571066 22
1704571098 10
1704571130 20
1704571162 17
1704571194 36
1704571226 29
1704571258 10
1704571290 17



# Sketch: 22
1704570714 14
1704570746 12
1704570778 8
1704570810 3
1704570842 12
1704570874 19
1704570906 23
1704570938 4
1704570970 10
1704571002 7
1704571034 9
1704571066 17
1704571098 6
1704571130 7
1704571162 8
1704571194 9
1704571226 10
1704571258 14
1704571290 18



# Sketch: 23
1704570714 15
1704570746 16
1704570778 20
1704570810 14
1704570842 25
1704570874 20
1704570906 10
1704570938 8
1704570970 17
1704571002 6
1704571034 7
1704571066 11
1704571098 6
1704571130 10
1704571162 9
1704571194 20
1704571226 12
1704571258 9
1704571290 8



# Sketch: 24
1704570714 9
1704570746 10
1704570778 10
1704570810 18
1704570842 19
1704570874 7
1704570906 14
1704570938 16
1704570970 20
1704571002 16
1704571034 9
1704571066 8
1704571098 8
1704571130 11
1704571162 24
1704571194 25
1704571226 9
1704571258 18
1704571290 15



# Sketch: 25
1704570714 17
1704570746 15
1704570778 9
1704570810 18
1704570842 21
1704570874 13
1704570906 6
1704570938 16
1704570970 9
1704571002 9
1704571034 10
1704571066 8
1704571098 20
1704571130 8
1704571162 11
1704571194 12
1704571226 12
1704571258 17
1704571290 8



# Sketch: 26
1704570714 26
1704570746 11
1704570778 5
1704570810 15
1704570842 31
1704570874 21
1704570906 20
1704570938 19
1704570970 17
1704571002 7
1704571034 10
1704571066 15
1704571098 16
1704571130 12
1704571162 23
1704571194 24
1704571226 12
1704571258 21
1704571290 14



# Sketch: 27
1704570714 10
1704570746 10
1704570778 18
1704570810 6
1704570842 7
1704570874 9
1704570906 19
1704570938 9
1704570970 29
1704571002 18
1704571034 5
1704571066 21
1704571098 21
1704571130 12
1704571162 8
1704571194 13
1704571226 31
1704571258 13
1704571290 7



# Sketch: 28
1704570714 16
1704570746 34
1704570778 10
1704570810 8
1704570842 10
1704570874 15
1704570906 10
1704570938 8
1704570970 14
1704571002 18
1704571034 23
1704571066 13
1704571098 10
1704571130 10
1704571162 23
1704571194 5
1704571226 7
1704571258 13
1704571290 28



# Sketch: 29
1704570714 35
1704570746 11
1704570778 22
1704570810 23
1704570842 22
1704570874 16
1704570906 26
1704570938 16
1704570970 39
1704571002 11
1704571034 10
1704571066 10
1704571098 24
1704571130 15
1704571162 5
1704571194 20
1704571226 17
1704571258 17
1704571290 4



# Sketch: 30
1704570714 7
1704570746 11
1704570778 29
1704570810 5
1704570842 9
1704570874 7
1704570906 7
1704570938 26
1704570970 14
1704571002 12
1704571034 7
1704571066 10
1704571098 16
1704571130 25
1704571162 5
1704571194 6
1704571226 12
1704571258 37
1704571290 7



# Sketch: 31
1704570714 9
1704570746 32
1704570778 37
1704570810 14
1704570842 15
1704570874 15
1704570906 30
1704570938 32
1704570970 10
1704571002 18
1704571034 18
1704571066 13
1704571098 15
1704571130 27
1704571162 21
1704571194 15
1704571226 15
1704571258 30
1704571290 10

