

# Sketch: 0
0 0.562042
1 0.578726
2 0.549056
3 0.542789
4 0.517867
5 0.573922
6 0.479785
7 0.939522



# Sketch: 1
0 0.637463
1 0.677886
2 0.674374
3 0.497896
4 0.666355
5 0.502806
6 0.264834
7 0.446094



# Sketch: 2
0 0.598725
1 0.677777
2 0.794752
3 1.1229
4 0.902965
5 1.04074
6 1.0111
7 0.717327



# Sketch: 3
0 0.202576
1 0.151028
2 0.165702
3 0.252184
4 0.430042
5 0.686713
6 0.770696
7 0.454972



# Sketch: 4
0 0.407621
1 0.402122
2 0.365071
3 0.318151
4 0.372718
5 0.522858
6 0.573822
7 0.456822



# Sketch: 5
0 0.305131
1 0.279483
2 0.279743
3 0.325452
4 0.311313
5 0.580591
6 0.347035
7 0.392735



# Sketch: 6
0 0.663073
1 0.659232
2 0.674671
3 0.894757
4 0.828482
5 0.580025
6 0.513974
7 0.645631



# Sketch: 7
0 0.400082
1 0.396375
2 0.371222
3 0.384034
4 0.391032
5 0.36205
6 0.452428
7 0.546928



# Sketch: 8
0 0.887945
1 0.885929
2 0.821836
3 0.723264
4 0.677421
5 0.679865
6 0.684949
7 0.655825



# Sketch: 9
0 0.227189
1 0.235629
2 0.266925
3 0.320948
4 0.632963
5 0.970185
6 0.409273
7 1.21784



# Sketch: 10
0 0.473128
1 0.464874
2 0.435084
3 0.404365
4 0.413223
5 0.413575
6 0.416282
7 0.44371



# Sketch: 11
0 0.439247
1 0.364142
2 0.276966
3 0.28442
4 0.306911
5 0.330277
6 0.35061
7 0.418006



# Sketch: 12
0 0.237218
1 0.230282
2 0.123313
3 0.127301
4 0.201428
5 0.249082
6 0.789289
7 0.613061



# Sketch: 13
0 0.557539
1 0.568821
2 0.532894
3 0.51086
4 0.516341
5 0.550014
6 0.513741
7 0.429546



# Sketch: 14
0 0.558833
1 0.370009
2 0.125819
3 0.124109
4 0.36504
5 0.267001
6 0.220873
7 0.804452



# Sketch: 15
0 0.922885
1 0.873012
2 0.972776
3 1.26415
4 1.88101
5 2.27741
6 0.327276
7 0.373053



# Sketch: 16
0 1.11314
1 0.89191
2 0.824435
3 0.773139
4 0.771676
5 0.535577
6 0.66241
7 0.517123



# Sketch: 17
0 0.318478
1 0.159697
2 0.108159
3 0.0980259
4 0.275511
5 0.901994
6 1.71532
7 2.34735



# Sketch: 18
0 0.664857
1 0.644316
2 0.57512
3 0.461181
4 0.42792
5 0.926354
6 0.55954
7 0.511008



# Sketch: 19
0 1.33054
1 1.01429
2 0.772419
3 0.643504
4 0.502471
5 0.131487
6 0.246385
7 0.117128



# Sketch: 20
0 0.389238
1 0.36625
2 0.407135
3 0.331448
4 0.332952
5 0.432394
6 0.370699
7 0.504984



# Sketch: 21
0 0.642413
1 0.635379
2 0.566443
3 0.473635
4 0.294931
5 0.149444
6 0.597853
7 0.810881



# Sketch: 22
0 0.622682
1 1.08656
2 1.36239
3 1.44217
4 1.01107
5 0.526231
6 0.817668
7 0.692765



# Sketch: 23
0 1.75748
1 1.28662
2 0.830591
3 0.642253
4 0.29968
5 0.292912
6 0.29979
7 0.4469



# Sketch: 24
0 0.920384
1 0.865375
2 0.775212
3 0.70012
4 0.716496
5 0.712345
6 0.723403
7 0.573975



# Sketch: 25
0 0.848664
1 0.606962
2 0.46584
3 0.230936
4 0.434198
5 0.457597
6 0.548142
7 0.504127



# Sketch: 26
0 0.38867
1 0.688752
2 0.498503
3 0.211779
4 0.160594
5 0.172511
6 0.116685
7 0.315728



# Sketch: 27
0 0.850383
1 0.581994
2 0.662386
3 0.308103
4 0.245922
5 0.321593
6 0.678688
7 2.6272



# Sketch: 28
0 0.839642
1 0.781585
2 0.758722
3 0.737142
4 0.688514
5 0.674793
6 0.579166
7 0.648966



# Sketch: 29
0 0.753075
1 0.999828
2 1.15549
3 1.40018
4 1.88571
5 2.8608
6 1.36068
7 0.511505



# Sketch: 30
0 0.278354
1 0.326523
2 0.406858
3 0.817609
4 1.08366
5 0.872383
6 0.443694
7 0.225968



# Sketch: 31
0 0.423521
1 0.430146
2 0.419628
3 0.426421
4 0.406215
5 0.466574
6 0.43634
7 0.421104

