

# Sketch: 0
0 1.298
1 1.04748
2 0.892676
3 0.808264
4 0.492924
5 0.64453
6 1.28774
7 1.93036



# Sketch: 1
0 0.268351
1 0.166221
2 0.544336
3 0.782628
4 1.22121
5 1.63297
6 2.554
7 1.53105



# Sketch: 2
0 0.347108
1 0.338765
2 0.338755
3 0.327864
4 0.310391
5 0.400726
6 0.294802
7 0.529476



# Sketch: 3
0 1.40959
1 1.10974
2 0.8365
3 0.656952
4 0.506661
5 0.507197
6 0.373292
7 0.71708



# Sketch: 4
0 1.66928
1 1.63935
2 1.31399
3 1.06117
4 0.765961
5 1.25107
6 1.12128
7 1.69749



# Sketch: 5
0 1.10677
1 0.799343
2 0.957634
3 0.717532
4 1.54153
5 0.525618
6 0.992721
7 0.304661



# Sketch: 6
0 0.431523
1 0.43555
2 0.515816
3 0.452689
4 0.560125
5 0.440321
6 0.369339
7 0.450919



# Sketch: 7
0 0.0975848
1 0.295358
2 0.626986
3 1.05288
4 1.8864
5 2.25582
6 0.546465
7 0.421307



# Sketch: 8
0 0.828118
1 0.899668
2 0.9106
3 1.01361
4 1.05042
5 3.00759
6 1.13063
7 1.3806



# Sketch: 9
0 0.445381
1 0.0777536
2 0.0304451
3 0.296901
4 0.248716
5 0.62952
6 0.229869
7 0.3808



# Sketch: 10
0 0.780304
1 0.760194
2 0.634179
3 0.582889
4 0.531316
5 0.571639
6 0.424435
7 0.646115



# Sketch: 11
0 0.645417
1 0.27703
2 0.272206
3 0.185228
4 0.179832
5 0.107792
6 0.202112
7 0.415429



# Sketch: 12
0 0.978112
1 0.977839
2 0.903886
3 0.834363
4 0.802858
5 0.673447
6 0.570696
7 0.702213



# Sketch: 13
0 0.57408
1 0.703702
2 0.54159
3 0.600522
4 0.397434
5 0.358394
6 0.391224
7 0.409011



# Sketch: 14
0 0.0469667
1 0.0777598
2 0.0904385
3 0.228582
4 0.458954
5 0.449681
6 0.246727
7 0.973877



# Sketch: 15
0 0.645453
1 0.651118
2 0.607012
3 0.491572
4 0.469956
5 0.594177
6 0.548489
7 0.452362



# Sketch: 16
0 0.555409
1 0.677128
2 0.585074
3 0.529782
4 0.582828
5 0.482936
6 0.580295
7 0.448909



# Sketch: 17
0 1.91563
1 1.88251
2 1.15903
3 0.868814
4 0.634868
5 0.487121
6 0.867998
7 0.583088



# Sketch: 18
0 0.613361
1 0.603407
2 0.601813
3 0.4776
4 0.502198
5 0.521029
6 1.23568
7 0.628016



# Sketch: 19
0 0.954795
1 0.792394
2 0.950669
3 0.607049
4 0.330821
5 0.249212
6 0.296799
7 0.464755



# Sketch: 20
0 0.48838
1 0.373533
2 0.694268
3 0.482583
4 0.258263
5 0.313512
6 0.411688
7 0.520077



# Sketch: 21
0 1.00651
1 1.00209
2 0.934509
3 0.884477
4 0.782816
5 0.634274
6 0.480555
7 0.892574



# Sketch: 22
0 0.189767
1 0.208103
2 0.293968
3 0.382434
4 0.260308
5 0.354036
6 0.280164
7 0.536003



# Sketch: 23
0 0.197087
1 0.449793
2 0.319946
3 0.325425
4 0.154684
5 0.220452
6 0.245664
7 0.645415



# Sketch: 24
0 0.634432
1 0.630563
2 0.54036
3 0.43862
4 0.46298
5 0.487427
6 0.423735
7 0.584366



# Sketch: 25
0 0.295931
1 0.249003
2 0.288771
3 0.270328
4 0.291665
5 0.157467
6 0.374057
7 0.413392



# Sketch: 26
0 0.983418
1 0.998357
2 0.806349
3 0.443362
4 0.324301
5 0.337801
6 0.458498
7 0.404747



# Sketch: 27
0 0.304589
1 0.442469
2 0.385712
3 0.317065
4 0.287711
5 0.540741
6 1.0844
7 0.515



# Sketch: 28
0 0.41175
1 0.644142
2 0.657821
3 0.672171
4 1.07894
5 0.494467
6 0.254936
7 0.427067



# Sketch: 29
0 0.349105
1 0.372978
2 0.340092
3 0.346793
4 0.311311
5 0.370116
6 0.320123
7 0.452664



# Sketch: 30
0 0.531687
1 0.339568
2 0.41792
3 0.317954
4 0.183246
5 0.334337
6 0.302053
7 0.751156



# Sketch: 31
0 0.237543
1 0.702917
2 0.875471
3 0.155468
4 0.393638
5 0.183441
6 0.373184
7 0.49002

