

# Sketch: 0
1704571314 64
1704571442 50
1704571570 102
1704571698 52
1704571826 41



# Sketch: 1
1704571314 53
1704571442 57
1704571570 39
1704571698 65
1704571826 43



# Sketch: 2
1704571314 43
1704571442 62
1704571570 66
1704571698 55
1704571826 47



# Sketch: 3
1704571314 57
1704571442 43
1704571570 77
1704571698 44
1704571826 34



# Sketch: 4
1704571314 40
1704571442 46
1704571570 56
1704571698 38
1704571826 28



# Sketch: 5
1704571314 49
1704571442 50
1704571570 71
1704571698 44
1704571826 32



# Sketch: 6
1704571314 54
1704571442 79
1704571570 89
1704571698 72
1704571826 36



# Sketch: 7
1704571314 40
1704571442 46
1704571570 69
1704571698 41
1704571826 33



# Sketch: 8
1704571314 89
1704571442 58
1704571570 100
1704571698 71
1704571826 50



# Sketch: 9
1704571314 40
1704571442 64
1704571570 55
1704571698 36
1704571826 62



# Sketch: 10
1704571314 58
1704571442 59
1704571570 66
1704571698 38
1704571826 53



# Sketch: 11
1704571314 31
1704571442 47
1704571570 60
1704571698 37
1704571826 25



# Sketch: 12
1704571314 40
1704571442 49
1704571570 56
1704571698 76
1704571826 87



# Sketch: 13
1704571314 44
1704571442 72
1704571570 57
1704571698 37
1704571826 27



# Sketch: 14
1704571314 66
1704571442 48
1704571570 84
1704571698 43
1704571826 41



# Sketch: 15
1704571314 102
1704571442 100
1704571570 94
1704571698 110
1704571826 86



# Sketch: 16
1704571314 66
1704571442 118
1704571570 99
1704571698 59
1704571826 25



# Sketch: 17
1704571314 53
1704571442 50
1704571570 51
1704571698 68
1704571826 30



# Sketch: 18
1704571314 31
1704571442 48
1704571570 52
1704571698 53
1704571826 68



# Sketch: 19
1704571314 43
1704571442 46
1704571570 71
1704571698 68
1704571826 29



# Sketch: 20
1704571314 35
1704571442 89
1704571570 41
1704571698 103
1704571826 40



# Sketch: 21
1704571314 48
1704571442 66
1704571570 64
1704571698 54
1704571826 51



# Sketch: 22
1704571314 71
1704571442 68
1704571570 62
1704571698 51
1704571826 42



# Sketch: 23
1704571314 51
1704571442 75
1704571570 66
1704571698 80
1704571826 42



# Sketch: 24
1704571314 41
1704571442 68
1704571570 84
1704571698 40
1704571826 32



# Sketch: 25
1704571314 75
1704571442 47
1704571570 50
1704571698 63
1704571826 47



# Sketch: 26
1704571314 38
1704571442 71
1704571570 92
1704571698 55
1704571826 51



# Sketch: 27
1704571314 68
1704571442 70
1704571570 53
1704571698 68
1704571826 32



# Sketch: 28
1704571314 66
1704571442 63
1704571570 58
1704571698 78
1704571826 32



# Sketch: 29
1704571314 55
1704571442 63
1704571570 64
1704571698 69
1704571826 58



# Sketch: 30
1704571314 57
1704571442 83
1704571570 82
1704571698 68
1704571826 41



# Sketch: 31
1704571314 39
1704571442 46
1704571570 55
1704571698 59
1704571826 75

