

# Sketch: 0
1704571314 6
1704571330 6
1704571346 13
1704571362 8
1704571378 1
1704571394 5
1704571410 2
1704571426 9
1704571442 5
1704571458 4
1704571474 7
1704571490 15
1704571506 12
1704571522 17
1704571538 9
1704571554 13
1704571570 5
1704571586 16
1704571602 7
1704571618 6
1704571634 4
1704571650 27
1704571666 5
1704571682 4
1704571698 7
1704571714 15
1704571730 7
1704571746 11
1704571762 2
1704571778 32
1704571794 16
1704571810 6
1704571826 12
1704571842 7
1704571858 11
1704571874 3
1704571890 6
1704571906 1



# Sketch: 1
1704571314 3
1704571330 21
1704571346 6
1704571362 7
1704571378 5
1704571394 5
1704571410 1
1704571426 4
1704571442 3
1704571458 2
1704571474 2
1704571490 5
1704571506 4
1704571522 6
1704571538 8
1704571554 5
1704571570 5
1704571586 4
1704571602 5
1704571618 11
1704571634 5
1704571650 3
1704571666 7
1704571682 6
1704571698 12
1704571714 3
1704571730 3
1704571746 5
1704571762 7
1704571778 4
1704571794 5
1704571810 10
1704571826 7
1704571842 3
1704571858 6
1704571874 6
1704571890 5
1704571906 0



# Sketch: 2
1704571314 4
1704571330 10
1704571346 4
1704571362 6
1704571378 7
1704571394 6
1704571410 3
1704571426 1
1704571442 8
1704571458 7
1704571474 12
1704571490 3
1704571506 9
1704571522 7
1704571538 3
1704571554 7
1704571570 10
1704571586 2
1704571602 12
1704571618 6
1704571634 7
1704571650 10
1704571666 11
1704571682 12
1704571698 3
1704571714 3
1704571730 3
1704571746 10
1704571762 7
1704571778 5
1704571794 11
1704571810 8
1704571826 3
1704571842 1
1704571858 2
1704571874 3
1704571890 5
1704571906 4



# Sketch: 3
1704571314 3
1704571330 5
1704571346 11
1704571362 7
1704571378 3
1704571394 4
1704571410 3
1704571426 2
1704571442 8
1704571458 5
1704571474 6
1704571490 6
1704571506 5
1704571522 7
1704571538 5
1704571554 7
1704571570 7
1704571586 3
1704571602 4
1704571618 15
1704571634 10
1704571650 15
1704571666 5
1704571682 28
1704571698 7
1704571714 5
1704571730 34
1704571746 11
1704571762 2
1704571778 23
1704571794 11
1704571810 15
1704571826 14
1704571842 3
1704571858 6
1704571874 3
1704571890 8
1704571906 7



# Sketch: 4
1704571314 17
1704571330 1
1704571346 7
1704571362 11
1704571378 25
1704571394 13
1704571410 6
1704571426 5
1704571442 8
1704571458 2
1704571474 0
1704571490 11
1704571506 17
1704571522 11
1704571538 18
1704571554 12
1704571570 2
1704571586 6
1704571602 5
1704571618 14
1704571634 35
1704571650 22
1704571666 17
1704571682 4
1704571698 4
1704571714 6
1704571730 10
1704571746 16
1704571762 14
1704571778 6
1704571794 4
1704571810 6
1704571826 39
1704571842 10
1704571858 18
1704571874 12
1704571890 5
1704571906 9



# Sketch: 5
1704571314 5
1704571330 3
1704571346 6
1704571362 5
1704571378 3
1704571394 8
1704571410 1
1704571426 5
1704571442 3
1704571458 2
1704571474 4
1704571490 7
1704571506 6
1704571522 10
1704571538 2
1704571554 7
1704571570 10
1704571586 3
1704571602 4
1704571618 3
1704571634 1
1704571650 17
1704571666 2
1704571682 4
1704571698 1
1704571714 4
1704571730 7
1704571746 2
1704571762 4
1704571778 13
1704571794 3
1704571810 1
1704571826 5
1704571842 21
1704571858 4
1704571874 3
1704571890 9
1704571906 5



# Sketch: 6
1704571314 8
1704571330 17
1704571346 17
1704571362 1
1704571378 3
1704571394 6
1704571410 5
1704571426 4
1704571442 7
1704571458 6
1704571474 7
1704571490 12
1704571506 4
1704571522 10
1704571538 6
1704571554 10
1704571570 1
1704571586 3
1704571602 2
1704571618 9
1704571634 4
1704571650 4
1704571666 6
1704571682 3
1704571698 5
1704571714 6
1704571730 4
1704571746 5
1704571762 9
1704571778 2
1704571794 9
1704571810 11
1704571826 3
1704571842 5
1704571858 15
1704571874 5
1704571890 10
1704571906 1



# Sketch: 7
1704571314 3
1704571330 13
1704571346 5
1704571362 3
1704571378 3
1704571394 1
1704571410 5
1704571426 3
1704571442 10
1704571458 2
1704571474 7
1704571490 14
1704571506 26
1704571522 9
1704571538 14
1704571554 1
1704571570 0
1704571586 5
1704571602 8
1704571618 12
1704571634 5
1704571650 11
1704571666 7
1704571682 3
1704571698 7
1704571714 5
1704571730 7
1704571746 19
1704571762 7
1704571778 7
1704571794 5
1704571810 4
1704571826 2
1704571842 3
1704571858 13
1704571874 13
1704571890 9
1704571906 8



# Sketch: 8
1704571314 9
1704571330 11
1704571346 13
1704571362 2
1704571378 4
1704571394 3
1704571410 10
1704571426 10
1704571442 5
1704571458 22
1704571474 4
1704571490 8
1704571506 3
1704571522 9
1704571538 5
1704571554 22
1704571570 24
1704571586 3
1704571602 8
1704571618 2
1704571634 5
1704571650 11
1704571666 5
1704571682 15
1704571698 18
1704571714 8
1704571730 5
1704571746 4
1704571762 6
1704571778 14
1704571794 9
1704571810 11
1704571826 14
1704571842 4
1704571858 19
1704571874 5
1704571890 15
1704571906 1



# Sketch: 9
1704571314 6
1704571330 4
1704571346 4
1704571362 3
1704571378 3
1704571394 3
1704571410 7
1704571426 3
1704571442 8
1704571458 7
1704571474 6
1704571490 4
1704571506 1
1704571522 8
1704571538 4
1704571554 3
1704571570 5
1704571586 8
1704571602 3
1704571618 3
1704571634 4
1704571650 23
1704571666 15
1704571682 2
1704571698 9
1704571714 3
1704571730 4
1704571746 10
1704571762 8
1704571778 13
1704571794 19
1704571810 16
1704571826 4
1704571842 6
1704571858 6
1704571874 4
1704571890 5
1704571906 3



# Sketch: 10
1704571314 6
1704571330 16
1704571346 7
1704571362 4
1704571378 9
1704571394 14
1704571410 4
1704571426 5
1704571442 14
1704571458 13
1704571474 9
1704571490 15
1704571506 9
1704571522 11
1704571538 6
1704571554 16
1704571570 20
1704571586 3
1704571602 3
1704571618 25
1704571634 10
1704571650 22
1704571666 8
1704571682 10
1704571698 10
1704571714 1
1704571730 11
1704571746 12
1704571762 7
1704571778 10
1704571794 13
1704571810 10
1704571826 5
1704571842 3
1704571858 15
1704571874 12
1704571890 9
1704571906 6



# Sketch: 11
1704571314 1
1704571330 4
1704571346 14
1704571362 7
1704571378 12
1704571394 5
1704571410 4
1704571426 6
1704571442 2
1704571458 4
1704571474 2
1704571490 4
1704571506 5
1704571522 4
1704571538 3
1704571554 2
1704571570 10
1704571586 6
1704571602 17
1704571618 9
1704571634 14
1704571650 9
1704571666 2
1704571682 1
1704571698 4
1704571714 6
1704571730 8
1704571746 1
1704571762 4
1704571778 9
1704571794 5
1704571810 13
1704571826 4
1704571842 1
1704571858 3
1704571874 5
1704571890 18
1704571906 7



# Sketch: 12
1704571314 8
1704571330 4
1704571346 20
1704571362 1
1704571378 0
1704571394 2
1704571410 5
1704571426 5
1704571442 10
1704571458 6
1704571474 1
1704571490 2
1704571506 8
1704571522 3
1704571538 3
1704571554 11
1704571570 3
1704571586 4
1704571602 6
1704571618 6
1704571634 4
1704571650 9
1704571666 6
1704571682 8
1704571698 8
1704571714 11
1704571730 3
1704571746 7
1704571762 8
1704571778 6
1704571794 7
1704571810 6
1704571826 10
1704571842 6
1704571858 15
1704571874 4
1704571890 4
1704571906 2



# Sketch: 13
1704571314 0
1704571330 4
1704571346 7
1704571362 15
1704571378 5
1704571394 4
1704571410 6
1704571426 3
1704571442 2
1704571458 14
1704571474 13
1704571490 2
1704571506 6
1704571522 4
1704571538 6
1704571554 10
1704571570 4
1704571586 6
1704571602 5
1704571618 10
1704571634 9
1704571650 28
1704571666 12
1704571682 6
1704571698 7
1704571714 5
1704571730 9
1704571746 3
1704571762 4
1704571778 8
1704571794 7
1704571810 10
1704571826 13
1704571842 5
1704571858 6
1704571874 5
1704571890 14
1704571906 3



# Sketch: 14
1704571314 5
1704571330 8
1704571346 9
1704571362 2
1704571378 8
1704571394 3
1704571410 7
1704571426 3
1704571442 7
1704571458 12
1704571474 7
1704571490 6
1704571506 8
1704571522 7
1704571538 3
1704571554 17
1704571570 9
1704571586 4
1704571602 7
1704571618 6
1704571634 1
1704571650 10
1704571666 12
1704571682 9
1704571698 5
1704571714 3
1704571730 3
1704571746 3
1704571762 5
1704571778 1
1704571794 5
1704571810 7
1704571826 5
1704571842 14
1704571858 9
1704571874 3
1704571890 5
1704571906 1



# Sketch: 15
1704571314 3
1704571330 5
1704571346 13
1704571362 1
1704571378 3
1704571394 1
1704571410 5
1704571426 6
1704571442 7
1704571458 14
1704571474 9
1704571490 10
1704571506 4
1704571522 2
1704571538 8
1704571554 3
1704571570 3
1704571586 5
1704571602 7
1704571618 3
1704571634 5
1704571650 20
1704571666 11
1704571682 9
1704571698 7
1704571714 5
1704571730 5
1704571746 4
1704571762 11
1704571778 2
1704571794 4
1704571810 5
1704571826 10
1704571842 9
1704571858 18
1704571874 5
1704571890 16
1704571906 5



# Sketch: 16
1704571314 5
1704571330 32
1704571346 8
1704571362 5
1704571378 6
1704571394 6
1704571410 1
1704571426 4
1704571442 8
1704571458 12
1704571474 9
1704571490 9
1704571506 12
1704571522 6
1704571538 12
1704571554 5
1704571570 5
1704571586 4
1704571602 13
1704571618 5
1704571634 7
1704571650 13
1704571666 4
1704571682 18
1704571698 4
1704571714 11
1704571730 3
1704571746 2
1704571762 2
1704571778 4
1704571794 4
1704571810 26
1704571826 9
1704571842 6
1704571858 6
1704571874 5
1704571890 15
1704571906 8



# Sketch: 17
1704571314 4
1704571330 17
1704571346 10
1704571362 12
1704571378 6
1704571394 9
1704571410 4
1704571426 1
1704571442 13
1704571458 7
1704571474 6
1704571490 4
1704571506 6
1704571522 5
1704571538 3
1704571554 14
1704571570 12
1704571586 6
1704571602 4
1704571618 1
1704571634 3
1704571650 6
1704571666 6
1704571682 17
1704571698 5
1704571714 4
1704571730 4
1704571746 3
1704571762 1
1704571778 2
1704571794 12
1704571810 14
1704571826 8
1704571842 3
1704571858 7
1704571874 6
1704571890 11
1704571906 6



# Sketch: 18
1704571314 11
1704571330 7
1704571346 2
1704571362 1
1704571378 11
1704571394 12
1704571410 2
1704571426 8
1704571442 4
1704571458 8
1704571474 10
1704571490 9
1704571506 4
1704571522 8
1704571538 1
1704571554 9
1704571570 4
1704571586 1
1704571602 4
1704571618 13
1704571634 5
1704571650 6
1704571666 4
1704571682 10
1704571698 7
1704571714 1
1704571730 4
1704571746 12
1704571762 1
1704571778 18
1704571794 6
1704571810 4
1704571826 4
1704571842 9
1704571858 5
1704571874 4
1704571890 3
1704571906 7



# Sketch: 19
1704571314 5
1704571330 8
1704571346 4
1704571362 8
1704571378 19
1704571394 16
1704571410 5
1704571426 5
1704571442 9
1704571458 6
1704571474 0
1704571490 9
1704571506 6
1704571522 9
1704571538 3
1704571554 11
1704571570 6
1704571586 10
1704571602 8
1704571618 18
1704571634 8
1704571650 7
1704571666 27
1704571682 12
1704571698 5
1704571714 8
1704571730 10
1704571746 9
1704571762 8
1704571778 5
1704571794 13
1704571810 19
1704571826 11
1704571842 10
1704571858 27
1704571874 18
1704571890 10
1704571906 5



# Sketch: 20
1704571314 3
1704571330 8
1704571346 9
1704571362 13
1704571378 6
1704571394 7
1704571410 5
1704571426 2
1704571442 5
1704571458 10
1704571474 3
1704571490 5
1704571506 7
1704571522 13
1704571538 11
1704571554 18
1704571570 5
1704571586 4
1704571602 1
1704571618 3
1704571634 8
1704571650 4
1704571666 6
1704571682 5
1704571698 10
1704571714 6
1704571730 6
1704571746 3
1704571762 3
1704571778 8
1704571794 12
1704571810 11
1704571826 2
1704571842 4
1704571858 9
1704571874 0
1704571890 8
1704571906 3



# Sketch: 21
1704571314 5
1704571330 4
1704571346 5
1704571362 11
1704571378 4
1704571394 7
1704571410 6
1704571426 22
1704571442 2
1704571458 6
1704571474 3
1704571490 10
1704571506 14
1704571522 7
1704571538 4
1704571554 5
1704571570 8
1704571586 6
1704571602 4
1704571618 1
1704571634 9
1704571650 5
1704571666 4
1704571682 6
1704571698 6
1704571714 3
1704571730 4
1704571746 5
1704571762 3
1704571778 17
1704571794 6
1704571810 7
1704571826 4
1704571842 2
1704571858 17
1704571874 2
1704571890 7
1704571906 2



# Sketch: 22
1704571314 6
1704571330 13
1704571346 13
1704571362 5
1704571378 4
1704571394 4
1704571410 4
1704571426 5
1704571442 13
1704571458 7
1704571474 8
1704571490 9
1704571506 10
1704571522 3
1704571538 9
1704571554 16
1704571570 8
1704571586 6
1704571602 10
1704571618 9
1704571634 12
1704571650 9
1704571666 7
1704571682 8
1704571698 4
1704571714 13
1704571730 8
1704571746 3
1704571762 6
1704571778 9
1704571794 1
1704571810 13
1704571826 12
1704571842 4
1704571858 5
1704571874 5
1704571890 5
1704571906 1



# Sketch: 23
1704571314 0
1704571330 3
1704571346 7
1704571362 0
1704571378 8
1704571394 5
1704571410 3
1704571426 2
1704571442 5
1704571458 7
1704571474 12
1704571490 5
1704571506 4
1704571522 5
1704571538 2
1704571554 21
1704571570 8
1704571586 5
1704571602 4
1704571618 2
1704571634 11
1704571650 14
1704571666 1
1704571682 4
1704571698 4
1704571714 4
1704571730 7
1704571746 7
1704571762 2
1704571778 1
1704571794 12
1704571810 10
1704571826 3
1704571842 0
1704571858 10
1704571874 7
1704571890 4
1704571906 1



# Sketch: 24
1704571314 2
1704571330 9
1704571346 7
1704571362 13
1704571378 4
1704571394 2
1704571410 3
1704571426 3
1704571442 2
1704571458 3
1704571474 4
1704571490 2
1704571506 5
1704571522 11
1704571538 4
1704571554 7
1704571570 2
1704571586 2
1704571602 7
1704571618 26
1704571634 7
1704571650 19
1704571666 22
1704571682 2
1704571698 4
1704571714 6
1704571730 7
1704571746 8
1704571762 4
1704571778 7
1704571794 10
1704571810 16
1704571826 4
1704571842 8
1704571858 12
1704571874 7
1704571890 8
1704571906 3



# Sketch: 25
1704571314 2
1704571330 12
1704571346 5
1704571362 5
1704571378 1
1704571394 7
1704571410 4
1704571426 7
1704571442 7
1704571458 10
1704571474 4
1704571490 5
1704571506 4
1704571522 4
1704571538 4
1704571554 9
1704571570 8
1704571586 23
1704571602 6
1704571618 14
1704571634 8
1704571650 8
1704571666 7
1704571682 43
1704571698 6
1704571714 5
1704571730 7
1704571746 2
1704571762 3
1704571778 7
1704571794 3
1704571810 16
1704571826 2
1704571842 10
1704571858 8
1704571874 13
1704571890 5
1704571906 4



# Sketch: 26
1704571314 11
1704571330 10
1704571346 8
1704571362 8
1704571378 6
1704571394 3
1704571410 6
1704571426 3
1704571442 13
1704571458 16
1704571474 13
1704571490 7
1704571506 8
1704571522 7
1704571538 7
1704571554 12
1704571570 17
1704571586 8
1704571602 12
1704571618 5
1704571634 10
1704571650 5
1704571666 12
1704571682 14
1704571698 18
1704571714 4
1704571730 2
1704571746 8
1704571762 4
1704571778 2
1704571794 15
1704571810 14
1704571826 6
1704571842 19
1704571858 14
1704571874 11
1704571890 6
1704571906 2



# Sketch: 27
1704571314 11
1704571330 29
1704571346 28
1704571362 6
1704571378 6
1704571394 3
1704571410 3
1704571426 4
1704571442 3
1704571458 5
1704571474 4
1704571490 10
1704571506 12
1704571522 5
1704571538 37
1704571554 25
1704571570 17
1704571586 15
1704571602 3
1704571618 6
1704571634 12
1704571650 9
1704571666 7
1704571682 5
1704571698 9
1704571714 5
1704571730 7
1704571746 5
1704571762 3
1704571778 25
1704571794 20
1704571810 11
1704571826 6
1704571842 9
1704571858 5
1704571874 3
1704571890 1
1704571906 5



# Sketch: 28
1704571314 7
1704571330 8
1704571346 23
1704571362 8
1704571378 9
1704571394 1
1704571410 7
1704571426 6
1704571442 5
1704571458 3
1704571474 2
1704571490 10
1704571506 8
1704571522 7
1704571538 7
1704571554 10
1704571570 5
1704571586 9
1704571602 9
1704571618 5
1704571634 8
1704571650 14
1704571666 8
1704571682 14
1704571698 6
1704571714 3
1704571730 3
1704571746 7
1704571762 10
1704571778 5
1704571794 3
1704571810 12
1704571826 3
1704571842 12
1704571858 4
1704571874 9
1704571890 52
1704571906 11



# Sketch: 29
1704571314 10
1704571330 6
1704571346 16
1704571362 3
1704571378 7
1704571394 3
1704571410 3
1704571426 3
1704571442 9
1704571458 23
1704571474 12
1704571490 9
1704571506 11
1704571522 3
1704571538 7
1704571554 6
1704571570 7
1704571586 2
1704571602 13
1704571618 6
1704571634 1
1704571650 11
1704571666 4
1704571682 4
1704571698 6
1704571714 3
1704571730 8
1704571746 0
1704571762 4
1704571778 29
1704571794 5
1704571810 12
1704571826 17
1704571842 9
1704571858 6
1704571874 7
1704571890 4
1704571906 6



# Sketch: 30
1704571314 11
1704571330 5
1704571346 6
1704571362 15
1704571378 13
1704571394 3
1704571410 5
1704571426 4
1704571442 4
1704571458 11
1704571474 12
1704571490 17
1704571506 20
1704571522 7
1704571538 1
1704571554 6
1704571570 19
1704571586 3
1704571602 16
1704571618 12
1704571634 12
1704571650 11
1704571666 7
1704571682 7
1704571698 5
1704571714 8
1704571730 2
1704571746 9
1704571762 8
1704571778 1
1704571794 12
1704571810 9
1704571826 5
1704571842 2
1704571858 9
1704571874 1
1704571890 3
1704571906 2



# Sketch: 31
1704571314 10
1704571330 12
1704571346 9
1704571362 10
1704571378 9
1704571394 3
1704571410 2
1704571426 3
1704571442 15
1704571458 13
1704571474 16
1704571490 8
1704571506 3
1704571522 8
1704571538 4
1704571554 9
1704571570 26
1704571586 15
1704571602 8
1704571618 2
1704571634 12
1704571650 6
1704571666 5
1704571682 18
1704571698 4
1704571714 6
1704571730 4
1704571746 3
1704571762 1
1704571778 8
1704571794 5
1704571810 5
1704571826 4
1704571842 8
1704571858 18
1704571874 14
1704571890 3
1704571906 6

