

# Sketch: 0
1704560514 32
1704560546 61
1704560578 19
1704560610 17
1704560642 30
1704560674 41
1704560706 25
1704560738 13
1704560770 33
1704560802 28
1704560834 8
1704560866 8
1704560898 37
1704560930 34
1704560962 10
1704560994 13
1704561026 39
1704561058 11
1704561090 10



# Sketch: 1
1704560514 13
1704560546 11
1704560578 13
1704560610 16
1704560642 10
1704560674 23
1704560706 10
1704560738 19
1704560770 21
1704560802 16
1704560834 5
1704560866 14
1704560898 6
1704560930 12
1704560962 11
1704560994 13
1704561026 11
1704561058 39
1704561090 24



# Sketch: 2
1704560514 12
1704560546 14
1704560578 8
1704560610 11
1704560642 13
1704560674 10
1704560706 10
1704560738 15
1704560770 13
1704560802 19
1704560834 13
1704560866 15
1704560898 17
1704560930 7
1704560962 9
1704560994 11
1704561026 8
1704561058 6
1704561090 25



# Sketch: 3
1704560514 27
1704560546 28
1704560578 8
1704560610 17
1704560642 27
1704560674 27
1704560706 18
1704560738 19
1704560770 21
1704560802 14
1704560834 9
1704560866 27
1704560898 11
1704560930 13
1704560962 13
1704560994 23
1704561026 25
1704561058 26
1704561090 11



# Sketch: 4
1704560514 18
1704560546 22
1704560578 16
1704560610 4
1704560642 16
1704560674 12
1704560706 9
1704560738 17
1704560770 31
1704560802 15
1704560834 12
1704560866 19
1704560898 23
1704560930 6
1704560962 11
1704560994 19
1704561026 14
1704561058 15
1704561090 18



# Sketch: 5
1704560514 14
1704560546 11
1704560578 13
1704560610 10
1704560642 17
1704560674 15
1704560706 21
1704560738 14
1704560770 17
1704560802 4
1704560834 12
1704560866 31
1704560898 10
1704560930 6
1704560962 9
1704560994 11
1704561026 28
1704561058 20
1704561090 9



# Sketch: 6
1704560514 26
1704560546 12
1704560578 8
1704560610 9
1704560642 23
1704560674 11
1704560706 9
1704560738 9
1704560770 24
1704560802 6
1704560834 10
1704560866 24
1704560898 11
1704560930 13
1704560962 12
1704560994 14
1704561026 12
1704561058 3
1704561090 7



# Sketch: 7
1704560514 10
1704560546 19
1704560578 13
1704560610 23
1704560642 38
1704560674 46
1704560706 8
1704560738 10
1704560770 23
1704560802 13
1704560834 21
1704560866 14
1704560898 7
1704560930 16
1704560962 22
1704560994 17
1704561026 14
1704561058 20
1704561090 26



# Sketch: 8
1704560514 6
1704560546 13
1704560578 19
1704560610 18
1704560642 16
1704560674 9
1704560706 9
1704560738 18
1704560770 24
1704560802 17
1704560834 6
1704560866 7
1704560898 18
1704560930 6
1704560962 30
1704560994 10
1704561026 18
1704561058 15
1704561090 4



# Sketch: 9
1704560514 13
1704560546 8
1704560578 14
1704560610 4
1704560642 11
1704560674 21
1704560706 10
1704560738 15
1704560770 11
1704560802 9
1704560834 24
1704560866 11
1704560898 9
1704560930 13
1704560962 12
1704560994 7
1704561026 11
1704561058 16
1704561090 18



# Sketch: 10
1704560514 20
1704560546 17
1704560578 11
1704560610 20
1704560642 24
1704560674 5
1704560706 7
1704560738 37
1704560770 15
1704560802 15
1704560834 16
1704560866 10
1704560898 13
1704560930 14
1704560962 8
1704560994 15
1704561026 15
1704561058 7
1704561090 7



# Sketch: 11
1704560514 29
1704560546 16
1704560578 20
1704560610 20
1704560642 19
1704560674 14
1704560706 23
1704560738 26
1704560770 23
1704560802 24
1704560834 17
1704560866 19
1704560898 20
1704560930 18
1704560962 16
1704560994 39
1704561026 13
1704561058 17
1704561090 20



# Sketch: 12
1704560514 20
1704560546 8
1704560578 15
1704560610 21
1704560642 18
1704560674 13
1704560706 18
1704560738 8
1704560770 13
1704560802 16
1704560834 5
1704560866 7
1704560898 11
1704560930 9
1704560962 19
1704560994 21
1704561026 18
1704561058 13
1704561090 22



# Sketch: 13
1704560514 16
1704560546 9
1704560578 9
1704560610 8
1704560642 12
1704560674 33
1704560706 31
1704560738 13
1704560770 24
1704560802 11
1704560834 13
1704560866 26
1704560898 9
1704560930 15
1704560962 10
1704560994 6
1704561026 13
1704561058 8
1704561090 2



# Sketch: 14
1704560514 14
1704560546 14
1704560578 19
1704560610 13
1704560642 12
1704560674 17
1704560706 23
1704560738 19
1704560770 16
1704560802 12
1704560834 21
1704560866 24
1704560898 14
1704560930 22
1704560962 14
1704560994 25
1704561026 14
1704561058 12
1704561090 18



# Sketch: 15
1704560514 18
1704560546 14
1704560578 14
1704560610 16
1704560642 16
1704560674 8
1704560706 19
1704560738 16
1704560770 14
1704560802 4
1704560834 21
1704560866 16
1704560898 5
1704560930 10
1704560962 9
1704560994 20
1704561026 20
1704561058 28
1704561090 8



# Sketch: 16
1704560514 31
1704560546 17
1704560578 22
1704560610 11
1704560642 12
1704560674 21
1704560706 13
1704560738 22
1704560770 13
1704560802 9
1704560834 16
1704560866 10
1704560898 8
1704560930 6
1704560962 15
1704560994 26
1704561026 17
1704561058 21
1704561090 10



# Sketch: 17
1704560514 21
1704560546 10
1704560578 9
1704560610 9
1704560642 7
1704560674 10
1704560706 7
1704560738 6
1704560770 14
1704560802 12
1704560834 6
1704560866 8
1704560898 16
1704560930 15
1704560962 10
1704560994 8
1704561026 13
1704561058 9
1704561090 14



# Sketch: 18
1704560514 17
1704560546 22
1704560578 11
1704560610 28
1704560642 13
1704560674 8
1704560706 22
1704560738 19
1704560770 57
1704560802 12
1704560834 13
1704560866 23
1704560898 14
1704560930 18
1704560962 9
1704560994 12
1704561026 23
1704561058 7
1704561090 8



# Sketch: 19
1704560514 19
1704560546 26
1704560578 7
1704560610 14
1704560642 19
1704560674 34
1704560706 9
1704560738 14
1704560770 13
1704560802 11
1704560834 21
1704560866 20
1704560898 8
1704560930 9
1704560962 12
1704560994 27
1704561026 15
1704561058 6
1704561090 6



# Sketch: 20
1704560514 8
1704560546 22
1704560578 10
1704560610 12
1704560642 18
1704560674 19
1704560706 10
1704560738 13
1704560770 22
1704560802 23
1704560834 20
1704560866 15
1704560898 16
1704560930 9
1704560962 19
1704560994 12
1704561026 11
1704561058 17
1704561090 3



# Sketch: 21
1704560514 19
1704560546 7
1704560578 9
1704560610 20
1704560642 32
1704560674 14
1704560706 19
1704560738 7
1704560770 20
1704560802 10
1704560834 18
1704560866 14
1704560898 14
1704560930 8
1704560962 10
1704560994 19
1704561026 10
1704561058 17
1704561090 5



# Sketch: 22
1704560514 45
1704560546 27
1704560578 9
1704560610 10
1704560642 19
1704560674 16
1704560706 47
1704560738 9
1704560770 16
1704560802 16
1704560834 28
1704560866 49
1704560898 13
1704560930 22
1704560962 21
1704560994 17
1704561026 29
1704561058 12
1704561090 16



# Sketch: 23
1704560514 26
1704560546 10
1704560578 7
1704560610 21
1704560642 20
1704560674 16
1704560706 10
1704560738 19
1704560770 18
1704560802 13
1704560834 11
1704560866 11
1704560898 15
1704560930 9
1704560962 13
1704560994 21
1704561026 6
1704561058 7
1704561090 8



# Sketch: 24
1704560514 14
1704560546 39
1704560578 22
1704560610 8
1704560642 49
1704560674 30
1704560706 20
1704560738 14
1704560770 24
1704560802 14
1704560834 22
1704560866 26
1704560898 24
1704560930 18
1704560962 14
1704560994 33
1704561026 39
1704561058 31
1704561090 11



# Sketch: 25
1704560514 13
1704560546 15
1704560578 21
1704560610 11
1704560642 22
1704560674 17
1704560706 27
1704560738 10
1704560770 19
1704560802 26
1704560834 8
1704560866 15
1704560898 10
1704560930 12
1704560962 10
1704560994 23
1704561026 17
1704561058 15
1704561090 24



# Sketch: 26
1704560514 9
1704560546 28
1704560578 15
1704560610 8
1704560642 8
1704560674 13
1704560706 9
1704560738 7
1704560770 17
1704560802 12
1704560834 20
1704560866 16
1704560898 4
1704560930 9
1704560962 29
1704560994 20
1704561026 16
1704561058 16
1704561090 5



# Sketch: 27
1704560514 33
1704560546 28
1704560578 16
1704560610 17
1704560642 23
1704560674 27
1704560706 17
1704560738 32
1704560770 26
1704560802 19
1704560834 8
1704560866 28
1704560898 18
1704560930 17
1704560962 14
1704560994 31
1704561026 24
1704561058 12
1704561090 50



# Sketch: 28
1704560514 11
1704560546 14
1704560578 13
1704560610 9
1704560642 13
1704560674 16
1704560706 11
1704560738 15
1704560770 19
1704560802 8
1704560834 14
1704560866 12
1704560898 7
1704560930 16
1704560962 20
1704560994 15
1704561026 10
1704561058 27
1704561090 13



# Sketch: 29
1704560514 34
1704560546 27
1704560578 19
1704560610 15
1704560642 29
1704560674 15
1704560706 17
1704560738 17
1704560770 28
1704560802 6
1704560834 16
1704560866 25
1704560898 29
1704560930 13
1704560962 14
1704560994 37
1704561026 29
1704561058 27
1704561090 41



# Sketch: 30
1704560514 33
1704560546 9
1704560578 22
1704560610 8
1704560642 28
1704560674 15
1704560706 36
1704560738 15
1704560770 16
1704560802 40
1704560834 20
1704560866 28
1704560898 5
1704560930 18
1704560962 16
1704560994 29
1704561026 30
1704561058 28
1704561090 20



# Sketch: 31
1704560514 15
1704560546 14
1704560578 19
1704560610 18
1704560642 14
1704560674 14
1704560706 11
1704560738 18
1704560770 8
1704560802 9
1704560834 9
1704560866 14
1704560898 14
1704560930 25
1704560962 33
1704560994 36
1704561026 14
1704561058 26
1704561090 19

