

# Sketch: 0
1704560514 47
1704560642 92
1704560770 64
1704560898 39
1704561026 45



# Sketch: 1
1704560514 67
1704560642 60
1704560770 59
1704560898 52
1704561026 26



# Sketch: 2
1704560514 98
1704560642 79
1704560770 84
1704560898 80
1704561026 87



# Sketch: 3
1704560514 47
1704560642 46
1704560770 44
1704560898 44
1704561026 42



# Sketch: 4
1704560514 43
1704560642 65
1704560770 45
1704560898 57
1704561026 46



# Sketch: 5
1704560514 64
1704560642 77
1704560770 50
1704560898 82
1704561026 56



# Sketch: 6
1704560514 84
1704560642 106
1704560770 74
1704560898 65
1704561026 63



# Sketch: 7
1704560514 56
1704560642 68
1704560770 50
1704560898 63
1704561026 49



# Sketch: 8
1704560514 53
1704560642 64
1704560770 74
1704560898 54
1704561026 45



# Sketch: 9
1704560514 48
1704560642 73
1704560770 72
1704560898 53
1704561026 37



# Sketch: 10
1704560514 79
1704560642 74
1704560770 98
1704560898 45
1704561026 39



# Sketch: 11
1704560514 73
1704560642 51
1704560770 106
1704560898 65
1704561026 66



# Sketch: 12
1704560514 58
1704560642 48
1704560770 36
1704560898 51
1704561026 35



# Sketch: 13
1704560514 75
1704560642 80
1704560770 73
1704560898 102
1704561026 27



# Sketch: 14
1704560514 99
1704560642 124
1704560770 113
1704560898 79
1704561026 64



# Sketch: 15
1704560514 65
1704560642 75
1704560770 54
1704560898 57
1704561026 35



# Sketch: 16
1704560514 69
1704560642 44
1704560770 51
1704560898 42
1704561026 24



# Sketch: 17
1704560514 63
1704560642 62
1704560770 77
1704560898 60
1704561026 48



# Sketch: 18
1704560514 63
1704560642 64
1704560770 55
1704560898 68
1704561026 44



# Sketch: 19
1704560514 74
1704560642 47
1704560770 62
1704560898 67
1704561026 60



# Sketch: 20
1704560514 47
1704560642 71
1704560770 61
1704560898 64
1704561026 64



# Sketch: 21
1704560514 95
1704560642 84
1704560770 88
1704560898 89
1704561026 74



# Sketch: 22
1704560514 58
1704560642 78
1704560770 75
1704560898 80
1704561026 60



# Sketch: 23
1704560514 51
1704560642 71
1704560770 117
1704560898 52
1704561026 46



# Sketch: 24
1704560514 68
1704560642 56
1704560770 32
1704560898 52
1704561026 55



# Sketch: 25
1704560514 79
1704560642 74
1704560770 72
1704560898 84
1704561026 67



# Sketch: 26
1704560514 56
1704560642 110
1704560770 51
1704560898 63
1704561026 51



# Sketch: 27
1704560514 99
1704560642 71
1704560770 109
1704560898 92
1704561026 68



# Sketch: 28
1704560514 60
1704560642 35
1704560770 67
1704560898 46
1704561026 35



# Sketch: 29
1704560514 64
1704560642 81
1704560770 48
1704560898 43
1704561026 29



# Sketch: 30
1704560514 76
1704560642 68
1704560770 53
1704560898 36
1704561026 61



# Sketch: 31
1704560514 46
1704560642 60
1704560770 51
1704560898 52
1704561026 44

