

# Sketch: 0
0 1.3288
1 0.978407
2 0.802022
3 0.695304
4 0.632478
5 0.412887
6 0.497257
7 0.657845



# Sketch: 1
0 1.57618
1 0.929431
2 0.559773
3 0.374148
4 0.346173
5 0.538975
6 0.84383
7 1.02524



# Sketch: 2
0 1.4971
1 0.933983
2 1.22424
3 0.709222
4 0.346265
5 0.531987
6 0.315517
7 1.01684



# Sketch: 3
0 0.861931
1 0.975981
2 1.36709
3 1.33444
4 2.0309
5 2.74433
6 1.57906
7 1.44726



# Sketch: 4
0 0.903266
1 0.649747
2 0.584841
3 0.626982
4 0.719115
5 0.473829
6 0.53502
7 0.521912



# Sketch: 5
0 0.825705
1 0.679114
2 0.460245
3 0.733154
4 1.5764
5 0.437523
6 0.269786
7 0.447333



# Sketch: 6
0 0.682308
1 0.628233
2 0.561138
3 0.547988
4 0.611392
5 0.632349
6 0.52975
7 0.48211



# Sketch: 7
0 0.0512504
1 0.175691
2 0.440531
3 0.395982
4 0.20049
5 0.318751
6 0.388446
7 0.791041



# Sketch: 8
0 0.553299
1 0.305721
2 0.235282
3 0.205238
4 0.206643
5 0.323948
6 0.412895
7 0.5587



# Sketch: 9
0 0.654266
1 0.613037
2 0.612993
3 0.399716
4 0.496014
5 0.486363
6 0.513483
7 1.27418



# Sketch: 10
0 1.06074
1 0.845298
2 0.786431
3 0.734139
4 0.647728
5 0.565145
6 0.726074
7 0.711688



# Sketch: 11
0 0.946656
1 0.812724
2 0.694816
3 0.75868
4 0.619254
5 0.598083
6 0.58262
7 0.39776



# Sketch: 12
0 3.44793
1 2.40195
2 2.23339
3 2.13129
4 2.0278
5 1.88536
6 1.84817
7 1.44114



# Sketch: 13
0 0.5616
1 0.617641
2 0.618482
3 0.402102
4 0.393113
5 0.404775
6 1.43483
7 0.629595



# Sketch: 14
0 1.08801
1 1.16796
2 0.690055
3 0.874365
4 0.752607
5 0.719741
6 1.00094
7 0.285432



# Sketch: 15
0 0.696699
1 0.538844
2 0.492028
3 0.455764
4 0.34065
5 0.345606
6 0.372812
7 0.41045



# Sketch: 16
0 0.382665
1 0.349605
2 0.331118
3 0.0760272
4 0.403677
5 0.406681
6 0.158699
7 0.75754



# Sketch: 17
0 0.759087
1 0.489444
2 0.35581
3 0.401309
4 0.408204
5 0.35006
6 0.602938
7 0.870555



# Sketch: 18
0 0.905667
1 0.771596
2 0.661943
3 0.682153
4 0.588129
5 0.643201
6 0.63177
7 0.413124



# Sketch: 19
0 1.00215
1 0.796187
2 0.667322
3 0.806611
4 0.411629
5 0.402644
6 0.752695
7 1.55593



# Sketch: 20
0 2.53113
1 1.84112
2 1.74141
3 2.2318
4 2.0687
5 2.95889
6 0.402995
7 0.467342



# Sketch: 21
0 0.996914
1 0.979173
2 0.676054
3 0.992011
4 0.372066
5 0.388896
6 0.334131
7 0.404507



# Sketch: 22
0 1.09653
1 0.828332
2 0.763334
3 0.764304
4 0.56889
5 0.456342
6 0.451934
7 0.693973



# Sketch: 23
0 0.325691
1 0.325562
2 0.308711
3 0.377401
4 0.446376
5 0.472819
6 0.489461
7 0.566009



# Sketch: 24
0 0.829988
1 0.665219
2 0.951322
3 0.89439
4 0.817667
5 1.17902
6 1.49412
7 2.49532



# Sketch: 25
0 1.12022
1 1.05809
2 0.751879
3 0.641255
4 0.712871
5 0.511026
6 0.579374
7 0.447198



# Sketch: 26
0 1.29464
1 1.05187
2 0.925153
3 0.951153
4 0.822242
5 0.859028
6 0.762523
7 0.430675



# Sketch: 27
0 0.780325
1 0.675066
2 0.582684
3 0.606985
4 0.744121
5 0.585676
6 0.403773
7 0.362753



# Sketch: 28
0 0.128832
1 0.197219
2 0.250184
3 0.273904
4 0.227511
5 0.598716
6 0.954557
7 0.577594



# Sketch: 29
0 0.914603
1 1.18278
2 0.958827
3 0.529782
4 0.439903
5 0.317571
6 0.321853
7 0.314395



# Sketch: 30
0 0.197454
1 0.299536
2 0.384749
3 0.349739
4 0.249544
5 0.370297
6 0.396736
7 0.632792



# Sketch: 31
0 0.41341
1 0.423012
2 0.385674
3 0.563549
4 0.584181
5 0.431405
6 0.432597
7 0.877473

