

# Sketch: 0
0 1.2278
1 1.22754
2 0.920589
3 0.372797
4 0.379258
5 0.316856
6 0.250917
7 0.770362



# Sketch: 1
0 0.970478
1 0.693816
2 0.623123
3 0.611213
4 0.370412
5 0.330791
6 0.290733
7 0.383669



# Sketch: 2
0 0.739257
1 0.65028
2 0.574446
3 0.488389
4 0.531031
5 0.479487
6 0.987775
7 0.570154



# Sketch: 3
0 0.580776
1 0.508096
2 0.485232
3 0.535977
4 0.474622
5 0.477629
6 0.290613
7 0.406175



# Sketch: 4
0 0.271441
1 0.151323
2 0.377166
3 0.437739
4 0.490959
5 0.362625
6 0.19881
7 0.42421



# Sketch: 5
0 0.64552
1 0.59387
2 0.548316
3 0.50895
4 0.566954
5 0.548681
6 0.565505
7 0.587639



# Sketch: 6
0 0.202929
1 0.0771014
2 0.0367177
3 0.179571
4 0.155313
5 0.235109
6 0.110579
7 0.334155



# Sketch: 7
0 0.997128
1 1.2821
2 0.806427
3 0.286059
4 0.190666
5 0.140055
6 0.303871
7 0.559976



# Sketch: 8
0 1.07912
1 0.936601
2 0.811727
3 0.598193
4 0.636835
5 0.887743
6 0.96676
7 0.707895



# Sketch: 9
0 0.536956
1 0.511952
2 0.470983
3 0.394765
4 0.435456
5 0.694297
6 0.519843
7 0.413772



# Sketch: 10
0 0.947915
1 0.433566
2 0.243179
3 0.181331
4 0.401973
5 0.394591
6 0.253972
7 0.283559



# Sketch: 11
0 1.16541
1 1.04688
2 0.937979
3 0.916199
4 0.893941
5 0.845608
6 0.710993
7 1.15963



# Sketch: 12
0 0.504107
1 0.64705
2 0.78637
3 1.19019
4 1.86554
5 0.894788
6 0.369349
7 0.388056



# Sketch: 13
0 0.487071
1 0.49544
2 0.398109
3 0.369904
4 0.591732
5 0.397239
6 0.538067
7 0.456382



# Sketch: 14
0 0.658733
1 0.486476
2 0.346711
3 0.225607
4 0.3067
5 0.812443
6 0.893885
7 0.443151



# Sketch: 15
0 0.132908
1 0.255499
2 0.598947
3 0.648153
4 0.788388
5 0.54425
6 1.86685
7 1.0741



# Sketch: 16
0 0.398098
1 0.274526
2 0.185158
3 0.253896
4 0.708297
5 0.220261
6 0.902133
7 2.9707



# Sketch: 17
0 0.896648
1 0.956124
2 0.679089
3 0.502086
4 0.545087
5 0.786444
6 0.355343
7 0.489493



# Sketch: 18
0 1.38991
1 1.25609
2 1.40244
3 1.02552
4 0.601819
5 0.497919
6 0.262225
7 0.439235



# Sketch: 19
0 0.298267
1 0.112735
2 0.326249
3 0.512093
4 0.358778
5 0.22352
6 2.58604
7 3.47388



# Sketch: 20
0 0.324911
1 0.319624
2 0.303559
3 0.396426
4 0.396616
5 0.395178
6 0.623534
7 0.381691



# Sketch: 21
0 0.612981
1 0.829372
2 0.724953
3 0.622074
4 0.130755
5 0.137522
6 0.129288
7 0.640204



# Sketch: 22
0 0.771503
1 0.742365
2 0.976629
3 1.22415
4 1.38838
5 0.477688
6 0.255233
7 0.382978



# Sketch: 23
0 0.563644
1 0.604019
2 0.366743
3 0.338935
4 0.3461
5 0.381524
6 0.31173
7 0.706074



# Sketch: 24
0 0.776782
1 0.70556
2 0.625103
3 0.637309
4 0.625589
5 0.5504
6 0.37979
7 1.23526



# Sketch: 25
0 2.8496
1 2.22618
2 2.47374
3 1.99284
4 1.64957
5 0.904605
6 2.19226
7 0.145284



# Sketch: 26
0 0.237299
1 0.118211
2 0.465416
3 0.655667
4 0.527829
5 1.21935
6 0.257643
7 0.32226



# Sketch: 27
0 1.48475
1 1.28473
2 1.25371
3 0.819444
4 0.500151
5 0.550998
6 0.733701
7 0.514302



# Sketch: 28
0 0.883395
1 1.00839
2 0.796573
3 0.367743
4 0.377312
5 0.360279
6 0.179217
7 0.976447



# Sketch: 29
0 0.926915
1 0.884852
2 0.83901
3 0.803849
4 0.709169
5 0.699232
6 0.449755
7 0.500707



# Sketch: 30
0 0.70212
1 0.596583
2 0.869692
3 0.768364
4 0.415631
5 0.116566
6 0.517303
7 0.504569



# Sketch: 31
0 0.424814
1 0.40477
2 0.37574
3 0.352452
4 0.384755
5 0.442337
6 0.435269
7 0.399514

