

# Sketch: 0
0 1.22206
1 1.51415
2 1.07092
3 0.806192
4 0.575026
5 0.503659
6 0.530965
7 0.459901



# Sketch: 1
0 0.922849
1 0.489079
2 0.568612
3 0.912321
4 0.751527
5 0.482838
6 0.358649
7 0.506932



# Sketch: 2
0 0.500323
1 0.711008
2 0.64295
3 0.19013
4 0.521055
5 0.231764
6 0.405402
7 1.50898



# Sketch: 3
0 0.364531
1 0.38431
2 0.411098
3 0.904953
4 0.63739
5 0.46111
6 0.398235
7 0.52182



# Sketch: 4
0 2.76637
1 2.41881
2 1.66247
3 1.42309
4 1.71402
5 0.687604
6 0.59441
7 0.115816



# Sketch: 5
0 0.90382
1 0.788091
2 0.855127
3 0.865982
4 0.676488
5 0.673353
6 0.581656
7 0.919895



# Sketch: 6
0 0.820878
1 0.793559
2 0.680187
3 0.350511
4 0.374218
5 0.335973
6 0.391273
7 0.391932



# Sketch: 7
0 0.647003
1 0.552855
2 0.892732
3 0.618338
4 0.303727
5 1.13276
6 0.605368
7 0.257455



# Sketch: 8
0 0.649594
1 0.629691
2 0.542621
3 0.497146
4 0.499156
5 0.538071
6 0.432251
7 0.55251



# Sketch: 9
0 0.91491
1 0.855551
2 0.769337
3 0.725511
4 0.776519
5 2.36574
6 1.18505
7 0.932955



# Sketch: 10
0 0.280991
1 0.39703
2 0.747214
3 0.424578
4 0.538981
5 0.438676
6 0.360223
7 0.343597



# Sketch: 11
0 0.182715
1 0.20628
2 0.213896
3 0.303601
4 0.528231
5 0.284048
6 0.423379
7 0.572053



# Sketch: 12
0 0.606613
1 0.555758
2 0.608452
3 0.660904
4 0.514868
5 0.502999
6 0.525221
7 2.50051



# Sketch: 13
0 0.442867
1 0.490586
2 0.415217
3 0.391316
4 0.455637
5 0.390853
6 0.44843
7 0.45499



# Sketch: 14
0 0.364582
1 0.41563
2 0.386741
3 0.446585
4 0.366092
5 0.363878
6 0.386966
7 0.419381



# Sketch: 15
0 0.720488
1 0.691414
2 0.607079
3 0.613478
4 0.618556
5 0.577532
6 0.597991
7 0.609315



# Sketch: 16
0 1.24458
1 1.3238
2 0.824612
3 0.820462
4 0.803706
5 1.39337
6 0.605518
7 0.436333



# Sketch: 17
0 0.437818
1 0.328377
2 0.406515
3 0.319995
4 0.325415
5 0.479977
6 0.861367
7 0.552097



# Sketch: 18
0 1.02239
1 0.930097
2 0.881357
3 0.933633
4 0.825514
5 0.712644
6 0.719649
7 0.44008



# Sketch: 19
0 0.749774
1 0.713887
2 0.706205
3 0.670149
4 0.624641
5 0.609561
6 0.570118
7 0.533972



# Sketch: 20
0 1.23353
1 0.9923
2 0.685581
3 0.275288
4 0.261559
5 0.666967
6 0.992045
7 0.272132



# Sketch: 21
0 0.334516
1 0.363696
2 0.889799
3 0.862026
4 0.909858
5 0.731241
6 0.424144
7 0.31464



# Sketch: 22
0 0.72643
1 0.658878
2 0.613235
3 0.593123
4 0.598729
5 0.663463
6 0.681942
7 0.571843



# Sketch: 23
0 0.306608
1 0.255786
2 0.265437
3 0.266506
4 0.270545
5 0.300358
6 0.312644
7 0.340942



# Sketch: 24
0 0.855335
1 0.84614
2 0.863649
3 0.866776
4 0.746473
5 0.553436
6 0.620859
7 1.00334



# Sketch: 25
0 0.926265
1 0.680868
2 0.693577
3 0.985559
4 0.565982
5 0.399316
6 0.714044
7 0.181476



# Sketch: 26
0 0.836174
1 0.633481
2 0.576584
3 0.487826
4 0.152906
5 0.183363
6 0.512251
7 1.44155



# Sketch: 27
0 0.326087
1 0.236982
2 0.520593
3 0.417836
4 0.367213
5 0.191153
6 0.305829
7 1.09173



# Sketch: 28
0 0.404361
1 0.64185
2 0.433744
3 0.599902
4 0.758657
5 0.69026
6 0.421749
7 1.63407



# Sketch: 29
0 3.36699
1 2.17309
2 2.29919
3 1.82076
4 1.69345
5 1.85311
6 1.51161
7 0.9445



# Sketch: 30
0 0.629702
1 0.775107
2 0.64249
3 0.597259
4 0.451638
5 0.304388
6 0.41963
7 0.521996



# Sketch: 31
0 0.724653
1 0.950456
2 0.828785
3 0.862753
4 1.46095
5 0.539135
6 0.562351
7 0.532289

