

# Sketch: 0
1704571914 9
1704571922 2
1704571930 9
1704571938 3
1704571946 2
1704571954 5
1704571962 3
1704571970 6
1704571978 3
1704571986 3
1704571994 18
1704572002 4
1704572010 1
1704572018 2
1704572026 4
1704572034 1
1704572042 7
1704572050 4
1704572058 5
1704572066 2
1704572074 5
1704572082 3
1704572090 4
1704572098 3
1704572106 2
1704572114 0
1704572122 4
1704572130 14
1704572138 7
1704572146 3
1704572154 4
1704572162 4
1704572170 3
1704572178 2
1704572186 4
1704572194 5
1704572202 2
1704572210 5
1704572218 2
1704572226 2
1704572234 3
1704572242 7
1704572250 3
1704572258 0
1704572266 3
1704572274 3
1704572282 2
1704572290 3
1704572298 0
1704572306 1
1704572314 4
1704572322 5
1704572330 6
1704572338 2
1704572346 5
1704572354 3
1704572362 3
1704572370 4
1704572378 5
1704572386 3
1704572394 3
1704572402 0
1704572410 3
1704572418 4
1704572426 2
1704572434 2
1704572442 4
1704572450 1
1704572458 3
1704572466 4
1704572474 3
1704572482 4
1704572490 2
1704572498 1
1704572506 1



# Sketch: 1
1704571914 7
1704571922 6
1704571930 11
1704571938 7
1704571946 3
1704571954 1
1704571962 5
1704571970 4
1704571978 1
1704571986 2
1704571994 0
1704572002 3
1704572010 7
1704572018 12
1704572026 3
1704572034 0
1704572042 2
1704572050 7
1704572058 10
1704572066 10
1704572074 10
1704572082 17
1704572090 13
1704572098 21
1704572106 13
1704572114 3
1704572122 5
1704572130 1
1704572138 1
1704572146 2
1704572154 11
1704572162 3
1704572170 5
1704572178 2
1704572186 3
1704572194 7
1704572202 4
1704572210 1
1704572218 1
1704572226 9
1704572234 3
1704572242 13
1704572250 1
1704572258 3
1704572266 5
1704572274 6
1704572282 3
1704572290 8
1704572298 2
1704572306 4
1704572314 15
1704572322 2
1704572330 2
1704572338 5
1704572346 7
1704572354 3
1704572362 4
1704572370 7
1704572378 4
1704572386 2
1704572394 9
1704572402 0
1704572410 2
1704572418 4
1704572426 1
1704572434 7
1704572442 0
1704572450 7
1704572458 4
1704572466 2
1704572474 11
1704572482 3
1704572490 1
1704572498 3
1704572506 4



# Sketch: 2
1704571914 1
1704571922 0
1704571930 6
1704571938 5
1704571946 0
1704571954 2
1704571962 1
1704571970 2
1704571978 4
1704571986 3
1704571994 6
1704572002 5
1704572010 5
1704572018 2
1704572026 2
1704572034 5
1704572042 5
1704572050 1
1704572058 5
1704572066 0
1704572074 0
1704572082 1
1704572090 2
1704572098 11
1704572106 4
1704572114 5
1704572122 8
1704572130 1
1704572138 2
1704572146 5
1704572154 2
1704572162 1
1704572170 6
1704572178 6
1704572186 17
1704572194 1
1704572202 0
1704572210 3
1704572218 1
1704572226 1
1704572234 2
1704572242 3
1704572250 2
1704572258 0
1704572266 4
1704572274 3
1704572282 5
1704572290 2
1704572298 6
1704572306 3
1704572314 4
1704572322 2
1704572330 0
1704572338 4
1704572346 0
1704572354 2
1704572362 3
1704572370 2
1704572378 0
1704572386 4
1704572394 2
1704572402 4
1704572410 5
1704572418 1
1704572426 3
1704572434 3
1704572442 7
1704572450 3
1704572458 7
1704572466 3
1704572474 10
1704572482 0
1704572490 0
1704572498 1
1704572506 7



# Sketch: 3
1704571914 0
1704571922 5
1704571930 3
1704571938 5
1704571946 3
1704571954 1
1704571962 3
1704571970 1
1704571978 5
1704571986 1
1704571994 0
1704572002 1
1704572010 2
1704572018 2
1704572026 18
1704572034 0
1704572042 11
1704572050 4
1704572058 3
1704572066 3
1704572074 4
1704572082 6
1704572090 2
1704572098 3
1704572106 3
1704572114 9
1704572122 1
1704572130 8
1704572138 7
1704572146 2
1704572154 1
1704572162 9
1704572170 6
1704572178 3
1704572186 11
1704572194 6
1704572202 4
1704572210 16
1704572218 12
1704572226 3
1704572234 6
1704572242 6
1704572250 0
1704572258 0
1704572266 3
1704572274 4
1704572282 8
1704572290 9
1704572298 6
1704572306 8
1704572314 1
1704572322 0
1704572330 3
1704572338 10
1704572346 0
1704572354 19
1704572362 6
1704572370 5
1704572378 5
1704572386 2
1704572394 11
1704572402 6
1704572410 9
1704572418 3
1704572426 9
1704572434 5
1704572442 0
1704572450 1
1704572458 4
1704572466 2
1704572474 0
1704572482 4
1704572490 3
1704572498 3
1704572506 3



# Sketch: 4
1704571914 6
1704571922 7
1704571930 1
1704571938 4
1704571946 2
1704571954 2
1704571962 3
1704571970 3
1704571978 2
1704571986 3
1704571994 0
1704572002 2
1704572010 6
1704572018 11
1704572026 7
1704572034 2
1704572042 2
1704572050 6
1704572058 6
1704572066 1
1704572074 3
1704572082 2
1704572090 0
1704572098 3
1704572106 1
1704572114 4
1704572122 8
1704572130 0
1704572138 4
1704572146 5
1704572154 3
1704572162 1
1704572170 3
1704572178 0
1704572186 2
1704572194 8
1704572202 6
1704572210 3
1704572218 3
1704572226 2
1704572234 1
1704572242 6
1704572250 1
1704572258 1
1704572266 1
1704572274 0
1704572282 6
1704572290 2
1704572298 4
1704572306 8
1704572314 15
1704572322 1
1704572330 4
1704572338 3
1704572346 7
1704572354 3
1704572362 4
1704572370 8
1704572378 2
1704572386 2
1704572394 4
1704572402 2
1704572410 3
1704572418 0
1704572426 13
1704572434 2
1704572442 1
1704572450 3
1704572458 1
1704572466 1
1704572474 1
1704572482 1
1704572490 8
1704572498 1
1704572506 1



# Sketch: 5
1704571914 3
1704571922 15
1704571930 7
1704571938 6
1704571946 2
1704571954 2
1704571962 0
1704571970 4
1704571978 5
1704571986 17
1704571994 2
1704572002 2
1704572010 1
1704572018 1
1704572026 1
1704572034 1
1704572042 3
1704572050 2
1704572058 2
1704572066 4
1704572074 12
1704572082 6
1704572090 3
1704572098 6
1704572106 3
1704572114 1
1704572122 1
1704572130 2
1704572138 8
1704572146 2
1704572154 9
1704572162 5
1704572170 3
1704572178 2
1704572186 3
1704572194 4
1704572202 0
1704572210 1
1704572218 1
1704572226 2
1704572234 5
1704572242 5
1704572250 10
1704572258 8
1704572266 4
1704572274 5
1704572282 3
1704572290 3
1704572298 4
1704572306 1
1704572314 2
1704572322 3
1704572330 3
1704572338 2
1704572346 3
1704572354 8
1704572362 1
1704572370 1
1704572378 4
1704572386 5
1704572394 2
1704572402 0
1704572410 4
1704572418 4
1704572426 3
1704572434 1
1704572442 2
1704572450 7
1704572458 14
1704572466 21
1704572474 1
1704572482 4
1704572490 1
1704572498 2
1704572506 5



# Sketch: 6
1704571914 2
1704571922 7
1704571930 5
1704571938 2
1704571946 11
1704571954 3
1704571962 3
1704571970 8
1704571978 1
1704571986 4
1704571994 3
1704572002 0
1704572010 2
1704572018 1
1704572026 8
1704572034 0
1704572042 10
1704572050 2
1704572058 3
1704572066 3
1704572074 3
1704572082 0
1704572090 5
1704572098 7
1704572106 5
1704572114 1
1704572122 4
1704572130 1
1704572138 2
1704572146 4
1704572154 1
1704572162 2
1704572170 8
1704572178 3
1704572186 2
1704572194 5
1704572202 5
1704572210 3
1704572218 1
1704572226 1
1704572234 1
1704572242 6
1704572250 2
1704572258 5
1704572266 2
1704572274 0
1704572282 4
1704572290 4
1704572298 3
1704572306 2
1704572314 5
1704572322 3
1704572330 3
1704572338 1
1704572346 2
1704572354 5
1704572362 6
1704572370 0
1704572378 0
1704572386 3
1704572394 6
1704572402 4
1704572410 7
1704572418 7
1704572426 11
1704572434 4
1704572442 3
1704572450 8
1704572458 3
1704572466 1
1704572474 6
1704572482 5
1704572490 2
1704572498 3
1704572506 3



# Sketch: 7
1704571914 1
1704571922 4
1704571930 1
1704571938 1
1704571946 2
1704571954 2
1704571962 2
1704571970 5
1704571978 6
1704571986 2
1704571994 0
1704572002 1
1704572010 3
1704572018 18
1704572026 1
1704572034 1
1704572042 1
1704572050 0
1704572058 2
1704572066 0
1704572074 5
1704572082 4
1704572090 2
1704572098 0
1704572106 5
1704572114 5
1704572122 3
1704572130 3
1704572138 4
1704572146 2
1704572154 14
1704572162 1
1704572170 1
1704572178 1
1704572186 15
1704572194 3
1704572202 2
1704572210 3
1704572218 8
1704572226 0
1704572234 5
1704572242 6
1704572250 1
1704572258 2
1704572266 2
1704572274 4
1704572282 4
1704572290 3
1704572298 2
1704572306 1
1704572314 0
1704572322 2
1704572330 2
1704572338 1
1704572346 0
1704572354 0
1704572362 1
1704572370 5
1704572378 4
1704572386 3
1704572394 3
1704572402 1
1704572410 2
1704572418 2
1704572426 1
1704572434 3
1704572442 4
1704572450 3
1704572458 2
1704572466 3
1704572474 2
1704572482 3
1704572490 9
1704572498 2
1704572506 2



# Sketch: 8
1704571914 3
1704571922 2
1704571930 5
1704571938 1
1704571946 2
1704571954 0
1704571962 2
1704571970 5
1704571978 1
1704571986 7
1704571994 1
1704572002 2
1704572010 1
1704572018 6
1704572026 1
1704572034 1
1704572042 2
1704572050 1
1704572058 4
1704572066 2
1704572074 10
1704572082 0
1704572090 1
1704572098 2
1704572106 1
1704572114 0
1704572122 2
1704572130 2
1704572138 4
1704572146 0
1704572154 0
1704572162 5
1704572170 3
1704572178 4
1704572186 4
1704572194 1
1704572202 2
1704572210 4
1704572218 6
1704572226 0
1704572234 5
1704572242 9
1704572250 2
1704572258 3
1704572266 4
1704572274 17
1704572282 3
1704572290 6
1704572298 8
1704572306 3
1704572314 6
1704572322 8
1704572330 3
1704572338 4
1704572346 25
1704572354 4
1704572362 3
1704572370 1
1704572378 3
1704572386 1
1704572394 1
1704572402 7
1704572410 6
1704572418 5
1704572426 1
1704572434 1
1704572442 0
1704572450 2
1704572458 4
1704572466 2
1704572474 0
1704572482 6
1704572490 7
1704572498 0
1704572506 2



# Sketch: 9
1704571914 7
1704571922 9
1704571930 1
1704571938 0
1704571946 0
1704571954 4
1704571962 1
1704571970 5
1704571978 16
1704571986 3
1704571994 6
1704572002 2
1704572010 5
1704572018 6
1704572026 6
1704572034 5
1704572042 9
1704572050 1
1704572058 5
1704572066 6
1704572074 3
1704572082 1
1704572090 3
1704572098 4
1704572106 3
1704572114 0
1704572122 1
1704572130 0
1704572138 4
1704572146 7
1704572154 10
1704572162 1
1704572170 2
1704572178 2
1704572186 4
1704572194 3
1704572202 4
1704572210 3
1704572218 2
1704572226 1
1704572234 3
1704572242 13
1704572250 4
1704572258 1
1704572266 2
1704572274 7
1704572282 6
1704572290 1
1704572298 7
1704572306 1
1704572314 3
1704572322 1
1704572330 8
1704572338 3
1704572346 2
1704572354 4
1704572362 13
1704572370 3
1704572378 7
1704572386 0
1704572394 6
1704572402 9
1704572410 1
1704572418 4
1704572426 12
1704572434 2
1704572442 1
1704572450 1
1704572458 3
1704572466 2
1704572474 3
1704572482 3
1704572490 2
1704572498 4
1704572506 3



# Sketch: 10
1704571914 3
1704571922 4
1704571930 2
1704571938 2
1704571946 1
1704571954 4
1704571962 3
1704571970 2
1704571978 1
1704571986 8
1704571994 4
1704572002 1
1704572010 1
1704572018 4
1704572026 3
1704572034 1
1704572042 2
1704572050 0
1704572058 4
1704572066 4
1704572074 2
1704572082 1
1704572090 0
1704572098 5
1704572106 2
1704572114 5
1704572122 1
1704572130 2
1704572138 5
1704572146 3
1704572154 8
1704572162 1
1704572170 1
1704572178 5
1704572186 1
1704572194 2
1704572202 4
1704572210 9
1704572218 2
1704572226 10
1704572234 5
1704572242 2
1704572250 0
1704572258 9
1704572266 2
1704572274 4
1704572282 4
1704572290 7
1704572298 5
1704572306 1
1704572314 2
1704572322 1
1704572330 4
1704572338 4
1704572346 3
1704572354 1
1704572362 5
1704572370 2
1704572378 3
1704572386 7
1704572394 3
1704572402 2
1704572410 6
1704572418 4
1704572426 3
1704572434 0
1704572442 1
1704572450 0
1704572458 0
1704572466 4
1704572474 5
1704572482 2
1704572490 1
1704572498 0
1704572506 4



# Sketch: 11
1704571914 2
1704571922 1
1704571930 2
1704571938 9
1704571946 8
1704571954 6
1704571962 5
1704571970 2
1704571978 3
1704571986 3
1704571994 6
1704572002 2
1704572010 2
1704572018 1
1704572026 2
1704572034 8
1704572042 2
1704572050 5
1704572058 4
1704572066 9
1704572074 3
1704572082 1
1704572090 3
1704572098 4
1704572106 3
1704572114 14
1704572122 1
1704572130 0
1704572138 2
1704572146 2
1704572154 7
1704572162 7
1704572170 2
1704572178 3
1704572186 0
1704572194 4
1704572202 4
1704572210 2
1704572218 3
1704572226 3
1704572234 2
1704572242 1
1704572250 6
1704572258 0
1704572266 1
1704572274 3
1704572282 2
1704572290 6
1704572298 0
1704572306 8
1704572314 19
1704572322 4
1704572330 6
1704572338 6
1704572346 3
1704572354 8
1704572362 1
1704572370 2
1704572378 8
1704572386 4
1704572394 3
1704572402 1
1704572410 3
1704572418 16
1704572426 4
1704572434 4
1704572442 4
1704572450 1
1704572458 5
1704572466 5
1704572474 1
1704572482 1
1704572490 3
1704572498 4
1704572506 1



# Sketch: 12
1704571914 0
1704571922 0
1704571930 2
1704571938 4
1704571946 5
1704571954 0
1704571962 0
1704571970 16
1704571978 10
1704571986 30
1704571994 4
1704572002 5
1704572010 2
1704572018 1
1704572026 5
1704572034 4
1704572042 8
1704572050 9
1704572058 4
1704572066 6
1704572074 7
1704572082 2
1704572090 0
1704572098 3
1704572106 2
1704572114 0
1704572122 5
1704572130 3
1704572138 4
1704572146 2
1704572154 5
1704572162 8
1704572170 5
1704572178 2
1704572186 2
1704572194 19
1704572202 3
1704572210 3
1704572218 2
1704572226 4
1704572234 3
1704572242 1
1704572250 2
1704572258 5
1704572266 2
1704572274 4
1704572282 0
1704572290 5
1704572298 1
1704572306 3
1704572314 1
1704572322 0
1704572330 1
1704572338 2
1704572346 2
1704572354 5
1704572362 7
1704572370 8
1704572378 3
1704572386 7
1704572394 2
1704572402 3
1704572410 6
1704572418 3
1704572426 3
1704572434 4
1704572442 1
1704572450 8
1704572458 1
1704572466 5
1704572474 4
1704572482 3
1704572490 4
1704572498 1
1704572506 2



# Sketch: 13
1704571914 0
1704571922 15
1704571930 10
1704571938 1
1704571946 8
1704571954 0
1704571962 3
1704571970 3
1704571978 1
1704571986 4
1704571994 5
1704572002 3
1704572010 2
1704572018 1
1704572026 1
1704572034 0
1704572042 0
1704572050 4
1704572058 2
1704572066 7
1704572074 6
1704572082 3
1704572090 1
1704572098 0
1704572106 3
1704572114 0
1704572122 6
1704572130 1
1704572138 6
1704572146 1
1704572154 1
1704572162 1
1704572170 3
1704572178 3
1704572186 5
1704572194 4
1704572202 4
1704572210 1
1704572218 0
1704572226 0
1704572234 1
1704572242 3
1704572250 1
1704572258 2
1704572266 1
1704572274 2
1704572282 1
1704572290 4
1704572298 0
1704572306 2
1704572314 4
1704572322 4
1704572330 4
1704572338 8
1704572346 0
1704572354 1
1704572362 2
1704572370 1
1704572378 3
1704572386 1
1704572394 4
1704572402 6
1704572410 3
1704572418 6
1704572426 5
1704572434 6
1704572442 6
1704572450 5
1704572458 4
1704572466 4
1704572474 1
1704572482 4
1704572490 4
1704572498 3
1704572506 4



# Sketch: 14
1704571914 3
1704571922 0
1704571930 4
1704571938 2
1704571946 2
1704571954 1
1704571962 4
1704571970 2
1704571978 4
1704571986 2
1704571994 4
1704572002 0
1704572010 2
1704572018 1
1704572026 7
1704572034 0
1704572042 1
1704572050 1
1704572058 4
1704572066 2
1704572074 0
1704572082 3
1704572090 3
1704572098 3
1704572106 12
1704572114 1
1704572122 1
1704572130 1
1704572138 1
1704572146 2
1704572154 2
1704572162 3
1704572170 0
1704572178 1
1704572186 0
1704572194 1
1704572202 3
1704572210 1
1704572218 4
1704572226 0
1704572234 2
1704572242 4
1704572250 1
1704572258 3
1704572266 2
1704572274 0
1704572282 3
1704572290 1
1704572298 5
1704572306 5
1704572314 4
1704572322 0
1704572330 7
1704572338 5
1704572346 0
1704572354 2
1704572362 3
1704572370 1
1704572378 2
1704572386 2
1704572394 3
1704572402 10
1704572410 17
1704572418 1
1704572426 0
1704572434 0
1704572442 0
1704572450 4
1704572458 6
1704572466 1
1704572474 3
1704572482 2
1704572490 1
1704572498 5
1704572506 0



# Sketch: 15
1704571914 4
1704571922 13
1704571930 11
1704571938 11
1704571946 1
1704571954 0
1704571962 2
1704571970 4
1704571978 2
1704571986 2
1704571994 4
1704572002 4
1704572010 3
1704572018 1
1704572026 7
1704572034 2
1704572042 22
1704572050 9
1704572058 8
1704572066 6
1704572074 3
1704572082 2
1704572090 0
1704572098 5
1704572106 3
1704572114 1
1704572122 3
1704572130 6
1704572138 4
1704572146 2
1704572154 10
1704572162 3
1704572170 6
1704572178 5
1704572186 4
1704572194 6
1704572202 2
1704572210 2
1704572218 4
1704572226 2
1704572234 3
1704572242 4
1704572250 3
1704572258 1
1704572266 4
1704572274 1
1704572282 17
1704572290 5
1704572298 14
1704572306 6
1704572314 6
1704572322 4
1704572330 10
1704572338 5
1704572346 4
1704572354 3
1704572362 3
1704572370 10
1704572378 7
1704572386 9
1704572394 1
1704572402 8
1704572410 5
1704572418 4
1704572426 11
1704572434 4
1704572442 2
1704572450 1
1704572458 3
1704572466 5
1704572474 1
1704572482 4
1704572490 2
1704572498 2
1704572506 8



# Sketch: 16
1704571914 1
1704571922 5
1704571930 10
1704571938 10
1704571946 2
1704571954 1
1704571962 2
1704571970 6
1704571978 1
1704571986 4
1704571994 2
1704572002 6
1704572010 7
1704572018 1
1704572026 7
1704572034 2
1704572042 5
1704572050 3
1704572058 2
1704572066 1
1704572074 6
1704572082 3
1704572090 5
1704572098 2
1704572106 1
1704572114 3
1704572122 5
1704572130 7
1704572138 1
1704572146 4
1704572154 1
1704572162 6
1704572170 5
1704572178 11
1704572186 1
1704572194 0
1704572202 2
1704572210 4
1704572218 1
1704572226 6
1704572234 4
1704572242 3
1704572250 9
1704572258 1
1704572266 1
1704572274 9
1704572282 9
1704572290 3
1704572298 19
1704572306 3
1704572314 2
1704572322 1
1704572330 3
1704572338 5
1704572346 3
1704572354 1
1704572362 4
1704572370 3
1704572378 0
1704572386 3
1704572394 1
1704572402 4
1704572410 11
1704572418 4
1704572426 4
1704572434 7
1704572442 1
1704572450 6
1704572458 2
1704572466 2
1704572474 5
1704572482 1
1704572490 1
1704572498 8
1704572506 1



# Sketch: 17
1704571914 0
1704571922 2
1704571930 12
1704571938 4
1704571946 3
1704571954 2
1704571962 3
1704571970 3
1704571978 2
1704571986 3
1704571994 6
1704572002 2
1704572010 1
1704572018 5
1704572026 9
1704572034 2
1704572042 2
1704572050 2
1704572058 6
1704572066 14
1704572074 6
1704572082 4
1704572090 0
1704572098 6
1704572106 8
1704572114 3
1704572122 6
1704572130 1
1704572138 7
1704572146 40
1704572154 4
1704572162 5
1704572170 4
1704572178 1
1704572186 9
1704572194 8
1704572202 4
1704572210 3
1704572218 2
1704572226 1
1704572234 0
1704572242 20
1704572250 0
1704572258 9
1704572266 3
1704572274 3
1704572282 6
1704572290 3
1704572298 5
1704572306 2
1704572314 3
1704572322 4
1704572330 0
1704572338 3
1704572346 3
1704572354 2
1704572362 2
1704572370 7
1704572378 4
1704572386 11
1704572394 3
1704572402 2
1704572410 5
1704572418 6
1704572426 3
1704572434 0
1704572442 1
1704572450 0
1704572458 9
1704572466 2
1704572474 5
1704572482 2
1704572490 7
1704572498 6
1704572506 7



# Sketch: 18
1704571914 1
1704571922 10
1704571930 11
1704571938 3
1704571946 2
1704571954 4
1704571962 0
1704571970 0
1704571978 5
1704571986 2
1704571994 2
1704572002 4
1704572010 1
1704572018 4
1704572026 3
1704572034 3
1704572042 5
1704572050 4
1704572058 2
1704572066 6
1704572074 11
1704572082 3
1704572090 2
1704572098 11
1704572106 4
1704572114 1
1704572122 1
1704572130 2
1704572138 8
1704572146 2
1704572154 2
1704572162 7
1704572170 5
1704572178 8
1704572186 6
1704572194 3
1704572202 2
1704572210 0
1704572218 4
1704572226 0
1704572234 8
1704572242 2
1704572250 1
1704572258 3
1704572266 4
1704572274 0
1704572282 15
1704572290 7
1704572298 4
1704572306 1
1704572314 3
1704572322 0
1704572330 0
1704572338 2
1704572346 1
1704572354 4
1704572362 0
1704572370 2
1704572378 0
1704572386 0
1704572394 7
1704572402 15
1704572410 1
1704572418 6
1704572426 8
1704572434 0
1704572442 3
1704572450 1
1704572458 5
1704572466 1
1704572474 2
1704572482 3
1704572490 0
1704572498 3
1704572506 1



# Sketch: 19
1704571914 2
1704571922 1
1704571930 1
1704571938 0
1704571946 2
1704571954 1
1704571962 2
1704571970 4
1704571978 2
1704571986 2
1704571994 1
1704572002 3
1704572010 3
1704572018 3
1704572026 0
1704572034 3
1704572042 0
1704572050 2
1704572058 4
1704572066 2
1704572074 12
1704572082 0
1704572090 3
1704572098 8
1704572106 0
1704572114 2
1704572122 0
1704572130 2
1704572138 4
1704572146 4
1704572154 2
1704572162 3
1704572170 6
1704572178 3
1704572186 6
1704572194 3
1704572202 5
1704572210 7
1704572218 0
1704572226 4
1704572234 2
1704572242 5
1704572250 6
1704572258 0
1704572266 5
1704572274 6
1704572282 3
1704572290 1
1704572298 2
1704572306 1
1704572314 6
1704572322 1
1704572330 1
1704572338 0
1704572346 2
1704572354 9
1704572362 3
1704572370 1
1704572378 5
1704572386 3
1704572394 4
1704572402 5
1704572410 0
1704572418 3
1704572426 1
1704572434 2
1704572442 1
1704572450 1
1704572458 3
1704572466 2
1704572474 0
1704572482 1
1704572490 1
1704572498 1
1704572506 1



# Sketch: 20
1704571914 3
1704571922 3
1704571930 6
1704571938 2
1704571946 0
1704571954 0
1704571962 2
1704571970 0
1704571978 8
1704571986 6
1704571994 5
1704572002 0
1704572010 5
1704572018 3
1704572026 7
1704572034 2
1704572042 6
1704572050 4
1704572058 2
1704572066 1
1704572074 1
1704572082 5
1704572090 1
1704572098 6
1704572106 7
1704572114 0
1704572122 2
1704572130 8
1704572138 7
1704572146 3
1704572154 6
1704572162 7
1704572170 2
1704572178 8
1704572186 1
1704572194 16
1704572202 5
1704572210 2
1704572218 1
1704572226 2
1704572234 1
1704572242 3
1704572250 6
1704572258 4
1704572266 1
1704572274 6
1704572282 0
1704572290 1
1704572298 4
1704572306 3
1704572314 2
1704572322 2
1704572330 8
1704572338 0
1704572346 2
1704572354 5
1704572362 1
1704572370 2
1704572378 1
1704572386 4
1704572394 5
1704572402 6
1704572410 5
1704572418 3
1704572426 6
1704572434 0
1704572442 1
1704572450 6
1704572458 8
1704572466 5
1704572474 2
1704572482 3
1704572490 2
1704572498 1
1704572506 6



# Sketch: 21
1704571914 6
1704571922 2
1704571930 4
1704571938 5
1704571946 3
1704571954 3
1704571962 2
1704571970 2
1704571978 1
1704571986 10
1704571994 6
1704572002 2
1704572010 10
1704572018 0
1704572026 1
1704572034 2
1704572042 6
1704572050 3
1704572058 8
1704572066 8
1704572074 4
1704572082 1
1704572090 3
1704572098 8
1704572106 0
1704572114 6
1704572122 6
1704572130 2
1704572138 4
1704572146 2
1704572154 6
1704572162 3
1704572170 5
1704572178 4
1704572186 2
1704572194 2
1704572202 1
1704572210 1
1704572218 11
1704572226 4
1704572234 3
1704572242 2
1704572250 0
1704572258 8
1704572266 0
1704572274 0
1704572282 3
1704572290 5
1704572298 7
1704572306 0
1704572314 2
1704572322 3
1704572330 3
1704572338 5
1704572346 3
1704572354 4
1704572362 7
1704572370 4
1704572378 7
1704572386 3
1704572394 3
1704572402 2
1704572410 9
1704572418 5
1704572426 3
1704572434 5
1704572442 4
1704572450 6
1704572458 2
1704572466 5
1704572474 6
1704572482 1
1704572490 2
1704572498 4
1704572506 3



# Sketch: 22
1704571914 4
1704571922 0
1704571930 3
1704571938 3
1704571946 2
1704571954 2
1704571962 1
1704571970 5
1704571978 3
1704571986 1
1704571994 0
1704572002 1
1704572010 3
1704572018 1
1704572026 5
1704572034 0
1704572042 0
1704572050 4
1704572058 2
1704572066 5
1704572074 1
1704572082 2
1704572090 5
1704572098 4
1704572106 0
1704572114 4
1704572122 5
1704572130 4
1704572138 8
1704572146 5
1704572154 4
1704572162 2
1704572170 3
1704572178 2
1704572186 1
1704572194 13
1704572202 2
1704572210 2
1704572218 15
1704572226 5
1704572234 1
1704572242 7
1704572250 5
1704572258 2
1704572266 2
1704572274 2
1704572282 0
1704572290 0
1704572298 2
1704572306 6
1704572314 2
1704572322 3
1704572330 1
1704572338 1
1704572346 6
1704572354 5
1704572362 8
1704572370 0
1704572378 1
1704572386 4
1704572394 1
1704572402 6
1704572410 10
1704572418 1
1704572426 6
1704572434 0
1704572442 3
1704572450 1
1704572458 1
1704572466 4
1704572474 1
1704572482 0
1704572490 1
1704572498 5
1704572506 1



# Sketch: 23
1704571914 5
1704571922 3
1704571930 8
1704571938 4
1704571946 4
1704571954 0
1704571962 0
1704571970 1
1704571978 10
1704571986 3
1704571994 4
1704572002 4
1704572010 2
1704572018 3
1704572026 8
1704572034 4
1704572042 1
1704572050 3
1704572058 1
1704572066 6
1704572074 3
1704572082 0
1704572090 2
1704572098 25
1704572106 7
1704572114 0
1704572122 6
1704572130 2
1704572138 8
1704572146 4
1704572154 6
1704572162 14
1704572170 11
1704572178 5
1704572186 1
1704572194 1
1704572202 5
1704572210 0
1704572218 16
1704572226 12
1704572234 1
1704572242 12
1704572250 3
1704572258 4
1704572266 3
1704572274 6
1704572282 0
1704572290 4
1704572298 1
1704572306 10
1704572314 1
1704572322 5
1704572330 6
1704572338 13
1704572346 9
1704572354 4
1704572362 8
1704572370 3
1704572378 5
1704572386 11
1704572394 2
1704572402 2
1704572410 6
1704572418 9
1704572426 3
1704572434 4
1704572442 2
1704572450 3
1704572458 10
1704572466 1
1704572474 9
1704572482 9
1704572490 6
1704572498 4
1704572506 0



# Sketch: 24
1704571914 2
1704571922 7
1704571930 13
1704571938 4
1704571946 5
1704571954 1
1704571962 1
1704571970 3
1704571978 12
1704571986 9
1704571994 5
1704572002 10
1704572010 3
1704572018 0
1704572026 4
1704572034 4
1704572042 9
1704572050 7
1704572058 11
1704572066 2
1704572074 2
1704572082 4
1704572090 6
1704572098 13
1704572106 16
1704572114 6
1704572122 7
1704572130 4
1704572138 3
1704572146 5
1704572154 6
1704572162 30
1704572170 18
1704572178 12
1704572186 4
1704572194 4
1704572202 6
1704572210 7
1704572218 36
1704572226 14
1704572234 9
1704572242 15
1704572250 5
1704572258 2
1704572266 16
1704572274 11
1704572282 7
1704572290 8
1704572298 7
1704572306 12
1704572314 10
1704572322 3
1704572330 5
1704572338 14
1704572346 6
1704572354 4
1704572362 10
1704572370 7
1704572378 6
1704572386 3
1704572394 1
1704572402 7
1704572410 12
1704572418 6
1704572426 3
1704572434 0
1704572442 3
1704572450 4
1704572458 12
1704572466 10
1704572474 8
1704572482 17
1704572490 4
1704572498 7
1704572506 5



# Sketch: 25
1704571914 5
1704571922 1
1704571930 1
1704571938 2
1704571946 0
1704571954 1
1704571962 0
1704571970 6
1704571978 0
1704571986 22
1704571994 8
1704572002 6
1704572010 1
1704572018 0
1704572026 0
1704572034 1
1704572042 4
1704572050 0
1704572058 2
1704572066 2
1704572074 5
1704572082 1
1704572090 2
1704572098 4
1704572106 3
1704572114 3
1704572122 16
1704572130 2
1704572138 7
1704572146 2
1704572154 7
1704572162 3
1704572170 2
1704572178 1
1704572186 1
1704572194 0
1704572202 3
1704572210 2
1704572218 4
1704572226 1
1704572234 0
1704572242 5
1704572250 2
1704572258 2
1704572266 3
1704572274 4
1704572282 9
1704572290 10
1704572298 5
1704572306 4
1704572314 3
1704572322 1
1704572330 3
1704572338 3
1704572346 4
1704572354 4
1704572362 4
1704572370 23
1704572378 7
1704572386 4
1704572394 1
1704572402 3
1704572410 2
1704572418 3
1704572426 24
1704572434 6
1704572442 4
1704572450 2
1704572458 9
1704572466 0
1704572474 2
1704572482 0
1704572490 7
1704572498 18
1704572506 5



# Sketch: 26
1704571914 3
1704571922 1
1704571930 2
1704571938 3
1704571946 2
1704571954 2
1704571962 9
1704571970 4
1704571978 1
1704571986 2
1704571994 16
1704572002 1
1704572010 0
1704572018 3
1704572026 1
1704572034 5
1704572042 5
1704572050 4
1704572058 5
1704572066 2
1704572074 4
1704572082 2
1704572090 1
1704572098 5
1704572106 1
1704572114 2
1704572122 1
1704572130 3
1704572138 3
1704572146 4
1704572154 4
1704572162 4
1704572170 3
1704572178 5
1704572186 4
1704572194 0
1704572202 12
1704572210 0
1704572218 4
1704572226 4
1704572234 3
1704572242 3
1704572250 2
1704572258 0
1704572266 7
1704572274 10
1704572282 1
1704572290 24
1704572298 6
1704572306 0
1704572314 4
1704572322 0
1704572330 6
1704572338 3
1704572346 1
1704572354 15
1704572362 0
1704572370 4
1704572378 4
1704572386 3
1704572394 3
1704572402 5
1704572410 5
1704572418 3
1704572426 8
1704572434 1
1704572442 0
1704572450 1
1704572458 2
1704572466 3
1704572474 13
1704572482 2
1704572490 0
1704572498 5
1704572506 3



# Sketch: 27
1704571914 1
1704571922 2
1704571930 10
1704571938 1
1704571946 4
1704571954 2
1704571962 2
1704571970 1
1704571978 0
1704571986 2
1704571994 5
1704572002 9
1704572010 4
1704572018 0
1704572026 1
1704572034 0
1704572042 1
1704572050 4
1704572058 4
1704572066 1
1704572074 3
1704572082 2
1704572090 7
1704572098 3
1704572106 3
1704572114 5
1704572122 3
1704572130 7
1704572138 3
1704572146 18
1704572154 9
1704572162 2
1704572170 5
1704572178 2
1704572186 1
1704572194 3
1704572202 1
1704572210 6
1704572218 1
1704572226 2
1704572234 1
1704572242 9
1704572250 14
1704572258 0
1704572266 3
1704572274 2
1704572282 5
1704572290 5
1704572298 1
1704572306 7
1704572314 0
1704572322 1
1704572330 8
1704572338 2
1704572346 0
1704572354 10
1704572362 4
1704572370 0
1704572378 4
1704572386 3
1704572394 0
1704572402 8
1704572410 7
1704572418 5
1704572426 4
1704572434 0
1704572442 2
1704572450 2
1704572458 3
1704572466 4
1704572474 2
1704572482 3
1704572490 4
1704572498 2
1704572506 1



# Sketch: 28
1704571914 2
1704571922 7
1704571930 15
1704571938 4
1704571946 2
1704571954 1
1704571962 1
1704571970 2
1704571978 6
1704571986 1
1704571994 2
1704572002 2
1704572010 10
1704572018 4
1704572026 6
1704572034 1
1704572042 1
1704572050 4
1704572058 11
1704572066 2
1704572074 2
1704572082 2
1704572090 1
1704572098 4
1704572106 4
1704572114 0
1704572122 2
1704572130 5
1704572138 3
1704572146 4
1704572154 5
1704572162 1
1704572170 7
1704572178 4
1704572186 2
1704572194 17
1704572202 8
1704572210 3
1704572218 4
1704572226 3
1704572234 3
1704572242 5
1704572250 8
1704572258 2
1704572266 0
1704572274 6
1704572282 5
1704572290 4
1704572298 7
1704572306 3
1704572314 6
1704572322 9
1704572330 5
1704572338 2
1704572346 0
1704572354 2
1704572362 2
1704572370 4
1704572378 2
1704572386 0
1704572394 3
1704572402 2
1704572410 2
1704572418 2
1704572426 1
1704572434 1
1704572442 4
1704572450 1
1704572458 9
1704572466 3
1704572474 2
1704572482 1
1704572490 4
1704572498 5
1704572506 1



# Sketch: 29
1704571914 3
1704571922 3
1704571930 10
1704571938 14
1704571946 6
1704571954 3
1704571962 3
1704571970 0
1704571978 3
1704571986 7
1704571994 4
1704572002 5
1704572010 6
1704572018 1
1704572026 1
1704572034 11
1704572042 9
1704572050 11
1704572058 4
1704572066 7
1704572074 3
1704572082 4
1704572090 1
1704572098 3
1704572106 5
1704572114 2
1704572122 3
1704572130 5
1704572138 9
1704572146 8
1704572154 5
1704572162 3
1704572170 11
1704572178 4
1704572186 10
1704572194 2
1704572202 6
1704572210 2
1704572218 8
1704572226 3
1704572234 3
1704572242 0
1704572250 4
1704572258 1
1704572266 0
1704572274 3
1704572282 4
1704572290 5
1704572298 8
1704572306 4
1704572314 1
1704572322 4
1704572330 0
1704572338 1
1704572346 3
1704572354 7
1704572362 4
1704572370 1
1704572378 2
1704572386 0
1704572394 2
1704572402 6
1704572410 7
1704572418 4
1704572426 6
1704572434 5
1704572442 3
1704572450 7
1704572458 6
1704572466 8
1704572474 4
1704572482 0
1704572490 3
1704572498 15
1704572506 9



# Sketch: 30
1704571914 4
1704571922 1
1704571930 1
1704571938 3
1704571946 1
1704571954 2
1704571962 6
1704571970 2
1704571978 4
1704571986 9
1704571994 1
1704572002 1
1704572010 2
1704572018 3
1704572026 2
1704572034 1
1704572042 0
1704572050 1
1704572058 0
1704572066 4
1704572074 3
1704572082 5
1704572090 5
1704572098 4
1704572106 1
1704572114 7
1704572122 1
1704572130 4
1704572138 5
1704572146 6
1704572154 8
1704572162 17
1704572170 2
1704572178 3
1704572186 0
1704572194 2
1704572202 0
1704572210 2
1704572218 2
1704572226 0
1704572234 4
1704572242 2
1704572250 6
1704572258 1
1704572266 4
1704572274 3
1704572282 0
1704572290 2
1704572298 4
1704572306 1
1704572314 2
1704572322 1
1704572330 1
1704572338 4
1704572346 1
1704572354 5
1704572362 2
1704572370 4
1704572378 8
1704572386 12
1704572394 3
1704572402 0
1704572410 1
1704572418 3
1704572426 4
1704572434 2
1704572442 2
1704572450 2
1704572458 3
1704572466 1
1704572474 5
1704572482 2
1704572490 3
1704572498 6
1704572506 8



# Sketch: 31
1704571914 2
1704571922 5
1704571930 20
1704571938 7
1704571946 5
1704571954 4
1704571962 0
1704571970 4
1704571978 12
1704571986 6
1704571994 3
1704572002 14
1704572010 4
1704572018 1
1704572026 6
1704572034 2
1704572042 12
1704572050 1
1704572058 6
1704572066 8
1704572074 5
1704572082 5
1704572090 23
1704572098 14
1704572106 4
1704572114 4
1704572122 6
1704572130 6
1704572138 3
1704572146 4
1704572154 3
1704572162 17
1704572170 11
1704572178 6
1704572186 6
1704572194 2
1704572202 4
1704572210 1
1704572218 12
1704572226 28
1704572234 6
1704572242 9
1704572250 3
1704572258 0
1704572266 9
1704572274 5
1704572282 2
1704572290 3
1704572298 8
1704572306 7
1704572314 3
1704572322 1
1704572330 2
1704572338 10
1704572346 7
1704572354 4
1704572362 5
1704572370 5
1704572378 5
1704572386 3
1704572394 7
1704572402 5
1704572410 6
1704572418 4
1704572426 3
1704572434 1
1704572442 1
1704572450 4
1704572458 10
1704572466 8
1704572474 4
1704572482 8
1704572490 1
1704572498 3
1704572506 3

