

# Sketch: 0
1704571914 76
1704572042 68
1704572170 57
1704572298 77
1704572426 48



# Sketch: 1
1704571914 37
1704572042 77
1704572170 55
1704572298 58
1704572426 35



# Sketch: 2
1704571914 51
1704572042 68
1704572170 53
1704572298 54
1704572426 41



# Sketch: 3
1704571914 82
1704572042 50
1704572170 79
1704572298 77
1704572426 42



# Sketch: 4
1704571914 76
1704572042 82
1704572170 74
1704572298 68
1704572426 76



# Sketch: 5
1704571914 56
1704572042 55
1704572170 65
1704572298 77
1704572426 25



# Sketch: 6
1704571914 59
1704572042 64
1704572170 96
1704572298 59
1704572426 51



# Sketch: 7
1704571914 59
1704572042 51
1704572170 96
1704572298 66
1704572426 30



# Sketch: 8
1704571914 72
1704572042 96
1704572170 77
1704572298 54
1704572426 49



# Sketch: 9
1704571914 63
1704572042 61
1704572170 70
1704572298 59
1704572426 39



# Sketch: 10
1704571914 64
1704572042 69
1704572170 85
1704572298 34
1704572426 34



# Sketch: 11
1704571914 68
1704572042 108
1704572170 84
1704572298 89
1704572426 57



# Sketch: 12
1704571914 51
1704572042 65
1704572170 60
1704572298 78
1704572426 30



# Sketch: 13
1704571914 54
1704572042 42
1704572170 65
1704572298 37
1704572426 35



# Sketch: 14
1704571914 68
1704572042 131
1704572170 93
1704572298 70
1704572426 43



# Sketch: 15
1704571914 39
1704572042 62
1704572170 59
1704572298 66
1704572426 45



# Sketch: 16
1704571914 45
1704572042 78
1704572170 40
1704572298 63
1704572426 24



# Sketch: 17
1704571914 47
1704572042 57
1704572170 51
1704572298 76
1704572426 20



# Sketch: 18
1704571914 58
1704572042 76
1704572170 43
1704572298 65
1704572426 32



# Sketch: 19
1704571914 76
1704572042 85
1704572170 69
1704572298 55
1704572426 38



# Sketch: 20
1704571914 51
1704572042 39
1704572170 68
1704572298 40
1704572426 29



# Sketch: 21
1704571914 52
1704572042 31
1704572170 43
1704572298 70
1704572426 26



# Sketch: 22
1704571914 69
1704572042 116
1704572170 89
1704572298 81
1704572426 60



# Sketch: 23
1704571914 35
1704572042 63
1704572170 58
1704572298 70
1704572426 13



# Sketch: 24
1704571914 44
1704572042 53
1704572170 42
1704572298 73
1704572426 52



# Sketch: 25
1704571914 99
1704572042 128
1704572170 114
1704572298 119
1704572426 68



# Sketch: 26
1704571914 69
1704572042 73
1704572170 50
1704572298 97
1704572426 30



# Sketch: 27
1704571914 58
1704572042 60
1704572170 35
1704572298 44
1704572426 24



# Sketch: 28
1704571914 74
1704572042 54
1704572170 59
1704572298 53
1704572426 47



# Sketch: 29
1704571914 55
1704572042 60
1704572170 53
1704572298 47
1704572426 22



# Sketch: 30
1704571914 46
1704572042 27
1704572170 61
1704572298 40
1704572426 50



# Sketch: 31
1704571914 48
1704572042 56
1704572170 64
1704572298 61
1704572426 44

