

# Sketch: 0
1704571914 22
1704571946 15
1704571978 18
1704572010 21
1704572042 9
1704572074 14
1704572106 16
1704572138 26
1704572170 13
1704572202 19
1704572234 12
1704572266 19
1704572298 9
1704572330 21
1704572362 20
1704572394 28
1704572426 27
1704572458 11
1704572490 8



# Sketch: 1
1704571914 23
1704571946 23
1704571978 36
1704572010 12
1704572042 15
1704572074 11
1704572106 19
1704572138 13
1704572170 16
1704572202 4
1704572234 12
1704572266 20
1704572298 9
1704572330 25
1704572362 7
1704572394 23
1704572426 7
1704572458 12
1704572490 5



# Sketch: 2
1704571914 30
1704571946 14
1704571978 11
1704572010 3
1704572042 16
1704572074 21
1704572106 8
1704572138 16
1704572170 18
1704572202 9
1704572234 8
1704572266 14
1704572298 13
1704572330 11
1704572362 12
1704572394 15
1704572426 11
1704572458 30
1704572490 7



# Sketch: 3
1704571914 18
1704571946 11
1704571978 32
1704572010 11
1704572042 19
1704572074 20
1704572106 11
1704572138 13
1704572170 22
1704572202 13
1704572234 18
1704572266 28
1704572298 13
1704572330 12
1704572362 14
1704572394 10
1704572426 6
1704572458 13
1704572490 20



# Sketch: 4
1704571914 25
1704571946 7
1704571978 8
1704572010 15
1704572042 16
1704572074 22
1704572106 14
1704572138 16
1704572170 40
1704572202 14
1704572234 15
1704572266 21
1704572298 13
1704572330 12
1704572362 22
1704572394 17
1704572426 3
1704572458 29
1704572490 5



# Sketch: 5
1704571914 17
1704571946 4
1704571978 6
1704572010 20
1704572042 12
1704572074 14
1704572106 16
1704572138 19
1704572170 11
1704572202 18
1704572234 13
1704572266 11
1704572298 13
1704572330 17
1704572362 22
1704572394 11
1704572426 24
1704572458 4
1704572490 15



# Sketch: 6
1704571914 5
1704571946 10
1704571978 7
1704572010 7
1704572042 13
1704572074 13
1704572106 10
1704572138 18
1704572170 12
1704572202 7
1704572234 12
1704572266 19
1704572298 4
1704572330 23
1704572362 2
1704572394 20
1704572426 10
1704572458 11
1704572490 6



# Sketch: 7
1704571914 12
1704571946 9
1704571978 15
1704572010 26
1704572042 24
1704572074 10
1704572106 17
1704572138 37
1704572170 13
1704572202 21
1704572234 9
1704572266 4
1704572298 10
1704572330 16
1704572362 10
1704572394 13
1704572426 12
1704572458 9
1704572490 10



# Sketch: 8
1704571914 9
1704571946 11
1704571978 14
1704572010 10
1704572042 8
1704572074 20
1704572106 9
1704572138 49
1704572170 13
1704572202 13
1704572234 14
1704572266 14
1704572298 10
1704572330 14
1704572362 20
1704572394 15
1704572426 9
1704572458 13
1704572490 21



# Sketch: 9
1704571914 11
1704571946 12
1704571978 10
1704572010 15
1704572042 19
1704572074 6
1704572106 17
1704572138 12
1704572170 11
1704572202 6
1704572234 17
1704572266 12
1704572298 14
1704572330 13
1704572362 17
1704572394 10
1704572426 8
1704572458 12
1704572490 9



# Sketch: 10
1704571914 25
1704571946 11
1704571978 13
1704572010 13
1704572042 9
1704572074 23
1704572106 13
1704572138 17
1704572170 35
1704572202 16
1704572234 9
1704572266 25
1704572298 22
1704572330 11
1704572362 15
1704572394 16
1704572426 7
1704572458 17
1704572490 23



# Sketch: 11
1704571914 22
1704571946 13
1704571978 12
1704572010 30
1704572042 29
1704572074 22
1704572106 13
1704572138 19
1704572170 8
1704572202 8
1704572234 12
1704572266 12
1704572298 13
1704572330 9
1704572362 16
1704572394 27
1704572426 12
1704572458 16
1704572490 4



# Sketch: 12
1704571914 24
1704571946 14
1704571978 14
1704572010 14
1704572042 25
1704572074 15
1704572106 11
1704572138 17
1704572170 28
1704572202 8
1704572234 26
1704572266 18
1704572298 16
1704572330 10
1704572362 13
1704572394 20
1704572426 18
1704572458 25
1704572490 9



# Sketch: 13
1704571914 26
1704571946 9
1704571978 16
1704572010 14
1704572042 15
1704572074 12
1704572106 16
1704572138 28
1704572170 18
1704572202 17
1704572234 11
1704572266 9
1704572298 27
1704572330 34
1704572362 13
1704572394 23
1704572426 9
1704572458 18
1704572490 8



# Sketch: 14
1704571914 22
1704571946 10
1704571978 15
1704572010 8
1704572042 13
1704572074 28
1704572106 14
1704572138 13
1704572170 20
1704572202 36
1704572234 16
1704572266 17
1704572298 26
1704572330 6
1704572362 11
1704572394 8
1704572426 7
1704572458 11
1704572490 9



# Sketch: 15
1704571914 21
1704571946 5
1704571978 31
1704572010 10
1704572042 15
1704572074 16
1704572106 22
1704572138 32
1704572170 13
1704572202 41
1704572234 18
1704572266 23
1704572298 11
1704572330 31
1704572362 18
1704572394 13
1704572426 8
1704572458 28
1704572490 9



# Sketch: 16
1704571914 12
1704571946 10
1704571978 14
1704572010 6
1704572042 18
1704572074 10
1704572106 17
1704572138 11
1704572170 9
1704572202 16
1704572234 23
1704572266 20
1704572298 12
1704572330 15
1704572362 29
1704572394 21
1704572426 8
1704572458 27
1704572490 29



# Sketch: 17
1704571914 8
1704571946 7
1704571978 2
1704572010 7
1704572042 23
1704572074 17
1704572106 8
1704572138 26
1704572170 22
1704572202 10
1704572234 14
1704572266 15
1704572298 14
1704572330 12
1704572362 12
1704572394 36
1704572426 34
1704572458 22
1704572490 19



# Sketch: 18
1704571914 10
1704571946 6
1704571978 8
1704572010 12
1704572042 14
1704572074 12
1704572106 14
1704572138 13
1704572170 9
1704572202 9
1704572234 16
1704572266 16
1704572298 17
1704572330 8
1704572362 17
1704572394 16
1704572426 13
1704572458 13
1704572490 5



# Sketch: 19
1704571914 16
1704571946 12
1704571978 60
1704572010 11
1704572042 7
1704572074 13
1704572106 10
1704572138 24
1704572170 27
1704572202 7
1704572234 9
1704572266 6
1704572298 13
1704572330 20
1704572362 26
1704572394 7
1704572426 22
1704572458 16
1704572490 7



# Sketch: 20
1704571914 22
1704571946 8
1704571978 40
1704572010 18
1704572042 20
1704572074 33
1704572106 34
1704572138 51
1704572170 22
1704572202 82
1704572234 32
1704572266 44
1704572298 11
1704572330 34
1704572362 29
1704572394 15
1704572426 12
1704572458 39
1704572490 12



# Sketch: 21
1704571914 18
1704571946 12
1704571978 15
1704572010 9
1704572042 19
1704572074 11
1704572106 11
1704572138 20
1704572170 13
1704572202 8
1704572234 15
1704572266 4
1704572298 46
1704572330 14
1704572362 13
1704572394 17
1704572426 19
1704572458 8
1704572490 9



# Sketch: 22
1704571914 13
1704571946 10
1704571978 8
1704572010 17
1704572042 25
1704572074 12
1704572106 8
1704572138 19
1704572170 24
1704572202 16
1704572234 12
1704572266 20
1704572298 14
1704572330 18
1704572362 8
1704572394 12
1704572426 12
1704572458 9
1704572490 6



# Sketch: 23
1704571914 38
1704571946 17
1704571978 17
1704572010 11
1704572042 19
1704572074 63
1704572106 25
1704572138 30
1704572170 20
1704572202 7
1704572234 14
1704572266 12
1704572298 25
1704572330 16
1704572362 15
1704572394 14
1704572426 18
1704572458 9
1704572490 5



# Sketch: 24
1704571914 13
1704571946 13
1704571978 16
1704572010 8
1704572042 23
1704572074 14
1704572106 12
1704572138 8
1704572170 11
1704572202 10
1704572234 12
1704572266 16
1704572298 15
1704572330 25
1704572362 23
1704572394 23
1704572426 8
1704572458 16
1704572490 8



# Sketch: 25
1704571914 15
1704571946 11
1704571978 16
1704572010 9
1704572042 19
1704572074 11
1704572106 15
1704572138 17
1704572170 12
1704572202 8
1704572234 27
1704572266 14
1704572298 18
1704572330 13
1704572362 15
1704572394 17
1704572426 18
1704572458 17
1704572490 10



# Sketch: 26
1704571914 25
1704571946 12
1704571978 11
1704572010 13
1704572042 14
1704572074 23
1704572106 16
1704572138 11
1704572170 14
1704572202 17
1704572234 11
1704572266 13
1704572298 10
1704572330 6
1704572362 19
1704572394 17
1704572426 16
1704572458 10
1704572490 8



# Sketch: 27
1704571914 21
1704571946 7
1704571978 37
1704572010 19
1704572042 24
1704572074 7
1704572106 12
1704572138 19
1704572170 35
1704572202 10
1704572234 18
1704572266 20
1704572298 21
1704572330 24
1704572362 26
1704572394 21
1704572426 21
1704572458 12
1704572490 0



# Sketch: 28
1704571914 13
1704571946 7
1704571978 22
1704572010 19
1704572042 13
1704572074 6
1704572106 23
1704572138 11
1704572170 15
1704572202 18
1704572234 23
1704572266 16
1704572298 15
1704572330 20
1704572362 10
1704572394 21
1704572426 10
1704572458 14
1704572490 6



# Sketch: 29
1704571914 14
1704571946 13
1704571978 19
1704572010 13
1704572042 14
1704572074 21
1704572106 9
1704572138 22
1704572170 16
1704572202 10
1704572234 18
1704572266 14
1704572298 14
1704572330 7
1704572362 13
1704572394 22
1704572426 14
1704572458 16
1704572490 23



# Sketch: 30
1704571914 20
1704571946 11
1704571978 13
1704572010 8
1704572042 24
1704572074 13
1704572106 9
1704572138 12
1704572170 18
1704572202 18
1704572234 8
1704572266 24
1704572298 12
1704572330 16
1704572362 6
1704572394 9
1704572426 12
1704572458 9
1704572490 10



# Sketch: 31
1704571914 7
1704571946 12
1704571978 2
1704572010 11
1704572042 10
1704572074 18
1704572106 10
1704572138 13
1704572170 9
1704572202 23
1704572234 11
1704572266 16
1704572298 18
1704572330 8
1704572362 9
1704572394 19
1704572426 9
1704572458 10
1704572490 4

