

# Sketch: 0
1704571914 1
1704571930 6
1704571946 5
1704571962 4
1704571978 13
1704571994 5
1704572010 2
1704572026 2
1704572042 5
1704572058 8
1704572074 5
1704572090 6
1704572106 3
1704572122 2
1704572138 4
1704572154 3
1704572170 8
1704572186 5
1704572202 14
1704572218 1
1704572234 8
1704572250 11
1704572266 7
1704572282 14
1704572298 19
1704572314 19
1704572330 9
1704572346 5
1704572362 9
1704572378 11
1704572394 6
1704572410 7
1704572426 7
1704572442 11
1704572458 8
1704572474 5
1704572490 2
1704572506 7



# Sketch: 1
1704571914 9
1704571930 3
1704571946 12
1704571962 13
1704571978 3
1704571994 3
1704572010 3
1704572026 14
1704572042 20
1704572058 10
1704572074 5
1704572090 12
1704572106 10
1704572122 5
1704572138 21
1704572154 21
1704572170 7
1704572186 9
1704572202 10
1704572218 16
1704572234 8
1704572250 11
1704572266 6
1704572282 10
1704572298 4
1704572314 8
1704572330 1
1704572346 19
1704572362 16
1704572378 11
1704572394 10
1704572410 7
1704572426 4
1704572442 10
1704572458 4
1704572474 5
1704572490 19
1704572506 3



# Sketch: 2
1704571914 8
1704571930 27
1704571946 4
1704571962 8
1704571978 10
1704571994 6
1704572010 2
1704572026 3
1704572042 11
1704572058 18
1704572074 8
1704572090 3
1704572106 7
1704572122 19
1704572138 8
1704572154 11
1704572170 12
1704572186 7
1704572202 13
1704572218 4
1704572234 10
1704572250 5
1704572266 4
1704572282 4
1704572298 7
1704572314 4
1704572330 9
1704572346 8
1704572362 4
1704572378 3
1704572394 9
1704572410 24
1704572426 9
1704572442 1
1704572458 4
1704572474 7
1704572490 8
1704572506 1



# Sketch: 3
1704571914 5
1704571930 14
1704571946 3
1704571962 7
1704571978 12
1704571994 8
1704572010 7
1704572026 2
1704572042 4
1704572058 5
1704572074 2
1704572090 7
1704572106 8
1704572122 10
1704572138 51
1704572154 9
1704572170 6
1704572186 8
1704572202 5
1704572218 6
1704572234 17
1704572250 2
1704572266 8
1704572282 6
1704572298 5
1704572314 14
1704572330 9
1704572346 3
1704572362 5
1704572378 6
1704572394 16
1704572410 9
1704572426 11
1704572442 2
1704572458 13
1704572474 1
1704572490 4
1704572506 8



# Sketch: 4
1704571914 21
1704571930 25
1704571946 3
1704571962 9
1704571978 14
1704571994 8
1704572010 4
1704572026 20
1704572042 10
1704572058 12
1704572074 4
1704572090 13
1704572106 14
1704572122 19
1704572138 7
1704572154 35
1704572170 16
1704572186 13
1704572202 13
1704572218 43
1704572234 11
1704572250 4
1704572266 22
1704572282 13
1704572298 6
1704572314 5
1704572330 12
1704572346 12
1704572362 12
1704572378 7
1704572394 6
1704572410 23
1704572426 2
1704572442 5
1704572458 19
1704572474 19
1704572490 2
1704572506 4



# Sketch: 5
1704571914 5
1704571930 16
1704571946 2
1704571962 5
1704571978 7
1704571994 4
1704572010 1
1704572026 14
1704572042 6
1704572058 6
1704572074 4
1704572090 13
1704572106 8
1704572122 8
1704572138 6
1704572154 11
1704572170 10
1704572186 10
1704572202 3
1704572218 1
1704572234 9
1704572250 5
1704572266 5
1704572282 8
1704572298 6
1704572314 11
1704572330 7
1704572346 2
1704572362 6
1704572378 5
1704572394 5
1704572410 12
1704572426 0
1704572442 3
1704572458 5
1704572474 6
1704572490 2
1704572506 4



# Sketch: 6
1704571914 5
1704571930 6
1704571946 3
1704571962 4
1704571978 6
1704571994 9
1704572010 8
1704572026 10
1704572042 9
1704572058 19
1704572074 4
1704572090 10
1704572106 4
1704572122 2
1704572138 4
1704572154 14
1704572170 17
1704572186 13
1704572202 2
1704572218 3
1704572234 12
1704572250 12
1704572266 5
1704572282 13
1704572298 10
1704572314 6
1704572330 14
1704572346 13
1704572362 8
1704572378 4
1704572394 7
1704572410 17
1704572426 9
1704572442 4
1704572458 13
1704572474 7
1704572490 9
1704572506 2



# Sketch: 7
1704571914 10
1704571930 10
1704571946 4
1704571962 11
1704571978 8
1704571994 5
1704572010 10
1704572026 11
1704572042 4
1704572058 23
1704572074 14
1704572090 7
1704572106 4
1704572122 13
1704572138 33
1704572154 8
1704572170 9
1704572186 4
1704572202 12
1704572218 11
1704572234 8
1704572250 3
1704572266 11
1704572282 32
1704572298 12
1704572314 5
1704572330 14
1704572346 5
1704572362 4
1704572378 15
1704572394 9
1704572410 3
1704572426 8
1704572442 6
1704572458 7
1704572474 4
1704572490 1
1704572506 0



# Sketch: 8
1704571914 4
1704571930 13
1704571946 7
1704571962 5
1704571978 9
1704571994 10
1704572010 8
1704572026 3
1704572042 9
1704572058 6
1704572074 13
1704572090 5
1704572106 7
1704572122 8
1704572138 14
1704572154 8
1704572170 10
1704572186 6
1704572202 9
1704572218 1
1704572234 6
1704572250 6
1704572266 7
1704572282 8
1704572298 3
1704572314 9
1704572330 5
1704572346 6
1704572362 4
1704572378 6
1704572394 9
1704572410 13
1704572426 7
1704572442 2
1704572458 3
1704572474 5
1704572490 2
1704572506 10



# Sketch: 9
1704571914 0
1704571930 8
1704571946 2
1704571962 8
1704571978 7
1704571994 8
1704572010 1
1704572026 2
1704572042 15
1704572058 2
1704572074 6
1704572090 3
1704572106 10
1704572122 0
1704572138 7
1704572154 4
1704572170 5
1704572186 3
1704572202 12
1704572218 3
1704572234 6
1704572250 5
1704572266 8
1704572282 3
1704572298 11
1704572314 2
1704572330 8
1704572346 13
1704572362 3
1704572378 7
1704572394 1
1704572410 2
1704572426 5
1704572442 13
1704572458 15
1704572474 4
1704572490 13
1704572506 0



# Sketch: 10
1704571914 4
1704571930 9
1704571946 6
1704571962 3
1704571978 4
1704571994 7
1704572010 9
1704572026 8
1704572042 10
1704572058 9
1704572074 11
1704572090 13
1704572106 6
1704572122 5
1704572138 16
1704572154 7
1704572170 5
1704572186 2
1704572202 5
1704572218 4
1704572234 15
1704572250 9
1704572266 3
1704572282 6
1704572298 8
1704572314 4
1704572330 1
1704572346 5
1704572362 9
1704572378 10
1704572394 7
1704572410 8
1704572426 6
1704572442 2
1704572458 7
1704572474 4
1704572490 5
1704572506 3



# Sketch: 11
1704571914 6
1704571930 8
1704571946 2
1704571962 4
1704571978 11
1704571994 8
1704572010 11
1704572026 3
1704572042 0
1704572058 2
1704572074 4
1704572090 6
1704572106 3
1704572122 2
1704572138 10
1704572154 12
1704572170 2
1704572186 3
1704572202 15
1704572218 8
1704572234 5
1704572250 1
1704572266 8
1704572282 5
1704572298 4
1704572314 0
1704572330 16
1704572346 11
1704572362 10
1704572378 10
1704572394 4
1704572410 3
1704572426 10
1704572442 2
1704572458 4
1704572474 16
1704572490 1
1704572506 1



# Sketch: 12
1704571914 14
1704571930 7
1704571946 2
1704571962 3
1704571978 3
1704571994 11
1704572010 4
1704572026 6
1704572042 12
1704572058 5
1704572074 13
1704572090 3
1704572106 20
1704572122 11
1704572138 3
1704572154 4
1704572170 8
1704572186 4
1704572202 3
1704572218 8
1704572234 6
1704572250 0
1704572266 16
1704572282 9
1704572298 5
1704572314 10
1704572330 4
1704572346 7
1704572362 8
1704572378 9
1704572394 6
1704572410 6
1704572426 7
1704572442 9
1704572458 10
1704572474 5
1704572490 9
1704572506 8



# Sketch: 13
1704571914 9
1704571930 7
1704571946 3
1704571962 3
1704571978 26
1704571994 4
1704572010 12
1704572026 4
1704572042 11
1704572058 8
1704572074 5
1704572090 21
1704572106 1
1704572122 3
1704572138 1
1704572154 7
1704572170 8
1704572186 6
1704572202 6
1704572218 8
1704572234 5
1704572250 9
1704572266 6
1704572282 10
1704572298 3
1704572314 4
1704572330 3
1704572346 10
1704572362 6
1704572378 6
1704572394 6
1704572410 4
1704572426 8
1704572442 4
1704572458 4
1704572474 4
1704572490 2
1704572506 3



# Sketch: 14
1704571914 16
1704571930 2
1704571946 8
1704571962 6
1704571978 15
1704571994 8
1704572010 6
1704572026 2
1704572042 6
1704572058 7
1704572074 3
1704572090 9
1704572106 8
1704572122 8
1704572138 1
1704572154 7
1704572170 15
1704572186 1
1704572202 5
1704572218 4
1704572234 8
1704572250 11
1704572266 6
1704572282 9
1704572298 13
1704572314 2
1704572330 3
1704572346 4
1704572362 1
1704572378 7
1704572394 9
1704572410 13
1704572426 6
1704572442 5
1704572458 22
1704572474 7
1704572490 15
1704572506 3



# Sketch: 15
1704571914 11
1704571930 10
1704571946 7
1704571962 7
1704571978 11
1704571994 3
1704572010 5
1704572026 6
1704572042 5
1704572058 11
1704572074 21
1704572090 21
1704572106 10
1704572122 3
1704572138 6
1704572154 17
1704572170 10
1704572186 14
1704572202 9
1704572218 4
1704572234 8
1704572250 9
1704572266 4
1704572282 3
1704572298 3
1704572314 1
1704572330 13
1704572346 3
1704572362 8
1704572378 6
1704572394 11
1704572410 6
1704572426 19
1704572442 4
1704572458 11
1704572474 10
1704572490 5
1704572506 0



# Sketch: 16
1704571914 5
1704571930 12
1704571946 5
1704571962 9
1704571978 5
1704571994 6
1704572010 11
1704572026 5
1704572042 11
1704572058 9
1704572074 9
1704572090 13
1704572106 11
1704572122 9
1704572138 7
1704572154 11
1704572170 11
1704572186 23
1704572202 5
1704572218 5
1704572234 10
1704572250 7
1704572266 5
1704572282 14
1704572298 15
1704572314 20
1704572330 3
1704572346 6
1704572362 19
1704572378 10
1704572394 17
1704572410 9
1704572426 6
1704572442 9
1704572458 10
1704572474 6
1704572490 3
1704572506 5



# Sketch: 17
1704571914 14
1704571930 26
1704571946 7
1704571962 7
1704571978 3
1704571994 11
1704572010 22
1704572026 7
1704572042 1
1704572058 9
1704572074 11
1704572090 9
1704572106 4
1704572122 2
1704572138 11
1704572154 1
1704572170 5
1704572186 12
1704572202 3
1704572218 10
1704572234 6
1704572250 3
1704572266 2
1704572282 3
1704572298 8
1704572314 6
1704572330 4
1704572346 6
1704572362 8
1704572378 2
1704572394 1
1704572410 9
1704572426 0
1704572442 5
1704572458 5
1704572474 3
1704572490 3
1704572506 10



# Sketch: 18
1704571914 4
1704571930 5
1704571946 1
1704571962 2
1704571978 8
1704571994 5
1704572010 4
1704572026 2
1704572042 4
1704572058 9
1704572074 12
1704572090 13
1704572106 2
1704572122 6
1704572138 6
1704572154 3
1704572170 12
1704572186 7
1704572202 6
1704572218 4
1704572234 0
1704572250 3
1704572266 7
1704572282 2
1704572298 7
1704572314 11
1704572330 10
1704572346 12
1704572362 2
1704572378 5
1704572394 7
1704572410 0
1704572426 17
1704572442 11
1704572458 3
1704572474 17
1704572490 8
1704572506 2



# Sketch: 19
1704571914 3
1704571930 6
1704571946 4
1704571962 13
1704571978 4
1704571994 6
1704572010 0
1704572026 4
1704572042 1
1704572058 8
1704572074 8
1704572090 3
1704572106 7
1704572122 3
1704572138 12
1704572154 3
1704572170 5
1704572186 10
1704572202 2
1704572218 5
1704572234 13
1704572250 4
1704572266 1
1704572282 3
1704572298 5
1704572314 9
1704572330 13
1704572346 1
1704572362 15
1704572378 2
1704572394 14
1704572410 3
1704572426 10
1704572442 6
1704572458 6
1704572474 4
1704572490 6
1704572506 4



# Sketch: 20
1704571914 3
1704571930 11
1704571946 8
1704571962 6
1704571978 44
1704571994 8
1704572010 10
1704572026 2
1704572042 6
1704572058 7
1704572074 10
1704572090 11
1704572106 9
1704572122 7
1704572138 7
1704572154 19
1704572170 11
1704572186 9
1704572202 6
1704572218 38
1704572234 9
1704572250 2
1704572266 9
1704572282 3
1704572298 10
1704572314 20
1704572330 12
1704572346 9
1704572362 7
1704572378 13
1704572394 11
1704572410 7
1704572426 8
1704572442 4
1704572458 25
1704572474 8
1704572490 14
1704572506 5



# Sketch: 21
1704571914 4
1704571930 11
1704571946 7
1704571962 2
1704571978 9
1704571994 8
1704572010 15
1704572026 3
1704572042 22
1704572058 12
1704572074 4
1704572090 6
1704572106 2
1704572122 4
1704572138 6
1704572154 13
1704572170 8
1704572186 7
1704572202 6
1704572218 2
1704572234 6
1704572250 8
1704572266 8
1704572282 7
1704572298 9
1704572314 3
1704572330 4
1704572346 6
1704572362 6
1704572378 5
1704572394 7
1704572410 5
1704572426 7
1704572442 3
1704572458 6
1704572474 3
1704572490 9
1704572506 0



# Sketch: 22
1704571914 4
1704571930 5
1704571946 7
1704571962 5
1704571978 18
1704571994 4
1704572010 6
1704572026 4
1704572042 3
1704572058 5
1704572074 4
1704572090 12
1704572106 6
1704572122 3
1704572138 7
1704572154 7
1704572170 10
1704572186 5
1704572202 1
1704572218 10
1704572234 4
1704572250 5
1704572266 2
1704572282 9
1704572298 7
1704572314 4
1704572330 4
1704572346 6
1704572362 6
1704572378 8
1704572394 5
1704572410 8
1704572426 3
1704572442 5
1704572458 5
1704572474 6
1704572490 9
1704572506 0



# Sketch: 23
1704571914 5
1704571930 16
1704571946 9
1704571962 5
1704571978 5
1704571994 23
1704572010 8
1704572026 4
1704572042 15
1704572058 6
1704572074 11
1704572090 3
1704572106 9
1704572122 6
1704572138 9
1704572154 8
1704572170 11
1704572186 10
1704572202 4
1704572218 9
1704572234 2
1704572250 1
1704572266 9
1704572282 10
1704572298 14
1704572314 4
1704572330 11
1704572346 17
1704572362 11
1704572378 17
1704572394 5
1704572410 13
1704572426 6
1704572442 6
1704572458 3
1704572474 5
1704572490 4
1704572506 3



# Sketch: 24
1704571914 9
1704571930 8
1704571946 6
1704571962 3
1704571978 4
1704571994 11
1704572010 5
1704572026 15
1704572042 3
1704572058 2
1704572074 3
1704572090 22
1704572106 8
1704572122 6
1704572138 4
1704572154 15
1704572170 6
1704572186 7
1704572202 2
1704572218 12
1704572234 9
1704572250 4
1704572266 7
1704572282 14
1704572298 6
1704572314 1
1704572330 15
1704572346 9
1704572362 6
1704572378 5
1704572394 4
1704572410 9
1704572426 3
1704572442 3
1704572458 11
1704572474 16
1704572490 10
1704572506 2



# Sketch: 25
1704571914 13
1704571930 13
1704571946 6
1704571962 3
1704571978 26
1704571994 6
1704572010 2
1704572026 6
1704572042 11
1704572058 14
1704572074 6
1704572090 30
1704572106 4
1704572122 11
1704572138 5
1704572154 22
1704572170 16
1704572186 29
1704572202 3
1704572218 25
1704572234 13
1704572250 3
1704572266 11
1704572282 12
1704572298 6
1704572314 5
1704572330 16
1704572346 10
1704572362 10
1704572378 12
1704572394 7
1704572410 17
1704572426 5
1704572442 6
1704572458 26
1704572474 9
1704572490 5
1704572506 1



# Sketch: 26
1704571914 14
1704571930 8
1704571946 6
1704571962 3
1704571978 6
1704571994 7
1704572010 5
1704572026 8
1704572042 11
1704572058 9
1704572074 6
1704572090 3
1704572106 15
1704572122 9
1704572138 6
1704572154 8
1704572170 9
1704572186 5
1704572202 12
1704572218 4
1704572234 6
1704572250 6
1704572266 5
1704572282 6
1704572298 19
1704572314 8
1704572330 3
1704572346 3
1704572362 9
1704572378 8
1704572394 9
1704572410 11
1704572426 9
1704572442 12
1704572458 3
1704572474 11
1704572490 8
1704572506 0



# Sketch: 27
1704571914 6
1704571930 11
1704571946 0
1704571962 5
1704571978 9
1704571994 3
1704572010 12
1704572026 1
1704572042 8
1704572058 7
1704572074 4
1704572090 7
1704572106 8
1704572122 19
1704572138 10
1704572154 14
1704572170 9
1704572186 18
1704572202 7
1704572218 13
1704572234 37
1704572250 8
1704572266 12
1704572282 13
1704572298 5
1704572314 1
1704572330 4
1704572346 7
1704572362 3
1704572378 9
1704572394 8
1704572410 14
1704572426 5
1704572442 3
1704572458 8
1704572474 10
1704572490 5
1704572506 0



# Sketch: 28
1704571914 0
1704571930 3
1704571946 5
1704571962 3
1704571978 3
1704571994 3
1704572010 4
1704572026 6
1704572042 10
1704572058 6
1704572074 9
1704572090 6
1704572106 2
1704572122 12
1704572138 5
1704572154 10
1704572170 2
1704572186 18
1704572202 8
1704572218 23
1704572234 14
1704572250 11
1704572266 17
1704572282 6
1704572298 9
1704572314 2
1704572330 1
1704572346 10
1704572362 1
1704572378 4
1704572394 3
1704572410 12
1704572426 4
1704572442 3
1704572458 5
1704572474 6
1704572490 10
1704572506 3



# Sketch: 29
1704571914 8
1704571930 11
1704571946 4
1704571962 12
1704571978 7
1704571994 5
1704572010 12
1704572026 7
1704572042 5
1704572058 7
1704572074 7
1704572090 5
1704572106 9
1704572122 9
1704572138 6
1704572154 5
1704572170 4
1704572186 2
1704572202 5
1704572218 11
1704572234 3
1704572250 19
1704572266 5
1704572282 18
1704572298 16
1704572314 10
1704572330 5
1704572346 7
1704572362 28
1704572378 9
1704572394 8
1704572410 7
1704572426 27
1704572442 7
1704572458 10
1704572474 5
1704572490 19
1704572506 4



# Sketch: 30
1704571914 7
1704571930 5
1704571946 3
1704571962 3
1704571978 2
1704571994 23
1704572010 0
1704572026 6
1704572042 7
1704572058 7
1704572074 11
1704572090 8
1704572106 3
1704572122 3
1704572138 7
1704572154 4
1704572170 3
1704572186 6
1704572202 6
1704572218 5
1704572234 6
1704572250 2
1704572266 8
1704572282 5
1704572298 7
1704572314 7
1704572330 10
1704572346 26
1704572362 10
1704572378 5
1704572394 9
1704572410 11
1704572426 15
1704572442 5
1704572458 5
1704572474 6
1704572490 4
1704572506 1



# Sketch: 31
1704571914 11
1704571930 17
1704571946 6
1704571962 8
1704571978 6
1704571994 4
1704572010 0
1704572026 21
1704572042 11
1704572058 9
1704572074 5
1704572090 6
1704572106 4
1704572122 6
1704572138 7
1704572154 24
1704572170 10
1704572186 11
1704572202 5
1704572218 1
1704572234 10
1704572250 6
1704572266 8
1704572282 16
1704572298 16
1704572314 5
1704572330 8
1704572346 9
1704572362 5
1704572378 6
1704572394 14
1704572410 14
1704572426 8
1704572442 2
1704572458 2
1704572474 0
1704572490 8
1704572506 8

