

# Sketch: 0
1704571914 24
1704571978 45
1704572042 23
1704572106 28
1704572170 35
1704572234 32
1704572298 41
1704572362 62
1704572426 28
1704572490 9



# Sketch: 1
1704571914 27
1704571978 21
1704572042 34
1704572106 31
1704572170 25
1704572234 39
1704572298 29
1704572362 27
1704572426 30
1704572490 3



# Sketch: 2
1704571914 30
1704571978 36
1704572042 44
1704572106 49
1704572170 58
1704572234 36
1704572298 37
1704572362 35
1704572426 36
1704572490 9



# Sketch: 3
1704571914 19
1704571978 31
1704572042 24
1704572106 10
1704572170 25
1704572234 18
1704572298 31
1704572362 18
1704572426 31
1704572490 18



# Sketch: 4
1704571914 23
1704571978 19
1704572042 23
1704572106 35
1704572170 21
1704572234 21
1704572298 18
1704572362 30
1704572426 32
1704572490 10



# Sketch: 5
1704571914 32
1704571978 26
1704572042 27
1704572106 42
1704572170 26
1704572234 32
1704572298 20
1704572362 40
1704572426 16
1704572490 5



# Sketch: 6
1704571914 23
1704571978 36
1704572042 48
1704572106 40
1704572170 43
1704572234 39
1704572298 36
1704572362 29
1704572426 24
1704572490 25



# Sketch: 7
1704571914 23
1704571978 36
1704572042 23
1704572106 26
1704572170 26
1704572234 16
1704572298 24
1704572362 24
1704572426 14
1704572490 11



# Sketch: 8
1704571914 30
1704571978 25
1704572042 19
1704572106 18
1704572170 23
1704572234 33
1704572298 24
1704572362 35
1704572426 21
1704572490 16



# Sketch: 9
1704571914 17
1704571978 61
1704572042 31
1704572106 30
1704572170 19
1704572234 51
1704572298 38
1704572362 22
1704572426 28
1704572490 7



# Sketch: 10
1704571914 29
1704571978 18
1704572042 28
1704572106 24
1704572170 32
1704572234 28
1704572298 29
1704572362 18
1704572426 25
1704572490 21



# Sketch: 11
1704571914 27
1704571978 43
1704572042 62
1704572106 24
1704572170 24
1704572234 37
1704572298 36
1704572362 34
1704572426 18
1704572490 3



# Sketch: 12
1704571914 22
1704571978 44
1704572042 43
1704572106 94
1704572170 87
1704572234 49
1704572298 39
1704572362 58
1704572426 37
1704572490 8



# Sketch: 13
1704571914 47
1704571978 47
1704572042 40
1704572106 77
1704572170 78
1704572234 34
1704572298 38
1704572362 41
1704572426 49
1704572490 8



# Sketch: 14
1704571914 32
1704571978 27
1704572042 25
1704572106 20
1704572170 34
1704572234 30
1704572298 35
1704572362 26
1704572426 22
1704572490 9



# Sketch: 15
1704571914 30
1704571978 14
1704572042 20
1704572106 32
1704572170 52
1704572234 17
1704572298 45
1704572362 20
1704572426 24
1704572490 9



# Sketch: 16
1704571914 34
1704571978 32
1704572042 30
1704572106 26
1704572170 36
1704572234 32
1704572298 18
1704572362 62
1704572426 23
1704572490 23



# Sketch: 17
1704571914 14
1704571978 36
1704572042 26
1704572106 31
1704572170 18
1704572234 24
1704572298 40
1704572362 28
1704572426 19
1704572490 4



# Sketch: 18
1704571914 29
1704571978 22
1704572042 36
1704572106 40
1704572170 30
1704572234 33
1704572298 24
1704572362 14
1704572426 56
1704572490 9



# Sketch: 19
1704571914 42
1704571978 27
1704572042 65
1704572106 33
1704572170 24
1704572234 52
1704572298 33
1704572362 25
1704572426 27
1704572490 10



# Sketch: 20
1704571914 42
1704571978 20
1704572042 32
1704572106 43
1704572170 29
1704572234 39
1704572298 26
1704572362 24
1704572426 18
1704572490 17



# Sketch: 21
1704571914 33
1704571978 23
1704572042 32
1704572106 35
1704572170 28
1704572234 25
1704572298 28
1704572362 34
1704572426 28
1704572490 14



# Sketch: 22
1704571914 41
1704571978 33
1704572042 26
1704572106 36
1704572170 37
1704572234 48
1704572298 32
1704572362 28
1704572426 25
1704572490 11



# Sketch: 23
1704571914 40
1704571978 20
1704572042 56
1704572106 26
1704572170 43
1704572234 37
1704572298 30
1704572362 34
1704572426 61
1704572490 8



# Sketch: 24
1704571914 18
1704571978 20
1704572042 43
1704572106 85
1704572170 28
1704572234 12
1704572298 43
1704572362 42
1704572426 34
1704572490 14



# Sketch: 25
1704571914 32
1704571978 52
1704572042 38
1704572106 38
1704572170 36
1704572234 34
1704572298 28
1704572362 44
1704572426 25
1704572490 8



# Sketch: 26
1704571914 17
1704571978 25
1704572042 23
1704572106 16
1704572170 37
1704572234 21
1704572298 43
1704572362 22
1704572426 21
1704572490 10



# Sketch: 27
1704571914 38
1704571978 21
1704572042 26
1704572106 42
1704572170 40
1704572234 28
1704572298 38
1704572362 36
1704572426 48
1704572490 6



# Sketch: 28
1704571914 42
1704571978 26
1704572042 48
1704572106 27
1704572170 31
1704572234 23
1704572298 42
1704572362 39
1704572426 22
1704572490 9



# Sketch: 29
1704571914 31
1704571978 30
1704572042 36
1704572106 24
1704572170 16
1704572234 59
1704572298 24
1704572362 46
1704572426 50
1704572490 6



# Sketch: 30
1704571914 17
1704571978 22
1704572042 15
1704572106 16
1704572170 19
1704572234 20
1704572298 28
1704572362 32
1704572426 20
1704572490 3



# Sketch: 31
1704571914 18
1704571978 40
1704572042 48
1704572106 13
1704572170 26
1704572234 22
1704572298 22
1704572362 29
1704572426 18
1704572490 6

