

# Sketch: 0
0 0.524444
1 0.524837
2 0.473473
3 0.576117
4 0.321381
5 0.391593
6 0.468639
7 0.52907



# Sketch: 1
0 0.602511
1 0.532759
2 0.378163
3 0.310403
4 0.313597
5 0.658892
6 0.399002
7 0.441092



# Sketch: 2
0 0.579894
1 0.324552
2 0.227291
3 0.390307
4 0.32485
5 0.386234
6 0.319893
7 0.536971



# Sketch: 3
0 1.58711
1 1.96515
2 1.92742
3 2.01831
4 1.80368
5 2.15116
6 1.48193
7 0.326584



# Sketch: 4
0 2.24386
1 1.89189
2 1.52092
3 0.835206
4 0.370273
5 0.582894
6 1.29756
7 2.16251



# Sketch: 5
0 0.893029
1 0.73992
2 0.557865
3 0.457279
4 0.548979
5 0.503104
6 0.597434
7 0.479223



# Sketch: 6
0 0.447648
1 0.4775
2 0.478098
3 0.854513
4 1.06776
5 0.974055
6 0.510189
7 0.456811



# Sketch: 7
0 0.363877
1 0.228437
2 0.444806
3 0.600472
4 0.702059
5 0.549448
6 0.724352
7 1.87522



# Sketch: 8
0 0.987905
1 0.78931
2 0.681651
3 0.753815
4 0.441504
5 0.384611
6 0.458494
7 0.466798



# Sketch: 9
0 0.749525
1 0.760326
2 0.694939
3 0.5549
4 0.387784
5 0.443615
6 1.14931
7 0.478258



# Sketch: 10
0 1.97722
1 1.29883
2 0.793378
3 0.752136
4 0.732896
5 0.501166
6 0.20561
7 0.0945298



# Sketch: 11
0 0.276742
1 0.276417
2 0.268098
3 0.277993
4 0.407182
5 0.427166
6 0.380525
7 0.411714



# Sketch: 12
0 0.373722
1 0.412551
2 0.371148
3 0.342648
4 0.44098
5 0.377265
6 0.36604
7 0.312786



# Sketch: 13
0 1.32152
1 1.07399
2 0.616415
3 0.493571
4 0.747237
5 0.414109
6 0.360169
7 0.375328



# Sketch: 14
0 1.49406
1 1.25712
2 0.926363
3 0.727487
4 0.544562
5 0.495542
6 0.378429
7 0.321756



# Sketch: 15
0 0.923369
1 0.759923
2 0.568613
3 0.447331
4 0.518598
5 0.419407
6 0.574809
7 0.599744



# Sketch: 16
0 0.703541
1 0.637589
2 0.528727
3 0.561454
4 0.511702
5 0.512602
6 0.545148
7 0.648333



# Sketch: 17
0 1.85308
1 1.39135
2 0.766712
3 0.555834
4 0.306725
5 0.574408
6 0.359024
7 0.725354



# Sketch: 18
0 0.347005
1 0.466236
2 0.598358
3 0.342121
4 0.348987
5 0.360652
6 0.406869
7 0.399295



# Sketch: 19
0 1.0763
1 0.939832
2 0.88971
3 0.546044
4 0.310586
5 0.37353
6 0.377953
7 0.39453



# Sketch: 20
0 1.03468
1 0.905952
2 0.70848
3 0.682327
4 0.566117
5 0.544192
6 1.61511
7 0.981873



# Sketch: 21
0 0.520058
1 0.360429
2 0.0833584
3 0.12258
4 0.44467
5 0.587952
6 1.04357
7 0.260754



# Sketch: 22
0 1.28564
1 1.1713
2 1.0278
3 1.04182
4 0.890383
5 0.761766
6 0.676159
7 0.545126



# Sketch: 23
0 0.386854
1 0.47792
2 0.3275
3 0.268067
4 0.451474
5 0.499188
6 0.171317
7 0.553212



# Sketch: 24
0 0.538049
1 0.405673
2 0.317998
3 0.653306
4 0.737755
5 1.83049
6 0.845844
7 0.546904



# Sketch: 25
0 0.708009
1 0.645402
2 0.870752
3 0.741704
4 0.479004
5 0.334115
6 0.215477
7 0.294761



# Sketch: 26
0 0.673774
1 0.376628
2 0.200367
3 0.300566
4 0.203335
5 0.125553
6 0.195523
7 0.252394



# Sketch: 27
0 0.864521
1 0.770516
2 0.6218
3 0.53443
4 0.497266
5 0.562218
6 0.548466
7 0.597378



# Sketch: 28
0 0.615711
1 0.68951
2 0.545752
3 0.505705
4 0.313465
5 0.426576
6 0.415278
7 0.477804



# Sketch: 29
0 0.74874
1 0.750863
2 0.759194
3 0.883136
4 0.579745
5 0.198594
6 0.534306
7 0.295899



# Sketch: 30
0 1.19532
1 1.17212
2 1.08599
3 1.00773
4 0.836875
5 0.733155
6 0.656333
7 0.522977



# Sketch: 31
0 1.54013
1 1.37769
2 0.997691
3 0.747027
4 0.537008
5 0.34672
6 0.586671
7 0.520736

