

# Sketch: 0
0 0.155524
1 0.173154
2 0.0709153
3 0.126288
4 0.222969
5 0.264532
6 0.22754
7 0.266291



# Sketch: 1
0 0.637607
1 0.637274
2 0.492642
3 0.421787
4 0.503196
5 0.497817
6 0.501447
7 1.34339



# Sketch: 2
0 0.372755
1 0.661408
2 0.435793
3 0.544075
4 0.813745
5 0.438995
6 0.53232
7 0.740609



# Sketch: 3
0 0.866991
1 1.13252
2 0.909924
3 0.702145
4 0.531622
5 0.512432
6 0.750089
7 1.21849



# Sketch: 4
0 2.36954
1 1.39838
2 0.80031
3 0.745296
4 0.585394
5 0.442442
6 0.613445
7 1.28843



# Sketch: 5
0 0.418956
1 0.660436
2 0.425001
3 0.354822
4 0.36532
5 0.402105
6 0.327764
7 0.305189



# Sketch: 6
0 1.25244
1 1.20562
2 0.834044
3 0.687847
4 0.697258
5 0.688572
6 0.751166
7 0.905467



# Sketch: 7
0 1.48144
1 1.50856
2 1.36023
3 1.00198
4 0.839781
5 0.5318
6 0.261395
7 0.327896



# Sketch: 8
0 1.43639
1 1.44066
2 1.0641
3 0.76895
4 0.772094
5 0.737478
6 0.798614
7 0.823911



# Sketch: 9
0 1.56287
1 1.38269
2 0.759596
3 0.14086
4 0.238167
5 0.173157
6 0.150299
7 0.198004



# Sketch: 10
0 1.6968
1 1.47047
2 1.1974
3 0.448529
4 0.319682
5 0.222776
6 0.496558
7 0.965491



# Sketch: 11
0 0.587642
1 0.272336
2 0.118715
3 0.119557
4 0.168519
5 0.235272
6 0.274448
7 4.47823



# Sketch: 12
0 0.730449
1 0.329544
2 0.236189
3 0.239123
4 0.311177
5 0.353827
6 0.387846
7 1.05557



# Sketch: 13
0 2.89749
1 2.05649
2 1.20808
3 0.814225
4 0.866013
5 0.447329
6 0.699717
7 0.940595



# Sketch: 14
0 0.600271
1 0.375105
2 0.251944
3 0.369862
4 0.210023
5 0.226509
6 0.210702
7 0.208056



# Sketch: 15
0 0.579334
1 0.410381
2 0.0892558
3 0.160683
4 0.165083
5 0.275444
6 0.655085
7 0.294968



# Sketch: 16
0 1.11353
1 1.68758
2 1.43342
3 0.863789
4 0.620336
5 0.584959
6 0.400181
7 0.52465



# Sketch: 17
0 0.701641
1 0.361205
2 0.365522
3 0.303239
4 0.372908
5 0.399624
6 0.401103
7 0.407539



# Sketch: 18
0 2.11067
1 2.57388
2 2.06887
3 2.07703
4 1.56144
5 1.29903
6 0.690156
7 0.234519



# Sketch: 19
0 0.389451
1 1.12186
2 0.372452
3 0.754176
4 1.40462
5 1.27943
6 0.392129
7 0.371073



# Sketch: 20
0 1.17581
1 1.19298
2 1.04584
3 0.826365
4 0.703593
5 0.565381
6 0.710252
7 0.923774



# Sketch: 21
0 0.271078
1 0.339541
2 0.452645
3 0.567067
4 0.504524
5 0.400487
6 0.60097
7 0.577477



# Sketch: 22
0 0.471454
1 0.751894
2 0.701683
3 0.475397
4 0.343464
5 0.403701
6 1.62423
7 1.07799



# Sketch: 23
0 1.7466
1 1.09382
2 0.57867
3 0.449061
4 0.083426
5 0.282948
6 0.475236
7 1.33375



# Sketch: 24
0 1.07954
1 0.950602
2 1.12111
3 1.3259
4 0.886649
5 1.09362
6 1.23892
7 0.461914



# Sketch: 25
0 0.77606
1 0.747453
2 0.607228
3 0.660652
4 0.541372
5 0.506261
6 0.469624
7 0.263299



# Sketch: 26
0 1.37638
1 1.21864
2 0.877295
3 0.666005
4 0.749682
5 0.700543
6 0.581346
7 0.261102



# Sketch: 27
0 2.25771
1 1.95192
2 1.12637
3 0.777875
4 0.815516
5 1.21417
6 0.972235
7 1.19425



# Sketch: 28
0 0.883456
1 1.12855
2 0.743871
3 0.996515
4 1.17103
5 1.10396
6 1.10035
7 0.995696



# Sketch: 29
0 1.99741
1 1.80604
2 1.32735
3 0.813974
4 0.720262
5 1.44097
6 0.820246
7 1.66996



# Sketch: 30
0 1.86371
1 1.71614
2 1.15552
3 0.805346
4 1.28172
5 1.39165
6 1.36531
7 0.886461



# Sketch: 31
0 1.64055
1 0.742802
2 0.245952
3 0.140474
4 0.306153
5 0.418875
6 0.313369
7 1.00174

