

# Sketch: 0
1704572514 32
1704572546 11
1704572578 15
1704572610 11
1704572642 23
1704572674 16
1704572706 24
1704572738 10
1704572770 11
1704572802 12
1704572834 12
1704572866 18
1704572898 7
1704572930 21
1704572962 10
1704572994 23
1704573026 6
1704573058 8
1704573090 8



# Sketch: 1
1704572514 20
1704572546 14
1704572578 11
1704572610 16
1704572642 19
1704572674 22
1704572706 5
1704572738 9
1704572770 15
1704572802 8
1704572834 4
1704572866 15
1704572898 21
1704572930 8
1704572962 16
1704572994 28
1704573026 10
1704573058 10
1704573090 11



# Sketch: 2
1704572514 23
1704572546 22
1704572578 34
1704572610 9
1704572642 13
1704572674 16
1704572706 12
1704572738 14
1704572770 8
1704572802 15
1704572834 17
1704572866 27
1704572898 12
1704572930 26
1704572962 16
1704572994 21
1704573026 11
1704573058 22
1704573090 9



# Sketch: 3
1704572514 11
1704572546 12
1704572578 9
1704572610 18
1704572642 11
1704572674 12
1704572706 14
1704572738 10
1704572770 21
1704572802 6
1704572834 9
1704572866 12
1704572898 19
1704572930 13
1704572962 19
1704572994 18
1704573026 10
1704573058 7
1704573090 4



# Sketch: 4
1704572514 3
1704572546 7
1704572578 13
1704572610 21
1704572642 7
1704572674 7
1704572706 2
1704572738 8
1704572770 19
1704572802 8
1704572834 10
1704572866 8
1704572898 12
1704572930 16
1704572962 3
1704572994 16
1704573026 9
1704573058 8
1704573090 7



# Sketch: 5
1704572514 18
1704572546 19
1704572578 19
1704572610 9
1704572642 17
1704572674 15
1704572706 15
1704572738 13
1704572770 9
1704572802 7
1704572834 10
1704572866 11
1704572898 9
1704572930 16
1704572962 8
1704572994 9
1704573026 24
1704573058 23
1704573090 2



# Sketch: 6
1704572514 25
1704572546 8
1704572578 9
1704572610 13
1704572642 30
1704572674 10
1704572706 7
1704572738 26
1704572770 13
1704572802 5
1704572834 10
1704572866 22
1704572898 33
1704572930 11
1704572962 5
1704572994 19
1704573026 18
1704573058 10
1704573090 7



# Sketch: 7
1704572514 17
1704572546 7
1704572578 9
1704572610 12
1704572642 10
1704572674 5
1704572706 16
1704572738 13
1704572770 4
1704572802 11
1704572834 8
1704572866 7
1704572898 10
1704572930 8
1704572962 8
1704572994 11
1704573026 21
1704573058 9
1704573090 1



# Sketch: 8
1704572514 12
1704572546 6
1704572578 4
1704572610 8
1704572642 10
1704572674 11
1704572706 15
1704572738 26
1704572770 10
1704572802 14
1704572834 17
1704572866 35
1704572898 7
1704572930 10
1704572962 12
1704572994 17
1704573026 20
1704573058 13
1704573090 5



# Sketch: 9
1704572514 8
1704572546 17
1704572578 14
1704572610 30
1704572642 32
1704572674 10
1704572706 3
1704572738 12
1704572770 8
1704572802 5
1704572834 23
1704572866 14
1704572898 16
1704572930 8
1704572962 14
1704572994 11
1704573026 10
1704573058 32
1704573090 9



# Sketch: 10
1704572514 7
1704572546 8
1704572578 13
1704572610 15
1704572642 2
1704572674 14
1704572706 9
1704572738 10
1704572770 9
1704572802 7
1704572834 8
1704572866 24
1704572898 18
1704572930 17
1704572962 8
1704572994 11
1704573026 11
1704573058 12
1704573090 8



# Sketch: 11
1704572514 4
1704572546 25
1704572578 16
1704572610 7
1704572642 14
1704572674 19
1704572706 18
1704572738 9
1704572770 7
1704572802 9
1704572834 15
1704572866 25
1704572898 26
1704572930 20
1704572962 7
1704572994 15
1704573026 15
1704573058 21
1704573090 5



# Sketch: 12
1704572514 15
1704572546 5
1704572578 39
1704572610 11
1704572642 23
1704572674 20
1704572706 21
1704572738 17
1704572770 20
1704572802 28
1704572834 18
1704572866 26
1704572898 10
1704572930 26
1704572962 24
1704572994 30
1704573026 18
1704573058 49
1704573090 10



# Sketch: 13
1704572514 30
1704572546 6
1704572578 33
1704572610 17
1704572642 15
1704572674 15
1704572706 36
1704572738 19
1704572770 19
1704572802 14
1704572834 20
1704572866 14
1704572898 10
1704572930 30
1704572962 15
1704572994 21
1704573026 26
1704573058 39
1704573090 12



# Sketch: 14
1704572514 15
1704572546 14
1704572578 12
1704572610 10
1704572642 14
1704572674 16
1704572706 7
1704572738 10
1704572770 16
1704572802 9
1704572834 12
1704572866 12
1704572898 15
1704572930 19
1704572962 17
1704572994 10
1704573026 9
1704573058 14
1704573090 7



# Sketch: 15
1704572514 18
1704572546 15
1704572578 16
1704572610 13
1704572642 5
1704572674 10
1704572706 9
1704572738 8
1704572770 3
1704572802 10
1704572834 5
1704572866 9
1704572898 9
1704572930 17
1704572962 10
1704572994 9
1704573026 11
1704573058 15
1704573090 7



# Sketch: 16
1704572514 4
1704572546 14
1704572578 16
1704572610 25
1704572642 7
1704572674 18
1704572706 65
1704572738 17
1704572770 3
1704572802 26
1704572834 14
1704572866 5
1704572898 38
1704572930 4
1704572962 11
1704572994 12
1704573026 19
1704573058 6
1704573090 13



# Sketch: 17
1704572514 9
1704572546 10
1704572578 12
1704572610 15
1704572642 24
1704572674 4
1704572706 16
1704572738 14
1704572770 7
1704572802 7
1704572834 8
1704572866 14
1704572898 16
1704572930 10
1704572962 14
1704572994 8
1704573026 30
1704573058 10
1704573090 9



# Sketch: 18
1704572514 24
1704572546 14
1704572578 8
1704572610 2
1704572642 11
1704572674 19
1704572706 17
1704572738 14
1704572770 20
1704572802 6
1704572834 11
1704572866 9
1704572898 13
1704572930 13
1704572962 16
1704572994 12
1704573026 11
1704573058 11
1704573090 13



# Sketch: 19
1704572514 11
1704572546 13
1704572578 17
1704572610 11
1704572642 10
1704572674 7
1704572706 12
1704572738 23
1704572770 7
1704572802 5
1704572834 9
1704572866 9
1704572898 18
1704572930 16
1704572962 15
1704572994 14
1704573026 11
1704573058 10
1704573090 13



# Sketch: 20
1704572514 16
1704572546 3
1704572578 14
1704572610 11
1704572642 20
1704572674 19
1704572706 6
1704572738 24
1704572770 8
1704572802 12
1704572834 16
1704572866 11
1704572898 10
1704572930 5
1704572962 14
1704572994 25
1704573026 14
1704573058 11
1704573090 11



# Sketch: 21
1704572514 6
1704572546 8
1704572578 12
1704572610 6
1704572642 7
1704572674 11
1704572706 17
1704572738 15
1704572770 13
1704572802 11
1704572834 10
1704572866 14
1704572898 19
1704572930 17
1704572962 10
1704572994 14
1704573026 30
1704573058 19
1704573090 2



# Sketch: 22
1704572514 12
1704572546 14
1704572578 27
1704572610 12
1704572642 19
1704572674 11
1704572706 5
1704572738 15
1704572770 8
1704572802 6
1704572834 11
1704572866 25
1704572898 29
1704572930 22
1704572962 9
1704572994 21
1704573026 16
1704573058 23
1704573090 5



# Sketch: 23
1704572514 16
1704572546 15
1704572578 17
1704572610 17
1704572642 22
1704572674 19
1704572706 19
1704572738 15
1704572770 10
1704572802 6
1704572834 35
1704572866 21
1704572898 15
1704572930 21
1704572962 23
1704572994 26
1704573026 13
1704573058 15
1704573090 16



# Sketch: 24
1704572514 16
1704572546 15
1704572578 15
1704572610 15
1704572642 11
1704572674 21
1704572706 19
1704572738 25
1704572770 19
1704572802 9
1704572834 16
1704572866 16
1704572898 13
1704572930 8
1704572962 11
1704572994 11
1704573026 14
1704573058 7
1704573090 26



# Sketch: 25
1704572514 25
1704572546 10
1704572578 15
1704572610 11
1704572642 25
1704572674 12
1704572706 12
1704572738 10
1704572770 18
1704572802 16
1704572834 20
1704572866 24
1704572898 14
1704572930 26
1704572962 23
1704572994 21
1704573026 9
1704573058 11
1704573090 2



# Sketch: 26
1704572514 7
1704572546 8
1704572578 9
1704572610 10
1704572642 7
1704572674 15
1704572706 12
1704572738 12
1704572770 8
1704572802 11
1704572834 9
1704572866 16
1704572898 9
1704572930 17
1704572962 4
1704572994 8
1704573026 10
1704573058 4
1704573090 11



# Sketch: 27
1704572514 16
1704572546 2
1704572578 22
1704572610 10
1704572642 19
1704572674 14
1704572706 16
1704572738 18
1704572770 7
1704572802 14
1704572834 21
1704572866 19
1704572898 8
1704572930 8
1704572962 14
1704572994 10
1704573026 8
1704573058 13
1704573090 7



# Sketch: 28
1704572514 19
1704572546 7
1704572578 16
1704572610 21
1704572642 14
1704572674 10
1704572706 6
1704572738 15
1704572770 9
1704572802 4
1704572834 18
1704572866 17
1704572898 24
1704572930 20
1704572962 15
1704572994 15
1704573026 17
1704573058 33
1704573090 16



# Sketch: 29
1704572514 12
1704572546 11
1704572578 10
1704572610 15
1704572642 13
1704572674 11
1704572706 16
1704572738 9
1704572770 7
1704572802 5
1704572834 18
1704572866 15
1704572898 12
1704572930 8
1704572962 4
1704572994 15
1704573026 17
1704573058 17
1704573090 13



# Sketch: 30
1704572514 7
1704572546 12
1704572578 23
1704572610 8
1704572642 4
1704572674 13
1704572706 7
1704572738 4
1704572770 11
1704572802 5
1704572834 12
1704572866 6
1704572898 10
1704572930 5
1704572962 17
1704572994 13
1704573026 3
1704573058 16
1704573090 5



# Sketch: 31
1704572514 13
1704572546 18
1704572578 16
1704572610 2
1704572642 9
1704572674 5
1704572706 10
1704572738 18
1704572770 16
1704572802 15
1704572834 20
1704572866 14
1704572898 18
1704572930 17
1704572962 8
1704572994 12
1704573026 22
1704573058 17
1704573090 15

