

# Sketch: 0
1704572514 92
1704572642 53
1704572770 83
1704572898 81
1704573026 50



# Sketch: 1
1704572514 39
1704572642 59
1704572770 36
1704572898 60
1704573026 23



# Sketch: 2
1704572514 46
1704572642 37
1704572770 36
1704572898 54
1704573026 28



# Sketch: 3
1704572514 33
1704572642 54
1704572770 28
1704572898 58
1704573026 33



# Sketch: 4
1704572514 64
1704572642 102
1704572770 76
1704572898 84
1704573026 60



# Sketch: 5
1704572514 83
1704572642 57
1704572770 79
1704572898 89
1704573026 79



# Sketch: 6
1704572514 36
1704572642 56
1704572770 36
1704572898 54
1704573026 27



# Sketch: 7
1704572514 44
1704572642 55
1704572770 64
1704572898 55
1704573026 35



# Sketch: 8
1704572514 58
1704572642 31
1704572770 39
1704572898 46
1704573026 31



# Sketch: 9
1704572514 55
1704572642 46
1704572770 47
1704572898 60
1704573026 56



# Sketch: 10
1704572514 43
1704572642 96
1704572770 54
1704572898 66
1704573026 15



# Sketch: 11
1704572514 42
1704572642 66
1704572770 61
1704572898 45
1704573026 27



# Sketch: 12
1704572514 46
1704572642 38
1704572770 42
1704572898 45
1704573026 34



# Sketch: 13
1704572514 64
1704572642 46
1704572770 77
1704572898 47
1704573026 35



# Sketch: 14
1704572514 57
1704572642 56
1704572770 64
1704572898 60
1704573026 46



# Sketch: 15
1704572514 50
1704572642 45
1704572770 47
1704572898 70
1704573026 23



# Sketch: 16
1704572514 46
1704572642 48
1704572770 33
1704572898 34
1704573026 57



# Sketch: 17
1704572514 56
1704572642 56
1704572770 46
1704572898 52
1704573026 30



# Sketch: 18
1704572514 74
1704572642 52
1704572770 65
1704572898 51
1704573026 35



# Sketch: 19
1704572514 70
1704572642 56
1704572770 56
1704572898 38
1704573026 48



# Sketch: 20
1704572514 54
1704572642 79
1704572770 55
1704572898 70
1704573026 32



# Sketch: 21
1704572514 44
1704572642 57
1704572770 46
1704572898 51
1704573026 25



# Sketch: 22
1704572514 51
1704572642 61
1704572770 43
1704572898 47
1704573026 37



# Sketch: 23
1704572514 59
1704572642 47
1704572770 37
1704572898 68
1704573026 43



# Sketch: 24
1704572514 39
1704572642 52
1704572770 45
1704572898 67
1704573026 53



# Sketch: 25
1704572514 44
1704572642 50
1704572770 59
1704572898 63
1704573026 33



# Sketch: 26
1704572514 71
1704572642 53
1704572770 47
1704572898 80
1704573026 51



# Sketch: 27
1704572514 59
1704572642 46
1704572770 47
1704572898 46
1704573026 28



# Sketch: 28
1704572514 45
1704572642 44
1704572770 40
1704572898 70
1704573026 63



# Sketch: 29
1704572514 70
1704572642 52
1704572770 39
1704572898 61
1704573026 33



# Sketch: 30
1704572514 61
1704572642 66
1704572770 52
1704572898 55
1704573026 44



# Sketch: 31
1704572514 72
1704572642 108
1704572770 70
1704572898 62
1704573026 63

