

# Sketch: 0
1704573114 16
1704573146 7
1704573178 18
1704573210 11
1704573242 20
1704573274 9
1704573306 17
1704573338 26
1704573370 12
1704573402 21
1704573434 6
1704573466 12
1704573498 28
1704573530 16
1704573562 12
1704573594 23
1704573626 7
1704573658 17
1704573690 6



# Sketch: 1
1704573114 29
1704573146 13
1704573178 28
1704573210 20
1704573242 15
1704573274 8
1704573306 30
1704573338 14
1704573370 23
1704573402 25
1704573434 7
1704573466 10
1704573498 11
1704573530 5
1704573562 34
1704573594 22
1704573626 13
1704573658 21
1704573690 6



# Sketch: 2
1704573114 12
1704573146 14
1704573178 7
1704573210 25
1704573242 19
1704573274 12
1704573306 5
1704573338 23
1704573370 8
1704573402 13
1704573434 9
1704573466 8
1704573498 4
1704573530 18
1704573562 20
1704573594 18
1704573626 5
1704573658 13
1704573690 3



# Sketch: 3
1704573114 34
1704573146 18
1704573178 65
1704573210 8
1704573242 14
1704573274 23
1704573306 8
1704573338 16
1704573370 27
1704573402 13
1704573434 17
1704573466 19
1704573498 21
1704573530 15
1704573562 13
1704573594 19
1704573626 27
1704573658 19
1704573690 11



# Sketch: 4
1704573114 20
1704573146 10
1704573178 17
1704573210 13
1704573242 23
1704573274 15
1704573306 17
1704573338 9
1704573370 10
1704573402 12
1704573434 21
1704573466 8
1704573498 11
1704573530 25
1704573562 34
1704573594 14
1704573626 30
1704573658 17
1704573690 25



# Sketch: 5
1704573114 10
1704573146 12
1704573178 11
1704573210 8
1704573242 13
1704573274 12
1704573306 13
1704573338 30
1704573370 19
1704573402 10
1704573434 13
1704573466 18
1704573498 14
1704573530 24
1704573562 30
1704573594 19
1704573626 16
1704573658 11
1704573690 10



# Sketch: 6
1704573114 14
1704573146 15
1704573178 20
1704573210 6
1704573242 18
1704573274 10
1704573306 30
1704573338 23
1704573370 23
1704573402 16
1704573434 24
1704573466 13
1704573498 9
1704573530 25
1704573562 14
1704573594 10
1704573626 24
1704573658 12
1704573690 17



# Sketch: 7
1704573114 14
1704573146 18
1704573178 11
1704573210 15
1704573242 8
1704573274 10
1704573306 17
1704573338 39
1704573370 21
1704573402 5
1704573434 16
1704573466 13
1704573498 9
1704573530 18
1704573562 14
1704573594 11
1704573626 16
1704573658 17
1704573690 7



# Sketch: 8
1704573114 22
1704573146 13
1704573178 18
1704573210 28
1704573242 12
1704573274 23
1704573306 12
1704573338 24
1704573370 21
1704573402 12
1704573434 17
1704573466 26
1704573498 10
1704573530 23
1704573562 22
1704573594 24
1704573626 7
1704573658 17
1704573690 13



# Sketch: 9
1704573114 14
1704573146 13
1704573178 21
1704573210 13
1704573242 7
1704573274 19
1704573306 15
1704573338 17
1704573370 20
1704573402 12
1704573434 9
1704573466 45
1704573498 14
1704573530 19
1704573562 8
1704573594 14
1704573626 25
1704573658 12
1704573690 19



# Sketch: 10
1704573114 10
1704573146 16
1704573178 14
1704573210 26
1704573242 17
1704573274 19
1704573306 18
1704573338 9
1704573370 25
1704573402 18
1704573434 25
1704573466 9
1704573498 11
1704573530 24
1704573562 16
1704573594 14
1704573626 23
1704573658 27
1704573690 21



# Sketch: 11
1704573114 17
1704573146 22
1704573178 18
1704573210 19
1704573242 11
1704573274 22
1704573306 8
1704573338 30
1704573370 11
1704573402 14
1704573434 3
1704573466 11
1704573498 10
1704573530 16
1704573562 18
1704573594 19
1704573626 10
1704573658 15
1704573690 9



# Sketch: 12
1704573114 3
1704573146 10
1704573178 22
1704573210 21
1704573242 8
1704573274 44
1704573306 13
1704573338 8
1704573370 7
1704573402 11
1704573434 14
1704573466 12
1704573498 7
1704573530 6
1704573562 10
1704573594 16
1704573626 15
1704573658 13
1704573690 16



# Sketch: 13
1704573114 15
1704573146 8
1704573178 10
1704573210 14
1704573242 23
1704573274 7
1704573306 12
1704573338 18
1704573370 16
1704573402 21
1704573434 6
1704573466 32
1704573498 8
1704573530 17
1704573562 16
1704573594 17
1704573626 17
1704573658 14
1704573690 8



# Sketch: 14
1704573114 13
1704573146 19
1704573178 34
1704573210 11
1704573242 22
1704573274 23
1704573306 28
1704573338 23
1704573370 24
1704573402 23
1704573434 19
1704573466 29
1704573498 10
1704573530 17
1704573562 22
1704573594 15
1704573626 9
1704573658 29
1704573690 10



# Sketch: 15
1704573114 12
1704573146 10
1704573178 7
1704573210 26
1704573242 6
1704573274 7
1704573306 20
1704573338 23
1704573370 16
1704573402 3
1704573434 6
1704573466 17
1704573498 16
1704573530 11
1704573562 33
1704573594 15
1704573626 21
1704573658 24
1704573690 24



# Sketch: 16
1704573114 9
1704573146 2
1704573178 5
1704573210 9
1704573242 6
1704573274 6
1704573306 6
1704573338 15
1704573370 4
1704573402 21
1704573434 19
1704573466 19
1704573498 14
1704573530 18
1704573562 21
1704573594 18
1704573626 16
1704573658 4
1704573690 13



# Sketch: 17
1704573114 22
1704573146 14
1704573178 10
1704573210 21
1704573242 16
1704573274 9
1704573306 8
1704573338 17
1704573370 16
1704573402 17
1704573434 9
1704573466 17
1704573498 36
1704573530 20
1704573562 6
1704573594 24
1704573626 17
1704573658 15
1704573690 10



# Sketch: 18
1704573114 13
1704573146 12
1704573178 11
1704573210 25
1704573242 54
1704573274 18
1704573306 11
1704573338 12
1704573370 17
1704573402 7
1704573434 19
1704573466 10
1704573498 9
1704573530 15
1704573562 15
1704573594 22
1704573626 16
1704573658 22
1704573690 3



# Sketch: 19
1704573114 19
1704573146 11
1704573178 20
1704573210 2
1704573242 28
1704573274 15
1704573306 28
1704573338 29
1704573370 35
1704573402 7
1704573434 8
1704573466 22
1704573498 16
1704573530 9
1704573562 17
1704573594 24
1704573626 32
1704573658 8
1704573690 28



# Sketch: 20
1704573114 8
1704573146 5
1704573178 3
1704573210 7
1704573242 7
1704573274 5
1704573306 17
1704573338 17
1704573370 25
1704573402 1
1704573434 12
1704573466 14
1704573498 8
1704573530 18
1704573562 15
1704573594 12
1704573626 6
1704573658 11
1704573690 12



# Sketch: 21
1704573114 3
1704573146 9
1704573178 5
1704573210 9
1704573242 14
1704573274 13
1704573306 9
1704573338 7
1704573370 20
1704573402 11
1704573434 4
1704573466 11
1704573498 14
1704573530 11
1704573562 5
1704573594 21
1704573626 12
1704573658 21
1704573690 8



# Sketch: 22
1704573114 14
1704573146 12
1704573178 29
1704573210 26
1704573242 17
1704573274 36
1704573306 19
1704573338 24
1704573370 11
1704573402 20
1704573434 24
1704573466 22
1704573498 19
1704573530 41
1704573562 18
1704573594 18
1704573626 18
1704573658 37
1704573690 10



# Sketch: 23
1704573114 16
1704573146 8
1704573178 13
1704573210 12
1704573242 12
1704573274 11
1704573306 9
1704573338 17
1704573370 10
1704573402 10
1704573434 7
1704573466 11
1704573498 15
1704573530 29
1704573562 31
1704573594 19
1704573626 5
1704573658 13
1704573690 16



# Sketch: 24
1704573114 14
1704573146 16
1704573178 16
1704573210 10
1704573242 22
1704573274 12
1704573306 10
1704573338 27
1704573370 19
1704573402 7
1704573434 16
1704573466 22
1704573498 12
1704573530 16
1704573562 19
1704573594 18
1704573626 12
1704573658 26
1704573690 8



# Sketch: 25
1704573114 22
1704573146 17
1704573178 43
1704573210 21
1704573242 16
1704573274 21
1704573306 37
1704573338 19
1704573370 36
1704573402 27
1704573434 25
1704573466 20
1704573498 16
1704573530 31
1704573562 44
1704573594 24
1704573626 33
1704573658 35
1704573690 14



# Sketch: 26
1704573114 17
1704573146 10
1704573178 12
1704573210 6
1704573242 11
1704573274 20
1704573306 10
1704573338 21
1704573370 23
1704573402 16
1704573434 6
1704573466 14
1704573498 5
1704573530 16
1704573562 24
1704573594 23
1704573626 13
1704573658 14
1704573690 14



# Sketch: 27
1704573114 8
1704573146 13
1704573178 7
1704573210 6
1704573242 13
1704573274 13
1704573306 12
1704573338 12
1704573370 15
1704573402 10
1704573434 18
1704573466 10
1704573498 8
1704573530 20
1704573562 24
1704573594 22
1704573626 15
1704573658 10
1704573690 12



# Sketch: 28
1704573114 17
1704573146 90
1704573178 8
1704573210 12
1704573242 16
1704573274 17
1704573306 6
1704573338 23
1704573370 21
1704573402 5
1704573434 12
1704573466 17
1704573498 6
1704573530 11
1704573562 25
1704573594 14
1704573626 12
1704573658 16
1704573690 9



# Sketch: 29
1704573114 21
1704573146 20
1704573178 21
1704573210 10
1704573242 12
1704573274 9
1704573306 16
1704573338 24
1704573370 16
1704573402 7
1704573434 21
1704573466 9
1704573498 25
1704573530 23
1704573562 38
1704573594 16
1704573626 16
1704573658 20
1704573690 6



# Sketch: 30
1704573114 11
1704573146 11
1704573178 9
1704573210 26
1704573242 11
1704573274 8
1704573306 11
1704573338 9
1704573370 4
1704573402 5
1704573434 11
1704573466 4
1704573498 7
1704573530 10
1704573562 11
1704573594 12
1704573626 14
1704573658 19
1704573690 10



# Sketch: 31
1704573114 18
1704573146 14
1704573178 9
1704573210 6
1704573242 8
1704573274 16
1704573306 6
1704573338 19
1704573370 20
1704573402 9
1704573434 18
1704573466 16
1704573498 10
1704573530 6
1704573562 18
1704573594 18
1704573626 8
1704573658 9
1704573690 16

