

# Sketch: 0
1704573114 44
1704573242 78
1704573370 40
1704573498 35
1704573626 34



# Sketch: 1
1704573114 39
1704573242 60
1704573370 47
1704573498 57
1704573626 53



# Sketch: 2
1704573114 48
1704573242 57
1704573370 54
1704573498 53
1704573626 42



# Sketch: 3
1704573114 47
1704573242 57
1704573370 85
1704573498 78
1704573626 50



# Sketch: 4
1704573114 61
1704573242 70
1704573370 53
1704573498 65
1704573626 51



# Sketch: 5
1704573114 43
1704573242 68
1704573370 58
1704573498 80
1704573626 68



# Sketch: 6
1704573114 49
1704573242 58
1704573370 57
1704573498 46
1704573626 30



# Sketch: 7
1704573114 47
1704573242 59
1704573370 56
1704573498 69
1704573626 41



# Sketch: 8
1704573114 51
1704573242 53
1704573370 56
1704573498 72
1704573626 64



# Sketch: 9
1704573114 56
1704573242 53
1704573370 46
1704573498 84
1704573626 52



# Sketch: 10
1704573114 61
1704573242 44
1704573370 82
1704573498 96
1704573626 49



# Sketch: 11
1704573114 75
1704573242 60
1704573370 57
1704573498 70
1704573626 36



# Sketch: 12
1704573114 100
1704573242 77
1704573370 74
1704573498 92
1704573626 45



# Sketch: 13
1704573114 129
1704573242 75
1704573370 61
1704573498 45
1704573626 42



# Sketch: 14
1704573114 80
1704573242 70
1704573370 47
1704573498 61
1704573626 75



# Sketch: 15
1704573114 87
1704573242 61
1704573370 69
1704573498 80
1704573626 37



# Sketch: 16
1704573114 46
1704573242 55
1704573370 45
1704573498 59
1704573626 45



# Sketch: 17
1704573114 53
1704573242 54
1704573370 57
1704573498 50
1704573626 23



# Sketch: 18
1704573114 42
1704573242 48
1704573370 37
1704573498 59
1704573626 37



# Sketch: 19
1704573114 43
1704573242 43
1704573370 57
1704573498 52
1704573626 37



# Sketch: 20
1704573114 87
1704573242 71
1704573370 48
1704573498 45
1704573626 27



# Sketch: 21
1704573114 106
1704573242 100
1704573370 84
1704573498 92
1704573626 50



# Sketch: 22
1704573114 63
1704573242 46
1704573370 62
1704573498 93
1704573626 75



# Sketch: 23
1704573114 33
1704573242 83
1704573370 50
1704573498 60
1704573626 22



# Sketch: 24
1704573114 51
1704573242 94
1704573370 76
1704573498 90
1704573626 72



# Sketch: 25
1704573114 86
1704573242 85
1704573370 70
1704573498 43
1704573626 31



# Sketch: 26
1704573114 65
1704573242 109
1704573370 72
1704573498 85
1704573626 35



# Sketch: 27
1704573114 54
1704573242 34
1704573370 50
1704573498 78
1704573626 48



# Sketch: 28
1704573114 66
1704573242 85
1704573370 112
1704573498 99
1704573626 41



# Sketch: 29
1704573114 46
1704573242 41
1704573370 64
1704573498 61
1704573626 39



# Sketch: 30
1704573114 61
1704573242 67
1704573370 62
1704573498 68
1704573626 48



# Sketch: 31
1704573114 64
1704573242 78
1704573370 57
1704573498 91
1704573626 63

