

# Sketch: 0
1704573114 17
1704573146 26
1704573178 7
1704573210 13
1704573242 8
1704573274 9
1704573306 14
1704573338 16
1704573370 25
1704573402 12
1704573434 12
1704573466 12
1704573498 10
1704573530 18
1704573562 13
1704573594 6
1704573626 16
1704573658 14
1704573690 10



# Sketch: 1
1704573114 19
1704573146 10
1704573178 37
1704573210 35
1704573242 13
1704573274 16
1704573306 53
1704573338 30
1704573370 8
1704573402 17
1704573434 18
1704573466 14
1704573498 16
1704573530 25
1704573562 21
1704573594 21
1704573626 11
1704573658 29
1704573690 12



# Sketch: 2
1704573114 12
1704573146 4
1704573178 11
1704573210 8
1704573242 26
1704573274 5
1704573306 16
1704573338 17
1704573370 27
1704573402 10
1704573434 13
1704573466 14
1704573498 14
1704573530 11
1704573562 16
1704573594 15
1704573626 13
1704573658 27
1704573690 15



# Sketch: 3
1704573114 20
1704573146 9
1704573178 14
1704573210 11
1704573242 21
1704573274 10
1704573306 12
1704573338 43
1704573370 13
1704573402 4
1704573434 7
1704573466 13
1704573498 10
1704573530 12
1704573562 23
1704573594 14
1704573626 11
1704573658 16
1704573690 11



# Sketch: 4
1704573114 22
1704573146 9
1704573178 6
1704573210 18
1704573242 31
1704573274 12
1704573306 38
1704573338 22
1704573370 18
1704573402 9
1704573434 12
1704573466 24
1704573498 21
1704573530 14
1704573562 13
1704573594 30
1704573626 13
1704573658 18
1704573690 13



# Sketch: 5
1704573114 8
1704573146 10
1704573178 34
1704573210 40
1704573242 7
1704573274 11
1704573306 26
1704573338 20
1704573370 19
1704573402 18
1704573434 17
1704573466 19
1704573498 13
1704573530 36
1704573562 27
1704573594 6
1704573626 12
1704573658 33
1704573690 15



# Sketch: 6
1704573114 16
1704573146 21
1704573178 14
1704573210 13
1704573242 18
1704573274 15
1704573306 5
1704573338 17
1704573370 15
1704573402 12
1704573434 13
1704573466 14
1704573498 6
1704573530 16
1704573562 17
1704573594 9
1704573626 8
1704573658 16
1704573690 18



# Sketch: 7
1704573114 16
1704573146 9
1704573178 42
1704573210 19
1704573242 9
1704573274 19
1704573306 17
1704573338 22
1704573370 13
1704573402 11
1704573434 13
1704573466 17
1704573498 14
1704573530 18
1704573562 25
1704573594 18
1704573626 24
1704573658 13
1704573690 19



# Sketch: 8
1704573114 13
1704573146 8
1704573178 37
1704573210 11
1704573242 13
1704573274 36
1704573306 13
1704573338 10
1704573370 15
1704573402 13
1704573434 17
1704573466 9
1704573498 22
1704573530 10
1704573562 14
1704573594 12
1704573626 25
1704573658 13
1704573690 10



# Sketch: 9
1704573114 15
1704573146 11
1704573178 8
1704573210 5
1704573242 19
1704573274 16
1704573306 14
1704573338 29
1704573370 19
1704573402 7
1704573434 12
1704573466 19
1704573498 12
1704573530 19
1704573562 9
1704573594 14
1704573626 14
1704573658 16
1704573690 4



# Sketch: 10
1704573114 13
1704573146 89
1704573178 20
1704573210 8
1704573242 9
1704573274 6
1704573306 6
1704573338 13
1704573370 11
1704573402 3
1704573434 21
1704573466 37
1704573498 8
1704573530 14
1704573562 44
1704573594 15
1704573626 9
1704573658 18
1704573690 8



# Sketch: 11
1704573114 10
1704573146 21
1704573178 19
1704573210 6
1704573242 29
1704573274 23
1704573306 17
1704573338 17
1704573370 13
1704573402 25
1704573434 6
1704573466 16
1704573498 11
1704573530 23
1704573562 5
1704573594 35
1704573626 19
1704573658 9
1704573690 6



# Sketch: 12
1704573114 19
1704573146 17
1704573178 22
1704573210 29
1704573242 5
1704573274 19
1704573306 7
1704573338 24
1704573370 18
1704573402 18
1704573434 22
1704573466 11
1704573498 12
1704573530 12
1704573562 24
1704573594 14
1704573626 31
1704573658 23
1704573690 28



# Sketch: 13
1704573114 8
1704573146 7
1704573178 6
1704573210 29
1704573242 9
1704573274 8
1704573306 4
1704573338 19
1704573370 14
1704573402 8
1704573434 17
1704573466 16
1704573498 24
1704573530 25
1704573562 11
1704573594 10
1704573626 12
1704573658 12
1704573690 7



# Sketch: 14
1704573114 26
1704573146 21
1704573178 5
1704573210 11
1704573242 16
1704573274 12
1704573306 18
1704573338 22
1704573370 20
1704573402 15
1704573434 16
1704573466 29
1704573498 22
1704573530 23
1704573562 25
1704573594 34
1704573626 9
1704573658 24
1704573690 9



# Sketch: 15
1704573114 19
1704573146 12
1704573178 10
1704573210 12
1704573242 9
1704573274 12
1704573306 7
1704573338 20
1704573370 14
1704573402 7
1704573434 16
1704573466 15
1704573498 12
1704573530 8
1704573562 20
1704573594 12
1704573626 7
1704573658 12
1704573690 4



# Sketch: 16
1704573114 8
1704573146 15
1704573178 15
1704573210 9
1704573242 14
1704573274 19
1704573306 14
1704573338 15
1704573370 24
1704573402 11
1704573434 12
1704573466 19
1704573498 17
1704573530 16
1704573562 14
1704573594 28
1704573626 21
1704573658 21
1704573690 18



# Sketch: 17
1704573114 26
1704573146 6
1704573178 37
1704573210 10
1704573242 27
1704573274 16
1704573306 12
1704573338 17
1704573370 28
1704573402 16
1704573434 11
1704573466 21
1704573498 17
1704573530 9
1704573562 20
1704573594 25
1704573626 12
1704573658 7
1704573690 8



# Sketch: 18
1704573114 5
1704573146 7
1704573178 10
1704573210 5
1704573242 8
1704573274 13
1704573306 13
1704573338 12
1704573370 5
1704573402 16
1704573434 11
1704573466 18
1704573498 6
1704573530 14
1704573562 15
1704573594 22
1704573626 39
1704573658 8
1704573690 5



# Sketch: 19
1704573114 22
1704573146 17
1704573178 9
1704573210 31
1704573242 31
1704573274 23
1704573306 15
1704573338 36
1704573370 26
1704573402 16
1704573434 19
1704573466 29
1704573498 11
1704573530 12
1704573562 16
1704573594 24
1704573626 20
1704573658 20
1704573690 7



# Sketch: 20
1704573114 18
1704573146 8
1704573178 41
1704573210 14
1704573242 7
1704573274 26
1704573306 18
1704573338 14
1704573370 9
1704573402 17
1704573434 14
1704573466 18
1704573498 17
1704573530 20
1704573562 29
1704573594 10
1704573626 4
1704573658 31
1704573690 26



# Sketch: 21
1704573114 15
1704573146 7
1704573178 11
1704573210 9
1704573242 13
1704573274 16
1704573306 10
1704573338 14
1704573370 26
1704573402 10
1704573434 17
1704573466 25
1704573498 19
1704573530 27
1704573562 33
1704573594 30
1704573626 13
1704573658 18
1704573690 12



# Sketch: 22
1704573114 17
1704573146 9
1704573178 9
1704573210 18
1704573242 10
1704573274 20
1704573306 12
1704573338 7
1704573370 8
1704573402 10
1704573434 5
1704573466 12
1704573498 8
1704573530 18
1704573562 25
1704573594 4
1704573626 12
1704573658 18
1704573690 12



# Sketch: 23
1704573114 11
1704573146 8
1704573178 11
1704573210 24
1704573242 19
1704573274 12
1704573306 8
1704573338 13
1704573370 29
1704573402 9
1704573434 7
1704573466 9
1704573498 8
1704573530 25
1704573562 15
1704573594 29
1704573626 29
1704573658 8
1704573690 12



# Sketch: 24
1704573114 15
1704573146 10
1704573178 5
1704573210 11
1704573242 6
1704573274 16
1704573306 12
1704573338 35
1704573370 17
1704573402 15
1704573434 14
1704573466 7
1704573498 12
1704573530 6
1704573562 31
1704573594 22
1704573626 26
1704573658 14
1704573690 21



# Sketch: 25
1704573114 13
1704573146 15
1704573178 14
1704573210 12
1704573242 7
1704573274 13
1704573306 16
1704573338 15
1704573370 17
1704573402 9
1704573434 11
1704573466 13
1704573498 7
1704573530 31
1704573562 29
1704573594 16
1704573626 18
1704573658 7
1704573690 26



# Sketch: 26
1704573114 10
1704573146 12
1704573178 18
1704573210 13
1704573242 53
1704573274 4
1704573306 8
1704573338 21
1704573370 14
1704573402 12
1704573434 26
1704573466 7
1704573498 20
1704573530 16
1704573562 17
1704573594 16
1704573626 13
1704573658 12
1704573690 10



# Sketch: 27
1704573114 13
1704573146 16
1704573178 18
1704573210 11
1704573242 6
1704573274 14
1704573306 8
1704573338 14
1704573370 21
1704573402 17
1704573434 21
1704573466 12
1704573498 9
1704573530 8
1704573562 17
1704573594 17
1704573626 17
1704573658 10
1704573690 5



# Sketch: 28
1704573114 11
1704573146 15
1704573178 13
1704573210 9
1704573242 21
1704573274 9
1704573306 10
1704573338 15
1704573370 24
1704573402 12
1704573434 15
1704573466 5
1704573498 13
1704573530 15
1704573562 9
1704573594 22
1704573626 9
1704573658 29
1704573690 6



# Sketch: 29
1704573114 16
1704573146 12
1704573178 8
1704573210 12
1704573242 11
1704573274 24
1704573306 27
1704573338 22
1704573370 23
1704573402 7
1704573434 10
1704573466 11
1704573498 9
1704573530 22
1704573562 32
1704573594 21
1704573626 23
1704573658 24
1704573690 16



# Sketch: 30
1704573114 21
1704573146 23
1704573178 12
1704573210 7
1704573242 11
1704573274 20
1704573306 12
1704573338 23
1704573370 21
1704573402 15
1704573434 6
1704573466 16
1704573498 7
1704573530 27
1704573562 16
1704573594 11
1704573626 10
1704573658 15
1704573690 8



# Sketch: 31
1704573114 13
1704573146 18
1704573178 19
1704573210 9
1704573242 13
1704573274 18
1704573306 16
1704573338 10
1704573370 21
1704573402 28
1704573434 10
1704573466 19
1704573498 6
1704573530 23
1704573562 22
1704573594 13
1704573626 10
1704573658 23
1704573690 13

