

# Sketch: 0
0 0.460561
1 0.482276
2 0.547311
3 0.598843
4 0.934569
5 0.745166
6 0.560997
7 0.665269



# Sketch: 1
0 0.832618
1 0.673013
2 0.63894
3 0.526698
4 0.625697
5 0.51202
6 0.509327
7 0.659819



# Sketch: 2
0 0.516545
1 0.487301
2 0.319277
3 0.371378
4 0.311916
5 0.445405
6 0.479527
7 0.530028



# Sketch: 3
0 0.28883
1 0.255501
2 0.284343
3 0.2227
4 0.249762
5 0.257325
6 0.430318
7 0.695043



# Sketch: 4
0 0.670185
1 0.398914
2 0.475365
3 0.644235
4 0.593763
5 0.447616
6 0.396091
7 0.446842



# Sketch: 5
0 0.973281
1 0.685438
2 0.590906
3 0.260705
4 0.487713
5 0.37792
6 0.210132
7 0.187968



# Sketch: 6
0 0.415022
1 0.514014
2 0.366562
3 0.292171
4 0.133531
5 0.137735
6 0.252448
7 0.294144



# Sketch: 7
0 0.20228
1 0.159962
2 0.201412
3 0.279987
4 0.769218
5 0.283719
6 0.318982
7 0.384896



# Sketch: 8
0 0.46416
1 0.302722
2 0.218594
3 0.119021
4 0.146801
5 0.393953
6 0.460978
7 0.779543



# Sketch: 9
0 0.113559
1 0.219994
2 0.240462
3 0.0884407
4 0.301818
5 0.316236
6 0.527946
7 0.726387



# Sketch: 10
0 0.725132
1 0.853163
2 0.796115
3 0.514929
4 0.303474
5 0.806236
6 0.519874
7 2.25571



# Sketch: 11
0 0.980708
1 0.95505
2 0.943588
3 0.875858
4 0.785082
5 0.791292
6 0.599648
7 0.633356



# Sketch: 12
0 0.402342
1 0.517574
2 0.709455
3 0.844473
4 0.862214
5 0.903933
6 0.833984
7 0.615341



# Sketch: 13
0 0.620528
1 0.538094
2 0.39496
3 0.405643
4 0.43684
5 0.476462
6 0.546603
7 0.616259



# Sketch: 14
0 0.688478
1 0.389737
2 0.400698
3 0.264972
4 0.31446
5 0.326243
6 0.469902
7 0.514582



# Sketch: 15
0 0.713452
1 0.646677
2 0.702372
3 0.673889
4 0.30955
5 0.441668
6 2.07277
7 1.22434



# Sketch: 16
0 0.746568
1 0.801718
2 0.619626
3 0.917066
4 0.283106
5 0.216353
6 0.339357
7 0.410873



# Sketch: 17
0 0.638103
1 0.77851
2 0.62695
3 0.68213
4 0.506528
5 0.228802
6 2.36692
7 0.820618



# Sketch: 18
0 0.74583
1 0.596222
2 0.616484
3 0.627143
4 0.727786
5 0.68764
6 0.574345
7 0.520119



# Sketch: 19
0 0.594977
1 0.455686
2 0.886731
3 1.05349
4 1.04123
5 1.09692
6 0.840703
7 0.303706



# Sketch: 20
0 0.496008
1 0.315557
2 0.161903
3 0.240079
4 0.0596933
5 0.294396
6 0.206304
7 1.05985



# Sketch: 21
0 1.68616
1 1.27256
2 1.25224
3 0.977702
4 1.21816
5 0.913938
6 2.34358
7 2.75542



# Sketch: 22
0 0.877947
1 0.90658
2 0.608557
3 0.946353
4 0.407199
5 0.203263
6 0.305364
7 0.328323



# Sketch: 23
0 0.140675
1 0.14205
2 0.562262
3 0.443581
4 0.20698
5 0.260648
6 0.384716
7 0.469234



# Sketch: 24
0 0.541894
1 0.490433
2 0.445822
3 0.578796
4 0.442197
5 0.572023
6 0.390991
7 0.401574



# Sketch: 25
0 0.541916
1 0.4724
2 0.341768
3 0.384538
4 0.250425
5 0.803005
6 0.980849
7 0.42611



# Sketch: 26
0 0.601269
1 0.527375
2 0.242804
3 0.131781
4 0.363978
5 0.289938
6 0.351894
7 0.638834



# Sketch: 27
0 1.17185
1 1.71129
2 2.2483
3 2.81835
4 2.50127
5 2.69531
6 2.48607
7 1.65645



# Sketch: 28
0 0.533959
1 0.435591
2 0.394253
3 0.54954
4 0.603826
5 0.33404
6 0.523405
7 0.596428



# Sketch: 29
0 0.911416
1 0.858743
2 0.922519
3 0.943794
4 0.843892
5 0.841638
6 0.59438
7 0.497659



# Sketch: 30
0 0.728947
1 0.622661
2 0.453719
3 0.502073
4 0.69186
5 0.357183
6 0.583184
7 0.651446



# Sketch: 31
0 0.510989
1 0.410456
2 0.549598
3 0.620555
4 0.922599
5 1.46385
6 0.448
7 0.478984

