

# Sketch: 0
1704573114 76
1704573242 66
1704573370 72
1704573498 56
1704573626 61



# Sketch: 1
1704573114 40
1704573242 74
1704573370 58
1704573498 65
1704573626 47



# Sketch: 2
1704573114 87
1704573242 100
1704573370 74
1704573498 79
1704573626 70



# Sketch: 3
1704573114 57
1704573242 64
1704573370 48
1704573498 46
1704573626 54



# Sketch: 4
1704573114 39
1704573242 66
1704573370 57
1704573498 45
1704573626 35



# Sketch: 5
1704573114 42
1704573242 39
1704573370 54
1704573498 56
1704573626 61



# Sketch: 6
1704573114 70
1704573242 59
1704573370 53
1704573498 72
1704573626 32



# Sketch: 7
1704573114 30
1704573242 49
1704573370 65
1704573498 44
1704573626 30



# Sketch: 8
1704573114 57
1704573242 58
1704573370 42
1704573498 63
1704573626 43



# Sketch: 9
1704573114 40
1704573242 70
1704573370 71
1704573498 50
1704573626 39



# Sketch: 10
1704573114 68
1704573242 83
1704573370 80
1704573498 109
1704573626 59



# Sketch: 11
1704573114 67
1704573242 62
1704573370 66
1704573498 69
1704573626 57



# Sketch: 12
1704573114 68
1704573242 60
1704573370 75
1704573498 66
1704573626 61



# Sketch: 13
1704573114 51
1704573242 59
1704573370 71
1704573498 64
1704573626 48



# Sketch: 14
1704573114 42
1704573242 64
1704573370 57
1704573498 118
1704573626 32



# Sketch: 15
1704573114 53
1704573242 59
1704573370 45
1704573498 67
1704573626 43



# Sketch: 16
1704573114 55
1704573242 75
1704573370 56
1704573498 54
1704573626 44



# Sketch: 17
1704573114 77
1704573242 62
1704573370 80
1704573498 76
1704573626 46



# Sketch: 18
1704573114 47
1704573242 72
1704573370 48
1704573498 66
1704573626 25



# Sketch: 19
1704573114 54
1704573242 72
1704573370 53
1704573498 78
1704573626 30



# Sketch: 20
1704573114 55
1704573242 52
1704573370 30
1704573498 61
1704573626 30



# Sketch: 21
1704573114 84
1704573242 77
1704573370 68
1704573498 73
1704573626 42



# Sketch: 22
1704573114 155
1704573242 73
1704573370 70
1704573498 68
1704573626 54



# Sketch: 23
1704573114 58
1704573242 44
1704573370 65
1704573498 70
1704573626 41



# Sketch: 24
1704573114 97
1704573242 99
1704573370 93
1704573498 124
1704573626 68



# Sketch: 25
1704573114 89
1704573242 55
1704573370 45
1704573498 67
1704573626 34



# Sketch: 26
1704573114 83
1704573242 95
1704573370 84
1704573498 94
1704573626 69



# Sketch: 27
1704573114 60
1704573242 64
1704573370 74
1704573498 73
1704573626 47



# Sketch: 28
1704573114 38
1704573242 28
1704573370 40
1704573498 50
1704573626 62



# Sketch: 29
1704573114 44
1704573242 47
1704573370 59
1704573498 60
1704573626 37



# Sketch: 30
1704573114 57
1704573242 105
1704573370 64
1704573498 80
1704573626 36



# Sketch: 31
1704573114 43
1704573242 41
1704573370 28
1704573498 45
1704573626 25

