

# Sketch: 0
0 0.753048
1 0.512543
2 0.682385
3 0.398157
4 0.259072
5 0.380238
6 0.347668
7 0.37807



# Sketch: 1
0 0.257998
1 0.322332
2 0.229835
3 0.275215
4 0.418674
5 0.514745
6 0.429502
7 1.07034



# Sketch: 2
0 0.416701
1 0.437952
2 0.57405
3 0.694793
4 0.54259
5 0.531245
6 0.472777
7 0.530884



# Sketch: 3
0 0.528161
1 0.469143
2 0.356026
3 0.517481
4 0.445025
5 0.398923
6 0.391526
7 0.394506



# Sketch: 4
0 0.0895815
1 0.178186
2 0.527937
3 1.05508
4 0.898876
5 1.20661
6 0.390077
7 0.493991



# Sketch: 5
0 0.471245
1 0.421721
2 0.350073
3 0.291317
4 0.454494
5 0.350852
6 0.615228
7 0.700455



# Sketch: 6
0 1.35192
1 2.23698
2 3.01352
3 3.25284
4 3.43452
5 3.4359
6 3.49134
7 3.59718



# Sketch: 7
0 0.836846
1 0.774821
2 0.628572
3 0.447976
4 0.373182
5 0.456605
6 0.486093
7 0.653672



# Sketch: 8
0 0.729099
1 0.806311
2 0.905535
3 0.985232
4 0.881742
5 0.758355
6 0.465755
7 0.51779



# Sketch: 9
0 0.756703
1 0.633494
2 0.470492
3 0.428194
4 0.561002
5 0.536563
6 0.574038
7 0.399892



# Sketch: 10
0 0.596588
1 0.54628
2 0.45453
3 0.0438775
4 0.259517
5 0.545546
6 0.253024
7 0.495606



# Sketch: 11
0 0.903396
1 0.86635
2 0.786559
3 0.702713
4 0.696551
5 0.453903
6 0.600562
7 3.51923



# Sketch: 12
0 0.419421
1 0.606703
2 0.716296
3 1.13575
4 0.815586
5 0.224011
6 0.406332
7 0.403012



# Sketch: 13
0 0.552426
1 0.405854
2 0.29073
3 0.242895
4 0.426949
5 0.780813
6 4.09209
7 0.904505



# Sketch: 14
0 0.888741
1 0.583537
2 0.373965
3 0.648313
4 0.215819
5 0.859309
6 0.629049
7 0.497721



# Sketch: 15
0 0.396544
1 0.164951
2 0.221281
3 0.137023
4 0.317177
5 0.203562
6 0.367749
7 0.561211



# Sketch: 16
0 0.410214
1 0.560002
2 0.712839
3 0.689933
4 0.684155
5 0.511109
6 0.485269
7 0.451989



# Sketch: 17
0 0.874081
1 0.723435
2 0.57285
3 0.38271
4 0.40872
5 0.639201
6 0.446916
7 0.400549



# Sketch: 18
0 1.53353
1 1.81747
2 2.12278
3 1.52657
4 2.57495
5 2.62527
6 0.0805464
7 0.437904



# Sketch: 19
0 0.535898
1 0.547167
2 0.596988
3 1.16528
4 0.677297
5 0.188316
6 0.46727
7 0.634315



# Sketch: 20
0 0.666957
1 0.582401
2 0.443733
3 0.565761
4 0.54989
5 0.559927
6 0.216163
7 0.460164



# Sketch: 21
0 0.681419
1 0.708553
2 0.404991
3 0.120942
4 0.125446
5 0.598582
6 0.365937
7 0.381211



# Sketch: 22
0 0.513934
1 0.451503
2 0.455971
3 0.500273
4 0.33716
5 0.379327
6 0.701
7 0.605752



# Sketch: 23
0 0.338294
1 0.0833339
2 0.501022
3 0.566095
4 0.874014
5 0.780451
6 0.538046
7 0.451639



# Sketch: 24
0 0.289357
1 0.117517
2 0.0134918
3 0.0694704
4 0.213847
5 0.337088
6 0.244927
7 0.341554



# Sketch: 25
0 0.331808
1 0.312759
2 0.324621
3 0.405119
4 0.418612
5 0.273708
6 0.709579
7 2.58023



# Sketch: 26
0 0.314766
1 0.296744
2 0.317855
3 0.311761
4 0.507627
5 0.659767
6 1.05527
7 0.56201



# Sketch: 27
0 1.25887
1 0.739578
2 0.264489
3 0.0608826
4 0.599476
5 0.285214
6 0.293912
7 0.358887



# Sketch: 28
0 0.742429
1 0.677916
2 0.515915
3 0.372992
4 0.397904
5 0.524777
6 0.860601
7 0.654846



# Sketch: 29
0 0.653097
1 0.791634
2 0.741958
3 0.836369
4 0.672662
5 0.557338
6 0.52124
7 0.413231



# Sketch: 30
0 0.392045
1 0.24803
2 0.0598583
3 0.289078
4 0.178135
5 0.278328
6 0.259652
7 0.510961



# Sketch: 31
0 1.29418
1 0.978703
2 0.908237
3 0.964866
4 0.814455
5 0.744821
6 1.2131
7 1.68083

