

# Sketch: 0
1704573114 49
1704573242 49
1704573370 39
1704573498 63
1704573626 38



# Sketch: 1
1704573114 63
1704573242 54
1704573370 38
1704573498 67
1704573626 50



# Sketch: 2
1704573114 44
1704573242 33
1704573370 50
1704573498 84
1704573626 49



# Sketch: 3
1704573114 48
1704573242 69
1704573370 59
1704573498 76
1704573626 34



# Sketch: 4
1704573114 55
1704573242 64
1704573370 52
1704573498 56
1704573626 45



# Sketch: 5
1704573114 56
1704573242 78
1704573370 50
1704573498 65
1704573626 38



# Sketch: 6
1704573114 48
1704573242 75
1704573370 65
1704573498 70
1704573626 41



# Sketch: 7
1704573114 66
1704573242 67
1704573370 102
1704573498 91
1704573626 58



# Sketch: 8
1704573114 54
1704573242 73
1704573370 76
1704573498 60
1704573626 71



# Sketch: 9
1704573114 64
1704573242 78
1704573370 27
1704573498 67
1704573626 47



# Sketch: 10
1704573114 54
1704573242 83
1704573370 53
1704573498 71
1704573626 42



# Sketch: 11
1704573114 67
1704573242 79
1704573370 56
1704573498 53
1704573626 30



# Sketch: 12
1704573114 141
1704573242 61
1704573370 55
1704573498 72
1704573626 43



# Sketch: 13
1704573114 54
1704573242 55
1704573370 46
1704573498 78
1704573626 58



# Sketch: 14
1704573114 79
1704573242 53
1704573370 46
1704573498 73
1704573626 35



# Sketch: 15
1704573114 68
1704573242 131
1704573370 107
1704573498 82
1704573626 72



# Sketch: 16
1704573114 55
1704573242 53
1704573370 53
1704573498 75
1704573626 36



# Sketch: 17
1704573114 50
1704573242 44
1704573370 47
1704573498 69
1704573626 50



# Sketch: 18
1704573114 46
1704573242 58
1704573370 88
1704573498 42
1704573626 40



# Sketch: 19
1704573114 121
1704573242 62
1704573370 96
1704573498 87
1704573626 43



# Sketch: 20
1704573114 91
1704573242 69
1704573370 48
1704573498 63
1704573626 26



# Sketch: 21
1704573114 51
1704573242 55
1704573370 84
1704573498 65
1704573626 39



# Sketch: 22
1704573114 81
1704573242 107
1704573370 82
1704573498 114
1704573626 64



# Sketch: 23
1704573114 37
1704573242 42
1704573370 40
1704573498 55
1704573626 33



# Sketch: 24
1704573114 50
1704573242 76
1704573370 95
1704573498 88
1704573626 40



# Sketch: 25
1704573114 43
1704573242 54
1704573370 74
1704573498 33
1704573626 38



# Sketch: 26
1704573114 59
1704573242 63
1704573370 70
1704573498 64
1704573626 30



# Sketch: 27
1704573114 102
1704573242 85
1704573370 67
1704573498 78
1704573626 82



# Sketch: 28
1704573114 37
1704573242 88
1704573370 37
1704573498 61
1704573626 76



# Sketch: 29
1704573114 39
1704573242 34
1704573370 42
1704573498 42
1704573626 28



# Sketch: 30
1704573114 41
1704573242 58
1704573370 56
1704573498 74
1704573626 34



# Sketch: 31
1704573114 70
1704573242 43
1704573370 45
1704573498 70
1704573626 52

