

# Sketch: 0
1704573114 8
1704573130 9
1704573146 2
1704573162 7
1704573178 18
1704573194 10
1704573210 14
1704573226 2
1704573242 11
1704573258 6
1704573274 13
1704573290 7
1704573306 1
1704573322 7
1704573338 6
1704573354 11
1704573370 15
1704573386 13
1704573402 6
1704573418 5
1704573434 16
1704573450 16
1704573466 3
1704573482 7
1704573498 9
1704573514 5
1704573530 7
1704573546 11
1704573562 5
1704573578 18
1704573594 9
1704573610 13
1704573626 8
1704573642 7
1704573658 14
1704573674 7
1704573690 12
1704573706 3



# Sketch: 1
1704573114 3
1704573130 3
1704573146 9
1704573162 5
1704573178 1
1704573194 3
1704573210 5
1704573226 1
1704573242 4
1704573258 5
1704573274 2
1704573290 9
1704573306 17
1704573322 2
1704573338 5
1704573354 5
1704573370 9
1704573386 2
1704573402 5
1704573418 3
1704573434 3
1704573450 4
1704573466 8
1704573482 6
1704573498 5
1704573514 6
1704573530 11
1704573546 11
1704573562 6
1704573578 9
1704573594 3
1704573610 15
1704573626 0
1704573642 3
1704573658 8
1704573674 10
1704573690 15
1704573706 4



# Sketch: 2
1704573114 7
1704573130 17
1704573146 5
1704573162 2
1704573178 3
1704573194 10
1704573210 10
1704573226 8
1704573242 9
1704573258 1
1704573274 7
1704573290 4
1704573306 8
1704573322 5
1704573338 5
1704573354 16
1704573370 9
1704573386 16
1704573402 6
1704573418 8
1704573434 7
1704573450 3
1704573466 5
1704573482 3
1704573498 7
1704573514 6
1704573530 11
1704573546 3
1704573562 4
1704573578 10
1704573594 5
1704573610 11
1704573626 6
1704573642 4
1704573658 4
1704573674 9
1704573690 4
1704573706 1



# Sketch: 3
1704573114 8
1704573130 11
1704573146 1
1704573162 4
1704573178 11
1704573194 9
1704573210 8
1704573226 2
1704573242 3
1704573258 3
1704573274 4
1704573290 2
1704573306 3
1704573322 13
1704573338 12
1704573354 8
1704573370 4
1704573386 7
1704573402 11
1704573418 10
1704573434 16
1704573450 8
1704573466 5
1704573482 5
1704573498 15
1704573514 6
1704573530 14
1704573546 12
1704573562 4
1704573578 5
1704573594 7
1704573610 7
1704573626 4
1704573642 20
1704573658 4
1704573674 10
1704573690 5
1704573706 6



# Sketch: 4
1704573114 2
1704573130 5
1704573146 7
1704573162 7
1704573178 3
1704573194 2
1704573210 8
1704573226 6
1704573242 9
1704573258 13
1704573274 4
1704573290 13
1704573306 8
1704573322 2
1704573338 4
1704573354 18
1704573370 4
1704573386 6
1704573402 9
1704573418 3
1704573434 6
1704573450 4
1704573466 3
1704573482 12
1704573498 2
1704573514 12
1704573530 10
1704573546 3
1704573562 9
1704573578 34
1704573594 5
1704573610 9
1704573626 7
1704573642 18
1704573658 11
1704573674 12
1704573690 18
1704573706 2



# Sketch: 5
1704573114 6
1704573130 8
1704573146 1
1704573162 7
1704573178 25
1704573194 8
1704573210 3
1704573226 8
1704573242 13
1704573258 10
1704573274 3
1704573290 25
1704573306 6
1704573322 11
1704573338 14
1704573354 15
1704573370 17
1704573386 5
1704573402 7
1704573418 15
1704573434 11
1704573450 14
1704573466 10
1704573482 7
1704573498 2
1704573514 3
1704573530 18
1704573546 10
1704573562 6
1704573578 42
1704573594 7
1704573610 5
1704573626 5
1704573642 7
1704573658 19
1704573674 17
1704573690 6
1704573706 0



# Sketch: 6
1704573114 8
1704573130 9
1704573146 10
1704573162 3
1704573178 2
1704573194 5
1704573210 14
1704573226 5
1704573242 8
1704573258 9
1704573274 9
1704573290 4
1704573306 7
1704573322 7
1704573338 11
1704573354 12
1704573370 9
1704573386 17
1704573402 2
1704573418 6
1704573434 10
1704573450 7
1704573466 9
1704573482 17
1704573498 8
1704573514 10
1704573530 11
1704573546 7
1704573562 9
1704573578 31
1704573594 16
1704573610 3
1704573626 20
1704573642 10
1704573658 6
1704573674 8
1704573690 6
1704573706 4



# Sketch: 7
1704573114 6
1704573130 9
1704573146 5
1704573162 5
1704573178 13
1704573194 7
1704573210 11
1704573226 11
1704573242 5
1704573258 13
1704573274 9
1704573290 8
1704573306 9
1704573322 7
1704573338 4
1704573354 4
1704573370 4
1704573386 9
1704573402 3
1704573418 6
1704573434 6
1704573450 6
1704573466 15
1704573482 18
1704573498 19
1704573514 10
1704573530 10
1704573546 5
1704573562 7
1704573578 21
1704573594 10
1704573610 3
1704573626 7
1704573642 6
1704573658 5
1704573674 9
1704573690 6
1704573706 7



# Sketch: 8
1704573114 11
1704573130 12
1704573146 6
1704573162 13
1704573178 3
1704573194 2
1704573210 2
1704573226 2
1704573242 23
1704573258 11
1704573274 12
1704573290 10
1704573306 6
1704573322 8
1704573338 16
1704573354 14
1704573370 16
1704573386 9
1704573402 7
1704573418 3
1704573434 3
1704573450 4
1704573466 3
1704573482 15
1704573498 8
1704573514 13
1704573530 9
1704573546 2
1704573562 9
1704573578 11
1704573594 11
1704573610 15
1704573626 4
1704573642 8
1704573658 4
1704573674 3
1704573690 2
1704573706 11



# Sketch: 9
1704573114 2
1704573130 19
1704573146 4
1704573162 4
1704573178 10
1704573194 7
1704573210 8
1704573226 20
1704573242 12
1704573258 9
1704573274 6
1704573290 10
1704573306 17
1704573322 19
1704573338 7
1704573354 24
1704573370 11
1704573386 15
1704573402 9
1704573418 6
1704573434 10
1704573450 7
1704573466 7
1704573482 6
1704573498 2
1704573514 1
1704573530 5
1704573546 5
1704573562 6
1704573578 5
1704573594 8
1704573610 8
1704573626 22
1704573642 3
1704573658 3
1704573674 9
1704573690 7
1704573706 0



# Sketch: 10
1704573114 11
1704573130 10
1704573146 9
1704573162 1
1704573178 11
1704573194 3
1704573210 7
1704573226 4
1704573242 12
1704573258 7
1704573274 10
1704573290 8
1704573306 10
1704573322 2
1704573338 7
1704573354 16
1704573370 11
1704573386 15
1704573402 12
1704573418 3
1704573434 3
1704573450 2
1704573466 6
1704573482 12
1704573498 3
1704573514 9
1704573530 9
1704573546 9
1704573562 3
1704573578 7
1704573594 6
1704573610 20
1704573626 11
1704573642 5
1704573658 6
1704573674 18
1704573690 11
1704573706 1



# Sketch: 11
1704573114 7
1704573130 3
1704573146 3
1704573162 4
1704573178 8
1704573194 2
1704573210 15
1704573226 3
1704573242 5
1704573258 8
1704573274 0
1704573290 4
1704573306 3
1704573322 8
1704573338 7
1704573354 13
1704573370 3
1704573386 4
1704573402 7
1704573418 3
1704573434 3
1704573450 7
1704573466 4
1704573482 7
1704573498 3
1704573514 5
1704573530 10
1704573546 24
1704573562 16
1704573578 6
1704573594 4
1704573610 4
1704573626 3
1704573642 6
1704573658 5
1704573674 3
1704573690 7
1704573706 3



# Sketch: 12
1704573114 2
1704573130 2
1704573146 6
1704573162 8
1704573178 14
1704573194 42
1704573210 5
1704573226 9
1704573242 6
1704573258 5
1704573274 5
1704573290 7
1704573306 4
1704573322 4
1704573338 4
1704573354 6
1704573370 1
1704573386 8
1704573402 5
1704573418 3
1704573434 7
1704573450 2
1704573466 18
1704573482 13
1704573498 2
1704573514 7
1704573530 14
1704573546 4
1704573562 4
1704573578 8
1704573594 7
1704573610 13
1704573626 8
1704573642 3
1704573658 5
1704573674 8
1704573690 6
1704573706 1



# Sketch: 13
1704573114 4
1704573130 13
1704573146 8
1704573162 7
1704573178 7
1704573194 4
1704573210 9
1704573226 3
1704573242 8
1704573258 3
1704573274 7
1704573290 5
1704573306 2
1704573322 2
1704573338 7
1704573354 3
1704573370 9
1704573386 7
1704573402 8
1704573418 2
1704573434 1
1704573450 14
1704573466 4
1704573482 22
1704573498 6
1704573514 7
1704573530 9
1704573546 8
1704573562 3
1704573578 7
1704573594 7
1704573610 8
1704573626 3
1704573642 1
1704573658 8
1704573674 2
1704573690 7
1704573706 4



# Sketch: 14
1704573114 5
1704573130 5
1704573146 7
1704573162 5
1704573178 2
1704573194 5
1704573210 4
1704573226 4
1704573242 10
1704573258 5
1704573274 7
1704573290 4
1704573306 13
1704573322 27
1704573338 11
1704573354 18
1704573370 8
1704573386 9
1704573402 10
1704573418 12
1704573434 4
1704573450 7
1704573466 11
1704573482 15
1704573498 11
1704573514 7
1704573530 4
1704573546 7
1704573562 6
1704573578 3
1704573594 8
1704573610 9
1704573626 9
1704573642 10
1704573658 12
1704573674 8
1704573690 14
1704573706 4



# Sketch: 15
1704573114 10
1704573130 8
1704573146 3
1704573162 6
1704573178 4
1704573194 8
1704573210 2
1704573226 6
1704573242 5
1704573258 4
1704573274 5
1704573290 10
1704573306 5
1704573322 5
1704573338 3
1704573354 6
1704573370 6
1704573386 11
1704573402 3
1704573418 3
1704573434 5
1704573450 2
1704573466 2
1704573482 21
1704573498 4
1704573514 4
1704573530 8
1704573546 14
1704573562 5
1704573578 9
1704573594 7
1704573610 6
1704573626 6
1704573642 9
1704573658 2
1704573674 7
1704573690 9
1704573706 6



# Sketch: 16
1704573114 14
1704573130 2
1704573146 2
1704573162 6
1704573178 13
1704573194 10
1704573210 2
1704573226 9
1704573242 2
1704573258 3
1704573274 2
1704573290 13
1704573306 7
1704573322 9
1704573338 4
1704573354 7
1704573370 9
1704573386 10
1704573402 5
1704573418 13
1704573434 11
1704573450 11
1704573466 5
1704573482 7
1704573498 8
1704573514 3
1704573530 16
1704573546 9
1704573562 14
1704573578 9
1704573594 8
1704573610 19
1704573626 3
1704573642 2
1704573658 17
1704573674 14
1704573690 6
1704573706 7



# Sketch: 17
1704573114 2
1704573130 6
1704573146 12
1704573162 2
1704573178 4
1704573194 3
1704573210 5
1704573226 11
1704573242 8
1704573258 9
1704573274 9
1704573290 4
1704573306 2
1704573322 12
1704573338 13
1704573354 6
1704573370 6
1704573386 4
1704573402 3
1704573418 30
1704573434 14
1704573450 0
1704573466 8
1704573482 8
1704573498 9
1704573514 13
1704573530 4
1704573546 5
1704573562 2
1704573578 9
1704573594 14
1704573610 6
1704573626 4
1704573642 11
1704573658 2
1704573674 20
1704573690 14
1704573706 16



# Sketch: 18
1704573114 11
1704573130 16
1704573146 5
1704573162 15
1704573178 12
1704573194 5
1704573210 1
1704573226 2
1704573242 4
1704573258 2
1704573274 10
1704573290 5
1704573306 9
1704573322 8
1704573338 34
1704573354 8
1704573370 4
1704573386 1
1704573402 10
1704573418 3
1704573434 10
1704573450 1
1704573466 6
1704573482 8
1704573498 2
1704573514 3
1704573530 4
1704573546 10
1704573562 9
1704573578 16
1704573594 6
1704573610 12
1704573626 9
1704573642 5
1704573658 1
1704573674 4
1704573690 11
1704573706 3



# Sketch: 19
1704573114 12
1704573130 14
1704573146 13
1704573162 6
1704573178 11
1704573194 5
1704573210 13
1704573226 8
1704573242 6
1704573258 8
1704573274 7
1704573290 16
1704573306 5
1704573322 11
1704573338 20
1704573354 16
1704573370 6
1704573386 11
1704573402 8
1704573418 0
1704573434 3
1704573450 6
1704573466 4
1704573482 14
1704573498 9
1704573514 8
1704573530 4
1704573546 11
1704573562 3
1704573578 12
1704573594 10
1704573610 9
1704573626 18
1704573642 8
1704573658 2
1704573674 13
1704573690 14
1704573706 9



# Sketch: 20
1704573114 11
1704573130 6
1704573146 4
1704573162 3
1704573178 28
1704573194 13
1704573210 3
1704573226 7
1704573242 3
1704573258 6
1704573274 3
1704573290 20
1704573306 11
1704573322 11
1704573338 4
1704573354 15
1704573370 3
1704573386 5
1704573402 4
1704573418 14
1704573434 18
1704573450 6
1704573466 6
1704573482 2
1704573498 9
1704573514 4
1704573530 12
1704573546 13
1704573562 11
1704573578 6
1704573594 17
1704573610 19
1704573626 8
1704573642 10
1704573658 18
1704573674 18
1704573690 12
1704573706 6



# Sketch: 21
1704573114 7
1704573130 10
1704573146 15
1704573162 8
1704573178 12
1704573194 7
1704573210 24
1704573226 3
1704573242 63
1704573258 6
1704573274 35
1704573290 9
1704573306 9
1704573322 9
1704573338 3
1704573354 10
1704573370 21
1704573386 5
1704573402 5
1704573418 4
1704573434 13
1704573450 13
1704573466 12
1704573482 12
1704573498 5
1704573514 4
1704573530 7
1704573546 3
1704573562 7
1704573578 10
1704573594 5
1704573610 11
1704573626 6
1704573642 6
1704573658 9
1704573674 4
1704573690 3
1704573706 4



# Sketch: 22
1704573114 6
1704573130 11
1704573146 17
1704573162 10
1704573178 7
1704573194 10
1704573210 6
1704573226 2
1704573242 4
1704573258 3
1704573274 3
1704573290 9
1704573306 15
1704573322 9
1704573338 6
1704573354 7
1704573370 18
1704573386 14
1704573402 5
1704573418 8
1704573434 7
1704573450 5
1704573466 6
1704573482 9
1704573498 4
1704573514 6
1704573530 13
1704573546 11
1704573562 5
1704573578 26
1704573594 8
1704573610 11
1704573626 7
1704573642 8
1704573658 5
1704573674 12
1704573690 8
1704573706 5



# Sketch: 23
1704573114 8
1704573130 13
1704573146 2
1704573162 8
1704573178 8
1704573194 11
1704573210 6
1704573226 6
1704573242 4
1704573258 8
1704573274 8
1704573290 6
1704573306 6
1704573322 5
1704573338 16
1704573354 17
1704573370 13
1704573386 3
1704573402 2
1704573418 3
1704573434 5
1704573450 13
1704573466 8
1704573482 3
1704573498 3
1704573514 10
1704573530 15
1704573546 10
1704573562 4
1704573578 19
1704573594 8
1704573610 17
1704573626 7
1704573642 3
1704573658 11
1704573674 11
1704573690 2
1704573706 3



# Sketch: 24
1704573114 7
1704573130 7
1704573146 9
1704573162 4
1704573178 31
1704573194 18
1704573210 4
1704573226 2
1704573242 9
1704573258 7
1704573274 1
1704573290 15
1704573306 11
1704573322 4
1704573338 7
1704573354 11
1704573370 14
1704573386 2
1704573402 1
1704573418 4
1704573434 11
1704573450 8
1704573466 14
1704573482 15
1704573498 6
1704573514 3
1704573530 9
1704573546 8
1704573562 7
1704573578 22
1704573594 8
1704573610 8
1704573626 8
1704573642 5
1704573658 11
1704573674 4
1704573690 3
1704573706 4



# Sketch: 25
1704573114 4
1704573130 5
1704573146 5
1704573162 13
1704573178 5
1704573194 2
1704573210 4
1704573226 20
1704573242 17
1704573258 4
1704573274 7
1704573290 9
1704573306 11
1704573322 5
1704573338 13
1704573354 8
1704573370 7
1704573386 7
1704573402 4
1704573418 3
1704573434 9
1704573450 7
1704573466 2
1704573482 8
1704573498 5
1704573514 2
1704573530 4
1704573546 12
1704573562 1
1704573578 10
1704573594 12
1704573610 4
1704573626 3
1704573642 6
1704573658 12
1704573674 7
1704573690 11
1704573706 4



# Sketch: 26
1704573114 7
1704573130 14
1704573146 5
1704573162 8
1704573178 1
1704573194 13
1704573210 11
1704573226 15
1704573242 5
1704573258 5
1704573274 2
1704573290 5
1704573306 6
1704573322 13
1704573338 8
1704573354 11
1704573370 29
1704573386 11
1704573402 5
1704573418 9
1704573434 3
1704573450 2
1704573466 3
1704573482 7
1704573498 9
1704573514 9
1704573530 10
1704573546 7
1704573562 8
1704573578 18
1704573594 11
1704573610 17
1704573626 32
1704573642 4
1704573658 7
1704573674 7
1704573690 12
1704573706 3



# Sketch: 27
1704573114 4
1704573130 7
1704573146 12
1704573162 82
1704573178 12
1704573194 4
1704573210 7
1704573226 2
1704573242 6
1704573258 15
1704573274 7
1704573290 8
1704573306 2
1704573322 5
1704573338 7
1704573354 6
1704573370 5
1704573386 11
1704573402 5
1704573418 9
1704573434 5
1704573450 3
1704573466 6
1704573482 4
1704573498 1
1704573514 7
1704573530 10
1704573546 5
1704573562 5
1704573578 15
1704573594 10
1704573610 16
1704573626 11
1704573642 11
1704573658 6
1704573674 18
1704573690 3
1704573706 2



# Sketch: 28
1704573114 6
1704573130 8
1704573146 4
1704573162 8
1704573178 5
1704573194 6
1704573210 4
1704573226 13
1704573242 5
1704573258 2
1704573274 7
1704573290 10
1704573306 7
1704573322 5
1704573338 9
1704573354 5
1704573370 9
1704573386 14
1704573402 8
1704573418 8
1704573434 7
1704573450 4
1704573466 5
1704573482 8
1704573498 2
1704573514 6
1704573530 5
1704573546 5
1704573562 4
1704573578 10
1704573594 4
1704573610 2
1704573626 3
1704573642 8
1704573658 17
1704573674 13
1704573690 5
1704573706 1



# Sketch: 29
1704573114 3
1704573130 1
1704573146 3
1704573162 4
1704573178 2
1704573194 1
1704573210 11
1704573226 26
1704573242 6
1704573258 3
1704573274 5
1704573290 4
1704573306 7
1704573322 3
1704573338 3
1704573354 9
1704573370 4
1704573386 4
1704573402 5
1704573418 3
1704573434 9
1704573450 1
1704573466 5
1704573482 9
1704573498 12
1704573514 4
1704573530 8
1704573546 12
1704573562 5
1704573578 15
1704573594 7
1704573610 3
1704573626 12
1704573642 16
1704573658 3
1704573674 6
1704573690 1
1704573706 5



# Sketch: 30
1704573114 2
1704573130 4
1704573146 8
1704573162 1
1704573178 4
1704573194 4
1704573210 3
1704573226 1
1704573242 9
1704573258 1
1704573274 3
1704573290 4
1704573306 4
1704573322 3
1704573338 6
1704573354 9
1704573370 6
1704573386 9
1704573402 7
1704573418 3
1704573434 5
1704573450 5
1704573466 5
1704573482 4
1704573498 7
1704573514 7
1704573530 8
1704573546 10
1704573562 8
1704573578 13
1704573594 8
1704573610 5
1704573626 8
1704573642 9
1704573658 8
1704573674 13
1704573690 11
1704573706 4



# Sketch: 31
1704573114 6
1704573130 10
1704573146 7
1704573162 7
1704573178 5
1704573194 8
1704573210 11
1704573226 11
1704573242 7
1704573258 4
1704573274 6
1704573290 7
1704573306 5
1704573322 1
1704573338 10
1704573354 4
1704573370 7
1704573386 14
1704573402 7
1704573418 10
1704573434 3
1704573450 5
1704573466 4
1704573482 4
1704573498 8
1704573514 8
1704573530 6
1704573546 12
1704573562 1
1704573578 15
1704573594 5
1704573610 6
1704573626 11
1704573642 5
1704573658 7
1704573674 2
1704573690 9
1704573706 1

