

# Sketch: 0
1704573114 52
1704573242 58
1704573370 54
1704573498 53
1704573626 30



# Sketch: 1
1704573114 51
1704573242 72
1704573370 59
1704573498 78
1704573626 54



# Sketch: 2
1704573114 69
1704573242 57
1704573370 54
1704573498 47
1704573626 27



# Sketch: 3
1704573114 87
1704573242 58
1704573370 56
1704573498 64
1704573626 36



# Sketch: 4
1704573114 54
1704573242 62
1704573370 51
1704573498 62
1704573626 29



# Sketch: 5
1704573114 51
1704573242 55
1704573370 46
1704573498 63
1704573626 26



# Sketch: 6
1704573114 92
1704573242 115
1704573370 83
1704573498 88
1704573626 41



# Sketch: 7
1704573114 60
1704573242 53
1704573370 29
1704573498 56
1704573626 49



# Sketch: 8
1704573114 131
1704573242 43
1704573370 78
1704573498 81
1704573626 48



# Sketch: 9
1704573114 65
1704573242 37
1704573370 38
1704573498 73
1704573626 57



# Sketch: 10
1704573114 56
1704573242 48
1704573370 58
1704573498 69
1704573626 40



# Sketch: 11
1704573114 43
1704573242 45
1704573370 46
1704573498 42
1704573626 64



# Sketch: 12
1704573114 76
1704573242 65
1704573370 51
1704573498 75
1704573626 40



# Sketch: 13
1704573114 50
1704573242 78
1704573370 65
1704573498 76
1704573626 43



# Sketch: 14
1704573114 59
1704573242 68
1704573370 74
1704573498 90
1704573626 54



# Sketch: 15
1704573114 88
1704573242 133
1704573370 84
1704573498 113
1704573626 84



# Sketch: 16
1704573114 64
1704573242 65
1704573370 86
1704573498 87
1704573626 38



# Sketch: 17
1704573114 35
1704573242 50
1704573370 59
1704573498 77
1704573626 60



# Sketch: 18
1704573114 50
1704573242 48
1704573370 41
1704573498 59
1704573626 41



# Sketch: 19
1704573114 37
1704573242 66
1704573370 63
1704573498 45
1704573626 30



# Sketch: 20
1704573114 65
1704573242 64
1704573370 63
1704573498 74
1704573626 45



# Sketch: 21
1704573114 56
1704573242 68
1704573370 63
1704573498 64
1704573626 50



# Sketch: 22
1704573114 59
1704573242 81
1704573370 63
1704573498 80
1704573626 43



# Sketch: 23
1704573114 53
1704573242 49
1704573370 38
1704573498 63
1704573626 42



# Sketch: 24
1704573114 41
1704573242 65
1704573370 64
1704573498 77
1704573626 40



# Sketch: 25
1704573114 37
1704573242 48
1704573370 55
1704573498 53
1704573626 40



# Sketch: 26
1704573114 96
1704573242 66
1704573370 45
1704573498 53
1704573626 37



# Sketch: 27
1704573114 69
1704573242 69
1704573370 57
1704573498 68
1704573626 59



# Sketch: 28
1704573114 56
1704573242 78
1704573370 81
1704573498 79
1704573626 59



# Sketch: 29
1704573114 83
1704573242 69
1704573370 83
1704573498 66
1704573626 44



# Sketch: 30
1704573114 54
1704573242 102
1704573370 89
1704573498 88
1704573626 56



# Sketch: 31
1704573114 44
1704573242 58
1704573370 69
1704573498 45
1704573626 56

