

# Sketch: 0
1704573114 5
1704573122 1
1704573130 2
1704573138 3
1704573146 8
1704573154 0
1704573162 2
1704573170 2
1704573178 3
1704573186 1
1704573194 2
1704573202 1
1704573210 4
1704573218 5
1704573226 3
1704573234 2
1704573242 5
1704573250 4
1704573258 1
1704573266 3
1704573274 14
1704573282 1
1704573290 2
1704573298 3
1704573306 5
1704573314 1
1704573322 9
1704573330 6
1704573338 7
1704573346 2
1704573354 2
1704573362 13
1704573370 5
1704573378 2
1704573386 1
1704573394 1
1704573402 2
1704573410 3
1704573418 1
1704573426 4
1704573434 2
1704573442 1
1704573450 5
1704573458 5
1704573466 1
1704573474 3
1704573482 1
1704573490 3
1704573498 1
1704573506 0
1704573514 2
1704573522 1
1704573530 3
1704573538 2
1704573546 2
1704573554 0
1704573562 2
1704573570 2
1704573578 4
1704573586 12
1704573594 0
1704573602 2
1704573610 1
1704573618 1
1704573626 2
1704573634 0
1704573642 4
1704573650 1
1704573658 0
1704573666 1
1704573674 3
1704573682 3
1704573690 5
1704573698 8
1704573706 7



# Sketch: 1
1704573114 5
1704573122 7
1704573130 3
1704573138 3
1704573146 3
1704573154 1
1704573162 0
1704573170 1
1704573178 1
1704573186 2
1704573194 1
1704573202 3
1704573210 3
1704573218 0
1704573226 4
1704573234 2
1704573242 13
1704573250 0
1704573258 8
1704573266 5
1704573274 2
1704573282 4
1704573290 2
1704573298 6
1704573306 0
1704573314 1
1704573322 0
1704573330 4
1704573338 6
1704573346 3
1704573354 4
1704573362 2
1704573370 2
1704573378 0
1704573386 0
1704573394 5
1704573402 2
1704573410 6
1704573418 2
1704573426 5
1704573434 4
1704573442 7
1704573450 4
1704573458 4
1704573466 2
1704573474 4
1704573482 0
1704573490 0
1704573498 5
1704573506 3
1704573514 1
1704573522 2
1704573530 2
1704573538 2
1704573546 4
1704573554 2
1704573562 0
1704573570 3
1704573578 2
1704573586 8
1704573594 2
1704573602 2
1704573610 15
1704573618 4
1704573626 2
1704573634 2
1704573642 9
1704573650 3
1704573658 2
1704573666 4
1704573674 9
1704573682 3
1704573690 2
1704573698 14
1704573706 3



# Sketch: 2
1704573114 5
1704573122 3
1704573130 0
1704573138 7
1704573146 6
1704573154 2
1704573162 1
1704573170 1
1704573178 6
1704573186 1
1704573194 1
1704573202 9
1704573210 4
1704573218 1
1704573226 0
1704573234 1
1704573242 2
1704573250 6
1704573258 1
1704573266 2
1704573274 9
1704573282 1
1704573290 1
1704573298 4
1704573306 1
1704573314 7
1704573322 3
1704573330 1
1704573338 2
1704573346 0
1704573354 8
1704573362 9
1704573370 4
1704573378 1
1704573386 2
1704573394 6
1704573402 1
1704573410 0
1704573418 1
1704573426 2
1704573434 0
1704573442 1
1704573450 0
1704573458 2
1704573466 21
1704573474 3
1704573482 3
1704573490 7
1704573498 0
1704573506 0
1704573514 1
1704573522 4
1704573530 9
1704573538 7
1704573546 6
1704573554 3
1704573562 1
1704573570 4
1704573578 2
1704573586 4
1704573594 3
1704573602 3
1704573610 2
1704573618 4
1704573626 1
1704573634 0
1704573642 7
1704573650 8
1704573658 5
1704573666 8
1704573674 3
1704573682 1
1704573690 0
1704573698 8
1704573706 1



# Sketch: 3
1704573114 9
1704573122 3
1704573130 3
1704573138 1
1704573146 4
1704573154 1
1704573162 6
1704573170 1
1704573178 2
1704573186 1
1704573194 0
1704573202 6
1704573210 6
1704573218 3
1704573226 1
1704573234 0
1704573242 0
1704573250 1
1704573258 0
1704573266 4
1704573274 0
1704573282 2
1704573290 4
1704573298 7
1704573306 3
1704573314 4
1704573322 3
1704573330 1
1704573338 9
1704573346 6
1704573354 7
1704573362 6
1704573370 1
1704573378 10
1704573386 5
1704573394 9
1704573402 0
1704573410 6
1704573418 1
1704573426 10
1704573434 6
1704573442 10
1704573450 15
1704573458 3
1704573466 1
1704573474 5
1704573482 1
1704573490 2
1704573498 1
1704573506 5
1704573514 3
1704573522 6
1704573530 11
1704573538 2
1704573546 1
1704573554 3
1704573562 1
1704573570 4
1704573578 7
1704573586 10
1704573594 3
1704573602 12
1704573610 8
1704573618 1
1704573626 1
1704573634 2
1704573642 1
1704573650 14
1704573658 2
1704573666 1
1704573674 4
1704573682 10
1704573690 2
1704573698 8
1704573706 5



# Sketch: 4
1704573114 2
1704573122 5
1704573130 5
1704573138 3
1704573146 3
1704573154 2
1704573162 0
1704573170 3
1704573178 15
1704573186 12
1704573194 1
1704573202 0
1704573210 4
1704573218 4
1704573226 0
1704573234 2
1704573242 3
1704573250 4
1704573258 4
1704573266 1
1704573274 3
1704573282 3
1704573290 2
1704573298 6
1704573306 5
1704573314 10
1704573322 10
1704573330 0
1704573338 3
1704573346 5
1704573354 5
1704573362 6
1704573370 2
1704573378 4
1704573386 2
1704573394 1
1704573402 6
1704573410 3
1704573418 2
1704573426 0
1704573434 5
1704573442 2
1704573450 4
1704573458 2
1704573466 5
1704573474 1
1704573482 5
1704573490 9
1704573498 3
1704573506 2
1704573514 1
1704573522 0
1704573530 8
1704573538 3
1704573546 4
1704573554 5
1704573562 6
1704573570 3
1704573578 4
1704573586 13
1704573594 2
1704573602 4
1704573610 4
1704573618 3
1704573626 8
1704573634 10
1704573642 4
1704573650 0
1704573658 1
1704573666 5
1704573674 5
1704573682 5
1704573690 3
1704573698 4
1704573706 6



# Sketch: 5
1704573114 1
1704573122 4
1704573130 3
1704573138 6
1704573146 3
1704573154 0
1704573162 7
1704573170 2
1704573178 4
1704573186 1
1704573194 5
1704573202 1
1704573210 0
1704573218 3
1704573226 1
1704573234 2
1704573242 4
1704573250 2
1704573258 6
1704573266 1
1704573274 2
1704573282 3
1704573290 3
1704573298 3
1704573306 7
1704573314 2
1704573322 9
1704573330 0
1704573338 6
1704573346 8
1704573354 7
1704573362 5
1704573370 7
1704573378 8
1704573386 8
1704573394 5
1704573402 3
1704573410 2
1704573418 5
1704573426 3
1704573434 1
1704573442 2
1704573450 1
1704573458 1
1704573466 0
1704573474 3
1704573482 4
1704573490 5
1704573498 6
1704573506 2
1704573514 4
1704573522 4
1704573530 0
1704573538 1
1704573546 6
1704573554 14
1704573562 2
1704573570 2
1704573578 2
1704573586 7
1704573594 4
1704573602 9
1704573610 16
1704573618 1
1704573626 3
1704573634 2
1704573642 4
1704573650 16
1704573658 4
1704573666 4
1704573674 11
1704573682 6
1704573690 7
1704573698 7
1704573706 4



# Sketch: 6
1704573114 1
1704573122 2
1704573130 1
1704573138 3
1704573146 1
1704573154 1
1704573162 2
1704573170 0
1704573178 3
1704573186 11
1704573194 8
1704573202 4
1704573210 0
1704573218 4
1704573226 1
1704573234 7
1704573242 3
1704573250 1
1704573258 3
1704573266 3
1704573274 5
1704573282 1
1704573290 4
1704573298 7
1704573306 1
1704573314 2
1704573322 8
1704573330 1
1704573338 4
1704573346 2
1704573354 3
1704573362 10
1704573370 3
1704573378 0
1704573386 3
1704573394 4
1704573402 1
1704573410 2
1704573418 2
1704573426 3
1704573434 9
1704573442 8
1704573450 0
1704573458 12
1704573466 0
1704573474 2
1704573482 5
1704573490 3
1704573498 3
1704573506 1
1704573514 1
1704573522 1
1704573530 0
1704573538 2
1704573546 5
1704573554 3
1704573562 2
1704573570 3
1704573578 6
1704573586 2
1704573594 2
1704573602 9
1704573610 5
1704573618 1
1704573626 1
1704573634 3
1704573642 1
1704573650 4
1704573658 6
1704573666 2
1704573674 3
1704573682 4
1704573690 0
1704573698 3
1704573706 3



# Sketch: 7
1704573114 8
1704573122 5
1704573130 4
1704573138 2
1704573146 1
1704573154 6
1704573162 2
1704573170 0
1704573178 1
1704573186 3
1704573194 5
1704573202 2
1704573210 3
1704573218 3
1704573226 1
1704573234 1
1704573242 17
1704573250 2
1704573258 3
1704573266 4
1704573274 2
1704573282 2
1704573290 0
1704573298 7
1704573306 1
1704573314 5
1704573322 3
1704573330 3
1704573338 4
1704573346 3
1704573354 1
1704573362 2
1704573370 8
1704573378 3
1704573386 3
1704573394 4
1704573402 2
1704573410 0
1704573418 1
1704573426 7
1704573434 2
1704573442 11
1704573450 0
1704573458 2
1704573466 1
1704573474 3
1704573482 5
1704573490 4
1704573498 1
1704573506 2
1704573514 2
1704573522 0
1704573530 2
1704573538 6
1704573546 4
1704573554 1
1704573562 5
1704573570 4
1704573578 2
1704573586 4
1704573594 4
1704573602 16
1704573610 12
1704573618 4
1704573626 3
1704573634 3
1704573642 3
1704573650 6
1704573658 2
1704573666 2
1704573674 2
1704573682 5
1704573690 8
1704573698 2
1704573706 5



# Sketch: 8
1704573114 2
1704573122 14
1704573130 4
1704573138 1
1704573146 2
1704573154 1
1704573162 5
1704573170 1
1704573178 0
1704573186 2
1704573194 4
1704573202 4
1704573210 1
1704573218 4
1704573226 1
1704573234 5
1704573242 12
1704573250 3
1704573258 2
1704573266 2
1704573274 8
1704573282 2
1704573290 2
1704573298 4
1704573306 1
1704573314 1
1704573322 3
1704573330 2
1704573338 4
1704573346 3
1704573354 1
1704573362 3
1704573370 7
1704573378 4
1704573386 3
1704573394 3
1704573402 1
1704573410 4
1704573418 3
1704573426 2
1704573434 5
1704573442 6
1704573450 2
1704573458 7
1704573466 2
1704573474 1
1704573482 2
1704573490 4
1704573498 2
1704573506 4
1704573514 1
1704573522 3
1704573530 7
1704573538 6
1704573546 3
1704573554 3
1704573562 0
1704573570 1
1704573578 15
1704573586 10
1704573594 2
1704573602 7
1704573610 3
1704573618 5
1704573626 11
1704573634 7
1704573642 4
1704573650 2
1704573658 3
1704573666 9
1704573674 4
1704573682 9
1704573690 6
1704573698 4
1704573706 5



# Sketch: 9
1704573114 1
1704573122 3
1704573130 6
1704573138 5
1704573146 3
1704573154 2
1704573162 4
1704573170 3
1704573178 3
1704573186 1
1704573194 0
1704573202 1
1704573210 8
1704573218 9
1704573226 1
1704573234 6
1704573242 0
1704573250 2
1704573258 4
1704573266 7
1704573274 1
1704573282 3
1704573290 3
1704573298 8
1704573306 1
1704573314 3
1704573322 2
1704573330 3
1704573338 4
1704573346 3
1704573354 6
1704573362 3
1704573370 4
1704573378 2
1704573386 1
1704573394 5
1704573402 3
1704573410 2
1704573418 4
1704573426 0
1704573434 2
1704573442 1
1704573450 7
1704573458 3
1704573466 0
1704573474 5
1704573482 2
1704573490 5
1704573498 5
1704573506 1
1704573514 4
1704573522 8
1704573530 5
1704573538 4
1704573546 2
1704573554 2
1704573562 2
1704573570 2
1704573578 7
1704573586 17
1704573594 4
1704573602 1
1704573610 12
1704573618 8
1704573626 9
1704573634 13
1704573642 4
1704573650 1
1704573658 0
1704573666 0
1704573674 0
1704573682 10
1704573690 5
1704573698 6
1704573706 4



# Sketch: 10
1704573114 5
1704573122 1
1704573130 1
1704573138 0
1704573146 1
1704573154 2
1704573162 0
1704573170 3
1704573178 10
1704573186 14
1704573194 4
1704573202 10
1704573210 1
1704573218 0
1704573226 5
1704573234 4
1704573242 3
1704573250 0
1704573258 0
1704573266 1
1704573274 6
1704573282 1
1704573290 3
1704573298 8
1704573306 4
1704573314 2
1704573322 5
1704573330 1
1704573338 2
1704573346 5
1704573354 1
1704573362 2
1704573370 4
1704573378 3
1704573386 4
1704573394 5
1704573402 4
1704573410 3
1704573418 8
1704573426 3
1704573434 7
1704573442 7
1704573450 3
1704573458 1
1704573466 3
1704573474 6
1704573482 2
1704573490 19
1704573498 17
1704573506 1
1704573514 5
1704573522 2
1704573530 5
1704573538 10
1704573546 2
1704573554 8
1704573562 7
1704573570 3
1704573578 7
1704573586 19
1704573594 3
1704573602 3
1704573610 1
1704573618 3
1704573626 1
1704573634 3
1704573642 0
1704573650 1
1704573658 8
1704573666 7
1704573674 5
1704573682 13
1704573690 5
1704573698 5
1704573706 1



# Sketch: 11
1704573114 1
1704573122 5
1704573130 7
1704573138 11
1704573146 5
1704573154 3
1704573162 2
1704573170 5
1704573178 1
1704573186 4
1704573194 0
1704573202 2
1704573210 1
1704573218 6
1704573226 9
1704573234 13
1704573242 4
1704573250 4
1704573258 5
1704573266 2
1704573274 2
1704573282 4
1704573290 1
1704573298 2
1704573306 4
1704573314 7
1704573322 14
1704573330 0
1704573338 5
1704573346 0
1704573354 4
1704573362 2
1704573370 9
1704573378 4
1704573386 0
1704573394 5
1704573402 0
1704573410 7
1704573418 1
1704573426 5
1704573434 1
1704573442 4
1704573450 7
1704573458 3
1704573466 1
1704573474 1
1704573482 6
1704573490 3
1704573498 4
1704573506 8
1704573514 1
1704573522 0
1704573530 7
1704573538 2
1704573546 6
1704573554 7
1704573562 5
1704573570 5
1704573578 3
1704573586 3
1704573594 4
1704573602 2
1704573610 8
1704573618 5
1704573626 5
1704573634 2
1704573642 5
1704573650 3
1704573658 0
1704573666 1
1704573674 4
1704573682 4
1704573690 2
1704573698 7
1704573706 3



# Sketch: 12
1704573114 10
1704573122 2
1704573130 10
1704573138 21
1704573146 3
1704573154 4
1704573162 11
1704573170 2
1704573178 2
1704573186 7
1704573194 3
1704573202 4
1704573210 5
1704573218 7
1704573226 2
1704573234 7
1704573242 5
1704573250 4
1704573258 6
1704573266 2
1704573274 4
1704573282 3
1704573290 6
1704573298 10
1704573306 4
1704573314 4
1704573322 4
1704573330 1
1704573338 6
1704573346 1
1704573354 3
1704573362 14
1704573370 12
1704573378 8
1704573386 5
1704573394 11
1704573402 1
1704573410 4
1704573418 0
1704573426 0
1704573434 5
1704573442 5
1704573450 3
1704573458 3
1704573466 1
1704573474 4
1704573482 4
1704573490 8
1704573498 3
1704573506 6
1704573514 0
1704573522 4
1704573530 3
1704573538 12
1704573546 6
1704573554 6
1704573562 2
1704573570 4
1704573578 9
1704573586 11
1704573594 4
1704573602 10
1704573610 7
1704573618 5
1704573626 7
1704573634 6
1704573642 1
1704573650 0
1704573658 3
1704573666 5
1704573674 8
1704573682 5
1704573690 0
1704573698 6
1704573706 4



# Sketch: 13
1704573114 2
1704573122 5
1704573130 0
1704573138 2
1704573146 3
1704573154 3
1704573162 73
1704573170 8
1704573178 2
1704573186 1
1704573194 3
1704573202 2
1704573210 4
1704573218 5
1704573226 4
1704573234 12
1704573242 11
1704573250 4
1704573258 4
1704573266 3
1704573274 1
1704573282 3
1704573290 0
1704573298 0
1704573306 4
1704573314 5
1704573322 5
1704573330 2
1704573338 20
1704573346 6
1704573354 2
1704573362 5
1704573370 1
1704573378 2
1704573386 8
1704573394 0
1704573402 3
1704573410 0
1704573418 1
1704573426 17
1704573434 4
1704573442 5
1704573450 2
1704573458 5
1704573466 6
1704573474 2
1704573482 2
1704573490 3
1704573498 3
1704573506 1
1704573514 0
1704573522 3
1704573530 4
1704573538 4
1704573546 3
1704573554 2
1704573562 2
1704573570 1
1704573578 7
1704573586 9
1704573594 4
1704573602 0
1704573610 0
1704573618 2
1704573626 0
1704573634 3
1704573642 10
1704573650 4
1704573658 6
1704573666 1
1704573674 2
1704573682 2
1704573690 4
1704573698 1
1704573706 9



# Sketch: 14
1704573114 2
1704573122 5
1704573130 1
1704573138 4
1704573146 0
1704573154 2
1704573162 10
1704573170 0
1704573178 35
1704573186 11
1704573194 2
1704573202 0
1704573210 4
1704573218 4
1704573226 0
1704573234 0
1704573242 6
1704573250 2
1704573258 1
1704573266 1
1704573274 0
1704573282 5
1704573290 0
1704573298 8
1704573306 0
1704573314 9
1704573322 2
1704573330 3
1704573338 3
1704573346 3
1704573354 12
1704573362 15
1704573370 2
1704573378 6
1704573386 2
1704573394 6
1704573402 2
1704573410 5
1704573418 5
1704573426 1
1704573434 1
1704573442 2
1704573450 3
1704573458 0
1704573466 3
1704573474 1
1704573482 1
1704573490 7
1704573498 4
1704573506 3
1704573514 2
1704573522 6
1704573530 2
1704573538 3
1704573546 5
1704573554 4
1704573562 2
1704573570 3
1704573578 4
1704573586 2
1704573594 7
1704573602 6
1704573610 3
1704573618 5
1704573626 26
1704573634 14
1704573642 2
1704573650 5
1704573658 6
1704573666 1
1704573674 2
1704573682 5
1704573690 3
1704573698 9
1704573706 2



# Sketch: 15
1704573114 4
1704573122 4
1704573130 3
1704573138 7
1704573146 4
1704573154 4
1704573162 16
1704573170 1
1704573178 3
1704573186 1
1704573194 24
1704573202 12
1704573210 1
1704573218 2
1704573226 0
1704573234 1
1704573242 4
1704573250 12
1704573258 3
1704573266 10
1704573274 2
1704573282 1
1704573290 2
1704573298 3
1704573306 5
1704573314 4
1704573322 2
1704573330 0
1704573338 1
1704573346 1
1704573354 5
1704573362 6
1704573370 3
1704573378 4
1704573386 10
1704573394 4
1704573402 3
1704573410 5
1704573418 4
1704573426 1
1704573434 9
1704573442 0
1704573450 1
1704573458 0
1704573466 3
1704573474 4
1704573482 17
1704573490 1
1704573498 5
1704573506 2
1704573514 4
1704573522 4
1704573530 3
1704573538 5
1704573546 10
1704573554 8
1704573562 3
1704573570 0
1704573578 9
1704573586 12
1704573594 2
1704573602 4
1704573610 5
1704573618 4
1704573626 0
1704573634 6
1704573642 5
1704573650 2
1704573658 8
1704573666 3
1704573674 0
1704573682 4
1704573690 5
1704573698 1
1704573706 3



# Sketch: 16
1704573114 5
1704573122 1
1704573130 4
1704573138 3
1704573146 2
1704573154 2
1704573162 3
1704573170 8
1704573178 2
1704573186 8
1704573194 2
1704573202 0
1704573210 3
1704573218 1
1704573226 2
1704573234 0
1704573242 1
1704573250 6
1704573258 2
1704573266 1
1704573274 4
1704573282 5
1704573290 2
1704573298 10
1704573306 2
1704573314 1
1704573322 7
1704573330 3
1704573338 3
1704573346 0
1704573354 8
1704573362 0
1704573370 6
1704573378 3
1704573386 2
1704573394 3
1704573402 3
1704573410 7
1704573418 1
1704573426 0
1704573434 4
1704573442 3
1704573450 3
1704573458 0
1704573466 1
1704573474 1
1704573482 3
1704573490 5
1704573498 5
1704573506 6
1704573514 5
1704573522 2
1704573530 9
1704573538 5
1704573546 2
1704573554 2
1704573562 1
1704573570 3
1704573578 3
1704573586 4
1704573594 0
1704573602 2
1704573610 6
1704573618 4
1704573626 2
1704573634 6
1704573642 1
1704573650 1
1704573658 5
1704573666 9
1704573674 2
1704573682 4
1704573690 2
1704573698 9
1704573706 4



# Sketch: 17
1704573114 0
1704573122 1
1704573130 3
1704573138 3
1704573146 4
1704573154 0
1704573162 3
1704573170 4
1704573178 7
1704573186 6
1704573194 10
1704573202 3
1704573210 2
1704573218 0
1704573226 2
1704573234 5
1704573242 3
1704573250 1
1704573258 2
1704573266 7
1704573274 2
1704573282 2
1704573290 6
1704573298 4
1704573306 5
1704573314 2
1704573322 5
1704573330 3
1704573338 6
1704573346 1
1704573354 0
1704573362 5
1704573370 5
1704573378 10
1704573386 1
1704573394 1
1704573402 5
1704573410 5
1704573418 6
1704573426 0
1704573434 6
1704573442 3
1704573450 1
1704573458 3
1704573466 0
1704573474 1
1704573482 8
1704573490 2
1704573498 2
1704573506 4
1704573514 3
1704573522 2
1704573530 5
1704573538 2
1704573546 6
1704573554 1
1704573562 1
1704573570 2
1704573578 11
1704573586 5
1704573594 0
1704573602 1
1704573610 3
1704573618 2
1704573626 0
1704573634 5
1704573642 1
1704573650 2
1704573658 3
1704573666 1
1704573674 1
1704573682 0
1704573690 2
1704573698 6
1704573706 2



# Sketch: 18
1704573114 1
1704573122 2
1704573130 3
1704573138 2
1704573146 1
1704573154 3
1704573162 2
1704573170 4
1704573178 7
1704573186 1
1704573194 3
1704573202 2
1704573210 3
1704573218 0
1704573226 5
1704573234 3
1704573242 1
1704573250 2
1704573258 5
1704573266 0
1704573274 10
1704573282 3
1704573290 8
1704573298 4
1704573306 3
1704573314 1
1704573322 4
1704573330 0
1704573338 1
1704573346 1
1704573354 2
1704573362 3
1704573370 2
1704573378 2
1704573386 7
1704573394 5
1704573402 1
1704573410 2
1704573418 1
1704573426 0
1704573434 0
1704573442 4
1704573450 1
1704573458 2
1704573466 4
1704573474 2
1704573482 1
1704573490 3
1704573498 7
1704573506 6
1704573514 4
1704573522 4
1704573530 3
1704573538 5
1704573546 2
1704573554 4
1704573562 6
1704573570 1
1704573578 5
1704573586 5
1704573594 1
1704573602 1
1704573610 3
1704573618 2
1704573626 0
1704573634 4
1704573642 2
1704573650 5
1704573658 4
1704573666 1
1704573674 0
1704573682 3
1704573690 2
1704573698 13
1704573706 3



# Sketch: 19
1704573114 1
1704573122 2
1704573130 3
1704573138 3
1704573146 3
1704573154 7
1704573162 0
1704573170 2
1704573178 5
1704573186 3
1704573194 1
1704573202 1
1704573210 3
1704573218 4
1704573226 0
1704573234 5
1704573242 10
1704573250 0
1704573258 3
1704573266 0
1704573274 1
1704573282 0
1704573290 0
1704573298 11
1704573306 3
1704573314 0
1704573322 1
1704573330 2
1704573338 5
1704573346 4
1704573354 0
1704573362 3
1704573370 9
1704573378 2
1704573386 4
1704573394 0
1704573402 2
1704573410 5
1704573418 1
1704573426 1
1704573434 1
1704573442 4
1704573450 11
1704573458 4
1704573466 2
1704573474 5
1704573482 2
1704573490 4
1704573498 2
1704573506 4
1704573514 4
1704573522 2
1704573530 3
1704573538 2
1704573546 6
1704573554 3
1704573562 1
1704573570 1
1704573578 1
1704573586 12
1704573594 3
1704573602 2
1704573610 2
1704573618 4
1704573626 1
1704573634 0
1704573642 1
1704573650 3
1704573658 3
1704573666 5
1704573674 2
1704573682 8
1704573690 2
1704573698 4
1704573706 8



# Sketch: 20
1704573114 1
1704573122 1
1704573130 5
1704573138 2
1704573146 16
1704573154 13
1704573162 5
1704573170 2
1704573178 0
1704573186 10
1704573194 5
1704573202 1
1704573210 1
1704573218 6
1704573226 8
1704573234 11
1704573242 10
1704573250 2
1704573258 1
1704573266 6
1704573274 8
1704573282 5
1704573290 6
1704573298 11
1704573306 3
1704573314 3
1704573322 0
1704573330 4
1704573338 3
1704573346 5
1704573354 1
1704573362 3
1704573370 1
1704573378 4
1704573386 7
1704573394 3
1704573402 1
1704573410 4
1704573418 8
1704573426 1
1704573434 4
1704573442 3
1704573450 3
1704573458 0
1704573466 2
1704573474 1
1704573482 3
1704573490 3
1704573498 1
1704573506 1
1704573514 5
1704573522 4
1704573530 1
1704573538 7
1704573546 0
1704573554 0
1704573562 1
1704573570 2
1704573578 8
1704573586 7
1704573594 1
1704573602 4
1704573610 3
1704573618 0
1704573626 2
1704573634 3
1704573642 1
1704573650 5
1704573658 2
1704573666 1
1704573674 2
1704573682 4
1704573690 2
1704573698 4
1704573706 1



# Sketch: 21
1704573114 0
1704573122 10
1704573130 13
1704573138 11
1704573146 5
1704573154 3
1704573162 6
1704573170 2
1704573178 3
1704573186 6
1704573194 4
1704573202 7
1704573210 25
1704573218 3
1704573226 5
1704573234 3
1704573242 7
1704573250 11
1704573258 6
1704573266 4
1704573274 2
1704573282 4
1704573290 3
1704573298 3
1704573306 1
1704573314 5
1704573322 3
1704573330 11
1704573338 13
1704573346 2
1704573354 4
1704573362 21
1704573370 15
1704573378 4
1704573386 8
1704573394 13
1704573402 3
1704573410 1
1704573418 2
1704573426 1
1704573434 8
1704573442 3
1704573450 3
1704573458 0
1704573466 0
1704573474 7
1704573482 12
1704573490 4
1704573498 7
1704573506 2
1704573514 3
1704573522 4
1704573530 2
1704573538 4
1704573546 2
1704573554 7
1704573562 1
1704573570 4
1704573578 12
1704573586 11
1704573594 8
1704573602 6
1704573610 11
1704573618 8
1704573626 4
1704573634 8
1704573642 3
1704573650 6
1704573658 5
1704573666 6
1704573674 5
1704573682 5
1704573690 5
1704573698 1
1704573706 2



# Sketch: 22
1704573114 1
1704573122 3
1704573130 5
1704573138 7
1704573146 6
1704573154 2
1704573162 1
1704573170 2
1704573178 3
1704573186 3
1704573194 3
1704573202 2
1704573210 1
1704573218 0
1704573226 2
1704573234 22
1704573242 1
1704573250 2
1704573258 8
1704573266 3
1704573274 5
1704573282 0
1704573290 4
1704573298 2
1704573306 2
1704573314 2
1704573322 2
1704573330 0
1704573338 5
1704573346 4
1704573354 4
1704573362 2
1704573370 2
1704573378 5
1704573386 15
1704573394 8
1704573402 3
1704573410 2
1704573418 2
1704573426 2
1704573434 2
1704573442 2
1704573450 4
1704573458 3
1704573466 5
1704573474 4
1704573482 0
1704573490 3
1704573498 1
1704573506 6
1704573514 0
1704573522 5
1704573530 4
1704573538 7
1704573546 1
1704573554 11
1704573562 4
1704573570 7
1704573578 2
1704573586 13
1704573594 6
1704573602 5
1704573610 12
1704573618 9
1704573626 14
1704573634 9
1704573642 10
1704573650 3
1704573658 1
1704573666 4
1704573674 12
1704573682 10
1704573690 1
1704573698 4
1704573706 7



# Sketch: 23
1704573114 5
1704573122 0
1704573130 3
1704573138 2
1704573146 0
1704573154 1
1704573162 2
1704573170 1
1704573178 2
1704573186 0
1704573194 1
1704573202 9
1704573210 4
1704573218 1
1704573226 0
1704573234 2
1704573242 2
1704573250 3
1704573258 10
1704573266 2
1704573274 2
1704573282 2
1704573290 3
1704573298 2
1704573306 1
1704573314 2
1704573322 21
1704573330 5
1704573338 11
1704573346 11
1704573354 5
1704573362 1
1704573370 1
1704573378 4
1704573386 1
1704573394 2
1704573402 4
1704573410 2
1704573418 4
1704573426 4
1704573434 3
1704573442 1
1704573450 6
1704573458 0
1704573466 6
1704573474 2
1704573482 3
1704573490 7
1704573498 4
1704573506 1
1704573514 0
1704573522 0
1704573530 2
1704573538 1
1704573546 4
1704573554 4
1704573562 5
1704573570 1
1704573578 7
1704573586 25
1704573594 1
1704573602 1
1704573610 3
1704573618 1
1704573626 1
1704573634 7
1704573642 2
1704573650 1
1704573658 0
1704573666 0
1704573674 6
1704573682 3
1704573690 0
1704573698 1
1704573706 1



# Sketch: 24
1704573114 2
1704573122 0
1704573130 5
1704573138 2
1704573146 4
1704573154 2
1704573162 1
1704573170 0
1704573178 10
1704573186 4
1704573194 8
1704573202 5
1704573210 2
1704573218 0
1704573226 2
1704573234 4
1704573242 7
1704573250 4
1704573258 5
1704573266 1
1704573274 5
1704573282 1
1704573290 8
1704573298 13
1704573306 4
1704573314 5
1704573322 9
1704573330 2
1704573338 2
1704573346 12
1704573354 3
1704573362 13
1704573370 7
1704573378 3
1704573386 3
1704573394 5
1704573402 0
1704573410 4
1704573418 8
1704573426 4
1704573434 1
1704573442 9
1704573450 2
1704573458 4
1704573466 2
1704573474 17
1704573482 5
1704573490 2
1704573498 1
1704573506 5
1704573514 18
1704573522 2
1704573530 14
1704573538 10
1704573546 3
1704573554 4
1704573562 5
1704573570 7
1704573578 4
1704573586 7
1704573594 3
1704573602 2
1704573610 1
1704573618 4
1704573626 6
1704573634 3
1704573642 4
1704573650 7
1704573658 11
1704573666 4
1704573674 3
1704573682 13
1704573690 0
1704573698 6
1704573706 15



# Sketch: 25
1704573114 4
1704573122 2
1704573130 3
1704573138 4
1704573146 3
1704573154 6
1704573162 12
1704573170 1
1704573178 1
1704573186 5
1704573194 0
1704573202 4
1704573210 26
1704573218 1
1704573226 11
1704573234 3
1704573242 2
1704573250 4
1704573258 4
1704573266 2
1704573274 4
1704573282 2
1704573290 3
1704573298 11
1704573306 12
1704573314 2
1704573322 4
1704573330 2
1704573338 3
1704573346 17
1704573354 3
1704573362 10
1704573370 3
1704573378 10
1704573386 3
1704573394 6
1704573402 7
1704573410 5
1704573418 4
1704573426 4
1704573434 5
1704573442 0
1704573450 0
1704573458 6
1704573466 3
1704573474 2
1704573482 4
1704573490 8
1704573498 2
1704573506 1
1704573514 3
1704573522 3
1704573530 4
1704573538 2
1704573546 1
1704573554 1
1704573562 1
1704573570 3
1704573578 2
1704573586 3
1704573594 4
1704573602 8
1704573610 1
1704573618 4
1704573626 2
1704573634 3
1704573642 1
1704573650 2
1704573658 3
1704573666 5
1704573674 4
1704573682 5
1704573690 1
1704573698 2
1704573706 3



# Sketch: 26
1704573114 1
1704573122 3
1704573130 8
1704573138 2
1704573146 4
1704573154 5
1704573162 4
1704573170 2
1704573178 3
1704573186 4
1704573194 8
1704573202 5
1704573210 3
1704573218 7
1704573226 4
1704573234 2
1704573242 22
1704573250 22
1704573258 1
1704573266 4
1704573274 4
1704573282 0
1704573290 3
1704573298 3
1704573306 9
1704573314 5
1704573322 3
1704573330 2
1704573338 3
1704573346 6
1704573354 9
1704573362 13
1704573370 7
1704573378 2
1704573386 3
1704573394 9
1704573402 5
1704573410 4
1704573418 4
1704573426 2
1704573434 10
1704573442 2
1704573450 4
1704573458 1
1704573466 1
1704573474 3
1704573482 2
1704573490 13
1704573498 1
1704573506 2
1704573514 0
1704573522 5
1704573530 5
1704573538 6
1704573546 14
1704573554 14
1704573562 5
1704573570 6
1704573578 6
1704573586 11
1704573594 1
1704573602 3
1704573610 2
1704573618 4
1704573626 0
1704573634 7
1704573642 1
1704573650 0
1704573658 1
1704573666 6
1704573674 3
1704573682 5
1704573690 4
1704573698 2
1704573706 6



# Sketch: 27
1704573114 1
1704573122 2
1704573130 6
1704573138 2
1704573146 5
1704573154 2
1704573162 1
1704573170 0
1704573178 3
1704573186 7
1704573194 8
1704573202 2
1704573210 4
1704573218 2
1704573226 0
1704573234 9
1704573242 1
1704573250 2
1704573258 2
1704573266 1
1704573274 1
1704573282 1
1704573290 2
1704573298 4
1704573306 6
1704573314 5
1704573322 0
1704573330 6
1704573338 2
1704573346 0
1704573354 0
1704573362 1
1704573370 7
1704573378 4
1704573386 2
1704573394 0
1704573402 4
1704573410 5
1704573418 4
1704573426 2
1704573434 3
1704573442 0
1704573450 4
1704573458 2
1704573466 1
1704573474 3
1704573482 0
1704573490 9
1704573498 1
1704573506 0
1704573514 11
1704573522 2
1704573530 6
1704573538 4
1704573546 7
1704573554 4
1704573562 3
1704573570 5
1704573578 5
1704573586 5
1704573594 4
1704573602 8
1704573610 10
1704573618 3
1704573626 1
1704573634 2
1704573642 6
1704573650 5
1704573658 1
1704573666 6
1704573674 12
1704573682 7
1704573690 4
1704573698 2
1704573706 2



# Sketch: 28
1704573114 3
1704573122 4
1704573130 5
1704573138 4
1704573146 4
1704573154 6
1704573162 3
1704573170 4
1704573178 2
1704573186 1
1704573194 2
1704573202 6
1704573210 2
1704573218 3
1704573226 1
1704573234 16
1704573242 7
1704573250 6
1704573258 2
1704573266 2
1704573274 32
1704573282 3
1704573290 0
1704573298 2
1704573306 4
1704573314 7
1704573322 3
1704573330 4
1704573338 4
1704573346 4
1704573354 1
1704573362 4
1704573370 5
1704573378 6
1704573386 6
1704573394 8
1704573402 3
1704573410 4
1704573418 1
1704573426 13
1704573434 3
1704573442 4
1704573450 4
1704573458 2
1704573466 8
1704573474 12
1704573482 22
1704573490 11
1704573498 7
1704573506 2
1704573514 0
1704573522 7
1704573530 8
1704573538 6
1704573546 10
1704573554 6
1704573562 7
1704573570 4
1704573578 6
1704573586 5
1704573594 10
1704573602 10
1704573610 9
1704573618 2
1704573626 2
1704573634 2
1704573642 7
1704573650 5
1704573658 12
1704573666 1
1704573674 1
1704573682 4
1704573690 2
1704573698 4
1704573706 1



# Sketch: 29
1704573114 5
1704573122 5
1704573130 8
1704573138 3
1704573146 6
1704573154 0
1704573162 5
1704573170 3
1704573178 1
1704573186 4
1704573194 1
1704573202 2
1704573210 0
1704573218 1
1704573226 0
1704573234 2
1704573242 4
1704573250 1
1704573258 4
1704573266 2
1704573274 1
1704573282 1
1704573290 1
1704573298 0
1704573306 1
1704573314 2
1704573322 1
1704573330 2
1704573338 4
1704573346 1
1704573354 6
1704573362 10
1704573370 9
1704573378 1
1704573386 4
1704573394 5
1704573402 6
1704573410 1
1704573418 1
1704573426 1
1704573434 2
1704573442 2
1704573450 3
1704573458 0
1704573466 0
1704573474 11
1704573482 13
1704573490 5
1704573498 5
1704573506 3
1704573514 8
1704573522 5
1704573530 0
1704573538 5
1704573546 1
1704573554 1
1704573562 3
1704573570 2
1704573578 5
1704573586 1
1704573594 2
1704573602 5
1704573610 9
1704573618 6
1704573626 1
1704573634 6
1704573642 7
1704573650 2
1704573658 3
1704573666 5
1704573674 1
1704573682 3
1704573690 5
1704573698 4
1704573706 2



# Sketch: 30
1704573114 0
1704573122 5
1704573130 8
1704573138 8
1704573146 1
1704573154 5
1704573162 6
1704573170 5
1704573178 1
1704573186 5
1704573194 3
1704573202 0
1704573210 11
1704573218 2
1704573226 0
1704573234 1
1704573242 4
1704573250 7
1704573258 3
1704573266 3
1704573274 4
1704573282 2
1704573290 2
1704573298 6
1704573306 3
1704573314 9
1704573322 2
1704573330 2
1704573338 4
1704573346 4
1704573354 5
1704573362 7
1704573370 6
1704573378 8
1704573386 3
1704573394 4
1704573402 1
1704573410 6
1704573418 2
1704573426 7
1704573434 5
1704573442 0
1704573450 6
1704573458 1
1704573466 4
1704573474 2
1704573482 3
1704573490 4
1704573498 1
1704573506 1
1704573514 6
1704573522 4
1704573530 3
1704573538 0
1704573546 1
1704573554 6
1704573562 3
1704573570 6
1704573578 3
1704573586 7
1704573594 3
1704573602 4
1704573610 9
1704573618 11
1704573626 5
1704573634 2
1704573642 4
1704573650 5
1704573658 5
1704573666 2
1704573674 4
1704573682 5
1704573690 3
1704573698 4
1704573706 9



# Sketch: 31
1704573114 3
1704573122 4
1704573130 3
1704573138 2
1704573146 2
1704573154 2
1704573162 3
1704573170 2
1704573178 11
1704573186 3
1704573194 8
1704573202 7
1704573210 4
1704573218 6
1704573226 3
1704573234 1
1704573242 2
1704573250 1
1704573258 0
1704573266 0
1704573274 1
1704573282 1
1704573290 3
1704573298 13
1704573306 4
1704573314 9
1704573322 15
1704573330 4
1704573338 3
1704573346 5
1704573354 7
1704573362 10
1704573370 9
1704573378 0
1704573386 1
1704573394 5
1704573402 1
1704573410 2
1704573418 13
1704573426 7
1704573434 6
1704573442 6
1704573450 2
1704573458 2
1704573466 2
1704573474 0
1704573482 1
1704573490 0
1704573498 2
1704573506 8
1704573514 3
1704573522 4
1704573530 3
1704573538 15
1704573546 8
1704573554 2
1704573562 7
1704573570 2
1704573578 8
1704573586 9
1704573594 4
1704573602 8
1704573610 4
1704573618 4
1704573626 7
1704573634 2
1704573642 0
1704573650 0
1704573658 8
1704573666 19
1704573674 3
1704573682 12
1704573690 2
1704573698 7
1704573706 3

