

# Sketch: 0
1704573714 30
1704573746 19
1704573778 12
1704573810 15
1704573842 27
1704573874 7
1704573906 21
1704573938 16
1704573970 24
1704574002 5
1704574034 7
1704574066 20
1704574098 15
1704574130 21
1704574162 12
1704574194 18
1704574226 17
1704574258 4
1704574290 12



# Sketch: 1
1704573714 18
1704573746 14
1704573778 10
1704573810 8
1704573842 26
1704573874 14
1704573906 11
1704573938 14
1704573970 20
1704574002 4
1704574034 14
1704574066 18
1704574098 16
1704574130 18
1704574162 11
1704574194 26
1704574226 31
1704574258 18
1704574290 17



# Sketch: 2
1704573714 19
1704573746 13
1704573778 15
1704573810 8
1704573842 17
1704573874 16
1704573906 8
1704573938 9
1704573970 30
1704574002 5
1704574034 7
1704574066 16
1704574098 7
1704574130 3
1704574162 20
1704574194 17
1704574226 24
1704574258 13
1704574290 10



# Sketch: 3
1704573714 25
1704573746 7
1704573778 18
1704573810 15
1704573842 19
1704573874 9
1704573906 12
1704573938 32
1704573970 24
1704574002 20
1704574034 13
1704574066 17
1704574098 9
1704574130 12
1704574162 13
1704574194 18
1704574226 24
1704574258 10
1704574290 4



# Sketch: 4
1704573714 15
1704573746 14
1704573778 12
1704573810 15
1704573842 11
1704573874 14
1704573906 9
1704573938 21
1704573970 11
1704574002 14
1704574034 16
1704574066 15
1704574098 20
1704574130 23
1704574162 26
1704574194 7
1704574226 16
1704574258 11
1704574290 12



# Sketch: 5
1704573714 13
1704573746 20
1704573778 6
1704573810 7
1704573842 13
1704573874 11
1704573906 25
1704573938 16
1704573970 12
1704574002 18
1704574034 7
1704574066 10
1704574098 30
1704574130 11
1704574162 8
1704574194 10
1704574226 20
1704574258 31
1704574290 13



# Sketch: 6
1704573714 20
1704573746 23
1704573778 8
1704573810 13
1704573842 16
1704573874 22
1704573906 41
1704573938 15
1704573970 6
1704574002 8
1704574034 6
1704574066 12
1704574098 5
1704574130 8
1704574162 11
1704574194 26
1704574226 31
1704574258 14
1704574290 17



# Sketch: 7
1704573714 10
1704573746 10
1704573778 17
1704573810 12
1704573842 5
1704573874 18
1704573906 13
1704573938 12
1704573970 6
1704574002 8
1704574034 12
1704574066 21
1704574098 8
1704574130 6
1704574162 16
1704574194 12
1704574226 12
1704574258 17
1704574290 17



# Sketch: 8
1704573714 14
1704573746 8
1704573778 6
1704573810 13
1704573842 4
1704573874 18
1704573906 11
1704573938 28
1704573970 12
1704574002 6
1704574034 12
1704574066 5
1704574098 11
1704574130 14
1704574162 9
1704574194 17
1704574226 29
1704574258 8
1704574290 4



# Sketch: 9
1704573714 26
1704573746 16
1704573778 10
1704573810 25
1704573842 17
1704573874 19
1704573906 8
1704573938 19
1704573970 12
1704574002 13
1704574034 11
1704574066 13
1704574098 13
1704574130 17
1704574162 10
1704574194 17
1704574226 9
1704574258 5
1704574290 9



# Sketch: 10
1704573714 16
1704573746 31
1704573778 8
1704573810 22
1704573842 18
1704573874 12
1704573906 15
1704573938 28
1704573970 18
1704574002 9
1704574034 12
1704574066 14
1704574098 28
1704574130 19
1704574162 6
1704574194 26
1704574226 16
1704574258 12
1704574290 16



# Sketch: 11
1704573714 30
1704573746 22
1704573778 21
1704573810 22
1704573842 16
1704573874 23
1704573906 18
1704573938 19
1704573970 11
1704574002 15
1704574034 16
1704574066 7
1704574098 15
1704574130 10
1704574162 12
1704574194 14
1704574226 15
1704574258 15
1704574290 5



# Sketch: 12
1704573714 19
1704573746 9
1704573778 21
1704573810 12
1704573842 16
1704573874 15
1704573906 5
1704573938 18
1704573970 15
1704574002 11
1704574034 7
1704574066 14
1704574098 5
1704574130 6
1704574162 13
1704574194 31
1704574226 94
1704574258 9
1704574290 10



# Sketch: 13
1704573714 15
1704573746 11
1704573778 17
1704573810 22
1704573842 30
1704573874 20
1704573906 2
1704573938 9
1704573970 28
1704574002 9
1704574034 10
1704574066 22
1704574098 22
1704574130 10
1704574162 16
1704574194 19
1704574226 29
1704574258 9
1704574290 12



# Sketch: 14
1704573714 20
1704573746 27
1704573778 13
1704573810 12
1704573842 5
1704573874 8
1704573906 26
1704573938 12
1704573970 12
1704574002 8
1704574034 17
1704574066 10
1704574098 12
1704574130 15
1704574162 28
1704574194 23
1704574226 30
1704574258 5
1704574290 20



# Sketch: 15
1704573714 17
1704573746 13
1704573778 23
1704573810 22
1704573842 15
1704573874 15
1704573906 31
1704573938 37
1704573970 19
1704574002 43
1704574034 26
1704574066 11
1704574098 19
1704574130 23
1704574162 19
1704574194 20
1704574226 18
1704574258 23
1704574290 14



# Sketch: 16
1704573714 17
1704573746 32
1704573778 16
1704573810 36
1704573842 21
1704573874 9
1704573906 17
1704573938 12
1704573970 16
1704574002 22
1704574034 11
1704574066 28
1704574098 7
1704574130 21
1704574162 10
1704574194 22
1704574226 26
1704574258 9
1704574290 12



# Sketch: 17
1704573714 24
1704573746 37
1704573778 10
1704573810 16
1704573842 17
1704573874 19
1704573906 20
1704573938 8
1704573970 45
1704574002 21
1704574034 11
1704574066 21
1704574098 26
1704574130 10
1704574162 12
1704574194 12
1704574226 33
1704574258 9
1704574290 5



# Sketch: 18
1704573714 10
1704573746 19
1704573778 14
1704573810 22
1704573842 15
1704573874 8
1704573906 14
1704573938 18
1704573970 7
1704574002 18
1704574034 10
1704574066 9
1704574098 19
1704574130 5
1704574162 11
1704574194 23
1704574226 21
1704574258 13
1704574290 15



# Sketch: 19
1704573714 7
1704573746 20
1704573778 10
1704573810 15
1704573842 23
1704573874 12
1704573906 12
1704573938 20
1704573970 21
1704574002 12
1704574034 13
1704574066 35
1704574098 11
1704574130 13
1704574162 18
1704574194 21
1704574226 21
1704574258 9
1704574290 8



# Sketch: 20
1704573714 29
1704573746 21
1704573778 56
1704573810 14
1704573842 20
1704573874 28
1704573906 40
1704573938 47
1704573970 25
1704574002 95
1704574034 21
1704574066 15
1704574098 17
1704574130 42
1704574162 29
1704574194 21
1704574226 37
1704574258 42
1704574290 28



# Sketch: 21
1704573714 26
1704573746 5
1704573778 3
1704573810 11
1704573842 19
1704573874 5
1704573906 6
1704573938 10
1704573970 22
1704574002 8
1704574034 7
1704574066 16
1704574098 8
1704574130 25
1704574162 13
1704574194 49
1704574226 8
1704574258 18
1704574290 8



# Sketch: 22
1704573714 9
1704573746 14
1704573778 9
1704573810 11
1704573842 8
1704573874 13
1704573906 28
1704573938 12
1704573970 16
1704574002 11
1704574034 5
1704574066 14
1704574098 18
1704574130 19
1704574162 11
1704574194 30
1704574226 18
1704574258 9
1704574290 18



# Sketch: 23
1704573714 19
1704573746 25
1704573778 10
1704573810 18
1704573842 13
1704573874 16
1704573906 11
1704573938 26
1704573970 12
1704574002 16
1704574034 8
1704574066 15
1704574098 18
1704574130 9
1704574162 7
1704574194 37
1704574226 26
1704574258 24
1704574290 9



# Sketch: 24
1704573714 23
1704573746 14
1704573778 10
1704573810 16
1704573842 25
1704573874 20
1704573906 6
1704573938 17
1704573970 27
1704574002 7
1704574034 23
1704574066 17
1704574098 13
1704574130 12
1704574162 23
1704574194 26
1704574226 20
1704574258 16
1704574290 15



# Sketch: 25
1704573714 16
1704573746 4
1704573778 6
1704573810 39
1704573842 18
1704573874 13
1704573906 19
1704573938 16
1704573970 23
1704574002 11
1704574034 17
1704574066 20
1704574098 15
1704574130 20
1704574162 10
1704574194 15
1704574226 41
1704574258 14
1704574290 16



# Sketch: 26
1704573714 19
1704573746 16
1704573778 16
1704573810 17
1704573842 11
1704573874 10
1704573906 11
1704573938 13
1704573970 9
1704574002 14
1704574034 5
1704574066 14
1704574098 8
1704574130 21
1704574162 10
1704574194 23
1704574226 14
1704574258 8
1704574290 7



# Sketch: 27
1704573714 16
1704573746 11
1704573778 20
1704573810 11
1704573842 27
1704573874 9
1704573906 8
1704573938 22
1704573970 29
1704574002 14
1704574034 8
1704574066 17
1704574098 8
1704574130 8
1704574162 19
1704574194 23
1704574226 29
1704574258 13
1704574290 9



# Sketch: 28
1704573714 11
1704573746 16
1704573778 10
1704573810 6
1704573842 10
1704573874 14
1704573906 9
1704573938 11
1704573970 21
1704574002 13
1704574034 6
1704574066 3
1704574098 9
1704574130 10
1704574162 9
1704574194 26
1704574226 19
1704574258 19
1704574290 4



# Sketch: 29
1704573714 16
1704573746 9
1704573778 20
1704573810 10
1704573842 37
1704573874 12
1704573906 18
1704573938 16
1704573970 11
1704574002 16
1704574034 20
1704574066 10
1704574098 13
1704574130 13
1704574162 13
1704574194 23
1704574226 34
1704574258 15
1704574290 9



# Sketch: 30
1704573714 23
1704573746 15
1704573778 10
1704573810 5
1704573842 18
1704573874 17
1704573906 10
1704573938 23
1704573970 13
1704574002 16
1704574034 9
1704574066 23
1704574098 19
1704574130 12
1704574162 21
1704574194 32
1704574226 43
1704574258 16
1704574290 11



# Sketch: 31
1704573714 35
1704573746 12
1704573778 10
1704573810 24
1704573842 11
1704573874 10
1704573906 13
1704573938 8
1704573970 10
1704574002 9
1704574034 9
1704574066 35
1704574098 7
1704574130 18
1704574162 3
1704574194 18
1704574226 33
1704574258 17
1704574290 6

