

# Sketch: 0
1704573714 18
1704573730 12
1704573746 8
1704573762 11
1704573778 7
1704573794 5
1704573810 4
1704573826 11
1704573842 17
1704573858 10
1704573874 4
1704573890 3
1704573906 9
1704573922 12
1704573938 4
1704573954 12
1704573970 13
1704573986 11
1704574002 5
1704574018 0
1704574034 5
1704574050 2
1704574066 7
1704574082 13
1704574098 8
1704574114 7
1704574130 7
1704574146 14
1704574162 6
1704574178 6
1704574194 6
1704574210 12
1704574226 7
1704574242 10
1704574258 4
1704574274 0
1704574290 6
1704574306 6



# Sketch: 1
1704573714 8
1704573730 10
1704573746 9
1704573762 5
1704573778 6
1704573794 4
1704573810 6
1704573826 2
1704573842 16
1704573858 10
1704573874 3
1704573890 11
1704573906 4
1704573922 7
1704573938 3
1704573954 11
1704573970 15
1704573986 5
1704574002 0
1704574018 4
1704574034 6
1704574050 8
1704574066 6
1704574082 12
1704574098 11
1704574114 5
1704574130 9
1704574146 9
1704574162 5
1704574178 6
1704574194 9
1704574210 17
1704574226 14
1704574242 17
1704574258 11
1704574274 7
1704574290 13
1704574306 4



# Sketch: 2
1704573714 8
1704573730 11
1704573746 3
1704573762 10
1704573778 3
1704573794 12
1704573810 4
1704573826 4
1704573842 12
1704573858 5
1704573874 9
1704573890 7
1704573906 6
1704573922 2
1704573938 5
1704573954 4
1704573970 19
1704573986 11
1704574002 2
1704574018 3
1704574034 3
1704574050 4
1704574066 6
1704574082 10
1704574098 4
1704574114 3
1704574130 1
1704574146 2
1704574162 8
1704574178 12
1704574194 10
1704574210 7
1704574226 12
1704574242 12
1704574258 9
1704574274 4
1704574290 8
1704574306 2



# Sketch: 3
1704573714 17
1704573730 8
1704573746 3
1704573762 4
1704573778 13
1704573794 5
1704573810 12
1704573826 3
1704573842 5
1704573858 14
1704573874 4
1704573890 5
1704573906 10
1704573922 2
1704573938 13
1704573954 19
1704573970 21
1704573986 3
1704574002 12
1704574018 8
1704574034 10
1704574050 3
1704574066 13
1704574082 4
1704574098 7
1704574114 2
1704574130 6
1704574146 6
1704574162 7
1704574178 6
1704574194 10
1704574210 8
1704574226 3
1704574242 21
1704574258 5
1704574274 5
1704574290 2
1704574306 2



# Sketch: 4
1704573714 10
1704573730 5
1704573746 11
1704573762 3
1704573778 6
1704573794 6
1704573810 7
1704573826 8
1704573842 6
1704573858 5
1704573874 8
1704573890 6
1704573906 4
1704573922 5
1704573938 17
1704573954 4
1704573970 3
1704573986 8
1704574002 9
1704574018 5
1704574034 11
1704574050 5
1704574066 8
1704574082 7
1704574098 15
1704574114 5
1704574130 18
1704574146 5
1704574162 18
1704574178 8
1704574194 3
1704574210 4
1704574226 9
1704574242 7
1704574258 9
1704574274 2
1704574290 4
1704574306 8



# Sketch: 5
1704573714 3
1704573730 10
1704573746 7
1704573762 13
1704573778 4
1704573794 2
1704573810 6
1704573826 1
1704573842 5
1704573858 8
1704573874 6
1704573890 5
1704573906 10
1704573922 15
1704573938 11
1704573954 5
1704573970 10
1704573986 2
1704574002 14
1704574018 4
1704574034 3
1704574050 4
1704574066 6
1704574082 4
1704574098 11
1704574114 19
1704574130 2
1704574146 9
1704574162 5
1704574178 3
1704574194 3
1704574210 7
1704574226 13
1704574242 7
1704574258 28
1704574274 3
1704574290 11
1704574306 2



# Sketch: 6
1704573714 10
1704573730 10
1704573746 9
1704573762 14
1704573778 3
1704573794 5
1704573810 8
1704573826 5
1704573842 5
1704573858 11
1704573874 4
1704573890 18
1704573906 9
1704573922 32
1704573938 3
1704573954 12
1704573970 2
1704573986 4
1704574002 5
1704574018 3
1704574034 0
1704574050 6
1704574066 7
1704574082 5
1704574098 3
1704574114 2
1704574130 1
1704574146 7
1704574162 10
1704574178 1
1704574194 14
1704574210 12
1704574226 12
1704574242 19
1704574258 8
1704574274 6
1704574290 15
1704574306 2



# Sketch: 7
1704573714 7
1704573730 3
1704573746 8
1704573762 2
1704573778 9
1704573794 8
1704573810 5
1704573826 7
1704573842 2
1704573858 3
1704573874 9
1704573890 9
1704573906 10
1704573922 3
1704573938 4
1704573954 8
1704573970 2
1704573986 4
1704574002 1
1704574018 7
1704574034 4
1704574050 8
1704574066 5
1704574082 16
1704574098 4
1704574114 4
1704574130 2
1704574146 4
1704574162 5
1704574178 11
1704574194 7
1704574210 5
1704574226 6
1704574242 6
1704574258 12
1704574274 5
1704574290 11
1704574306 6



# Sketch: 8
1704573714 6
1704573730 8
1704573746 4
1704573762 4
1704573778 4
1704573794 2
1704573810 8
1704573826 5
1704573842 1
1704573858 3
1704573874 15
1704573890 3
1704573906 3
1704573922 8
1704573938 11
1704573954 17
1704573970 5
1704573986 7
1704574002 2
1704574018 4
1704574034 6
1704574050 6
1704574066 2
1704574082 3
1704574098 7
1704574114 4
1704574130 10
1704574146 4
1704574162 1
1704574178 8
1704574194 6
1704574210 11
1704574226 21
1704574242 8
1704574258 3
1704574274 5
1704574290 3
1704574306 1



# Sketch: 9
1704573714 14
1704573730 12
1704573746 7
1704573762 9
1704573778 7
1704573794 3
1704573810 15
1704573826 10
1704573842 8
1704573858 9
1704573874 15
1704573890 4
1704573906 4
1704573922 4
1704573938 3
1704573954 16
1704573970 6
1704573986 6
1704574002 9
1704574018 4
1704574034 6
1704574050 5
1704574066 7
1704574082 6
1704574098 2
1704574114 11
1704574130 13
1704574146 4
1704574162 5
1704574178 5
1704574194 9
1704574210 8
1704574226 5
1704574242 4
1704574258 3
1704574274 2
1704574290 8
1704574306 1



# Sketch: 10
1704573714 8
1704573730 8
1704573746 23
1704573762 8
1704573778 3
1704573794 5
1704573810 9
1704573826 13
1704573842 10
1704573858 8
1704573874 8
1704573890 4
1704573906 9
1704573922 6
1704573938 10
1704573954 18
1704573970 12
1704573986 6
1704574002 1
1704574018 8
1704574034 3
1704574050 9
1704574066 2
1704574082 12
1704574098 5
1704574114 23
1704574130 9
1704574146 10
1704574162 3
1704574178 3
1704574194 8
1704574210 18
1704574226 7
1704574242 9
1704574258 6
1704574274 6
1704574290 9
1704574306 7



# Sketch: 11
1704573714 20
1704573730 10
1704573746 17
1704573762 5
1704573778 12
1704573794 9
1704573810 8
1704573826 14
1704573842 5
1704573858 11
1704573874 16
1704573890 7
1704573906 4
1704573922 14
1704573938 4
1704573954 15
1704573970 7
1704573986 4
1704574002 9
1704574018 6
1704574034 9
1704574050 7
1704574066 4
1704574082 3
1704574098 8
1704574114 7
1704574130 5
1704574146 5
1704574162 2
1704574178 10
1704574194 5
1704574210 9
1704574226 8
1704574242 7
1704574258 11
1704574274 4
1704574290 4
1704574306 1



# Sketch: 12
1704573714 10
1704573730 9
1704573746 3
1704573762 6
1704573778 6
1704573794 15
1704573810 6
1704573826 6
1704573842 12
1704573858 4
1704573874 10
1704573890 5
1704573906 2
1704573922 3
1704573938 11
1704573954 7
1704573970 13
1704573986 2
1704574002 1
1704574018 10
1704574034 4
1704574050 3
1704574066 2
1704574082 12
1704574098 1
1704574114 4
1704574130 5
1704574146 1
1704574162 5
1704574178 8
1704574194 13
1704574210 18
1704574226 52
1704574242 42
1704574258 3
1704574274 6
1704574290 7
1704574306 3



# Sketch: 13
1704573714 7
1704573730 8
1704573746 2
1704573762 9
1704573778 5
1704573794 12
1704573810 16
1704573826 6
1704573842 11
1704573858 19
1704573874 5
1704573890 15
1704573906 1
1704573922 1
1704573938 3
1704573954 6
1704573970 15
1704573986 13
1704574002 7
1704574018 2
1704574034 5
1704574050 5
1704574066 3
1704574082 19
1704574098 7
1704574114 15
1704574130 4
1704574146 6
1704574162 11
1704574178 5
1704574194 4
1704574210 15
1704574226 9
1704574242 20
1704574258 1
1704574274 8
1704574290 7
1704574306 5



# Sketch: 14
1704573714 7
1704573730 13
1704573746 9
1704573762 18
1704573778 9
1704573794 4
1704573810 7
1704573826 5
1704573842 3
1704573858 2
1704573874 5
1704573890 3
1704573906 16
1704573922 10
1704573938 5
1704573954 7
1704573970 5
1704573986 7
1704574002 6
1704574018 2
1704574034 15
1704574050 2
1704574066 4
1704574082 6
1704574098 5
1704574114 7
1704574130 10
1704574146 5
1704574162 5
1704574178 23
1704574194 13
1704574210 10
1704574226 9
1704574242 21
1704574258 3
1704574274 2
1704574290 7
1704574306 13



# Sketch: 15
1704573714 11
1704573730 6
1704573746 5
1704573762 8
1704573778 13
1704573794 10
1704573810 10
1704573826 12
1704573842 4
1704573858 11
1704573874 6
1704573890 9
1704573906 13
1704573922 18
1704573938 12
1704573954 25
1704573970 12
1704573986 7
1704574002 13
1704574018 30
1704574034 14
1704574050 12
1704574066 6
1704574082 5
1704574098 9
1704574114 10
1704574130 8
1704574146 15
1704574162 12
1704574178 7
1704574194 11
1704574210 9
1704574226 11
1704574242 7
1704574258 16
1704574274 7
1704574290 12
1704574306 2



# Sketch: 16
1704573714 9
1704573730 8
1704573746 22
1704573762 10
1704573778 9
1704573794 7
1704573810 8
1704573826 28
1704573842 12
1704573858 9
1704573874 6
1704573890 3
1704573906 8
1704573922 9
1704573938 4
1704573954 8
1704573970 11
1704573986 5
1704574002 5
1704574018 17
1704574034 5
1704574050 6
1704574066 25
1704574082 3
1704574098 5
1704574114 2
1704574130 10
1704574146 11
1704574162 9
1704574178 1
1704574194 7
1704574210 15
1704574226 2
1704574242 24
1704574258 6
1704574274 3
1704574290 8
1704574306 4



# Sketch: 17
1704573714 15
1704573730 9
1704573746 10
1704573762 27
1704573778 8
1704573794 2
1704573810 4
1704573826 12
1704573842 12
1704573858 5
1704573874 11
1704573890 8
1704573906 16
1704573922 4
1704573938 4
1704573954 4
1704573970 21
1704573986 24
1704574002 9
1704574018 12
1704574034 7
1704574050 4
1704574066 6
1704574082 15
1704574098 6
1704574114 20
1704574130 6
1704574146 4
1704574162 10
1704574178 2
1704574194 6
1704574210 6
1704574226 22
1704574242 11
1704574258 5
1704574274 4
1704574290 4
1704574306 1



# Sketch: 18
1704573714 6
1704573730 4
1704573746 11
1704573762 8
1704573778 10
1704573794 4
1704573810 16
1704573826 6
1704573842 6
1704573858 9
1704573874 5
1704573890 3
1704573906 3
1704573922 11
1704573938 4
1704573954 14
1704573970 3
1704573986 4
1704574002 9
1704574018 9
1704574034 3
1704574050 7
1704574066 7
1704574082 2
1704574098 17
1704574114 2
1704574130 1
1704574146 4
1704574162 7
1704574178 4
1704574194 7
1704574210 16
1704574226 13
1704574242 8
1704574258 10
1704574274 3
1704574290 7
1704574306 8



# Sketch: 19
1704573714 3
1704573730 4
1704573746 5
1704573762 15
1704573778 7
1704573794 3
1704573810 11
1704573826 4
1704573842 13
1704573858 10
1704573874 10
1704573890 2
1704573906 8
1704573922 4
1704573938 4
1704573954 16
1704573970 10
1704573986 11
1704574002 2
1704574018 10
1704574034 5
1704574050 8
1704574066 29
1704574082 6
1704574098 7
1704574114 4
1704574130 3
1704574146 10
1704574162 12
1704574178 6
1704574194 9
1704574210 12
1704574226 14
1704574242 7
1704574258 1
1704574274 8
1704574290 7
1704574306 1



# Sketch: 20
1704573714 18
1704573730 11
1704573746 13
1704573762 8
1704573778 33
1704573794 23
1704573810 8
1704573826 6
1704573842 5
1704573858 15
1704573874 6
1704573890 22
1704573906 16
1704573922 24
1704573938 5
1704573954 42
1704573970 15
1704573986 10
1704574002 40
1704574018 55
1704574034 16
1704574050 5
1704574066 9
1704574082 6
1704574098 9
1704574114 8
1704574130 23
1704574146 19
1704574162 22
1704574178 7
1704574194 14
1704574210 7
1704574226 12
1704574242 25
1704574258 23
1704574274 19
1704574290 20
1704574306 8



# Sketch: 21
1704573714 7
1704573730 19
1704573746 3
1704573762 2
1704573778 1
1704573794 2
1704573810 5
1704573826 6
1704573842 12
1704573858 7
1704573874 2
1704573890 3
1704573906 4
1704573922 2
1704573938 5
1704573954 5
1704573970 14
1704573986 8
1704574002 4
1704574018 4
1704574034 4
1704574050 3
1704574066 10
1704574082 6
1704574098 3
1704574114 5
1704574130 16
1704574146 9
1704574162 10
1704574178 3
1704574194 42
1704574210 7
1704574226 3
1704574242 5
1704574258 5
1704574274 13
1704574290 5
1704574306 3



# Sketch: 22
1704573714 2
1704573730 7
1704573746 7
1704573762 7
1704573778 5
1704573794 4
1704573810 7
1704573826 4
1704573842 3
1704573858 5
1704573874 7
1704573890 6
1704573906 15
1704573922 13
1704573938 3
1704573954 9
1704573970 13
1704573986 3
1704574002 8
1704574018 3
1704574034 1
1704574050 4
1704574066 8
1704574082 6
1704574098 10
1704574114 8
1704574130 9
1704574146 10
1704574162 3
1704574178 8
1704574194 23
1704574210 7
1704574226 4
1704574242 14
1704574258 5
1704574274 4
1704574290 11
1704574306 7



# Sketch: 23
1704573714 11
1704573730 8
1704573746 13
1704573762 12
1704573778 2
1704573794 8
1704573810 10
1704573826 8
1704573842 10
1704573858 3
1704573874 7
1704573890 9
1704573906 4
1704573922 7
1704573938 11
1704573954 15
1704573970 7
1704573986 5
1704574002 10
1704574018 6
1704574034 5
1704574050 3
1704574066 1
1704574082 14
1704574098 7
1704574114 11
1704574130 6
1704574146 3
1704574162 2
1704574178 5
1704574194 16
1704574210 21
1704574226 18
1704574242 8
1704574258 17
1704574274 7
1704574290 4
1704574306 5



# Sketch: 24
1704573714 13
1704573730 10
1704573746 8
1704573762 6
1704573778 7
1704573794 3
1704573810 6
1704573826 10
1704573842 14
1704573858 11
1704573874 13
1704573890 7
1704573906 3
1704573922 3
1704573938 7
1704573954 10
1704573970 13
1704573986 14
1704574002 2
1704574018 5
1704574034 4
1704574050 19
1704574066 12
1704574082 5
1704574098 2
1704574114 11
1704574130 8
1704574146 4
1704574162 5
1704574178 18
1704574194 17
1704574210 9
1704574226 13
1704574242 7
1704574258 5
1704574274 11
1704574290 14
1704574306 1



# Sketch: 25
1704573714 6
1704573730 10
1704573746 1
1704573762 3
1704573778 2
1704573794 4
1704573810 6
1704573826 33
1704573842 9
1704573858 9
1704573874 7
1704573890 6
1704573906 9
1704573922 10
1704573938 4
1704573954 12
1704573970 9
1704573986 14
1704574002 5
1704574018 6
1704574034 10
1704574050 7
1704574066 10
1704574082 10
1704574098 4
1704574114 11
1704574130 6
1704574146 14
1704574162 5
1704574178 5
1704574194 6
1704574210 9
1704574226 11
1704574242 30
1704574258 10
1704574274 4
1704574290 15
1704574306 1



# Sketch: 26
1704573714 13
1704573730 6
1704573746 12
1704573762 4
1704573778 10
1704573794 6
1704573810 6
1704573826 11
1704573842 4
1704573858 7
1704573874 7
1704573890 3
1704573906 6
1704573922 5
1704573938 3
1704573954 10
1704573970 7
1704573986 2
1704574002 6
1704574018 8
1704574034 1
1704574050 4
1704574066 3
1704574082 11
1704574098 8
1704574114 0
1704574130 7
1704574146 14
1704574162 5
1704574178 5
1704574194 12
1704574210 11
1704574226 3
1704574242 11
1704574258 7
1704574274 1
1704574290 6
1704574306 1



# Sketch: 27
1704573714 7
1704573730 9
1704573746 8
1704573762 3
1704573778 11
1704573794 9
1704573810 4
1704573826 7
1704573842 20
1704573858 7
1704573874 6
1704573890 3
1704573906 5
1704573922 3
1704573938 8
1704573954 14
1704573970 15
1704573986 14
1704574002 9
1704574018 5
1704574034 5
1704574050 3
1704574066 3
1704574082 14
1704574098 1
1704574114 7
1704574130 0
1704574146 8
1704574162 4
1704574178 15
1704574194 12
1704574210 11
1704574226 13
1704574242 16
1704574258 6
1704574274 7
1704574290 4
1704574306 5



# Sketch: 28
1704573714 6
1704573730 5
1704573746 11
1704573762 5
1704573778 5
1704573794 5
1704573810 4
1704573826 2
1704573842 0
1704573858 10
1704573874 10
1704573890 4
1704573906 6
1704573922 3
1704573938 3
1704573954 8
1704573970 13
1704573986 8
1704574002 11
1704574018 2
1704574034 4
1704574050 2
1704574066 1
1704574082 2
1704574098 2
1704574114 7
1704574130 7
1704574146 3
1704574162 6
1704574178 3
1704574194 15
1704574210 11
1704574226 9
1704574242 10
1704574258 9
1704574274 10
1704574290 1
1704574306 3



# Sketch: 29
1704573714 7
1704573730 9
1704573746 5
1704573762 4
1704573778 12
1704573794 8
1704573810 7
1704573826 3
1704573842 9
1704573858 28
1704573874 9
1704573890 3
1704573906 8
1704573922 10
1704573938 8
1704573954 8
1704573970 7
1704573986 4
1704574002 10
1704574018 6
1704574034 8
1704574050 12
1704574066 2
1704574082 8
1704574098 5
1704574114 8
1704574130 9
1704574146 4
1704574162 7
1704574178 6
1704574194 12
1704574210 11
1704574226 17
1704574242 17
1704574258 10
1704574274 5
1704574290 7
1704574306 2



# Sketch: 30
1704573714 14
1704573730 9
1704573746 7
1704573762 8
1704573778 6
1704573794 4
1704573810 0
1704573826 5
1704573842 9
1704573858 9
1704573874 7
1704573890 10
1704573906 6
1704573922 4
1704573938 11
1704573954 12
1704573970 8
1704573986 5
1704574002 4
1704574018 12
1704574034 9
1704574050 0
1704574066 4
1704574082 19
1704574098 12
1704574114 7
1704574130 4
1704574146 8
1704574162 9
1704574178 12
1704574194 22
1704574210 10
1704574226 22
1704574242 21
1704574258 9
1704574274 7
1704574290 10
1704574306 1



# Sketch: 31
1704573714 27
1704573730 8
1704573746 4
1704573762 8
1704573778 3
1704573794 7
1704573810 12
1704573826 12
1704573842 7
1704573858 4
1704573874 7
1704573890 3
1704573906 11
1704573922 2
1704573938 1
1704573954 7
1704573970 6
1704573986 4
1704574002 1
1704574018 8
1704574034 6
1704574050 3
1704574066 14
1704574082 21
1704574098 5
1704574114 2
1704574130 2
1704574146 16
1704574162 2
1704574178 1
1704574194 3
1704574210 15
1704574226 14
1704574242 19
1704574258 6
1704574274 11
1704574290 5
1704574306 1

