

# Sketch: 0
1704573714 8
1704573746 23
1704573778 10
1704573810 18
1704573842 18
1704573874 19
1704573906 34
1704573938 20
1704573970 7
1704574002 9
1704574034 20
1704574066 14
1704574098 12
1704574130 14
1704574162 28
1704574194 37
1704574226 28
1704574258 17
1704574290 8



# Sketch: 1
1704573714 14
1704573746 9
1704573778 16
1704573810 11
1704573842 17
1704573874 15
1704573906 14
1704573938 10
1704573970 20
1704574002 15
1704574034 16
1704574066 12
1704574098 11
1704574130 11
1704574162 21
1704574194 23
1704574226 21
1704574258 13
1704574290 9



# Sketch: 2
1704573714 27
1704573746 8
1704573778 6
1704573810 9
1704573842 16
1704573874 10
1704573906 12
1704573938 8
1704573970 14
1704574002 3
1704574034 7
1704574066 17
1704574098 12
1704574130 5
1704574162 18
1704574194 31
1704574226 27
1704574258 4
1704574290 16



# Sketch: 3
1704573714 26
1704573746 12
1704573778 13
1704573810 7
1704573842 18
1704573874 14
1704573906 17
1704573938 19
1704573970 27
1704574002 17
1704574034 11
1704574066 23
1704574098 19
1704574130 26
1704574162 16
1704574194 21
1704574226 15
1704574258 24
1704574290 6



# Sketch: 4
1704573714 29
1704573746 13
1704573778 17
1704573810 21
1704573842 17
1704573874 12
1704573906 20
1704573938 31
1704573970 35
1704574002 10
1704574034 26
1704574066 39
1704574098 21
1704574130 26
1704574162 14
1704574194 29
1704574226 27
1704574258 9
1704574290 12



# Sketch: 5
1704573714 11
1704573746 13
1704573778 11
1704573810 18
1704573842 11
1704573874 22
1704573906 23
1704573938 30
1704573970 9
1704574002 16
1704574034 5
1704574066 5
1704574098 3
1704574130 11
1704574162 12
1704574194 23
1704574226 42
1704574258 15
1704574290 10



# Sketch: 6
1704573714 10
1704573746 16
1704573778 9
1704573810 21
1704573842 13
1704573874 13
1704573906 15
1704573938 9
1704573970 8
1704574002 12
1704574034 11
1704574066 6
1704574098 4
1704574130 12
1704574162 10
1704574194 21
1704574226 30
1704574258 14
1704574290 9



# Sketch: 7
1704573714 26
1704573746 15
1704573778 16
1704573810 15
1704573842 20
1704573874 15
1704573906 10
1704573938 11
1704573970 19
1704574002 26
1704574034 5
1704574066 10
1704574098 14
1704574130 11
1704574162 7
1704574194 29
1704574226 16
1704574258 4
1704574290 9



# Sketch: 8
1704573714 20
1704573746 14
1704573778 8
1704573810 13
1704573842 8
1704573874 11
1704573906 11
1704573938 6
1704573970 7
1704574002 8
1704574034 4
1704574066 4
1704574098 13
1704574130 12
1704574162 17
1704574194 8
1704574226 15
1704574258 6
1704574290 9



# Sketch: 9
1704573714 27
1704573746 6
1704573778 8
1704573810 14
1704573842 15
1704573874 18
1704573906 19
1704573938 10
1704573970 22
1704574002 16
1704574034 26
1704574066 10
1704574098 13
1704574130 27
1704574162 8
1704574194 22
1704574226 29
1704574258 6
1704574290 29



# Sketch: 10
1704573714 12
1704573746 22
1704573778 21
1704573810 11
1704573842 18
1704573874 31
1704573906 15
1704573938 34
1704573970 25
1704574002 52
1704574034 16
1704574066 20
1704574098 8
1704574130 23
1704574162 13
1704574194 26
1704574226 18
1704574258 33
1704574290 10



# Sketch: 11
1704573714 10
1704573746 18
1704573778 10
1704573810 14
1704573842 15
1704573874 4
1704573906 8
1704573938 15
1704573970 15
1704574002 8
1704574034 11
1704574066 21
1704574098 12
1704574130 7
1704574162 12
1704574194 15
1704574226 81
1704574258 11
1704574290 13



# Sketch: 12
1704573714 13
1704573746 10
1704573778 10
1704573810 11
1704573842 22
1704573874 18
1704573906 5
1704573938 15
1704573970 18
1704574002 9
1704574034 9
1704574066 13
1704574098 15
1704574130 12
1704574162 13
1704574194 21
1704574226 19
1704574258 20
1704574290 8



# Sketch: 13
1704573714 8
1704573746 15
1704573778 10
1704573810 7
1704573842 5
1704573874 11
1704573906 12
1704573938 8
1704573970 28
1704574002 12
1704574034 12
1704574066 15
1704574098 25
1704574130 9
1704574162 11
1704574194 28
1704574226 16
1704574258 9
1704574290 8



# Sketch: 14
1704573714 22
1704573746 26
1704573778 13
1704573810 11
1704573842 12
1704573874 12
1704573906 12
1704573938 16
1704573970 13
1704574002 11
1704574034 11
1704574066 21
1704574098 10
1704574130 9
1704574162 3
1704574194 28
1704574226 16
1704574258 11
1704574290 19



# Sketch: 15
1704573714 20
1704573746 13
1704573778 7
1704573810 18
1704573842 13
1704573874 18
1704573906 17
1704573938 24
1704573970 10
1704574002 11
1704574034 11
1704574066 11
1704574098 9
1704574130 9
1704574162 18
1704574194 17
1704574226 26
1704574258 12
1704574290 3



# Sketch: 16
1704573714 8
1704573746 10
1704573778 6
1704573810 15
1704573842 8
1704573874 7
1704573906 15
1704573938 11
1704573970 6
1704574002 14
1704574034 3
1704574066 11
1704574098 25
1704574130 7
1704574162 11
1704574194 10
1704574226 21
1704574258 10
1704574290 0



# Sketch: 17
1704573714 30
1704573746 23
1704573778 11
1704573810 10
1704573842 14
1704573874 13
1704573906 7
1704573938 12
1704573970 10
1704574002 17
1704574034 8
1704574066 17
1704574098 16
1704574130 16
1704574162 20
1704574194 13
1704574226 33
1704574258 11
1704574290 12



# Sketch: 18
1704573714 22
1704573746 16
1704573778 18
1704573810 10
1704573842 34
1704573874 11
1704573906 3
1704573938 13
1704573970 19
1704574002 6
1704574034 5
1704574066 14
1704574098 14
1704574130 29
1704574162 8
1704574194 18
1704574226 44
1704574258 16
1704574290 16



# Sketch: 19
1704573714 12
1704573746 18
1704573778 26
1704573810 12
1704573842 8
1704573874 15
1704573906 10
1704573938 13
1704573970 25
1704574002 6
1704574034 9
1704574066 18
1704574098 34
1704574130 17
1704574162 9
1704574194 14
1704574226 11
1704574258 8
1704574290 11



# Sketch: 20
1704573714 21
1704573746 12
1704573778 9
1704573810 15
1704573842 13
1704573874 14
1704573906 13
1704573938 25
1704573970 27
1704574002 18
1704574034 9
1704574066 13
1704574098 18
1704574130 15
1704574162 11
1704574194 19
1704574226 26
1704574258 14
1704574290 14



# Sketch: 21
1704573714 21
1704573746 12
1704573778 18
1704573810 29
1704573842 11
1704573874 16
1704573906 25
1704573938 23
1704573970 21
1704574002 12
1704574034 6
1704574066 6
1704574098 12
1704574130 5
1704574162 17
1704574194 26
1704574226 17
1704574258 13
1704574290 18



# Sketch: 22
1704573714 21
1704573746 41
1704573778 10
1704573810 33
1704573842 47
1704573874 10
1704573906 16
1704573938 11
1704573970 17
1704574002 18
1704574034 11
1704574066 11
1704574098 14
1704574130 10
1704574162 9
1704574194 15
1704574226 31
1704574258 8
1704574290 5



# Sketch: 23
1704573714 18
1704573746 13
1704573778 35
1704573810 27
1704573842 28
1704573874 13
1704573906 30
1704573938 39
1704573970 20
1704574002 47
1704574034 14
1704574066 23
1704574098 12
1704574130 16
1704574162 29
1704574194 17
1704574226 34
1704574258 32
1704574290 18



# Sketch: 24
1704573714 41
1704573746 36
1704573778 21
1704573810 29
1704573842 17
1704573874 17
1704573906 8
1704573938 18
1704573970 18
1704574002 25
1704574034 7
1704574066 22
1704574098 11
1704574130 24
1704574162 18
1704574194 15
1704574226 20
1704574258 28
1704574290 6



# Sketch: 25
1704573714 16
1704573746 21
1704573778 8
1704573810 22
1704573842 12
1704573874 14
1704573906 13
1704573938 14
1704573970 37
1704574002 10
1704574034 11
1704574066 19
1704574098 17
1704574130 21
1704574162 6
1704574194 16
1704574226 24
1704574258 10
1704574290 7



# Sketch: 26
1704573714 20
1704573746 13
1704573778 16
1704573810 11
1704573842 14
1704573874 15
1704573906 9
1704573938 17
1704573970 13
1704574002 18
1704574034 12
1704574066 8
1704574098 21
1704574130 15
1704574162 10
1704574194 34
1704574226 24
1704574258 14
1704574290 16



# Sketch: 27
1704573714 18
1704573746 17
1704573778 15
1704573810 18
1704573842 11
1704573874 7
1704573906 17
1704573938 7
1704573970 9
1704574002 5
1704574034 5
1704574066 10
1704574098 12
1704574130 14
1704574162 15
1704574194 23
1704574226 15
1704574258 12
1704574290 23



# Sketch: 28
1704573714 24
1704573746 14
1704573778 7
1704573810 19
1704573842 55
1704573874 11
1704573906 27
1704573938 22
1704573970 27
1704574002 5
1704574034 14
1704574066 22
1704574098 17
1704574130 5
1704574162 22
1704574194 45
1704574226 30
1704574258 3
1704574290 9



# Sketch: 29
1704573714 17
1704573746 7
1704573778 23
1704573810 9
1704573842 9
1704573874 2
1704573906 17
1704573938 46
1704573970 15
1704574002 5
1704574034 24
1704574066 14
1704574098 11
1704574130 14
1704574162 14
1704574194 17
1704574226 19
1704574258 14
1704574290 13



# Sketch: 30
1704573714 20
1704573746 21
1704573778 12
1704573810 9
1704573842 9
1704573874 23
1704573906 13
1704573938 12
1704573970 12
1704574002 12
1704574034 13
1704574066 37
1704574098 8
1704574130 12
1704574162 12
1704574194 15
1704574226 22
1704574258 12
1704574290 9



# Sketch: 31
1704573714 15
1704573746 20
1704573778 27
1704573810 27
1704573842 20
1704573874 25
1704573906 31
1704573938 35
1704573970 14
1704574002 46
1704574034 24
1704574066 31
1704574098 8
1704574130 30
1704574162 17
1704574194 26
1704574226 41
1704574258 42
1704574290 17

