

# Sketch: 0
1704574314 54
1704574442 38
1704574570 33
1704574698 40
1704574826 32



# Sketch: 1
1704574314 109
1704574442 75
1704574570 74
1704574698 78
1704574826 64



# Sketch: 2
1704574314 70
1704574442 40
1704574570 56
1704574698 49
1704574826 49



# Sketch: 3
1704574314 68
1704574442 52
1704574570 63
1704574698 57
1704574826 65



# Sketch: 4
1704574314 79
1704574442 41
1704574570 66
1704574698 45
1704574826 42



# Sketch: 5
1704574314 69
1704574442 76
1704574570 73
1704574698 82
1704574826 45



# Sketch: 6
1704574314 59
1704574442 71
1704574570 42
1704574698 64
1704574826 53



# Sketch: 7
1704574314 60
1704574442 64
1704574570 69
1704574698 92
1704574826 39



# Sketch: 8
1704574314 59
1704574442 41
1704574570 54
1704574698 97
1704574826 35



# Sketch: 9
1704574314 68
1704574442 60
1704574570 54
1704574698 46
1704574826 27



# Sketch: 10
1704574314 59
1704574442 69
1704574570 54
1704574698 52
1704574826 27



# Sketch: 11
1704574314 42
1704574442 51
1704574570 56
1704574698 61
1704574826 37



# Sketch: 12
1704574314 132
1704574442 77
1704574570 61
1704574698 118
1704574826 43



# Sketch: 13
1704574314 39
1704574442 44
1704574570 41
1704574698 61
1704574826 24



# Sketch: 14
1704574314 93
1704574442 52
1704574570 57
1704574698 77
1704574826 30



# Sketch: 15
1704574314 52
1704574442 50
1704574570 29
1704574698 69
1704574826 31



# Sketch: 16
1704574314 45
1704574442 67
1704574570 72
1704574698 99
1704574826 50



# Sketch: 17
1704574314 50
1704574442 71
1704574570 65
1704574698 66
1704574826 36



# Sketch: 18
1704574314 48
1704574442 36
1704574570 63
1704574698 46
1704574826 28



# Sketch: 19
1704574314 60
1704574442 60
1704574570 43
1704574698 71
1704574826 50



# Sketch: 20
1704574314 80
1704574442 52
1704574570 57
1704574698 75
1704574826 60



# Sketch: 21
1704574314 55
1704574442 52
1704574570 76
1704574698 36
1704574826 48



# Sketch: 22
1704574314 84
1704574442 52
1704574570 86
1704574698 49
1704574826 23



# Sketch: 23
1704574314 64
1704574442 49
1704574570 87
1704574698 49
1704574826 27



# Sketch: 24
1704574314 62
1704574442 44
1704574570 59
1704574698 60
1704574826 29



# Sketch: 25
1704574314 63
1704574442 46
1704574570 47
1704574698 57
1704574826 27



# Sketch: 26
1704574314 45
1704574442 53
1704574570 38
1704574698 42
1704574826 37



# Sketch: 27
1704574314 41
1704574442 46
1704574570 38
1704574698 64
1704574826 47



# Sketch: 28
1704574314 69
1704574442 47
1704574570 59
1704574698 68
1704574826 39



# Sketch: 29
1704574314 91
1704574442 61
1704574570 45
1704574698 86
1704574826 27



# Sketch: 30
1704574314 46
1704574442 42
1704574570 51
1704574698 64
1704574826 71



# Sketch: 31
1704574314 42
1704574442 86
1704574570 43
1704574698 53
1704574826 38

