

# Sketch: 0
0 0.0874568
1 0.150867
2 0.301741
3 0.400698
4 0.871013
5 1.22529
6 0.63451
7 1.39796



# Sketch: 1
0 0.410261
1 0.311388
2 0.296736
3 0.409304
4 0.335606
5 0.40499
6 0.429117
7 0.433792



# Sketch: 2
0 0.575309
1 0.58836
2 0.551071
3 0.55946
4 0.58697
5 1.63993
6 1.50593
7 1.97258



# Sketch: 3
0 0.413122
1 0.542422
2 0.667624
3 0.404334
4 0.355
5 0.359052
6 0.32808
7 0.443836



# Sketch: 4
0 0.363191
1 0.306934
2 0.278449
3 0.332327
4 0.186624
5 0.295036
6 0.314454
7 0.49991



# Sketch: 5
0 0.427295
1 0.397979
2 0.419826
3 0.393421
4 0.443821
5 0.486281
6 0.492716
7 0.437497



# Sketch: 6
0 0.34902
1 0.285639
2 0.435636
3 0.354799
4 0.442605
5 0.537932
6 0.58658
7 0.793533



# Sketch: 7
0 2.38706
1 1.91249
2 1.70164
3 1.45907
4 1.37215
5 0.988507
6 0.140238
7 0.544929



# Sketch: 8
0 0.500659
1 0.778812
2 0.765531
3 0.718792
4 0.590547
5 0.724696
6 0.285995
7 0.390462



# Sketch: 9
0 0.50287
1 0.579081
2 0.437418
3 0.362146
4 0.375478
5 0.444652
6 0.363453
7 1.66056



# Sketch: 10
0 1.8488
1 1.82533
2 1.6755
3 1.17581
4 1.21529
5 1.08089
6 1.19076
7 1.62757



# Sketch: 11
0 0.779955
1 0.810863
2 0.8165
3 0.722505
4 0.753948
5 0.625911
6 0.690934
7 0.656484



# Sketch: 12
0 0.306407
1 0.242534
2 0.620571
3 0.615504
4 0.389329
5 0.400399
6 0.295324
7 0.504237



# Sketch: 13
0 1.3027
1 1.16335
2 1.21465
3 1.87265
4 1.78586
5 1.12874
6 0.324469
7 0.455013



# Sketch: 14
0 1.86689
1 1.73254
2 1.33593
3 0.941709
4 0.850509
5 0.582774
6 0.331937
7 0.392202



# Sketch: 15
0 0.450876
1 0.370433
2 0.335441
3 0.366084
4 0.371781
5 0.425384
6 0.440857
7 0.883552



# Sketch: 16
0 0.424409
1 0.560909
2 0.723475
3 0.301597
4 0.208971
5 0.393932
6 0.736697
7 0.410412



# Sketch: 17
0 0.463186
1 0.493627
2 0.43496
3 0.441485
4 0.516056
5 0.404518
6 0.438697
7 0.467121



# Sketch: 18
0 0.532869
1 0.475433
2 0.557538
3 0.464277
4 0.442455
5 0.484218
6 0.525448
7 0.57431



# Sketch: 19
0 1.02786
1 0.915944
2 0.6848
3 0.619906
4 0.423416
5 0.465411
6 0.452185
7 0.522355



# Sketch: 20
0 0.626814
1 0.60485
2 0.664421
3 0.601715
4 0.706513
5 0.569132
6 0.774911
7 0.680073



# Sketch: 21
0 0.810608
1 1.07405
2 0.942048
3 0.476902
4 0.153593
5 0.0946424
6 0.054197
7 0.788209



# Sketch: 22
0 0.79106
1 0.719758
2 0.761624
3 0.671961
4 0.795397
5 0.601909
6 0.614005
7 0.730303



# Sketch: 23
0 0.678046
1 0.607117
2 0.701332
3 0.654497
4 0.632638
5 0.561092
6 0.586417
7 0.464554



# Sketch: 24
0 0.576773
1 0.32149
2 0.379511
3 0.527029
4 1.10143
5 0.483747
6 0.285818
7 0.495765



# Sketch: 25
0 0.433417
1 0.482914
2 0.355595
3 0.397949
4 0.285134
5 0.368315
6 0.58066
7 0.357082



# Sketch: 26
0 0.950529
1 0.584379
2 0.705483
3 0.467149
4 0.332234
5 0.353596
6 0.161269
7 0.418822



# Sketch: 27
0 0.441322
1 0.706915
2 1.09276
3 0.963056
4 1.39047
5 0.56275
6 0.491847
7 1.32798



# Sketch: 28
0 0.176577
1 0.319554
2 0.466235
3 0.560264
4 0.57055
5 0.371174
6 0.272103
7 0.369874



# Sketch: 29
0 0.482212
1 0.318206
2 0.109945
3 0.0871655
4 0.415336
5 0.361507
6 0.17632
7 0.604088



# Sketch: 30
0 0.949899
1 0.982248
2 0.878178
3 0.846503
4 0.661937
5 0.714634
6 0.601642
7 0.518219



# Sketch: 31
0 0.996582
1 1.30777
2 1.33812
3 1.80866
4 1.66435
5 1.27427
6 1.58233
7 0.260299

