

# Sketch: 0
0 0.427764
1 0.528776
2 0.644308
3 0.593395
4 0.465845
5 0.737719
6 1.02313
7 0.53112



# Sketch: 1
0 0.61524
1 0.618961
2 0.623514
3 0.565966
4 0.577783
5 0.63562
6 0.608872
7 0.692246



# Sketch: 2
0 0.719276
1 0.655941
2 0.695811
3 0.633251
4 0.700888
5 0.742257
6 0.641657
7 0.746582



# Sketch: 3
0 2.31406
1 1.9219
2 1.54008
3 1.03649
4 0.90192
5 0.674628
6 1.35629
7 1.10115



# Sketch: 4
0 0.7334
1 0.291842
2 0.314995
3 0.0798804
4 0.137786
5 0.11654
6 0.283205
7 0.42134



# Sketch: 5
0 0.191366
1 0.200373
2 0.284468
3 0.305812
4 0.274484
5 0.287145
6 0.445057
7 0.332025



# Sketch: 6
0 0.319327
1 0.360315
2 0.22432
3 0.148161
4 0.117736
5 0.271037
6 0.167241
7 0.353924



# Sketch: 7
0 0.380186
1 0.3608
2 0.437515
3 0.466008
4 0.423752
5 0.531793
6 0.470247
7 0.38024



# Sketch: 8
0 0.38117
1 0.444446
2 0.535899
3 0.634761
4 0.546251
5 0.337777
6 0.281778
7 0.644592



# Sketch: 9
0 0.511008
1 0.463306
2 1.13206
3 0.887895
4 0.766492
5 0.707487
6 1.06507
7 1.40444



# Sketch: 10
0 0.449005
1 0.381528
2 0.454888
3 0.37523
4 0.390064
5 0.426739
6 0.400103
7 0.635061



# Sketch: 11
0 0.493735
1 0.27078
2 0.292431
3 0.182981
4 0.300227
5 0.361269
6 0.884043
7 3.77579



# Sketch: 12
0 1.02313
1 0.959624
2 0.814471
3 0.718075
4 0.714986
5 0.629274
6 1.10299
7 0.654639



# Sketch: 13
0 0.395426
1 0.32675
2 0.320491
3 0.340669
4 0.472646
5 0.393838
6 0.348388
7 1.15677



# Sketch: 14
0 0.722285
1 0.649516
2 0.718031
3 0.782218
4 0.970251
5 0.853202
6 0.83903
7 0.631329



# Sketch: 15
0 1.91312
1 1.88199
2 1.80694
3 1.72364
4 1.16803
5 0.906044
6 0.582038
7 0.211222



# Sketch: 16
0 0.479896
1 0.596988
2 0.724783
3 0.722375
4 0.609323
5 0.495908
6 0.57824
7 0.361484



# Sketch: 17
0 0.0862202
1 0.106134
2 0.194625
3 0.222667
4 0.154813
5 0.204776
6 0.18536
7 0.294446



# Sketch: 18
0 0.516219
1 0.737513
2 0.889008
3 0.444983
4 0.457383
5 1.31613
6 0.839564
7 0.409887



# Sketch: 19
0 0.425178
1 0.235451
2 0.426022
3 0.264498
4 0.142079
5 0.535231
6 0.376416
7 1.49299



# Sketch: 20
0 0.481365
1 0.504419
2 0.498659
3 0.586914
4 0.489597
5 0.415832
6 0.512418
7 0.503843



# Sketch: 21
0 0.744606
1 0.68431
2 0.681785
3 0.607802
4 0.629345
5 0.530315
6 0.621262
7 0.599995



# Sketch: 22
0 1.87901
1 1.76618
2 1.30127
3 1.45878
4 0.848294
5 1.38645
6 1.08921
7 0.32371



# Sketch: 23
0 0.234331
1 0.236338
2 0.332927
3 0.443801
4 0.529317
5 0.566924
6 0.343716
7 0.41462



# Sketch: 24
0 0.983412
1 1.29645
2 1.11516
3 1.39179
4 0.965031
5 0.766202
6 2.13213
7 3.04621



# Sketch: 25
0 2.02096
1 2.0139
2 2.15327
3 1.93661
4 1.58148
5 0.541853
6 0.516803
7 0.178982



# Sketch: 26
0 0.755518
1 0.763885
2 0.707727
3 0.675903
4 0.590716
5 0.485358
6 0.480994
7 0.552879



# Sketch: 27
0 0.629318
1 0.612458
2 0.613273
3 0.54382
4 0.64096
5 0.627066
6 0.682496
7 1.64775



# Sketch: 28
0 0.567157
1 0.555367
2 0.603584
3 0.566529
4 0.5215
5 0.599664
6 0.644463
7 0.402117



# Sketch: 29
0 0.403234
1 0.50273
2 0.448873
3 0.58063
4 0.452616
5 0.481301
6 0.42868
7 0.424596



# Sketch: 30
0 0.626724
1 0.643834
2 0.554154
3 0.467746
4 0.521671
5 0.579893
6 0.638002
7 0.399083



# Sketch: 31
0 0.703007
1 0.652062
2 0.672954
3 0.786605
4 1.23603
5 0.87622
6 0.6806
7 0.796163

