

# Sketch: 0
1704574914 35
1704574946 11
1704574978 21
1704575010 12
1704575042 23
1704575074 15
1704575106 26
1704575138 9
1704575170 13
1704575202 26
1704575234 9
1704575266 35
1704575298 22
1704575330 40
1704575362 16
1704575394 17
1704575426 9
1704575458 12
1704575490 19



# Sketch: 1
1704574914 17
1704574946 14
1704574978 12
1704575010 20
1704575042 6
1704575074 13
1704575106 11
1704575138 31
1704575170 47
1704575202 20
1704575234 17
1704575266 13
1704575298 15
1704575330 5
1704575362 10
1704575394 14
1704575426 21
1704575458 10
1704575490 4



# Sketch: 2
1704574914 9
1704574946 11
1704574978 28
1704575010 19
1704575042 8
1704575074 17
1704575106 23
1704575138 10
1704575170 10
1704575202 14
1704575234 16
1704575266 13
1704575298 11
1704575330 23
1704575362 30
1704575394 6
1704575426 15
1704575458 29
1704575490 12



# Sketch: 3
1704574914 17
1704574946 8
1704574978 15
1704575010 8
1704575042 12
1704575074 23
1704575106 23
1704575138 13
1704575170 12
1704575202 18
1704575234 17
1704575266 13
1704575298 8
1704575330 8
1704575362 13
1704575394 18
1704575426 10
1704575458 9
1704575490 1



# Sketch: 4
1704574914 17
1704574946 13
1704574978 11
1704575010 9
1704575042 13
1704575074 4
1704575106 8
1704575138 28
1704575170 12
1704575202 16
1704575234 12
1704575266 9
1704575298 32
1704575330 9
1704575362 6
1704575394 19
1704575426 6
1704575458 12
1704575490 7



# Sketch: 5
1704574914 17
1704574946 18
1704574978 9
1704575010 8
1704575042 11
1704575074 14
1704575106 11
1704575138 3
1704575170 16
1704575202 20
1704575234 25
1704575266 22
1704575298 23
1704575330 6
1704575362 9
1704575394 15
1704575426 7
1704575458 21
1704575490 10



# Sketch: 6
1704574914 17
1704574946 9
1704574978 10
1704575010 17
1704575042 17
1704575074 8
1704575106 33
1704575138 42
1704575170 28
1704575202 15
1704575234 12
1704575266 12
1704575298 9
1704575330 18
1704575362 4
1704575394 17
1704575426 9
1704575458 7
1704575490 13



# Sketch: 7
1704574914 7
1704574946 5
1704574978 5
1704575010 33
1704575042 23
1704575074 7
1704575106 14
1704575138 46
1704575170 43
1704575202 12
1704575234 14
1704575266 15
1704575298 10
1704575330 8
1704575362 8
1704575394 11
1704575426 12
1704575458 20
1704575490 8



# Sketch: 8
1704574914 16
1704574946 12
1704574978 19
1704575010 7
1704575042 30
1704575074 32
1704575106 23
1704575138 13
1704575170 18
1704575202 9
1704575234 16
1704575266 10
1704575298 4
1704575330 6
1704575362 4
1704575394 14
1704575426 13
1704575458 28
1704575490 7



# Sketch: 9
1704574914 29
1704574946 17
1704574978 5
1704575010 13
1704575042 4
1704575074 7
1704575106 14
1704575138 10
1704575170 49
1704575202 11
1704575234 21
1704575266 4
1704575298 10
1704575330 9
1704575362 8
1704575394 12
1704575426 13
1704575458 5
1704575490 1



# Sketch: 10
1704574914 20
1704574946 3
1704574978 17
1704575010 9
1704575042 7
1704575074 41
1704575106 17
1704575138 14
1704575170 11
1704575202 12
1704575234 17
1704575266 12
1704575298 9
1704575330 9
1704575362 16
1704575394 7
1704575426 20
1704575458 30
1704575490 9



# Sketch: 11
1704574914 32
1704574946 20
1704574978 16
1704575010 10
1704575042 15
1704575074 13
1704575106 14
1704575138 16
1704575170 13
1704575202 13
1704575234 27
1704575266 12
1704575298 20
1704575330 7
1704575362 19
1704575394 29
1704575426 24
1704575458 16
1704575490 10



# Sketch: 12
1704574914 19
1704574946 7
1704574978 19
1704575010 7
1704575042 11
1704575074 13
1704575106 12
1704575138 11
1704575170 11
1704575202 11
1704575234 15
1704575266 13
1704575298 5
1704575330 14
1704575362 7
1704575394 19
1704575426 9
1704575458 14
1704575490 6



# Sketch: 13
1704574914 12
1704574946 19
1704574978 16
1704575010 6
1704575042 20
1704575074 20
1704575106 17
1704575138 23
1704575170 25
1704575202 16
1704575234 17
1704575266 11
1704575298 10
1704575330 6
1704575362 21
1704575394 17
1704575426 14
1704575458 15
1704575490 18



# Sketch: 14
1704574914 17
1704574946 10
1704574978 25
1704575010 18
1704575042 7
1704575074 13
1704575106 15
1704575138 11
1704575170 19
1704575202 18
1704575234 22
1704575266 14
1704575298 13
1704575330 21
1704575362 16
1704575394 9
1704575426 3
1704575458 19
1704575490 11



# Sketch: 15
1704574914 19
1704574946 12
1704574978 16
1704575010 9
1704575042 13
1704575074 20
1704575106 34
1704575138 21
1704575170 13
1704575202 11
1704575234 24
1704575266 17
1704575298 10
1704575330 16
1704575362 25
1704575394 17
1704575426 7
1704575458 15
1704575490 23



# Sketch: 16
1704574914 21
1704574946 14
1704574978 8
1704575010 8
1704575042 15
1704575074 8
1704575106 11
1704575138 9
1704575170 10
1704575202 16
1704575234 23
1704575266 17
1704575298 27
1704575330 13
1704575362 20
1704575394 18
1704575426 13
1704575458 25
1704575490 8



# Sketch: 17
1704574914 19
1704574946 19
1704574978 11
1704575010 12
1704575042 27
1704575074 16
1704575106 36
1704575138 75
1704575170 22
1704575202 9
1704575234 12
1704575266 15
1704575298 40
1704575330 24
1704575362 12
1704575394 31
1704575426 30
1704575458 25
1704575490 4



# Sketch: 18
1704574914 21
1704574946 10
1704574978 15
1704575010 34
1704575042 11
1704575074 14
1704575106 5
1704575138 10
1704575170 24
1704575202 10
1704575234 25
1704575266 19
1704575298 11
1704575330 5
1704575362 11
1704575394 11
1704575426 23
1704575458 19
1704575490 1



# Sketch: 19
1704574914 39
1704574946 9
1704574978 22
1704575010 15
1704575042 29
1704575074 4
1704575106 14
1704575138 20
1704575170 18
1704575202 12
1704575234 32
1704575266 16
1704575298 16
1704575330 15
1704575362 11
1704575394 25
1704575426 15
1704575458 17
1704575490 6



# Sketch: 20
1704574914 24
1704574946 16
1704574978 19
1704575010 13
1704575042 7
1704575074 4
1704575106 6
1704575138 17
1704575170 12
1704575202 17
1704575234 3
1704575266 16
1704575298 8
1704575330 6
1704575362 12
1704575394 12
1704575426 20
1704575458 14
1704575490 13



# Sketch: 21
1704574914 24
1704574946 13
1704574978 15
1704575010 16
1704575042 30
1704575074 10
1704575106 31
1704575138 21
1704575170 22
1704575202 22
1704575234 33
1704575266 23
1704575298 30
1704575330 14
1704575362 15
1704575394 18
1704575426 25
1704575458 12
1704575490 15



# Sketch: 22
1704574914 11
1704574946 13
1704574978 12
1704575010 16
1704575042 11
1704575074 5
1704575106 67
1704575138 90
1704575170 62
1704575202 19
1704575234 16
1704575266 23
1704575298 15
1704575330 6
1704575362 7
1704575394 13
1704575426 20
1704575458 41
1704575490 6



# Sketch: 23
1704574914 13
1704574946 16
1704574978 14
1704575010 7
1704575042 23
1704575074 7
1704575106 10
1704575138 17
1704575170 33
1704575202 15
1704575234 11
1704575266 19
1704575298 9
1704575330 15
1704575362 4
1704575394 7
1704575426 13
1704575458 17
1704575490 7



# Sketch: 24
1704574914 12
1704574946 15
1704574978 7
1704575010 19
1704575042 17
1704575074 20
1704575106 13
1704575138 19
1704575170 79
1704575202 12
1704575234 8
1704575266 20
1704575298 9
1704575330 15
1704575362 18
1704575394 21
1704575426 21
1704575458 8
1704575490 8



# Sketch: 25
1704574914 17
1704574946 11
1704574978 22
1704575010 16
1704575042 24
1704575074 25
1704575106 20
1704575138 17
1704575170 17
1704575202 23
1704575234 21
1704575266 23
1704575298 13
1704575330 20
1704575362 14
1704575394 13
1704575426 9
1704575458 24
1704575490 12



# Sketch: 26
1704574914 25
1704574946 10
1704574978 20
1704575010 8
1704575042 10
1704575074 9
1704575106 14
1704575138 16
1704575170 22
1704575202 22
1704575234 16
1704575266 3
1704575298 3
1704575330 9
1704575362 10
1704575394 17
1704575426 14
1704575458 15
1704575490 8



# Sketch: 27
1704574914 16
1704574946 9
1704574978 8
1704575010 18
1704575042 8
1704575074 3
1704575106 7
1704575138 6
1704575170 11
1704575202 10
1704575234 10
1704575266 19
1704575298 13
1704575330 12
1704575362 17
1704575394 14
1704575426 3
1704575458 9
1704575490 8



# Sketch: 28
1704574914 21
1704574946 8
1704574978 10
1704575010 13
1704575042 16
1704575074 7
1704575106 14
1704575138 32
1704575170 21
1704575202 11
1704575234 15
1704575266 13
1704575298 11
1704575330 11
1704575362 8
1704575394 26
1704575426 19
1704575458 15
1704575490 3



# Sketch: 29
1704574914 32
1704574946 6
1704574978 16
1704575010 18
1704575042 8
1704575074 6
1704575106 14
1704575138 18
1704575170 18
1704575202 12
1704575234 11
1704575266 15
1704575298 9
1704575330 6
1704575362 21
1704575394 8
1704575426 4
1704575458 15
1704575490 4



# Sketch: 30
1704574914 13
1704574946 10
1704574978 8
1704575010 14
1704575042 15
1704575074 26
1704575106 9
1704575138 8
1704575170 18
1704575202 24
1704575234 12
1704575266 12
1704575298 8
1704575330 11
1704575362 12
1704575394 15
1704575426 8
1704575458 3
1704575490 3



# Sketch: 31
1704574914 49
1704574946 33
1704574978 22
1704575010 16
1704575042 16
1704575074 5
1704575106 24
1704575138 30
1704575170 28
1704575202 18
1704575234 12
1704575266 57
1704575298 20
1704575330 13
1704575362 8
1704575394 17
1704575426 23
1704575458 16
1704575490 15

