

# Sketch: 0
1704574914 24
1704574978 15
1704575042 24
1704575106 19
1704575170 23
1704575234 37
1704575298 9
1704575362 25
1704575426 26
1704575490 3



# Sketch: 1
1704574914 52
1704574978 38
1704575042 28
1704575106 46
1704575170 38
1704575234 74
1704575298 48
1704575362 36
1704575426 44
1704575490 7



# Sketch: 2
1704574914 25
1704574978 40
1704575042 22
1704575106 21
1704575170 27
1704575234 20
1704575298 22
1704575362 20
1704575426 19
1704575490 6



# Sketch: 3
1704574914 33
1704574978 26
1704575042 23
1704575106 28
1704575170 48
1704575234 32
1704575298 19
1704575362 41
1704575426 42
1704575490 9



# Sketch: 4
1704574914 37
1704574978 24
1704575042 50
1704575106 28
1704575170 20
1704575234 26
1704575298 31
1704575362 43
1704575426 28
1704575490 5



# Sketch: 5
1704574914 26
1704574978 23
1704575042 21
1704575106 30
1704575170 34
1704575234 34
1704575298 20
1704575362 27
1704575426 28
1704575490 18



# Sketch: 6
1704574914 27
1704574978 39
1704575042 68
1704575106 135
1704575170 25
1704575234 15
1704575298 23
1704575362 23
1704575426 41
1704575490 16



# Sketch: 7
1704574914 41
1704574978 39
1704575042 45
1704575106 45
1704575170 38
1704575234 32
1704575298 30
1704575362 30
1704575426 38
1704575490 17



# Sketch: 8
1704574914 37
1704574978 19
1704575042 8
1704575106 18
1704575170 35
1704575234 45
1704575298 60
1704575362 35
1704575426 27
1704575490 10



# Sketch: 9
1704574914 31
1704574978 32
1704575042 17
1704575106 47
1704575170 29
1704575234 35
1704575298 30
1704575362 20
1704575426 26
1704575490 6



# Sketch: 10
1704574914 37
1704574978 23
1704575042 19
1704575106 52
1704575170 42
1704575234 25
1704575298 16
1704575362 27
1704575426 29
1704575490 15



# Sketch: 11
1704574914 23
1704574978 24
1704575042 42
1704575106 41
1704575170 59
1704575234 27
1704575298 28
1704575362 26
1704575426 34
1704575490 5



# Sketch: 12
1704574914 33
1704574978 27
1704575042 24
1704575106 28
1704575170 52
1704575234 26
1704575298 17
1704575362 14
1704575426 29
1704575490 17



# Sketch: 13
1704574914 28
1704574978 18
1704575042 30
1704575106 27
1704575170 44
1704575234 37
1704575298 20
1704575362 35
1704575426 30
1704575490 5



# Sketch: 14
1704574914 32
1704574978 23
1704575042 20
1704575106 42
1704575170 56
1704575234 37
1704575298 22
1704575362 22
1704575426 17
1704575490 17



# Sketch: 15
1704574914 67
1704574978 36
1704575042 26
1704575106 44
1704575170 48
1704575234 78
1704575298 47
1704575362 58
1704575426 56
1704575490 12



# Sketch: 16
1704574914 20
1704574978 38
1704575042 24
1704575106 24
1704575170 31
1704575234 39
1704575298 20
1704575362 26
1704575426 26
1704575490 8



# Sketch: 17
1704574914 27
1704574978 28
1704575042 39
1704575106 38
1704575170 23
1704575234 35
1704575298 38
1704575362 22
1704575426 24
1704575490 2



# Sketch: 18
1704574914 42
1704574978 26
1704575042 22
1704575106 56
1704575170 39
1704575234 18
1704575298 14
1704575362 18
1704575426 13
1704575490 13



# Sketch: 19
1704574914 24
1704574978 30
1704575042 22
1704575106 29
1704575170 26
1704575234 26
1704575298 19
1704575362 43
1704575426 24
1704575490 4



# Sketch: 20
1704574914 41
1704574978 26
1704575042 25
1704575106 23
1704575170 36
1704575234 56
1704575298 22
1704575362 36
1704575426 30
1704575490 5



# Sketch: 21
1704574914 34
1704574978 26
1704575042 37
1704575106 116
1704575170 36
1704575234 39
1704575298 22
1704575362 49
1704575426 19
1704575490 6



# Sketch: 22
1704574914 38
1704574978 29
1704575042 26
1704575106 21
1704575170 76
1704575234 22
1704575298 28
1704575362 26
1704575426 43
1704575490 4



# Sketch: 23
1704574914 33
1704574978 25
1704575042 39
1704575106 24
1704575170 57
1704575234 23
1704575298 11
1704575362 26
1704575426 24
1704575490 6



# Sketch: 24
1704574914 37
1704574978 27
1704575042 29
1704575106 34
1704575170 41
1704575234 18
1704575298 25
1704575362 12
1704575426 35
1704575490 10



# Sketch: 25
1704574914 15
1704574978 32
1704575042 22
1704575106 80
1704575170 34
1704575234 33
1704575298 21
1704575362 15
1704575426 20
1704575490 12



# Sketch: 26
1704574914 42
1704574978 25
1704575042 22
1704575106 24
1704575170 28
1704575234 31
1704575298 43
1704575362 24
1704575426 38
1704575490 10



# Sketch: 27
1704574914 38
1704574978 32
1704575042 35
1704575106 51
1704575170 81
1704575234 31
1704575298 56
1704575362 25
1704575426 41
1704575490 8



# Sketch: 28
1704574914 17
1704574978 29
1704575042 17
1704575106 27
1704575170 22
1704575234 25
1704575298 18
1704575362 27
1704575426 41
1704575490 3



# Sketch: 29
1704574914 37
1704574978 40
1704575042 26
1704575106 41
1704575170 38
1704575234 47
1704575298 28
1704575362 31
1704575426 47
1704575490 11



# Sketch: 30
1704574914 27
1704574978 32
1704575042 22
1704575106 23
1704575170 19
1704575234 25
1704575298 28
1704575362 38
1704575426 31
1704575490 2



# Sketch: 31
1704574914 33
1704574978 30
1704575042 42
1704575106 34
1704575170 46
1704575234 28
1704575298 18
1704575362 19
1704575426 19
1704575490 8

