

# Sketch: 0
0 0.295152
1 0.21053
2 0.22888
3 0.236704
4 0.129223
5 0.167346
6 0.729836
7 0.272555



# Sketch: 1
0 0.506219
1 0.497195
2 0.468526
3 0.446645
4 0.527349
5 0.543449
6 0.656074
7 0.41231



# Sketch: 2
0 0.539661
1 0.377012
2 0.575308
3 0.329711
4 0.470927
5 0.283211
6 0.503346
7 3.7194



# Sketch: 3
0 0.583711
1 0.624278
2 0.513028
3 0.432618
4 0.354496
5 0.390322
6 0.414387
7 0.484001



# Sketch: 4
0 0.541871
1 0.442085
2 0.38623
3 0.473152
4 0.646244
5 0.601979
6 0.352575
7 0.545124



# Sketch: 5
0 0.464527
1 0.42009
2 0.343057
3 0.320866
4 0.331192
5 0.361956
6 0.34867
7 0.464838



# Sketch: 6
0 0.210889
1 0.288978
2 0.418009
3 0.487906
4 0.54757
5 0.529998
6 0.739983
7 0.569103



# Sketch: 7
0 0.27931
1 0.442522
2 0.621436
3 0.675359
4 0.732384
5 0.760255
6 0.69265
7 0.462718



# Sketch: 8
0 1.30119
1 0.764596
2 0.615732
3 0.644282
4 0.629489
5 0.522505
6 0.709115
7 0.570109



# Sketch: 9
0 0.832651
1 0.812612
2 0.783368
3 0.758927
4 0.856252
5 0.827507
6 0.906577
7 0.799802



# Sketch: 10
0 0.796991
1 0.575914
2 0.576977
3 0.518413
4 0.531078
5 0.555069
6 0.426798
7 0.49552



# Sketch: 11
0 0.0435919
1 0.104716
2 0.128727
3 0.173542
4 0.351857
5 0.475762
6 0.278047
7 1.16272



# Sketch: 12
0 0.643826
1 0.539973
2 0.582374
3 0.619244
4 0.835982
5 0.711517
6 1.65913
7 0.796966



# Sketch: 13
0 0.16924
1 0.171179
2 0.196597
3 0.232467
4 0.415695
5 1.30183
6 1.08485
7 0.589184



# Sketch: 14
0 0.946221
1 0.96883
2 0.898151
3 0.791974
4 1.15562
5 0.664667
6 0.669175
7 0.453992



# Sketch: 15
0 0.0344296
1 0.129978
2 0.156143
3 0.186676
4 0.310548
5 0.530563
6 0.718296
7 0.449064



# Sketch: 16
0 0.32435
1 0.280625
2 0.270175
3 0.274701
4 0.31051
5 0.417745
6 0.268623
7 0.482747



# Sketch: 17
0 1.60532
1 1.56334
2 1.55376
3 1.84146
4 1.00597
5 0.854189
6 1.0451
7 1.57121



# Sketch: 18
0 0.379199
1 0.402255
2 0.51204
3 0.552078
4 0.427522
5 0.503308
6 0.665889
7 0.416496



# Sketch: 19
0 0.162875
1 0.240985
2 0.401928
3 0.33292
4 0.242309
5 0.268433
6 0.559202
7 0.371093



# Sketch: 20
0 0.665048
1 0.584048
2 0.493725
3 0.374443
4 0.361447
5 0.415633
6 0.363422
7 0.554245



# Sketch: 21
0 1.64385
1 1.6293
2 1.51091
3 1.43744
4 1.33814
5 1.05327
6 1.38419
7 0.364155



# Sketch: 22
0 1.35579
1 1.67962
2 1.79622
3 1.98873
4 2.71267
5 2.97185
6 3.47092
7 3.32437



# Sketch: 23
0 0.505894
1 0.466809
2 0.485319
3 0.417732
4 0.520115
5 0.46158
6 0.436272
7 0.489029



# Sketch: 24
0 0.394566
1 0.589512
2 0.641158
3 0.896725
4 1.0053
5 1.24346
6 0.789664
7 0.770759



# Sketch: 25
0 1.44662
1 1.14816
2 0.887259
3 1.97021
4 1.74235
5 2.43269
6 1.23805
7 0.405843



# Sketch: 26
0 0.543939
1 0.506065
2 0.538828
3 0.457138
4 0.402215
5 0.415525
6 0.405563
7 0.556722



# Sketch: 27
0 0.910643
1 0.780324
2 0.583552
3 0.517566
4 0.486725
5 0.4682
6 0.453061
7 0.583035



# Sketch: 28
0 0.772675
1 0.606799
2 0.415639
3 0.442305
4 0.30586
5 0.385135
6 0.294624
7 0.6743



# Sketch: 29
0 0.660601
1 0.589953
2 0.54939
3 0.510084
4 0.592144
5 0.59437
6 0.479268
7 0.508162



# Sketch: 30
0 0.646824
1 0.549141
2 0.410701
3 0.399023
4 0.588339
5 0.510031
6 0.738906
7 0.504479



# Sketch: 31
0 0.664659
1 0.818677
2 0.405916
3 0.625696
4 0.471607
5 0.439586
6 0.443535
7 0.48932

