

# Sketch: 0
0 0.617913
1 0.602891
2 0.554255
3 0.68339
4 0.558682
5 0.5219
6 0.548424
7 0.512128



# Sketch: 1
0 1.97822
1 1.90788
2 1.89964
3 1.36094
4 1.43405
5 0.636862
6 0.674314
7 0.276844



# Sketch: 2
0 0.237973
1 0.432782
2 0.377605
3 0.454041
4 0.326343
5 0.34185
6 0.427233
7 0.294233



# Sketch: 3
0 0.362016
1 0.38085
2 0.538284
3 0.628182
4 0.512257
5 0.625769
6 0.537406
7 0.497181



# Sketch: 4
0 0.448295
1 0.496903
2 0.43824
3 0.607016
4 0.56159
5 0.611916
6 0.400241
7 0.533052



# Sketch: 5
0 0.81844
1 0.734473
2 0.989041
3 0.748284
4 0.654552
5 0.301222
6 0.352346
7 0.523272



# Sketch: 6
0 0.419157
1 0.404858
2 0.379416
3 0.357395
4 0.444893
5 0.654975
6 0.708371
7 0.796214



# Sketch: 7
0 0.558629
1 0.421666
2 0.488564
3 0.484287
4 0.364004
5 0.417802
6 0.922108
7 0.851769



# Sketch: 8
0 0.410319
1 0.356777
2 0.492487
3 0.279473
4 0.319708
5 0.289581
6 0.302167
7 0.417649



# Sketch: 9
0 0.274945
1 0.378322
2 0.362087
3 0.26581
4 0.258278
5 0.439883
6 0.291601
7 0.592694



# Sketch: 10
0 0.581284
1 0.659682
2 0.722763
3 0.747637
4 0.718683
5 0.667285
6 0.64083
7 0.528309



# Sketch: 11
0 0.311344
1 0.225123
2 0.110866
3 0.229623
4 0.358117
5 0.473626
6 0.564126
7 1.24897



# Sketch: 12
0 1.30677
1 1.05659
2 0.563943
3 0.477168
4 0.55376
5 0.520574
6 0.401374
7 0.263668



# Sketch: 13
0 0.760169
1 0.583139
2 0.426838
3 0.336197
4 0.394864
5 0.42577
6 0.391168
7 0.695153



# Sketch: 14
0 0.699115
1 0.358541
2 0.153689
3 0.229409
4 0.114382
5 0.0768084
6 0.421264
7 0.952927



# Sketch: 15
0 0.652484
1 0.489885
2 0.57108
3 0.698148
4 0.622497
5 0.616869
6 0.549903
7 0.69135



# Sketch: 16
0 0.335919
1 0.286195
2 0.28151
3 0.255449
4 0.303248
5 0.351652
6 0.581778
7 0.325995



# Sketch: 17
0 0.0770281
1 0.131291
2 0.174855
3 0.198848
4 0.334412
5 0.325596
6 0.272647
7 0.481889



# Sketch: 18
0 1.71789
1 1.50063
2 1.6445
3 1.95792
4 1.67715
5 1.72664
6 1.74141
7 2.13738



# Sketch: 19
0 0.431408
1 0.376004
2 0.479195
3 0.48159
4 0.692547
5 0.482556
6 0.29
7 0.453395



# Sketch: 20
0 1.35944
1 0.924749
2 0.552967
3 0.939804
4 0.724045
5 0.57445
6 0.753454
7 0.295958



# Sketch: 21
0 1.04683
1 0.783544
2 0.574382
3 0.345878
4 0.532725
5 0.578474
6 0.432827
7 0.67107



# Sketch: 22
0 0.50915
1 0.404432
2 0.415116
3 0.351083
4 0.282115
5 0.337165
6 0.322883
7 0.594762



# Sketch: 23
0 0.443445
1 0.331556
2 0.318548
3 0.385539
4 0.291407
5 0.574892
6 0.322967
7 4.63947



# Sketch: 24
0 0.558629
1 0.422817
2 0.372627
3 0.344687
4 0.367411
5 0.79215
6 0.389513
7 0.464261



# Sketch: 25
0 0.577157
1 0.486196
2 0.371911
3 0.339648
4 0.365237
5 0.510807
6 2.10279
7 0.659806



# Sketch: 26
0 0.345711
1 0.316426
2 0.21805
3 0.460719
4 0.221302
5 0.227105
6 0.501194
7 0.71438



# Sketch: 27
0 1.51716
1 1.52483
2 1.83769
3 1.44506
4 1.58863
5 1.4815
6 2.5234
7 3.0688



# Sketch: 28
0 0.518484
1 0.505251
2 0.762531
3 0.491472
4 0.317442
5 0.340271
6 0.348541
7 0.456014



# Sketch: 29
0 0.235067
1 0.171915
2 0.178955
3 0.186533
4 0.32756
5 0.472903
6 0.218283
7 0.493979



# Sketch: 30
0 0.805671
1 0.563558
2 0.55208
3 0.520619
4 0.363183
5 0.487452
6 0.583518
7 0.563309



# Sketch: 31
0 0.750114
1 0.681242
2 0.663515
3 0.712868
4 1.42802
5 1.25826
6 1.00725
7 0.508247

