

# Sketch: 0
1704575514 35
1704575642 54
1704575770 28
1704575898 30
1704576026 43



# Sketch: 1
1704575514 47
1704575642 55
1704575770 48
1704575898 41
1704576026 17



# Sketch: 2
1704575514 73
1704575642 70
1704575770 70
1704575898 46
1704576026 52



# Sketch: 3
1704575514 48
1704575642 46
1704575770 41
1704575898 36
1704576026 29



# Sketch: 4
1704575514 41
1704575642 40
1704575770 32
1704575898 37
1704576026 48



# Sketch: 5
1704575514 57
1704575642 59
1704575770 56
1704575898 47
1704576026 41



# Sketch: 6
1704575514 80
1704575642 52
1704575770 72
1704575898 63
1704576026 51



# Sketch: 7
1704575514 53
1704575642 60
1704575770 43
1704575898 46
1704576026 67



# Sketch: 8
1704575514 53
1704575642 50
1704575770 64
1704575898 49
1704576026 39



# Sketch: 9
1704575514 62
1704575642 61
1704575770 61
1704575898 43
1704576026 29



# Sketch: 10
1704575514 71
1704575642 88
1704575770 61
1704575898 57
1704576026 34



# Sketch: 11
1704575514 70
1704575642 79
1704575770 67
1704575898 67
1704576026 62



# Sketch: 12
1704575514 57
1704575642 51
1704575770 64
1704575898 44
1704576026 24



# Sketch: 13
1704575514 42
1704575642 76
1704575770 57
1704575898 53
1704576026 32



# Sketch: 14
1704575514 110
1704575642 69
1704575770 47
1704575898 69
1704576026 41



# Sketch: 15
1704575514 56
1704575642 75
1704575770 47
1704575898 59
1704576026 43



# Sketch: 16
1704575514 63
1704575642 65
1704575770 38
1704575898 50
1704576026 28



# Sketch: 17
1704575514 32
1704575642 62
1704575770 63
1704575898 28
1704576026 26



# Sketch: 18
1704575514 40
1704575642 55
1704575770 46
1704575898 33
1704576026 54



# Sketch: 19
1704575514 21
1704575642 42
1704575770 38
1704575898 41
1704576026 36



# Sketch: 20
1704575514 66
1704575642 61
1704575770 44
1704575898 49
1704576026 37



# Sketch: 21
1704575514 94
1704575642 114
1704575770 104
1704575898 96
1704576026 62



# Sketch: 22
1704575514 41
1704575642 54
1704575770 60
1704575898 45
1704576026 79



# Sketch: 23
1704575514 39
1704575642 59
1704575770 45
1704575898 43
1704576026 39



# Sketch: 24
1704575514 54
1704575642 41
1704575770 52
1704575898 56
1704576026 16



# Sketch: 25
1704575514 80
1704575642 75
1704575770 66
1704575898 92
1704576026 44



# Sketch: 26
1704575514 55
1704575642 53
1704575770 47
1704575898 40
1704576026 42



# Sketch: 27
1704575514 64
1704575642 83
1704575770 94
1704575898 83
1704576026 53



# Sketch: 28
1704575514 67
1704575642 60
1704575770 78
1704575898 46
1704576026 41



# Sketch: 29
1704575514 50
1704575642 71
1704575770 70
1704575898 43
1704576026 24



# Sketch: 30
1704575514 47
1704575642 41
1704575770 74
1704575898 44
1704576026 32



# Sketch: 31
1704575514 41
1704575642 40
1704575770 23
1704575898 31
1704576026 27

