

# Sketch: 0
1704575514 41
1704575578 60
1704575642 38
1704575706 66
1704575770 70
1704575834 49
1704575898 44
1704575962 28
1704576026 68
1704576090 8



# Sketch: 1
1704575514 40
1704575578 25
1704575642 22
1704575706 25
1704575770 25
1704575834 27
1704575898 18
1704575962 29
1704576026 56
1704576090 11



# Sketch: 2
1704575514 34
1704575578 24
1704575642 18
1704575706 67
1704575770 61
1704575834 26
1704575898 16
1704575962 16
1704576026 37
1704576090 5



# Sketch: 3
1704575514 41
1704575578 31
1704575642 38
1704575706 42
1704575770 33
1704575834 42
1704575898 45
1704575962 38
1704576026 49
1704576090 4



# Sketch: 4
1704575514 44
1704575578 26
1704575642 29
1704575706 27
1704575770 22
1704575834 40
1704575898 29
1704575962 17
1704576026 25
1704576090 8



# Sketch: 5
1704575514 16
1704575578 20
1704575642 22
1704575706 25
1704575770 17
1704575834 19
1704575898 20
1704575962 17
1704576026 23
1704576090 8



# Sketch: 6
1704575514 40
1704575578 20
1704575642 23
1704575706 42
1704575770 27
1704575834 26
1704575898 37
1704575962 17
1704576026 22
1704576090 5



# Sketch: 7
1704575514 24
1704575578 20
1704575642 25
1704575706 29
1704575770 32
1704575834 22
1704575898 16
1704575962 40
1704576026 34
1704576090 5



# Sketch: 8
1704575514 30
1704575578 19
1704575642 10
1704575706 28
1704575770 19
1704575834 24
1704575898 13
1704575962 20
1704576026 22
1704576090 10



# Sketch: 9
1704575514 23
1704575578 15
1704575642 21
1704575706 31
1704575770 17
1704575834 33
1704575898 16
1704575962 27
1704576026 22
1704576090 16



# Sketch: 10
1704575514 26
1704575578 10
1704575642 28
1704575706 39
1704575770 15
1704575834 29
1704575898 31
1704575962 28
1704576026 14
1704576090 3



# Sketch: 11
1704575514 46
1704575578 15
1704575642 27
1704575706 37
1704575770 51
1704575834 26
1704575898 18
1704575962 49
1704576026 39
1704576090 9



# Sketch: 12
1704575514 31
1704575578 16
1704575642 26
1704575706 33
1704575770 25
1704575834 29
1704575898 20
1704575962 24
1704576026 24
1704576090 14



# Sketch: 13
1704575514 18
1704575578 21
1704575642 21
1704575706 29
1704575770 22
1704575834 14
1704575898 16
1704575962 12
1704576026 42
1704576090 3



# Sketch: 14
1704575514 46
1704575578 18
1704575642 29
1704575706 33
1704575770 24
1704575834 43
1704575898 15
1704575962 23
1704576026 30
1704576090 11



# Sketch: 15
1704575514 39
1704575578 19
1704575642 25
1704575706 17
1704575770 24
1704575834 38
1704575898 28
1704575962 31
1704576026 23
1704576090 8



# Sketch: 16
1704575514 20
1704575578 25
1704575642 68
1704575706 34
1704575770 24
1704575834 29
1704575898 22
1704575962 32
1704576026 22
1704576090 9



# Sketch: 17
1704575514 15
1704575578 22
1704575642 18
1704575706 18
1704575770 28
1704575834 16
1704575898 19
1704575962 17
1704576026 17
1704576090 6



# Sketch: 18
1704575514 22
1704575578 32
1704575642 26
1704575706 24
1704575770 17
1704575834 21
1704575898 18
1704575962 38
1704576026 30
1704576090 4



# Sketch: 19
1704575514 26
1704575578 72
1704575642 32
1704575706 30
1704575770 22
1704575834 28
1704575898 18
1704575962 39
1704576026 37
1704576090 11



# Sketch: 20
1704575514 32
1704575578 28
1704575642 37
1704575706 34
1704575770 24
1704575834 27
1704575898 17
1704575962 29
1704576026 29
1704576090 2



# Sketch: 21
1704575514 27
1704575578 21
1704575642 31
1704575706 25
1704575770 24
1704575834 24
1704575898 18
1704575962 27
1704576026 25
1704576090 9



# Sketch: 22
1704575514 46
1704575578 26
1704575642 43
1704575706 37
1704575770 11
1704575834 33
1704575898 35
1704575962 11
1704576026 37
1704576090 57



# Sketch: 23
1704575514 38
1704575578 17
1704575642 17
1704575706 26
1704575770 30
1704575834 19
1704575898 11
1704575962 32
1704576026 23
1704576090 4



# Sketch: 24
1704575514 36
1704575578 44
1704575642 34
1704575706 55
1704575770 67
1704575834 35
1704575898 30
1704575962 31
1704576026 48
1704576090 14



# Sketch: 25
1704575514 31
1704575578 30
1704575642 47
1704575706 20
1704575770 26
1704575834 27
1704575898 20
1704575962 15
1704576026 30
1704576090 3



# Sketch: 26
1704575514 21
1704575578 23
1704575642 22
1704575706 11
1704575770 28
1704575834 12
1704575898 23
1704575962 20
1704576026 14
1704576090 2



# Sketch: 27
1704575514 34
1704575578 22
1704575642 55
1704575706 36
1704575770 62
1704575834 26
1704575898 22
1704575962 45
1704576026 35
1704576090 7



# Sketch: 28
1704575514 16
1704575578 15
1704575642 18
1704575706 22
1704575770 11
1704575834 17
1704575898 19
1704575962 30
1704576026 32
1704576090 5



# Sketch: 29
1704575514 41
1704575578 21
1704575642 25
1704575706 31
1704575770 25
1704575834 22
1704575898 17
1704575962 28
1704576026 29
1704576090 4



# Sketch: 30
1704575514 39
1704575578 27
1704575642 32
1704575706 37
1704575770 19
1704575834 23
1704575898 53
1704575962 18
1704576026 34
1704576090 26



# Sketch: 31
1704575514 25
1704575578 17
1704575642 32
1704575706 12
1704575770 23
1704575834 29
1704575898 33
1704575962 22
1704576026 24
1704576090 5

