

# Sketch: 0
1704575514 12
1704575546 9
1704575578 7
1704575610 15
1704575642 10
1704575674 7
1704575706 11
1704575738 22
1704575770 8
1704575802 11
1704575834 13
1704575866 18
1704575898 9
1704575930 8
1704575962 6
1704575994 12
1704576026 9
1704576058 10
1704576090 6



# Sketch: 1
1704575514 26
1704575546 14
1704575578 23
1704575610 10
1704575642 25
1704575674 16
1704575706 22
1704575738 44
1704575770 17
1704575802 47
1704575834 18
1704575866 14
1704575898 31
1704575930 18
1704575962 15
1704575994 21
1704576026 16
1704576058 32
1704576090 17



# Sketch: 2
1704575514 18
1704575546 17
1704575578 5
1704575610 7
1704575642 30
1704575674 8
1704575706 16
1704575738 10
1704575770 5
1704575802 12
1704575834 7
1704575866 8
1704575898 14
1704575930 6
1704575962 3
1704575994 6
1704576026 15
1704576058 7
1704576090 4



# Sketch: 3
1704575514 16
1704575546 17
1704575578 12
1704575610 17
1704575642 14
1704575674 14
1704575706 22
1704575738 11
1704575770 13
1704575802 9
1704575834 13
1704575866 24
1704575898 9
1704575930 5
1704575962 7
1704575994 19
1704576026 4
1704576058 11
1704576090 7



# Sketch: 4
1704575514 7
1704575546 10
1704575578 2
1704575610 10
1704575642 28
1704575674 14
1704575706 10
1704575738 2
1704575770 6
1704575802 13
1704575834 11
1704575866 19
1704575898 1
1704575930 8
1704575962 3
1704575994 12
1704576026 29
1704576058 15
1704576090 6



# Sketch: 5
1704575514 22
1704575546 7
1704575578 8
1704575610 9
1704575642 10
1704575674 15
1704575706 10
1704575738 12
1704575770 7
1704575802 6
1704575834 7
1704575866 13
1704575898 9
1704575930 5
1704575962 9
1704575994 13
1704576026 10
1704576058 10
1704576090 3



# Sketch: 6
1704575514 14
1704575546 12
1704575578 13
1704575610 13
1704575642 15
1704575674 15
1704575706 19
1704575738 11
1704575770 10
1704575802 13
1704575834 6
1704575866 13
1704575898 12
1704575930 9
1704575962 14
1704575994 26
1704576026 8
1704576058 11
1704576090 3



# Sketch: 7
1704575514 29
1704575546 7
1704575578 4
1704575610 20
1704575642 25
1704575674 10
1704575706 9
1704575738 15
1704575770 17
1704575802 19
1704575834 9
1704575866 11
1704575898 7
1704575930 12
1704575962 10
1704575994 23
1704576026 10
1704576058 24
1704576090 2



# Sketch: 8
1704575514 22
1704575546 11
1704575578 9
1704575610 13
1704575642 16
1704575674 12
1704575706 7
1704575738 11
1704575770 35
1704575802 14
1704575834 16
1704575866 23
1704575898 23
1704575930 15
1704575962 5
1704575994 16
1704576026 31
1704576058 14
1704576090 10



# Sketch: 9
1704575514 22
1704575546 32
1704575578 15
1704575610 14
1704575642 15
1704575674 20
1704575706 17
1704575738 12
1704575770 16
1704575802 16
1704575834 23
1704575866 12
1704575898 8
1704575930 15
1704575962 9
1704575994 15
1704576026 4
1704576058 9
1704576090 5



# Sketch: 10
1704575514 26
1704575546 8
1704575578 13
1704575610 4
1704575642 5
1704575674 20
1704575706 10
1704575738 27
1704575770 8
1704575802 19
1704575834 11
1704575866 13
1704575898 16
1704575930 11
1704575962 8
1704575994 15
1704576026 10
1704576058 10
1704576090 1



# Sketch: 11
1704575514 26
1704575546 24
1704575578 13
1704575610 9
1704575642 15
1704575674 6
1704575706 11
1704575738 18
1704575770 9
1704575802 12
1704575834 11
1704575866 16
1704575898 24
1704575930 12
1704575962 13
1704575994 21
1704576026 8
1704576058 21
1704576090 5



# Sketch: 12
1704575514 5
1704575546 11
1704575578 2
1704575610 7
1704575642 12
1704575674 8
1704575706 11
1704575738 23
1704575770 11
1704575802 7
1704575834 7
1704575866 17
1704575898 8
1704575930 14
1704575962 11
1704575994 14
1704576026 14
1704576058 16
1704576090 6



# Sketch: 13
1704575514 17
1704575546 15
1704575578 16
1704575610 7
1704575642 12
1704575674 19
1704575706 9
1704575738 7
1704575770 10
1704575802 6
1704575834 16
1704575866 14
1704575898 3
1704575930 7
1704575962 5
1704575994 14
1704576026 16
1704576058 6
1704576090 8



# Sketch: 14
1704575514 16
1704575546 33
1704575578 20
1704575610 15
1704575642 18
1704575674 11
1704575706 11
1704575738 30
1704575770 15
1704575802 18
1704575834 7
1704575866 24
1704575898 8
1704575930 6
1704575962 17
1704575994 18
1704576026 22
1704576058 12
1704576090 17



# Sketch: 15
1704575514 17
1704575546 11
1704575578 21
1704575610 9
1704575642 28
1704575674 15
1704575706 14
1704575738 34
1704575770 19
1704575802 38
1704575834 19
1704575866 21
1704575898 17
1704575930 40
1704575962 17
1704575994 14
1704576026 60
1704576058 43
1704576090 6



# Sketch: 16
1704575514 26
1704575546 10
1704575578 10
1704575610 23
1704575642 9
1704575674 26
1704575706 8
1704575738 35
1704575770 35
1704575802 4
1704575834 10
1704575866 11
1704575898 16
1704575930 9
1704575962 9
1704575994 12
1704576026 15
1704576058 11
1704576090 10



# Sketch: 17
1704575514 10
1704575546 15
1704575578 11
1704575610 12
1704575642 21
1704575674 8
1704575706 15
1704575738 16
1704575770 6
1704575802 17
1704575834 9
1704575866 12
1704575898 4
1704575930 11
1704575962 3
1704575994 11
1704576026 33
1704576058 13
1704576090 52



# Sketch: 18
1704575514 46
1704575546 17
1704575578 14
1704575610 21
1704575642 9
1704575674 8
1704575706 10
1704575738 3
1704575770 10
1704575802 4
1704575834 4
1704575866 11
1704575898 7
1704575930 16
1704575962 12
1704575994 11
1704576026 12
1704576058 14
1704576090 4



# Sketch: 19
1704575514 8
1704575546 12
1704575578 12
1704575610 75
1704575642 31
1704575674 11
1704575706 6
1704575738 13
1704575770 3
1704575802 10
1704575834 7
1704575866 20
1704575898 6
1704575930 13
1704575962 3
1704575994 16
1704576026 12
1704576058 11
1704576090 12



# Sketch: 20
1704575514 10
1704575546 7
1704575578 2
1704575610 11
1704575642 14
1704575674 14
1704575706 11
1704575738 15
1704575770 19
1704575802 21
1704575834 19
1704575866 10
1704575898 8
1704575930 17
1704575962 33
1704575994 23
1704576026 8
1704576058 17
1704576090 8



# Sketch: 21
1704575514 18
1704575546 12
1704575578 14
1704575610 17
1704575642 27
1704575674 27
1704575706 15
1704575738 14
1704575770 10
1704575802 23
1704575834 15
1704575866 14
1704575898 12
1704575930 13
1704575962 15
1704575994 18
1704576026 12
1704576058 23
1704576090 25



# Sketch: 22
1704575514 21
1704575546 8
1704575578 7
1704575610 12
1704575642 15
1704575674 14
1704575706 12
1704575738 14
1704575770 15
1704575802 7
1704575834 14
1704575866 12
1704575898 16
1704575930 21
1704575962 6
1704575994 27
1704576026 23
1704576058 19
1704576090 7



# Sketch: 23
1704575514 15
1704575546 7
1704575578 7
1704575610 19
1704575642 27
1704575674 7
1704575706 19
1704575738 11
1704575770 9
1704575802 10
1704575834 15
1704575866 7
1704575898 13
1704575930 21
1704575962 9
1704575994 12
1704576026 16
1704576058 16
1704576090 7



# Sketch: 24
1704575514 20
1704575546 7
1704575578 1
1704575610 16
1704575642 11
1704575674 12
1704575706 39
1704575738 20
1704575770 2
1704575802 13
1704575834 11
1704575866 23
1704575898 11
1704575930 14
1704575962 10
1704575994 11
1704576026 11
1704576058 6
1704576090 9



# Sketch: 25
1704575514 16
1704575546 11
1704575578 4
1704575610 9
1704575642 10
1704575674 10
1704575706 14
1704575738 5
1704575770 16
1704575802 11
1704575834 24
1704575866 8
1704575898 12
1704575930 5
1704575962 5
1704575994 12
1704576026 16
1704576058 13
1704576090 13



# Sketch: 26
1704575514 26
1704575546 10
1704575578 8
1704575610 11
1704575642 15
1704575674 18
1704575706 16
1704575738 12
1704575770 41
1704575802 10
1704575834 8
1704575866 10
1704575898 11
1704575930 10
1704575962 11
1704575994 26
1704576026 22
1704576058 12
1704576090 9



# Sketch: 27
1704575514 22
1704575546 9
1704575578 7
1704575610 13
1704575642 9
1704575674 9
1704575706 22
1704575738 17
1704575770 12
1704575802 13
1704575834 18
1704575866 14
1704575898 8
1704575930 5
1704575962 7
1704575994 28
1704576026 13
1704576058 5
1704576090 7



# Sketch: 28
1704575514 19
1704575546 8
1704575578 7
1704575610 11
1704575642 7
1704575674 6
1704575706 8
1704575738 13
1704575770 3
1704575802 18
1704575834 21
1704575866 9
1704575898 4
1704575930 13
1704575962 11
1704575994 12
1704576026 18
1704576058 11
1704576090 7



# Sketch: 29
1704575514 30
1704575546 7
1704575578 22
1704575610 12
1704575642 14
1704575674 16
1704575706 22
1704575738 35
1704575770 11
1704575802 33
1704575834 29
1704575866 18
1704575898 8
1704575930 24
1704575962 5
1704575994 16
1704576026 6
1704576058 29
1704576090 8



# Sketch: 30
1704575514 17
1704575546 8
1704575578 19
1704575610 9
1704575642 13
1704575674 12
1704575706 35
1704575738 20
1704575770 7
1704575802 35
1704575834 8
1704575866 17
1704575898 13
1704575930 10
1704575962 7
1704575994 23
1704576026 16
1704576058 10
1704576090 8



# Sketch: 31
1704575514 14
1704575546 9
1704575578 5
1704575610 18
1704575642 17
1704575674 4
1704575706 5
1704575738 24
1704575770 17
1704575802 14
1704575834 8
1704575866 5
1704575898 10
1704575930 6
1704575962 7
1704575994 28
1704576026 10
1704576058 26
1704576090 4

