

# Sketch: 0
1704576114 13
1704576146 9
1704576178 16
1704576210 15
1704576242 18
1704576274 36
1704576306 25
1704576338 32
1704576370 13
1704576402 6
1704576434 28
1704576466 14
1704576498 21
1704576530 12
1704576562 11
1704576594 12
1704576626 15
1704576658 11
1704576690 3



# Sketch: 1
1704576114 10
1704576146 11
1704576178 5
1704576210 4
1704576242 9
1704576274 52
1704576306 19
1704576338 13
1704576370 12
1704576402 9
1704576434 12
1704576466 5
1704576498 7
1704576530 26
1704576562 14
1704576594 10
1704576626 14
1704576658 27
1704576690 5



# Sketch: 2
1704576114 14
1704576146 15
1704576178 9
1704576210 11
1704576242 13
1704576274 43
1704576306 21
1704576338 32
1704576370 8
1704576402 7
1704576434 20
1704576466 31
1704576498 11
1704576530 7
1704576562 7
1704576594 12
1704576626 20
1704576658 13
1704576690 14



# Sketch: 3
1704576114 23
1704576146 13
1704576178 17
1704576210 14
1704576242 28
1704576274 25
1704576306 21
1704576338 20
1704576370 8
1704576402 11
1704576434 15
1704576466 6
1704576498 6
1704576530 5
1704576562 6
1704576594 12
1704576626 26
1704576658 19
1704576690 7



# Sketch: 4
1704576114 8
1704576146 39
1704576178 9
1704576210 6
1704576242 21
1704576274 20
1704576306 8
1704576338 13
1704576370 22
1704576402 29
1704576434 25
1704576466 19
1704576498 11
1704576530 11
1704576562 9
1704576594 15
1704576626 20
1704576658 14
1704576690 16



# Sketch: 5
1704576114 21
1704576146 19
1704576178 9
1704576210 3
1704576242 15
1704576274 21
1704576306 11
1704576338 20
1704576370 21
1704576402 3
1704576434 20
1704576466 10
1704576498 11
1704576530 19
1704576562 8
1704576594 17
1704576626 23
1704576658 13
1704576690 2



# Sketch: 6
1704576114 7
1704576146 9
1704576178 17
1704576210 8
1704576242 10
1704576274 34
1704576306 53
1704576338 74
1704576370 17
1704576402 5
1704576434 12
1704576466 6
1704576498 12
1704576530 12
1704576562 9
1704576594 13
1704576626 8
1704576658 15
1704576690 9



# Sketch: 7
1704576114 24
1704576146 6
1704576178 18
1704576210 11
1704576242 16
1704576274 31
1704576306 16
1704576338 15
1704576370 13
1704576402 22
1704576434 29
1704576466 12
1704576498 16
1704576530 22
1704576562 19
1704576594 19
1704576626 26
1704576658 24
1704576690 11



# Sketch: 8
1704576114 19
1704576146 11
1704576178 11
1704576210 9
1704576242 4
1704576274 16
1704576306 16
1704576338 10
1704576370 20
1704576402 19
1704576434 11
1704576466 5
1704576498 7
1704576530 10
1704576562 8
1704576594 16
1704576626 10
1704576658 16
1704576690 13



# Sketch: 9
1704576114 46
1704576146 10
1704576178 12
1704576210 9
1704576242 30
1704576274 17
1704576306 20
1704576338 13
1704576370 19
1704576402 4
1704576434 7
1704576466 29
1704576498 17
1704576530 10
1704576562 4
1704576594 18
1704576626 10
1704576658 11
1704576690 7



# Sketch: 10
1704576114 9
1704576146 3
1704576178 23
1704576210 13
1704576242 9
1704576274 37
1704576306 39
1704576338 22
1704576370 13
1704576402 21
1704576434 12
1704576466 15
1704576498 16
1704576530 24
1704576562 20
1704576594 9
1704576626 5
1704576658 25
1704576690 15



# Sketch: 11
1704576114 36
1704576146 18
1704576178 34
1704576210 19
1704576242 25
1704576274 39
1704576306 10
1704576338 20
1704576370 23
1704576402 11
1704576434 15
1704576466 15
1704576498 8
1704576530 4
1704576562 5
1704576594 27
1704576626 15
1704576658 23
1704576690 8



# Sketch: 12
1704576114 6
1704576146 14
1704576178 10
1704576210 12
1704576242 19
1704576274 29
1704576306 36
1704576338 17
1704576370 8
1704576402 16
1704576434 17
1704576466 15
1704576498 14
1704576530 7
1704576562 17
1704576594 31
1704576626 18
1704576658 17
1704576690 6



# Sketch: 13
1704576114 32
1704576146 14
1704576178 49
1704576210 40
1704576242 33
1704576274 34
1704576306 37
1704576338 20
1704576370 4
1704576402 10
1704576434 24
1704576466 16
1704576498 12
1704576530 35
1704576562 15
1704576594 17
1704576626 6
1704576658 29
1704576690 18



# Sketch: 14
1704576114 20
1704576146 26
1704576178 8
1704576210 11
1704576242 19
1704576274 40
1704576306 19
1704576338 10
1704576370 17
1704576402 11
1704576434 11
1704576466 11
1704576498 14
1704576530 6
1704576562 10
1704576594 14
1704576626 34
1704576658 15
1704576690 123



# Sketch: 15
1704576114 17
1704576146 11
1704576178 9
1704576210 19
1704576242 19
1704576274 17
1704576306 12
1704576338 5
1704576370 17
1704576402 18
1704576434 9
1704576466 16
1704576498 12
1704576530 5
1704576562 14
1704576594 17
1704576626 11
1704576658 7
1704576690 7



# Sketch: 16
1704576114 24
1704576146 8
1704576178 9
1704576210 14
1704576242 31
1704576274 14
1704576306 21
1704576338 12
1704576370 16
1704576402 11
1704576434 14
1704576466 15
1704576498 10
1704576530 14
1704576562 1
1704576594 18
1704576626 6
1704576658 14
1704576690 4



# Sketch: 17
1704576114 15
1704576146 13
1704576178 10
1704576210 11
1704576242 17
1704576274 27
1704576306 12
1704576338 16
1704576370 12
1704576402 8
1704576434 9
1704576466 4
1704576498 21
1704576530 7
1704576562 15
1704576594 12
1704576626 25
1704576658 10
1704576690 9



# Sketch: 18
1704576114 8
1704576146 9
1704576178 2
1704576210 11
1704576242 5
1704576274 20
1704576306 11
1704576338 14
1704576370 7
1704576402 10
1704576434 25
1704576466 8
1704576498 5
1704576530 8
1704576562 20
1704576594 22
1704576626 15
1704576658 19
1704576690 10



# Sketch: 19
1704576114 7
1704576146 16
1704576178 12
1704576210 6
1704576242 3
1704576274 29
1704576306 14
1704576338 11
1704576370 15
1704576402 21
1704576434 14
1704576466 5
1704576498 12
1704576530 5
1704576562 9
1704576594 19
1704576626 14
1704576658 17
1704576690 9



# Sketch: 20
1704576114 16
1704576146 17
1704576178 11
1704576210 19
1704576242 21
1704576274 45
1704576306 12
1704576338 6
1704576370 13
1704576402 18
1704576434 13
1704576466 8
1704576498 10
1704576530 9
1704576562 11
1704576594 9
1704576626 7
1704576658 13
1704576690 3



# Sketch: 21
1704576114 6
1704576146 24
1704576178 12
1704576210 14
1704576242 25
1704576274 22
1704576306 40
1704576338 32
1704576370 22
1704576402 5
1704576434 28
1704576466 22
1704576498 19
1704576530 11
1704576562 7
1704576594 20
1704576626 21
1704576658 11
1704576690 9



# Sketch: 22
1704576114 26
1704576146 16
1704576178 14
1704576210 13
1704576242 15
1704576274 18
1704576306 21
1704576338 13
1704576370 9
1704576402 9
1704576434 14
1704576466 29
1704576498 16
1704576530 14
1704576562 17
1704576594 18
1704576626 19
1704576658 12
1704576690 5



# Sketch: 23
1704576114 20
1704576146 32
1704576178 11
1704576210 12
1704576242 28
1704576274 22
1704576306 53
1704576338 22
1704576370 22
1704576402 14
1704576434 23
1704576466 17
1704576498 14
1704576530 10
1704576562 12
1704576594 15
1704576626 16
1704576658 21
1704576690 7



# Sketch: 24
1704576114 20
1704576146 22
1704576178 23
1704576210 24
1704576242 20
1704576274 13
1704576306 36
1704576338 34
1704576370 12
1704576402 25
1704576434 13
1704576466 7
1704576498 13
1704576530 10
1704576562 7
1704576594 14
1704576626 11
1704576658 15
1704576690 11



# Sketch: 25
1704576114 20
1704576146 31
1704576178 15
1704576210 9
1704576242 16
1704576274 25
1704576306 15
1704576338 2
1704576370 10
1704576402 12
1704576434 9
1704576466 14
1704576498 10
1704576530 9
1704576562 13
1704576594 15
1704576626 8
1704576658 8
1704576690 6



# Sketch: 26
1704576114 12
1704576146 5
1704576178 7
1704576210 11
1704576242 11
1704576274 19
1704576306 81
1704576338 62
1704576370 14
1704576402 6
1704576434 12
1704576466 8
1704576498 8
1704576530 11
1704576562 10
1704576594 11
1704576626 14
1704576658 18
1704576690 9



# Sketch: 27
1704576114 5
1704576146 10
1704576178 5
1704576210 10
1704576242 11
1704576274 19
1704576306 15
1704576338 13
1704576370 13
1704576402 8
1704576434 13
1704576466 18
1704576498 25
1704576530 5
1704576562 10
1704576594 21
1704576626 12
1704576658 28
1704576690 13



# Sketch: 28
1704576114 25
1704576146 10
1704576178 7
1704576210 21
1704576242 32
1704576274 14
1704576306 13
1704576338 20
1704576370 13
1704576402 17
1704576434 21
1704576466 15
1704576498 23
1704576530 5
1704576562 9
1704576594 25
1704576626 9
1704576658 26
1704576690 18



# Sketch: 29
1704576114 13
1704576146 14
1704576178 15
1704576210 8
1704576242 15
1704576274 15
1704576306 45
1704576338 24
1704576370 15
1704576402 15
1704576434 8
1704576466 13
1704576498 5
1704576530 13
1704576562 30
1704576594 12
1704576626 13
1704576658 18
1704576690 13



# Sketch: 30
1704576114 11
1704576146 3
1704576178 33
1704576210 13
1704576242 32
1704576274 14
1704576306 48
1704576338 24
1704576370 20
1704576402 19
1704576434 21
1704576466 15
1704576498 11
1704576530 27
1704576562 19
1704576594 10
1704576626 18
1704576658 30
1704576690 12



# Sketch: 31
1704576114 18
1704576146 19
1704576178 11
1704576210 17
1704576242 22
1704576274 15
1704576306 14
1704576338 25
1704576370 22
1704576402 11
1704576434 12
1704576466 10
1704576498 16
1704576530 10
1704576562 8
1704576594 25
1704576626 10
1704576658 20
1704576690 7

