

# Sketch: 0
0 0.741891
1 0.630322
2 0.684327
3 0.718457
4 0.793609
5 0.237544
6 0.0789994
7 0.204626



# Sketch: 1
0 1.45529
1 0.917237
2 1.03584
3 0.672184
4 0.572722
5 0.31044
6 0.323304
7 0.396168



# Sketch: 2
0 0.37849
1 0.603905
2 0.854348
3 0.479645
4 0.956351
5 1.02339
6 1.9417
7 1.68091



# Sketch: 3
0 0.820859
1 0.916203
2 0.778357
3 0.874446
4 0.493611
5 0.473703
6 0.36569
7 0.42121



# Sketch: 4
0 0.938453
1 0.919461
2 0.687025
3 0.54327
4 0.416319
5 0.266817
6 1.04505
7 0.456975



# Sketch: 5
0 0.791591
1 0.701343
2 0.726077
3 0.623592
4 0.641636
5 0.584382
6 0.866323
7 0.981035



# Sketch: 6
0 0.61116
1 0.571074
2 0.704893
3 0.53433
4 0.52388
5 0.511111
6 0.504687
7 0.614177



# Sketch: 7
0 0.69029
1 0.600265
2 0.7041
3 0.567797
4 0.613289
5 0.547496
6 0.343222
7 0.54537



# Sketch: 8
0 0.949193
1 0.829205
2 0.908052
3 0.911407
4 0.751012
5 0.552436
6 0.628628
7 0.632969



# Sketch: 9
0 0.854527
1 0.82122
2 0.807085
3 0.847849
4 0.87401
5 0.867734
6 0.824636
7 0.524851



# Sketch: 10
0 0.380346
1 0.381118
2 0.413222
3 0.36588
4 0.367746
5 0.397451
6 0.473
7 0.613148



# Sketch: 11
0 0.431089
1 0.367527
2 0.382945
3 0.354689
4 0.41033
5 0.458806
6 0.362805
7 0.424955



# Sketch: 12
0 0.456858
1 0.494907
2 0.825378
3 0.868971
4 1.11541
5 0.613896
6 1.26788
7 1.70374



# Sketch: 13
0 1.82788
1 1.42531
2 1.1621
3 1.28602
4 0.472614
5 0.317772
6 0.283481
7 0.270829



# Sketch: 14
0 0.806157
1 0.521611
2 0.651789
3 0.529696
4 0.791059
5 1.66454
6 1.11971
7 0.733791



# Sketch: 15
0 1.15941
1 1.32254
2 1.05765
3 1.01502
4 1.24279
5 0.866771
6 0.108214
7 0.230443



# Sketch: 16
0 0.636927
1 0.943689
2 0.676048
3 0.363111
4 0.397025
5 0.33746
6 0.705008
7 1.09509



# Sketch: 17
0 0.303695
1 0.107393
2 0.192561
3 0.0568704
4 0.225846
5 0.220904
6 0.353298
7 0.590729



# Sketch: 18
0 0.349731
1 0.487971
2 0.320805
3 0.495063
4 0.402169
5 0.470117
6 0.570401
7 0.325826



# Sketch: 19
0 0.632967
1 0.582318
2 0.588122
3 0.521332
4 0.64283
5 0.510493
6 0.528966
7 0.61573



# Sketch: 20
0 2.64799
1 2.0983
2 2.3722
3 1.73411
4 1.43317
5 0.794215
6 0.851517
7 0.657023



# Sketch: 21
0 0.668725
1 0.570667
2 0.619784
3 0.556987
4 0.586415
5 0.519492
6 3.19285
7 2.70961



# Sketch: 22
0 0.658438
1 0.562895
2 0.524113
3 0.440286
4 0.465384
5 0.460418
6 0.59222
7 0.55486



# Sketch: 23
0 0.506351
1 0.159088
2 0.0813696
3 0.236985
4 0.137344
5 0.635351
6 0.284713
7 0.551471



# Sketch: 24
0 0.536269
1 0.371734
2 0.268808
3 0.323158
4 0.348137
5 0.532012
6 0.257252
7 0.338887



# Sketch: 25
0 0.623405
1 0.33544
2 0.251359
3 0.18149
4 0.161079
5 0.135795
6 0.246094
7 0.364505



# Sketch: 26
0 0.930017
1 0.772421
2 0.936044
3 0.773479
4 0.726613
5 0.686524
6 0.473006
7 0.448903



# Sketch: 27
0 0.683845
1 0.640806
2 0.499144
3 0.460017
4 0.403149
5 0.429838
6 0.480435
7 0.525884



# Sketch: 28
0 0.50385
1 0.484464
2 0.44649
3 0.414886
4 0.422522
5 0.427825
6 0.337096
7 0.524205



# Sketch: 29
0 0.755493
1 0.467434
2 0.251219
3 0.262325
4 0.147933
5 0.157789
6 0.349362
7 0.35415



# Sketch: 30
0 0.557798
1 0.574154
2 0.472144
3 0.651051
4 0.273755
5 0.153352
6 0.397456
7 0.290638



# Sketch: 31
0 0.948674
1 0.652539
2 0.862063
3 0.920112
4 0.878112
5 1.15904
6 1.20181
7 0.282821

