

# Sketch: 0
1704576714 53
1704576842 58
1704576970 73
1704577098 56
1704577226 39



# Sketch: 1
1704576714 63
1704576842 80
1704576970 52
1704577098 48
1704577226 36



# Sketch: 2
1704576714 43
1704576842 53
1704576970 58
1704577098 29
1704577226 36



# Sketch: 3
1704576714 47
1704576842 61
1704576970 78
1704577098 67
1704577226 31



# Sketch: 4
1704576714 67
1704576842 70
1704576970 60
1704577098 48
1704577226 28



# Sketch: 5
1704576714 33
1704576842 37
1704576970 53
1704577098 24
1704577226 37



# Sketch: 6
1704576714 62
1704576842 89
1704576970 54
1704577098 42
1704577226 38



# Sketch: 7
1704576714 55
1704576842 54
1704576970 72
1704577098 25
1704577226 53



# Sketch: 8
1704576714 55
1704576842 71
1704576970 73
1704577098 49
1704577226 34



# Sketch: 9
1704576714 63
1704576842 46
1704576970 70
1704577098 45
1704577226 54



# Sketch: 10
1704576714 53
1704576842 41
1704576970 55
1704577098 83
1704577226 60



# Sketch: 11
1704576714 40
1704576842 80
1704576970 58
1704577098 62
1704577226 32



# Sketch: 12
1704576714 63
1704576842 53
1704576970 65
1704577098 25
1704577226 25



# Sketch: 13
1704576714 48
1704576842 36
1704576970 61
1704577098 68
1704577226 34



# Sketch: 14
1704576714 89
1704576842 79
1704576970 62
1704577098 90
1704577226 35



# Sketch: 15
1704576714 59
1704576842 42
1704576970 104
1704577098 67
1704577226 36



# Sketch: 16
1704576714 45
1704576842 57
1704576970 45
1704577098 44
1704577226 25



# Sketch: 17
1704576714 52
1704576842 47
1704576970 60
1704577098 38
1704577226 30



# Sketch: 18
1704576714 41
1704576842 43
1704576970 55
1704577098 34
1704577226 59



# Sketch: 19
1704576714 74
1704576842 101
1704576970 90
1704577098 80
1704577226 35



# Sketch: 20
1704576714 41
1704576842 39
1704576970 26
1704577098 33
1704577226 31



# Sketch: 21
1704576714 33
1704576842 54
1704576970 42
1704577098 59
1704577226 34



# Sketch: 22
1704576714 115
1704576842 74
1704576970 86
1704577098 58
1704577226 76



# Sketch: 23
1704576714 48
1704576842 43
1704576970 34
1704577098 48
1704577226 39



# Sketch: 24
1704576714 50
1704576842 50
1704576970 44
1704577098 59
1704577226 36



# Sketch: 25
1704576714 103
1704576842 73
1704576970 105
1704577098 99
1704577226 55



# Sketch: 26
1704576714 45
1704576842 65
1704576970 81
1704577098 51
1704577226 42



# Sketch: 27
1704576714 42
1704576842 47
1704576970 55
1704577098 37
1704577226 39



# Sketch: 28
1704576714 36
1704576842 54
1704576970 69
1704577098 33
1704577226 33



# Sketch: 29
1704576714 68
1704576842 65
1704576970 67
1704577098 53
1704577226 38



# Sketch: 30
1704576714 38
1704576842 49
1704576970 61
1704577098 41
1704577226 23



# Sketch: 31
1704576714 36
1704576842 46
1704576970 53
1704577098 55
1704577226 46

