

# Sketch: 0
1704577314 12
1704577378 25
1704577442 63
1704577506 27
1704577570 23
1704577634 24
1704577698 35
1704577762 28
1704577826 43
1704577890 10



# Sketch: 1
1704577314 12
1704577378 23
1704577442 42
1704577506 10
1704577570 13
1704577634 28
1704577698 24
1704577762 28
1704577826 29
1704577890 17



# Sketch: 2
1704577314 28
1704577378 83
1704577442 35
1704577506 17
1704577570 43
1704577634 29
1704577698 28
1704577762 31
1704577826 62
1704577890 14



# Sketch: 3
1704577314 23
1704577378 30
1704577442 26
1704577506 20
1704577570 26
1704577634 39
1704577698 38
1704577762 35
1704577826 27
1704577890 5



# Sketch: 4
1704577314 12
1704577378 55
1704577442 30
1704577506 51
1704577570 63
1704577634 36
1704577698 35
1704577762 34
1704577826 38
1704577890 15



# Sketch: 5
1704577314 13
1704577378 14
1704577442 21
1704577506 13
1704577570 40
1704577634 25
1704577698 23
1704577762 24
1704577826 26
1704577890 8



# Sketch: 6
1704577314 21
1704577378 33
1704577442 31
1704577506 26
1704577570 42
1704577634 30
1704577698 32
1704577762 23
1704577826 20
1704577890 11



# Sketch: 7
1704577314 66
1704577378 22
1704577442 30
1704577506 13
1704577570 46
1704577634 29
1704577698 38
1704577762 51
1704577826 29
1704577890 12



# Sketch: 8
1704577314 45
1704577378 25
1704577442 41
1704577506 24
1704577570 33
1704577634 23
1704577698 32
1704577762 23
1704577826 29
1704577890 15



# Sketch: 9
1704577314 24
1704577378 56
1704577442 19
1704577506 13
1704577570 16
1704577634 25
1704577698 29
1704577762 20
1704577826 23
1704577890 12



# Sketch: 10
1704577314 27
1704577378 101
1704577442 33
1704577506 68
1704577570 57
1704577634 43
1704577698 40
1704577762 44
1704577826 44
1704577890 8



# Sketch: 11
1704577314 35
1704577378 30
1704577442 41
1704577506 14
1704577570 26
1704577634 20
1704577698 28
1704577762 19
1704577826 18
1704577890 16



# Sketch: 12
1704577314 14
1704577378 15
1704577442 37
1704577506 18
1704577570 43
1704577634 20
1704577698 26
1704577762 31
1704577826 33
1704577890 12



# Sketch: 13
1704577314 27
1704577378 32
1704577442 55
1704577506 23
1704577570 19
1704577634 35
1704577698 22
1704577762 27
1704577826 15
1704577890 13



# Sketch: 14
1704577314 30
1704577378 34
1704577442 40
1704577506 13
1704577570 29
1704577634 24
1704577698 41
1704577762 30
1704577826 28
1704577890 8



# Sketch: 15
1704577314 15
1704577378 15
1704577442 28
1704577506 19
1704577570 39
1704577634 43
1704577698 15
1704577762 26
1704577826 29
1704577890 11



# Sketch: 16
1704577314 35
1704577378 30
1704577442 20
1704577506 15
1704577570 20
1704577634 53
1704577698 25
1704577762 31
1704577826 35
1704577890 8



# Sketch: 17
1704577314 40
1704577378 26
1704577442 29
1704577506 23
1704577570 47
1704577634 37
1704577698 24
1704577762 37
1704577826 13
1704577890 8



# Sketch: 18
1704577314 19
1704577378 25
1704577442 40
1704577506 16
1704577570 31
1704577634 14
1704577698 29
1704577762 17
1704577826 22
1704577890 30



# Sketch: 19
1704577314 29
1704577378 44
1704577442 48
1704577506 65
1704577570 56
1704577634 57
1704577698 40
1704577762 24
1704577826 64
1704577890 20



# Sketch: 20
1704577314 18
1704577378 29
1704577442 21
1704577506 19
1704577570 32
1704577634 23
1704577698 24
1704577762 38
1704577826 32
1704577890 15



# Sketch: 21
1704577314 27
1704577378 21
1704577442 43
1704577506 27
1704577570 47
1704577634 34
1704577698 21
1704577762 23
1704577826 20
1704577890 20



# Sketch: 22
1704577314 27
1704577378 32
1704577442 29
1704577506 28
1704577570 34
1704577634 37
1704577698 23
1704577762 28
1704577826 20
1704577890 9



# Sketch: 23
1704577314 23
1704577378 21
1704577442 32
1704577506 31
1704577570 14
1704577634 9
1704577698 26
1704577762 22
1704577826 38
1704577890 8



# Sketch: 24
1704577314 16
1704577378 27
1704577442 32
1704577506 23
1704577570 29
1704577634 25
1704577698 30
1704577762 19
1704577826 20
1704577890 8



# Sketch: 25
1704577314 36
1704577378 31
1704577442 50
1704577506 29
1704577570 35
1704577634 46
1704577698 25
1704577762 33
1704577826 29
1704577890 8



# Sketch: 26
1704577314 58
1704577378 21
1704577442 34
1704577506 39
1704577570 34
1704577634 50
1704577698 29
1704577762 40
1704577826 33
1704577890 22



# Sketch: 27
1704577314 16
1704577378 26
1704577442 19
1704577506 9
1704577570 21
1704577634 22
1704577698 15
1704577762 20
1704577826 20
1704577890 15



# Sketch: 28
1704577314 15
1704577378 40
1704577442 77
1704577506 17
1704577570 28
1704577634 28
1704577698 25
1704577762 31
1704577826 25
1704577890 7



# Sketch: 29
1704577314 26
1704577378 24
1704577442 40
1704577506 25
1704577570 26
1704577634 19
1704577698 30
1704577762 26
1704577826 22
1704577890 12



# Sketch: 30
1704577314 41
1704577378 26
1704577442 35
1704577506 10
1704577570 28
1704577634 11
1704577698 30
1704577762 15
1704577826 16
1704577890 22



# Sketch: 31
1704577314 36
1704577378 27
1704577442 35
1704577506 20
1704577570 41
1704577634 39
1704577698 44
1704577762 26
1704577826 36
1704577890 14

