

# Sketch: 0
1704577314 68
1704577442 81
1704577570 138
1704577698 50
1704577826 69



# Sketch: 1
1704577314 93
1704577442 55
1704577570 44
1704577698 67
1704577826 29



# Sketch: 2
1704577314 52
1704577442 34
1704577570 50
1704577698 81
1704577826 25



# Sketch: 3
1704577314 45
1704577442 44
1704577570 58
1704577698 53
1704577826 38



# Sketch: 4
1704577314 57
1704577442 44
1704577570 63
1704577698 51
1704577826 40



# Sketch: 5
1704577314 55
1704577442 39
1704577570 66
1704577698 57
1704577826 32



# Sketch: 6
1704577314 41
1704577442 77
1704577570 47
1704577698 53
1704577826 48



# Sketch: 7
1704577314 76
1704577442 63
1704577570 82
1704577698 59
1704577826 24



# Sketch: 8
1704577314 42
1704577442 46
1704577570 63
1704577698 46
1704577826 33



# Sketch: 9
1704577314 47
1704577442 51
1704577570 55
1704577698 68
1704577826 51



# Sketch: 10
1704577314 50
1704577442 88
1704577570 90
1704577698 67
1704577826 22



# Sketch: 11
1704577314 45
1704577442 44
1704577570 50
1704577698 49
1704577826 32



# Sketch: 12
1704577314 70
1704577442 61
1704577570 87
1704577698 67
1704577826 65



# Sketch: 13
1704577314 42
1704577442 42
1704577570 48
1704577698 68
1704577826 39



# Sketch: 14
1704577314 53
1704577442 60
1704577570 82
1704577698 53
1704577826 43



# Sketch: 15
1704577314 66
1704577442 47
1704577570 38
1704577698 56
1704577826 40



# Sketch: 16
1704577314 51
1704577442 66
1704577570 50
1704577698 46
1704577826 62



# Sketch: 17
1704577314 45
1704577442 65
1704577570 56
1704577698 30
1704577826 38



# Sketch: 18
1704577314 102
1704577442 116
1704577570 91
1704577698 82
1704577826 63



# Sketch: 19
1704577314 53
1704577442 75
1704577570 81
1704577698 43
1704577826 32



# Sketch: 20
1704577314 61
1704577442 73
1704577570 62
1704577698 54
1704577826 60



# Sketch: 21
1704577314 50
1704577442 56
1704577570 45
1704577698 51
1704577826 42



# Sketch: 22
1704577314 33
1704577442 55
1704577570 32
1704577698 49
1704577826 35



# Sketch: 23
1704577314 64
1704577442 56
1704577570 47
1704577698 62
1704577826 54



# Sketch: 24
1704577314 41
1704577442 38
1704577570 46
1704577698 30
1704577826 39



# Sketch: 25
1704577314 71
1704577442 34
1704577570 100
1704577698 72
1704577826 48



# Sketch: 26
1704577314 103
1704577442 110
1704577570 50
1704577698 90
1704577826 41



# Sketch: 27
1704577314 98
1704577442 85
1704577570 95
1704577698 61
1704577826 57



# Sketch: 28
1704577314 71
1704577442 43
1704577570 47
1704577698 64
1704577826 31



# Sketch: 29
1704577314 67
1704577442 36
1704577570 43
1704577698 39
1704577826 45



# Sketch: 30
1704577314 49
1704577442 60
1704577570 70
1704577698 52
1704577826 37



# Sketch: 31
1704577314 48
1704577442 77
1704577570 82
1704577698 60
1704577826 37

