

# Sketch: 0
1704561114 26
1704561178 22
1704561242 36
1704561306 50
1704561370 28
1704561434 26
1704561498 45
1704561562 45
1704561626 59
1704561690 15



# Sketch: 1
1704561114 32
1704561178 21
1704561242 22
1704561306 28
1704561370 34
1704561434 20
1704561498 18
1704561562 60
1704561626 22
1704561690 9



# Sketch: 2
1704561114 54
1704561178 17
1704561242 35
1704561306 34
1704561370 39
1704561434 24
1704561498 34
1704561562 27
1704561626 37
1704561690 8



# Sketch: 3
1704561114 33
1704561178 25
1704561242 28
1704561306 34
1704561370 45
1704561434 44
1704561498 12
1704561562 40
1704561626 39
1704561690 11



# Sketch: 4
1704561114 59
1704561178 37
1704561242 40
1704561306 65
1704561370 81
1704561434 33
1704561498 49
1704561562 41
1704561626 60
1704561690 5



# Sketch: 5
1704561114 29
1704561178 18
1704561242 31
1704561306 22
1704561370 41
1704561434 31
1704561498 23
1704561562 38
1704561626 43
1704561690 20



# Sketch: 6
1704561114 34
1704561178 33
1704561242 29
1704561306 21
1704561370 23
1704561434 26
1704561498 24
1704561562 20
1704561626 26
1704561690 25



# Sketch: 7
1704561114 43
1704561178 22
1704561242 58
1704561306 56
1704561370 27
1704561434 28
1704561498 48
1704561562 54
1704561626 54
1704561690 8



# Sketch: 8
1704561114 27
1704561178 51
1704561242 42
1704561306 35
1704561370 39
1704561434 50
1704561498 33
1704561562 41
1704561626 48
1704561690 11



# Sketch: 9
1704561114 20
1704561178 24
1704561242 41
1704561306 96
1704561370 13
1704561434 32
1704561498 24
1704561562 40
1704561626 45
1704561690 8



# Sketch: 10
1704561114 44
1704561178 17
1704561242 64
1704561306 61
1704561370 66
1704561434 45
1704561498 54
1704561562 49
1704561626 59
1704561690 14



# Sketch: 11
1704561114 42
1704561178 18
1704561242 38
1704561306 22
1704561370 51
1704561434 38
1704561498 35
1704561562 39
1704561626 44
1704561690 6



# Sketch: 12
1704561114 32
1704561178 40
1704561242 38
1704561306 37
1704561370 52
1704561434 31
1704561498 29
1704561562 29
1704561626 39
1704561690 17



# Sketch: 13
1704561114 25
1704561178 90
1704561242 34
1704561306 41
1704561370 41
1704561434 26
1704561498 29
1704561562 20
1704561626 36
1704561690 8



# Sketch: 14
1704561114 26
1704561178 16
1704561242 43
1704561306 36
1704561370 29
1704561434 25
1704561498 39
1704561562 32
1704561626 45
1704561690 14



# Sketch: 15
1704561114 49
1704561178 18
1704561242 30
1704561306 23
1704561370 26
1704561434 36
1704561498 21
1704561562 32
1704561626 53
1704561690 1



# Sketch: 16
1704561114 33
1704561178 24
1704561242 32
1704561306 31
1704561370 35
1704561434 23
1704561498 21
1704561562 35
1704561626 43
1704561690 11



# Sketch: 17
1704561114 52
1704561178 36
1704561242 32
1704561306 28
1704561370 26
1704561434 38
1704561498 20
1704561562 21
1704561626 62
1704561690 9



# Sketch: 18
1704561114 21
1704561178 35
1704561242 38
1704561306 38
1704561370 22
1704561434 24
1704561498 31
1704561562 29
1704561626 25
1704561690 9



# Sketch: 19
1704561114 53
1704561178 24
1704561242 59
1704561306 68
1704561370 80
1704561434 18
1704561498 55
1704561562 36
1704561626 51
1704561690 8



# Sketch: 20
1704561114 33
1704561178 22
1704561242 25
1704561306 24
1704561370 41
1704561434 19
1704561498 41
1704561562 27
1704561626 50
1704561690 13



# Sketch: 21
1704561114 17
1704561178 11
1704561242 38
1704561306 40
1704561370 27
1704561434 35
1704561498 22
1704561562 30
1704561626 96
1704561690 12



# Sketch: 22
1704561114 40
1704561178 28
1704561242 28
1704561306 29
1704561370 24
1704561434 29
1704561498 19
1704561562 14
1704561626 49
1704561690 8



# Sketch: 23
1704561114 15
1704561178 22
1704561242 40
1704561306 25
1704561370 26
1704561434 21
1704561498 20
1704561562 20
1704561626 32
1704561690 3



# Sketch: 24
1704561114 29
1704561178 35
1704561242 37
1704561306 39
1704561370 21
1704561434 38
1704561498 29
1704561562 40
1704561626 34
1704561690 15



# Sketch: 25
1704561114 24
1704561178 22
1704561242 49
1704561306 75
1704561370 35
1704561434 31
1704561498 57
1704561562 23
1704561626 36
1704561690 9



# Sketch: 26
1704561114 57
1704561178 36
1704561242 50
1704561306 50
1704561370 46
1704561434 30
1704561498 28
1704561562 38
1704561626 53
1704561690 7



# Sketch: 27
1704561114 29
1704561178 13
1704561242 22
1704561306 21
1704561370 45
1704561434 12
1704561498 21
1704561562 65
1704561626 40
1704561690 14



# Sketch: 28
1704561114 53
1704561178 34
1704561242 33
1704561306 55
1704561370 41
1704561434 34
1704561498 41
1704561562 43
1704561626 24
1704561690 21



# Sketch: 29
1704561114 53
1704561178 21
1704561242 49
1704561306 52
1704561370 39
1704561434 31
1704561498 14
1704561562 41
1704561626 29
1704561690 11



# Sketch: 30
1704561114 34
1704561178 46
1704561242 29
1704561306 81
1704561370 23
1704561434 19
1704561498 32
1704561562 18
1704561626 74
1704561690 10



# Sketch: 31
1704561114 38
1704561178 23
1704561242 51
1704561306 25
1704561370 29
1704561434 25
1704561498 39
1704561562 54
1704561626 86
1704561690 24

