

# Sketch: 0
0 0.993044
1 0.991475
2 1.03973
3 0.944759
4 0.811859
5 0.820095
6 0.674844
7 0.6129



# Sketch: 1
0 0.27454
1 0.274821
2 0.53441
3 0.479519
4 0.607088
5 0.430879
6 0.372905
7 0.465937



# Sketch: 2
0 0.267274
1 0.484441
2 0.866484
3 1.44282
4 2.29797
5 2.58876
6 1.87583
7 2.53592



# Sketch: 3
0 0.463908
1 0.49684
2 0.425293
3 0.408235
4 0.485753
5 0.49022
6 0.441572
7 0.495506



# Sketch: 4
0 0.412238
1 0.290137
2 0.227841
3 0.284763
4 0.253134
5 0.58608
6 0.96366
7 0.682453



# Sketch: 5
0 3.06634
1 2.92362
2 2.40304
3 1.96404
4 1.3206
5 0.998559
6 1.62096
7 1.07498



# Sketch: 6
0 0.67388
1 0.603346
2 0.667098
3 0.622649
4 0.422846
5 0.595465
6 0.501922
7 0.419903



# Sketch: 7
0 0.500498
1 0.462205
2 0.39293
3 0.399528
4 0.374161
5 0.185319
6 0.929334
7 1.53114



# Sketch: 8
0 0.859983
1 1.17145
2 1.32552
3 1.07545
4 1.87431
5 1.36351
6 0.515131
7 1.03891



# Sketch: 9
0 0.385166
1 0.431582
2 0.442592
3 0.507113
4 0.57143
5 0.514546
6 0.35945
7 0.425422



# Sketch: 10
0 0.55139
1 0.488377
2 0.494541
3 0.567237
4 0.392617
5 0.391697
6 0.519778
7 0.505931



# Sketch: 11
0 0.707686
1 0.607152
2 0.532427
3 0.456301
4 0.497502
5 0.482625
6 0.584509
7 0.5935



# Sketch: 12
0 0.694669
1 0.768011
2 0.756662
3 0.577685
4 0.325475
5 0.320154
6 0.325608
7 0.404106



# Sketch: 13
0 0.292766
1 0.385216
2 0.583516
3 1.01394
4 0.349753
5 0.273099
6 0.254945
7 0.43377



# Sketch: 14
0 0.484946
1 0.254405
2 0.289512
3 0.26399
4 0.274799
5 0.325936
6 0.877127
7 0.649269



# Sketch: 15
0 2.23003
1 2.06332
2 1.2984
3 0.811141
4 0.765812
5 0.899955
6 0.389867
7 2.54816



# Sketch: 16
0 0.455177
1 0.380111
2 0.40762
3 0.447865
4 0.376838
5 0.389446
6 0.466663
7 0.499105



# Sketch: 17
0 0.499481
1 0.574012
2 0.686703
3 0.612001
4 0.892339
5 1.37857
6 0.953167
7 0.596722



# Sketch: 18
0 0.494712
1 0.482689
2 0.467111
3 0.323107
4 0.36405
5 0.503172
6 0.440066
7 0.436518



# Sketch: 19
0 0.757287
1 0.755154
2 0.380524
3 0.306081
4 0.398797
5 0.217087
6 0.274212
7 0.346357



# Sketch: 20
0 0.320562
1 0.245662
2 0.180092
3 0.290734
4 0.287382
5 0.302687
6 0.402491
7 0.971611



# Sketch: 21
0 0.147774
1 0.171554
2 0.325437
3 0.167765
4 0.217189
5 0.388587
6 0.304737
7 0.42578



# Sketch: 22
0 1.04061
1 1.19224
2 1.0353
3 1.03371
4 0.950653
5 0.43791
6 2.27815
7 1.60191



# Sketch: 23
0 0.846757
1 0.757386
2 0.710522
3 0.767359
4 0.900093
5 0.753601
6 0.737411
7 0.572983



# Sketch: 24
0 0.894407
1 0.631282
2 0.670931
3 0.497849
4 0.222127
5 0.202177
6 0.226041
7 0.416036



# Sketch: 25
0 0.271436
1 0.222175
2 0.468433
3 0.339402
4 0.46183
5 0.282331
6 0.317419
7 0.412016



# Sketch: 26
0 0.10939
1 0.132033
2 0.318027
3 0.43851
4 0.538285
5 0.491646
6 0.26794
7 0.540315



# Sketch: 27
0 1.31204
1 1.13241
2 1.10787
3 0.964926
4 0.878167
5 0.554767
6 0.762648
7 0.156083



# Sketch: 28
0 0.579117
1 0.659419
2 0.692065
3 0.836258
4 0.744672
5 0.660375
6 0.466027
7 0.54104



# Sketch: 29
0 0.567873
1 0.473395
2 0.471849
3 0.426573
4 0.435604
5 0.867555
6 0.526216
7 0.520738



# Sketch: 30
0 0.604142
1 0.495558
2 0.188733
3 0.166216
4 0.377024
5 0.395203
6 0.39586
7 0.84076



# Sketch: 31
0 0.668424
1 0.577228
2 0.382962
3 0.274004
4 0.361558
5 0.348673
6 0.384035
7 0.43516

