

# Sketch: 0
0 0.939115
1 0.848824
2 0.714788
3 0.677394
4 0.669976
5 0.575417
6 0.527249
7 0.481903



# Sketch: 1
0 1.23961
1 1.15517
2 0.841896
3 0.829101
4 0.714958
5 0.563547
6 0.320876
7 0.286195



# Sketch: 2
0 0.381426
1 0.488577
2 0.728311
3 0.494455
4 0.239287
5 0.297703
6 0.357217
7 0.449002



# Sketch: 3
0 1.12872
1 1.02884
2 1.1149
3 1.48973
4 1.20914
5 2.35676
6 0.471283
7 0.400474



# Sketch: 4
0 0.363511
1 0.355503
2 0.36773
3 0.363584
4 0.464271
5 0.436306
6 0.463616
7 1.42053



# Sketch: 5
0 0.456233
1 0.871618
2 1.36109
3 0.721272
4 0.18671
5 0.208362
6 0.589766
7 0.98561



# Sketch: 6
0 0.400775
1 0.416864
2 0.441175
3 0.447714
4 0.397026
5 0.425351
6 0.37228
7 0.528472



# Sketch: 7
0 0.549681
1 0.73311
2 0.888655
3 0.87496
4 0.812905
5 0.235354
6 0.286568
7 0.926049



# Sketch: 8
0 1.10288
1 1.03775
2 0.836847
3 0.554608
4 0.346782
5 0.319614
6 0.344709
7 0.460507



# Sketch: 9
0 0.377665
1 0.260304
2 0.242231
3 0.272925
4 0.318784
5 0.329165
6 0.350832
7 0.67786



# Sketch: 10
0 0.78126
1 0.834837
2 0.760225
3 0.698302
4 0.536336
5 0.510289
6 0.474734
7 1.94821



# Sketch: 11
0 0.489565
1 0.484044
2 0.622329
3 0.629136
4 0.494803
5 0.418745
6 0.385136
7 0.56778



# Sketch: 12
0 1.05899
1 0.976034
2 1.21077
3 0.798724
4 0.715507
5 0.353833
6 0.462161
7 0.199622



# Sketch: 13
0 0.694174
1 0.895544
2 0.871898
3 0.506467
4 0.193959
5 0.402401
6 0.332914
7 0.44417



# Sketch: 14
0 1.90475
1 1.56236
2 1.45557
3 1.60876
4 1.09136
5 0.784397
6 0.582142
7 0.116466



# Sketch: 15
0 0.512301
1 0.53701
2 0.529014
3 0.581562
4 0.568718
5 0.486324
6 0.415461
7 0.528618



# Sketch: 16
0 0.340787
1 0.224914
2 0.38295
3 0.755589
4 1.0525
5 0.849436
6 0.716998
7 0.607263



# Sketch: 17
0 0.49071
1 0.508962
2 0.561825
3 0.720144
4 0.423853
5 0.451213
6 0.504133
7 0.49763



# Sketch: 18
0 0.367853
1 0.382357
2 0.423824
3 0.400601
4 0.395099
5 0.394214
6 0.413494
7 0.484145



# Sketch: 19
0 0.529957
1 0.781565
2 0.759122
3 0.885595
4 0.671383
5 0.759617
6 0.0992719
7 0.364284



# Sketch: 20
0 0.781449
1 0.687408
2 0.804683
3 1.2199
4 1.09212
5 0.296995
6 0.287501
7 0.851622



# Sketch: 21
0 0.121326
1 0.334046
2 0.40859
3 0.285078
4 0.769644
5 0.609147
6 0.241056
7 0.348822



# Sketch: 22
0 2.7367
1 2.50884
2 2.17675
3 1.72432
4 1.51787
5 1.92729
6 1.16293
7 0.396289



# Sketch: 23
0 0.399897
1 0.377395
2 0.390547
3 0.382297
4 0.496903
5 0.721124
6 0.72002
7 0.400251



# Sketch: 24
0 0.596751
1 0.605377
2 0.625032
3 0.618886
4 0.461631
5 0.497266
6 0.488556
7 0.615701



# Sketch: 25
0 0.419701
1 0.457359
2 0.362906
3 0.391047
4 0.491136
5 1.03839
6 0.450317
7 0.912534



# Sketch: 26
0 0.3459
1 0.3048
2 0.405407
3 0.587967
4 0.443824
5 0.371958
6 0.381601
7 0.676845



# Sketch: 27
0 0.763553
1 0.848276
2 0.716549
3 0.640921
4 0.481012
5 0.844462
6 1.58388
7 0.515582



# Sketch: 28
0 0.367965
1 0.389802
2 0.254288
3 0.0539616
4 0.270979
5 0.349473
6 0.227134
7 0.434403



# Sketch: 29
0 0.366254
1 0.336259
2 0.377804
3 0.330348
4 0.33891
5 0.32585
6 0.365299
7 0.432144



# Sketch: 30
0 0.334846
1 0.358812
2 0.416937
3 0.536944
4 0.74134
5 0.466471
6 0.393158
7 0.480147



# Sketch: 31
0 1.01414
1 1.06314
2 1.05017
3 0.983968
4 0.848275
5 0.703029
6 0.665906
7 0.694991

