

# Sketch: 0
0 0.487833
1 0.298683
2 0.115482
3 0.129595
4 0.158245
5 0.298181
6 0.60287
7 0.337036



# Sketch: 1
0 0.626421
1 1.35251
2 1.54276
3 2.33913
4 1.43136
5 1.95283
6 1.9445
7 1.04603



# Sketch: 2
0 0.443596
1 0.543846
2 0.368877
3 0.306173
4 0.286614
5 0.420803
6 0.404884
7 0.493132



# Sketch: 3
0 0.167538
1 0.511223
2 0.459893
3 0.626559
4 0.265921
5 0.212591
6 0.50983
7 0.327936



# Sketch: 4
0 1.98247
1 1.77039
2 1.38619
3 1.10753
4 0.768384
5 1.017
6 0.552753
7 1.83323



# Sketch: 5
0 0.225761
1 0.23143
2 0.271307
3 0.414075
4 0.589074
5 0.546901
6 0.407435
7 0.495247



# Sketch: 6
0 0.639144
1 0.608434
2 0.591158
3 0.491796
4 0.498622
5 0.563674
6 0.372501
7 0.55414



# Sketch: 7
0 1.06344
1 0.83284
2 0.672631
3 0.685232
4 0.512555
5 0.443469
6 0.454349
7 1.99004



# Sketch: 8
0 1.08811
1 0.97772
2 0.822952
3 0.718555
4 0.642706
5 0.739082
6 0.711891
7 0.487505



# Sketch: 9
0 0.268422
1 0.135546
2 0.162812
3 0.130854
4 0.187707
5 0.328954
6 0.214372
7 0.408344



# Sketch: 10
0 2.34282
1 1.93133
2 1.48114
3 1.39073
4 1.2055
5 1.0952
6 0.807921
7 0.237646



# Sketch: 11
0 0.30457
1 0.550794
2 0.698681
3 0.93567
4 1.71446
5 1.29345
6 0.732086
7 0.417125



# Sketch: 12
0 0.51725
1 0.567263
2 0.399288
3 0.144699
4 0.166286
5 0.272242
6 0.519146
7 0.464782



# Sketch: 13
0 0.668029
1 0.612211
2 0.70516
3 0.684935
4 0.724389
5 0.651627
6 0.630014
7 1.50709



# Sketch: 14
0 0.726518
1 0.937811
2 0.996326
3 1.11204
4 0.367583
5 0.358872
6 0.310618
7 0.451489



# Sketch: 15
0 0.541672
1 0.448665
2 0.510694
3 0.342248
4 0.285193
5 0.616344
6 0.312408
7 0.456102



# Sketch: 16
0 0.871705
1 0.828078
2 0.710535
3 0.644972
4 0.668054
5 0.592609
6 0.635873
7 0.547117



# Sketch: 17
0 0.541112
1 0.607296
2 0.491924
3 0.418378
4 0.321628
5 0.39877
6 0.452289
7 0.522937



# Sketch: 18
0 0.371328
1 0.181793
2 0.44202
3 0.446237
4 0.875627
5 0.62251
6 0.309165
7 1.12255



# Sketch: 19
0 0.424728
1 0.370554
2 0.416491
3 0.437358
4 0.598015
5 0.758335
6 0.538335
7 0.51347



# Sketch: 20
0 0.721163
1 0.673842
2 0.79162
3 0.407884
4 0.124375
5 0.270379
6 0.404952
7 0.720952



# Sketch: 21
0 0.448279
1 0.37343
2 0.699168
3 0.85772
4 0.70129
5 0.337391
6 0.737645
7 0.392507



# Sketch: 22
0 0.910497
1 0.933565
2 0.759703
3 0.560094
4 0.589647
5 0.419798
6 0.611062
7 0.563387



# Sketch: 23
0 0.672314
1 0.639703
2 0.410055
3 0.224538
4 0.0609478
5 0.0403763
6 0.249876
7 0.253316



# Sketch: 24
0 1.8841
1 1.59694
2 1.05633
3 0.553632
4 0.473319
5 0.177727
6 0.279856
7 0.995302



# Sketch: 25
0 0.706578
1 0.585254
2 0.541969
3 0.450759
4 0.489314
5 0.572
6 0.573354
7 0.53029



# Sketch: 26
0 0.58029
1 0.704601
2 0.560415
3 0.484707
4 0.523832
5 1.20015
6 1.0503
7 0.521068



# Sketch: 27
0 0.737147
1 0.73117
2 0.662503
3 0.544504
4 0.587888
5 0.500618
6 0.473313
7 0.452619



# Sketch: 28
0 0.612788
1 0.56016
2 0.487276
3 0.268578
4 0.0796903
5 0.224051
6 0.368831
7 0.337788



# Sketch: 29
0 0.966826
1 1.30315
2 1.05633
3 0.715944
4 0.372536
5 0.225166
6 0.243489
7 0.361832



# Sketch: 30
0 0.672643
1 0.62272
2 0.5655
3 0.417634
4 0.403157
5 0.372348
6 0.448148
7 0.671372



# Sketch: 31
0 2.87125
1 2.16604
2 1.59827
3 0.700515
4 0.433869
5 0.463305
6 0.416112
7 0.259525

