

# Sketch: 0
1704577914 60
1704578042 37
1704578170 71
1704578298 53
1704578426 39



# Sketch: 1
1704577914 55
1704578042 82
1704578170 84
1704578298 73
1704578426 49



# Sketch: 2
1704577914 54
1704578042 75
1704578170 89
1704578298 88
1704578426 32



# Sketch: 3
1704577914 88
1704578042 98
1704578170 78
1704578298 74
1704578426 55



# Sketch: 4
1704577914 40
1704578042 58
1704578170 67
1704578298 60
1704578426 65



# Sketch: 5
1704577914 46
1704578042 58
1704578170 54
1704578298 68
1704578426 38



# Sketch: 6
1704577914 37
1704578042 49
1704578170 48
1704578298 54
1704578426 21



# Sketch: 7
1704577914 60
1704578042 61
1704578170 65
1704578298 48
1704578426 27



# Sketch: 8
1704577914 52
1704578042 71
1704578170 48
1704578298 68
1704578426 23



# Sketch: 9
1704577914 57
1704578042 86
1704578170 61
1704578298 56
1704578426 55



# Sketch: 10
1704577914 59
1704578042 62
1704578170 58
1704578298 42
1704578426 22



# Sketch: 11
1704577914 62
1704578042 77
1704578170 75
1704578298 86
1704578426 54



# Sketch: 12
1704577914 65
1704578042 52
1704578170 83
1704578298 67
1704578426 59



# Sketch: 13
1704577914 54
1704578042 52
1704578170 68
1704578298 54
1704578426 49



# Sketch: 14
1704577914 56
1704578042 76
1704578170 98
1704578298 53
1704578426 40



# Sketch: 15
1704577914 44
1704578042 59
1704578170 57
1704578298 36
1704578426 38



# Sketch: 16
1704577914 89
1704578042 51
1704578170 65
1704578298 66
1704578426 37



# Sketch: 17
1704577914 54
1704578042 57
1704578170 84
1704578298 61
1704578426 48



# Sketch: 18
1704577914 36
1704578042 50
1704578170 59
1704578298 45
1704578426 32



# Sketch: 19
1704577914 71
1704578042 57
1704578170 70
1704578298 68
1704578426 42



# Sketch: 20
1704577914 45
1704578042 95
1704578170 59
1704578298 79
1704578426 58



# Sketch: 21
1704577914 48
1704578042 57
1704578170 37
1704578298 39
1704578426 38



# Sketch: 22
1704577914 53
1704578042 87
1704578170 108
1704578298 65
1704578426 73



# Sketch: 23
1704577914 54
1704578042 56
1704578170 47
1704578298 44
1704578426 36



# Sketch: 24
1704577914 62
1704578042 52
1704578170 39
1704578298 40
1704578426 59



# Sketch: 25
1704577914 55
1704578042 65
1704578170 77
1704578298 72
1704578426 44



# Sketch: 26
1704577914 46
1704578042 54
1704578170 68
1704578298 52
1704578426 20



# Sketch: 27
1704577914 66
1704578042 82
1704578170 94
1704578298 66
1704578426 65



# Sketch: 28
1704577914 68
1704578042 56
1704578170 63
1704578298 76
1704578426 45



# Sketch: 29
1704577914 71
1704578042 93
1704578170 96
1704578298 84
1704578426 62



# Sketch: 30
1704577914 71
1704578042 78
1704578170 46
1704578298 51
1704578426 32



# Sketch: 31
1704577914 86
1704578042 99
1704578170 101
1704578298 62
1704578426 65

