

# Sketch: 0
0 1.3274
1 1.38851
2 1.3284
3 1.03819
4 1.00683
5 0.887503
6 0.782416
7 0.985256



# Sketch: 1
0 0.600897
1 0.607387
2 0.686482
3 0.472126
4 0.406124
5 0.530551
6 0.483545
7 1.71434



# Sketch: 2
0 0.339318
1 0.247632
2 0.194513
3 0.211105
4 0.273766
5 0.332554
6 0.39476
7 0.260471



# Sketch: 3
0 0.905713
1 0.978099
2 1.21571
3 0.710377
4 0.546637
5 0.969976
6 0.723969
7 0.879511



# Sketch: 4
0 0.18191
1 0.586016
2 1.01185
3 1.77392
4 2.11814
5 1.91137
6 2.31305
7 1.27896



# Sketch: 5
0 0.282122
1 0.213992
2 0.328437
3 0.604702
4 0.568646
5 0.545141
6 0.27923
7 0.46708



# Sketch: 6
0 0.858673
1 0.778566
2 0.593326
3 0.639648
4 0.584175
5 0.500595
6 0.599851
7 0.266858



# Sketch: 7
0 0.467067
1 0.487265
2 0.574549
3 0.444477
4 0.43068
5 0.483043
6 0.424011
7 0.832619



# Sketch: 8
0 0.631154
1 0.701045
2 0.675546
3 0.541498
4 0.539841
5 0.490899
6 0.558031
7 0.598255



# Sketch: 9
0 0.521453
1 0.435927
2 0.321978
3 0.333139
4 0.325609
5 0.338386
6 0.344568
7 0.456078



# Sketch: 10
0 0.804792
1 0.620058
2 0.56265
3 0.162394
4 0.336589
5 0.395402
6 0.517077
7 0.471644



# Sketch: 11
0 1.35386
1 1.56
2 1.14514
3 1.02031
4 1.06824
5 1.42283
6 0.600132
7 0.425143



# Sketch: 12
0 0.307686
1 0.309061
2 0.520851
3 0.460281
4 0.475451
5 0.393917
6 0.371696
7 0.32208



# Sketch: 13
0 2.55983
1 2.37108
2 2.15357
3 1.41994
4 1.3288
5 0.993977
6 1.52244
7 1.03765



# Sketch: 14
0 1.57057
1 1.58495
2 1.43187
3 1.14637
4 0.379577
5 0.683722
6 1.07347
7 3.79477



# Sketch: 15
0 0.535973
1 0.532246
2 0.74479
3 0.789043
4 0.569748
5 0.325578
6 0.351824
7 0.224227



# Sketch: 16
0 0.502199
1 0.429725
2 0.388115
3 0.359934
4 0.865411
5 0.361134
6 0.390862
7 0.93921



# Sketch: 17
0 1.23362
1 1.18569
2 0.912593
3 0.648864
4 0.937351
5 0.524562
6 0.706354
7 1.10217



# Sketch: 18
0 0.55758
1 0.711525
2 0.618409
3 0.469843
4 0.455488
5 0.505791
6 0.533826
7 0.581367



# Sketch: 19
0 0.805251
1 0.758036
2 0.622801
3 0.459446
4 0.357551
5 0.434981
6 0.393765
7 0.289936



# Sketch: 20
0 0.33138
1 0.494316
2 0.572052
3 0.577514
4 0.596343
5 0.517415
6 0.647977
7 0.5834



# Sketch: 21
0 1.02504
1 1.03206
2 0.919662
3 0.659541
4 0.535572
5 0.557842
6 0.283197
7 0.518401



# Sketch: 22
0 0.677997
1 0.616767
2 0.595105
3 0.518703
4 0.437132
5 0.534444
6 0.524023
7 0.717366



# Sketch: 23
0 0.723517
1 0.652631
2 0.198286
3 0.275311
4 0.309385
5 0.508108
6 0.282788
7 0.262495



# Sketch: 24
0 0.427603
1 0.454702
2 0.377857
3 0.415607
4 0.350621
5 0.496135
6 0.435293
7 0.892474



# Sketch: 25
0 1.05755
1 1.12059
2 1.07436
3 0.714785
4 0.403356
5 0.319168
6 0.503764
7 0.222294



# Sketch: 26
0 0.21524
1 0.219552
2 0.248229
3 0.302662
4 0.263356
5 0.633634
6 0.31821
7 0.737134



# Sketch: 27
0 1.58917
1 1.74064
2 1.65837
3 1.94524
4 1.65953
5 0.806897
6 3.02738
7 0.729448



# Sketch: 28
0 0.975886
1 0.868214
2 0.659102
3 0.349155
4 0.201497
5 0.26023
6 0.26208
7 1.31727



# Sketch: 29
0 0.303713
1 0.466457
2 0.461344
3 0.356809
4 0.225298
5 0.368133
6 0.580528
7 0.427498



# Sketch: 30
0 0.717393
1 0.609043
2 0.552888
3 0.3965
4 0.402536
5 0.445432
6 0.44778
7 0.414002



# Sketch: 31
0 0.754127
1 0.979833
2 0.758078
3 0.655182
4 0.626558
5 0.569119
6 0.484959
7 0.708205

