

# Sketch: 0
1704577914 30
1704577978 40
1704578042 42
1704578106 21
1704578170 39
1704578234 36
1704578298 19
1704578362 43
1704578426 29
1704578490 12



# Sketch: 1
1704577914 26
1704577978 24
1704578042 32
1704578106 29
1704578170 44
1704578234 26
1704578298 42
1704578362 22
1704578426 40
1704578490 19



# Sketch: 2
1704577914 40
1704577978 39
1704578042 30
1704578106 22
1704578170 44
1704578234 33
1704578298 37
1704578362 32
1704578426 30
1704578490 3



# Sketch: 3
1704577914 23
1704577978 17
1704578042 58
1704578106 26
1704578170 41
1704578234 30
1704578298 23
1704578362 29
1704578426 15
1704578490 15



# Sketch: 4
1704577914 23
1704577978 27
1704578042 26
1704578106 33
1704578170 82
1704578234 42
1704578298 33
1704578362 35
1704578426 61
1704578490 10



# Sketch: 5
1704577914 21
1704577978 44
1704578042 20
1704578106 24
1704578170 19
1704578234 41
1704578298 29
1704578362 49
1704578426 25
1704578490 16



# Sketch: 6
1704577914 18
1704577978 35
1704578042 21
1704578106 23
1704578170 20
1704578234 23
1704578298 26
1704578362 14
1704578426 22
1704578490 11



# Sketch: 7
1704577914 43
1704577978 12
1704578042 39
1704578106 23
1704578170 33
1704578234 53
1704578298 15
1704578362 21
1704578426 33
1704578490 22



# Sketch: 8
1704577914 41
1704577978 24
1704578042 49
1704578106 28
1704578170 31
1704578234 31
1704578298 51
1704578362 19
1704578426 19
1704578490 8



# Sketch: 9
1704577914 26
1704577978 42
1704578042 38
1704578106 24
1704578170 14
1704578234 25
1704578298 22
1704578362 27
1704578426 28
1704578490 10



# Sketch: 10
1704577914 28
1704577978 30
1704578042 23
1704578106 34
1704578170 28
1704578234 23
1704578298 26
1704578362 15
1704578426 41
1704578490 11



# Sketch: 11
1704577914 37
1704577978 31
1704578042 53
1704578106 30
1704578170 37
1704578234 27
1704578298 30
1704578362 36
1704578426 38
1704578490 11



# Sketch: 12
1704577914 20
1704577978 17
1704578042 27
1704578106 44
1704578170 30
1704578234 38
1704578298 39
1704578362 32
1704578426 18
1704578490 17



# Sketch: 13
1704577914 38
1704577978 28
1704578042 50
1704578106 17
1704578170 21
1704578234 35
1704578298 29
1704578362 29
1704578426 31
1704578490 14



# Sketch: 14
1704577914 35
1704577978 26
1704578042 52
1704578106 38
1704578170 27
1704578234 44
1704578298 29
1704578362 33
1704578426 40
1704578490 6



# Sketch: 15
1704577914 16
1704577978 35
1704578042 75
1704578106 29
1704578170 26
1704578234 20
1704578298 13
1704578362 24
1704578426 34
1704578490 14



# Sketch: 16
1704577914 15
1704577978 38
1704578042 41
1704578106 18
1704578170 26
1704578234 34
1704578298 21
1704578362 28
1704578426 22
1704578490 1



# Sketch: 17
1704577914 29
1704577978 33
1704578042 61
1704578106 30
1704578170 38
1704578234 47
1704578298 27
1704578362 27
1704578426 51
1704578490 6



# Sketch: 18
1704577914 31
1704577978 33
1704578042 38
1704578106 29
1704578170 42
1704578234 48
1704578298 46
1704578362 38
1704578426 33
1704578490 8



# Sketch: 19
1704577914 40
1704577978 45
1704578042 40
1704578106 44
1704578170 66
1704578234 48
1704578298 49
1704578362 45
1704578426 40
1704578490 20



# Sketch: 20
1704577914 25
1704577978 22
1704578042 27
1704578106 41
1704578170 45
1704578234 19
1704578298 33
1704578362 31
1704578426 41
1704578490 10



# Sketch: 21
1704577914 53
1704577978 43
1704578042 54
1704578106 37
1704578170 29
1704578234 26
1704578298 40
1704578362 39
1704578426 40
1704578490 11



# Sketch: 22
1704577914 22
1704577978 26
1704578042 38
1704578106 26
1704578170 25
1704578234 23
1704578298 25
1704578362 53
1704578426 30
1704578490 10



# Sketch: 23
1704577914 17
1704577978 28
1704578042 18
1704578106 36
1704578170 28
1704578234 36
1704578298 53
1704578362 33
1704578426 48
1704578490 9



# Sketch: 24
1704577914 23
1704577978 19
1704578042 19
1704578106 13
1704578170 25
1704578234 29
1704578298 14
1704578362 25
1704578426 27
1704578490 12



# Sketch: 25
1704577914 35
1704577978 22
1704578042 38
1704578106 30
1704578170 34
1704578234 28
1704578298 26
1704578362 31
1704578426 26
1704578490 10



# Sketch: 26
1704577914 21
1704577978 29
1704578042 33
1704578106 23
1704578170 38
1704578234 40
1704578298 28
1704578362 46
1704578426 43
1704578490 7



# Sketch: 27
1704577914 21
1704577978 48
1704578042 29
1704578106 27
1704578170 40
1704578234 35
1704578298 34
1704578362 28
1704578426 42
1704578490 15



# Sketch: 28
1704577914 21
1704577978 31
1704578042 25
1704578106 32
1704578170 33
1704578234 22
1704578298 26
1704578362 19
1704578426 27
1704578490 8



# Sketch: 29
1704577914 37
1704577978 22
1704578042 38
1704578106 54
1704578170 30
1704578234 51
1704578298 18
1704578362 31
1704578426 27
1704578490 14



# Sketch: 30
1704577914 27
1704577978 28
1704578042 42
1704578106 29
1704578170 54
1704578234 66
1704578298 33
1704578362 27
1704578426 25
1704578490 16



# Sketch: 31
1704577914 26
1704577978 18
1704578042 25
1704578106 27
1704578170 23
1704578234 26
1704578298 23
1704578362 30
1704578426 27
1704578490 13

