

# Sketch: 0
1704577914 13
1704577978 28
1704578042 24
1704578106 32
1704578170 41
1704578234 27
1704578298 18
1704578362 14
1704578426 25
1704578490 14



# Sketch: 1
1704577914 25
1704577978 53
1704578042 45
1704578106 43
1704578170 56
1704578234 65
1704578298 23
1704578362 36
1704578426 35
1704578490 12



# Sketch: 2
1704577914 23
1704577978 23
1704578042 41
1704578106 27
1704578170 22
1704578234 44
1704578298 26
1704578362 19
1704578426 34
1704578490 6



# Sketch: 3
1704577914 41
1704577978 40
1704578042 22
1704578106 21
1704578170 21
1704578234 39
1704578298 25
1704578362 50
1704578426 24
1704578490 12



# Sketch: 4
1704577914 37
1704577978 58
1704578042 46
1704578106 39
1704578170 58
1704578234 52
1704578298 53
1704578362 58
1704578426 41
1704578490 12



# Sketch: 5
1704577914 23
1704577978 15
1704578042 33
1704578106 21
1704578170 34
1704578234 21
1704578298 23
1704578362 50
1704578426 48
1704578490 23



# Sketch: 6
1704577914 31
1704577978 21
1704578042 27
1704578106 18
1704578170 32
1704578234 31
1704578298 30
1704578362 23
1704578426 46
1704578490 11



# Sketch: 7
1704577914 39
1704577978 29
1704578042 29
1704578106 26
1704578170 36
1704578234 41
1704578298 27
1704578362 44
1704578426 36
1704578490 13



# Sketch: 8
1704577914 14
1704577978 22
1704578042 28
1704578106 34
1704578170 77
1704578234 43
1704578298 30
1704578362 33
1704578426 58
1704578490 11



# Sketch: 9
1704577914 21
1704577978 41
1704578042 34
1704578106 28
1704578170 51
1704578234 36
1704578298 29
1704578362 29
1704578426 15
1704578490 14



# Sketch: 10
1704577914 33
1704577978 22
1704578042 42
1704578106 18
1704578170 22
1704578234 49
1704578298 49
1704578362 19
1704578426 26
1704578490 13



# Sketch: 11
1704577914 33
1704577978 15
1704578042 22
1704578106 25
1704578170 21
1704578234 25
1704578298 28
1704578362 18
1704578426 24
1704578490 13



# Sketch: 12
1704577914 32
1704577978 18
1704578042 25
1704578106 21
1704578170 28
1704578234 17
1704578298 38
1704578362 18
1704578426 31
1704578490 9



# Sketch: 13
1704577914 17
1704577978 37
1704578042 47
1704578106 14
1704578170 29
1704578234 32
1704578298 28
1704578362 22
1704578426 32
1704578490 14



# Sketch: 14
1704577914 22
1704577978 33
1704578042 29
1704578106 14
1704578170 29
1704578234 28
1704578298 35
1704578362 35
1704578426 36
1704578490 16



# Sketch: 15
1704577914 39
1704577978 10
1704578042 32
1704578106 29
1704578170 30
1704578234 31
1704578298 17
1704578362 17
1704578426 43
1704578490 7



# Sketch: 16
1704577914 36
1704577978 35
1704578042 65
1704578106 30
1704578170 43
1704578234 38
1704578298 30
1704578362 43
1704578426 40
1704578490 13



# Sketch: 17
1704577914 36
1704577978 49
1704578042 43
1704578106 35
1704578170 22
1704578234 22
1704578298 11
1704578362 29
1704578426 29
1704578490 5



# Sketch: 18
1704577914 13
1704577978 22
1704578042 30
1704578106 23
1704578170 23
1704578234 19
1704578298 35
1704578362 30
1704578426 37
1704578490 7



# Sketch: 19
1704577914 15
1704577978 35
1704578042 38
1704578106 20
1704578170 27
1704578234 14
1704578298 29
1704578362 23
1704578426 31
1704578490 4



# Sketch: 20
1704577914 21
1704577978 50
1704578042 34
1704578106 65
1704578170 54
1704578234 39
1704578298 41
1704578362 52
1704578426 27
1704578490 27



# Sketch: 21
1704577914 26
1704577978 32
1704578042 47
1704578106 18
1704578170 28
1704578234 34
1704578298 35
1704578362 23
1704578426 31
1704578490 23



# Sketch: 22
1704577914 26
1704577978 25
1704578042 25
1704578106 32
1704578170 20
1704578234 26
1704578298 21
1704578362 16
1704578426 23
1704578490 12



# Sketch: 23
1704577914 34
1704577978 13
1704578042 77
1704578106 27
1704578170 25
1704578234 39
1704578298 34
1704578362 33
1704578426 30
1704578490 10



# Sketch: 24
1704577914 21
1704577978 18
1704578042 29
1704578106 25
1704578170 20
1704578234 34
1704578298 26
1704578362 22
1704578426 26
1704578490 10



# Sketch: 25
1704577914 39
1704577978 33
1704578042 42
1704578106 34
1704578170 40
1704578234 40
1704578298 37
1704578362 39
1704578426 32
1704578490 14



# Sketch: 26
1704577914 26
1704577978 24
1704578042 43
1704578106 36
1704578170 59
1704578234 36
1704578298 30
1704578362 29
1704578426 37
1704578490 11



# Sketch: 27
1704577914 22
1704577978 46
1704578042 46
1704578106 32
1704578170 32
1704578234 32
1704578298 21
1704578362 30
1704578426 36
1704578490 6



# Sketch: 28
1704577914 30
1704577978 22
1704578042 27
1704578106 26
1704578170 43
1704578234 47
1704578298 23
1704578362 23
1704578426 13
1704578490 6



# Sketch: 29
1704577914 33
1704577978 23
1704578042 55
1704578106 48
1704578170 26
1704578234 38
1704578298 21
1704578362 32
1704578426 44
1704578490 7



# Sketch: 30
1704577914 27
1704577978 28
1704578042 30
1704578106 32
1704578170 27
1704578234 29
1704578298 26
1704578362 39
1704578426 24
1704578490 7



# Sketch: 31
1704577914 60
1704577978 36
1704578042 44
1704578106 48
1704578170 36
1704578234 37
1704578298 60
1704578362 43
1704578426 39
1704578490 7

