

# Sketch: 0
1704578514 41
1704578578 18
1704578642 27
1704578706 16
1704578770 32
1704578834 21
1704578898 52
1704578962 22
1704579026 37
1704579090 4



# Sketch: 1
1704578514 24
1704578578 19
1704578642 89
1704578706 34
1704578770 14
1704578834 25
1704578898 16
1704578962 32
1704579026 34
1704579090 5



# Sketch: 2
1704578514 38
1704578578 15
1704578642 45
1704578706 29
1704578770 19
1704578834 33
1704578898 34
1704578962 38
1704579026 51
1704579090 6



# Sketch: 3
1704578514 42
1704578578 37
1704578642 38
1704578706 29
1704578770 36
1704578834 39
1704578898 35
1704578962 39
1704579026 27
1704579090 11



# Sketch: 4
1704578514 17
1704578578 24
1704578642 15
1704578706 27
1704578770 38
1704578834 28
1704578898 26
1704578962 36
1704579026 23
1704579090 9



# Sketch: 5
1704578514 24
1704578578 29
1704578642 22
1704578706 24
1704578770 35
1704578834 21
1704578898 11
1704578962 35
1704579026 24
1704579090 12



# Sketch: 6
1704578514 25
1704578578 19
1704578642 20
1704578706 27
1704578770 24
1704578834 10
1704578898 18
1704578962 18
1704579026 17
1704579090 14



# Sketch: 7
1704578514 29
1704578578 31
1704578642 23
1704578706 12
1704578770 19
1704578834 15
1704578898 28
1704578962 26
1704579026 58
1704579090 20



# Sketch: 8
1704578514 26
1704578578 28
1704578642 39
1704578706 26
1704578770 26
1704578834 13
1704578898 20
1704578962 16
1704579026 26
1704579090 25



# Sketch: 9
1704578514 29
1704578578 27
1704578642 31
1704578706 32
1704578770 28
1704578834 26
1704578898 18
1704578962 20
1704579026 21
1704579090 9



# Sketch: 10
1704578514 19
1704578578 33
1704578642 34
1704578706 20
1704578770 14
1704578834 13
1704578898 13
1704578962 47
1704579026 22
1704579090 10



# Sketch: 11
1704578514 30
1704578578 22
1704578642 45
1704578706 34
1704578770 23
1704578834 57
1704578898 77
1704578962 38
1704579026 40
1704579090 7



# Sketch: 12
1704578514 31
1704578578 29
1704578642 37
1704578706 34
1704578770 35
1704578834 31
1704578898 22
1704578962 27
1704579026 28
1704579090 10



# Sketch: 13
1704578514 20
1704578578 33
1704578642 24
1704578706 18
1704578770 37
1704578834 17
1704578898 21
1704578962 18
1704579026 22
1704579090 8



# Sketch: 14
1704578514 22
1704578578 30
1704578642 42
1704578706 21
1704578770 36
1704578834 12
1704578898 24
1704578962 31
1704579026 57
1704579090 15



# Sketch: 15
1704578514 19
1704578578 29
1704578642 14
1704578706 26
1704578770 22
1704578834 18
1704578898 29
1704578962 35
1704579026 27
1704579090 16



# Sketch: 16
1704578514 35
1704578578 34
1704578642 28
1704578706 24
1704578770 36
1704578834 41
1704578898 26
1704578962 32
1704579026 23
1704579090 10



# Sketch: 17
1704578514 26
1704578578 17
1704578642 29
1704578706 18
1704578770 24
1704578834 19
1704578898 26
1704578962 27
1704579026 52
1704579090 8



# Sketch: 18
1704578514 14
1704578578 16
1704578642 19
1704578706 46
1704578770 16
1704578834 19
1704578898 22
1704578962 42
1704579026 37
1704579090 11



# Sketch: 19
1704578514 37
1704578578 33
1704578642 47
1704578706 16
1704578770 29
1704578834 28
1704578898 17
1704578962 20
1704579026 24
1704579090 12



# Sketch: 20
1704578514 12
1704578578 32
1704578642 28
1704578706 24
1704578770 31
1704578834 82
1704578898 35
1704578962 22
1704579026 16
1704579090 9



# Sketch: 21
1704578514 24
1704578578 54
1704578642 27
1704578706 9
1704578770 25
1704578834 16
1704578898 23
1704578962 40
1704579026 35
1704579090 8



# Sketch: 22
1704578514 32
1704578578 58
1704578642 48
1704578706 25
1704578770 18
1704578834 24
1704578898 23
1704578962 23
1704579026 30
1704579090 9



# Sketch: 23
1704578514 17
1704578578 30
1704578642 39
1704578706 31
1704578770 23
1704578834 11
1704578898 20
1704578962 30
1704579026 43
1704579090 6



# Sketch: 24
1704578514 22
1704578578 36
1704578642 23
1704578706 19
1704578770 28
1704578834 19
1704578898 22
1704578962 34
1704579026 23
1704579090 9



# Sketch: 25
1704578514 29
1704578578 46
1704578642 48
1704578706 23
1704578770 31
1704578834 30
1704578898 42
1704578962 41
1704579026 19
1704579090 8



# Sketch: 26
1704578514 16
1704578578 25
1704578642 20
1704578706 46
1704578770 36
1704578834 26
1704578898 24
1704578962 20
1704579026 35
1704579090 24



# Sketch: 27
1704578514 34
1704578578 26
1704578642 56
1704578706 73
1704578770 33
1704578834 34
1704578898 41
1704578962 29
1704579026 31
1704579090 22



# Sketch: 28
1704578514 38
1704578578 8
1704578642 26
1704578706 26
1704578770 29
1704578834 22
1704578898 24
1704578962 68
1704579026 29
1704579090 21



# Sketch: 29
1704578514 45
1704578578 36
1704578642 28
1704578706 35
1704578770 29
1704578834 37
1704578898 24
1704578962 46
1704579026 61
1704579090 19



# Sketch: 30
1704578514 29
1704578578 16
1704578642 23
1704578706 25
1704578770 27
1704578834 32
1704578898 30
1704578962 16
1704579026 62
1704579090 32



# Sketch: 31
1704578514 21
1704578578 53
1704578642 62
1704578706 47
1704578770 54
1704578834 46
1704578898 45
1704578962 33
1704579026 53
1704579090 22

