

# Sketch: 0
1704578514 19
1704578578 18
1704578642 23
1704578706 15
1704578770 30
1704578834 29
1704578898 36
1704578962 31
1704579026 55
1704579090 12



# Sketch: 1
1704578514 40
1704578578 30
1704578642 30
1704578706 30
1704578770 26
1704578834 19
1704578898 35
1704578962 36
1704579026 27
1704579090 11



# Sketch: 2
1704578514 22
1704578578 29
1704578642 22
1704578706 28
1704578770 32
1704578834 28
1704578898 17
1704578962 26
1704579026 10
1704579090 7



# Sketch: 3
1704578514 16
1704578578 25
1704578642 24
1704578706 28
1704578770 27
1704578834 7
1704578898 15
1704578962 19
1704579026 21
1704579090 25



# Sketch: 4
1704578514 24
1704578578 31
1704578642 25
1704578706 13
1704578770 31
1704578834 30
1704578898 42
1704578962 39
1704579026 45
1704579090 9



# Sketch: 5
1704578514 40
1704578578 19
1704578642 89
1704578706 18
1704578770 27
1704578834 21
1704578898 15
1704578962 33
1704579026 22
1704579090 8



# Sketch: 6
1704578514 41
1704578578 23
1704578642 24
1704578706 25
1704578770 23
1704578834 27
1704578898 19
1704578962 27
1704579026 19
1704579090 9



# Sketch: 7
1704578514 18
1704578578 36
1704578642 25
1704578706 28
1704578770 28
1704578834 87
1704578898 23
1704578962 26
1704579026 47
1704579090 20



# Sketch: 8
1704578514 19
1704578578 34
1704578642 46
1704578706 29
1704578770 19
1704578834 16
1704578898 31
1704578962 29
1704579026 32
1704579090 13



# Sketch: 9
1704578514 51
1704578578 11
1704578642 21
1704578706 20
1704578770 17
1704578834 25
1704578898 30
1704578962 40
1704579026 26
1704579090 18



# Sketch: 10
1704578514 21
1704578578 22
1704578642 36
1704578706 18
1704578770 23
1704578834 20
1704578898 53
1704578962 32
1704579026 30
1704579090 18



# Sketch: 11
1704578514 34
1704578578 15
1704578642 24
1704578706 27
1704578770 36
1704578834 16
1704578898 25
1704578962 28
1704579026 14
1704579090 5



# Sketch: 12
1704578514 18
1704578578 22
1704578642 29
1704578706 33
1704578770 23
1704578834 17
1704578898 27
1704578962 24
1704579026 51
1704579090 6



# Sketch: 13
1704578514 26
1704578578 39
1704578642 34
1704578706 38
1704578770 24
1704578834 22
1704578898 20
1704578962 36
1704579026 50
1704579090 6



# Sketch: 14
1704578514 33
1704578578 55
1704578642 68
1704578706 44
1704578770 50
1704578834 32
1704578898 74
1704578962 43
1704579026 38
1704579090 37



# Sketch: 15
1704578514 29
1704578578 39
1704578642 42
1704578706 35
1704578770 32
1704578834 24
1704578898 28
1704578962 72
1704579026 44
1704579090 18



# Sketch: 16
1704578514 32
1704578578 49
1704578642 52
1704578706 29
1704578770 33
1704578834 25
1704578898 30
1704578962 21
1704579026 29
1704579090 9



# Sketch: 17
1704578514 37
1704578578 17
1704578642 30
1704578706 29
1704578770 32
1704578834 30
1704578898 18
1704578962 35
1704579026 37
1704579090 13



# Sketch: 18
1704578514 27
1704578578 43
1704578642 27
1704578706 32
1704578770 27
1704578834 24
1704578898 25
1704578962 33
1704579026 47
1704579090 17



# Sketch: 19
1704578514 29
1704578578 29
1704578642 27
1704578706 15
1704578770 19
1704578834 28
1704578898 36
1704578962 36
1704579026 13
1704579090 11



# Sketch: 20
1704578514 24
1704578578 39
1704578642 34
1704578706 36
1704578770 31
1704578834 49
1704578898 25
1704578962 22
1704579026 49
1704579090 7



# Sketch: 21
1704578514 28
1704578578 15
1704578642 36
1704578706 35
1704578770 31
1704578834 11
1704578898 22
1704578962 22
1704579026 43
1704579090 3



# Sketch: 22
1704578514 12
1704578578 61
1704578642 23
1704578706 21
1704578770 30
1704578834 26
1704578898 39
1704578962 46
1704579026 52
1704579090 32



# Sketch: 23
1704578514 20
1704578578 16
1704578642 18
1704578706 20
1704578770 24
1704578834 6
1704578898 23
1704578962 20
1704579026 34
1704579090 5



# Sketch: 24
1704578514 15
1704578578 40
1704578642 41
1704578706 31
1704578770 32
1704578834 22
1704578898 24
1704578962 29
1704579026 23
1704579090 22



# Sketch: 25
1704578514 34
1704578578 30
1704578642 25
1704578706 27
1704578770 40
1704578834 23
1704578898 22
1704578962 19
1704579026 42
1704579090 13



# Sketch: 26
1704578514 19
1704578578 29
1704578642 28
1704578706 20
1704578770 32
1704578834 28
1704578898 21
1704578962 26
1704579026 33
1704579090 8



# Sketch: 27
1704578514 12
1704578578 24
1704578642 33
1704578706 17
1704578770 30
1704578834 32
1704578898 12
1704578962 38
1704579026 26
1704579090 5



# Sketch: 28
1704578514 36
1704578578 36
1704578642 45
1704578706 49
1704578770 28
1704578834 31
1704578898 38
1704578962 30
1704579026 43
1704579090 13



# Sketch: 29
1704578514 27
1704578578 17
1704578642 37
1704578706 23
1704578770 17
1704578834 39
1704578898 18
1704578962 31
1704579026 29
1704579090 10



# Sketch: 30
1704578514 31
1704578578 31
1704578642 49
1704578706 38
1704578770 31
1704578834 38
1704578898 25
1704578962 31
1704579026 37
1704579090 12



# Sketch: 31
1704578514 33
1704578578 19
1704578642 29
1704578706 45
1704578770 22
1704578834 33
1704578898 20
1704578962 21
1704579026 19
1704579090 9

