

# Sketch: 0
1704578514 59
1704578642 45
1704578770 65
1704578898 72
1704579026 35



# Sketch: 1
1704578514 50
1704578642 63
1704578770 52
1704578898 53
1704579026 44



# Sketch: 2
1704578514 54
1704578642 46
1704578770 40
1704578898 55
1704579026 47



# Sketch: 3
1704578514 61
1704578642 61
1704578770 49
1704578898 82
1704579026 64



# Sketch: 4
1704578514 54
1704578642 52
1704578770 71
1704578898 66
1704579026 67



# Sketch: 5
1704578514 47
1704578642 40
1704578770 59
1704578898 62
1704579026 28



# Sketch: 6
1704578514 42
1704578642 47
1704578770 46
1704578898 38
1704579026 35



# Sketch: 7
1704578514 68
1704578642 61
1704578770 47
1704578898 71
1704579026 34



# Sketch: 8
1704578514 92
1704578642 62
1704578770 65
1704578898 57
1704579026 58



# Sketch: 9
1704578514 37
1704578642 46
1704578770 49
1704578898 43
1704579026 40



# Sketch: 10
1704578514 79
1704578642 74
1704578770 63
1704578898 58
1704579026 46



# Sketch: 11
1704578514 43
1704578642 58
1704578770 43
1704578898 60
1704579026 40



# Sketch: 12
1704578514 81
1704578642 71
1704578770 66
1704578898 43
1704579026 57



# Sketch: 13
1704578514 48
1704578642 74
1704578770 52
1704578898 65
1704579026 59



# Sketch: 14
1704578514 84
1704578642 72
1704578770 59
1704578898 82
1704579026 59



# Sketch: 15
1704578514 48
1704578642 52
1704578770 39
1704578898 42
1704579026 31



# Sketch: 16
1704578514 44
1704578642 59
1704578770 120
1704578898 64
1704579026 41



# Sketch: 17
1704578514 48
1704578642 100
1704578770 32
1704578898 63
1704579026 10



# Sketch: 18
1704578514 54
1704578642 48
1704578770 43
1704578898 68
1704579026 60



# Sketch: 19
1704578514 49
1704578642 90
1704578770 64
1704578898 75
1704579026 65



# Sketch: 20
1704578514 48
1704578642 43
1704578770 48
1704578898 57
1704579026 27



# Sketch: 21
1704578514 73
1704578642 82
1704578770 71
1704578898 56
1704579026 69



# Sketch: 22
1704578514 51
1704578642 49
1704578770 35
1704578898 53
1704579026 58



# Sketch: 23
1704578514 59
1704578642 66
1704578770 47
1704578898 55
1704579026 49



# Sketch: 24
1704578514 59
1704578642 63
1704578770 59
1704578898 45
1704579026 48



# Sketch: 25
1704578514 40
1704578642 72
1704578770 72
1704578898 42
1704579026 57



# Sketch: 26
1704578514 68
1704578642 59
1704578770 58
1704578898 65
1704579026 36



# Sketch: 27
1704578514 34
1704578642 68
1704578770 51
1704578898 49
1704579026 34



# Sketch: 28
1704578514 41
1704578642 52
1704578770 43
1704578898 50
1704579026 37



# Sketch: 29
1704578514 68
1704578642 85
1704578770 63
1704578898 76
1704579026 35



# Sketch: 30
1704578514 44
1704578642 35
1704578770 38
1704578898 58
1704579026 62



# Sketch: 31
1704578514 83
1704578642 97
1704578770 63
1704578898 64
1704579026 66

