

# Sketch: 0
1704578514 63
1704578642 113
1704578770 54
1704578898 68
1704579026 33



# Sketch: 1
1704578514 66
1704578642 39
1704578770 59
1704578898 54
1704579026 24



# Sketch: 2
1704578514 42
1704578642 46
1704578770 31
1704578898 53
1704579026 37



# Sketch: 3
1704578514 39
1704578642 77
1704578770 57
1704578898 54
1704579026 43



# Sketch: 4
1704578514 54
1704578642 77
1704578770 35
1704578898 54
1704579026 37



# Sketch: 5
1704578514 51
1704578642 33
1704578770 33
1704578898 44
1704579026 33



# Sketch: 6
1704578514 74
1704578642 56
1704578770 45
1704578898 69
1704579026 66



# Sketch: 7
1704578514 57
1704578642 46
1704578770 123
1704578898 53
1704579026 85



# Sketch: 8
1704578514 45
1704578642 57
1704578770 48
1704578898 71
1704579026 36



# Sketch: 9
1704578514 56
1704578642 77
1704578770 58
1704578898 52
1704579026 52



# Sketch: 10
1704578514 55
1704578642 49
1704578770 51
1704578898 45
1704579026 51



# Sketch: 11
1704578514 42
1704578642 64
1704578770 45
1704578898 79
1704579026 51



# Sketch: 12
1704578514 44
1704578642 73
1704578770 37
1704578898 27
1704579026 35



# Sketch: 13
1704578514 43
1704578642 57
1704578770 56
1704578898 44
1704579026 50



# Sketch: 14
1704578514 67
1704578642 73
1704578770 72
1704578898 92
1704579026 61



# Sketch: 15
1704578514 79
1704578642 102
1704578770 61
1704578898 38
1704579026 57



# Sketch: 16
1704578514 49
1704578642 51
1704578770 50
1704578898 104
1704579026 43



# Sketch: 17
1704578514 39
1704578642 64
1704578770 48
1704578898 62
1704579026 41



# Sketch: 18
1704578514 43
1704578642 61
1704578770 81
1704578898 57
1704579026 55



# Sketch: 19
1704578514 69
1704578642 111
1704578770 76
1704578898 66
1704579026 46



# Sketch: 20
1704578514 57
1704578642 37
1704578770 37
1704578898 41
1704579026 29



# Sketch: 21
1704578514 48
1704578642 41
1704578770 30
1704578898 45
1704579026 36



# Sketch: 22
1704578514 76
1704578642 89
1704578770 75
1704578898 89
1704579026 63



# Sketch: 23
1704578514 48
1704578642 62
1704578770 48
1704578898 70
1704579026 35



# Sketch: 24
1704578514 58
1704578642 55
1704578770 38
1704578898 43
1704579026 44



# Sketch: 25
1704578514 126
1704578642 85
1704578770 92
1704578898 133
1704579026 69



# Sketch: 26
1704578514 54
1704578642 38
1704578770 68
1704578898 39
1704579026 35



# Sketch: 27
1704578514 45
1704578642 51
1704578770 29
1704578898 34
1704579026 66



# Sketch: 28
1704578514 71
1704578642 72
1704578770 45
1704578898 65
1704579026 37



# Sketch: 29
1704578514 50
1704578642 51
1704578770 79
1704578898 52
1704579026 49



# Sketch: 30
1704578514 36
1704578642 45
1704578770 53
1704578898 39
1704579026 64



# Sketch: 31
1704578514 64
1704578642 40
1704578770 58
1704578898 53
1704579026 35

