

# Sketch: 0
1704579114 6
1704579130 14
1704579146 5
1704579162 1
1704579178 8
1704579194 9
1704579210 7
1704579226 6
1704579242 11
1704579258 11
1704579274 7
1704579290 6
1704579306 9
1704579322 13
1704579338 4
1704579354 10
1704579370 13
1704579386 14
1704579402 2
1704579418 10
1704579434 6
1704579450 7
1704579466 6
1704579482 10
1704579498 6
1704579514 8
1704579530 4
1704579546 1
1704579562 9
1704579578 5
1704579594 6
1704579610 14
1704579626 11
1704579642 8
1704579658 4
1704579674 13
1704579690 10
1704579706 5



# Sketch: 1
1704579114 7
1704579130 10
1704579146 7
1704579162 20
1704579178 12
1704579194 8
1704579210 7
1704579226 9
1704579242 16
1704579258 3
1704579274 6
1704579290 13
1704579306 9
1704579322 2
1704579338 8
1704579354 8
1704579370 12
1704579386 7
1704579402 6
1704579418 2
1704579434 8
1704579450 10
1704579466 6
1704579482 16
1704579498 15
1704579514 10
1704579530 2
1704579546 1
1704579562 11
1704579578 9
1704579594 10
1704579610 11
1704579626 8
1704579642 13
1704579658 9
1704579674 7
1704579690 16
1704579706 7



# Sketch: 2
1704579114 5
1704579130 9
1704579146 1
1704579162 9
1704579178 14
1704579194 2
1704579210 2
1704579226 6
1704579242 19
1704579258 9
1704579274 4
1704579290 4
1704579306 15
1704579322 8
1704579338 6
1704579354 5
1704579370 4
1704579386 13
1704579402 1
1704579418 7
1704579434 3
1704579450 4
1704579466 6
1704579482 3
1704579498 5
1704579514 3
1704579530 3
1704579546 2
1704579562 10
1704579578 15
1704579594 7
1704579610 7
1704579626 13
1704579642 3
1704579658 4
1704579674 16
1704579690 6
1704579706 13



# Sketch: 3
1704579114 6
1704579130 12
1704579146 7
1704579162 3
1704579178 6
1704579194 6
1704579210 6
1704579226 12
1704579242 17
1704579258 10
1704579274 5
1704579290 11
1704579306 5
1704579322 4
1704579338 10
1704579354 13
1704579370 8
1704579386 2
1704579402 4
1704579418 4
1704579434 8
1704579450 3
1704579466 3
1704579482 10
1704579498 4
1704579514 2
1704579530 2
1704579546 5
1704579562 7
1704579578 3
1704579594 7
1704579610 8
1704579626 5
1704579642 3
1704579658 1
1704579674 15
1704579690 5
1704579706 3



# Sketch: 4
1704579114 3
1704579130 9
1704579146 3
1704579162 3
1704579178 18
1704579194 4
1704579210 6
1704579226 10
1704579242 8
1704579258 3
1704579274 4
1704579290 12
1704579306 11
1704579322 8
1704579338 9
1704579354 19
1704579370 4
1704579386 2
1704579402 7
1704579418 23
1704579434 5
1704579450 2
1704579466 10
1704579482 3
1704579498 3
1704579514 4
1704579530 7
1704579546 0
1704579562 6
1704579578 13
1704579594 2
1704579610 10
1704579626 3
1704579642 5
1704579658 7
1704579674 9
1704579690 3
1704579706 7



# Sketch: 5
1704579114 5
1704579130 4
1704579146 13
1704579162 7
1704579178 6
1704579194 5
1704579210 4
1704579226 24
1704579242 4
1704579258 15
1704579274 9
1704579290 5
1704579306 11
1704579322 10
1704579338 5
1704579354 7
1704579370 4
1704579386 4
1704579402 8
1704579418 5
1704579434 2
1704579450 1
1704579466 12
1704579482 10
1704579498 12
1704579514 7
1704579530 2
1704579546 4
1704579562 7
1704579578 13
1704579594 13
1704579610 7
1704579626 3
1704579642 1
1704579658 14
1704579674 10
1704579690 4
1704579706 6



# Sketch: 6
1704579114 34
1704579130 28
1704579146 19
1704579162 2
1704579178 1
1704579194 19
1704579210 7
1704579226 5
1704579242 6
1704579258 4
1704579274 4
1704579290 8
1704579306 15
1704579322 3
1704579338 5
1704579354 9
1704579370 9
1704579386 9
1704579402 4
1704579418 1
1704579434 8
1704579450 7
1704579466 2
1704579482 7
1704579498 7
1704579514 4
1704579530 3
1704579546 7
1704579562 12
1704579578 5
1704579594 7
1704579610 5
1704579626 6
1704579642 13
1704579658 6
1704579674 8
1704579690 3
1704579706 6



# Sketch: 7
1704579114 1
1704579130 7
1704579146 7
1704579162 8
1704579178 2
1704579194 4
1704579210 4
1704579226 2
1704579242 2
1704579258 28
1704579274 4
1704579290 10
1704579306 8
1704579322 11
1704579338 2
1704579354 2
1704579370 9
1704579386 11
1704579402 2
1704579418 6
1704579434 14
1704579450 5
1704579466 0
1704579482 3
1704579498 7
1704579514 5
1704579530 7
1704579546 0
1704579562 15
1704579578 8
1704579594 7
1704579610 6
1704579626 9
1704579642 2
1704579658 5
1704579674 4
1704579690 4
1704579706 9



# Sketch: 8
1704579114 0
1704579130 6
1704579146 7
1704579162 2
1704579178 4
1704579194 2
1704579210 4
1704579226 4
1704579242 9
1704579258 8
1704579274 4
1704579290 8
1704579306 8
1704579322 4
1704579338 6
1704579354 5
1704579370 2
1704579386 4
1704579402 10
1704579418 1
1704579434 7
1704579450 8
1704579466 11
1704579482 3
1704579498 1
1704579514 14
1704579530 9
1704579546 8
1704579562 9
1704579578 6
1704579594 8
1704579610 7
1704579626 6
1704579642 0
1704579658 2
1704579674 8
1704579690 5
1704579706 2



# Sketch: 9
1704579114 2
1704579130 3
1704579146 5
1704579162 1
1704579178 6
1704579194 4
1704579210 2
1704579226 8
1704579242 5
1704579258 9
1704579274 3
1704579290 8
1704579306 7
1704579322 8
1704579338 3
1704579354 4
1704579370 6
1704579386 0
1704579402 2
1704579418 1
1704579434 4
1704579450 2
1704579466 10
1704579482 8
1704579498 4
1704579514 9
1704579530 4
1704579546 7
1704579562 3
1704579578 12
1704579594 5
1704579610 8
1704579626 6
1704579642 0
1704579658 9
1704579674 1
1704579690 3
1704579706 5



# Sketch: 10
1704579114 4
1704579130 6
1704579146 5
1704579162 3
1704579178 6
1704579194 3
1704579210 6
1704579226 4
1704579242 13
1704579258 9
1704579274 20
1704579290 18
1704579306 5
1704579322 2
1704579338 4
1704579354 12
1704579370 5
1704579386 4
1704579402 2
1704579418 2
1704579434 3
1704579450 8
1704579466 9
1704579482 19
1704579498 6
1704579514 3
1704579530 5
1704579546 5
1704579562 11
1704579578 8
1704579594 4
1704579610 15
1704579626 3
1704579642 1
1704579658 1
1704579674 3
1704579690 5
1704579706 8



# Sketch: 11
1704579114 9
1704579130 9
1704579146 5
1704579162 4
1704579178 9
1704579194 4
1704579210 5
1704579226 5
1704579242 13
1704579258 2
1704579274 14
1704579290 8
1704579306 5
1704579322 6
1704579338 4
1704579354 7
1704579370 5
1704579386 6
1704579402 7
1704579418 8
1704579434 2
1704579450 4
1704579466 3
1704579482 6
1704579498 6
1704579514 2
1704579530 3
1704579546 5
1704579562 11
1704579578 8
1704579594 14
1704579610 5
1704579626 4
1704579642 9
1704579658 4
1704579674 5
1704579690 7
1704579706 2



# Sketch: 12
1704579114 11
1704579130 9
1704579146 4
1704579162 14
1704579178 5
1704579194 10
1704579210 4
1704579226 11
1704579242 14
1704579258 13
1704579274 8
1704579290 1
1704579306 18
1704579322 3
1704579338 4
1704579354 7
1704579370 11
1704579386 3
1704579402 8
1704579418 6
1704579434 5
1704579450 6
1704579466 1
1704579482 4
1704579498 4
1704579514 2
1704579530 4
1704579546 5
1704579562 9
1704579578 5
1704579594 0
1704579610 12
1704579626 3
1704579642 8
1704579658 7
1704579674 6
1704579690 2
1704579706 4



# Sketch: 13
1704579114 28
1704579130 10
1704579146 7
1704579162 5
1704579178 5
1704579194 4
1704579210 5
1704579226 2
1704579242 17
1704579258 5
1704579274 15
1704579290 2
1704579306 3
1704579322 5
1704579338 11
1704579354 4
1704579370 7
1704579386 5
1704579402 7
1704579418 2
1704579434 5
1704579450 6
1704579466 6
1704579482 26
1704579498 12
1704579514 4
1704579530 0
1704579546 4
1704579562 10
1704579578 5
1704579594 3
1704579610 11
1704579626 17
1704579642 7
1704579658 13
1704579674 5
1704579690 8
1704579706 1



# Sketch: 14
1704579114 17
1704579130 1
1704579146 4
1704579162 2
1704579178 9
1704579194 7
1704579210 5
1704579226 4
1704579242 12
1704579258 13
1704579274 5
1704579290 8
1704579306 3
1704579322 7
1704579338 4
1704579354 3
1704579370 4
1704579386 17
1704579402 9
1704579418 18
1704579434 15
1704579450 8
1704579466 4
1704579482 7
1704579498 8
1704579514 3
1704579530 1
1704579546 19
1704579562 3
1704579578 5
1704579594 8
1704579610 7
1704579626 4
1704579642 4
1704579658 3
1704579674 4
1704579690 1
1704579706 3



# Sketch: 15
1704579114 5
1704579130 14
1704579146 6
1704579162 7
1704579178 16
1704579194 11
1704579210 2
1704579226 6
1704579242 14
1704579258 9
1704579274 4
1704579290 8
1704579306 13
1704579322 7
1704579338 3
1704579354 34
1704579370 16
1704579386 3
1704579402 6
1704579418 28
1704579434 19
1704579450 8
1704579466 8
1704579482 8
1704579498 4
1704579514 1
1704579530 11
1704579546 6
1704579562 9
1704579578 4
1704579594 3
1704579610 8
1704579626 4
1704579642 7
1704579658 27
1704579674 11
1704579690 12
1704579706 0



# Sketch: 16
1704579114 8
1704579130 17
1704579146 5
1704579162 3
1704579178 6
1704579194 2
1704579210 4
1704579226 50
1704579242 12
1704579258 14
1704579274 7
1704579290 5
1704579306 3
1704579322 12
1704579338 4
1704579354 8
1704579370 6
1704579386 5
1704579402 8
1704579418 2
1704579434 6
1704579450 0
1704579466 13
1704579482 4
1704579498 13
1704579514 5
1704579530 3
1704579546 4
1704579562 12
1704579578 8
1704579594 2
1704579610 8
1704579626 17
1704579642 5
1704579658 11
1704579674 4
1704579690 6
1704579706 6



# Sketch: 17
1704579114 12
1704579130 17
1704579146 7
1704579162 16
1704579178 17
1704579194 2
1704579210 7
1704579226 1
1704579242 9
1704579258 13
1704579274 3
1704579290 6
1704579306 11
1704579322 12
1704579338 2
1704579354 8
1704579370 8
1704579386 4
1704579402 2
1704579418 1
1704579434 10
1704579450 8
1704579466 6
1704579482 5
1704579498 4
1704579514 2
1704579530 10
1704579546 8
1704579562 3
1704579578 5
1704579594 5
1704579610 9
1704579626 9
1704579642 9
1704579658 9
1704579674 6
1704579690 5
1704579706 1



# Sketch: 18
1704579114 0
1704579130 4
1704579146 6
1704579162 6
1704579178 8
1704579194 4
1704579210 8
1704579226 4
1704579242 6
1704579258 5
1704579274 6
1704579290 6
1704579306 7
1704579322 4
1704579338 5
1704579354 1
1704579370 1
1704579386 2
1704579402 9
1704579418 1
1704579434 8
1704579450 2
1704579466 12
1704579482 2
1704579498 5
1704579514 5
1704579530 4
1704579546 1
1704579562 15
1704579578 9
1704579594 3
1704579610 21
1704579626 6
1704579642 3
1704579658 3
1704579674 20
1704579690 2
1704579706 5



# Sketch: 19
1704579114 5
1704579130 7
1704579146 5
1704579162 10
1704579178 10
1704579194 12
1704579210 15
1704579226 1
1704579242 8
1704579258 7
1704579274 4
1704579290 6
1704579306 1
1704579322 3
1704579338 2
1704579354 1
1704579370 4
1704579386 5
1704579402 7
1704579418 4
1704579434 10
1704579450 7
1704579466 12
1704579482 7
1704579498 4
1704579514 0
1704579530 3
1704579546 3
1704579562 2
1704579578 6
1704579594 7
1704579610 2
1704579626 5
1704579642 3
1704579658 1
1704579674 4
1704579690 4
1704579706 4



# Sketch: 20
1704579114 8
1704579130 3
1704579146 3
1704579162 12
1704579178 25
1704579194 16
1704579210 6
1704579226 10
1704579242 4
1704579258 5
1704579274 8
1704579290 21
1704579306 20
1704579322 24
1704579338 17
1704579354 51
1704579370 21
1704579386 6
1704579402 24
1704579418 49
1704579434 21
1704579450 8
1704579466 11
1704579482 11
1704579498 10
1704579514 3
1704579530 16
1704579546 9
1704579562 25
1704579578 4
1704579594 8
1704579610 7
1704579626 8
1704579642 8
1704579658 24
1704579674 19
1704579690 12
1704579706 12



# Sketch: 21
1704579114 52
1704579130 4
1704579146 19
1704579162 14
1704579178 12
1704579194 9
1704579210 11
1704579226 5
1704579242 8
1704579258 6
1704579274 8
1704579290 9
1704579306 9
1704579322 1
1704579338 4
1704579354 9
1704579370 6
1704579386 9
1704579402 1
1704579418 9
1704579434 5
1704579450 8
1704579466 8
1704579482 12
1704579498 1
1704579514 6
1704579530 6
1704579546 11
1704579562 17
1704579578 3
1704579594 4
1704579610 6
1704579626 8
1704579642 5
1704579658 0
1704579674 9
1704579690 8
1704579706 8



# Sketch: 22
1704579114 2
1704579130 9
1704579146 6
1704579162 0
1704579178 4
1704579194 0
1704579210 8
1704579226 8
1704579242 3
1704579258 7
1704579274 8
1704579290 2
1704579306 5
1704579322 17
1704579338 14
1704579354 6
1704579370 2
1704579386 2
1704579402 20
1704579418 9
1704579434 7
1704579450 9
1704579466 7
1704579482 4
1704579498 1
1704579514 4
1704579530 4
1704579546 1
1704579562 4
1704579578 8
1704579594 5
1704579610 4
1704579626 6
1704579642 4
1704579658 9
1704579674 14
1704579690 4
1704579706 10



# Sketch: 23
1704579114 2
1704579130 8
1704579146 1
1704579162 8
1704579178 8
1704579194 3
1704579210 17
1704579226 11
1704579242 4
1704579258 9
1704579274 7
1704579290 7
1704579306 15
1704579322 6
1704579338 14
1704579354 3
1704579370 2
1704579386 4
1704579402 5
1704579418 2
1704579434 2
1704579450 4
1704579466 8
1704579482 9
1704579498 2
1704579514 3
1704579530 9
1704579546 1
1704579562 1
1704579578 6
1704579594 3
1704579610 10
1704579626 11
1704579642 9
1704579658 8
1704579674 6
1704579690 8
1704579706 6



# Sketch: 24
1704579114 3
1704579130 8
1704579146 7
1704579162 5
1704579178 4
1704579194 5
1704579210 11
1704579226 16
1704579242 5
1704579258 3
1704579274 3
1704579290 7
1704579306 12
1704579322 7
1704579338 9
1704579354 2
1704579370 11
1704579386 12
1704579402 14
1704579418 11
1704579434 9
1704579450 12
1704579466 4
1704579482 6
1704579498 8
1704579514 2
1704579530 9
1704579546 5
1704579562 7
1704579578 17
1704579594 11
1704579610 9
1704579626 11
1704579642 4
1704579658 1
1704579674 8
1704579690 3
1704579706 3



# Sketch: 25
1704579114 12
1704579130 3
1704579146 6
1704579162 13
1704579178 10
1704579194 2
1704579210 5
1704579226 6
1704579242 6
1704579258 7
1704579274 6
1704579290 6
1704579306 7
1704579322 3
1704579338 13
1704579354 8
1704579370 7
1704579386 3
1704579402 6
1704579418 9
1704579434 13
1704579450 6
1704579466 6
1704579482 3
1704579498 9
1704579514 6
1704579530 4
1704579546 6
1704579562 7
1704579578 3
1704579594 10
1704579610 5
1704579626 4
1704579642 8
1704579658 5
1704579674 13
1704579690 3
1704579706 2



# Sketch: 26
1704579114 3
1704579130 12
1704579146 6
1704579162 8
1704579178 6
1704579194 3
1704579210 7
1704579226 5
1704579242 6
1704579258 18
1704579274 11
1704579290 10
1704579306 10
1704579322 9
1704579338 5
1704579354 7
1704579370 9
1704579386 6
1704579402 2
1704579418 7
1704579434 10
1704579450 1
1704579466 14
1704579482 8
1704579498 6
1704579514 3
1704579530 2
1704579546 1
1704579562 8
1704579578 6
1704579594 6
1704579610 12
1704579626 12
1704579642 2
1704579658 2
1704579674 7
1704579690 2
1704579706 1



# Sketch: 27
1704579114 6
1704579130 13
1704579146 5
1704579162 0
1704579178 2
1704579194 6
1704579210 4
1704579226 6
1704579242 8
1704579258 8
1704579274 12
1704579290 3
1704579306 20
1704579322 5
1704579338 4
1704579354 5
1704579370 6
1704579386 11
1704579402 1
1704579418 11
1704579434 13
1704579450 4
1704579466 1
1704579482 9
1704579498 3
1704579514 0
1704579530 4
1704579546 6
1704579562 5
1704579578 8
1704579594 5
1704579610 10
1704579626 7
1704579642 4
1704579658 4
1704579674 15
1704579690 9
1704579706 6



# Sketch: 28
1704579114 9
1704579130 7
1704579146 5
1704579162 5
1704579178 4
1704579194 8
1704579210 3
1704579226 6
1704579242 12
1704579258 10
1704579274 4
1704579290 6
1704579306 8
1704579322 1
1704579338 5
1704579354 1
1704579370 5
1704579386 18
1704579402 1
1704579418 5
1704579434 6
1704579450 1
1704579466 2
1704579482 4
1704579498 2
1704579514 3
1704579530 9
1704579546 3
1704579562 12
1704579578 7
1704579594 5
1704579610 7
1704579626 4
1704579642 1
1704579658 6
1704579674 5
1704579690 6
1704579706 1



# Sketch: 29
1704579114 11
1704579130 12
1704579146 1
1704579162 5
1704579178 16
1704579194 5
1704579210 8
1704579226 4
1704579242 10
1704579258 3
1704579274 5
1704579290 13
1704579306 7
1704579322 13
1704579338 5
1704579354 7
1704579370 7
1704579386 10
1704579402 5
1704579418 4
1704579434 5
1704579450 5
1704579466 4
1704579482 5
1704579498 9
1704579514 5
1704579530 3
1704579546 1
1704579562 5
1704579578 6
1704579594 8
1704579610 7
1704579626 17
1704579642 6
1704579658 9
1704579674 5
1704579690 4
1704579706 0



# Sketch: 30
1704579114 5
1704579130 12
1704579146 3
1704579162 19
1704579178 5
1704579194 7
1704579210 2
1704579226 4
1704579242 23
1704579258 9
1704579274 9
1704579290 22
1704579306 15
1704579322 18
1704579338 11
1704579354 5
1704579370 11
1704579386 5
1704579402 6
1704579418 6
1704579434 3
1704579450 3
1704579466 4
1704579482 4
1704579498 20
1704579514 4
1704579530 4
1704579546 6
1704579562 6
1704579578 10
1704579594 9
1704579610 13
1704579626 4
1704579642 10
1704579658 4
1704579674 15
1704579690 13
1704579706 5



# Sketch: 31
1704579114 14
1704579130 5
1704579146 4
1704579162 2
1704579178 3
1704579194 2
1704579210 2
1704579226 36
1704579242 5
1704579258 9
1704579274 8
1704579290 6
1704579306 8
1704579322 5
1704579338 2
1704579354 5
1704579370 3
1704579386 1
1704579402 3
1704579418 2
1704579434 12
1704579450 5
1704579466 5
1704579482 9
1704579498 10
1704579514 5
1704579530 8
1704579546 17
1704579562 10
1704579578 18
1704579594 11
1704579610 6
1704579626 6
1704579642 1
1704579658 0
1704579674 4
1704579690 8
1704579706 12

