

# Sketch: 0
0 0.689473
1 0.550647
2 0.540036
3 0.50792
4 0.601917
5 0.57055
6 0.556566
7 0.694743



# Sketch: 1
0 2.44124
1 1.59059
2 1.29056
3 1.87854
4 1.92943
5 1.04634
6 0.990856
7 0.879827



# Sketch: 2
0 1.31236
1 1.04857
2 0.907403
3 0.611212
4 0.660057
5 0.576168
6 0.649603
7 0.945848



# Sketch: 3
0 0.521436
1 0.576457
2 0.756357
3 0.668018
4 0.514155
5 0.473346
6 0.332045
7 0.396048



# Sketch: 4
0 0.555085
1 0.551411
2 0.504069
3 0.43277
4 0.606459
5 0.562871
6 0.528452
7 0.461863



# Sketch: 5
0 0.991384
1 1.12736
2 0.955384
3 0.943788
4 0.789324
5 1.0634
6 1.045
7 0.638502



# Sketch: 6
0 0.588196
1 0.397602
2 0.390454
3 0.356521
4 0.459881
5 0.410393
6 0.521324
7 0.639309



# Sketch: 7
0 0.25904
1 0.268794
2 0.401343
3 0.292409
4 0.445611
5 0.491682
6 0.725272
7 0.602758



# Sketch: 8
0 0.579483
1 0.519601
2 0.451315
3 0.378561
4 0.427576
5 0.486279
6 0.435558
7 0.397326



# Sketch: 9
0 0.245844
1 0.158689
2 0.354093
3 0.472
4 0.349957
5 0.223817
6 0.445028
7 0.381069



# Sketch: 10
0 0.189747
1 0.506668
2 0.90121
3 0.886903
4 0.986239
5 2.12344
6 1.0927
7 1.19674



# Sketch: 11
0 0.375321
1 0.559732
2 0.392788
3 0.365763
4 0.116453
5 0.153658
6 0.184815
7 0.319678



# Sketch: 12
0 1.0264
1 0.902721
2 0.911601
3 0.87867
4 0.852051
5 0.664863
6 0.79364
7 0.595834



# Sketch: 13
0 0.244573
1 0.50191
2 0.244813
3 0.293774
4 0.352318
5 0.383965
6 0.463552
7 0.546095



# Sketch: 14
0 0.625291
1 0.442918
2 0.444854
3 1.1
4 0.822226
5 0.610087
6 0.498075
7 0.644309



# Sketch: 15
0 2.0333
1 2.59672
2 2.05917
3 1.81603
4 1.23624
5 0.602728
6 0.670745
7 0.417685



# Sketch: 16
0 0.61833
1 0.812081
2 0.599246
3 0.589122
4 0.381189
5 0.438593
6 0.567889
7 2.41746



# Sketch: 17
0 1.11095
1 1.11688
2 1.17007
3 0.819494
4 0.575764
5 0.531757
6 0.592879
7 0.591437



# Sketch: 18
0 0.719295
1 0.646072
2 0.596067
3 0.509401
4 0.665265
5 0.731206
6 0.791645
7 1.57172



# Sketch: 19
0 0.406215
1 0.46045
2 0.78358
3 0.307611
4 0.701472
5 1.3579
6 0.833773
7 0.649249



# Sketch: 20
0 0.879461
1 1.40027
2 1.39657
3 1.359
4 1.67152
5 2.08306
6 2.29726
7 2.01335



# Sketch: 21
0 0.356477
1 0.228851
2 0.165081
3 0.281184
4 0.701594
5 0.874726
6 1.07147
7 1.44233



# Sketch: 22
0 3.23659
1 2.17981
2 1.51053
3 0.834524
4 0.609815
5 0.0713835
6 0.0758603
7 0.433809



# Sketch: 23
0 1.15138
1 1.09263
2 0.900871
3 0.757156
4 0.858889
5 0.745091
6 0.756534
7 0.612943



# Sketch: 24
0 0.42082
1 0.373694
2 0.395125
3 0.436041
4 0.355771
5 0.411507
6 0.452455
7 0.643397



# Sketch: 25
0 0.459387
1 0.39814
2 0.507941
3 0.355415
4 0.370943
5 0.418529
6 0.47073
7 0.431675



# Sketch: 26
0 0.170964
1 0.180673
2 0.287233
3 0.178491
4 0.33304
5 0.427824
6 0.280394
7 0.466044



# Sketch: 27
0 2.11427
1 2.3879
2 2.10412
3 2.10237
4 1.25551
5 0.557896
6 0.325956
7 0.249113



# Sketch: 28
0 1.00137
1 0.683905
2 0.589587
3 0.484263
4 0.46495
5 0.55245
6 0.516185
7 0.674265



# Sketch: 29
0 1.27072
1 1.05894
2 0.920237
3 0.98167
4 0.817002
5 0.44464
6 0.89011
7 2.06699



# Sketch: 30
0 0.518924
1 0.511433
2 0.536638
3 0.404554
4 0.413882
5 0.506976
6 0.522058
7 0.538954



# Sketch: 31
0 0.431495
1 0.403
2 0.391158
3 0.459489
4 0.481275
5 0.413838
6 0.472335
7 0.650163

