

# Sketch: 0
1704579114 69
1704579242 127
1704579370 147
1704579498 81
1704579626 66



# Sketch: 1
1704579114 43
1704579242 38
1704579370 39
1704579498 44
1704579626 45



# Sketch: 2
1704579114 84
1704579242 50
1704579370 50
1704579498 51
1704579626 50



# Sketch: 3
1704579114 57
1704579242 77
1704579370 68
1704579498 69
1704579626 30



# Sketch: 4
1704579114 57
1704579242 53
1704579370 69
1704579498 51
1704579626 44



# Sketch: 5
1704579114 32
1704579242 50
1704579370 34
1704579498 47
1704579626 35



# Sketch: 6
1704579114 47
1704579242 72
1704579370 45
1704579498 69
1704579626 30



# Sketch: 7
1704579114 46
1704579242 68
1704579370 61
1704579498 65
1704579626 32



# Sketch: 8
1704579114 53
1704579242 68
1704579370 36
1704579498 47
1704579626 40



# Sketch: 9
1704579114 39
1704579242 48
1704579370 50
1704579498 64
1704579626 43



# Sketch: 10
1704579114 58
1704579242 59
1704579370 32
1704579498 39
1704579626 35



# Sketch: 11
1704579114 53
1704579242 81
1704579370 66
1704579498 51
1704579626 43



# Sketch: 12
1704579114 57
1704579242 69
1704579370 54
1704579498 49
1704579626 21



# Sketch: 13
1704579114 74
1704579242 50
1704579370 51
1704579498 40
1704579626 27



# Sketch: 14
1704579114 45
1704579242 80
1704579370 58
1704579498 55
1704579626 38



# Sketch: 15
1704579114 48
1704579242 44
1704579370 73
1704579498 58
1704579626 29



# Sketch: 16
1704579114 104
1704579242 69
1704579370 37
1704579498 51
1704579626 22



# Sketch: 17
1704579114 67
1704579242 50
1704579370 53
1704579498 33
1704579626 41



# Sketch: 18
1704579114 44
1704579242 60
1704579370 43
1704579498 46
1704579626 35



# Sketch: 19
1704579114 39
1704579242 43
1704579370 63
1704579498 53
1704579626 38



# Sketch: 20
1704579114 57
1704579242 70
1704579370 49
1704579498 41
1704579626 52



# Sketch: 21
1704579114 62
1704579242 101
1704579370 49
1704579498 44
1704579626 24



# Sketch: 22
1704579114 121
1704579242 68
1704579370 41
1704579498 52
1704579626 29



# Sketch: 23
1704579114 34
1704579242 50
1704579370 61
1704579498 56
1704579626 49



# Sketch: 24
1704579114 86
1704579242 94
1704579370 81
1704579498 68
1704579626 65



# Sketch: 25
1704579114 72
1704579242 59
1704579370 50
1704579498 38
1704579626 40



# Sketch: 26
1704579114 52
1704579242 36
1704579370 42
1704579498 49
1704579626 29



# Sketch: 27
1704579114 70
1704579242 83
1704579370 64
1704579498 80
1704579626 62



# Sketch: 28
1704579114 52
1704579242 53
1704579370 55
1704579498 41
1704579626 34



# Sketch: 29
1704579114 48
1704579242 104
1704579370 59
1704579498 46
1704579626 43



# Sketch: 30
1704579114 100
1704579242 46
1704579370 62
1704579498 62
1704579626 39



# Sketch: 31
1704579114 68
1704579242 87
1704579370 33
1704579498 47
1704579626 41

