

# Sketch: 0
1704579714 29
1704579842 44
1704579970 53
1704580098 55
1704580226 83



# Sketch: 1
1704579714 46
1704579842 43
1704579970 70
1704580098 48
1704580226 31



# Sketch: 2
1704579714 71
1704579842 78
1704579970 67
1704580098 69
1704580226 54



# Sketch: 3
1704579714 37
1704579842 83
1704579970 52
1704580098 61
1704580226 38



# Sketch: 4
1704579714 76
1704579842 62
1704579970 62
1704580098 71
1704580226 82



# Sketch: 5
1704579714 57
1704579842 51
1704579970 46
1704580098 64
1704580226 45



# Sketch: 6
1704579714 65
1704579842 44
1704579970 39
1704580098 76
1704580226 34



# Sketch: 7
1704579714 59
1704579842 68
1704579970 76
1704580098 49
1704580226 48



# Sketch: 8
1704579714 55
1704579842 61
1704579970 54
1704580098 70
1704580226 42



# Sketch: 9
1704579714 38
1704579842 53
1704579970 57
1704580098 69
1704580226 52



# Sketch: 10
1704579714 77
1704579842 94
1704579970 88
1704580098 85
1704580226 48



# Sketch: 11
1704579714 48
1704579842 73
1704579970 60
1704580098 54
1704580226 55



# Sketch: 12
1704579714 78
1704579842 77
1704579970 56
1704580098 63
1704580226 48



# Sketch: 13
1704579714 46
1704579842 72
1704579970 79
1704580098 52
1704580226 44



# Sketch: 14
1704579714 51
1704579842 67
1704579970 51
1704580098 52
1704580226 34



# Sketch: 15
1704579714 36
1704579842 46
1704579970 64
1704580098 63
1704580226 32



# Sketch: 16
1704579714 45
1704579842 44
1704579970 60
1704580098 51
1704580226 57



# Sketch: 17
1704579714 55
1704579842 77
1704579970 76
1704580098 67
1704580226 33



# Sketch: 18
1704579714 44
1704579842 45
1704579970 36
1704580098 49
1704580226 58



# Sketch: 19
1704579714 82
1704579842 80
1704579970 76
1704580098 88
1704580226 96



# Sketch: 20
1704579714 49
1704579842 65
1704579970 48
1704580098 61
1704580226 44



# Sketch: 21
1704579714 81
1704579842 66
1704579970 38
1704580098 71
1704580226 45



# Sketch: 22
1704579714 54
1704579842 51
1704579970 74
1704580098 57
1704580226 23



# Sketch: 23
1704579714 33
1704579842 36
1704579970 48
1704580098 61
1704580226 71



# Sketch: 24
1704579714 57
1704579842 60
1704579970 76
1704580098 50
1704580226 54



# Sketch: 25
1704579714 48
1704579842 68
1704579970 98
1704580098 59
1704580226 60



# Sketch: 26
1704579714 53
1704579842 93
1704579970 76
1704580098 73
1704580226 41



# Sketch: 27
1704579714 27
1704579842 79
1704579970 70
1704580098 43
1704580226 21



# Sketch: 28
1704579714 42
1704579842 30
1704579970 59
1704580098 49
1704580226 40



# Sketch: 29
1704579714 69
1704579842 66
1704579970 66
1704580098 57
1704580226 51



# Sketch: 30
1704579714 44
1704579842 80
1704579970 56
1704580098 75
1704580226 26



# Sketch: 31
1704579714 60
1704579842 100
1704579970 68
1704580098 70
1704580226 67

