

# Sketch: 0
0 0.452978
1 0.450117
2 0.430175
3 0.394595
4 0.443591
5 0.558451
6 0.575212
7 0.540944



# Sketch: 1
0 0.346489
1 0.377614
2 0.374918
3 0.396664
4 0.429781
5 0.411727
6 0.397836
7 0.415515



# Sketch: 2
0 0.643839
1 0.700574
2 0.821706
3 1.1168
4 0.966611
5 0.818015
6 0.389638
7 0.386794



# Sketch: 3
0 0.458597
1 0.433437
2 0.474794
3 0.526129
4 0.483955
5 0.438068
6 0.340161
7 0.362705



# Sketch: 4
0 0.927361
1 0.798162
2 0.833054
3 0.766131
4 0.97806
5 0.915078
6 1.08
7 1.05181



# Sketch: 5
0 3.78125
1 3.75517
2 3.30528
3 2.28703
4 1.79944
5 1.17455
6 1.64624
7 1.73018



# Sketch: 6
0 0.369665
1 0.394476
2 0.481215
3 0.540108
4 0.764401
5 0.911967
6 1.15175
7 1.06066



# Sketch: 7
0 0.844924
1 0.836592
2 0.854186
3 0.876196
4 0.96479
5 0.972515
6 0.850844
7 0.832979



# Sketch: 8
0 0.709467
1 0.747996
2 0.794637
3 0.833476
4 0.862927
5 0.852718
6 0.812633
7 0.799725



# Sketch: 9
0 0.581561
1 0.538105
2 0.603764
3 0.686865
4 0.40222
5 0.473328
6 0.35453
7 0.363114



# Sketch: 10
0 0.737425
1 0.700905
2 0.739439
3 0.837788
4 0.767197
5 0.76382
6 0.686429
7 0.691625



# Sketch: 11
0 1.41973
1 1.3249
2 1.49915
3 1.94368
4 2.11587
5 2.2828
6 2.36309
7 2.51083



# Sketch: 12
0 0.474404
1 0.52854
2 0.576783
3 0.622912
4 0.565439
5 0.400051
6 0.399017
7 0.39083



# Sketch: 13
0 0.909109
1 0.842578
2 0.895217
3 0.933882
4 0.920682
5 0.939607
6 0.918771
7 0.856486



# Sketch: 14
0 0.219057
1 0.266405
2 0.289769
3 0.288629
4 0.290594
5 0.395833
6 0.495616
7 0.477831



# Sketch: 15
0 0.960391
1 0.932138
2 0.997111
3 1.08016
4 1.3233
5 1.63139
6 2.62511
7 2.80879



# Sketch: 16
0 1.98376
1 1.81882
2 1.56634
3 1.40136
4 1.37382
5 1.22447
6 0.697996
7 0.284822



# Sketch: 17
0 0.373293
1 0.398024
2 0.43413
3 0.538828
4 0.852485
5 0.97532
6 1.16894
7 1.0021



# Sketch: 18
0 0.410475
1 0.382888
2 0.361195
3 0.346887
4 0.398276
5 0.462946
6 0.368367
7 0.389948



# Sketch: 19
0 0.335885
1 0.358201
2 0.365376
3 0.376492
4 0.364628
5 0.395586
6 0.526657
7 0.519666



# Sketch: 20
0 0.878495
1 0.848197
2 0.907299
3 0.96726
4 0.95434
5 0.921034
6 0.842768
7 0.966267



# Sketch: 21
0 0.418393
1 0.425254
2 0.482133
3 0.485733
4 0.412931
5 0.381082
6 0.418481
7 0.432515



# Sketch: 22
0 0.250496
1 0.296732
2 0.291119
3 0.292143
4 0.311782
5 0.329281
6 0.364106
7 0.372747



# Sketch: 23
0 0.877842
1 0.813604
2 0.840731
3 0.917603
4 0.926916
5 0.901271
6 0.845311
7 0.887815



# Sketch: 24
0 0.52428
1 0.554955
2 0.674731
3 0.62082
4 0.621632
5 0.526614
6 0.768627
7 0.627208



# Sketch: 25
0 0.337106
1 0.341371
2 0.311457
3 0.356197
4 0.307343
5 0.33231
6 0.379531
7 0.378826



# Sketch: 26
0 0.446345
1 0.44584
2 0.423014
3 0.400916
4 0.435334
5 0.535908
6 0.643362
7 0.65082



# Sketch: 27
0 0.411375
1 0.446225
2 0.606702
3 0.816614
4 0.600301
5 0.791455
6 0.442027
7 0.397936



# Sketch: 28
0 0.651352
1 0.629771
2 0.672836
3 0.713495
4 0.709479
5 0.688052
6 0.685447
7 0.641705



# Sketch: 29
0 0.729188
1 0.718252
2 0.710826
3 0.796274
4 0.713224
5 0.682889
6 0.591273
7 0.606764



# Sketch: 30
0 0.709651
1 0.735402
2 0.788998
3 0.90991
4 0.892263
5 0.883792
6 0.794592
7 0.782369



# Sketch: 31
0 4.36081
1 4.3197
2 4.3125
3 4.15996
4 3.81739
5 3.47009
6 2.83275
7 2.53302

