

# Sketch: 0
1704580314 633
1704580442 381
1704580570 323
1704580698 124
1704580826 42



# Sketch: 1
1704580314 359
1704580442 85
1704580570 65
1704580698 66
1704580826 46



# Sketch: 2
1704580314 359
1704580442 93
1704580570 41
1704580698 48
1704580826 45



# Sketch: 3
1704580314 411
1704580442 53
1704580570 41
1704580698 39
1704580826 52



# Sketch: 4
1704580314 134
1704580442 77
1704580570 67
1704580698 46
1704580826 29



# Sketch: 5
1704580314 480
1704580442 84
1704580570 66
1704580698 43
1704580826 27



# Sketch: 6
1704580314 148
1704580442 40
1704580570 83
1704580698 30
1704580826 30



# Sketch: 7
1704580314 142
1704580442 49
1704580570 33
1704580698 39
1704580826 37



# Sketch: 8
1704580314 264
1704580442 49
1704580570 86
1704580698 35
1704580826 33



# Sketch: 9
1704580314 145
1704580442 30
1704580570 51
1704580698 59
1704580826 45



# Sketch: 10
1704580314 371
1704580442 79
1704580570 43
1704580698 58
1704580826 52



# Sketch: 11
1704580314 260
1704580442 50
1704580570 60
1704580698 73
1704580826 53



# Sketch: 12
1704580314 367
1704580442 31
1704580570 62
1704580698 54
1704580826 46



# Sketch: 13
1704580314 347
1704580442 62
1704580570 82
1704580698 39
1704580826 41



# Sketch: 14
1704580314 423
1704580442 53
1704580570 29
1704580698 35
1704580826 35



# Sketch: 15
1704580314 283
1704580442 66
1704580570 103
1704580698 58
1704580826 41



# Sketch: 16
1704580314 190
1704580442 59
1704580570 53
1704580698 138
1704580826 44



# Sketch: 17
1704580314 305
1704580442 358
1704580570 412
1704580698 632
1704580826 424



# Sketch: 18
1704580314 204
1704580442 71
1704580570 79
1704580698 25
1704580826 22



# Sketch: 19
1704580314 156
1704580442 65
1704580570 33
1704580698 64
1704580826 24



# Sketch: 20
1704580314 218
1704580442 99
1704580570 75
1704580698 80
1704580826 89



# Sketch: 21
1704580314 456
1704580442 38
1704580570 32
1704580698 38
1704580826 18



# Sketch: 22
1704580314 89
1704580442 74
1704580570 60
1704580698 40
1704580826 33



# Sketch: 23
1704580314 340
1704580442 65
1704580570 47
1704580698 57
1704580826 59



# Sketch: 24
1704580314 262
1704580442 58
1704580570 55
1704580698 50
1704580826 31



# Sketch: 25
1704580314 376
1704580442 91
1704580570 40
1704580698 74
1704580826 62



# Sketch: 26
1704580314 196
1704580442 80
1704580570 63
1704580698 57
1704580826 27



# Sketch: 27
1704580314 202
1704580442 45
1704580570 54
1704580698 57
1704580826 43



# Sketch: 28
1704580314 244
1704580442 43
1704580570 35
1704580698 27
1704580826 31



# Sketch: 29
1704580314 166
1704580442 55
1704580570 45
1704580698 80
1704580826 62



# Sketch: 30
1704580314 428
1704580442 62
1704580570 68
1704580698 51
1704580826 53



# Sketch: 31
1704580314 76
1704580442 42
1704580570 79
1704580698 53
1704580826 34

