

# Sketch: 0
1704580314 21
1704580346 6
1704580378 139
1704580410 63
1704580442 11
1704580474 26
1704580506 14
1704580538 17
1704580570 16
1704580602 22
1704580634 15
1704580666 33
1704580698 7
1704580730 11
1704580762 9
1704580794 18
1704580826 11
1704580858 11
1704580890 12



# Sketch: 1
1704580314 19
1704580346 15
1704580378 320
1704580410 15
1704580442 17
1704580474 12
1704580506 5
1704580538 5
1704580570 6
1704580602 13
1704580634 20
1704580666 17
1704580698 13
1704580730 11
1704580762 16
1704580794 11
1704580826 17
1704580858 9
1704580890 11



# Sketch: 2
1704580314 5
1704580346 10
1704580378 279
1704580410 124
1704580442 19
1704580474 15
1704580506 6
1704580538 9
1704580570 6
1704580602 29
1704580634 7
1704580666 8
1704580698 8
1704580730 11
1704580762 12
1704580794 7
1704580826 16
1704580858 12
1704580890 17



# Sketch: 3
1704580314 18
1704580346 18
1704580378 269
1704580410 15
1704580442 15
1704580474 12
1704580506 29
1704580538 15
1704580570 15
1704580602 11
1704580634 12
1704580666 12
1704580698 18
1704580730 10
1704580762 17
1704580794 19
1704580826 9
1704580858 26
1704580890 7



# Sketch: 4
1704580314 17
1704580346 13
1704580378 187
1704580410 42
1704580442 28
1704580474 13
1704580506 14
1704580538 16
1704580570 20
1704580602 15
1704580634 9
1704580666 18
1704580698 16
1704580730 13
1704580762 19
1704580794 19
1704580826 27
1704580858 32
1704580890 5



# Sketch: 5
1704580314 12
1704580346 7
1704580378 129
1704580410 95
1704580442 86
1704580474 85
1704580506 40
1704580538 135
1704580570 90
1704580602 81
1704580634 129
1704580666 121
1704580698 107
1704580730 163
1704580762 174
1704580794 177
1704580826 138
1704580858 172
1704580890 116



# Sketch: 6
1704580314 14
1704580346 4
1704580378 236
1704580410 68
1704580442 9
1704580474 9
1704580506 7
1704580538 6
1704580570 19
1704580602 6
1704580634 8
1704580666 8
1704580698 5
1704580730 24
1704580762 7
1704580794 10
1704580826 16
1704580858 15
1704580890 7



# Sketch: 7
1704580314 14
1704580346 3
1704580378 188
1704580410 25
1704580442 27
1704580474 16
1704580506 4
1704580538 10
1704580570 9
1704580602 17
1704580634 5
1704580666 6
1704580698 4
1704580730 12
1704580762 11
1704580794 20
1704580826 11
1704580858 12
1704580890 14



# Sketch: 8
1704580314 11
1704580346 25
1704580378 176
1704580410 78
1704580442 8
1704580474 8
1704580506 10
1704580538 13
1704580570 9
1704580602 42
1704580634 15
1704580666 15
1704580698 6
1704580730 15
1704580762 7
1704580794 4
1704580826 14
1704580858 18
1704580890 3



# Sketch: 9
1704580314 17
1704580346 9
1704580378 291
1704580410 75
1704580442 18
1704580474 14
1704580506 5
1704580538 13
1704580570 13
1704580602 5
1704580634 11
1704580666 11
1704580698 12
1704580730 10
1704580762 9
1704580794 22
1704580826 9
1704580858 20
1704580890 22



# Sketch: 10
1704580314 18
1704580346 12
1704580378 105
1704580410 28
1704580442 16
1704580474 25
1704580506 35
1704580538 15
1704580570 16
1704580602 13
1704580634 19
1704580666 13
1704580698 9
1704580730 20
1704580762 9
1704580794 18
1704580826 9
1704580858 34
1704580890 12



# Sketch: 11
1704580314 9
1704580346 13
1704580378 400
1704580410 190
1704580442 29
1704580474 10
1704580506 5
1704580538 12
1704580570 13
1704580602 16
1704580634 5
1704580666 26
1704580698 15
1704580730 5
1704580762 16
1704580794 11
1704580826 5
1704580858 12
1704580890 14



# Sketch: 12
1704580314 27
1704580346 9
1704580378 254
1704580410 124
1704580442 60
1704580474 35
1704580506 13
1704580538 26
1704580570 11
1704580602 8
1704580634 16
1704580666 23
1704580698 17
1704580730 22
1704580762 8
1704580794 9
1704580826 23
1704580858 5
1704580890 7



# Sketch: 13
1704580314 6
1704580346 7
1704580378 359
1704580410 158
1704580442 13
1704580474 16
1704580506 9
1704580538 4
1704580570 10
1704580602 12
1704580634 4
1704580666 10
1704580698 7
1704580730 11
1704580762 10
1704580794 5
1704580826 14
1704580858 7
1704580890 6



# Sketch: 14
1704580314 25
1704580346 11
1704580378 159
1704580410 24
1704580442 18
1704580474 4
1704580506 11
1704580538 20
1704580570 25
1704580602 17
1704580634 17
1704580666 15
1704580698 10
1704580730 14
1704580762 13
1704580794 3
1704580826 8
1704580858 20
1704580890 12



# Sketch: 15
1704580314 6
1704580346 11
1704580378 135
1704580410 17
1704580442 14
1704580474 11
1704580506 23
1704580538 12
1704580570 11
1704580602 61
1704580634 16
1704580666 9
1704580698 15
1704580730 13
1704580762 7
1704580794 30
1704580826 5
1704580858 18
1704580890 9



# Sketch: 16
1704580314 4
1704580346 11
1704580378 68
1704580410 31
1704580442 13
1704580474 31
1704580506 20
1704580538 9
1704580570 12
1704580602 12
1704580634 11
1704580666 8
1704580698 3
1704580730 3
1704580762 21
1704580794 17
1704580826 6
1704580858 6
1704580890 5



# Sketch: 17
1704580314 24
1704580346 17
1704580378 136
1704580410 27
1704580442 19
1704580474 7
1704580506 10
1704580538 10
1704580570 4
1704580602 8
1704580634 13
1704580666 9
1704580698 9
1704580730 28
1704580762 7
1704580794 14
1704580826 14
1704580858 19
1704580890 10



# Sketch: 18
1704580314 16
1704580346 6
1704580378 210
1704580410 64
1704580442 28
1704580474 18
1704580506 12
1704580538 6
1704580570 23
1704580602 6
1704580634 15
1704580666 17
1704580698 3
1704580730 8
1704580762 8
1704580794 22
1704580826 14
1704580858 28
1704580890 13



# Sketch: 19
1704580314 7
1704580346 9
1704580378 172
1704580410 45
1704580442 17
1704580474 10
1704580506 11
1704580538 11
1704580570 5
1704580602 8
1704580634 10
1704580666 18
1704580698 2
1704580730 29
1704580762 10
1704580794 10
1704580826 8
1704580858 21
1704580890 4



# Sketch: 20
1704580314 20
1704580346 17
1704580378 161
1704580410 56
1704580442 18
1704580474 17
1704580506 8
1704580538 6
1704580570 13
1704580602 18
1704580634 11
1704580666 13
1704580698 20
1704580730 10
1704580762 5
1704580794 27
1704580826 23
1704580858 12
1704580890 11



# Sketch: 21
1704580314 22
1704580346 9
1704580378 118
1704580410 46
1704580442 9
1704580474 10
1704580506 16
1704580538 5
1704580570 24
1704580602 9
1704580634 8
1704580666 10
1704580698 14
1704580730 10
1704580762 14
1704580794 17
1704580826 15
1704580858 6
1704580890 9



# Sketch: 22
1704580314 21
1704580346 12
1704580378 197
1704580410 112
1704580442 65
1704580474 82
1704580506 131
1704580538 77
1704580570 79
1704580602 93
1704580634 64
1704580666 63
1704580698 65
1704580730 23
1704580762 16
1704580794 6
1704580826 9
1704580858 19
1704580890 15



# Sketch: 23
1704580314 15
1704580346 13
1704580378 66
1704580410 38
1704580442 12
1704580474 20
1704580506 17
1704580538 28
1704580570 10
1704580602 61
1704580634 13
1704580666 16
1704580698 7
1704580730 30
1704580762 16
1704580794 10
1704580826 22
1704580858 40
1704580890 13



# Sketch: 24
1704580314 15
1704580346 7
1704580378 226
1704580410 41
1704580442 17
1704580474 18
1704580506 7
1704580538 46
1704580570 16
1704580602 8
1704580634 15
1704580666 17
1704580698 26
1704580730 54
1704580762 15
1704580794 45
1704580826 19
1704580858 25
1704580890 7



# Sketch: 25
1704580314 12
1704580346 8
1704580378 125
1704580410 19
1704580442 24
1704580474 12
1704580506 5
1704580538 11
1704580570 6
1704580602 18
1704580634 6
1704580666 12
1704580698 12
1704580730 7
1704580762 4
1704580794 11
1704580826 7
1704580858 14
1704580890 6



# Sketch: 26
1704580314 13
1704580346 6
1704580378 96
1704580410 46
1704580442 24
1704580474 14
1704580506 12
1704580538 10
1704580570 20
1704580602 21
1704580634 20
1704580666 10
1704580698 7
1704580730 20
1704580762 27
1704580794 9
1704580826 19
1704580858 12
1704580890 12



# Sketch: 27
1704580314 12
1704580346 10
1704580378 89
1704580410 23
1704580442 15
1704580474 9
1704580506 15
1704580538 13
1704580570 4
1704580602 18
1704580634 7
1704580666 7
1704580698 8
1704580730 9
1704580762 4
1704580794 13
1704580826 6
1704580858 12
1704580890 14



# Sketch: 28
1704580314 38
1704580346 8
1704580378 400
1704580410 262
1704580442 35
1704580474 29
1704580506 19
1704580538 14
1704580570 23
1704580602 18
1704580634 14
1704580666 14
1704580698 15
1704580730 33
1704580762 5
1704580794 37
1704580826 5
1704580858 29
1704580890 25



# Sketch: 29
1704580314 10
1704580346 21
1704580378 122
1704580410 85
1704580442 25
1704580474 19
1704580506 11
1704580538 8
1704580570 10
1704580602 6
1704580634 7
1704580666 10
1704580698 13
1704580730 15
1704580762 15
1704580794 16
1704580826 18
1704580858 11
1704580890 8



# Sketch: 30
1704580314 20
1704580346 9
1704580378 117
1704580410 47
1704580442 17
1704580474 19
1704580506 6
1704580538 13
1704580570 22
1704580602 14
1704580634 5
1704580666 33
1704580698 5
1704580730 8
1704580762 7
1704580794 19
1704580826 7
1704580858 7
1704580890 1



# Sketch: 31
1704580314 17
1704580346 11
1704580378 122
1704580410 48
1704580442 27
1704580474 23
1704580506 22
1704580538 38
1704580570 17
1704580602 28
1704580634 26
1704580666 19
1704580698 13
1704580730 13
1704580762 19
1704580794 20
1704580826 30
1704580858 26
1704580890 19

