

# Sketch: 0
1704580314 2
1704580318 0
1704580322 1
1704580326 0
1704580330 2
1704580334 1
1704580338 1
1704580342 0
1704580346 2
1704580350 3
1704580354 0
1704580358 0
1704580362 0
1704580366 1
1704580370 0
1704580374 0
1704580378 4
1704580382 26
1704580386 56
1704580390 33
1704580394 21
1704580398 34
1704580402 5
1704580406 2
1704580410 5
1704580414 4
1704580418 7
1704580422 5
1704580426 4
1704580430 1
1704580434 19
1704580438 1
1704580442 1
1704580446 2
1704580450 2
1704580454 4
1704580458 0
1704580462 1
1704580466 2
1704580470 0
1704580474 0
1704580478 3
1704580482 1
1704580486 0
1704580490 4
1704580494 0
1704580498 1
1704580502 0
1704580506 1
1704580510 7
1704580514 7
1704580518 0
1704580522 3
1704580526 0
1704580530 2
1704580534 2
1704580538 0
1704580542 0
1704580546 1
1704580550 0
1704580554 2
1704580558 0
1704580562 0
1704580566 2
1704580570 1
1704580574 4
1704580578 2
1704580582 7
1704580586 0
1704580590 0
1704580594 1
1704580598 1
1704580602 0
1704580606 0
1704580610 2
1704580614 5
1704580618 0
1704580622 1
1704580626 3
1704580630 0
1704580634 0
1704580638 1
1704580642 0
1704580646 0
1704580650 3
1704580654 0
1704580658 1
1704580662 1
1704580666 0
1704580670 2
1704580674 1
1704580678 3
1704580682 0
1704580686 1
1704580690 0
1704580694 1
1704580698 1
1704580702 0
1704580706 0
1704580710 1
1704580714 0
1704580718 2
1704580722 3
1704580726 2
1704580730 0
1704580734 1
1704580738 0
1704580742 1
1704580746 3
1704580750 4
1704580754 1
1704580758 0
1704580762 0
1704580766 0
1704580770 0
1704580774 0
1704580778 4
1704580782 2
1704580786 2
1704580790 0
1704580794 2
1704580798 0
1704580802 5
1704580806 1
1704580810 1
1704580814 1
1704580818 0
1704580822 3
1704580826 2
1704580830 0
1704580834 0
1704580838 2
1704580842 1
1704580846 0
1704580850 0
1704580854 1
1704580858 4
1704580862 3
1704580866 1
1704580870 2
1704580874 0
1704580878 1
1704580882 0
1704580886 2
1704580890 0
1704580894 0
1704580898 0
1704580902 1
1704580906 4
1704580910 6



# Sketch: 1
1704580314 1
1704580318 2
1704580322 2
1704580326 1
1704580330 2
1704580334 1
1704580338 2
1704580342 4
1704580346 0
1704580350 0
1704580354 0
1704580358 0
1704580362 2
1704580366 2
1704580370 5
1704580374 0
1704580378 0
1704580382 6
1704580386 4
1704580390 10
1704580394 2
1704580398 2
1704580402 3
1704580406 11
1704580410 4
1704580414 4
1704580418 7
1704580422 0
1704580426 0
1704580430 16
1704580434 5
1704580438 1
1704580442 2
1704580446 1
1704580450 2
1704580454 5
1704580458 1
1704580462 0
1704580466 0
1704580470 1
1704580474 7
1704580478 1
1704580482 1
1704580486 0
1704580490 8
1704580494 1
1704580498 1
1704580502 2
1704580506 0
1704580510 1
1704580514 0
1704580518 0
1704580522 1
1704580526 2
1704580530 1
1704580534 1
1704580538 8
1704580542 1
1704580546 0
1704580550 2
1704580554 1
1704580558 2
1704580562 3
1704580566 0
1704580570 0
1704580574 3
1704580578 4
1704580582 3
1704580586 0
1704580590 3
1704580594 0
1704580598 1
1704580602 0
1704580606 1
1704580610 0
1704580614 2
1704580618 3
1704580622 1
1704580626 1
1704580630 1
1704580634 0
1704580638 2
1704580642 1
1704580646 0
1704580650 0
1704580654 0
1704580658 0
1704580662 4
1704580666 1
1704580670 1
1704580674 2
1704580678 1
1704580682 0
1704580686 2
1704580690 1
1704580694 4
1704580698 2
1704580702 1
1704580706 0
1704580710 2
1704580714 2
1704580718 0
1704580722 1
1704580726 1
1704580730 1
1704580734 3
1704580738 1
1704580742 0
1704580746 3
1704580750 2
1704580754 0
1704580758 1
1704580762 1
1704580766 1
1704580770 1
1704580774 0
1704580778 2
1704580782 8
1704580786 0
1704580790 5
1704580794 5
1704580798 1
1704580802 0
1704580806 1
1704580810 1
1704580814 0
1704580818 2
1704580822 1
1704580826 2
1704580830 2
1704580834 1
1704580838 2
1704580842 0
1704580846 0
1704580850 0
1704580854 5
1704580858 6
1704580862 5
1704580866 3
1704580870 2
1704580874 4
1704580878 1
1704580882 4
1704580886 0
1704580890 2
1704580894 1
1704580898 0
1704580902 2
1704580906 1
1704580910 0



# Sketch: 2
1704580314 3
1704580318 0
1704580322 0
1704580326 0
1704580330 2
1704580334 2
1704580338 1
1704580342 2
1704580346 1
1704580350 0
1704580354 1
1704580358 0
1704580362 0
1704580366 1
1704580370 1
1704580374 0
1704580378 1
1704580382 17
1704580386 67
1704580390 72
1704580394 17
1704580398 13
1704580402 8
1704580406 15
1704580410 7
1704580414 2
1704580418 1
1704580422 20
1704580426 3
1704580430 3
1704580434 1
1704580438 6
1704580442 4
1704580446 5
1704580450 1
1704580454 11
1704580458 3
1704580462 0
1704580466 2
1704580470 3
1704580474 2
1704580478 3
1704580482 3
1704580486 8
1704580490 2
1704580494 0
1704580498 1
1704580502 8
1704580506 2
1704580510 3
1704580514 1
1704580518 2
1704580522 1
1704580526 3
1704580530 5
1704580534 1
1704580538 1
1704580542 0
1704580546 0
1704580550 0
1704580554 3
1704580558 2
1704580562 1
1704580566 0
1704580570 2
1704580574 6
1704580578 2
1704580582 3
1704580586 0
1704580590 1
1704580594 0
1704580598 0
1704580602 4
1704580606 1
1704580610 0
1704580614 1
1704580618 1
1704580622 7
1704580626 2
1704580630 2
1704580634 6
1704580638 5
1704580642 2
1704580646 2
1704580650 3
1704580654 1
1704580658 1
1704580662 2
1704580666 1
1704580670 0
1704580674 3
1704580678 1
1704580682 1
1704580686 0
1704580690 1
1704580694 1
1704580698 3
1704580702 0
1704580706 0
1704580710 1
1704580714 2
1704580718 1
1704580722 0
1704580726 0
1704580730 0
1704580734 1
1704580738 1
1704580742 5
1704580746 3
1704580750 1
1704580754 4
1704580758 1
1704580762 2
1704580766 4
1704580770 2
1704580774 2
1704580778 1
1704580782 1
1704580786 1
1704580790 1
1704580794 9
1704580798 1
1704580802 4
1704580806 2
1704580810 1
1704580814 1
1704580818 2
1704580822 0
1704580826 0
1704580830 1
1704580834 0
1704580838 2
1704580842 1
1704580846 1
1704580850 0
1704580854 1
1704580858 1
1704580862 12
1704580866 2
1704580870 0
1704580874 3
1704580878 2
1704580882 0
1704580886 4
1704580890 5
1704580894 1
1704580898 4
1704580902 3
1704580906 1
1704580910 2



# Sketch: 3
1704580314 0
1704580318 4
1704580322 0
1704580326 1
1704580330 2
1704580334 1
1704580338 2
1704580342 1
1704580346 1
1704580350 2
1704580354 0
1704580358 2
1704580362 2
1704580366 2
1704580370 3
1704580374 1
1704580378 0
1704580382 11
1704580386 42
1704580390 18
1704580394 3
1704580398 2
1704580402 2
1704580406 2
1704580410 1
1704580414 1
1704580418 1
1704580422 1
1704580426 5
1704580430 2
1704580434 2
1704580438 7
1704580442 2
1704580446 1
1704580450 1
1704580454 2
1704580458 0
1704580462 1
1704580466 0
1704580470 3
1704580474 9
1704580478 0
1704580482 1
1704580486 1
1704580490 3
1704580494 1
1704580498 0
1704580502 1
1704580506 2
1704580510 3
1704580514 0
1704580518 0
1704580522 0
1704580526 6
1704580530 1
1704580534 4
1704580538 4
1704580542 3
1704580546 0
1704580550 2
1704580554 1
1704580558 1
1704580562 3
1704580566 0
1704580570 1
1704580574 9
1704580578 1
1704580582 3
1704580586 0
1704580590 5
1704580594 1
1704580598 3
1704580602 0
1704580606 0
1704580610 2
1704580614 8
1704580618 7
1704580622 0
1704580626 3
1704580630 1
1704580634 0
1704580638 1
1704580642 12
1704580646 0
1704580650 0
1704580654 0
1704580658 2
1704580662 2
1704580666 1
1704580670 2
1704580674 1
1704580678 2
1704580682 0
1704580686 0
1704580690 0
1704580694 5
1704580698 0
1704580702 1
1704580706 1
1704580710 1
1704580714 1
1704580718 0
1704580722 0
1704580726 0
1704580730 0
1704580734 3
1704580738 0
1704580742 0
1704580746 4
1704580750 0
1704580754 0
1704580758 2
1704580762 1
1704580766 2
1704580770 0
1704580774 0
1704580778 2
1704580782 1
1704580786 0
1704580790 5
1704580794 3
1704580798 0
1704580802 0
1704580806 0
1704580810 1
1704580814 0
1704580818 4
1704580822 0
1704580826 0
1704580830 0
1704580834 1
1704580838 1
1704580842 3
1704580846 0
1704580850 1
1704580854 0
1704580858 4
1704580862 0
1704580866 1
1704580870 0
1704580874 0
1704580878 1
1704580882 1
1704580886 0
1704580890 1
1704580894 2
1704580898 6
1704580902 0
1704580906 0
1704580910 2



# Sketch: 4
1704580314 2
1704580318 0
1704580322 4
1704580326 4
1704580330 0
1704580334 1
1704580338 1
1704580342 1
1704580346 1
1704580350 0
1704580354 0
1704580358 1
1704580362 2
1704580366 4
1704580370 3
1704580374 0
1704580378 4
1704580382 16
1704580386 72
1704580390 107
1704580394 54
1704580398 52
1704580402 30
1704580406 14
1704580410 5
1704580414 7
1704580418 1
1704580422 1
1704580426 3
1704580430 4
1704580434 1
1704580438 0
1704580442 2
1704580446 5
1704580450 2
1704580454 4
1704580458 2
1704580462 1
1704580466 1
1704580470 0
1704580474 0
1704580478 3
1704580482 1
1704580486 0
1704580490 0
1704580494 1
1704580498 1
1704580502 2
1704580506 0
1704580510 0
1704580514 0
1704580518 2
1704580522 0
1704580526 1
1704580530 2
1704580534 0
1704580538 0
1704580542 2
1704580546 1
1704580550 1
1704580554 1
1704580558 0
1704580562 1
1704580566 2
1704580570 2
1704580574 4
1704580578 1
1704580582 1
1704580586 0
1704580590 5
1704580594 1
1704580598 0
1704580602 0
1704580606 0
1704580610 3
1704580614 1
1704580618 1
1704580622 4
1704580626 2
1704580630 2
1704580634 0
1704580638 1
1704580642 0
1704580646 0
1704580650 0
1704580654 0
1704580658 0
1704580662 1
1704580666 0
1704580670 0
1704580674 2
1704580678 3
1704580682 0
1704580686 0
1704580690 1
1704580694 0
1704580698 8
1704580702 1
1704580706 0
1704580710 1
1704580714 5
1704580718 2
1704580722 0
1704580726 2
1704580730 0
1704580734 3
1704580738 2
1704580742 0
1704580746 0
1704580750 0
1704580754 1
1704580758 0
1704580762 0
1704580766 3
1704580770 0
1704580774 7
1704580778 0
1704580782 2
1704580786 2
1704580790 0
1704580794 4
1704580798 1
1704580802 2
1704580806 0
1704580810 2
1704580814 2
1704580818 1
1704580822 0
1704580826 2
1704580830 1
1704580834 1
1704580838 0
1704580842 5
1704580846 3
1704580850 2
1704580854 12
1704580858 2
1704580862 0
1704580866 2
1704580870 0
1704580874 0
1704580878 1
1704580882 2
1704580886 0
1704580890 0
1704580894 3
1704580898 0
1704580902 0
1704580906 0
1704580910 3



# Sketch: 5
1704580314 1
1704580318 0
1704580322 1
1704580326 5
1704580330 2
1704580334 5
1704580338 2
1704580342 3
1704580346 1
1704580350 2
1704580354 0
1704580358 1
1704580362 2
1704580366 1
1704580370 0
1704580374 1
1704580378 1
1704580382 10
1704580386 36
1704580390 38
1704580394 12
1704580398 4
1704580402 3
1704580406 3
1704580410 5
1704580414 4
1704580418 6
1704580422 7
1704580426 4
1704580430 4
1704580434 3
1704580438 3
1704580442 1
1704580446 1
1704580450 1
1704580454 5
1704580458 4
1704580462 1
1704580466 4
1704580470 1
1704580474 0
1704580478 0
1704580482 0
1704580486 0
1704580490 15
1704580494 0
1704580498 1
1704580502 5
1704580506 1
1704580510 2
1704580514 0
1704580518 9
1704580522 1
1704580526 0
1704580530 0
1704580534 2
1704580538 0
1704580542 3
1704580546 0
1704580550 1
1704580554 1
1704580558 1
1704580562 16
1704580566 6
1704580570 0
1704580574 1
1704580578 0
1704580582 2
1704580586 1
1704580590 0
1704580594 2
1704580598 0
1704580602 2
1704580606 0
1704580610 0
1704580614 1
1704580618 0
1704580622 1
1704580626 3
1704580630 4
1704580634 2
1704580638 2
1704580642 4
1704580646 2
1704580650 0
1704580654 2
1704580658 0
1704580662 2
1704580666 1
1704580670 0
1704580674 0
1704580678 3
1704580682 3
1704580686 2
1704580690 1
1704580694 2
1704580698 1
1704580702 2
1704580706 3
1704580710 0
1704580714 1
1704580718 1
1704580722 0
1704580726 0
1704580730 3
1704580734 2
1704580738 1
1704580742 0
1704580746 6
1704580750 2
1704580754 3
1704580758 2
1704580762 2
1704580766 0
1704580770 0
1704580774 1
1704580778 6
1704580782 3
1704580786 0
1704580790 1
1704580794 2
1704580798 0
1704580802 1
1704580806 10
1704580810 1
1704580814 3
1704580818 9
1704580822 0
1704580826 4
1704580830 10
1704580834 2
1704580838 4
1704580842 8
1704580846 11
1704580850 1
1704580854 2
1704580858 2
1704580862 0
1704580866 2
1704580870 0
1704580874 4
1704580878 1
1704580882 1
1704580886 1
1704580890 1
1704580894 2
1704580898 0
1704580902 1
1704580906 2
1704580910 0



# Sketch: 6
1704580314 1
1704580318 4
1704580322 3
1704580326 1
1704580330 4
1704580334 1
1704580338 3
1704580342 6
1704580346 7
1704580350 1
1704580354 0
1704580358 2
1704580362 4
1704580366 2
1704580370 1
1704580374 1
1704580378 3
1704580382 24
1704580386 73
1704580390 52
1704580394 16
1704580398 11
1704580402 9
1704580406 6
1704580410 12
1704580414 7
1704580418 5
1704580422 4
1704580426 4
1704580430 1
1704580434 2
1704580438 1
1704580442 1
1704580446 1
1704580450 3
1704580454 3
1704580458 3
1704580462 1
1704580466 3
1704580470 1
1704580474 2
1704580478 2
1704580482 3
1704580486 1
1704580490 2
1704580494 7
1704580498 3
1704580502 2
1704580506 0
1704580510 2
1704580514 0
1704580518 1
1704580522 1
1704580526 1
1704580530 0
1704580534 2
1704580538 2
1704580542 10
1704580546 0
1704580550 0
1704580554 0
1704580558 0
1704580562 3
1704580566 0
1704580570 5
1704580574 1
1704580578 2
1704580582 4
1704580586 0
1704580590 2
1704580594 2
1704580598 2
1704580602 3
1704580606 0
1704580610 0
1704580614 3
1704580618 0
1704580622 1
1704580626 0
1704580630 4
1704580634 1
1704580638 1
1704580642 0
1704580646 0
1704580650 0
1704580654 1
1704580658 2
1704580662 1
1704580666 1
1704580670 0
1704580674 1
1704580678 0
1704580682 1
1704580686 3
1704580690 3
1704580694 2
1704580698 1
1704580702 3
1704580706 2
1704580710 2
1704580714 2
1704580718 0
1704580722 0
1704580726 0
1704580730 3
1704580734 3
1704580738 5
1704580742 0
1704580746 3
1704580750 0
1704580754 0
1704580758 2
1704580762 2
1704580766 0
1704580770 1
1704580774 0
1704580778 0
1704580782 2
1704580786 2
1704580790 1
1704580794 3
1704580798 3
1704580802 6
1704580806 1
1704580810 5
1704580814 0
1704580818 4
1704580822 2
1704580826 3
1704580830 3
1704580834 3
1704580838 3
1704580842 3
1704580846 4
1704580850 3
1704580854 7
1704580858 5
1704580862 5
1704580866 0
1704580870 1
1704580874 0
1704580878 1
1704580882 5
1704580886 3
1704580890 0
1704580894 0
1704580898 5
1704580902 0
1704580906 1
1704580910 1



# Sketch: 7
1704580314 0
1704580318 0
1704580322 2
1704580326 0
1704580330 0
1704580334 2
1704580338 4
1704580342 2
1704580346 2
1704580350 0
1704580354 0
1704580358 0
1704580362 0
1704580366 0
1704580370 3
1704580374 1
1704580378 1
1704580382 20
1704580386 53
1704580390 26
1704580394 14
1704580398 9
1704580402 8
1704580406 19
1704580410 27
1704580414 19
1704580418 10
1704580422 5
1704580426 6
1704580430 15
1704580434 15
1704580438 10
1704580442 2
1704580446 8
1704580450 3
1704580454 5
1704580458 2
1704580462 1
1704580466 0
1704580470 0
1704580474 3
1704580478 5
1704580482 2
1704580486 0
1704580490 4
1704580494 0
1704580498 1
1704580502 5
1704580506 1
1704580510 1
1704580514 0
1704580518 2
1704580522 2
1704580526 3
1704580530 0
1704580534 0
1704580538 2
1704580542 2
1704580546 2
1704580550 1
1704580554 0
1704580558 1
1704580562 1
1704580566 1
1704580570 2
1704580574 0
1704580578 0
1704580582 1
1704580586 1
1704580590 0
1704580594 0
1704580598 3
1704580602 1
1704580606 0
1704580610 0
1704580614 1
1704580618 1
1704580622 2
1704580626 8
1704580630 1
1704580634 0
1704580638 1
1704580642 0
1704580646 1
1704580650 0
1704580654 0
1704580658 0
1704580662 2
1704580666 0
1704580670 0
1704580674 2
1704580678 3
1704580682 2
1704580686 0
1704580690 0
1704580694 2
1704580698 1
1704580702 7
1704580706 2
1704580710 0
1704580714 1
1704580718 0
1704580722 0
1704580726 3
1704580730 1
1704580734 1
1704580738 0
1704580742 1
1704580746 3
1704580750 2
1704580754 2
1704580758 0
1704580762 1
1704580766 0
1704580770 0
1704580774 0
1704580778 0
1704580782 0
1704580786 3
1704580790 1
1704580794 1
1704580798 0
1704580802 0
1704580806 1
1704580810 1
1704580814 1
1704580818 1
1704580822 1
1704580826 2
1704580830 1
1704580834 0
1704580838 2
1704580842 3
1704580846 0
1704580850 2
1704580854 0
1704580858 0
1704580862 1
1704580866 1
1704580870 4
1704580874 2
1704580878 4
1704580882 2
1704580886 1
1704580890 2
1704580894 1
1704580898 4
1704580902 1
1704580906 1
1704580910 0



# Sketch: 8
1704580314 0
1704580318 1
1704580322 8
1704580326 1
1704580330 2
1704580334 2
1704580338 1
1704580342 1
1704580346 1
1704580350 6
1704580354 1
1704580358 3
1704580362 3
1704580366 1
1704580370 0
1704580374 1
1704580378 3
1704580382 5
1704580386 13
1704580390 13
1704580394 8
1704580398 6
1704580402 1
1704580406 5
1704580410 3
1704580414 1
1704580418 2
1704580422 2
1704580426 6
1704580430 8
1704580434 0
1704580438 1
1704580442 0
1704580446 2
1704580450 2
1704580454 0
1704580458 1
1704580462 1
1704580466 3
1704580470 0
1704580474 0
1704580478 0
1704580482 1
1704580486 0
1704580490 0
1704580494 1
1704580498 1
1704580502 1
1704580506 5
1704580510 4
1704580514 1
1704580518 1
1704580522 2
1704580526 0
1704580530 5
1704580534 2
1704580538 0
1704580542 0
1704580546 0
1704580550 0
1704580554 1
1704580558 0
1704580562 3
1704580566 0
1704580570 0
1704580574 0
1704580578 1
1704580582 1
1704580586 1
1704580590 2
1704580594 0
1704580598 2
1704580602 0
1704580606 0
1704580610 10
1704580614 1
1704580618 2
1704580622 0
1704580626 2
1704580630 0
1704580634 0
1704580638 1
1704580642 8
1704580646 0
1704580650 1
1704580654 4
1704580658 0
1704580662 2
1704580666 1
1704580670 0
1704580674 2
1704580678 4
1704580682 2
1704580686 0
1704580690 3
1704580694 1
1704580698 4
1704580702 0
1704580706 0
1704580710 2
1704580714 0
1704580718 0
1704580722 1
1704580726 0
1704580730 5
1704580734 2
1704580738 2
1704580742 0
1704580746 4
1704580750 2
1704580754 2
1704580758 2
1704580762 1
1704580766 1
1704580770 0
1704580774 1
1704580778 1
1704580782 2
1704580786 2
1704580790 0
1704580794 1
1704580798 4
1704580802 0
1704580806 2
1704580810 1
1704580814 0
1704580818 1
1704580822 1
1704580826 1
1704580830 0
1704580834 1
1704580838 0
1704580842 0
1704580846 5
1704580850 0
1704580854 7
1704580858 1
1704580862 2
1704580866 0
1704580870 0
1704580874 0
1704580878 2
1704580882 3
1704580886 1
1704580890 0
1704580894 2
1704580898 1
1704580902 6
1704580906 9
1704580910 0



# Sketch: 9
1704580314 0
1704580318 1
1704580322 0
1704580326 2
1704580330 4
1704580334 1
1704580338 4
1704580342 8
1704580346 2
1704580350 0
1704580354 2
1704580358 1
1704580362 0
1704580366 2
1704580370 2
1704580374 1
1704580378 0
1704580382 23
1704580386 44
1704580390 86
1704580394 39
1704580398 7
1704580402 28
1704580406 42
1704580410 37
1704580414 15
1704580418 26
1704580422 16
1704580426 6
1704580430 3
1704580434 21
1704580438 17
1704580442 22
1704580446 18
1704580450 7
1704580454 8
1704580458 14
1704580462 0
1704580466 6
1704580470 7
1704580474 22
1704580478 6
1704580482 0
1704580486 0
1704580490 11
1704580494 8
1704580498 22
1704580502 17
1704580506 12
1704580510 20
1704580514 10
1704580518 14
1704580522 13
1704580526 21
1704580530 15
1704580534 22
1704580538 23
1704580542 6
1704580546 11
1704580550 3
1704580554 6
1704580558 8
1704580562 4
1704580566 19
1704580570 13
1704580574 7
1704580578 10
1704580582 2
1704580586 22
1704580590 5
1704580594 10
1704580598 11
1704580602 17
1704580606 9
1704580610 13
1704580614 8
1704580618 17
1704580622 10
1704580626 6
1704580630 7
1704580634 6
1704580638 9
1704580642 14
1704580646 4
1704580650 5
1704580654 4
1704580658 8
1704580662 12
1704580666 4
1704580670 4
1704580674 6
1704580678 15
1704580682 11
1704580686 9
1704580690 15
1704580694 9
1704580698 19
1704580702 5
1704580706 18
1704580710 4
1704580714 7
1704580718 11
1704580722 4
1704580726 4
1704580730 2
1704580734 0
1704580738 1
1704580742 1
1704580746 4
1704580750 0
1704580754 0
1704580758 0
1704580762 2
1704580766 1
1704580770 1
1704580774 0
1704580778 1
1704580782 2
1704580786 1
1704580790 0
1704580794 4
1704580798 0
1704580802 2
1704580806 2
1704580810 3
1704580814 4
1704580818 0
1704580822 0
1704580826 0
1704580830 3
1704580834 1
1704580838 5
1704580842 2
1704580846 2
1704580850 1
1704580854 2
1704580858 1
1704580862 1
1704580866 0
1704580870 2
1704580874 1
1704580878 2
1704580882 2
1704580886 6
1704580890 0
1704580894 2
1704580898 2
1704580902 2
1704580906 1
1704580910 2



# Sketch: 10
1704580314 0
1704580318 0
1704580322 2
1704580326 1
1704580330 2
1704580334 0
1704580338 3
1704580342 4
1704580346 1
1704580350 2
1704580354 1
1704580358 1
1704580362 0
1704580366 0
1704580370 2
1704580374 1
1704580378 3
1704580382 18
1704580386 64
1704580390 45
1704580394 28
1704580398 22
1704580402 16
1704580406 17
1704580410 7
1704580414 13
1704580418 5
1704580422 4
1704580426 8
1704580430 2
1704580434 3
1704580438 0
1704580442 4
1704580446 6
1704580450 7
1704580454 2
1704580458 1
1704580462 5
1704580466 1
1704580470 0
1704580474 3
1704580478 3
1704580482 1
1704580486 1
1704580490 0
1704580494 0
1704580498 1
1704580502 3
1704580506 0
1704580510 5
1704580514 1
1704580518 0
1704580522 0
1704580526 0
1704580530 0
1704580534 0
1704580538 0
1704580542 1
1704580546 1
1704580550 1
1704580554 3
1704580558 1
1704580562 3
1704580566 1
1704580570 2
1704580574 0
1704580578 2
1704580582 1
1704580586 3
1704580590 0
1704580594 0
1704580598 0
1704580602 0
1704580606 2
1704580610 4
1704580614 6
1704580618 2
1704580622 0
1704580626 1
1704580630 1
1704580634 2
1704580638 2
1704580642 0
1704580646 1
1704580650 2
1704580654 2
1704580658 3
1704580662 1
1704580666 0
1704580670 0
1704580674 2
1704580678 3
1704580682 3
1704580686 3
1704580690 6
1704580694 1
1704580698 2
1704580702 4
1704580706 0
1704580710 0
1704580714 1
1704580718 1
1704580722 0
1704580726 0
1704580730 1
1704580734 0
1704580738 1
1704580742 2
1704580746 5
1704580750 7
1704580754 2
1704580758 2
1704580762 2
1704580766 0
1704580770 0
1704580774 1
1704580778 3
1704580782 2
1704580786 5
1704580790 0
1704580794 0
1704580798 0
1704580802 4
1704580806 1
1704580810 5
1704580814 3
1704580818 0
1704580822 1
1704580826 0
1704580830 1
1704580834 2
1704580838 0
1704580842 0
1704580846 4
1704580850 0
1704580854 0
1704580858 2
1704580862 1
1704580866 0
1704580870 5
1704580874 6
1704580878 1
1704580882 2
1704580886 1
1704580890 1
1704580894 2
1704580898 1
1704580902 2
1704580906 0
1704580910 4



# Sketch: 11
1704580314 1
1704580318 0
1704580322 1
1704580326 4
1704580330 4
1704580334 3
1704580338 3
1704580342 2
1704580346 2
1704580350 2
1704580354 1
1704580358 1
1704580362 1
1704580366 0
1704580370 2
1704580374 1
1704580378 0
1704580382 24
1704580386 61
1704580390 27
1704580394 13
1704580398 30
1704580402 47
1704580406 32
1704580410 22
1704580414 26
1704580418 50
1704580422 43
1704580426 7
1704580430 13
1704580434 10
1704580438 15
1704580442 44
1704580446 19
1704580450 12
1704580454 11
1704580458 19
1704580462 3
1704580466 15
1704580470 10
1704580474 11
1704580478 10
1704580482 9
1704580486 21
1704580490 12
1704580494 17
1704580498 8
1704580502 4
1704580506 5
1704580510 5
1704580514 11
1704580518 16
1704580522 15
1704580526 2
1704580530 4
1704580534 0
1704580538 5
1704580542 16
1704580546 22
1704580550 13
1704580554 6
1704580558 23
1704580562 14
1704580566 25
1704580570 14
1704580574 12
1704580578 7
1704580582 10
1704580586 14
1704580590 7
1704580594 19
1704580598 7
1704580602 4
1704580606 5
1704580610 8
1704580614 14
1704580618 3
1704580622 21
1704580626 17
1704580630 8
1704580634 25
1704580638 3
1704580642 15
1704580646 16
1704580650 17
1704580654 12
1704580658 21
1704580662 16
1704580666 14
1704580670 10
1704580674 22
1704580678 18
1704580682 7
1704580686 14
1704580690 14
1704580694 12
1704580698 13
1704580702 10
1704580706 14
1704580710 7
1704580714 18
1704580718 19
1704580722 8
1704580726 9
1704580730 30
1704580734 10
1704580738 24
1704580742 8
1704580746 25
1704580750 25
1704580754 32
1704580758 20
1704580762 27
1704580766 7
1704580770 31
1704580774 17
1704580778 23
1704580782 17
1704580786 22
1704580790 23
1704580794 17
1704580798 24
1704580802 20
1704580806 22
1704580810 16
1704580814 27
1704580818 18
1704580822 31
1704580826 17
1704580830 26
1704580834 25
1704580838 6
1704580842 14
1704580846 11
1704580850 24
1704580854 18
1704580858 26
1704580862 30
1704580866 19
1704580870 19
1704580874 33
1704580878 17
1704580882 29
1704580886 12
1704580890 24
1704580894 12
1704580898 33
1704580902 14
1704580906 28
1704580910 18



# Sketch: 12
1704580314 0
1704580318 3
1704580322 0
1704580326 1
1704580330 1
1704580334 1
1704580338 4
1704580342 1
1704580346 1
1704580350 2
1704580354 2
1704580358 0
1704580362 0
1704580366 0
1704580370 1
1704580374 3
1704580378 3
1704580382 17
1704580386 45
1704580390 48
1704580394 11
1704580398 2
1704580402 3
1704580406 7
1704580410 2
1704580414 7
1704580418 4
1704580422 3
1704580426 5
1704580430 0
1704580434 2
1704580438 1
1704580442 7
1704580446 0
1704580450 0
1704580454 1
1704580458 0
1704580462 0
1704580466 0
1704580470 0
1704580474 0
1704580478 1
1704580482 1
1704580486 5
1704580490 0
1704580494 4
1704580498 1
1704580502 1
1704580506 1
1704580510 2
1704580514 0
1704580518 0
1704580522 0
1704580526 3
1704580530 0
1704580534 2
1704580538 10
1704580542 0
1704580546 1
1704580550 1
1704580554 4
1704580558 3
1704580562 0
1704580566 1
1704580570 7
1704580574 4
1704580578 3
1704580582 1
1704580586 1
1704580590 1
1704580594 1
1704580598 0
1704580602 3
1704580606 3
1704580610 0
1704580614 0
1704580618 1
1704580622 0
1704580626 2
1704580630 4
1704580634 0
1704580638 5
1704580642 1
1704580646 0
1704580650 1
1704580654 1
1704580658 0
1704580662 1
1704580666 2
1704580670 1
1704580674 0
1704580678 7
1704580682 2
1704580686 1
1704580690 0
1704580694 1
1704580698 4
1704580702 4
1704580706 5
1704580710 2
1704580714 0
1704580718 0
1704580722 0
1704580726 0
1704580730 0
1704580734 0
1704580738 0
1704580742 0
1704580746 1
1704580750 1
1704580754 1
1704580758 1
1704580762 3
1704580766 1
1704580770 0
1704580774 2
1704580778 0
1704580782 0
1704580786 3
1704580790 0
1704580794 2
1704580798 1
1704580802 0
1704580806 1
1704580810 8
1704580814 0
1704580818 0
1704580822 0
1704580826 5
1704580830 1
1704580834 0
1704580838 2
1704580842 0
1704580846 3
1704580850 2
1704580854 2
1704580858 1
1704580862 0
1704580866 3
1704580870 0
1704580874 1
1704580878 2
1704580882 1
1704580886 2
1704580890 0
1704580894 2
1704580898 1
1704580902 1
1704580906 1
1704580910 1



# Sketch: 13
1704580314 1
1704580318 2
1704580322 7
1704580326 1
1704580330 3
1704580334 2
1704580338 5
1704580342 2
1704580346 2
1704580350 1
1704580354 0
1704580358 3
1704580362 2
1704580366 0
1704580370 2
1704580374 0
1704580378 0
1704580382 33
1704580386 71
1704580390 62
1704580394 24
1704580398 12
1704580402 18
1704580406 19
1704580410 15
1704580414 11
1704580418 8
1704580422 11
1704580426 9
1704580430 12
1704580434 5
1704580438 8
1704580442 3
1704580446 2
1704580450 4
1704580454 3
1704580458 3
1704580462 1
1704580466 1
1704580470 4
1704580474 1
1704580478 8
1704580482 3
1704580486 4
1704580490 0
1704580494 1
1704580498 15
1704580502 8
1704580506 3
1704580510 0
1704580514 0
1704580518 2
1704580522 2
1704580526 1
1704580530 4
1704580534 0
1704580538 6
1704580542 5
1704580546 1
1704580550 2
1704580554 0
1704580558 3
1704580562 2
1704580566 2
1704580570 5
1704580574 3
1704580578 5
1704580582 0
1704580586 7
1704580590 3
1704580594 6
1704580598 2
1704580602 3
1704580606 0
1704580610 0
1704580614 3
1704580618 3
1704580622 6
1704580626 6
1704580630 1
1704580634 0
1704580638 2
1704580642 0
1704580646 0
1704580650 1
1704580654 1
1704580658 1
1704580662 0
1704580666 0
1704580670 0
1704580674 0
1704580678 2
1704580682 2
1704580686 0
1704580690 4
1704580694 15
1704580698 4
1704580702 3
1704580706 1
1704580710 1
1704580714 2
1704580718 6
1704580722 1
1704580726 4
1704580730 3
1704580734 0
1704580738 0
1704580742 0
1704580746 0
1704580750 2
1704580754 0
1704580758 0
1704580762 1
1704580766 0
1704580770 0
1704580774 0
1704580778 3
1704580782 1
1704580786 17
1704580790 0
1704580794 0
1704580798 2
1704580802 1
1704580806 5
1704580810 5
1704580814 3
1704580818 0
1704580822 2
1704580826 2
1704580830 1
1704580834 1
1704580838 2
1704580842 0
1704580846 3
1704580850 1
1704580854 1
1704580858 3
1704580862 0
1704580866 0
1704580870 1
1704580874 1
1704580878 5
1704580882 1
1704580886 1
1704580890 1
1704580894 7
1704580898 3
1704580902 4
1704580906 0
1704580910 5



# Sketch: 14
1704580314 1
1704580318 1
1704580322 2
1704580326 2
1704580330 0
1704580334 6
1704580338 3
1704580342 3
1704580346 0
1704580350 1
1704580354 0
1704580358 0
1704580362 0
1704580366 2
1704580370 1
1704580374 3
1704580378 1
1704580382 23
1704580386 60
1704580390 80
1704580394 26
1704580398 18
1704580402 14
1704580406 3
1704580410 3
1704580414 1
1704580418 3
1704580422 8
1704580426 1
1704580430 0
1704580434 3
1704580438 1
1704580442 4
1704580446 3
1704580450 2
1704580454 1
1704580458 3
1704580462 7
1704580466 2
1704580470 0
1704580474 1
1704580478 0
1704580482 0
1704580486 0
1704580490 7
1704580494 1
1704580498 1
1704580502 1
1704580506 1
1704580510 1
1704580514 0
1704580518 2
1704580522 2
1704580526 1
1704580530 1
1704580534 0
1704580538 4
1704580542 18
1704580546 2
1704580550 18
1704580554 6
1704580558 0
1704580562 3
1704580566 6
1704580570 1
1704580574 10
1704580578 1
1704580582 1
1704580586 1
1704580590 1
1704580594 1
1704580598 1
1704580602 2
1704580606 5
1704580610 6
1704580614 3
1704580618 0
1704580622 0
1704580626 0
1704580630 0
1704580634 1
1704580638 2
1704580642 0
1704580646 2
1704580650 2
1704580654 1
1704580658 2
1704580662 0
1704580666 0
1704580670 1
1704580674 1
1704580678 0
1704580682 5
1704580686 2
1704580690 7
1704580694 2
1704580698 2
1704580702 4
1704580706 1
1704580710 2
1704580714 1
1704580718 2
1704580722 2
1704580726 4
1704580730 31
1704580734 16
1704580738 0
1704580742 0
1704580746 2
1704580750 0
1704580754 3
1704580758 1
1704580762 1
1704580766 0
1704580770 0
1704580774 1
1704580778 0
1704580782 0
1704580786 0
1704580790 2
1704580794 5
1704580798 4
1704580802 4
1704580806 9
1704580810 2
1704580814 5
1704580818 5
1704580822 3
1704580826 1
1704580830 1
1704580834 2
1704580838 1
1704580842 1
1704580846 4
1704580850 2
1704580854 0
1704580858 0
1704580862 10
1704580866 6
1704580870 1
1704580874 1
1704580878 2
1704580882 2
1704580886 0
1704580890 1
1704580894 9
1704580898 2
1704580902 5
1704580906 2
1704580910 6



# Sketch: 15
1704580314 5
1704580318 0
1704580322 11
1704580326 5
1704580330 3
1704580334 4
1704580338 2
1704580342 4
1704580346 2
1704580350 2
1704580354 0
1704580358 6
1704580362 4
1704580366 1
1704580370 0
1704580374 0
1704580378 2
1704580382 14
1704580386 49
1704580390 54
1704580394 24
1704580398 11
1704580402 28
1704580406 32
1704580410 13
1704580414 0
1704580418 5
1704580422 3
1704580426 6
1704580430 2
1704580434 3
1704580438 2
1704580442 3
1704580446 4
1704580450 2
1704580454 4
1704580458 0
1704580462 1
1704580466 2
1704580470 1
1704580474 3
1704580478 2
1704580482 1
1704580486 0
1704580490 3
1704580494 1
1704580498 0
1704580502 0
1704580506 1
1704580510 1
1704580514 3
1704580518 3
1704580522 3
1704580526 1
1704580530 0
1704580534 0
1704580538 2
1704580542 2
1704580546 1
1704580550 1
1704580554 5
1704580558 4
1704580562 2
1704580566 0
1704580570 2
1704580574 2
1704580578 1
1704580582 0
1704580586 2
1704580590 6
1704580594 1
1704580598 0
1704580602 3
1704580606 3
1704580610 0
1704580614 5
1704580618 0
1704580622 0
1704580626 1
1704580630 2
1704580634 10
1704580638 4
1704580642 0
1704580646 1
1704580650 3
1704580654 0
1704580658 1
1704580662 2
1704580666 0
1704580670 2
1704580674 3
1704580678 3
1704580682 1
1704580686 0
1704580690 2
1704580694 1
1704580698 8
1704580702 1
1704580706 0
1704580710 2
1704580714 0
1704580718 0
1704580722 5
1704580726 1
1704580730 4
1704580734 1
1704580738 1
1704580742 0
1704580746 1
1704580750 1
1704580754 2
1704580758 3
1704580762 0
1704580766 5
1704580770 2
1704580774 3
1704580778 1
1704580782 0
1704580786 6
1704580790 0
1704580794 0
1704580798 1
1704580802 1
1704580806 1
1704580810 3
1704580814 0
1704580818 2
1704580822 1
1704580826 2
1704580830 0
1704580834 1
1704580838 2
1704580842 1
1704580846 1
1704580850 0
1704580854 1
1704580858 3
1704580862 1
1704580866 1
1704580870 1
1704580874 3
1704580878 0
1704580882 2
1704580886 6
1704580890 4
1704580894 3
1704580898 1
1704580902 2
1704580906 1
1704580910 1



# Sketch: 16
1704580314 1
1704580318 3
1704580322 2
1704580326 1
1704580330 0
1704580334 0
1704580338 1
1704580342 3
1704580346 1
1704580350 0
1704580354 4
1704580358 3
1704580362 3
1704580366 0
1704580370 0
1704580374 0
1704580378 1
1704580382 21
1704580386 53
1704580390 50
1704580394 36
1704580398 23
1704580402 13
1704580406 5
1704580410 11
1704580414 4
1704580418 6
1704580422 2
1704580426 12
1704580430 2
1704580434 2
1704580438 0
1704580442 5
1704580446 2
1704580450 2
1704580454 2
1704580458 3
1704580462 0
1704580466 0
1704580470 0
1704580474 0
1704580478 2
1704580482 1
1704580486 2
1704580490 1
1704580494 1
1704580498 8
1704580502 1
1704580506 4
1704580510 4
1704580514 0
1704580518 0
1704580522 1
1704580526 1
1704580530 0
1704580534 2
1704580538 4
1704580542 2
1704580546 0
1704580550 0
1704580554 1
1704580558 0
1704580562 2
1704580566 7
1704580570 0
1704580574 1
1704580578 10
1704580582 4
1704580586 0
1704580590 2
1704580594 2
1704580598 2
1704580602 2
1704580606 0
1704580610 2
1704580614 0
1704580618 6
1704580622 0
1704580626 0
1704580630 3
1704580634 1
1704580638 3
1704580642 3
1704580646 1
1704580650 0
1704580654 1
1704580658 1
1704580662 8
1704580666 0
1704580670 1
1704580674 0
1704580678 2
1704580682 1
1704580686 0
1704580690 4
1704580694 0
1704580698 0
1704580702 7
1704580706 1
1704580710 0
1704580714 0
1704580718 1
1704580722 1
1704580726 1
1704580730 1
1704580734 0
1704580738 0
1704580742 2
1704580746 4
1704580750 2
1704580754 0
1704580758 0
1704580762 2
1704580766 2
1704580770 0
1704580774 0
1704580778 0
1704580782 8
1704580786 2
1704580790 0
1704580794 0
1704580798 0
1704580802 1
1704580806 1
1704580810 0
1704580814 0
1704580818 0
1704580822 3
1704580826 1
1704580830 0
1704580834 0
1704580838 1
1704580842 2
1704580846 5
1704580850 2
1704580854 0
1704580858 2
1704580862 0
1704580866 0
1704580870 1
1704580874 2
1704580878 2
1704580882 1
1704580886 2
1704580890 1
1704580894 6
1704580898 3
1704580902 0
1704580906 1
1704580910 0



# Sketch: 17
1704580314 1
1704580318 0
1704580322 0
1704580326 4
1704580330 2
1704580334 1
1704580338 2
1704580342 1
1704580346 2
1704580350 3
1704580354 0
1704580358 1
1704580362 1
1704580366 2
1704580370 0
1704580374 1
1704580378 1
1704580382 6
1704580386 22
1704580390 53
1704580394 9
1704580398 7
1704580402 14
1704580406 10
1704580410 3
1704580414 5
1704580418 2
1704580422 9
1704580426 5
1704580430 3
1704580434 2
1704580438 5
1704580442 5
1704580446 8
1704580450 4
1704580454 1
1704580458 3
1704580462 0
1704580466 1
1704580470 0
1704580474 2
1704580478 4
1704580482 4
1704580486 2
1704580490 0
1704580494 0
1704580498 0
1704580502 1
1704580506 0
1704580510 0
1704580514 0
1704580518 4
1704580522 0
1704580526 0
1704580530 1
1704580534 3
1704580538 0
1704580542 0
1704580546 0
1704580550 2
1704580554 2
1704580558 2
1704580562 0
1704580566 2
1704580570 0
1704580574 1
1704580578 1
1704580582 0
1704580586 0
1704580590 2
1704580594 1
1704580598 1
1704580602 5
1704580606 0
1704580610 7
1704580614 0
1704580618 2
1704580622 3
1704580626 0
1704580630 1
1704580634 3
1704580638 0
1704580642 0
1704580646 2
1704580650 0
1704580654 1
1704580658 2
1704580662 2
1704580666 0
1704580670 1
1704580674 0
1704580678 0
1704580682 0
1704580686 1
1704580690 4
1704580694 8
1704580698 3
1704580702 4
1704580706 0
1704580710 1
1704580714 0
1704580718 0
1704580722 0
1704580726 6
1704580730 0
1704580734 1
1704580738 0
1704580742 0
1704580746 0
1704580750 2
1704580754 0
1704580758 0
1704580762 0
1704580766 1
1704580770 0
1704580774 2
1704580778 1
1704580782 0
1704580786 1
1704580790 3
1704580794 1
1704580798 0
1704580802 0
1704580806 0
1704580810 1
1704580814 1
1704580818 0
1704580822 0
1704580826 1
1704580830 0
1704580834 1
1704580838 0
1704580842 1
1704580846 0
1704580850 1
1704580854 5
1704580858 3
1704580862 2
1704580866 1
1704580870 1
1704580874 1
1704580878 9
1704580882 2
1704580886 1
1704580890 1
1704580894 3
1704580898 0
1704580902 1
1704580906 1
1704580910 3



# Sketch: 18
1704580314 1
1704580318 2
1704580322 0
1704580326 1
1704580330 3
1704580334 2
1704580338 1
1704580342 10
1704580346 2
1704580350 1
1704580354 1
1704580358 0
1704580362 2
1704580366 1
1704580370 1
1704580374 1
1704580378 0
1704580382 39
1704580386 75
1704580390 70
1704580394 26
1704580398 16
1704580402 23
1704580406 28
1704580410 20
1704580414 48
1704580418 24
1704580422 16
1704580426 10
1704580430 21
1704580434 1
1704580438 1
1704580442 3
1704580446 6
1704580450 4
1704580454 4
1704580458 1
1704580462 1
1704580466 1
1704580470 0
1704580474 2
1704580478 1
1704580482 3
1704580486 5
1704580490 11
1704580494 6
1704580498 2
1704580502 6
1704580506 0
1704580510 0
1704580514 1
1704580518 3
1704580522 2
1704580526 1
1704580530 1
1704580534 1
1704580538 1
1704580542 1
1704580546 0
1704580550 0
1704580554 0
1704580558 0
1704580562 1
1704580566 2
1704580570 1
1704580574 1
1704580578 0
1704580582 1
1704580586 1
1704580590 0
1704580594 0
1704580598 2
1704580602 13
1704580606 24
1704580610 18
1704580614 14
1704580618 15
1704580622 2
1704580626 5
1704580630 7
1704580634 9
1704580638 3
1704580642 1
1704580646 1
1704580650 2
1704580654 2
1704580658 1
1704580662 0
1704580666 3
1704580670 1
1704580674 0
1704580678 1
1704580682 1
1704580686 4
1704580690 7
1704580694 2
1704580698 6
1704580702 2
1704580706 1
1704580710 0
1704580714 2
1704580718 0
1704580722 0
1704580726 0
1704580730 0
1704580734 0
1704580738 0
1704580742 1
1704580746 10
1704580750 2
1704580754 2
1704580758 0
1704580762 1
1704580766 3
1704580770 0
1704580774 1
1704580778 1
1704580782 7
1704580786 4
1704580790 0
1704580794 1
1704580798 4
1704580802 4
1704580806 2
1704580810 1
1704580814 0
1704580818 19
1704580822 1
1704580826 0
1704580830 0
1704580834 2
1704580838 0
1704580842 0
1704580846 0
1704580850 0
1704580854 0
1704580858 5
1704580862 0
1704580866 2
1704580870 4
1704580874 1
1704580878 12
1704580882 0
1704580886 1
1704580890 0
1704580894 0
1704580898 5
1704580902 3
1704580906 0
1704580910 1



# Sketch: 19
1704580314 1
1704580318 1
1704580322 1
1704580326 4
1704580330 0
1704580334 4
1704580338 4
1704580342 1
1704580346 0
1704580350 1
1704580354 2
1704580358 0
1704580362 1
1704580366 1
1704580370 2
1704580374 0
1704580378 2
1704580382 23
1704580386 75
1704580390 72
1704580394 26
1704580398 30
1704580402 9
1704580406 17
1704580410 22
1704580414 3
1704580418 4
1704580422 0
1704580426 1
1704580430 0
1704580434 5
1704580438 0
1704580442 1
1704580446 2
1704580450 2
1704580454 0
1704580458 3
1704580462 2
1704580466 2
1704580470 4
1704580474 1
1704580478 4
1704580482 9
1704580486 0
1704580490 3
1704580494 0
1704580498 1
1704580502 0
1704580506 1
1704580510 2
1704580514 3
1704580518 3
1704580522 2
1704580526 0
1704580530 2
1704580534 0
1704580538 1
1704580542 2
1704580546 1
1704580550 3
1704580554 1
1704580558 3
1704580562 0
1704580566 0
1704580570 2
1704580574 0
1704580578 0
1704580582 1
1704580586 0
1704580590 1
1704580594 0
1704580598 1
1704580602 3
1704580606 2
1704580610 1
1704580614 0
1704580618 0
1704580622 0
1704580626 0
1704580630 1
1704580634 5
1704580638 2
1704580642 0
1704580646 1
1704580650 10
1704580654 0
1704580658 0
1704580662 3
1704580666 0
1704580670 1
1704580674 1
1704580678 3
1704580682 2
1704580686 3
1704580690 0
1704580694 0
1704580698 3
1704580702 1
1704580706 0
1704580710 1
1704580714 0
1704580718 1
1704580722 0
1704580726 1
1704580730 1
1704580734 1
1704580738 0
1704580742 1
1704580746 5
1704580750 4
1704580754 0
1704580758 2
1704580762 0
1704580766 0
1704580770 2
1704580774 1
1704580778 0
1704580782 0
1704580786 12
1704580790 2
1704580794 6
1704580798 2
1704580802 0
1704580806 2
1704580810 0
1704580814 0
1704580818 1
1704580822 3
1704580826 0
1704580830 1
1704580834 2
1704580838 2
1704580842 0
1704580846 8
1704580850 1
1704580854 0
1704580858 2
1704580862 0
1704580866 0
1704580870 0
1704580874 2
1704580878 13
1704580882 2
1704580886 6
1704580890 2
1704580894 2
1704580898 0
1704580902 4
1704580906 0
1704580910 1



# Sketch: 20
1704580314 1
1704580318 1
1704580322 1
1704580326 1
1704580330 1
1704580334 1
1704580338 2
1704580342 1
1704580346 2
1704580350 1
1704580354 0
1704580358 5
1704580362 3
1704580366 0
1704580370 0
1704580374 2
1704580378 2
1704580382 17
1704580386 41
1704580390 24
1704580394 9
1704580398 10
1704580402 5
1704580406 2
1704580410 6
1704580414 0
1704580418 3
1704580422 4
1704580426 3
1704580430 1
1704580434 1
1704580438 0
1704580442 6
1704580446 1
1704580450 0
1704580454 0
1704580458 3
1704580462 1
1704580466 5
1704580470 1
1704580474 1
1704580478 1
1704580482 0
1704580486 1
1704580490 2
1704580494 1
1704580498 3
1704580502 0
1704580506 2
1704580510 4
1704580514 2
1704580518 2
1704580522 2
1704580526 1
1704580530 0
1704580534 0
1704580538 4
1704580542 1
1704580546 2
1704580550 0
1704580554 1
1704580558 0
1704580562 0
1704580566 1
1704580570 3
1704580574 0
1704580578 0
1704580582 0
1704580586 1
1704580590 1
1704580594 3
1704580598 0
1704580602 0
1704580606 0
1704580610 0
1704580614 1
1704580618 0
1704580622 2
1704580626 1
1704580630 1
1704580634 4
1704580638 1
1704580642 2
1704580646 1
1704580650 0
1704580654 2
1704580658 0
1704580662 1
1704580666 1
1704580670 0
1704580674 0
1704580678 1
1704580682 1
1704580686 0
1704580690 0
1704580694 2
1704580698 1
1704580702 1
1704580706 0
1704580710 0
1704580714 1
1704580718 1
1704580722 0
1704580726 4
1704580730 0
1704580734 2
1704580738 0
1704580742 1
1704580746 4
1704580750 1
1704580754 4
1704580758 2
1704580762 0
1704580766 0
1704580770 0
1704580774 5
1704580778 4
1704580782 3
1704580786 3
1704580790 2
1704580794 1
1704580798 4
1704580802 3
1704580806 1
1704580810 2
1704580814 0
1704580818 1
1704580822 0
1704580826 0
1704580830 8
1704580834 1
1704580838 7
1704580842 0
1704580846 0
1704580850 1
1704580854 1
1704580858 1
1704580862 0
1704580866 0
1704580870 7
1704580874 3
1704580878 2
1704580882 0
1704580886 0
1704580890 4
1704580894 0
1704580898 0
1704580902 1
1704580906 2
1704580910 1



# Sketch: 21
1704580314 1
1704580318 0
1704580322 0
1704580326 1
1704580330 3
1704580334 3
1704580338 0
1704580342 0
1704580346 0
1704580350 1
1704580354 0
1704580358 2
1704580362 0
1704580366 3
1704580370 4
1704580374 1
1704580378 5
1704580382 15
1704580386 36
1704580390 56
1704580394 20
1704580398 16
1704580402 14
1704580406 20
1704580410 25
1704580414 23
1704580418 20
1704580422 10
1704580426 11
1704580430 10
1704580434 15
1704580438 9
1704580442 3
1704580446 0
1704580450 9
1704580454 7
1704580458 4
1704580462 1
1704580466 0
1704580470 0
1704580474 1
1704580478 0
1704580482 4
1704580486 9
1704580490 0
1704580494 0
1704580498 4
1704580502 6
1704580506 1
1704580510 3
1704580514 4
1704580518 1
1704580522 3
1704580526 4
1704580530 7
1704580534 1
1704580538 0
1704580542 0
1704580546 0
1704580550 8
1704580554 3
1704580558 3
1704580562 1
1704580566 1
1704580570 1
1704580574 4
1704580578 0
1704580582 0
1704580586 1
1704580590 0
1704580594 3
1704580598 4
1704580602 0
1704580606 0
1704580610 1
1704580614 0
1704580618 3
1704580622 5
1704580626 7
1704580630 7
1704580634 4
1704580638 1
1704580642 1
1704580646 4
1704580650 3
1704580654 0
1704580658 1
1704580662 1
1704580666 1
1704580670 2
1704580674 0
1704580678 6
1704580682 0
1704580686 1
1704580690 0
1704580694 5
1704580698 4
1704580702 1
1704580706 0
1704580710 0
1704580714 0
1704580718 0
1704580722 0
1704580726 1
1704580730 15
1704580734 0
1704580738 3
1704580742 4
1704580746 3
1704580750 4
1704580754 1
1704580758 7
1704580762 1
1704580766 5
1704580770 3
1704580774 6
1704580778 2
1704580782 2
1704580786 1
1704580790 3
1704580794 0
1704580798 0
1704580802 2
1704580806 1
1704580810 1
1704580814 6
1704580818 1
1704580822 0
1704580826 0
1704580830 2
1704580834 0
1704580838 0
1704580842 0
1704580846 1
1704580850 0
1704580854 2
1704580858 6
1704580862 17
1704580866 5
1704580870 2
1704580874 6
1704580878 2
1704580882 2
1704580886 6
1704580890 2
1704580894 2
1704580898 2
1704580902 0
1704580906 0
1704580910 6



# Sketch: 22
1704580314 1
1704580318 2
1704580322 2
1704580326 3
1704580330 0
1704580334 5
1704580338 0
1704580342 2
1704580346 2
1704580350 1
1704580354 0
1704580358 1
1704580362 1
1704580366 1
1704580370 0
1704580374 0
1704580378 3
1704580382 31
1704580386 48
1704580390 72
1704580394 16
1704580398 16
1704580402 18
1704580406 92
1704580410 172
1704580414 8
1704580418 6
1704580422 16
1704580426 1
1704580430 3
1704580434 12
1704580438 6
1704580442 7
1704580446 14
1704580450 9
1704580454 3
1704580458 5
1704580462 0
1704580466 5
1704580470 1
1704580474 1
1704580478 6
1704580482 2
1704580486 1
1704580490 4
1704580494 1
1704580498 3
1704580502 2
1704580506 4
1704580510 1
1704580514 4
1704580518 0
1704580522 4
1704580526 1
1704580530 1
1704580534 2
1704580538 2
1704580542 0
1704580546 1
1704580550 5
1704580554 0
1704580558 0
1704580562 0
1704580566 1
1704580570 0
1704580574 2
1704580578 1
1704580582 0
1704580586 1
1704580590 0
1704580594 3
1704580598 5
1704580602 10
1704580606 13
1704580610 2
1704580614 7
1704580618 2
1704580622 4
1704580626 0
1704580630 7
1704580634 4
1704580638 0
1704580642 0
1704580646 2
1704580650 3
1704580654 4
1704580658 1
1704580662 0
1704580666 0
1704580670 1
1704580674 0
1704580678 2
1704580682 0
1704580686 4
1704580690 0
1704580694 3
1704580698 2
1704580702 0
1704580706 0
1704580710 0
1704580714 2
1704580718 1
1704580722 3
1704580726 0
1704580730 0
1704580734 0
1704580738 2
1704580742 3
1704580746 0
1704580750 0
1704580754 1
1704580758 7
1704580762 1
1704580766 5
1704580770 1
1704580774 2
1704580778 1
1704580782 0
1704580786 5
1704580790 0
1704580794 0
1704580798 0
1704580802 2
1704580806 1
1704580810 1
1704580814 3
1704580818 1
1704580822 0
1704580826 2
1704580830 0
1704580834 0
1704580838 6
1704580842 5
1704580846 0
1704580850 0
1704580854 3
1704580858 1
1704580862 0
1704580866 2
1704580870 2
1704580874 3
1704580878 0
1704580882 1
1704580886 0
1704580890 4
1704580894 3
1704580898 1
1704580902 2
1704580906 0
1704580910 0



# Sketch: 23
1704580314 0
1704580318 2
1704580322 0
1704580326 4
1704580330 0
1704580334 0
1704580338 0
1704580342 2
1704580346 1
1704580350 1
1704580354 1
1704580358 5
1704580362 1
1704580366 1
1704580370 0
1704580374 0
1704580378 0
1704580382 6
1704580386 30
1704580390 17
1704580394 12
1704580398 5
1704580402 5
1704580406 6
1704580410 3
1704580414 3
1704580418 3
1704580422 5
1704580426 6
1704580430 5
1704580434 10
1704580438 1
1704580442 2
1704580446 4
1704580450 0
1704580454 2
1704580458 3
1704580462 2
1704580466 2
1704580470 0
1704580474 1
1704580478 0
1704580482 1
1704580486 4
1704580490 4
1704580494 4
1704580498 0
1704580502 1
1704580506 0
1704580510 3
1704580514 1
1704580518 0
1704580522 3
1704580526 0
1704580530 1
1704580534 0
1704580538 4
1704580542 5
1704580546 0
1704580550 3
1704580554 5
1704580558 1
1704580562 4
1704580566 0
1704580570 2
1704580574 2
1704580578 0
1704580582 2
1704580586 0
1704580590 1
1704580594 2
1704580598 1
1704580602 1
1704580606 1
1704580610 6
1704580614 1
1704580618 1
1704580622 6
1704580626 3
1704580630 0
1704580634 1
1704580638 2
1704580642 1
1704580646 2
1704580650 0
1704580654 2
1704580658 3
1704580662 1
1704580666 0
1704580670 0
1704580674 3
1704580678 3
1704580682 2
1704580686 1
1704580690 3
1704580694 1
1704580698 0
1704580702 1
1704580706 0
1704580710 0
1704580714 0
1704580718 1
1704580722 0
1704580726 2
1704580730 3
1704580734 1
1704580738 0
1704580742 2
1704580746 4
1704580750 2
1704580754 2
1704580758 1
1704580762 0
1704580766 1
1704580770 0
1704580774 0
1704580778 2
1704580782 1
1704580786 0
1704580790 0
1704580794 0
1704580798 3
1704580802 3
1704580806 1
1704580810 4
1704580814 1
1704580818 3
1704580822 2
1704580826 1
1704580830 1
1704580834 0
1704580838 3
1704580842 3
1704580846 2
1704580850 3
1704580854 1
1704580858 2
1704580862 0
1704580866 0
1704580870 0
1704580874 0
1704580878 2
1704580882 0
1704580886 0
1704580890 1
1704580894 1
1704580898 3
1704580902 1
1704580906 0
1704580910 1



# Sketch: 24
1704580314 1
1704580318 2
1704580322 4
1704580326 0
1704580330 0
1704580334 0
1704580338 5
1704580342 3
1704580346 9
1704580350 1
1704580354 2
1704580358 1
1704580362 4
1704580366 3
1704580370 1
1704580374 2
1704580378 4
1704580382 7
1704580386 25
1704580390 16
1704580394 11
1704580398 6
1704580402 4
1704580406 6
1704580410 4
1704580414 6
1704580418 5
1704580422 3
1704580426 1
1704580430 2
1704580434 5
1704580438 2
1704580442 5
1704580446 7
1704580450 6
1704580454 2
1704580458 0
1704580462 1
1704580466 1
1704580470 0
1704580474 1
1704580478 2
1704580482 0
1704580486 0
1704580490 4
1704580494 1
1704580498 0
1704580502 0
1704580506 1
1704580510 1
1704580514 0
1704580518 4
1704580522 3
1704580526 1
1704580530 2
1704580534 1
1704580538 0
1704580542 0
1704580546 0
1704580550 4
1704580554 1
1704580558 1
1704580562 0
1704580566 2
1704580570 1
1704580574 3
1704580578 0
1704580582 1
1704580586 5
1704580590 5
1704580594 0
1704580598 0
1704580602 3
1704580606 1
1704580610 0
1704580614 1
1704580618 0
1704580622 2
1704580626 0
1704580630 0
1704580634 2
1704580638 1
1704580642 1
1704580646 1
1704580650 0
1704580654 9
1704580658 7
1704580662 4
1704580666 2
1704580670 1
1704580674 8
1704580678 6
1704580682 0
1704580686 1
1704580690 3
1704580694 1
1704580698 7
1704580702 1
1704580706 3
1704580710 5
1704580714 0
1704580718 0
1704580722 1
1704580726 0
1704580730 1
1704580734 1
1704580738 0
1704580742 3
1704580746 0
1704580750 2
1704580754 0
1704580758 1
1704580762 2
1704580766 2
1704580770 1
1704580774 1
1704580778 2
1704580782 0
1704580786 0
1704580790 1
1704580794 0
1704580798 1
1704580802 1
1704580806 0
1704580810 0
1704580814 3
1704580818 4
1704580822 3
1704580826 0
1704580830 2
1704580834 1
1704580838 0
1704580842 4
1704580846 6
1704580850 0
1704580854 3
1704580858 6
1704580862 4
1704580866 0
1704580870 1
1704580874 2
1704580878 4
1704580882 3
1704580886 0
1704580890 1
1704580894 1
1704580898 1
1704580902 0
1704580906 2
1704580910 0



# Sketch: 25
1704580314 5
1704580318 4
1704580322 3
1704580326 2
1704580330 3
1704580334 7
1704580338 4
1704580342 4
1704580346 3
1704580350 2
1704580354 3
1704580358 0
1704580362 1
1704580366 1
1704580370 0
1704580374 2
1704580378 3
1704580382 24
1704580386 94
1704580390 101
1704580394 39
1704580398 43
1704580402 37
1704580406 13
1704580410 21
1704580414 12
1704580418 8
1704580422 5
1704580426 8
1704580430 8
1704580434 29
1704580438 13
1704580442 5
1704580446 3
1704580450 6
1704580454 1
1704580458 1
1704580462 3
1704580466 2
1704580470 4
1704580474 5
1704580478 4
1704580482 1
1704580486 1
1704580490 1
1704580494 0
1704580498 1
1704580502 1
1704580506 0
1704580510 0
1704580514 2
1704580518 3
1704580522 1
1704580526 0
1704580530 0
1704580534 1
1704580538 3
1704580542 2
1704580546 0
1704580550 3
1704580554 1
1704580558 3
1704580562 0
1704580566 3
1704580570 6
1704580574 2
1704580578 1
1704580582 1
1704580586 2
1704580590 2
1704580594 1
1704580598 0
1704580602 4
1704580606 1
1704580610 1
1704580614 0
1704580618 1
1704580622 3
1704580626 3
1704580630 0
1704580634 4
1704580638 2
1704580642 0
1704580646 1
1704580650 1
1704580654 0
1704580658 2
1704580662 1
1704580666 2
1704580670 1
1704580674 14
1704580678 2
1704580682 3
1704580686 4
1704580690 23
1704580694 7
1704580698 2
1704580702 1
1704580706 2
1704580710 1
1704580714 1
1704580718 1
1704580722 0
1704580726 1
1704580730 0
1704580734 5
1704580738 0
1704580742 1
1704580746 3
1704580750 4
1704580754 0
1704580758 4
1704580762 2
1704580766 0
1704580770 0
1704580774 0
1704580778 0
1704580782 1
1704580786 4
1704580790 0
1704580794 2
1704580798 1
1704580802 8
1704580806 3
1704580810 2
1704580814 1
1704580818 3
1704580822 3
1704580826 7
1704580830 1
1704580834 2
1704580838 1
1704580842 6
1704580846 0
1704580850 2
1704580854 7
1704580858 5
1704580862 0
1704580866 0
1704580870 0
1704580874 0
1704580878 2
1704580882 3
1704580886 0
1704580890 2
1704580894 3
1704580898 1
1704580902 2
1704580906 2
1704580910 1



# Sketch: 26
1704580314 1
1704580318 1
1704580322 3
1704580326 5
1704580330 1
1704580334 1
1704580338 1
1704580342 1
1704580346 5
1704580350 3
1704580354 2
1704580358 5
1704580362 5
1704580366 0
1704580370 1
1704580374 2
1704580378 0
1704580382 20
1704580386 47
1704580390 45
1704580394 32
1704580398 12
1704580402 7
1704580406 8
1704580410 6
1704580414 8
1704580418 5
1704580422 7
1704580426 4
1704580430 3
1704580434 7
1704580438 2
1704580442 4
1704580446 3
1704580450 4
1704580454 2
1704580458 0
1704580462 0
1704580466 0
1704580470 0
1704580474 2
1704580478 5
1704580482 0
1704580486 0
1704580490 3
1704580494 1
1704580498 0
1704580502 0
1704580506 4
1704580510 2
1704580514 2
1704580518 3
1704580522 0
1704580526 2
1704580530 3
1704580534 1
1704580538 3
1704580542 2
1704580546 0
1704580550 3
1704580554 2
1704580558 4
1704580562 1
1704580566 3
1704580570 1
1704580574 1
1704580578 3
1704580582 2
1704580586 1
1704580590 4
1704580594 5
1704580598 0
1704580602 2
1704580606 0
1704580610 2
1704580614 1
1704580618 10
1704580622 0
1704580626 6
1704580630 2
1704580634 1
1704580638 1
1704580642 1
1704580646 2
1704580650 1
1704580654 0
1704580658 0
1704580662 1
1704580666 3
1704580670 0
1704580674 0
1704580678 2
1704580682 0
1704580686 0
1704580690 8
1704580694 13
1704580698 6
1704580702 0
1704580706 1
1704580710 0
1704580714 0
1704580718 0
1704580722 1
1704580726 6
1704580730 1
1704580734 3
1704580738 1
1704580742 0
1704580746 1
1704580750 0
1704580754 1
1704580758 0
1704580762 2
1704580766 2
1704580770 0
1704580774 0
1704580778 1
1704580782 1
1704580786 2
1704580790 3
1704580794 2
1704580798 0
1704580802 2
1704580806 1
1704580810 3
1704580814 0
1704580818 1
1704580822 4
1704580826 0
1704580830 0
1704580834 0
1704580838 3
1704580842 1
1704580846 1
1704580850 1
1704580854 0
1704580858 0
1704580862 1
1704580866 1
1704580870 0
1704580874 1
1704580878 2
1704580882 2
1704580886 4
1704580890 0
1704580894 2
1704580898 2
1704580902 0
1704580906 0
1704580910 1



# Sketch: 27
1704580314 2
1704580318 1
1704580322 2
1704580326 2
1704580330 2
1704580334 1
1704580338 1
1704580342 7
1704580346 0
1704580350 3
1704580354 0
1704580358 0
1704580362 0
1704580366 3
1704580370 0
1704580374 0
1704580378 2
1704580382 50
1704580386 92
1704580390 85
1704580394 23
1704580398 13
1704580402 11
1704580406 19
1704580410 12
1704580414 10
1704580418 6
1704580422 6
1704580426 3
1704580430 10
1704580434 21
1704580438 0
1704580442 2
1704580446 10
1704580450 3
1704580454 4
1704580458 1
1704580462 2
1704580466 6
1704580470 2
1704580474 4
1704580478 0
1704580482 1
1704580486 0
1704580490 2
1704580494 0
1704580498 3
1704580502 10
1704580506 0
1704580510 3
1704580514 4
1704580518 1
1704580522 9
1704580526 2
1704580530 12
1704580534 1
1704580538 3
1704580542 1
1704580546 0
1704580550 2
1704580554 1
1704580558 6
1704580562 2
1704580566 4
1704580570 6
1704580574 6
1704580578 1
1704580582 5
1704580586 0
1704580590 1
1704580594 9
1704580598 2
1704580602 1
1704580606 2
1704580610 2
1704580614 5
1704580618 6
1704580622 7
1704580626 3
1704580630 3
1704580634 4
1704580638 0
1704580642 0
1704580646 3
1704580650 2
1704580654 1
1704580658 1
1704580662 0
1704580666 1
1704580670 0
1704580674 2
1704580678 3
1704580682 2
1704580686 0
1704580690 2
1704580694 2
1704580698 1
1704580702 0
1704580706 4
1704580710 1
1704580714 2
1704580718 5
1704580722 8
1704580726 0
1704580730 0
1704580734 0
1704580738 3
1704580742 8
1704580746 0
1704580750 2
1704580754 1
1704580758 3
1704580762 1
1704580766 4
1704580770 3
1704580774 4
1704580778 3
1704580782 7
1704580786 2
1704580790 5
1704580794 5
1704580798 0
1704580802 13
1704580806 4
1704580810 5
1704580814 2
1704580818 2
1704580822 1
1704580826 2
1704580830 1
1704580834 0
1704580838 1
1704580842 1
1704580846 5
1704580850 1
1704580854 3
1704580858 1
1704580862 9
1704580866 2
1704580870 1
1704580874 1
1704580878 2
1704580882 1
1704580886 3
1704580890 3
1704580894 10
1704580898 0
1704580902 1
1704580906 2
1704580910 2



# Sketch: 28
1704580314 3
1704580318 10
1704580322 1
1704580326 0
1704580330 1
1704580334 2
1704580338 4
1704580342 2
1704580346 2
1704580350 4
1704580354 1
1704580358 2
1704580362 3
1704580366 0
1704580370 0
1704580374 1
1704580378 2
1704580382 34
1704580386 82
1704580390 85
1704580394 56
1704580398 52
1704580402 34
1704580406 14
1704580410 61
1704580414 41
1704580418 57
1704580422 42
1704580426 12
1704580430 19
1704580434 10
1704580438 8
1704580442 3
1704580446 0
1704580450 2
1704580454 3
1704580458 2
1704580462 3
1704580466 2
1704580470 0
1704580474 0
1704580478 0
1704580482 0
1704580486 2
1704580490 2
1704580494 1
1704580498 4
1704580502 1
1704580506 1
1704580510 0
1704580514 1
1704580518 2
1704580522 0
1704580526 1
1704580530 1
1704580534 0
1704580538 1
1704580542 0
1704580546 2
1704580550 5
1704580554 1
1704580558 1
1704580562 2
1704580566 0
1704580570 8
1704580574 2
1704580578 2
1704580582 1
1704580586 2
1704580590 0
1704580594 1
1704580598 1
1704580602 0
1704580606 1
1704580610 3
1704580614 0
1704580618 1
1704580622 2
1704580626 0
1704580630 2
1704580634 1
1704580638 2
1704580642 1
1704580646 1
1704580650 2
1704580654 0
1704580658 2
1704580662 0
1704580666 1
1704580670 0
1704580674 0
1704580678 3
1704580682 1
1704580686 0
1704580690 8
1704580694 2
1704580698 3
1704580702 0
1704580706 0
1704580710 1
1704580714 2
1704580718 1
1704580722 0
1704580726 2
1704580730 26
1704580734 5
1704580738 12
1704580742 9
1704580746 6
1704580750 3
1704580754 1
1704580758 0
1704580762 1
1704580766 0
1704580770 0
1704580774 0
1704580778 2
1704580782 2
1704580786 0
1704580790 0
1704580794 0
1704580798 0
1704580802 6
1704580806 1
1704580810 1
1704580814 3
1704580818 10
1704580822 3
1704580826 1
1704580830 2
1704580834 2
1704580838 0
1704580842 0
1704580846 2
1704580850 1
1704580854 3
1704580858 3
1704580862 3
1704580866 0
1704580870 13
1704580874 0
1704580878 2
1704580882 5
1704580886 0
1704580890 1
1704580894 1
1704580898 4
1704580902 0
1704580906 0
1704580910 5



# Sketch: 29
1704580314 1
1704580318 5
1704580322 2
1704580326 0
1704580330 1
1704580334 0
1704580338 3
1704580342 1
1704580346 0
1704580350 2
1704580354 1
1704580358 2
1704580362 6
1704580366 1
1704580370 0
1704580374 1
1704580378 2
1704580382 14
1704580386 58
1704580390 26
1704580394 48
1704580398 25
1704580402 19
1704580406 31
1704580410 18
1704580414 1
1704580418 5
1704580422 7
1704580426 9
1704580430 4
1704580434 6
1704580438 3
1704580442 4
1704580446 1
1704580450 0
1704580454 2
1704580458 1
1704580462 1
1704580466 1
1704580470 0
1704580474 1
1704580478 0
1704580482 0
1704580486 2
1704580490 0
1704580494 1
1704580498 2
1704580502 1
1704580506 2
1704580510 2
1704580514 1
1704580518 2
1704580522 1
1704580526 0
1704580530 2
1704580534 3
1704580538 3
1704580542 0
1704580546 0
1704580550 6
1704580554 2
1704580558 0
1704580562 1
1704580566 2
1704580570 0
1704580574 1
1704580578 1
1704580582 0
1704580586 0
1704580590 1
1704580594 2
1704580598 1
1704580602 1
1704580606 0
1704580610 0
1704580614 0
1704580618 9
1704580622 1
1704580626 2
1704580630 0
1704580634 0
1704580638 0
1704580642 1
1704580646 0
1704580650 0
1704580654 1
1704580658 0
1704580662 0
1704580666 0
1704580670 2
1704580674 4
1704580678 1
1704580682 1
1704580686 2
1704580690 2
1704580694 0
1704580698 1
1704580702 1
1704580706 0
1704580710 0
1704580714 2
1704580718 1
1704580722 0
1704580726 1
1704580730 1
1704580734 0
1704580738 1
1704580742 1
1704580746 6
1704580750 1
1704580754 2
1704580758 2
1704580762 0
1704580766 2
1704580770 0
1704580774 1
1704580778 0
1704580782 0
1704580786 1
1704580790 1
1704580794 2
1704580798 0
1704580802 2
1704580806 0
1704580810 6
1704580814 0
1704580818 0
1704580822 1
1704580826 1
1704580830 1
1704580834 1
1704580838 0
1704580842 1
1704580846 0
1704580850 0
1704580854 3
1704580858 2
1704580862 5
1704580866 0
1704580870 3
1704580874 1
1704580878 2
1704580882 1
1704580886 8
1704580890 1
1704580894 2
1704580898 1
1704580902 2
1704580906 0
1704580910 1



# Sketch: 30
1704580314 0
1704580318 3
1704580322 1
1704580326 6
1704580330 7
1704580334 1
1704580338 4
1704580342 2
1704580346 1
1704580350 1
1704580354 0
1704580358 1
1704580362 1
1704580366 0
1704580370 7
1704580374 4
1704580378 1
1704580382 9
1704580386 15
1704580390 20
1704580394 11
1704580398 8
1704580402 5
1704580406 3
1704580410 5
1704580414 1
1704580418 6
1704580422 3
1704580426 3
1704580430 5
1704580434 3
1704580438 7
1704580442 0
1704580446 0
1704580450 3
1704580454 2
1704580458 0
1704580462 0
1704580466 0
1704580470 1
1704580474 0
1704580478 0
1704580482 0
1704580486 0
1704580490 2
1704580494 0
1704580498 1
1704580502 1
1704580506 0
1704580510 0
1704580514 1
1704580518 2
1704580522 0
1704580526 2
1704580530 1
1704580534 0
1704580538 0
1704580542 0
1704580546 0
1704580550 0
1704580554 0
1704580558 2
1704580562 1
1704580566 1
1704580570 1
1704580574 0
1704580578 0
1704580582 3
1704580586 1
1704580590 2
1704580594 0
1704580598 0
1704580602 0
1704580606 0
1704580610 7
1704580614 1
1704580618 0
1704580622 0
1704580626 2
1704580630 1
1704580634 4
1704580638 3
1704580642 1
1704580646 4
1704580650 5
1704580654 2
1704580658 2
1704580662 1
1704580666 1
1704580670 0
1704580674 1
1704580678 3
1704580682 2
1704580686 4
1704580690 0
1704580694 3
1704580698 1
1704580702 0
1704580706 1
1704580710 2
1704580714 0
1704580718 0
1704580722 0
1704580726 1
1704580730 6
1704580734 2
1704580738 1
1704580742 0
1704580746 3
1704580750 2
1704580754 4
1704580758 1
1704580762 1
1704580766 1
1704580770 3
1704580774 0
1704580778 2
1704580782 2
1704580786 1
1704580790 1
1704580794 2
1704580798 0
1704580802 4
1704580806 8
1704580810 4
1704580814 1
1704580818 1
1704580822 2
1704580826 2
1704580830 0
1704580834 1
1704580838 2
1704580842 1
1704580846 1
1704580850 1
1704580854 1
1704580858 2
1704580862 11
1704580866 4
1704580870 0
1704580874 0
1704580878 2
1704580882 2
1704580886 1
1704580890 0
1704580894 1
1704580898 4
1704580902 0
1704580906 1
1704580910 1



# Sketch: 31
1704580314 0
1704580318 0
1704580322 1
1704580326 0
1704580330 0
1704580334 1
1704580338 2
1704580342 4
1704580346 0
1704580350 1
1704580354 2
1704580358 1
1704580362 0
1704580366 0
1704580370 0
1704580374 1
1704580378 0
1704580382 20
1704580386 26
1704580390 10
1704580394 13
1704580398 5
1704580402 2
1704580406 5
1704580410 3
1704580414 1
1704580418 0
1704580422 1
1704580426 0
1704580430 1
1704580434 1
1704580438 0
1704580442 1
1704580446 0
1704580450 2
1704580454 2
1704580458 0
1704580462 1
1704580466 0
1704580470 1
1704580474 0
1704580478 0
1704580482 2
1704580486 2
1704580490 3
1704580494 2
1704580498 2
1704580502 1
1704580506 0
1704580510 1
1704580514 1
1704580518 0
1704580522 0
1704580526 2
1704580530 1
1704580534 0
1704580538 0
1704580542 0
1704580546 2
1704580550 1
1704580554 2
1704580558 0
1704580562 3
1704580566 1
1704580570 4
1704580574 0
1704580578 4
1704580582 3
1704580586 0
1704580590 0
1704580594 0
1704580598 1
1704580602 0
1704580606 1
1704580610 0
1704580614 6
1704580618 1
1704580622 0
1704580626 2
1704580630 0
1704580634 1
1704580638 3
1704580642 0
1704580646 0
1704580650 0
1704580654 1
1704580658 1
1704580662 1
1704580666 0
1704580670 0
1704580674 3
1704580678 1
1704580682 4
1704580686 1
1704580690 1
1704580694 1
1704580698 3
1704580702 0
1704580706 0
1704580710 0
1704580714 1
1704580718 0
1704580722 0
1704580726 0
1704580730 0
1704580734 0
1704580738 1
1704580742 1
1704580746 0
1704580750 0
1704580754 4
1704580758 2
1704580762 0
1704580766 0
1704580770 0
1704580774 3
1704580778 0
1704580782 0
1704580786 2
1704580790 1
1704580794 0
1704580798 0
1704580802 5
1704580806 4
1704580810 2
1704580814 1
1704580818 10
1704580822 5
1704580826 0
1704580830 0
1704580834 2
1704580838 1
1704580842 7
1704580846 0
1704580850 5
1704580854 0
1704580858 2
1704580862 3
1704580866 1
1704580870 5
1704580874 0
1704580878 6
1704580882 0
1704580886 0
1704580890 1
1704580894 0
1704580898 0
1704580902 1
1704580906 3
1704580910 1

