

# Sketch: 0
1704580314 403
1704580442 73
1704580570 63
1704580698 46
1704580826 34



# Sketch: 1
1704580314 204
1704580442 61
1704580570 88
1704580698 62
1704580826 57



# Sketch: 2
1704580314 230
1704580442 51
1704580570 121
1704580698 72
1704580826 45



# Sketch: 3
1704580314 500
1704580442 401
1704580570 398
1704580698 603
1704580826 441



# Sketch: 4
1704580314 238
1704580442 98
1704580570 83
1704580698 92
1704580826 64



# Sketch: 5
1704580314 153
1704580442 34
1704580570 92
1704580698 47
1704580826 31



# Sketch: 6
1704580314 266
1704580442 77
1704580570 42
1704580698 48
1704580826 20



# Sketch: 7
1704580314 454
1704580442 76
1704580570 54
1704580698 49
1704580826 35



# Sketch: 8
1704580314 308
1704580442 72
1704580570 62
1704580698 62
1704580826 44



# Sketch: 9
1704580314 192
1704580442 49
1704580570 39
1704580698 41
1704580826 38



# Sketch: 10
1704580314 172
1704580442 46
1704580570 56
1704580698 50
1704580826 50



# Sketch: 11
1704580314 110
1704580442 45
1704580570 17
1704580698 54
1704580826 46



# Sketch: 12
1704580314 186
1704580442 61
1704580570 45
1704580698 40
1704580826 39



# Sketch: 13
1704580314 378
1704580442 45
1704580570 29
1704580698 55
1704580826 39



# Sketch: 14
1704580314 376
1704580442 54
1704580570 58
1704580698 46
1704580826 30



# Sketch: 15
1704580314 467
1704580442 347
1704580570 304
1704580698 100
1704580826 40



# Sketch: 16
1704580314 362
1704580442 82
1704580570 97
1704580698 72
1704580826 54



# Sketch: 17
1704580314 251
1704580442 47
1704580570 42
1704580698 67
1704580826 43



# Sketch: 18
1704580314 178
1704580442 32
1704580570 45
1704580698 64
1704580826 72



# Sketch: 19
1704580314 298
1704580442 73
1704580570 60
1704580698 41
1704580826 33



# Sketch: 20
1704580314 188
1704580442 85
1704580570 65
1704580698 42
1704580826 46



# Sketch: 21
1704580314 287
1704580442 46
1704580570 60
1704580698 54
1704580826 36



# Sketch: 22
1704580314 398
1704580442 69
1704580570 55
1704580698 37
1704580826 35



# Sketch: 23
1704580314 123
1704580442 53
1704580570 34
1704580698 41
1704580826 37



# Sketch: 24
1704580314 184
1704580442 62
1704580570 50
1704580698 27
1704580826 29



# Sketch: 25
1704580314 351
1704580442 109
1704580570 78
1704580698 57
1704580826 60



# Sketch: 26
1704580314 142
1704580442 49
1704580570 63
1704580698 51
1704580826 29



# Sketch: 27
1704580314 152
1704580442 56
1704580570 58
1704580698 49
1704580826 34



# Sketch: 28
1704580314 216
1704580442 59
1704580570 32
1704580698 90
1704580826 49



# Sketch: 29
1704580314 537
1704580442 80
1704580570 47
1704580698 104
1704580826 38



# Sketch: 30
1704580314 345
1704580442 39
1704580570 51
1704580698 39
1704580826 30



# Sketch: 31
1704580314 385
1704580442 56
1704580570 77
1704580698 67
1704580826 32

