

# Sketch: 0
1704580314 13
1704580378 155
1704580442 54
1704580506 25
1704580570 40
1704580634 21
1704580698 26
1704580762 21
1704580826 25
1704580890 10



# Sketch: 1
1704580314 31
1704580378 346
1704580442 27
1704580506 39
1704580570 21
1704580634 32
1704580698 14
1704580762 28
1704580826 42
1704580890 7



# Sketch: 2
1704580314 17
1704580378 98
1704580442 22
1704580506 26
1704580570 32
1704580634 22
1704580698 18
1704580762 24
1704580826 34
1704580890 5



# Sketch: 3
1704580314 38
1704580378 299
1704580442 43
1704580506 42
1704580570 41
1704580634 41
1704580698 53
1704580762 48
1704580826 37
1704580890 11



# Sketch: 4
1704580314 38
1704580378 165
1704580442 55
1704580506 15
1704580570 20
1704580634 39
1704580698 41
1704580762 21
1704580826 26
1704580890 9



# Sketch: 5
1704580314 36
1704580378 244
1704580442 54
1704580506 24
1704580570 27
1704580634 35
1704580698 20
1704580762 34
1704580826 30
1704580890 13



# Sketch: 6
1704580314 24
1704580378 154
1704580442 28
1704580506 35
1704580570 21
1704580634 22
1704580698 28
1704580762 23
1704580826 12
1704580890 18



# Sketch: 7
1704580314 19
1704580378 381
1704580442 48
1704580506 19
1704580570 59
1704580634 19
1704580698 12
1704580762 19
1704580826 53
1704580890 6



# Sketch: 8
1704580314 19
1704580378 94
1704580442 32
1704580506 12
1704580570 44
1704580634 12
1704580698 10
1704580762 18
1704580826 36
1704580890 5



# Sketch: 9
1704580314 42
1704580378 436
1704580442 187
1704580506 168
1704580570 161
1704580634 261
1704580698 252
1704580762 364
1704580826 313
1704580890 129



# Sketch: 10
1704580314 20
1704580378 218
1704580442 32
1704580506 25
1704580570 88
1704580634 25
1704580698 15
1704580762 28
1704580826 27
1704580890 13



# Sketch: 11
1704580314 29
1704580378 375
1704580442 176
1704580506 203
1704580570 186
1704580634 143
1704580698 102
1704580762 40
1704580826 30
1704580890 12



# Sketch: 12
1704580314 37
1704580378 336
1704580442 33
1704580506 24
1704580570 29
1704580634 15
1704580698 39
1704580762 25
1704580826 45
1704580890 6



# Sketch: 13
1704580314 27
1704580378 453
1704580442 31
1704580506 13
1704580570 10
1704580634 38
1704580698 36
1704580762 20
1704580826 34
1704580890 14



# Sketch: 14
1704580314 29
1704580378 193
1704580442 34
1704580506 24
1704580570 21
1704580634 17
1704580698 15
1704580762 27
1704580826 18
1704580890 8



# Sketch: 15
1704580314 32
1704580378 134
1704580442 24
1704580506 35
1704580570 32
1704580634 31
1704580698 43
1704580762 29
1704580826 20
1704580890 7



# Sketch: 16
1704580314 32
1704580378 87
1704580442 30
1704580506 24
1704580570 21
1704580634 21
1704580698 19
1704580762 23
1704580826 34
1704580890 16



# Sketch: 17
1704580314 30
1704580378 191
1704580442 34
1704580506 25
1704580570 20
1704580634 44
1704580698 29
1704580762 28
1704580826 21
1704580890 10



# Sketch: 18
1704580314 19
1704580378 170
1704580442 33
1704580506 23
1704580570 23
1704580634 25
1704580698 46
1704580762 32
1704580826 29
1704580890 8



# Sketch: 19
1704580314 18
1704580378 135
1704580442 21
1704580506 30
1704580570 35
1704580634 23
1704580698 15
1704580762 12
1704580826 21
1704580890 4



# Sketch: 20
1704580314 13
1704580378 213
1704580442 38
1704580506 32
1704580570 16
1704580634 16
1704580698 19
1704580762 36
1704580826 33
1704580890 4



# Sketch: 21
1704580314 18
1704580378 310
1704580442 18
1704580506 38
1704580570 10
1704580634 26
1704580698 33
1704580762 28
1704580826 26
1704580890 6



# Sketch: 22
1704580314 35
1704580378 234
1704580442 15
1704580506 22
1704580570 31
1704580634 12
1704580698 22
1704580762 20
1704580826 24
1704580890 13



# Sketch: 23
1704580314 23
1704580378 182
1704580442 30
1704580506 34
1704580570 23
1704580634 23
1704580698 22
1704580762 44
1704580826 62
1704580890 8



# Sketch: 24
1704580314 34
1704580378 268
1704580442 74
1704580506 50
1704580570 51
1704580634 49
1704580698 34
1704580762 42
1704580826 48
1704580890 8



# Sketch: 25
1704580314 22
1704580378 338
1704580442 35
1704580506 41
1704580570 34
1704580634 26
1704580698 57
1704580762 23
1704580826 28
1704580890 14



# Sketch: 26
1704580314 28
1704580378 655
1704580442 35
1704580506 18
1704580570 46
1704580634 24
1704580698 27
1704580762 18
1704580826 31
1704580890 22



# Sketch: 27
1704580314 15
1704580378 236
1704580442 26
1704580506 26
1704580570 26
1704580634 10
1704580698 10
1704580762 26
1704580826 27
1704580890 10



# Sketch: 28
1704580314 25
1704580378 191
1704580442 35
1704580506 15
1704580570 17
1704580634 19
1704580698 17
1704580762 26
1704580826 22
1704580890 15



# Sketch: 29
1704580314 34
1704580378 372
1704580442 38
1704580506 20
1704580570 53
1704580634 29
1704580698 33
1704580762 33
1704580826 20
1704580890 8



# Sketch: 30
1704580314 17
1704580378 310
1704580442 24
1704580506 17
1704580570 21
1704580634 18
1704580698 15
1704580762 16
1704580826 18
1704580890 9



# Sketch: 31
1704580314 38
1704580378 209
1704580442 36
1704580506 41
1704580570 32
1704580634 36
1704580698 34
1704580762 37
1704580826 38
1704580890 18

