

# Sketch: 0
1704580314 9
1704580378 394
1704580442 57
1704580506 16
1704580570 18
1704580634 45
1704580698 8
1704580762 38
1704580826 33
1704580890 1



# Sketch: 1
1704580314 45
1704580378 159
1704580442 35
1704580506 26
1704580570 45
1704580634 43
1704580698 26
1704580762 36
1704580826 44
1704580890 13



# Sketch: 2
1704580314 21
1704580378 209
1704580442 30
1704580506 21
1704580570 79
1704580634 42
1704580698 43
1704580762 29
1704580826 26
1704580890 19



# Sketch: 3
1704580314 34
1704580378 466
1704580442 204
1704580506 197
1704580570 167
1704580634 231
1704580698 262
1704580762 341
1704580826 319
1704580890 122



# Sketch: 4
1704580314 32
1704580378 206
1704580442 53
1704580506 45
1704580570 36
1704580634 47
1704580698 56
1704580762 36
1704580826 57
1704580890 7



# Sketch: 5
1704580314 28
1704580378 125
1704580442 20
1704580506 14
1704580570 59
1704580634 33
1704580698 21
1704580762 26
1704580826 19
1704580890 12



# Sketch: 6
1704580314 30
1704580378 236
1704580442 52
1704580506 25
1704580570 23
1704580634 19
1704580698 16
1704580762 32
1704580826 13
1704580890 7



# Sketch: 7
1704580314 33
1704580378 421
1704580442 32
1704580506 44
1704580570 32
1704580634 22
1704580698 30
1704580762 19
1704580826 29
1704580890 6



# Sketch: 8
1704580314 28
1704580378 280
1704580442 48
1704580506 24
1704580570 28
1704580634 34
1704580698 37
1704580762 25
1704580826 35
1704580890 9



# Sketch: 9
1704580314 17
1704580378 175
1704580442 28
1704580506 21
1704580570 19
1704580634 20
1704580698 28
1704580762 13
1704580826 20
1704580890 18



# Sketch: 10
1704580314 33
1704580378 139
1704580442 27
1704580506 19
1704580570 32
1704580634 24
1704580698 15
1704580762 35
1704580826 43
1704580890 7



# Sketch: 11
1704580314 7
1704580378 103
1704580442 26
1704580506 19
1704580570 8
1704580634 9
1704580698 32
1704580762 22
1704580826 36
1704580890 10



# Sketch: 12
1704580314 23
1704580378 163
1704580442 37
1704580506 24
1704580570 28
1704580634 17
1704580698 16
1704580762 24
1704580826 30
1704580890 9



# Sketch: 13
1704580314 22
1704580378 356
1704580442 21
1704580506 24
1704580570 11
1704580634 18
1704580698 10
1704580762 45
1704580826 26
1704580890 13



# Sketch: 14
1704580314 46
1704580378 330
1704580442 36
1704580506 18
1704580570 29
1704580634 29
1704580698 23
1704580762 23
1704580826 19
1704580890 11



# Sketch: 15
1704580314 19
1704580378 448
1704580442 152
1704580506 195
1704580570 162
1704580634 142
1704580698 89
1704580762 11
1704580826 33
1704580890 7



# Sketch: 16
1704580314 25
1704580378 337
1704580442 49
1704580506 33
1704580570 61
1704580634 36
1704580698 39
1704580762 33
1704580826 41
1704580890 13



# Sketch: 17
1704580314 13
1704580378 238
1704580442 25
1704580506 22
1704580570 23
1704580634 19
1704580698 26
1704580762 41
1704580826 28
1704580890 15



# Sketch: 18
1704580314 16
1704580378 162
1704580442 16
1704580506 16
1704580570 17
1704580634 28
1704580698 40
1704580762 24
1704580826 64
1704580890 8



# Sketch: 19
1704580314 18
1704580378 280
1704580442 49
1704580506 24
1704580570 42
1704580634 18
1704580698 20
1704580762 21
1704580826 24
1704580890 9



# Sketch: 20
1704580314 32
1704580378 156
1704580442 55
1704580506 30
1704580570 38
1704580634 27
1704580698 19
1704580762 23
1704580826 34
1704580890 12



# Sketch: 21
1704580314 28
1704580378 259
1704580442 15
1704580506 31
1704580570 30
1704580634 30
1704580698 27
1704580762 27
1704580826 26
1704580890 10



# Sketch: 22
1704580314 24
1704580378 374
1704580442 35
1704580506 34
1704580570 25
1704580634 30
1704580698 16
1704580762 21
1704580826 23
1704580890 12



# Sketch: 23
1704580314 26
1704580378 97
1704580442 23
1704580506 30
1704580570 22
1704580634 12
1704580698 18
1704580762 23
1704580826 30
1704580890 7



# Sketch: 24
1704580314 21
1704580378 163
1704580442 20
1704580506 42
1704580570 31
1704580634 19
1704580698 13
1704580762 14
1704580826 24
1704580890 5



# Sketch: 25
1704580314 38
1704580378 313
1704580442 68
1704580506 41
1704580570 44
1704580634 34
1704580698 24
1704580762 33
1704580826 42
1704580890 18



# Sketch: 26
1704580314 33
1704580378 109
1704580442 23
1704580506 26
1704580570 29
1704580634 34
1704580698 23
1704580762 28
1704580826 18
1704580890 11



# Sketch: 27
1704580314 33
1704580378 119
1704580442 36
1704580506 20
1704580570 29
1704580634 29
1704580698 23
1704580762 26
1704580826 23
1704580890 11



# Sketch: 28
1704580314 25
1704580378 191
1704580442 38
1704580506 21
1704580570 21
1704580634 11
1704580698 53
1704580762 37
1704580826 39
1704580890 10



# Sketch: 29
1704580314 33
1704580378 504
1704580442 35
1704580506 45
1704580570 23
1704580634 24
1704580698 56
1704580762 48
1704580826 30
1704580890 8



# Sketch: 30
1704580314 18
1704580378 327
1704580442 24
1704580506 15
1704580570 31
1704580634 20
1704580698 19
1704580762 20
1704580826 14
1704580890 16



# Sketch: 31
1704580314 42
1704580378 343
1704580442 33
1704580506 23
1704580570 49
1704580634 28
1704580698 28
1704580762 39
1704580826 22
1704580890 10

