

# Sketch: 0
1704580914 4
1704580922 4
1704580930 3
1704580938 1
1704580946 4
1704580954 1
1704580962 1
1704580970 4
1704580978 13
1704580986 11
1704580994 10
1704581002 9
1704581010 8
1704581018 3
1704581026 3
1704581034 7
1704581042 6
1704581050 2
1704581058 1
1704581066 4
1704581074 3
1704581082 1
1704581090 7
1704581098 14
1704581106 5
1704581114 8
1704581122 9
1704581130 6
1704581138 4
1704581146 2
1704581154 10
1704581162 26
1704581170 26
1704581178 1
1704581186 2
1704581194 1
1704581202 1
1704581210 25
1704581218 36
1704581226 10
1704581234 13
1704581242 10
1704581250 6
1704581258 3
1704581266 10
1704581274 5
1704581282 3
1704581290 3
1704581298 4
1704581306 2
1704581314 0
1704581322 5
1704581330 1
1704581338 14
1704581346 2
1704581354 9
1704581362 6
1704581370 10
1704581378 4
1704581386 1
1704581394 8
1704581402 6
1704581410 0
1704581418 1
1704581426 0
1704581434 1
1704581442 6
1704581450 2
1704581458 12
1704581466 4
1704581474 5
1704581482 7
1704581490 13
1704581498 0
1704581506 3



# Sketch: 1
1704580914 10
1704580922 7
1704580930 4
1704580938 0
1704580946 0
1704580954 4
1704580962 6
1704580970 2
1704580978 2
1704580986 4
1704580994 4
1704581002 0
1704581010 4
1704581018 2
1704581026 4
1704581034 0
1704581042 2
1704581050 12
1704581058 3
1704581066 0
1704581074 0
1704581082 0
1704581090 0
1704581098 3
1704581106 3
1704581114 0
1704581122 1
1704581130 1
1704581138 0
1704581146 0
1704581154 1
1704581162 0
1704581170 0
1704581178 2
1704581186 0
1704581194 1
1704581202 6
1704581210 3
1704581218 2
1704581226 0
1704581234 34
1704581242 1
1704581250 0
1704581258 5
1704581266 1
1704581274 0
1704581282 2
1704581290 11
1704581298 0
1704581306 6
1704581314 7
1704581322 1
1704581330 10
1704581338 2
1704581346 16
1704581354 19
1704581362 4
1704581370 4
1704581378 1
1704581386 4
1704581394 3
1704581402 3
1704581410 2
1704581418 5
1704581426 6
1704581434 0
1704581442 4
1704581450 1
1704581458 2
1704581466 3
1704581474 2
1704581482 2
1704581490 3
1704581498 19
1704581506 4



# Sketch: 2
1704580914 22
1704580922 7
1704580930 3
1704580938 3
1704580946 5
1704580954 1
1704580962 6
1704580970 8
1704580978 1
1704580986 1
1704580994 3
1704581002 1
1704581010 1
1704581018 3
1704581026 1
1704581034 0
1704581042 3
1704581050 1
1704581058 5
1704581066 1
1704581074 3
1704581082 0
1704581090 3
1704581098 5
1704581106 2
1704581114 6
1704581122 3
1704581130 1
1704581138 0
1704581146 1
1704581154 1
1704581162 2
1704581170 3
1704581178 1
1704581186 3
1704581194 2
1704581202 8
1704581210 1
1704581218 2
1704581226 6
1704581234 6
1704581242 1
1704581250 1
1704581258 2
1704581266 2
1704581274 8
1704581282 9
1704581290 7
1704581298 1
1704581306 9
1704581314 1
1704581322 4
1704581330 1
1704581338 1
1704581346 6
1704581354 3
1704581362 4
1704581370 1
1704581378 3
1704581386 2
1704581394 2
1704581402 5
1704581410 3
1704581418 0
1704581426 21
1704581434 12
1704581442 4
1704581450 0
1704581458 2
1704581466 3
1704581474 2
1704581482 2
1704581490 2
1704581498 13
1704581506 1



# Sketch: 3
1704580914 6
1704580922 4
1704580930 3
1704580938 3
1704580946 5
1704580954 3
1704580962 12
1704580970 4
1704580978 7
1704580986 2
1704580994 2
1704581002 4
1704581010 2
1704581018 2
1704581026 9
1704581034 2
1704581042 4
1704581050 2
1704581058 4
1704581066 4
1704581074 5
1704581082 1
1704581090 2
1704581098 4
1704581106 3
1704581114 1
1704581122 8
1704581130 4
1704581138 3
1704581146 4
1704581154 7
1704581162 5
1704581170 6
1704581178 3
1704581186 2
1704581194 2
1704581202 22
1704581210 1
1704581218 6
1704581226 1
1704581234 2
1704581242 15
1704581250 1
1704581258 4
1704581266 5
1704581274 0
1704581282 6
1704581290 6
1704581298 5
1704581306 6
1704581314 6
1704581322 3
1704581330 6
1704581338 0
1704581346 16
1704581354 36
1704581362 3
1704581370 2
1704581378 2
1704581386 4
1704581394 1
1704581402 5
1704581410 10
1704581418 10
1704581426 12
1704581434 1
1704581442 3
1704581450 3
1704581458 6
1704581466 4
1704581474 1
1704581482 5
1704581490 4
1704581498 6
1704581506 4



# Sketch: 4
1704580914 7
1704580922 3
1704580930 6
1704580938 2
1704580946 1
1704580954 1
1704580962 4
1704580970 2
1704580978 1
1704580986 6
1704580994 3
1704581002 2
1704581010 2
1704581018 4
1704581026 4
1704581034 1
1704581042 14
1704581050 7
1704581058 0
1704581066 4
1704581074 2
1704581082 4
1704581090 2
1704581098 2
1704581106 3
1704581114 2
1704581122 1
1704581130 3
1704581138 1
1704581146 2
1704581154 2
1704581162 5
1704581170 1
1704581178 0
1704581186 2
1704581194 9
1704581202 0
1704581210 7
1704581218 2
1704581226 3
1704581234 4
1704581242 1
1704581250 6
1704581258 5
1704581266 1
1704581274 3
1704581282 1
1704581290 4
1704581298 1
1704581306 4
1704581314 6
1704581322 4
1704581330 14
1704581338 4
1704581346 1
1704581354 6
1704581362 7
1704581370 2
1704581378 5
1704581386 0
1704581394 4
1704581402 4
1704581410 3
1704581418 1
1704581426 2
1704581434 2
1704581442 5
1704581450 5
1704581458 2
1704581466 4
1704581474 4
1704581482 5
1704581490 1
1704581498 6
1704581506 3



# Sketch: 5
1704580914 4
1704580922 3
1704580930 2
1704580938 3
1704580946 5
1704580954 3
1704580962 1
1704580970 4
1704580978 0
1704580986 1
1704580994 1
1704581002 4
1704581010 2
1704581018 0
1704581026 2
1704581034 5
1704581042 1
1704581050 1
1704581058 0
1704581066 6
1704581074 5
1704581082 11
1704581090 4
1704581098 3
1704581106 2
1704581114 0
1704581122 4
1704581130 1
1704581138 0
1704581146 4
1704581154 3
1704581162 2
1704581170 5
1704581178 1
1704581186 0
1704581194 1
1704581202 1
1704581210 0
1704581218 3
1704581226 2
1704581234 4
1704581242 3
1704581250 2
1704581258 3
1704581266 8
1704581274 2
1704581282 0
1704581290 1
1704581298 1
1704581306 11
1704581314 0
1704581322 1
1704581330 11
1704581338 2
1704581346 3
1704581354 3
1704581362 7
1704581370 1
1704581378 6
1704581386 2
1704581394 7
1704581402 7
1704581410 0
1704581418 2
1704581426 6
1704581434 0
1704581442 3
1704581450 2
1704581458 1
1704581466 4
1704581474 3
1704581482 5
1704581490 2
1704581498 1
1704581506 1



# Sketch: 6
1704580914 4
1704580922 7
1704580930 21
1704580938 7
1704580946 2
1704580954 6
1704580962 3
1704580970 4
1704580978 1
1704580986 1
1704580994 3
1704581002 2
1704581010 0
1704581018 2
1704581026 1
1704581034 1
1704581042 8
1704581050 6
1704581058 1
1704581066 0
1704581074 6
1704581082 2
1704581090 1
1704581098 6
1704581106 6
1704581114 0
1704581122 1
1704581130 2
1704581138 2
1704581146 9
1704581154 2
1704581162 6
1704581170 7
1704581178 3
1704581186 0
1704581194 3
1704581202 3
1704581210 1
1704581218 2
1704581226 5
1704581234 9
1704581242 3
1704581250 2
1704581258 1
1704581266 4
1704581274 7
1704581282 5
1704581290 3
1704581298 7
1704581306 12
1704581314 6
1704581322 2
1704581330 3
1704581338 5
1704581346 5
1704581354 2
1704581362 7
1704581370 2
1704581378 2
1704581386 0
1704581394 0
1704581402 6
1704581410 5
1704581418 4
1704581426 6
1704581434 3
1704581442 5
1704581450 5
1704581458 4
1704581466 0
1704581474 1
1704581482 6
1704581490 5
1704581498 2
1704581506 4



# Sketch: 7
1704580914 2
1704580922 9
1704580930 5
1704580938 3
1704580946 5
1704580954 1
1704580962 2
1704580970 3
1704580978 5
1704580986 2
1704580994 2
1704581002 4
1704581010 4
1704581018 0
1704581026 5
1704581034 4
1704581042 3
1704581050 2
1704581058 5
1704581066 1
1704581074 3
1704581082 8
1704581090 4
1704581098 2
1704581106 0
1704581114 4
1704581122 4
1704581130 2
1704581138 8
1704581146 3
1704581154 8
1704581162 3
1704581170 1
1704581178 9
1704581186 8
1704581194 4
1704581202 1
1704581210 0
1704581218 6
1704581226 2
1704581234 1
1704581242 2
1704581250 6
1704581258 1
1704581266 2
1704581274 2
1704581282 7
1704581290 3
1704581298 6
1704581306 6
1704581314 0
1704581322 3
1704581330 1
1704581338 0
1704581346 3
1704581354 3
1704581362 7
1704581370 3
1704581378 3
1704581386 3
1704581394 1
1704581402 4
1704581410 4
1704581418 8
1704581426 7
1704581434 3
1704581442 8
1704581450 1
1704581458 0
1704581466 6
1704581474 2
1704581482 2
1704581490 9
1704581498 2
1704581506 2



# Sketch: 8
1704580914 35
1704580922 50
1704580930 41
1704580938 37
1704580946 48
1704580954 53
1704580962 47
1704580970 45
1704580978 43
1704580986 43
1704580994 34
1704581002 47
1704581010 46
1704581018 37
1704581026 38
1704581034 41
1704581042 46
1704581050 43
1704581058 43
1704581066 39
1704581074 40
1704581082 52
1704581090 34
1704581098 42
1704581106 37
1704581114 35
1704581122 35
1704581130 41
1704581138 42
1704581146 42
1704581154 26
1704581162 49
1704581170 44
1704581178 39
1704581186 47
1704581194 39
1704581202 42
1704581210 36
1704581218 44
1704581226 45
1704581234 45
1704581242 34
1704581250 38
1704581258 42
1704581266 46
1704581274 37
1704581282 33
1704581290 17
1704581298 20
1704581306 9
1704581314 4
1704581322 11
1704581330 4
1704581338 2
1704581346 2
1704581354 4
1704581362 17
1704581370 1
1704581378 3
1704581386 3
1704581394 8
1704581402 4
1704581410 3
1704581418 10
1704581426 8
1704581434 0
1704581442 0
1704581450 5
1704581458 3
1704581466 2
1704581474 5
1704581482 6
1704581490 2
1704581498 4
1704581506 0



# Sketch: 9
1704580914 9
1704580922 6
1704580930 4
1704580938 4
1704580946 6
1704580954 3
1704580962 5
1704580970 3
1704580978 3
1704580986 3
1704580994 3
1704581002 4
1704581010 2
1704581018 1
1704581026 2
1704581034 1
1704581042 8
1704581050 10
1704581058 1
1704581066 2
1704581074 4
1704581082 2
1704581090 3
1704581098 2
1704581106 3
1704581114 4
1704581122 3
1704581130 0
1704581138 4
1704581146 1
1704581154 1
1704581162 2
1704581170 4
1704581178 8
1704581186 2
1704581194 2
1704581202 1
1704581210 1
1704581218 1
1704581226 3
1704581234 5
1704581242 1
1704581250 4
1704581258 9
1704581266 4
1704581274 3
1704581282 7
1704581290 6
1704581298 11
1704581306 5
1704581314 0
1704581322 0
1704581330 2
1704581338 4
1704581346 1
1704581354 6
1704581362 3
1704581370 3
1704581378 2
1704581386 1
1704581394 11
1704581402 2
1704581410 10
1704581418 4
1704581426 3
1704581434 0
1704581442 0
1704581450 4
1704581458 7
1704581466 6
1704581474 1
1704581482 1
1704581490 5
1704581498 2
1704581506 9



# Sketch: 10
1704580914 8
1704580922 5
1704580930 2
1704580938 2
1704580946 3
1704580954 0
1704580962 1
1704580970 4
1704580978 4
1704580986 9
1704580994 2
1704581002 6
1704581010 2
1704581018 1
1704581026 1
1704581034 10
1704581042 0
1704581050 1
1704581058 3
1704581066 9
1704581074 5
1704581082 2
1704581090 2
1704581098 3
1704581106 4
1704581114 2
1704581122 3
1704581130 0
1704581138 1
1704581146 1
1704581154 4
1704581162 8
1704581170 3
1704581178 8
1704581186 4
1704581194 1
1704581202 2
1704581210 3
1704581218 1
1704581226 2
1704581234 4
1704581242 2
1704581250 4
1704581258 2
1704581266 0
1704581274 2
1704581282 1
1704581290 3
1704581298 1
1704581306 0
1704581314 1
1704581322 3
1704581330 3
1704581338 0
1704581346 2
1704581354 1
1704581362 5
1704581370 2
1704581378 2
1704581386 0
1704581394 0
1704581402 8
1704581410 4
1704581418 5
1704581426 8
1704581434 1
1704581442 9
1704581450 2
1704581458 0
1704581466 3
1704581474 3
1704581482 1
1704581490 5
1704581498 2
1704581506 2



# Sketch: 11
1704580914 17
1704580922 1
1704580930 8
1704580938 4
1704580946 5
1704580954 4
1704580962 3
1704580970 6
1704580978 10
1704580986 3
1704580994 1
1704581002 4
1704581010 7
1704581018 4
1704581026 10
1704581034 3
1704581042 5
1704581050 4
1704581058 1
1704581066 6
1704581074 3
1704581082 6
1704581090 2
1704581098 11
1704581106 8
1704581114 3
1704581122 5
1704581130 5
1704581138 5
1704581146 3
1704581154 1
1704581162 7
1704581170 3
1704581178 3
1704581186 6
1704581194 8
1704581202 2
1704581210 1
1704581218 3
1704581226 1
1704581234 9
1704581242 7
1704581250 5
1704581258 4
1704581266 5
1704581274 1
1704581282 3
1704581290 2
1704581298 6
1704581306 6
1704581314 3
1704581322 8
1704581330 1
1704581338 3
1704581346 1
1704581354 6
1704581362 4
1704581370 8
1704581378 3
1704581386 7
1704581394 2
1704581402 3
1704581410 4
1704581418 2
1704581426 10
1704581434 1
1704581442 2
1704581450 2
1704581458 3
1704581466 10
1704581474 4
1704581482 4
1704581490 11
1704581498 4
1704581506 16



# Sketch: 12
1704580914 8
1704580922 4
1704580930 4
1704580938 3
1704580946 3
1704580954 0
1704580962 2
1704580970 12
1704580978 2
1704580986 1
1704580994 2
1704581002 8
1704581010 0
1704581018 1
1704581026 4
1704581034 2
1704581042 4
1704581050 0
1704581058 1
1704581066 2
1704581074 1
1704581082 5
1704581090 2
1704581098 8
1704581106 7
1704581114 7
1704581122 4
1704581130 4
1704581138 4
1704581146 3
1704581154 1
1704581162 1
1704581170 2
1704581178 2
1704581186 1
1704581194 3
1704581202 0
1704581210 2
1704581218 4
1704581226 2
1704581234 21
1704581242 1
1704581250 1
1704581258 0
1704581266 7
1704581274 2
1704581282 9
1704581290 1
1704581298 13
1704581306 2
1704581314 0
1704581322 3
1704581330 8
1704581338 4
1704581346 2
1704581354 5
1704581362 7
1704581370 3
1704581378 1
1704581386 2
1704581394 11
1704581402 1
1704581410 9
1704581418 7
1704581426 10
1704581434 2
1704581442 1
1704581450 0
1704581458 4
1704581466 0
1704581474 0
1704581482 3
1704581490 0
1704581498 5
1704581506 2



# Sketch: 13
1704580914 1
1704580922 5
1704580930 4
1704580938 5
1704580946 0
1704580954 5
1704580962 3
1704580970 0
1704580978 2
1704580986 3
1704580994 3
1704581002 2
1704581010 1
1704581018 3
1704581026 4
1704581034 2
1704581042 3
1704581050 2
1704581058 4
1704581066 0
1704581074 0
1704581082 3
1704581090 2
1704581098 12
1704581106 3
1704581114 1
1704581122 3
1704581130 2
1704581138 20
1704581146 0
1704581154 1
1704581162 1
1704581170 2
1704581178 0
1704581186 3
1704581194 6
1704581202 2
1704581210 2
1704581218 2
1704581226 0
1704581234 4
1704581242 3
1704581250 0
1704581258 7
1704581266 1
1704581274 3
1704581282 1
1704581290 1
1704581298 0
1704581306 4
1704581314 1
1704581322 5
1704581330 1
1704581338 5
1704581346 4
1704581354 2
1704581362 5
1704581370 5
1704581378 2
1704581386 3
1704581394 2
1704581402 2
1704581410 9
1704581418 9
1704581426 2
1704581434 2
1704581442 1
1704581450 3
1704581458 6
1704581466 1
1704581474 12
1704581482 2
1704581490 2
1704581498 5
1704581506 1



# Sketch: 14
1704580914 4
1704580922 5
1704580930 7
1704580938 2
1704580946 4
1704580954 5
1704580962 0
1704580970 2
1704580978 5
1704580986 0
1704580994 9
1704581002 3
1704581010 2
1704581018 5
1704581026 9
1704581034 0
1704581042 2
1704581050 1
1704581058 0
1704581066 7
1704581074 4
1704581082 10
1704581090 11
1704581098 5
1704581106 3
1704581114 9
1704581122 2
1704581130 3
1704581138 3
1704581146 11
1704581154 2
1704581162 1
1704581170 10
1704581178 6
1704581186 3
1704581194 1
1704581202 1
1704581210 3
1704581218 4
1704581226 12
1704581234 6
1704581242 7
1704581250 6
1704581258 9
1704581266 1
1704581274 2
1704581282 7
1704581290 6
1704581298 5
1704581306 5
1704581314 1
1704581322 5
1704581330 2
1704581338 6
1704581346 1
1704581354 15
1704581362 3
1704581370 4
1704581378 6
1704581386 5
1704581394 5
1704581402 8
1704581410 6
1704581418 8
1704581426 1
1704581434 4
1704581442 6
1704581450 9
1704581458 0
1704581466 1
1704581474 8
1704581482 7
1704581490 5
1704581498 8
1704581506 2



# Sketch: 15
1704580914 3
1704580922 3
1704580930 3
1704580938 3
1704580946 1
1704580954 2
1704580962 3
1704580970 7
1704580978 2
1704580986 6
1704580994 1
1704581002 9
1704581010 2
1704581018 1
1704581026 2
1704581034 2
1704581042 11
1704581050 2
1704581058 2
1704581066 1
1704581074 0
1704581082 2
1704581090 2
1704581098 3
1704581106 7
1704581114 1
1704581122 1
1704581130 2
1704581138 11
1704581146 2
1704581154 0
1704581162 5
1704581170 7
1704581178 1
1704581186 2
1704581194 3
1704581202 3
1704581210 0
1704581218 3
1704581226 5
1704581234 2
1704581242 1
1704581250 3
1704581258 0
1704581266 2
1704581274 11
1704581282 3
1704581290 5
1704581298 4
1704581306 6
1704581314 3
1704581322 8
1704581330 6
1704581338 3
1704581346 4
1704581354 3
1704581362 3
1704581370 2
1704581378 0
1704581386 3
1704581394 1
1704581402 3
1704581410 4
1704581418 13
1704581426 2
1704581434 4
1704581442 7
1704581450 0
1704581458 4
1704581466 3
1704581474 6
1704581482 2
1704581490 1
1704581498 0
1704581506 0



# Sketch: 16
1704580914 4
1704580922 3
1704580930 0
1704580938 3
1704580946 1
1704580954 1
1704580962 3
1704580970 1
1704580978 1
1704580986 3
1704580994 3
1704581002 0
1704581010 1
1704581018 7
1704581026 2
1704581034 3
1704581042 1
1704581050 3
1704581058 2
1704581066 1
1704581074 7
1704581082 3
1704581090 3
1704581098 11
1704581106 8
1704581114 1
1704581122 2
1704581130 1
1704581138 0
1704581146 9
1704581154 1
1704581162 0
1704581170 5
1704581178 0
1704581186 6
1704581194 1
1704581202 9
1704581210 4
1704581218 4
1704581226 3
1704581234 2
1704581242 1
1704581250 0
1704581258 5
1704581266 0
1704581274 6
1704581282 2
1704581290 5
1704581298 1
1704581306 2
1704581314 3
1704581322 2
1704581330 1
1704581338 2
1704581346 19
1704581354 56
1704581362 12
1704581370 4
1704581378 1
1704581386 0
1704581394 12
1704581402 5
1704581410 3
1704581418 2
1704581426 9
1704581434 2
1704581442 0
1704581450 3
1704581458 6
1704581466 2
1704581474 1
1704581482 2
1704581490 5
1704581498 3
1704581506 0



# Sketch: 17
1704580914 7
1704580922 3
1704580930 7
1704580938 6
1704580946 3
1704580954 1
1704580962 2
1704580970 2
1704580978 0
1704580986 4
1704580994 0
1704581002 1
1704581010 4
1704581018 2
1704581026 3
1704581034 2
1704581042 1
1704581050 3
1704581058 4
1704581066 4
1704581074 2
1704581082 8
1704581090 2
1704581098 7
1704581106 3
1704581114 0
1704581122 2
1704581130 2
1704581138 0
1704581146 1
1704581154 2
1704581162 4
1704581170 1
1704581178 2
1704581186 6
1704581194 1
1704581202 9
1704581210 1
1704581218 3
1704581226 1
1704581234 3
1704581242 0
1704581250 0
1704581258 5
1704581266 1
1704581274 1
1704581282 2
1704581290 2
1704581298 3
1704581306 1
1704581314 16
1704581322 3
1704581330 1
1704581338 7
1704581346 1
1704581354 1
1704581362 2
1704581370 2
1704581378 1
1704581386 0
1704581394 2
1704581402 7
1704581410 7
1704581418 3
1704581426 0
1704581434 2
1704581442 2
1704581450 3
1704581458 6
1704581466 0
1704581474 1
1704581482 6
1704581490 5
1704581498 0
1704581506 1



# Sketch: 18
1704580914 11
1704580922 4
1704580930 9
1704580938 2
1704580946 1
1704580954 2
1704580962 0
1704580970 1
1704580978 0
1704580986 1
1704580994 2
1704581002 20
1704581010 3
1704581018 5
1704581026 10
1704581034 2
1704581042 9
1704581050 5
1704581058 1
1704581066 14
1704581074 2
1704581082 2
1704581090 6
1704581098 6
1704581106 4
1704581114 2
1704581122 0
1704581130 0
1704581138 1
1704581146 1
1704581154 3
1704581162 3
1704581170 4
1704581178 2
1704581186 3
1704581194 2
1704581202 4
1704581210 1
1704581218 4
1704581226 0
1704581234 1
1704581242 1
1704581250 9
1704581258 1
1704581266 6
1704581274 2
1704581282 2
1704581290 1
1704581298 6
1704581306 2
1704581314 1
1704581322 4
1704581330 1
1704581338 3
1704581346 1
1704581354 14
1704581362 0
1704581370 17
1704581378 3
1704581386 1
1704581394 3
1704581402 3
1704581410 7
1704581418 1
1704581426 0
1704581434 2
1704581442 3
1704581450 1
1704581458 10
1704581466 6
1704581474 4
1704581482 3
1704581490 1
1704581498 2
1704581506 1



# Sketch: 19
1704580914 2
1704580922 2
1704580930 10
1704580938 5
1704580946 4
1704580954 0
1704580962 3
1704580970 5
1704580978 0
1704580986 0
1704580994 3
1704581002 3
1704581010 6
1704581018 2
1704581026 2
1704581034 7
1704581042 4
1704581050 2
1704581058 3
1704581066 3
1704581074 2
1704581082 7
1704581090 2
1704581098 5
1704581106 2
1704581114 4
1704581122 1
1704581130 4
1704581138 3
1704581146 7
1704581154 3
1704581162 5
1704581170 5
1704581178 2
1704581186 0
1704581194 1
1704581202 0
1704581210 5
1704581218 9
1704581226 8
1704581234 1
1704581242 3
1704581250 7
1704581258 2
1704581266 0
1704581274 0
1704581282 4
1704581290 9
1704581298 5
1704581306 4
1704581314 3
1704581322 5
1704581330 10
1704581338 2
1704581346 0
1704581354 5
1704581362 2
1704581370 10
1704581378 2
1704581386 1
1704581394 0
1704581402 5
1704581410 7
1704581418 1
1704581426 3
1704581434 1
1704581442 1
1704581450 4
1704581458 4
1704581466 8
1704581474 1
1704581482 2
1704581490 8
1704581498 3
1704581506 2



# Sketch: 20
1704580914 1
1704580922 0
1704580930 3
1704580938 4
1704580946 1
1704580954 3
1704580962 5
1704580970 3
1704580978 5
1704580986 0
1704580994 0
1704581002 2
1704581010 0
1704581018 6
1704581026 4
1704581034 8
1704581042 3
1704581050 5
1704581058 3
1704581066 2
1704581074 4
1704581082 5
1704581090 1
1704581098 9
1704581106 4
1704581114 0
1704581122 2
1704581130 4
1704581138 2
1704581146 2
1704581154 2
1704581162 7
1704581170 4
1704581178 3
1704581186 4
1704581194 0
1704581202 10
1704581210 0
1704581218 4
1704581226 3
1704581234 6
1704581242 7
1704581250 6
1704581258 6
1704581266 5
1704581274 5
1704581282 1
1704581290 3
1704581298 4
1704581306 6
1704581314 1
1704581322 1
1704581330 1
1704581338 30
1704581346 22
1704581354 2
1704581362 11
1704581370 3
1704581378 2
1704581386 4
1704581394 3
1704581402 6
1704581410 4
1704581418 6
1704581426 6
1704581434 3
1704581442 4
1704581450 0
1704581458 5
1704581466 3
1704581474 2
1704581482 4
1704581490 3
1704581498 0
1704581506 9



# Sketch: 21
1704580914 3
1704580922 4
1704580930 8
1704580938 2
1704580946 6
1704580954 12
1704580962 4
1704580970 2
1704580978 0
1704580986 1
1704580994 0
1704581002 6
1704581010 3
1704581018 4
1704581026 5
1704581034 0
1704581042 7
1704581050 13
1704581058 3
1704581066 7
1704581074 1
1704581082 5
1704581090 3
1704581098 6
1704581106 3
1704581114 1
1704581122 0
1704581130 3
1704581138 4
1704581146 9
1704581154 0
1704581162 5
1704581170 5
1704581178 4
1704581186 1
1704581194 7
1704581202 0
1704581210 0
1704581218 3
1704581226 5
1704581234 1
1704581242 1
1704581250 2
1704581258 2
1704581266 5
1704581274 4
1704581282 3
1704581290 10
1704581298 7
1704581306 5
1704581314 2
1704581322 2
1704581330 2
1704581338 3
1704581346 2
1704581354 1
1704581362 2
1704581370 1
1704581378 0
1704581386 4
1704581394 5
1704581402 6
1704581410 7
1704581418 5
1704581426 5
1704581434 3
1704581442 3
1704581450 3
1704581458 1
1704581466 2
1704581474 2
1704581482 0
1704581490 13
1704581498 2
1704581506 1



# Sketch: 22
1704580914 5
1704580922 13
1704580930 1
1704580938 0
1704580946 3
1704580954 7
1704580962 13
1704580970 8
1704580978 4
1704580986 2
1704580994 3
1704581002 0
1704581010 8
1704581018 2
1704581026 22
1704581034 3
1704581042 4
1704581050 4
1704581058 3
1704581066 0
1704581074 5
1704581082 7
1704581090 0
1704581098 2
1704581106 22
1704581114 0
1704581122 3
1704581130 0
1704581138 5
1704581146 2
1704581154 2
1704581162 4
1704581170 3
1704581178 0
1704581186 0
1704581194 11
1704581202 38
1704581210 3
1704581218 1
1704581226 8
1704581234 3
1704581242 14
1704581250 5
1704581258 6
1704581266 3
1704581274 8
1704581282 3
1704581290 2
1704581298 1
1704581306 6
1704581314 1
1704581322 32
1704581330 4
1704581338 0
1704581346 3
1704581354 7
1704581362 0
1704581370 4
1704581378 3
1704581386 9
1704581394 0
1704581402 3
1704581410 2
1704581418 4
1704581426 9
1704581434 1
1704581442 5
1704581450 7
1704581458 7
1704581466 5
1704581474 15
1704581482 2
1704581490 24
1704581498 5
1704581506 3



# Sketch: 23
1704580914 4
1704580922 7
1704580930 3
1704580938 1
1704580946 3
1704580954 4
1704580962 2
1704580970 3
1704580978 3
1704580986 2
1704580994 5
1704581002 3
1704581010 2
1704581018 1
1704581026 5
1704581034 4
1704581042 6
1704581050 5
1704581058 3
1704581066 5
1704581074 4
1704581082 6
1704581090 0
1704581098 3
1704581106 1
1704581114 1
1704581122 0
1704581130 0
1704581138 3
1704581146 4
1704581154 4
1704581162 3
1704581170 7
1704581178 2
1704581186 4
1704581194 5
1704581202 4
1704581210 3
1704581218 2
1704581226 5
1704581234 2
1704581242 2
1704581250 5
1704581258 4
1704581266 1
1704581274 5
1704581282 3
1704581290 1
1704581298 0
1704581306 2
1704581314 2
1704581322 5
1704581330 2
1704581338 3
1704581346 0
1704581354 8
1704581362 13
1704581370 4
1704581378 3
1704581386 5
1704581394 2
1704581402 2
1704581410 5
1704581418 2
1704581426 7
1704581434 1
1704581442 1
1704581450 1
1704581458 0
1704581466 4
1704581474 3
1704581482 9
1704581490 2
1704581498 6
1704581506 1



# Sketch: 24
1704580914 3
1704580922 5
1704580930 11
1704580938 15
1704580946 1
1704580954 0
1704580962 3
1704580970 3
1704580978 7
1704580986 4
1704580994 6
1704581002 10
1704581010 2
1704581018 1
1704581026 8
1704581034 4
1704581042 7
1704581050 2
1704581058 4
1704581066 2
1704581074 0
1704581082 5
1704581090 6
1704581098 12
1704581106 2
1704581114 7
1704581122 7
1704581130 5
1704581138 2
1704581146 8
1704581154 2
1704581162 28
1704581170 6
1704581178 3
1704581186 3
1704581194 10
1704581202 0
1704581210 27
1704581218 10
1704581226 5
1704581234 9
1704581242 7
1704581250 5
1704581258 5
1704581266 3
1704581274 0
1704581282 2
1704581290 3
1704581298 3
1704581306 11
1704581314 2
1704581322 1
1704581330 3
1704581338 10
1704581346 3
1704581354 9
1704581362 23
1704581370 9
1704581378 10
1704581386 6
1704581394 1
1704581402 2
1704581410 4
1704581418 5
1704581426 11
1704581434 3
1704581442 5
1704581450 1
1704581458 10
1704581466 2
1704581474 12
1704581482 8
1704581490 7
1704581498 0
1704581506 0



# Sketch: 25
1704580914 8
1704580922 3
1704580930 2
1704580938 5
1704580946 0
1704580954 1
1704580962 4
1704580970 4
1704580978 2
1704580986 0
1704580994 2
1704581002 2
1704581010 2
1704581018 0
1704581026 2
1704581034 5
1704581042 4
1704581050 2
1704581058 2
1704581066 0
1704581074 6
1704581082 4
1704581090 2
1704581098 7
1704581106 3
1704581114 15
1704581122 6
1704581130 1
1704581138 0
1704581146 3
1704581154 0
1704581162 0
1704581170 2
1704581178 4
1704581186 4
1704581194 5
1704581202 0
1704581210 1
1704581218 4
1704581226 2
1704581234 0
1704581242 1
1704581250 0
1704581258 0
1704581266 1
1704581274 0
1704581282 2
1704581290 8
1704581298 5
1704581306 4
1704581314 2
1704581322 6
1704581330 6
1704581338 2
1704581346 2
1704581354 15
1704581362 6
1704581370 8
1704581378 4
1704581386 2
1704581394 3
1704581402 4
1704581410 3
1704581418 1
1704581426 8
1704581434 2
1704581442 3
1704581450 3
1704581458 2
1704581466 0
1704581474 8
1704581482 10
1704581490 4
1704581498 3
1704581506 2



# Sketch: 26
1704580914 9
1704580922 4
1704580930 0
1704580938 4
1704580946 9
1704580954 4
1704580962 1
1704580970 1
1704580978 1
1704580986 3
1704580994 1
1704581002 4
1704581010 2
1704581018 11
1704581026 3
1704581034 3
1704581042 8
1704581050 0
1704581058 3
1704581066 6
1704581074 3
1704581082 2
1704581090 2
1704581098 2
1704581106 3
1704581114 3
1704581122 3
1704581130 2
1704581138 1
1704581146 6
1704581154 0
1704581162 1
1704581170 7
1704581178 0
1704581186 13
1704581194 0
1704581202 3
1704581210 2
1704581218 7
1704581226 11
1704581234 13
1704581242 3
1704581250 0
1704581258 5
1704581266 4
1704581274 3
1704581282 2
1704581290 1
1704581298 6
1704581306 15
1704581314 4
1704581322 1
1704581330 3
1704581338 2
1704581346 7
1704581354 7
1704581362 6
1704581370 4
1704581378 13
1704581386 6
1704581394 1
1704581402 2
1704581410 1
1704581418 3
1704581426 4
1704581434 3
1704581442 4
1704581450 2
1704581458 6
1704581466 3
1704581474 4
1704581482 7
1704581490 1
1704581498 14
1704581506 1



# Sketch: 27
1704580914 6
1704580922 9
1704580930 11
1704580938 8
1704580946 3
1704580954 3
1704580962 3
1704580970 1
1704580978 7
1704580986 5
1704580994 5
1704581002 10
1704581010 1
1704581018 2
1704581026 6
1704581034 4
1704581042 8
1704581050 14
1704581058 7
1704581066 4
1704581074 6
1704581082 5
1704581090 3
1704581098 10
1704581106 1
1704581114 1
1704581122 2
1704581130 1
1704581138 4
1704581146 4
1704581154 2
1704581162 7
1704581170 9
1704581178 6
1704581186 4
1704581194 0
1704581202 0
1704581210 3
1704581218 3
1704581226 5
1704581234 8
1704581242 3
1704581250 6
1704581258 0
1704581266 1
1704581274 7
1704581282 4
1704581290 14
1704581298 10
1704581306 6
1704581314 0
1704581322 0
1704581330 3
1704581338 4
1704581346 4
1704581354 2
1704581362 15
1704581370 3
1704581378 9
1704581386 0
1704581394 1
1704581402 7
1704581410 5
1704581418 12
1704581426 6
1704581434 3
1704581442 7
1704581450 4
1704581458 12
1704581466 5
1704581474 3
1704581482 3
1704581490 0
1704581498 6
1704581506 2



# Sketch: 28
1704580914 3
1704580922 9
1704580930 17
1704580938 9
1704580946 1
1704580954 4
1704580962 2
1704580970 4
1704580978 2
1704580986 0
1704580994 1
1704581002 8
1704581010 0
1704581018 1
1704581026 1
1704581034 7
1704581042 8
1704581050 4
1704581058 1
1704581066 2
1704581074 6
1704581082 3
1704581090 4
1704581098 10
1704581106 4
1704581114 1
1704581122 3
1704581130 8
1704581138 2
1704581146 1
1704581154 0
1704581162 3
1704581170 1
1704581178 1
1704581186 3
1704581194 4
1704581202 4
1704581210 11
1704581218 7
1704581226 5
1704581234 7
1704581242 2
1704581250 1
1704581258 0
1704581266 2
1704581274 2
1704581282 2
1704581290 2
1704581298 8
1704581306 10
1704581314 8
1704581322 3
1704581330 1
1704581338 0
1704581346 10
1704581354 25
1704581362 1
1704581370 2
1704581378 4
1704581386 1
1704581394 5
1704581402 11
1704581410 2
1704581418 2
1704581426 5
1704581434 0
1704581442 2
1704581450 3
1704581458 2
1704581466 9
1704581474 0
1704581482 1
1704581490 2
1704581498 1
1704581506 0



# Sketch: 29
1704580914 3
1704580922 9
1704580930 11
1704580938 9
1704580946 3
1704580954 6
1704580962 1
1704580970 1
1704580978 0
1704580986 6
1704580994 1
1704581002 8
1704581010 2
1704581018 2
1704581026 2
1704581034 3
1704581042 11
1704581050 5
1704581058 4
1704581066 7
1704581074 1
1704581082 13
1704581090 5
1704581098 9
1704581106 4
1704581114 2
1704581122 14
1704581130 8
1704581138 4
1704581146 2
1704581154 6
1704581162 14
1704581170 4
1704581178 5
1704581186 0
1704581194 1
1704581202 4
1704581210 10
1704581218 8
1704581226 2
1704581234 0
1704581242 10
1704581250 1
1704581258 2
1704581266 1
1704581274 1
1704581282 3
1704581290 6
1704581298 12
1704581306 6
1704581314 4
1704581322 8
1704581330 0
1704581338 0
1704581346 3
1704581354 6
1704581362 7
1704581370 4
1704581378 1
1704581386 5
1704581394 5
1704581402 4
1704581410 8
1704581418 6
1704581426 19
1704581434 11
1704581442 1
1704581450 9
1704581458 6
1704581466 6
1704581474 7
1704581482 9
1704581490 1
1704581498 9
1704581506 1



# Sketch: 30
1704580914 0
1704580922 10
1704580930 4
1704580938 4
1704580946 9
1704580954 1
1704580962 12
1704580970 5
1704580978 1
1704580986 2
1704580994 3
1704581002 8
1704581010 3
1704581018 1
1704581026 9
1704581034 2
1704581042 7
1704581050 6
1704581058 1
1704581066 1
1704581074 7
1704581082 6
1704581090 0
1704581098 6
1704581106 8
1704581114 9
1704581122 2
1704581130 2
1704581138 4
1704581146 0
1704581154 0
1704581162 2
1704581170 6
1704581178 0
1704581186 1
1704581194 2
1704581202 0
1704581210 2
1704581218 8
1704581226 4
1704581234 7
1704581242 11
1704581250 0
1704581258 10
1704581266 2
1704581274 1
1704581282 1
1704581290 8
1704581298 5
1704581306 3
1704581314 6
1704581322 21
1704581330 16
1704581338 4
1704581346 2
1704581354 5
1704581362 2
1704581370 2
1704581378 1
1704581386 4
1704581394 3
1704581402 8
1704581410 6
1704581418 2
1704581426 6
1704581434 2
1704581442 7
1704581450 0
1704581458 1
1704581466 16
1704581474 2
1704581482 2
1704581490 4
1704581498 6
1704581506 7



# Sketch: 31
1704580914 2
1704580922 4
1704580930 5
1704580938 2
1704580946 2
1704580954 9
1704580962 0
1704580970 4
1704580978 1
1704580986 0
1704580994 3
1704581002 5
1704581010 3
1704581018 5
1704581026 3
1704581034 1
1704581042 3
1704581050 3
1704581058 1
1704581066 6
1704581074 7
1704581082 11
1704581090 2
1704581098 5
1704581106 2
1704581114 0
1704581122 4
1704581130 0
1704581138 0
1704581146 0
1704581154 1
1704581162 4
1704581170 10
1704581178 1
1704581186 1
1704581194 7
1704581202 1
1704581210 2
1704581218 1
1704581226 2
1704581234 1
1704581242 2
1704581250 3
1704581258 0
1704581266 1
1704581274 3
1704581282 0
1704581290 0
1704581298 6
1704581306 5
1704581314 1
1704581322 5
1704581330 2
1704581338 1
1704581346 3
1704581354 5
1704581362 12
1704581370 3
1704581378 2
1704581386 2
1704581394 3
1704581402 4
1704581410 4
1704581418 2
1704581426 5
1704581434 1
1704581442 0
1704581450 0
1704581458 0
1704581466 2
1704581474 1
1704581482 3
1704581490 9
1704581498 8
1704581506 0

