

# Sketch: 0
1704580914 39
1704580978 26
1704581042 65
1704581106 26
1704581170 28
1704581234 66
1704581298 28
1704581362 58
1704581426 25
1704581490 36



# Sketch: 1
1704580914 55
1704580978 28
1704581042 40
1704581106 20
1704581170 15
1704581234 23
1704581298 41
1704581362 40
1704581426 14
1704581490 17



# Sketch: 2
1704580914 27
1704580978 22
1704581042 22
1704581106 16
1704581170 27
1704581234 24
1704581298 71
1704581362 25
1704581426 25
1704581490 6



# Sketch: 3
1704580914 62
1704580978 29
1704581042 37
1704581106 21
1704581170 37
1704581234 24
1704581298 42
1704581362 41
1704581426 30
1704581490 6



# Sketch: 4
1704580914 37
1704580978 35
1704581042 37
1704581106 41
1704581170 38
1704581234 30
1704581298 65
1704581362 33
1704581426 46
1704581490 5



# Sketch: 5
1704580914 349
1704580978 322
1704581042 353
1704581106 288
1704581170 347
1704581234 306
1704581298 104
1704581362 40
1704581426 52
1704581490 5



# Sketch: 6
1704580914 19
1704580978 28
1704581042 29
1704581106 26
1704581170 10
1704581234 15
1704581298 40
1704581362 22
1704581426 54
1704581490 14



# Sketch: 7
1704580914 33
1704580978 42
1704581042 21
1704581106 27
1704581170 20
1704581234 25
1704581298 23
1704581362 23
1704581426 17
1704581490 9



# Sketch: 8
1704580914 22
1704580978 15
1704581042 13
1704581106 15
1704581170 8
1704581234 26
1704581298 23
1704581362 15
1704581426 28
1704581490 8



# Sketch: 9
1704580914 57
1704580978 26
1704581042 44
1704581106 25
1704581170 14
1704581234 22
1704581298 24
1704581362 67
1704581426 19
1704581490 10



# Sketch: 10
1704580914 42
1704580978 48
1704581042 32
1704581106 57
1704581170 56
1704581234 31
1704581298 43
1704581362 65
1704581426 34
1704581490 24



# Sketch: 11
1704580914 32
1704580978 32
1704581042 46
1704581106 24
1704581170 17
1704581234 17
1704581298 24
1704581362 21
1704581426 23
1704581490 6



# Sketch: 12
1704580914 34
1704580978 24
1704581042 46
1704581106 22
1704581170 31
1704581234 44
1704581298 37
1704581362 26
1704581426 26
1704581490 7



# Sketch: 13
1704580914 30
1704580978 17
1704581042 40
1704581106 16
1704581170 23
1704581234 18
1704581298 20
1704581362 27
1704581426 28
1704581490 3



# Sketch: 14
1704580914 47
1704580978 20
1704581042 44
1704581106 35
1704581170 41
1704581234 51
1704581298 42
1704581362 33
1704581426 31
1704581490 11



# Sketch: 15
1704580914 25
1704580978 41
1704581042 10
1704581106 23
1704581170 29
1704581234 27
1704581298 39
1704581362 24
1704581426 20
1704581490 4



# Sketch: 16
1704580914 32
1704580978 16
1704581042 22
1704581106 27
1704581170 39
1704581234 15
1704581298 26
1704581362 28
1704581426 11
1704581490 6



# Sketch: 17
1704580914 39
1704580978 21
1704581042 30
1704581106 27
1704581170 24
1704581234 23
1704581298 38
1704581362 21
1704581426 23
1704581490 10



# Sketch: 18
1704580914 49
1704580978 16
1704581042 49
1704581106 13
1704581170 31
1704581234 27
1704581298 24
1704581362 34
1704581426 29
1704581490 14



# Sketch: 19
1704580914 24
1704580978 26
1704581042 28
1704581106 16
1704581170 42
1704581234 20
1704581298 40
1704581362 35
1704581426 24
1704581490 9



# Sketch: 20
1704580914 51
1704580978 20
1704581042 43
1704581106 31
1704581170 41
1704581234 29
1704581298 39
1704581362 30
1704581426 35
1704581490 12



# Sketch: 21
1704580914 38
1704580978 23
1704581042 29
1704581106 29
1704581170 20
1704581234 33
1704581298 25
1704581362 35
1704581426 37
1704581490 17



# Sketch: 22
1704580914 26
1704580978 24
1704581042 23
1704581106 20
1704581170 19
1704581234 27
1704581298 22
1704581362 26
1704581426 41
1704581490 17



# Sketch: 23
1704580914 29
1704580978 47
1704581042 27
1704581106 69
1704581170 63
1704581234 62
1704581298 40
1704581362 50
1704581426 50
1704581490 17



# Sketch: 24
1704580914 37
1704580978 35
1704581042 29
1704581106 48
1704581170 35
1704581234 54
1704581298 35
1704581362 41
1704581426 39
1704581490 6



# Sketch: 25
1704580914 19
1704580978 26
1704581042 36
1704581106 5
1704581170 20
1704581234 18
1704581298 44
1704581362 42
1704581426 24
1704581490 14



# Sketch: 26
1704580914 31
1704580978 21
1704581042 21
1704581106 31
1704581170 31
1704581234 28
1704581298 83
1704581362 31
1704581426 29
1704581490 13



# Sketch: 27
1704580914 34
1704580978 22
1704581042 22
1704581106 18
1704581170 30
1704581234 21
1704581298 25
1704581362 20
1704581426 37
1704581490 6



# Sketch: 28
1704580914 27
1704580978 26
1704581042 42
1704581106 23
1704581170 22
1704581234 32
1704581298 100
1704581362 35
1704581426 32
1704581490 7



# Sketch: 29
1704580914 18
1704580978 17
1704581042 15
1704581106 38
1704581170 17
1704581234 36
1704581298 24
1704581362 31
1704581426 43
1704581490 50



# Sketch: 30
1704580914 30
1704580978 22
1704581042 15
1704581106 26
1704581170 35
1704581234 27
1704581298 28
1704581362 28
1704581426 26
1704581490 9



# Sketch: 31
1704580914 28
1704580978 40
1704581042 47
1704581106 54
1704581170 105
1704581234 35
1704581298 49
1704581362 48
1704581426 48
1704581490 13

