

# Sketch: 0
1704580914 10
1704580930 9
1704580946 5
1704580962 9
1704580978 3
1704580994 8
1704581010 7
1704581026 10
1704581042 15
1704581058 6
1704581074 13
1704581090 14
1704581106 4
1704581122 11
1704581138 8
1704581154 3
1704581170 8
1704581186 15
1704581202 8
1704581218 10
1704581234 16
1704581250 11
1704581266 13
1704581282 9
1704581298 13
1704581314 2
1704581330 2
1704581346 8
1704581362 6
1704581378 5
1704581394 4
1704581410 12
1704581426 11
1704581442 2
1704581458 13
1704581474 13
1704581490 15
1704581506 3



# Sketch: 1
1704580914 3
1704580930 8
1704580946 5
1704580962 11
1704580978 11
1704580994 8
1704581010 6
1704581026 3
1704581042 16
1704581058 7
1704581074 9
1704581090 13
1704581106 2
1704581122 4
1704581138 5
1704581154 11
1704581170 13
1704581186 1
1704581202 1
1704581218 2
1704581234 2
1704581250 4
1704581266 11
1704581282 4
1704581298 7
1704581314 3
1704581330 3
1704581346 54
1704581362 9
1704581378 10
1704581394 10
1704581410 12
1704581426 7
1704581442 3
1704581458 6
1704581474 8
1704581490 6
1704581506 2



# Sketch: 2
1704580914 28
1704580930 10
1704580946 8
1704580962 8
1704580978 4
1704580994 4
1704581010 3
1704581026 5
1704581042 13
1704581058 5
1704581074 4
1704581090 9
1704581106 8
1704581122 2
1704581138 10
1704581154 4
1704581170 14
1704581186 11
1704581202 3
1704581218 6
1704581234 32
1704581250 11
1704581266 7
1704581282 7
1704581298 11
1704581314 29
1704581330 6
1704581346 6
1704581362 4
1704581378 1
1704581394 11
1704581410 5
1704581426 3
1704581442 6
1704581458 8
1704581474 6
1704581490 8
1704581506 5



# Sketch: 3
1704580914 20
1704580930 8
1704580946 15
1704580962 2
1704580978 14
1704580994 23
1704581010 7
1704581026 8
1704581042 15
1704581058 11
1704581074 10
1704581090 12
1704581106 12
1704581122 9
1704581138 5
1704581154 17
1704581170 28
1704581186 8
1704581202 13
1704581218 24
1704581234 10
1704581250 12
1704581266 12
1704581282 11
1704581298 7
1704581314 6
1704581330 9
1704581346 37
1704581362 13
1704581378 12
1704581394 7
1704581410 13
1704581426 5
1704581442 8
1704581458 13
1704581474 7
1704581490 27
1704581506 4



# Sketch: 4
1704580914 11
1704580930 24
1704580946 2
1704580962 5
1704580978 5
1704580994 5
1704581010 5
1704581026 6
1704581042 7
1704581058 0
1704581074 6
1704581090 4
1704581106 5
1704581122 7
1704581138 5
1704581154 6
1704581170 11
1704581186 5
1704581202 14
1704581218 15
1704581234 11
1704581250 3
1704581266 5
1704581282 8
1704581298 17
1704581314 3
1704581330 4
1704581346 4
1704581362 20
1704581378 12
1704581394 3
1704581410 7
1704581426 8
1704581442 6
1704581458 7
1704581474 8
1704581490 8
1704581506 7



# Sketch: 5
1704580914 15
1704580930 6
1704580946 4
1704580962 5
1704580978 9
1704580994 5
1704581010 1
1704581026 15
1704581042 5
1704581058 15
1704581074 9
1704581090 9
1704581106 7
1704581122 7
1704581138 12
1704581154 5
1704581170 7
1704581186 7
1704581202 5
1704581218 9
1704581234 12
1704581250 0
1704581266 4
1704581282 7
1704581298 8
1704581314 12
1704581330 3
1704581346 22
1704581362 15
1704581378 5
1704581394 22
1704581410 12
1704581426 14
1704581442 12
1704581458 12
1704581474 4
1704581490 5
1704581506 0



# Sketch: 6
1704580914 9
1704580930 5
1704580946 9
1704580962 7
1704580978 6
1704580994 2
1704581010 5
1704581026 7
1704581042 8
1704581058 8
1704581074 4
1704581090 10
1704581106 3
1704581122 4
1704581138 6
1704581154 8
1704581170 7
1704581186 6
1704581202 3
1704581218 10
1704581234 7
1704581250 8
1704581266 5
1704581282 8
1704581298 7
1704581314 6
1704581330 10
1704581346 6
1704581362 8
1704581378 4
1704581394 1
1704581410 5
1704581426 9
1704581442 15
1704581458 4
1704581474 8
1704581490 11
1704581506 1



# Sketch: 7
1704580914 6
1704580930 26
1704580946 6
1704580962 16
1704580978 9
1704580994 7
1704581010 3
1704581026 3
1704581042 5
1704581058 12
1704581074 3
1704581090 4
1704581106 5
1704581122 3
1704581138 12
1704581154 2
1704581170 3
1704581186 2
1704581202 13
1704581218 5
1704581234 5
1704581250 3
1704581266 2
1704581282 4
1704581298 14
1704581314 6
1704581330 7
1704581346 9
1704581362 9
1704581378 3
1704581394 6
1704581410 10
1704581426 32
1704581442 8
1704581458 5
1704581474 2
1704581490 1
1704581506 0



# Sketch: 8
1704580914 10
1704580930 6
1704580946 3
1704580962 3
1704580978 1
1704580994 16
1704581010 7
1704581026 6
1704581042 11
1704581058 4
1704581074 9
1704581090 8
1704581106 6
1704581122 1
1704581138 8
1704581154 18
1704581170 3
1704581186 4
1704581202 5
1704581218 4
1704581234 5
1704581250 15
1704581266 3
1704581282 5
1704581298 11
1704581314 7
1704581330 1
1704581346 6
1704581362 10
1704581378 5
1704581394 11
1704581410 2
1704581426 1
1704581442 3
1704581458 3
1704581474 3
1704581490 15
1704581506 1



# Sketch: 9
1704580914 12
1704580930 9
1704580946 4
1704580962 8
1704580978 5
1704580994 0
1704581010 15
1704581026 18
1704581042 20
1704581058 9
1704581074 4
1704581090 9
1704581106 6
1704581122 10
1704581138 7
1704581154 8
1704581170 9
1704581186 11
1704581202 43
1704581218 13
1704581234 3
1704581250 9
1704581266 7
1704581282 16
1704581298 16
1704581314 26
1704581330 14
1704581346 9
1704581362 3
1704581378 4
1704581394 8
1704581410 11
1704581426 5
1704581442 10
1704581458 7
1704581474 8
1704581490 5
1704581506 1



# Sketch: 10
1704580914 15
1704580930 5
1704580946 5
1704580962 4
1704580978 2
1704580994 4
1704581010 2
1704581026 6
1704581042 2
1704581058 1
1704581074 2
1704581090 3
1704581106 3
1704581122 8
1704581138 2
1704581154 5
1704581170 6
1704581186 15
1704581202 4
1704581218 7
1704581234 3
1704581250 2
1704581266 3
1704581282 4
1704581298 12
1704581314 7
1704581330 10
1704581346 8
1704581362 11
1704581378 4
1704581394 8
1704581410 3
1704581426 5
1704581442 12
1704581458 11
1704581474 2
1704581490 0
1704581506 2



# Sketch: 11
1704580914 17
1704580930 30
1704580946 5
1704580962 6
1704580978 6
1704580994 5
1704581010 7
1704581026 10
1704581042 15
1704581058 2
1704581074 11
1704581090 17
1704581106 7
1704581122 2
1704581138 6
1704581154 3
1704581170 6
1704581186 11
1704581202 0
1704581218 6
1704581234 2
1704581250 6
1704581266 13
1704581282 14
1704581298 8
1704581314 7
1704581330 11
1704581346 3
1704581362 15
1704581378 3
1704581394 10
1704581410 7
1704581426 5
1704581442 3
1704581458 5
1704581474 2
1704581490 20
1704581506 8



# Sketch: 12
1704580914 12
1704580930 3
1704580946 6
1704580962 5
1704580978 10
1704580994 7
1704581010 3
1704581026 8
1704581042 8
1704581058 5
1704581074 9
1704581090 7
1704581106 2
1704581122 5
1704581138 6
1704581154 7
1704581170 4
1704581186 7
1704581202 4
1704581218 6
1704581234 5
1704581250 3
1704581266 7
1704581282 8
1704581298 18
1704581314 12
1704581330 3
1704581346 13
1704581362 13
1704581378 10
1704581394 3
1704581410 22
1704581426 7
1704581442 8
1704581458 17
1704581474 4
1704581490 9
1704581506 4



# Sketch: 13
1704580914 12
1704580930 6
1704580946 18
1704580962 3
1704580978 6
1704580994 6
1704581010 0
1704581026 7
1704581042 14
1704581058 8
1704581074 3
1704581090 6
1704581106 14
1704581122 5
1704581138 14
1704581154 2
1704581170 11
1704581186 7
1704581202 11
1704581218 6
1704581234 14
1704581250 13
1704581266 7
1704581282 9
1704581298 12
1704581314 11
1704581330 12
1704581346 5
1704581362 11
1704581378 2
1704581394 4
1704581410 15
1704581426 8
1704581442 6
1704581458 8
1704581474 9
1704581490 8
1704581506 1



# Sketch: 14
1704580914 10
1704580930 11
1704580946 9
1704580962 8
1704580978 2
1704580994 11
1704581010 5
1704581026 6
1704581042 17
1704581058 3
1704581074 15
1704581090 15
1704581106 9
1704581122 8
1704581138 4
1704581154 2
1704581170 2
1704581186 4
1704581202 9
1704581218 15
1704581234 7
1704581250 8
1704581266 4
1704581282 7
1704581298 6
1704581314 10
1704581330 23
1704581346 8
1704581362 12
1704581378 4
1704581394 24
1704581410 21
1704581426 5
1704581442 13
1704581458 4
1704581474 10
1704581490 9
1704581506 2



# Sketch: 15
1704580914 11
1704580930 5
1704580946 3
1704580962 2
1704580978 2
1704580994 0
1704581010 1
1704581026 8
1704581042 3
1704581058 3
1704581074 16
1704581090 8
1704581106 5
1704581122 2
1704581138 1
1704581154 3
1704581170 5
1704581186 2
1704581202 8
1704581218 18
1704581234 0
1704581250 5
1704581266 6
1704581282 11
1704581298 8
1704581314 8
1704581330 7
1704581346 5
1704581362 8
1704581378 1
1704581394 6
1704581410 6
1704581426 0
1704581442 4
1704581458 7
1704581474 1
1704581490 6
1704581506 2



# Sketch: 16
1704580914 5
1704580930 11
1704580946 7
1704580962 15
1704580978 4
1704580994 12
1704581010 2
1704581026 6
1704581042 10
1704581058 3
1704581074 3
1704581090 11
1704581106 5
1704581122 3
1704581138 11
1704581154 8
1704581170 4
1704581186 10
1704581202 4
1704581218 10
1704581234 15
1704581250 1
1704581266 5
1704581282 10
1704581298 5
1704581314 5
1704581330 5
1704581346 6
1704581362 28
1704581378 2
1704581394 9
1704581410 7
1704581426 5
1704581442 9
1704581458 5
1704581474 12
1704581490 7
1704581506 10



# Sketch: 17
1704580914 21
1704580930 2
1704580946 4
1704580962 16
1704580978 3
1704580994 8
1704581010 6
1704581026 6
1704581042 11
1704581058 6
1704581074 6
1704581090 12
1704581106 12
1704581122 7
1704581138 10
1704581154 3
1704581170 2
1704581186 8
1704581202 4
1704581218 10
1704581234 6
1704581250 10
1704581266 3
1704581282 5
1704581298 13
1704581314 8
1704581330 7
1704581346 8
1704581362 11
1704581378 3
1704581394 2
1704581410 7
1704581426 15
1704581442 2
1704581458 5
1704581474 8
1704581490 11
1704581506 3



# Sketch: 18
1704580914 8
1704580930 7
1704580946 7
1704580962 13
1704580978 0
1704580994 3
1704581010 10
1704581026 1
1704581042 2
1704581058 5
1704581074 13
1704581090 2
1704581106 2
1704581122 3
1704581138 2
1704581154 5
1704581170 2
1704581186 5
1704581202 3
1704581218 6
1704581234 8
1704581250 9
1704581266 2
1704581282 1
1704581298 8
1704581314 1
1704581330 3
1704581346 17
1704581362 5
1704581378 8
1704581394 19
1704581410 4
1704581426 2
1704581442 7
1704581458 5
1704581474 8
1704581490 22
1704581506 0



# Sketch: 19
1704580914 5
1704580930 9
1704580946 16
1704580962 4
1704580978 9
1704580994 4
1704581010 6
1704581026 4
1704581042 17
1704581058 8
1704581074 14
1704581090 6
1704581106 6
1704581122 1
1704581138 11
1704581154 5
1704581170 6
1704581186 3
1704581202 5
1704581218 7
1704581234 6
1704581250 8
1704581266 7
1704581282 6
1704581298 6
1704581314 6
1704581330 3
1704581346 4
1704581362 6
1704581378 10
1704581394 6
1704581410 16
1704581426 5
1704581442 5
1704581458 9
1704581474 5
1704581490 8
1704581506 1



# Sketch: 20
1704580914 12
1704580930 9
1704580946 10
1704580962 24
1704580978 9
1704580994 7
1704581010 2
1704581026 3
1704581042 4
1704581058 3
1704581074 19
1704581090 9
1704581106 4
1704581122 3
1704581138 5
1704581154 5
1704581170 5
1704581186 5
1704581202 6
1704581218 3
1704581234 11
1704581250 1
1704581266 7
1704581282 4
1704581298 11
1704581314 8
1704581330 8
1704581346 10
1704581362 6
1704581378 12
1704581394 16
1704581410 9
1704581426 12
1704581442 3
1704581458 19
1704581474 5
1704581490 5
1704581506 1



# Sketch: 21
1704580914 13
1704580930 15
1704580946 3
1704580962 3
1704580978 8
1704580994 8
1704581010 12
1704581026 3
1704581042 4
1704581058 7
1704581074 6
1704581090 2
1704581106 8
1704581122 4
1704581138 8
1704581154 13
1704581170 7
1704581186 7
1704581202 6
1704581218 1
1704581234 6
1704581250 4
1704581266 6
1704581282 13
1704581298 15
1704581314 4
1704581330 7
1704581346 3
1704581362 4
1704581378 2
1704581394 5
1704581410 10
1704581426 3
1704581442 2
1704581458 3
1704581474 6
1704581490 6
1704581506 8



# Sketch: 22
1704580914 10
1704580930 9
1704580946 8
1704580962 8
1704580978 2
1704580994 18
1704581010 6
1704581026 4
1704581042 10
1704581058 4
1704581074 3
1704581090 16
1704581106 7
1704581122 8
1704581138 4
1704581154 7
1704581170 11
1704581186 7
1704581202 6
1704581218 10
1704581234 10
1704581250 9
1704581266 2
1704581282 10
1704581298 13
1704581314 6
1704581330 6
1704581346 14
1704581362 13
1704581378 5
1704581394 6
1704581410 10
1704581426 8
1704581442 8
1704581458 6
1704581474 5
1704581490 7
1704581506 3



# Sketch: 23
1704580914 10
1704580930 6
1704580946 11
1704580962 6
1704580978 2
1704580994 7
1704581010 11
1704581026 3
1704581042 4
1704581058 12
1704581074 16
1704581090 2
1704581106 4
1704581122 2
1704581138 4
1704581154 5
1704581170 5
1704581186 5
1704581202 0
1704581218 8
1704581234 28
1704581250 3
1704581266 2
1704581282 10
1704581298 8
1704581314 16
1704581330 2
1704581346 4
1704581362 6
1704581378 15
1704581394 4
1704581410 10
1704581426 10
1704581442 2
1704581458 7
1704581474 3
1704581490 5
1704581506 0



# Sketch: 24
1704580914 8
1704580930 5
1704580946 6
1704580962 2
1704580978 1
1704580994 8
1704581010 4
1704581026 7
1704581042 4
1704581058 6
1704581074 12
1704581090 9
1704581106 1
1704581122 12
1704581138 10
1704581154 3
1704581170 6
1704581186 4
1704581202 3
1704581218 3
1704581234 3
1704581250 6
1704581266 9
1704581282 4
1704581298 14
1704581314 9
1704581330 2
1704581346 66
1704581362 17
1704581378 4
1704581394 3
1704581410 1
1704581426 13
1704581442 2
1704581458 1
1704581474 12
1704581490 5
1704581506 2



# Sketch: 25
1704580914 6
1704580930 11
1704580946 3
1704580962 4
1704580978 10
1704580994 2
1704581010 4
1704581026 8
1704581042 16
1704581058 6
1704581074 5
1704581090 7
1704581106 6
1704581122 8
1704581138 4
1704581154 14
1704581170 10
1704581186 10
1704581202 0
1704581218 7
1704581234 18
1704581250 2
1704581266 9
1704581282 9
1704581298 12
1704581314 4
1704581330 11
1704581346 3
1704581362 11
1704581378 7
1704581394 14
1704581410 9
1704581426 13
1704581442 6
1704581458 13
1704581474 20
1704581490 11
1704581506 2



# Sketch: 26
1704580914 12
1704580930 5
1704580946 1
1704580962 10
1704580978 2
1704580994 10
1704581010 4
1704581026 10
1704581042 6
1704581058 4
1704581074 7
1704581090 14
1704581106 8
1704581122 4
1704581138 1
1704581154 9
1704581170 2
1704581186 1
1704581202 11
1704581218 5
1704581234 1
1704581250 2
1704581266 3
1704581282 6
1704581298 3
1704581314 3
1704581330 5
1704581346 4
1704581362 5
1704581378 4
1704581394 5
1704581410 2
1704581426 3
1704581442 4
1704581458 2
1704581474 6
1704581490 11
1704581506 2



# Sketch: 27
1704580914 4
1704580930 11
1704580946 4
1704580962 5
1704580978 7
1704580994 17
1704581010 5
1704581026 11
1704581042 13
1704581058 15
1704581074 3
1704581090 5
1704581106 10
1704581122 8
1704581138 18
1704581154 6
1704581170 8
1704581186 3
1704581202 7
1704581218 7
1704581234 15
1704581250 7
1704581266 5
1704581282 5
1704581298 9
1704581314 13
1704581330 8
1704581346 23
1704581362 5
1704581378 12
1704581394 9
1704581410 10
1704581426 11
1704581442 10
1704581458 10
1704581474 9
1704581490 5
1704581506 1



# Sketch: 28
1704580914 5
1704580930 4
1704580946 10
1704580962 7
1704580978 5
1704580994 5
1704581010 6
1704581026 6
1704581042 4
1704581058 6
1704581074 7
1704581090 1
1704581106 8
1704581122 11
1704581138 1
1704581154 1
1704581170 11
1704581186 3
1704581202 3
1704581218 4
1704581234 9
1704581250 4
1704581266 1
1704581282 8
1704581298 6
1704581314 11
1704581330 11
1704581346 4
1704581362 19
1704581378 9
1704581394 8
1704581410 10
1704581426 6
1704581442 8
1704581458 9
1704581474 10
1704581490 8
1704581506 1



# Sketch: 29
1704580914 11
1704580930 18
1704580946 8
1704580962 4
1704580978 12
1704580994 8
1704581010 9
1704581026 11
1704581042 7
1704581058 3
1704581074 9
1704581090 13
1704581106 13
1704581122 14
1704581138 4
1704581154 24
1704581170 15
1704581186 7
1704581202 41
1704581218 20
1704581234 14
1704581250 13
1704581266 8
1704581282 7
1704581298 16
1704581314 3
1704581330 11
1704581346 44
1704581362 15
1704581378 9
1704581394 11
1704581410 11
1704581426 9
1704581442 8
1704581458 12
1704581474 14
1704581490 19
1704581506 3



# Sketch: 30
1704580914 13
1704580930 12
1704580946 9
1704580962 5
1704580978 2
1704580994 5
1704581010 8
1704581026 11
1704581042 7
1704581058 2
1704581074 3
1704581090 10
1704581106 8
1704581122 0
1704581138 0
1704581154 13
1704581170 7
1704581186 1
1704581202 4
1704581218 9
1704581234 4
1704581250 4
1704581266 3
1704581282 2
1704581298 7
1704581314 3
1704581330 23
1704581346 22
1704581362 10
1704581378 4
1704581394 4
1704581410 4
1704581426 38
1704581442 2
1704581458 5
1704581474 7
1704581490 12
1704581506 2



# Sketch: 31
1704580914 83
1704580930 78
1704580946 83
1704580962 87
1704580978 93
1704580994 87
1704581010 76
1704581026 105
1704581042 90
1704581058 80
1704581074 95
1704581090 90
1704581106 100
1704581122 80
1704581138 86
1704581154 86
1704581170 87
1704581186 86
1704581202 95
1704581218 101
1704581234 105
1704581250 89
1704581266 90
1704581282 55
1704581298 27
1704581314 5
1704581330 21
1704581346 7
1704581362 11
1704581378 3
1704581394 6
1704581410 14
1704581426 5
1704581442 3
1704581458 20
1704581474 31
1704581490 11
1704581506 3

