

# Sketch: 0
1704581514 21
1704581578 23
1704581642 23
1704581706 15
1704581770 48
1704581834 22
1704581898 43
1704581962 25
1704582026 50
1704582090 6



# Sketch: 1
1704581514 28
1704581578 34
1704581642 36
1704581706 17
1704581770 39
1704581834 13
1704581898 19
1704581962 34
1704582026 36
1704582090 16



# Sketch: 2
1704581514 26
1704581578 10
1704581642 21
1704581706 34
1704581770 16
1704581834 24
1704581898 21
1704581962 35
1704582026 82
1704582090 13



# Sketch: 3
1704581514 39
1704581578 28
1704581642 42
1704581706 29
1704581770 26
1704581834 23
1704581898 25
1704581962 49
1704582026 50
1704582090 29



# Sketch: 4
1704581514 42
1704581578 33
1704581642 28
1704581706 29
1704581770 28
1704581834 19
1704581898 25
1704581962 35
1704582026 44
1704582090 6



# Sketch: 5
1704581514 24
1704581578 15
1704581642 25
1704581706 24
1704581770 39
1704581834 22
1704581898 21
1704581962 33
1704582026 53
1704582090 8



# Sketch: 6
1704581514 31
1704581578 30
1704581642 21
1704581706 25
1704581770 47
1704581834 45
1704581898 22
1704581962 41
1704582026 65
1704582090 14



# Sketch: 7
1704581514 25
1704581578 34
1704581642 23
1704581706 26
1704581770 43
1704581834 15
1704581898 18
1704581962 38
1704582026 30
1704582090 10



# Sketch: 8
1704581514 19
1704581578 27
1704581642 45
1704581706 34
1704581770 19
1704581834 36
1704581898 28
1704581962 59
1704582026 50
1704582090 8



# Sketch: 9
1704581514 19
1704581578 23
1704581642 36
1704581706 33
1704581770 40
1704581834 26
1704581898 20
1704581962 26
1704582026 75
1704582090 10



# Sketch: 10
1704581514 23
1704581578 20
1704581642 38
1704581706 19
1704581770 31
1704581834 41
1704581898 18
1704581962 46
1704582026 37
1704582090 4



# Sketch: 11
1704581514 26
1704581578 27
1704581642 33
1704581706 22
1704581770 30
1704581834 26
1704581898 39
1704581962 25
1704582026 85
1704582090 9



# Sketch: 12
1704581514 24
1704581578 31
1704581642 29
1704581706 34
1704581770 34
1704581834 38
1704581898 12
1704581962 20
1704582026 31
1704582090 5



# Sketch: 13
1704581514 41
1704581578 29
1704581642 40
1704581706 12
1704581770 34
1704581834 28
1704581898 22
1704581962 43
1704582026 41
1704582090 8



# Sketch: 14
1704581514 35
1704581578 42
1704581642 66
1704581706 31
1704581770 32
1704581834 57
1704581898 23
1704581962 59
1704582026 83
1704582090 15



# Sketch: 15
1704581514 64
1704581578 30
1704581642 45
1704581706 34
1704581770 28
1704581834 34
1704581898 44
1704581962 35
1704582026 42
1704582090 28



# Sketch: 16
1704581514 26
1704581578 44
1704581642 21
1704581706 25
1704581770 34
1704581834 16
1704581898 14
1704581962 28
1704582026 28
1704582090 12



# Sketch: 17
1704581514 26
1704581578 33
1704581642 23
1704581706 19
1704581770 27
1704581834 17
1704581898 18
1704581962 47
1704582026 118
1704582090 7



# Sketch: 18
1704581514 24
1704581578 35
1704581642 26
1704581706 15
1704581770 35
1704581834 30
1704581898 24
1704581962 29
1704582026 32
1704582090 13



# Sketch: 19
1704581514 39
1704581578 32
1704581642 30
1704581706 42
1704581770 40
1704581834 34
1704581898 64
1704581962 41
1704582026 34
1704582090 5



# Sketch: 20
1704581514 20
1704581578 23
1704581642 37
1704581706 34
1704581770 36
1704581834 17
1704581898 18
1704581962 49
1704582026 30
1704582090 20



# Sketch: 21
1704581514 13
1704581578 19
1704581642 27
1704581706 32
1704581770 28
1704581834 17
1704581898 15
1704581962 30
1704582026 43
1704582090 3



# Sketch: 22
1704581514 40
1704581578 58
1704581642 33
1704581706 39
1704581770 37
1704581834 42
1704581898 44
1704581962 37
1704582026 72
1704582090 14



# Sketch: 23
1704581514 32
1704581578 31
1704581642 24
1704581706 16
1704581770 28
1704581834 25
1704581898 24
1704581962 34
1704582026 55
1704582090 7



# Sketch: 24
1704581514 22
1704581578 15
1704581642 50
1704581706 41
1704581770 49
1704581834 23
1704581898 30
1704581962 34
1704582026 81
1704582090 6



# Sketch: 25
1704581514 32
1704581578 54
1704581642 49
1704581706 60
1704581770 53
1704581834 46
1704581898 42
1704581962 55
1704582026 75
1704582090 20



# Sketch: 26
1704581514 21
1704581578 16
1704581642 24
1704581706 31
1704581770 42
1704581834 19
1704581898 26
1704581962 26
1704582026 57
1704582090 5



# Sketch: 27
1704581514 24
1704581578 14
1704581642 33
1704581706 12
1704581770 26
1704581834 19
1704581898 26
1704581962 22
1704582026 72
1704582090 5



# Sketch: 28
1704581514 18
1704581578 31
1704581642 22
1704581706 29
1704581770 25
1704581834 22
1704581898 11
1704581962 53
1704582026 41
1704582090 21



# Sketch: 29
1704581514 40
1704581578 32
1704581642 28
1704581706 22
1704581770 40
1704581834 26
1704581898 19
1704581962 42
1704582026 52
1704582090 10



# Sketch: 30
1704581514 8
1704581578 25
1704581642 17
1704581706 20
1704581770 22
1704581834 20
1704581898 9
1704581962 32
1704582026 61
1704582090 13



# Sketch: 31
1704581514 29
1704581578 16
1704581642 28
1704581706 17
1704581770 51
1704581834 28
1704581898 28
1704581962 23
1704582026 38
1704582090 13

