

# Sketch: 0
1704581514 21
1704581578 21
1704581642 33
1704581706 18
1704581770 49
1704581834 18
1704581898 27
1704581962 40
1704582026 65
1704582090 8



# Sketch: 1
1704581514 37
1704581578 35
1704581642 23
1704581706 25
1704581770 29
1704581834 31
1704581898 33
1704581962 34
1704582026 52
1704582090 14



# Sketch: 2
1704581514 22
1704581578 16
1704581642 35
1704581706 19
1704581770 32
1704581834 24
1704581898 14
1704581962 49
1704582026 31
1704582090 9



# Sketch: 3
1704581514 38
1704581578 35
1704581642 40
1704581706 35
1704581770 34
1704581834 37
1704581898 21
1704581962 40
1704582026 44
1704582090 8



# Sketch: 4
1704581514 39
1704581578 20
1704581642 36
1704581706 28
1704581770 25
1704581834 37
1704581898 21
1704581962 65
1704582026 25
1704582090 12



# Sketch: 5
1704581514 24
1704581578 30
1704581642 31
1704581706 18
1704581770 29
1704581834 40
1704581898 30
1704581962 56
1704582026 35
1704582090 10



# Sketch: 6
1704581514 31
1704581578 25
1704581642 36
1704581706 21
1704581770 21
1704581834 28
1704581898 33
1704581962 37
1704582026 42
1704582090 18



# Sketch: 7
1704581514 27
1704581578 33
1704581642 21
1704581706 21
1704581770 45
1704581834 29
1704581898 18
1704581962 25
1704582026 54
1704582090 7



# Sketch: 8
1704581514 11
1704581578 42
1704581642 11
1704581706 23
1704581770 37
1704581834 19
1704581898 20
1704581962 28
1704582026 76
1704582090 13



# Sketch: 9
1704581514 22
1704581578 34
1704581642 37
1704581706 20
1704581770 26
1704581834 26
1704581898 30
1704581962 20
1704582026 61
1704582090 13



# Sketch: 10
1704581514 34
1704581578 24
1704581642 24
1704581706 23
1704581770 38
1704581834 23
1704581898 21
1704581962 31
1704582026 58
1704582090 6



# Sketch: 11
1704581514 29
1704581578 23
1704581642 39
1704581706 30
1704581770 38
1704581834 19
1704581898 46
1704581962 43
1704582026 32
1704582090 10



# Sketch: 12
1704581514 25
1704581578 28
1704581642 30
1704581706 34
1704581770 29
1704581834 31
1704581898 23
1704581962 30
1704582026 58
1704582090 8



# Sketch: 13
1704581514 16
1704581578 28
1704581642 22
1704581706 10
1704581770 25
1704581834 21
1704581898 26
1704581962 46
1704582026 67
1704582090 9



# Sketch: 14
1704581514 21
1704581578 20
1704581642 15
1704581706 10
1704581770 30
1704581834 5
1704581898 24
1704581962 37
1704582026 75
1704582090 8



# Sketch: 15
1704581514 29
1704581578 35
1704581642 33
1704581706 53
1704581770 23
1704581834 15
1704581898 31
1704581962 48
1704582026 46
1704582090 13



# Sketch: 16
1704581514 27
1704581578 21
1704581642 27
1704581706 26
1704581770 64
1704581834 48
1704581898 21
1704581962 26
1704582026 51
1704582090 10



# Sketch: 17
1704581514 45
1704581578 30
1704581642 68
1704581706 29
1704581770 31
1704581834 18
1704581898 13
1704581962 36
1704582026 33
1704582090 6



# Sketch: 18
1704581514 39
1704581578 23
1704581642 28
1704581706 16
1704581770 31
1704581834 40
1704581898 17
1704581962 26
1704582026 70
1704582090 21



# Sketch: 19
1704581514 33
1704581578 20
1704581642 24
1704581706 23
1704581770 28
1704581834 18
1704581898 28
1704581962 34
1704582026 62
1704582090 9



# Sketch: 20
1704581514 9
1704581578 27
1704581642 71
1704581706 31
1704581770 28
1704581834 18
1704581898 13
1704581962 22
1704582026 46
1704582090 12



# Sketch: 21
1704581514 18
1704581578 44
1704581642 22
1704581706 18
1704581770 34
1704581834 36
1704581898 27
1704581962 52
1704582026 43
1704582090 5



# Sketch: 22
1704581514 15
1704581578 21
1704581642 15
1704581706 25
1704581770 33
1704581834 23
1704581898 10
1704581962 23
1704582026 68
1704582090 10



# Sketch: 23
1704581514 16
1704581578 37
1704581642 21
1704581706 30
1704581770 44
1704581834 29
1704581898 25
1704581962 32
1704582026 44
1704582090 12



# Sketch: 24
1704581514 34
1704581578 56
1704581642 60
1704581706 58
1704581770 36
1704581834 49
1704581898 33
1704581962 50
1704582026 91
1704582090 11



# Sketch: 25
1704581514 62
1704581578 29
1704581642 34
1704581706 32
1704581770 31
1704581834 34
1704581898 31
1704581962 42
1704582026 62
1704582090 16



# Sketch: 26
1704581514 23
1704581578 17
1704581642 26
1704581706 31
1704581770 26
1704581834 12
1704581898 25
1704581962 28
1704582026 50
1704582090 13



# Sketch: 27
1704581514 18
1704581578 13
1704581642 17
1704581706 20
1704581770 50
1704581834 21
1704581898 19
1704581962 43
1704582026 42
1704582090 28



# Sketch: 28
1704581514 26
1704581578 29
1704581642 30
1704581706 45
1704581770 44
1704581834 19
1704581898 27
1704581962 32
1704582026 102
1704582090 10



# Sketch: 29
1704581514 56
1704581578 20
1704581642 42
1704581706 44
1704581770 29
1704581834 36
1704581898 38
1704581962 42
1704582026 62
1704582090 12



# Sketch: 30
1704581514 27
1704581578 31
1704581642 37
1704581706 17
1704581770 51
1704581834 20
1704581898 27
1704581962 37
1704582026 31
1704582090 6



# Sketch: 31
1704581514 27
1704581578 47
1704581642 35
1704581706 39
1704581770 37
1704581834 46
1704581898 40
1704581962 31
1704582026 65
1704582090 16

