

# Sketch: 0
1704581514 21
1704581578 30
1704581642 22
1704581706 14
1704581770 49
1704581834 52
1704581898 27
1704581962 24
1704582026 44
1704582090 13



# Sketch: 1
1704581514 32
1704581578 28
1704581642 34
1704581706 28
1704581770 43
1704581834 31
1704581898 37
1704581962 52
1704582026 75
1704582090 18



# Sketch: 2
1704581514 13
1704581578 25
1704581642 29
1704581706 17
1704581770 33
1704581834 43
1704581898 23
1704581962 39
1704582026 58
1704582090 7



# Sketch: 3
1704581514 44
1704581578 50
1704581642 34
1704581706 27
1704581770 43
1704581834 22
1704581898 20
1704581962 45
1704582026 60
1704582090 7



# Sketch: 4
1704581514 36
1704581578 50
1704581642 83
1704581706 46
1704581770 50
1704581834 50
1704581898 38
1704581962 60
1704582026 113
1704582090 12



# Sketch: 5
1704581514 15
1704581578 31
1704581642 13
1704581706 27
1704581770 69
1704581834 23
1704581898 15
1704581962 22
1704582026 49
1704582090 12



# Sketch: 6
1704581514 20
1704581578 28
1704581642 36
1704581706 23
1704581770 29
1704581834 19
1704581898 16
1704581962 36
1704582026 46
1704582090 6



# Sketch: 7
1704581514 31
1704581578 27
1704581642 28
1704581706 29
1704581770 29
1704581834 34
1704581898 45
1704581962 35
1704582026 53
1704582090 5



# Sketch: 8
1704581514 37
1704581578 25
1704581642 76
1704581706 23
1704581770 22
1704581834 28
1704581898 22
1704581962 45
1704582026 36
1704582090 7



# Sketch: 9
1704581514 17
1704581578 17
1704581642 13
1704581706 31
1704581770 33
1704581834 21
1704581898 33
1704581962 40
1704582026 84
1704582090 7



# Sketch: 10
1704581514 26
1704581578 20
1704581642 38
1704581706 20
1704581770 36
1704581834 29
1704581898 24
1704581962 27
1704582026 56
1704582090 10



# Sketch: 11
1704581514 24
1704581578 29
1704581642 28
1704581706 9
1704581770 35
1704581834 15
1704581898 31
1704581962 28
1704582026 40
1704582090 13



# Sketch: 12
1704581514 30
1704581578 33
1704581642 17
1704581706 11
1704581770 31
1704581834 24
1704581898 13
1704581962 26
1704582026 60
1704582090 18



# Sketch: 13
1704581514 17
1704581578 24
1704581642 26
1704581706 17
1704581770 28
1704581834 9
1704581898 12
1704581962 29
1704582026 41
1704582090 15



# Sketch: 14
1704581514 35
1704581578 38
1704581642 40
1704581706 29
1704581770 34
1704581834 23
1704581898 20
1704581962 39
1704582026 18
1704582090 8



# Sketch: 15
1704581514 30
1704581578 18
1704581642 30
1704581706 52
1704581770 27
1704581834 21
1704581898 26
1704581962 32
1704582026 29
1704582090 4



# Sketch: 16
1704581514 34
1704581578 32
1704581642 39
1704581706 30
1704581770 44
1704581834 29
1704581898 51
1704581962 38
1704582026 82
1704582090 16



# Sketch: 17
1704581514 23
1704581578 23
1704581642 17
1704581706 21
1704581770 20
1704581834 12
1704581898 20
1704581962 39
1704582026 74
1704582090 6



# Sketch: 18
1704581514 14
1704581578 36
1704581642 20
1704581706 20
1704581770 18
1704581834 23
1704581898 19
1704581962 46
1704582026 51
1704582090 12



# Sketch: 19
1704581514 18
1704581578 23
1704581642 15
1704581706 27
1704581770 25
1704581834 25
1704581898 19
1704581962 23
1704582026 69
1704582090 11



# Sketch: 20
1704581514 21
1704581578 47
1704581642 36
1704581706 35
1704581770 36
1704581834 41
1704581898 28
1704581962 45
1704582026 58
1704582090 14



# Sketch: 21
1704581514 30
1704581578 23
1704581642 53
1704581706 21
1704581770 31
1704581834 29
1704581898 17
1704581962 24
1704582026 37
1704582090 10



# Sketch: 22
1704581514 23
1704581578 14
1704581642 8
1704581706 19
1704581770 21
1704581834 16
1704581898 25
1704581962 30
1704582026 26
1704582090 15



# Sketch: 23
1704581514 35
1704581578 12
1704581642 29
1704581706 35
1704581770 38
1704581834 34
1704581898 17
1704581962 51
1704582026 57
1704582090 14



# Sketch: 24
1704581514 20
1704581578 37
1704581642 38
1704581706 24
1704581770 19
1704581834 13
1704581898 27
1704581962 23
1704582026 64
1704582090 16



# Sketch: 25
1704581514 33
1704581578 36
1704581642 35
1704581706 35
1704581770 51
1704581834 34
1704581898 32
1704581962 29
1704582026 87
1704582090 16



# Sketch: 26
1704581514 36
1704581578 25
1704581642 25
1704581706 21
1704581770 27
1704581834 20
1704581898 35
1704581962 39
1704582026 32
1704582090 9



# Sketch: 27
1704581514 25
1704581578 30
1704581642 27
1704581706 42
1704581770 33
1704581834 24
1704581898 17
1704581962 57
1704582026 55
1704582090 21



# Sketch: 28
1704581514 19
1704581578 18
1704581642 23
1704581706 22
1704581770 29
1704581834 21
1704581898 26
1704581962 27
1704582026 35
1704582090 9



# Sketch: 29
1704581514 64
1704581578 28
1704581642 46
1704581706 31
1704581770 31
1704581834 35
1704581898 29
1704581962 43
1704582026 51
1704582090 13



# Sketch: 30
1704581514 37
1704581578 22
1704581642 36
1704581706 43
1704581770 24
1704581834 36
1704581898 21
1704581962 35
1704582026 31
1704582090 10



# Sketch: 31
1704581514 41
1704581578 35
1704581642 29
1704581706 43
1704581770 69
1704581834 34
1704581898 27
1704581962 57
1704582026 72
1704582090 9

