

# Sketch: 0
1704581514 5
1704581546 8
1704581578 17
1704581610 14
1704581642 15
1704581674 18
1704581706 14
1704581738 10
1704581770 13
1704581802 10
1704581834 12
1704581866 14
1704581898 13
1704581930 5
1704581962 6
1704581994 19
1704582026 19
1704582058 24
1704582090 8



# Sketch: 1
1704581514 16
1704581546 17
1704581578 33
1704581610 9
1704581642 7
1704581674 17
1704581706 23
1704581738 14
1704581770 12
1704581802 20
1704581834 23
1704581866 13
1704581898 11
1704581930 21
1704581962 21
1704581994 27
1704582026 21
1704582058 31
1704582090 9



# Sketch: 2
1704581514 24
1704581546 6
1704581578 9
1704581610 22
1704581642 15
1704581674 9
1704581706 6
1704581738 19
1704581770 11
1704581802 15
1704581834 9
1704581866 11
1704581898 14
1704581930 15
1704581962 7
1704581994 24
1704582026 40
1704582058 9
1704582090 12



# Sketch: 3
1704581514 13
1704581546 10
1704581578 14
1704581610 6
1704581642 22
1704581674 10
1704581706 6
1704581738 19
1704581770 9
1704581802 8
1704581834 15
1704581866 14
1704581898 6
1704581930 15
1704581962 9
1704581994 21
1704582026 16
1704582058 17
1704582090 15



# Sketch: 4
1704581514 17
1704581546 15
1704581578 16
1704581610 8
1704581642 10
1704581674 19
1704581706 13
1704581738 23
1704581770 26
1704581802 12
1704581834 12
1704581866 8
1704581898 12
1704581930 13
1704581962 8
1704581994 27
1704582026 39
1704582058 15
1704582090 11



# Sketch: 5
1704581514 15
1704581546 15
1704581578 25
1704581610 11
1704581642 6
1704581674 34
1704581706 22
1704581738 11
1704581770 17
1704581802 25
1704581834 24
1704581866 14
1704581898 4
1704581930 20
1704581962 31
1704581994 22
1704582026 34
1704582058 37
1704582090 10



# Sketch: 6
1704581514 12
1704581546 13
1704581578 8
1704581610 6
1704581642 13
1704581674 16
1704581706 23
1704581738 10
1704581770 8
1704581802 10
1704581834 11
1704581866 12
1704581898 8
1704581930 22
1704581962 7
1704581994 24
1704582026 21
1704582058 17
1704582090 11



# Sketch: 7
1704581514 10
1704581546 18
1704581578 6
1704581610 10
1704581642 27
1704581674 14
1704581706 19
1704581738 7
1704581770 18
1704581802 14
1704581834 12
1704581866 18
1704581898 22
1704581930 6
1704581962 11
1704581994 19
1704582026 62
1704582058 18
1704582090 16



# Sketch: 8
1704581514 20
1704581546 18
1704581578 3
1704581610 7
1704581642 11
1704581674 13
1704581706 12
1704581738 11
1704581770 26
1704581802 22
1704581834 15
1704581866 10
1704581898 5
1704581930 8
1704581962 13
1704581994 20
1704582026 24
1704582058 23
1704582090 5



# Sketch: 9
1704581514 21
1704581546 5
1704581578 8
1704581610 12
1704581642 15
1704581674 14
1704581706 13
1704581738 44
1704581770 29
1704581802 2
1704581834 10
1704581866 12
1704581898 11
1704581930 8
1704581962 7
1704581994 22
1704582026 14
1704582058 19
1704582090 14



# Sketch: 10
1704581514 10
1704581546 22
1704581578 5
1704581610 28
1704581642 16
1704581674 18
1704581706 17
1704581738 14
1704581770 8
1704581802 12
1704581834 5
1704581866 5
1704581898 7
1704581930 19
1704581962 19
1704581994 18
1704582026 47
1704582058 15
1704582090 7



# Sketch: 11
1704581514 13
1704581546 23
1704581578 11
1704581610 8
1704581642 16
1704581674 6
1704581706 33
1704581738 11
1704581770 13
1704581802 23
1704581834 27
1704581866 8
1704581898 10
1704581930 22
1704581962 6
1704581994 21
1704582026 13
1704582058 13
1704582090 24



# Sketch: 12
1704581514 22
1704581546 70
1704581578 21
1704581610 20
1704581642 24
1704581674 18
1704581706 28
1704581738 12
1704581770 21
1704581802 28
1704581834 18
1704581866 14
1704581898 20
1704581930 16
1704581962 22
1704581994 22
1704582026 17
1704582058 16
1704582090 21



# Sketch: 13
1704581514 18
1704581546 8
1704581578 31
1704581610 10
1704581642 14
1704581674 23
1704581706 14
1704581738 7
1704581770 8
1704581802 31
1704581834 12
1704581866 8
1704581898 13
1704581930 17
1704581962 23
1704581994 18
1704582026 21
1704582058 25
1704582090 2



# Sketch: 14
1704581514 24
1704581546 17
1704581578 21
1704581610 22
1704581642 26
1704581674 13
1704581706 16
1704581738 24
1704581770 15
1704581802 22
1704581834 9
1704581866 16
1704581898 12
1704581930 7
1704581962 3
1704581994 49
1704582026 49
1704582058 9
1704582090 8



# Sketch: 15
1704581514 6
1704581546 8
1704581578 6
1704581610 14
1704581642 29
1704581674 20
1704581706 9
1704581738 10
1704581770 35
1704581802 25
1704581834 13
1704581866 7
1704581898 7
1704581930 2
1704581962 10
1704581994 14
1704582026 64
1704582058 11
1704582090 13



# Sketch: 16
1704581514 22
1704581546 7
1704581578 15
1704581610 16
1704581642 29
1704581674 20
1704581706 10
1704581738 5
1704581770 28
1704581802 15
1704581834 20
1704581866 8
1704581898 14
1704581930 10
1704581962 3
1704581994 38
1704582026 23
1704582058 13
1704582090 11



# Sketch: 17
1704581514 21
1704581546 13
1704581578 18
1704581610 10
1704581642 22
1704581674 15
1704581706 10
1704581738 13
1704581770 24
1704581802 7
1704581834 20
1704581866 16
1704581898 16
1704581930 6
1704581962 9
1704581994 30
1704582026 56
1704582058 21
1704582090 20



# Sketch: 18
1704581514 3
1704581546 9
1704581578 7
1704581610 16
1704581642 16
1704581674 8
1704581706 11
1704581738 12
1704581770 12
1704581802 11
1704581834 10
1704581866 20
1704581898 4
1704581930 19
1704581962 19
1704581994 20
1704582026 21
1704582058 19
1704582090 12



# Sketch: 19
1704581514 24
1704581546 14
1704581578 8
1704581610 15
1704581642 31
1704581674 34
1704581706 15
1704581738 10
1704581770 20
1704581802 15
1704581834 5
1704581866 15
1704581898 3
1704581930 24
1704581962 20
1704581994 45
1704582026 24
1704582058 10
1704582090 14



# Sketch: 20
1704581514 9
1704581546 7
1704581578 25
1704581610 18
1704581642 13
1704581674 24
1704581706 24
1704581738 11
1704581770 19
1704581802 22
1704581834 28
1704581866 13
1704581898 10
1704581930 34
1704581962 13
1704581994 25
1704582026 99
1704582058 33
1704582090 20



# Sketch: 21
1704581514 19
1704581546 24
1704581578 17
1704581610 23
1704581642 11
1704581674 7
1704581706 22
1704581738 9
1704581770 11
1704581802 5
1704581834 14
1704581866 13
1704581898 6
1704581930 9
1704581962 7
1704581994 28
1704582026 32
1704582058 29
1704582090 20



# Sketch: 22
1704581514 10
1704581546 10
1704581578 25
1704581610 15
1704581642 5
1704581674 6
1704581706 5
1704581738 13
1704581770 4
1704581802 39
1704581834 24
1704581866 6
1704581898 8
1704581930 10
1704581962 6
1704581994 21
1704582026 17
1704582058 14
1704582090 5



# Sketch: 23
1704581514 11
1704581546 12
1704581578 7
1704581610 9
1704581642 8
1704581674 38
1704581706 13
1704581738 23
1704581770 17
1704581802 14
1704581834 24
1704581866 6
1704581898 6
1704581930 17
1704581962 8
1704581994 23
1704582026 79
1704582058 22
1704582090 13



# Sketch: 24
1704581514 13
1704581546 11
1704581578 10
1704581610 4
1704581642 6
1704581674 11
1704581706 10
1704581738 3
1704581770 6
1704581802 12
1704581834 12
1704581866 14
1704581898 23
1704581930 15
1704581962 31
1704581994 20
1704582026 39
1704582058 17
1704582090 5



# Sketch: 25
1704581514 10
1704581546 12
1704581578 20
1704581610 8
1704581642 23
1704581674 15
1704581706 20
1704581738 5
1704581770 49
1704581802 7
1704581834 12
1704581866 13
1704581898 8
1704581930 19
1704581962 28
1704581994 26
1704582026 28
1704582058 12
1704582090 6



# Sketch: 26
1704581514 12
1704581546 4
1704581578 16
1704581610 12
1704581642 7
1704581674 18
1704581706 10
1704581738 6
1704581770 16
1704581802 12
1704581834 16
1704581866 12
1704581898 10
1704581930 11
1704581962 7
1704581994 14
1704582026 33
1704582058 26
1704582090 9



# Sketch: 27
1704581514 10
1704581546 4
1704581578 26
1704581610 19
1704581642 17
1704581674 5
1704581706 5
1704581738 8
1704581770 25
1704581802 15
1704581834 10
1704581866 10
1704581898 10
1704581930 7
1704581962 9
1704581994 19
1704582026 54
1704582058 24
1704582090 7



# Sketch: 28
1704581514 14
1704581546 8
1704581578 8
1704581610 16
1704581642 19
1704581674 5
1704581706 22
1704581738 23
1704581770 18
1704581802 32
1704581834 19
1704581866 21
1704581898 8
1704581930 15
1704581962 16
1704581994 27
1704582026 22
1704582058 18
1704582090 9



# Sketch: 29
1704581514 5
1704581546 21
1704581578 20
1704581610 12
1704581642 11
1704581674 5
1704581706 5
1704581738 7
1704581770 30
1704581802 22
1704581834 12
1704581866 8
1704581898 24
1704581930 20
1704581962 14
1704581994 29
1704582026 62
1704582058 17
1704582090 13



# Sketch: 30
1704581514 9
1704581546 11
1704581578 13
1704581610 11
1704581642 8
1704581674 7
1704581706 4
1704581738 8
1704581770 14
1704581802 10
1704581834 11
1704581866 15
1704581898 6
1704581930 13
1704581962 11
1704581994 16
1704582026 19
1704582058 22
1704582090 7



# Sketch: 31
1704581514 14
1704581546 9
1704581578 17
1704581610 17
1704581642 36
1704581674 15
1704581706 8
1704581738 8
1704581770 13
1704581802 15
1704581834 15
1704581866 17
1704581898 18
1704581930 18
1704581962 16
1704581994 17
1704582026 21
1704582058 17
1704582090 6

