

# Sketch: 0
0 0.737718
1 0.480731
2 0.395947
3 0.409122
4 0.49357
5 0.688272
6 0.507072
7 0.72802



# Sketch: 1
0 1.10506
1 0.894881
2 0.948326
3 1.41437
4 0.783764
5 0.76474
6 0.487257
7 0.638516



# Sketch: 2
0 0.407714
1 0.357963
2 0.286017
3 0.346733
4 0.385581
5 0.460898
6 0.582069
7 0.642112



# Sketch: 3
0 0.779659
1 0.615231
2 0.42675
3 0.488048
4 0.714161
5 0.932105
6 1.90678
7 0.815216



# Sketch: 4
0 0.327417
1 0.12032
2 0.150412
3 0.219931
4 0.242409
5 0.256248
6 0.372112
7 3.06341



# Sketch: 5
0 1.78625
1 1.43663
2 1.10116
3 1.06897
4 0.58634
5 0.168763
6 0.116776
7 1.8347



# Sketch: 6
0 0.699824
1 0.448251
2 0.356714
3 0.386683
4 0.611734
5 0.500187
6 0.585188
7 0.682434



# Sketch: 7
0 0.168511
1 0.10524
2 0.149075
3 0.29553
4 0.275396
5 0.409815
6 0.384034
7 0.38525



# Sketch: 8
0 0.531643
1 0.373137
2 0.371748
3 0.33912
4 0.375903
5 0.358283
6 0.501688
7 0.658383



# Sketch: 9
0 0.36228
1 0.332603
2 0.435025
3 0.523293
4 0.461122
5 0.506936
6 0.412771
7 0.416618



# Sketch: 10
0 1.11257
1 0.650368
2 0.575015
3 0.446757
4 0.400113
5 0.465022
6 0.419684
7 0.448842



# Sketch: 11
0 0.368125
1 0.180125
2 0.154478
3 0.195293
4 0.277287
5 0.261777
6 1.942
7 0.618677



# Sketch: 12
0 2.31701
1 1.72791
2 1.06233
3 1.19841
4 0.491477
5 0.0957107
6 0.0676324
7 0.961531



# Sketch: 13
0 1.5422
1 1.03318
2 0.590134
3 0.428986
4 0.327723
5 0.275075
6 0.351699
7 0.618282



# Sketch: 14
0 0.563253
1 0.302388
2 0.211974
3 0.185917
4 0.171633
5 0.311015
6 0.182764
7 0.613352



# Sketch: 15
0 0.935952
1 1.04118
2 0.715111
3 0.583331
4 0.777886
5 0.832539
6 1.0764
7 1.21861



# Sketch: 16
0 0.282661
1 0.1516
2 0.131344
3 0.309929
4 0.224518
5 0.335031
6 0.34938
7 0.614147



# Sketch: 17
0 1.07907
1 0.876214
2 0.466891
3 0.289527
4 0.0915486
5 0.27106
6 0.228269
7 0.47143



# Sketch: 18
0 0.681364
1 0.522941
2 0.448197
3 0.409868
4 0.423092
5 0.495504
6 0.483219
7 0.704389



# Sketch: 19
0 0.428054
1 0.287172
2 0.0942702
3 0.296021
4 0.250108
5 0.231095
6 0.282953
7 0.396913



# Sketch: 20
0 1.38897
1 0.968001
2 0.995063
3 1.37726
4 1.22786
5 1.55916
6 2.00524
7 2.02806



# Sketch: 21
0 0.350313
1 0.101982
2 0.235188
3 0.169944
4 0.268713
5 0.286059
6 0.35932
7 0.413263



# Sketch: 22
0 0.859618
1 0.709372
2 0.667879
3 0.725494
4 0.646237
5 0.649472
6 0.589617
7 0.479713



# Sketch: 23
0 0.787034
1 0.841795
2 1.10323
3 1.04935
4 1.00174
5 1.21022
6 1.22807
7 1.45671



# Sketch: 24
0 0.570684
1 0.435613
2 0.453071
3 0.489787
4 0.534752
5 0.579065
6 0.535935
7 1.11965



# Sketch: 25
0 0.451736
1 0.188725
2 0.173536
3 0.31269
4 0.351995
5 0.366093
6 0.308391
7 0.432582



# Sketch: 26
0 0.698258
1 0.487897
2 0.429512
3 0.408017
4 0.439743
5 0.452777
6 0.559882
7 0.654101



# Sketch: 27
0 0.370469
1 0.403106
2 0.485009
3 0.568421
4 0.451263
5 0.508777
6 0.916647
7 0.439185



# Sketch: 28
0 1.12891
1 0.445721
2 0.434366
3 0.328925
4 0.19766
5 0.581497
6 0.297381
7 0.396164



# Sketch: 29
0 0.707116
1 0.467622
2 0.376749
3 0.390045
4 0.368161
5 0.481088
6 0.646605
7 0.998197



# Sketch: 30
0 1.16421
1 0.637739
2 0.538785
3 0.508596
4 0.477945
5 0.716902
6 0.629466
7 0.755071



# Sketch: 31
0 0.509063
1 0.214996
2 0.238861
3 0.548203
4 0.953295
5 0.69821
6 0.36172
7 0.636328

