

# Sketch: 0
0 0.266641
1 0.220507
2 0.246915
3 0.236789
4 0.252849
5 0.388261
6 0.3745
7 0.374459



# Sketch: 1
0 0.356261
1 0.388045
2 0.352339
3 0.32553
4 0.503234
5 0.480831
6 0.416172
7 0.472529



# Sketch: 2
0 0.783586
1 0.826651
2 0.680169
3 0.619852
4 0.684384
5 0.681042
6 0.596021
7 0.603101



# Sketch: 3
0 0.282104
1 0.136752
2 0.189642
3 0.274089
4 0.239529
5 0.39458
6 0.416054
7 0.343887



# Sketch: 4
0 0.786108
1 0.614991
2 0.5539
3 0.158234
4 0.254464
5 0.303566
6 0.241312
7 0.924808



# Sketch: 5
0 0.538205
1 0.580604
2 0.718617
3 0.64924
4 0.88745
5 1.69353
6 2.7324
7 1.98959



# Sketch: 6
0 0.642518
1 0.64604
2 0.663458
3 0.756331
4 0.835207
5 0.680167
6 0.587321
7 0.58937



# Sketch: 7
0 0.700032
1 0.697479
2 0.579852
3 0.689256
4 0.509826
5 0.583743
6 0.56677
7 0.483031



# Sketch: 8
0 1.17884
1 1.07303
2 0.931253
3 0.855507
4 0.508936
5 0.661605
6 0.682794
7 0.638532



# Sketch: 9
0 0.198831
1 0.170767
2 0.154458
3 0.0679761
4 0.115107
5 0.199437
6 0.25659
7 0.252179



# Sketch: 10
0 1.10377
1 1.15765
2 1.23887
3 1.19273
4 0.768579
5 0.457996
6 0.381646
7 0.309352



# Sketch: 11
0 0.124121
1 0.25553
2 0.205373
3 0.295404
4 0.226488
5 0.276648
6 0.636098
7 2.47916



# Sketch: 12
0 0.190535
1 0.36016
2 0.285941
3 0.598549
4 0.301929
5 0.330621
6 0.379446
7 0.347554



# Sketch: 13
0 0.559321
1 0.662777
2 0.603786
3 1.00839
4 1.51945
5 0.593986
6 0.496123
7 0.578681



# Sketch: 14
0 0.221209
1 0.240128
2 0.278506
3 0.257548
4 0.285625
5 0.550035
6 0.462134
7 0.412367



# Sketch: 15
0 3.11356
1 2.65332
2 2.41632
3 3.12028
4 2.79838
5 2.8607
6 2.02757
7 1.82277



# Sketch: 16
0 0.941611
1 0.654435
2 0.658468
3 0.686836
4 0.560622
5 0.534825
6 0.43614
7 0.51875



# Sketch: 17
0 0.387775
1 0.403222
2 0.39477
3 0.743243
4 0.848887
5 0.883479
6 2.24708
7 1.00049



# Sketch: 18
0 0.582568
1 0.669264
2 0.594618
3 0.399002
4 0.264056
5 0.339399
6 0.421607
7 0.374786



# Sketch: 19
0 0.88136
1 0.665377
2 0.649671
3 0.707078
4 0.743099
5 0.596779
6 0.870405
7 0.439994



# Sketch: 20
0 0.652682
1 0.296179
2 0.418316
3 0.327298
4 0.447421
5 0.287981
6 0.350071
7 0.372638



# Sketch: 21
0 0.524471
1 0.54219
2 0.499154
3 0.541181
4 0.583574
5 0.532073
6 0.465827
7 0.487774



# Sketch: 22
0 0.537872
1 0.55214
2 0.570356
3 0.754543
4 0.615979
5 1.34733
6 0.649288
7 0.578838



# Sketch: 23
0 0.640434
1 0.706617
2 0.801858
3 0.71058
4 0.347855
5 0.570799
6 0.337672
7 0.314526



# Sketch: 24
0 0.827664
1 0.873407
2 0.597362
3 0.829748
4 0.693225
5 0.706264
6 0.460157
7 0.266731



# Sketch: 25
0 0.277103
1 0.270041
2 0.283321
3 0.260501
4 0.411346
5 0.392401
6 0.408637
7 0.388363



# Sketch: 26
0 0.405384
1 0.618233
2 0.506659
3 0.700521
4 0.511442
5 0.606636
6 0.440991
7 0.333531



# Sketch: 27
0 0.476737
1 0.411597
2 0.392234
3 0.380827
4 0.512467
5 0.531474
6 0.518015
7 0.511738



# Sketch: 28
0 0.934069
1 0.563559
2 0.278715
3 0.132683
4 0.121086
5 0.0762102
6 0.385253
7 0.273416



# Sketch: 29
0 0.787601
1 0.664993
2 0.678689
3 0.494739
4 0.422349
5 0.544619
6 0.589124
7 0.643275



# Sketch: 30
0 0.164179
1 0.523164
2 0.948631
3 0.765476
4 1.01556
5 0.934118
6 0.689726
7 1.77039



# Sketch: 31
0 1.91599
1 1.81143
2 1.76636
3 1.65343
4 1.51345
5 2.52552
6 2.4434
7 2.33254

