

# Sketch: 0
1704582714 43
1704582778 28
1704582842 34
1704582906 50
1704582970 32
1704583034 31
1704583098 21
1704583162 31
1704583226 29
1704583290 9



# Sketch: 1
1704582714 40
1704582778 36
1704582842 42
1704582906 18
1704582970 35
1704583034 69
1704583098 26
1704583162 24
1704583226 35
1704583290 7



# Sketch: 2
1704582714 29
1704582778 33
1704582842 35
1704582906 58
1704582970 50
1704583034 47
1704583098 48
1704583162 36
1704583226 34
1704583290 3



# Sketch: 3
1704582714 45
1704582778 7
1704582842 20
1704582906 27
1704582970 20
1704583034 23
1704583098 19
1704583162 21
1704583226 26
1704583290 7



# Sketch: 4
1704582714 35
1704582778 18
1704582842 35
1704582906 21
1704582970 18
1704583034 27
1704583098 28
1704583162 49
1704583226 39
1704583290 21



# Sketch: 5
1704582714 22
1704582778 21
1704582842 41
1704582906 29
1704582970 17
1704583034 36
1704583098 27
1704583162 35
1704583226 40
1704583290 11



# Sketch: 6
1704582714 35
1704582778 20
1704582842 49
1704582906 28
1704582970 28
1704583034 44
1704583098 25
1704583162 33
1704583226 30
1704583290 5



# Sketch: 7
1704582714 14
1704582778 15
1704582842 15
1704582906 16
1704582970 18
1704583034 31
1704583098 60
1704583162 13
1704583226 23
1704583290 11



# Sketch: 8
1704582714 24
1704582778 12
1704582842 37
1704582906 33
1704582970 14
1704583034 75
1704583098 24
1704583162 16
1704583226 37
1704583290 8



# Sketch: 9
1704582714 18
1704582778 35
1704582842 35
1704582906 24
1704582970 27
1704583034 20
1704583098 24
1704583162 21
1704583226 28
1704583290 13



# Sketch: 10
1704582714 28
1704582778 21
1704582842 37
1704582906 27
1704582970 25
1704583034 30
1704583098 45
1704583162 25
1704583226 28
1704583290 12



# Sketch: 11
1704582714 28
1704582778 17
1704582842 34
1704582906 17
1704582970 17
1704583034 38
1704583098 23
1704583162 40
1704583226 32
1704583290 14



# Sketch: 12
1704582714 16
1704582778 52
1704582842 42
1704582906 65
1704582970 54
1704583034 35
1704583098 29
1704583162 45
1704583226 52
1704583290 14



# Sketch: 13
1704582714 32
1704582778 48
1704582842 37
1704582906 60
1704582970 51
1704583034 35
1704583098 28
1704583162 37
1704583226 50
1704583290 9



# Sketch: 14
1704582714 19
1704582778 29
1704582842 27
1704582906 25
1704582970 24
1704583034 24
1704583098 33
1704583162 30
1704583226 25
1704583290 12



# Sketch: 15
1704582714 24
1704582778 18
1704582842 28
1704582906 25
1704582970 16
1704583034 25
1704583098 12
1704583162 24
1704583226 14
1704583290 8



# Sketch: 16
1704582714 56
1704582778 40
1704582842 24
1704582906 17
1704582970 13
1704583034 39
1704583098 41
1704583162 28
1704583226 52
1704583290 21



# Sketch: 17
1704582714 25
1704582778 30
1704582842 29
1704582906 21
1704582970 16
1704583034 29
1704583098 26
1704583162 18
1704583226 24
1704583290 7



# Sketch: 18
1704582714 22
1704582778 35
1704582842 20
1704582906 41
1704582970 32
1704583034 26
1704583098 23
1704583162 30
1704583226 40
1704583290 7



# Sketch: 19
1704582714 20
1704582778 31
1704582842 16
1704582906 24
1704582970 25
1704583034 23
1704583098 24
1704583162 20
1704583226 28
1704583290 9



# Sketch: 20
1704582714 23
1704582778 30
1704582842 18
1704582906 32
1704582970 27
1704583034 24
1704583098 22
1704583162 38
1704583226 23
1704583290 4



# Sketch: 21
1704582714 15
1704582778 39
1704582842 34
1704582906 28
1704582970 21
1704583034 25
1704583098 18
1704583162 22
1704583226 25
1704583290 7



# Sketch: 22
1704582714 22
1704582778 14
1704582842 27
1704582906 36
1704582970 33
1704583034 14
1704583098 28
1704583162 25
1704583226 30
1704583290 9



# Sketch: 23
1704582714 28
1704582778 32
1704582842 30
1704582906 33
1704582970 21
1704583034 36
1704583098 28
1704583162 40
1704583226 42
1704583290 12



# Sketch: 24
1704582714 20
1704582778 12
1704582842 16
1704582906 20
1704582970 17
1704583034 26
1704583098 13
1704583162 24
1704583226 32
1704583290 13



# Sketch: 25
1704582714 23
1704582778 40
1704582842 45
1704582906 47
1704582970 24
1704583034 35
1704583098 15
1704583162 24
1704583226 41
1704583290 12



# Sketch: 26
1704582714 9
1704582778 13
1704582842 32
1704582906 27
1704582970 20
1704583034 21
1704583098 24
1704583162 23
1704583226 23
1704583290 5



# Sketch: 27
1704582714 25
1704582778 29
1704582842 41
1704582906 20
1704582970 36
1704583034 14
1704583098 19
1704583162 29
1704583226 22
1704583290 20



# Sketch: 28
1704582714 24
1704582778 20
1704582842 42
1704582906 19
1704582970 27
1704583034 36
1704583098 24
1704583162 49
1704583226 35
1704583290 4



# Sketch: 29
1704582714 21
1704582778 19
1704582842 19
1704582906 23
1704582970 27
1704583034 38
1704583098 27
1704583162 17
1704583226 41
1704583290 6



# Sketch: 30
1704582714 17
1704582778 32
1704582842 23
1704582906 10
1704582970 21
1704583034 40
1704583098 24
1704583162 46
1704583226 20
1704583290 7



# Sketch: 31
1704582714 20
1704582778 20
1704582842 33
1704582906 30
1704582970 30
1704583034 27
1704583098 15
1704583162 15
1704583226 47
1704583290 15

