

# Sketch: 0
1704582714 33
1704582842 35
1704582970 45
1704583098 40
1704583226 56



# Sketch: 1
1704582714 87
1704582842 80
1704582970 118
1704583098 65
1704583226 59



# Sketch: 2
1704582714 39
1704582842 66
1704582970 33
1704583098 40
1704583226 45



# Sketch: 3
1704582714 51
1704582842 67
1704582970 72
1704583098 49
1704583226 55



# Sketch: 4
1704582714 43
1704582842 54
1704582970 55
1704583098 58
1704583226 55



# Sketch: 5
1704582714 66
1704582842 80
1704582970 61
1704583098 62
1704583226 37



# Sketch: 6
1704582714 45
1704582842 113
1704582970 44
1704583098 59
1704583226 37



# Sketch: 7
1704582714 58
1704582842 63
1704582970 46
1704583098 73
1704583226 42



# Sketch: 8
1704582714 33
1704582842 37
1704582970 39
1704583098 62
1704583226 45



# Sketch: 9
1704582714 61
1704582842 71
1704582970 36
1704583098 45
1704583226 42



# Sketch: 10
1704582714 41
1704582842 42
1704582970 101
1704583098 61
1704583226 25



# Sketch: 11
1704582714 41
1704582842 76
1704582970 54
1704583098 42
1704583226 23



# Sketch: 12
1704582714 81
1704582842 88
1704582970 79
1704583098 83
1704583226 62



# Sketch: 13
1704582714 45
1704582842 36
1704582970 38
1704583098 47
1704583226 38



# Sketch: 14
1704582714 89
1704582842 91
1704582970 49
1704583098 61
1704583226 52



# Sketch: 15
1704582714 50
1704582842 35
1704582970 51
1704583098 43
1704583226 37



# Sketch: 16
1704582714 40
1704582842 53
1704582970 64
1704583098 43
1704583226 47



# Sketch: 17
1704582714 75
1704582842 56
1704582970 64
1704583098 89
1704583226 43



# Sketch: 18
1704582714 43
1704582842 44
1704582970 45
1704583098 53
1704583226 44



# Sketch: 19
1704582714 55
1704582842 61
1704582970 62
1704583098 57
1704583226 40



# Sketch: 20
1704582714 77
1704582842 88
1704582970 109
1704583098 72
1704583226 62



# Sketch: 21
1704582714 66
1704582842 34
1704582970 37
1704583098 43
1704583226 46



# Sketch: 22
1704582714 28
1704582842 35
1704582970 44
1704583098 63
1704583226 40



# Sketch: 23
1704582714 51
1704582842 59
1704582970 48
1704583098 60
1704583226 49



# Sketch: 24
1704582714 60
1704582842 46
1704582970 32
1704583098 46
1704583226 37



# Sketch: 25
1704582714 57
1704582842 80
1704582970 37
1704583098 55
1704583226 27



# Sketch: 26
1704582714 36
1704582842 45
1704582970 56
1704583098 37
1704583226 30



# Sketch: 27
1704582714 41
1704582842 67
1704582970 132
1704583098 38
1704583226 44



# Sketch: 28
1704582714 45
1704582842 71
1704582970 66
1704583098 54
1704583226 25



# Sketch: 29
1704582714 42
1704582842 48
1704582970 45
1704583098 72
1704583226 47



# Sketch: 30
1704582714 44
1704582842 59
1704582970 51
1704583098 43
1704583226 27



# Sketch: 31
1704582714 45
1704582842 68
1704582970 66
1704583098 56
1704583226 51

