

# Sketch: 0
1704582714 17
1704582746 26
1704582778 8
1704582810 20
1704582842 15
1704582874 19
1704582906 22
1704582938 28
1704582970 15
1704583002 17
1704583034 19
1704583066 12
1704583098 10
1704583130 11
1704583162 16
1704583194 15
1704583226 11
1704583258 18
1704583290 9



# Sketch: 1
1704582714 28
1704582746 12
1704582778 10
1704582810 26
1704582842 24
1704582874 18
1704582906 8
1704582938 10
1704582970 25
1704583002 10
1704583034 7
1704583066 62
1704583098 9
1704583130 17
1704583162 12
1704583194 12
1704583226 17
1704583258 18
1704583290 7



# Sketch: 2
1704582714 21
1704582746 8
1704582778 16
1704582810 17
1704582842 18
1704582874 17
1704582906 31
1704582938 27
1704582970 19
1704583002 31
1704583034 18
1704583066 29
1704583098 11
1704583130 37
1704583162 20
1704583194 16
1704583226 10
1704583258 24
1704583290 3



# Sketch: 3
1704582714 30
1704582746 15
1704582778 5
1704582810 2
1704582842 9
1704582874 11
1704582906 10
1704582938 17
1704582970 10
1704583002 10
1704583034 16
1704583066 7
1704583098 10
1704583130 9
1704583162 4
1704583194 17
1704583226 13
1704583258 13
1704583290 7



# Sketch: 4
1704582714 8
1704582746 27
1704582778 5
1704582810 13
1704582842 6
1704582874 29
1704582906 10
1704582938 11
1704582970 10
1704583002 8
1704583034 21
1704583066 6
1704583098 16
1704583130 12
1704583162 30
1704583194 19
1704583226 16
1704583258 23
1704583290 21



# Sketch: 5
1704582714 16
1704582746 6
1704582778 8
1704582810 13
1704582842 24
1704582874 17
1704582906 11
1704582938 18
1704582970 9
1704583002 8
1704583034 25
1704583066 11
1704583098 12
1704583130 15
1704583162 23
1704583194 12
1704583226 24
1704583258 16
1704583290 11



# Sketch: 6
1704582714 23
1704582746 12
1704582778 10
1704582810 10
1704582842 29
1704582874 20
1704582906 21
1704582938 7
1704582970 21
1704583002 7
1704583034 16
1704583066 28
1704583098 9
1704583130 16
1704583162 18
1704583194 15
1704583226 12
1704583258 18
1704583290 5



# Sketch: 7
1704582714 9
1704582746 5
1704582778 3
1704582810 12
1704582842 5
1704582874 10
1704582906 4
1704582938 12
1704582970 15
1704583002 3
1704583034 11
1704583066 20
1704583098 29
1704583130 31
1704583162 9
1704583194 4
1704583226 8
1704583258 15
1704583290 11



# Sketch: 8
1704582714 9
1704582746 15
1704582778 10
1704582810 2
1704582842 13
1704582874 24
1704582906 12
1704582938 21
1704582970 10
1704583002 4
1704583034 12
1704583066 63
1704583098 9
1704583130 15
1704583162 10
1704583194 6
1704583226 20
1704583258 17
1704583290 8



# Sketch: 9
1704582714 8
1704582746 10
1704582778 24
1704582810 11
1704582842 15
1704582874 20
1704582906 14
1704582938 10
1704582970 13
1704583002 14
1704583034 7
1704583066 13
1704583098 3
1704583130 21
1704583162 11
1704583194 10
1704583226 21
1704583258 7
1704583290 13



# Sketch: 10
1704582714 15
1704582746 13
1704582778 7
1704582810 14
1704582842 16
1704582874 21
1704582906 12
1704582938 15
1704582970 18
1704583002 7
1704583034 12
1704583066 18
1704583098 16
1704583130 29
1704583162 10
1704583194 15
1704583226 8
1704583258 20
1704583290 12



# Sketch: 11
1704582714 14
1704582746 14
1704582778 9
1704582810 8
1704582842 11
1704582874 23
1704582906 10
1704582938 7
1704582970 5
1704583002 12
1704583034 14
1704583066 24
1704583098 5
1704583130 18
1704583162 16
1704583194 24
1704583226 20
1704583258 12
1704583290 14



# Sketch: 12
1704582714 8
1704582746 8
1704582778 23
1704582810 29
1704582842 21
1704582874 21
1704582906 29
1704582938 36
1704582970 27
1704583002 27
1704583034 22
1704583066 13
1704583098 6
1704583130 23
1704583162 25
1704583194 20
1704583226 11
1704583258 41
1704583290 14



# Sketch: 13
1704582714 13
1704582746 19
1704582778 26
1704582810 22
1704582842 22
1704582874 15
1704582906 34
1704582938 26
1704582970 12
1704583002 39
1704583034 21
1704583066 14
1704583098 2
1704583130 26
1704583162 19
1704583194 18
1704583226 20
1704583258 30
1704583290 9



# Sketch: 14
1704582714 12
1704582746 7
1704582778 13
1704582810 16
1704582842 8
1704582874 19
1704582906 11
1704582938 14
1704582970 17
1704583002 7
1704583034 11
1704583066 13
1704583098 19
1704583130 14
1704583162 21
1704583194 9
1704583226 15
1704583258 10
1704583290 12



# Sketch: 15
1704582714 7
1704582746 17
1704582778 11
1704582810 7
1704582842 17
1704582874 11
1704582906 11
1704582938 14
1704582970 10
1704583002 6
1704583034 13
1704583066 12
1704583098 4
1704583130 8
1704583162 14
1704583194 10
1704583226 10
1704583258 4
1704583290 8



# Sketch: 16
1704582714 13
1704582746 43
1704582778 38
1704582810 2
1704582842 14
1704582874 10
1704582906 7
1704582938 10
1704582970 6
1704583002 7
1704583034 12
1704583066 27
1704583098 6
1704583130 35
1704583162 15
1704583194 13
1704583226 23
1704583258 29
1704583290 21



# Sketch: 17
1704582714 12
1704582746 13
1704582778 6
1704582810 24
1704582842 6
1704582874 23
1704582906 13
1704582938 8
1704582970 7
1704583002 9
1704583034 20
1704583066 9
1704583098 6
1704583130 20
1704583162 11
1704583194 7
1704583226 11
1704583258 13
1704583290 7



# Sketch: 18
1704582714 8
1704582746 14
1704582778 25
1704582810 10
1704582842 12
1704582874 8
1704582906 17
1704582938 24
1704582970 19
1704583002 13
1704583034 11
1704583066 15
1704583098 10
1704583130 13
1704583162 11
1704583194 19
1704583226 20
1704583258 20
1704583290 7



# Sketch: 19
1704582714 11
1704582746 9
1704582778 11
1704582810 20
1704582842 6
1704582874 10
1704582906 14
1704582938 10
1704582970 12
1704583002 13
1704583034 20
1704583066 3
1704583098 8
1704583130 16
1704583162 9
1704583194 11
1704583226 21
1704583258 7
1704583290 9



# Sketch: 20
1704582714 9
1704582746 14
1704582778 17
1704582810 13
1704582842 11
1704582874 7
1704582906 17
1704582938 15
1704582970 12
1704583002 15
1704583034 9
1704583066 15
1704583098 10
1704583130 12
1704583162 19
1704583194 19
1704583226 21
1704583258 2
1704583290 4



# Sketch: 21
1704582714 9
1704582746 6
1704582778 9
1704582810 30
1704582842 13
1704582874 21
1704582906 13
1704582938 15
1704582970 8
1704583002 13
1704583034 13
1704583066 12
1704583098 9
1704583130 9
1704583162 9
1704583194 13
1704583226 10
1704583258 15
1704583290 7



# Sketch: 22
1704582714 13
1704582746 9
1704582778 5
1704582810 9
1704582842 12
1704582874 15
1704582906 17
1704582938 19
1704582970 15
1704583002 18
1704583034 7
1704583066 7
1704583098 17
1704583130 11
1704583162 15
1704583194 10
1704583226 13
1704583258 17
1704583290 9



# Sketch: 23
1704582714 17
1704582746 11
1704582778 21
1704582810 11
1704582842 13
1704582874 17
1704582906 16
1704582938 17
1704582970 12
1704583002 9
1704583034 15
1704583066 21
1704583098 13
1704583130 15
1704583162 24
1704583194 16
1704583226 23
1704583258 19
1704583290 12



# Sketch: 24
1704582714 8
1704582746 12
1704582778 8
1704582810 4
1704582842 2
1704582874 14
1704582906 9
1704582938 11
1704582970 10
1704583002 7
1704583034 10
1704583066 16
1704583098 3
1704583130 10
1704583162 13
1704583194 11
1704583226 14
1704583258 18
1704583290 13



# Sketch: 25
1704582714 15
1704582746 8
1704582778 20
1704582810 20
1704582842 20
1704582874 25
1704582906 11
1704582938 36
1704582970 14
1704583002 10
1704583034 14
1704583066 21
1704583098 8
1704583130 7
1704583162 12
1704583194 12
1704583226 25
1704583258 16
1704583290 12



# Sketch: 26
1704582714 5
1704582746 4
1704582778 5
1704582810 8
1704582842 20
1704582874 12
1704582906 17
1704582938 10
1704582970 12
1704583002 8
1704583034 12
1704583066 9
1704583098 16
1704583130 8
1704583162 13
1704583194 10
1704583226 14
1704583258 9
1704583290 5



# Sketch: 27
1704582714 14
1704582746 11
1704582778 11
1704582810 18
1704582842 18
1704582874 23
1704582906 11
1704582938 9
1704582970 20
1704583002 16
1704583034 5
1704583066 9
1704583098 13
1704583130 6
1704583162 10
1704583194 19
1704583226 11
1704583258 11
1704583290 20



# Sketch: 28
1704582714 16
1704582746 8
1704582778 8
1704582810 12
1704582842 18
1704582874 24
1704582906 5
1704582938 14
1704582970 16
1704583002 11
1704583034 17
1704583066 19
1704583098 15
1704583130 9
1704583162 33
1704583194 16
1704583226 16
1704583258 19
1704583290 4



# Sketch: 29
1704582714 9
1704582746 12
1704582778 7
1704582810 12
1704582842 9
1704582874 10
1704582906 11
1704582938 12
1704582970 18
1704583002 9
1704583034 15
1704583066 23
1704583098 6
1704583130 21
1704583162 11
1704583194 6
1704583226 24
1704583258 17
1704583290 6



# Sketch: 30
1704582714 12
1704582746 5
1704582778 18
1704582810 14
1704582842 13
1704582874 10
1704582906 3
1704582938 7
1704582970 18
1704583002 3
1704583034 9
1704583066 31
1704583098 12
1704583130 12
1704583162 28
1704583194 18
1704583226 15
1704583258 5
1704583290 7



# Sketch: 31
1704582714 11
1704582746 9
1704582778 11
1704582810 9
1704582842 13
1704582874 20
1704582906 12
1704582938 18
1704582970 13
1704583002 17
1704583034 13
1704583066 14
1704583098 10
1704583130 5
1704583162 8
1704583194 7
1704583226 16
1704583258 31
1704583290 15

