

# Sketch: 0
1704582714 21
1704582778 19
1704582842 34
1704582906 20
1704582970 23
1704583034 15
1704583098 21
1704583162 15
1704583226 25
1704583290 2



# Sketch: 1
1704582714 15
1704582778 40
1704582842 16
1704582906 15
1704582970 15
1704583034 10
1704583098 17
1704583162 30
1704583226 44
1704583290 20



# Sketch: 2
1704582714 17
1704582778 41
1704582842 34
1704582906 62
1704582970 37
1704583034 96
1704583098 40
1704583162 40
1704583226 45
1704583290 13



# Sketch: 3
1704582714 28
1704582778 20
1704582842 36
1704582906 20
1704582970 23
1704583034 38
1704583098 23
1704583162 30
1704583226 22
1704583290 7



# Sketch: 4
1704582714 23
1704582778 15
1704582842 47
1704582906 31
1704582970 23
1704583034 41
1704583098 20
1704583162 34
1704583226 29
1704583290 3



# Sketch: 5
1704582714 28
1704582778 40
1704582842 34
1704582906 19
1704582970 26
1704583034 31
1704583098 42
1704583162 16
1704583226 30
1704583290 5



# Sketch: 6
1704582714 27
1704582778 13
1704582842 23
1704582906 19
1704582970 48
1704583034 15
1704583098 37
1704583162 39
1704583226 24
1704583290 9



# Sketch: 7
1704582714 38
1704582778 17
1704582842 26
1704582906 23
1704582970 16
1704583034 78
1704583098 11
1704583162 40
1704583226 15
1704583290 13



# Sketch: 8
1704582714 33
1704582778 28
1704582842 24
1704582906 24
1704582970 25
1704583034 15
1704583098 35
1704583162 40
1704583226 31
1704583290 11



# Sketch: 9
1704582714 33
1704582778 47
1704582842 46
1704582906 34
1704582970 14
1704583034 17
1704583098 19
1704583162 23
1704583226 32
1704583290 7



# Sketch: 10
1704582714 10
1704582778 26
1704582842 33
1704582906 32
1704582970 12
1704583034 22
1704583098 20
1704583162 33
1704583226 33
1704583290 12



# Sketch: 11
1704582714 43
1704582778 15
1704582842 40
1704582906 42
1704582970 30
1704583034 26
1704583098 50
1704583162 31
1704583226 44
1704583290 9



# Sketch: 12
1704582714 18
1704582778 22
1704582842 10
1704582906 39
1704582970 21
1704583034 36
1704583098 29
1704583162 27
1704583226 48
1704583290 7



# Sketch: 13
1704582714 37
1704582778 25
1704582842 30
1704582906 40
1704582970 22
1704583034 27
1704583098 19
1704583162 21
1704583226 17
1704583290 5



# Sketch: 14
1704582714 20
1704582778 39
1704582842 42
1704582906 40
1704582970 65
1704583034 34
1704583098 27
1704583162 41
1704583226 46
1704583290 16



# Sketch: 15
1704582714 38
1704582778 21
1704582842 13
1704582906 30
1704582970 28
1704583034 29
1704583098 17
1704583162 16
1704583226 14
1704583290 8



# Sketch: 16
1704582714 23
1704582778 24
1704582842 28
1704582906 29
1704582970 24
1704583034 44
1704583098 24
1704583162 20
1704583226 24
1704583290 10



# Sketch: 17
1704582714 18
1704582778 36
1704582842 27
1704582906 19
1704582970 59
1704583034 30
1704583098 21
1704583162 43
1704583226 24
1704583290 8



# Sketch: 18
1704582714 17
1704582778 24
1704582842 17
1704582906 31
1704582970 22
1704583034 31
1704583098 30
1704583162 12
1704583226 42
1704583290 12



# Sketch: 19
1704582714 43
1704582778 35
1704582842 56
1704582906 26
1704582970 26
1704583034 25
1704583098 46
1704583162 38
1704583226 52
1704583290 11



# Sketch: 20
1704582714 19
1704582778 18
1704582842 36
1704582906 22
1704582970 23
1704583034 40
1704583098 23
1704583162 20
1704583226 34
1704583290 11



# Sketch: 21
1704582714 41
1704582778 55
1704582842 36
1704582906 61
1704582970 31
1704583034 24
1704583098 22
1704583162 34
1704583226 41
1704583290 11



# Sketch: 22
1704582714 24
1704582778 43
1704582842 22
1704582906 14
1704582970 26
1704583034 49
1704583098 22
1704583162 20
1704583226 32
1704583290 26



# Sketch: 23
1704582714 15
1704582778 12
1704582842 17
1704582906 25
1704582970 12
1704583034 22
1704583098 13
1704583162 16
1704583226 35
1704583290 10



# Sketch: 24
1704582714 15
1704582778 12
1704582842 52
1704582906 36
1704582970 32
1704583034 17
1704583098 19
1704583162 42
1704583226 22
1704583290 4



# Sketch: 25
1704582714 18
1704582778 37
1704582842 22
1704582906 47
1704582970 45
1704583034 32
1704583098 44
1704583162 35
1704583226 50
1704583290 13



# Sketch: 26
1704582714 32
1704582778 12
1704582842 24
1704582906 35
1704582970 24
1704583034 69
1704583098 23
1704583162 21
1704583226 29
1704583290 14



# Sketch: 27
1704582714 22
1704582778 24
1704582842 20
1704582906 21
1704582970 17
1704583034 19
1704583098 10
1704583162 29
1704583226 35
1704583290 2



# Sketch: 28
1704582714 22
1704582778 25
1704582842 62
1704582906 25
1704582970 19
1704583034 34
1704583098 28
1704583162 43
1704583226 22
1704583290 9



# Sketch: 29
1704582714 13
1704582778 19
1704582842 19
1704582906 18
1704582970 16
1704583034 12
1704583098 20
1704583162 18
1704583226 45
1704583290 9



# Sketch: 30
1704582714 21
1704582778 16
1704582842 27
1704582906 18
1704582970 12
1704583034 19
1704583098 15
1704583162 27
1704583226 22
1704583290 6



# Sketch: 31
1704582714 50
1704582778 26
1704582842 44
1704582906 34
1704582970 20
1704583034 46
1704583098 56
1704583162 34
1704583226 39
1704583290 19

