

# Sketch: 0
0 0.639918
1 0.467831
2 0.492736
3 0.441243
4 0.343839
5 0.418593
6 0.468981
7 0.432775



# Sketch: 1
0 0.391851
1 0.480318
2 0.396823
3 0.38342
4 0.395387
5 0.297826
6 0.355
7 0.379618



# Sketch: 2
0 0.511941
1 0.434804
2 0.36414
3 0.254964
4 0.252562
5 0.404703
6 0.739814
7 0.430845



# Sketch: 3
0 1.81428
1 1.33831
2 0.842683
3 0.781113
4 0.583514
5 0.566404
6 0.231532
7 0.353678



# Sketch: 4
0 0.0263709
1 0.382794
2 0.848492
3 0.975592
4 1.06657
5 2.22359
6 1.37662
7 1.33485



# Sketch: 5
0 0.384548
1 0.493324
2 0.265973
3 0.60115
4 0.249803
5 0.338053
6 0.644359
7 0.378283



# Sketch: 6
0 0.864949
1 0.772354
2 0.71847
3 0.677443
4 0.616891
5 0.559616
6 0.618995
7 0.475822



# Sketch: 7
0 0.823092
1 0.723936
2 0.644766
3 0.616118
4 0.629487
5 0.602982
6 0.568535
7 0.547398



# Sketch: 8
0 0.766749
1 0.729398
2 0.675099
3 0.614707
4 0.654672
5 0.612997
6 0.593452
7 0.565098



# Sketch: 9
0 0.752532
1 0.691546
2 0.777998
3 0.539645
4 0.869349
5 0.384401
6 0.338615
7 0.892405



# Sketch: 10
0 1.7601
1 1.23283
2 0.862124
3 0.770547
4 0.779018
5 0.707837
6 0.695769
7 0.579623



# Sketch: 11
0 0.722012
1 0.589526
2 0.623868
3 0.544888
4 0.813368
5 0.333363
6 0.288043
7 3.3737



# Sketch: 12
0 0.305801
1 0.657535
2 1.23533
3 1.18229
4 1.61474
5 1.02941
6 1.63921
7 2.73686



# Sketch: 13
0 0.693146
1 0.655722
2 0.80907
3 1.07017
4 0.691433
5 0.67944
6 1.46513
7 0.70118



# Sketch: 14
0 0.665511
1 0.566232
2 0.488058
3 0.433884
4 0.242752
5 1.33232
6 0.681091
7 0.609141



# Sketch: 15
0 1.03205
1 0.915529
2 0.819487
3 0.657806
4 0.564649
5 1.16579
6 0.590918
7 0.686877



# Sketch: 16
0 0.767885
1 0.835346
2 0.40866
3 0.417256
4 0.491013
5 0.3154
6 0.798078
7 0.538184



# Sketch: 17
0 0.611965
1 0.510556
2 0.467195
3 0.431301
4 0.400807
5 0.504113
6 0.40642
7 0.412828



# Sketch: 18
0 0.952527
1 0.906913
2 1.0105
3 0.660653
4 0.636801
5 0.475818
6 0.494167
7 1.80074



# Sketch: 19
0 0.784698
1 0.761872
2 0.794346
3 0.735131
4 0.471632
5 0.469558
6 0.501517
7 0.727983



# Sketch: 20
0 1.05473
1 0.966375
2 0.889626
3 0.791509
4 0.802274
5 0.675206
6 0.742506
7 0.50013



# Sketch: 21
0 0.560088
1 0.538744
2 0.520725
3 0.515807
4 0.472875
5 0.535959
6 0.50442
7 0.675151



# Sketch: 22
0 0.337716
1 0.200843
2 0.280665
3 0.258499
4 0.318405
5 0.355109
6 0.33602
7 0.446774



# Sketch: 23
0 0.221446
1 0.331203
2 0.179919
3 0.186792
4 0.17742
5 0.268554
6 0.303799
7 1.31001



# Sketch: 24
0 0.612557
1 0.601965
2 0.490309
3 0.472384
4 0.48623
5 0.489317
6 0.487935
7 0.51772



# Sketch: 25
0 0.686434
1 0.462083
2 0.297957
3 0.222405
4 0.148421
5 0.258374
6 0.254631
7 0.316148



# Sketch: 26
0 0.410464
1 0.666763
2 0.367779
3 0.633419
4 0.422802
5 0.365903
6 0.335439
7 0.400413



# Sketch: 27
0 1.03627
1 0.963622
2 1.18427
3 0.869791
4 0.743363
5 0.322333
6 0.0341069
7 0.392684



# Sketch: 28
0 0.692607
1 0.656576
2 0.614676
3 0.50027
4 1.03295
5 0.434397
6 0.525752
7 0.637707



# Sketch: 29
0 1.42433
1 1.30584
2 1.01146
3 0.735708
4 1.02863
5 0.688791
6 0.511777
7 0.181798



# Sketch: 30
0 1.41453
1 1.09361
2 0.811776
3 0.693709
4 0.719491
5 0.629849
6 0.64313
7 0.586568



# Sketch: 31
0 1.59265
1 1.51211
2 1.28375
3 1.60472
4 1.60707
5 0.508295
6 1.21313
7 0.602733

