

# Sketch: 0
0 0.751868
1 0.739936
2 0.866387
3 1.07846
4 0.58577
5 0.516962
6 0.494926
7 0.653908



# Sketch: 1
0 1.65653
1 1.22474
2 1.68186
3 1.51629
4 2.02658
5 1.73945
6 0.703463
7 0.466488



# Sketch: 2
0 0.25652
1 0.178645
2 0.159621
3 0.184532
4 0.141308
5 0.209491
6 0.609746
7 0.417561



# Sketch: 3
0 0.731207
1 0.672906
2 0.655232
3 0.655876
4 0.630667
5 0.602578
6 0.65499
7 2.91774



# Sketch: 4
0 0.432686
1 0.574283
2 0.524261
3 0.407804
4 0.480634
5 0.459483
6 0.405885
7 0.553072



# Sketch: 5
0 0.335365
1 0.297805
2 0.349484
3 0.42402
4 0.880802
5 0.683732
6 0.760915
7 1.53812



# Sketch: 6
0 1.68695
1 1.18912
2 1.155
3 1.01754
4 0.751125
5 1.10147
6 0.989542
7 1.80191



# Sketch: 7
0 0.790877
1 0.725374
2 0.728391
3 0.693946
4 0.502542
5 0.550826
6 0.627065
7 0.530985



# Sketch: 8
0 0.606618
1 0.570107
2 0.586908
3 0.583576
4 0.507496
5 0.518544
6 0.669817
7 0.720863



# Sketch: 9
0 0.194898
1 0.28287
2 0.311825
3 0.435989
4 0.779848
5 1.11905
6 1.34476
7 1.37013



# Sketch: 10
0 0.202292
1 0.208376
2 0.261594
3 0.323747
4 0.22326
5 0.579642
6 0.31034
7 0.324135



# Sketch: 11
0 0.961729
1 1.12209
2 1.23886
3 1.30917
4 1.18496
5 1.21385
6 0.515489
7 0.486651



# Sketch: 12
0 0.595658
1 0.532061
2 0.427924
3 0.419975
4 0.450861
5 0.474665
6 0.483127
7 0.628694



# Sketch: 13
0 0.591575
1 0.592544
2 0.429794
3 0.422111
4 0.431091
5 0.5189
6 0.42382
7 0.549894



# Sketch: 14
0 1.48512
1 1.699
2 1.47237
3 1.53139
4 0.938973
5 0.431904
6 1.75395
7 1.93204



# Sketch: 15
0 0.506328
1 0.612668
2 0.688327
3 0.285979
4 0.374133
5 0.514693
6 0.337394
7 0.602468



# Sketch: 16
0 0.420994
1 0.301953
2 0.307182
3 0.340289
4 0.315671
5 0.433246
6 0.690725
7 0.629508



# Sketch: 17
0 1.12892
1 1.06733
2 0.841286
3 0.620482
4 0.517404
5 0.392275
6 0.349295
7 0.716235



# Sketch: 18
0 0.220121
1 0.219027
2 0.240244
3 0.277454
4 0.364032
5 0.470306
6 0.493285
7 0.384373



# Sketch: 19
0 0.442046
1 0.445174
2 0.452069
3 0.451795
4 0.578393
5 0.450052
6 0.394325
7 0.360864



# Sketch: 20
0 0.62676
1 0.561425
2 0.563881
3 0.575126
4 0.491756
5 0.577222
6 0.550904
7 0.723004



# Sketch: 21
0 1.25787
1 0.973169
2 0.927015
3 0.705114
4 0.724529
5 0.761912
6 1.11301
7 0.335677



# Sketch: 22
0 0.712431
1 0.6636
2 0.620621
3 0.625805
4 0.547916
5 0.589154
6 0.704101
7 0.738167



# Sketch: 23
0 0.485983
1 0.444608
2 0.464244
3 0.706292
4 0.382076
5 0.524168
6 0.486572
7 1.2561



# Sketch: 24
0 0.325133
1 0.344092
2 0.453022
3 0.568129
4 0.500802
5 0.640797
6 0.353304
7 0.448672



# Sketch: 25
0 1.10844
1 1.16416
2 1.32804
3 0.664013
4 0.219554
5 0.0711857
6 0.101091
7 0.233885



# Sketch: 26
0 0.425454
1 0.435384
2 0.512756
3 0.434449
4 0.430833
5 0.433622
6 0.411102
7 0.517204



# Sketch: 27
0 2.23439
1 1.82125
2 1.76112
3 2.30772
4 1.83053
5 2.29195
6 3.13539
7 0.713836



# Sketch: 28
0 0.529252
1 0.481792
2 0.462996
3 0.479066
4 0.395852
5 0.526733
6 0.486134
7 0.38336



# Sketch: 29
0 0.803209
1 0.710148
2 0.708349
3 0.700499
4 0.648197
5 0.662758
6 0.558994
7 0.632384



# Sketch: 30
0 0.872343
1 0.774458
2 0.615837
3 0.460949
4 0.421869
5 0.841018
6 0.729167
7 0.396412



# Sketch: 31
0 0.629174
1 0.65555
2 0.626923
3 0.54334
4 0.592952
5 0.539463
6 0.955151
7 0.494012

