

# Sketch: 0
1704583314 6
1704583346 11
1704583378 13
1704583410 12
1704583442 4
1704583474 11
1704583506 20
1704583538 8
1704583570 15
1704583602 8
1704583634 9
1704583666 15
1704583698 6
1704583730 6
1704583762 2
1704583794 6
1704583826 11
1704583858 4
1704583890 6



# Sketch: 1
1704583314 23
1704583346 16
1704583378 22
1704583410 26
1704583442 24
1704583474 19
1704583506 32
1704583538 15
1704583570 4
1704583602 17
1704583634 28
1704583666 22
1704583698 11
1704583730 23
1704583762 19
1704583794 29
1704583826 14
1704583858 33
1704583890 9



# Sketch: 2
1704583314 18
1704583346 13
1704583378 12
1704583410 9
1704583442 21
1704583474 14
1704583506 19
1704583538 8
1704583570 24
1704583602 8
1704583634 8
1704583666 8
1704583698 11
1704583730 16
1704583762 17
1704583794 44
1704583826 14
1704583858 11
1704583890 7



# Sketch: 3
1704583314 20
1704583346 12
1704583378 9
1704583410 3
1704583442 15
1704583474 8
1704583506 10
1704583538 17
1704583570 11
1704583602 8
1704583634 14
1704583666 16
1704583698 13
1704583730 10
1704583762 14
1704583794 21
1704583826 19
1704583858 8
1704583890 10



# Sketch: 4
1704583314 12
1704583346 12
1704583378 18
1704583410 11
1704583442 25
1704583474 11
1704583506 16
1704583538 17
1704583570 18
1704583602 4
1704583634 13
1704583666 18
1704583698 17
1704583730 9
1704583762 11
1704583794 20
1704583826 29
1704583858 9
1704583890 17



# Sketch: 5
1704583314 26
1704583346 14
1704583378 24
1704583410 18
1704583442 8
1704583474 17
1704583506 29
1704583538 7
1704583570 26
1704583602 10
1704583634 23
1704583666 11
1704583698 10
1704583730 33
1704583762 35
1704583794 12
1704583826 12
1704583858 27
1704583890 11



# Sketch: 6
1704583314 25
1704583346 18
1704583378 14
1704583410 6
1704583442 16
1704583474 16
1704583506 9
1704583538 14
1704583570 11
1704583602 14
1704583634 13
1704583666 14
1704583698 17
1704583730 12
1704583762 7
1704583794 7
1704583826 22
1704583858 8
1704583890 8



# Sketch: 7
1704583314 13
1704583346 16
1704583378 21
1704583410 17
1704583442 25
1704583474 6
1704583506 19
1704583538 11
1704583570 14
1704583602 7
1704583634 31
1704583666 18
1704583698 4
1704583730 17
1704583762 7
1704583794 10
1704583826 17
1704583858 13
1704583890 1



# Sketch: 8
1704583314 17
1704583346 14
1704583378 4
1704583410 6
1704583442 14
1704583474 8
1704583506 27
1704583538 10
1704583570 42
1704583602 12
1704583634 13
1704583666 19
1704583698 21
1704583730 4
1704583762 27
1704583794 20
1704583826 20
1704583858 10
1704583890 7



# Sketch: 9
1704583314 13
1704583346 13
1704583378 7
1704583410 10
1704583442 15
1704583474 20
1704583506 11
1704583538 35
1704583570 12
1704583602 15
1704583634 13
1704583666 14
1704583698 14
1704583730 9
1704583762 12
1704583794 13
1704583826 12
1704583858 8
1704583890 6



# Sketch: 10
1704583314 16
1704583346 30
1704583378 13
1704583410 7
1704583442 10
1704583474 18
1704583506 21
1704583538 4
1704583570 11
1704583602 7
1704583634 11
1704583666 19
1704583698 18
1704583730 13
1704583762 15
1704583794 34
1704583826 39
1704583858 14
1704583890 20



# Sketch: 11
1704583314 13
1704583346 10
1704583378 16
1704583410 14
1704583442 19
1704583474 27
1704583506 8
1704583538 12
1704583570 11
1704583602 17
1704583634 18
1704583666 8
1704583698 35
1704583730 5
1704583762 16
1704583794 10
1704583826 11
1704583858 11
1704583890 10



# Sketch: 12
1704583314 20
1704583346 17
1704583378 17
1704583410 14
1704583442 18
1704583474 30
1704583506 47
1704583538 18
1704583570 16
1704583602 13
1704583634 16
1704583666 16
1704583698 15
1704583730 17
1704583762 81
1704583794 21
1704583826 22
1704583858 13
1704583890 13



# Sketch: 13
1704583314 8
1704583346 16
1704583378 14
1704583410 9
1704583442 17
1704583474 12
1704583506 10
1704583538 9
1704583570 23
1704583602 9
1704583634 8
1704583666 10
1704583698 7
1704583730 9
1704583762 17
1704583794 19
1704583826 20
1704583858 12
1704583890 11



# Sketch: 14
1704583314 19
1704583346 8
1704583378 16
1704583410 16
1704583442 17
1704583474 20
1704583506 44
1704583538 12
1704583570 25
1704583602 19
1704583634 25
1704583666 12
1704583698 18
1704583730 17
1704583762 12
1704583794 17
1704583826 18
1704583858 11
1704583890 11



# Sketch: 15
1704583314 20
1704583346 13
1704583378 4
1704583410 8
1704583442 10
1704583474 10
1704583506 36
1704583538 7
1704583570 24
1704583602 6
1704583634 7
1704583666 15
1704583698 10
1704583730 6
1704583762 12
1704583794 8
1704583826 10
1704583858 6
1704583890 9



# Sketch: 16
1704583314 19
1704583346 15
1704583378 14
1704583410 6
1704583442 11
1704583474 38
1704583506 13
1704583538 28
1704583570 19
1704583602 17
1704583634 15
1704583666 16
1704583698 9
1704583730 10
1704583762 32
1704583794 9
1704583826 22
1704583858 15
1704583890 12



# Sketch: 17
1704583314 20
1704583346 9
1704583378 4
1704583410 12
1704583442 19
1704583474 17
1704583506 20
1704583538 16
1704583570 15
1704583602 20
1704583634 11
1704583666 10
1704583698 11
1704583730 9
1704583762 17
1704583794 19
1704583826 8
1704583858 11
1704583890 6



# Sketch: 18
1704583314 2
1704583346 10
1704583378 9
1704583410 4
1704583442 9
1704583474 8
1704583506 13
1704583538 10
1704583570 19
1704583602 16
1704583634 14
1704583666 6
1704583698 8
1704583730 11
1704583762 36
1704583794 9
1704583826 12
1704583858 14
1704583890 11



# Sketch: 19
1704583314 18
1704583346 18
1704583378 14
1704583410 18
1704583442 18
1704583474 29
1704583506 8
1704583538 18
1704583570 13
1704583602 10
1704583634 33
1704583666 15
1704583698 31
1704583730 13
1704583762 12
1704583794 22
1704583826 35
1704583858 10
1704583890 20



# Sketch: 20
1704583314 15
1704583346 12
1704583378 17
1704583410 6
1704583442 12
1704583474 18
1704583506 18
1704583538 17
1704583570 24
1704583602 14
1704583634 42
1704583666 11
1704583698 21
1704583730 20
1704583762 18
1704583794 13
1704583826 11
1704583858 36
1704583890 17



# Sketch: 21
1704583314 29
1704583346 14
1704583378 10
1704583410 6
1704583442 21
1704583474 14
1704583506 12
1704583538 4
1704583570 20
1704583602 28
1704583634 45
1704583666 18
1704583698 19
1704583730 9
1704583762 16
1704583794 16
1704583826 12
1704583858 5
1704583890 3



# Sketch: 22
1704583314 2
1704583346 8
1704583378 17
1704583410 12
1704583442 7
1704583474 4
1704583506 7
1704583538 8
1704583570 12
1704583602 6
1704583634 22
1704583666 13
1704583698 5
1704583730 5
1704583762 27
1704583794 7
1704583826 21
1704583858 7
1704583890 2



# Sketch: 23
1704583314 20
1704583346 24
1704583378 11
1704583410 36
1704583442 34
1704583474 15
1704583506 16
1704583538 17
1704583570 14
1704583602 17
1704583634 15
1704583666 12
1704583698 25
1704583730 8
1704583762 7
1704583794 17
1704583826 8
1704583858 19
1704583890 8



# Sketch: 24
1704583314 8
1704583346 11
1704583378 7
1704583410 8
1704583442 19
1704583474 48
1704583506 11
1704583538 18
1704583570 8
1704583602 9
1704583634 21
1704583666 7
1704583698 6
1704583730 15
1704583762 13
1704583794 11
1704583826 19
1704583858 16
1704583890 3



# Sketch: 25
1704583314 10
1704583346 9
1704583378 5
1704583410 9
1704583442 18
1704583474 18
1704583506 24
1704583538 6
1704583570 25
1704583602 10
1704583634 14
1704583666 2
1704583698 21
1704583730 8
1704583762 4
1704583794 13
1704583826 22
1704583858 16
1704583890 12



# Sketch: 26
1704583314 3
1704583346 6
1704583378 8
1704583410 8
1704583442 22
1704583474 14
1704583506 17
1704583538 10
1704583570 15
1704583602 13
1704583634 8
1704583666 13
1704583698 9
1704583730 8
1704583762 6
1704583794 11
1704583826 13
1704583858 5
1704583890 8



# Sketch: 27
1704583314 11
1704583346 17
1704583378 7
1704583410 10
1704583442 8
1704583474 23
1704583506 16
1704583538 15
1704583570 12
1704583602 17
1704583634 12
1704583666 10
1704583698 7
1704583730 11
1704583762 13
1704583794 18
1704583826 18
1704583858 8
1704583890 11



# Sketch: 28
1704583314 32
1704583346 30
1704583378 15
1704583410 17
1704583442 13
1704583474 17
1704583506 13
1704583538 9
1704583570 27
1704583602 16
1704583634 15
1704583666 15
1704583698 18
1704583730 8
1704583762 13
1704583794 22
1704583826 20
1704583858 9
1704583890 12



# Sketch: 29
1704583314 15
1704583346 12
1704583378 10
1704583410 38
1704583442 34
1704583474 12
1704583506 28
1704583538 10
1704583570 14
1704583602 5
1704583634 23
1704583666 13
1704583698 16
1704583730 10
1704583762 26
1704583794 20
1704583826 15
1704583858 12
1704583890 15



# Sketch: 30
1704583314 9
1704583346 8
1704583378 11
1704583410 7
1704583442 10
1704583474 23
1704583506 10
1704583538 14
1704583570 38
1704583602 12
1704583634 18
1704583666 8
1704583698 21
1704583730 8
1704583762 13
1704583794 13
1704583826 6
1704583858 28
1704583890 11



# Sketch: 31
1704583314 5
1704583346 34
1704583378 22
1704583410 10
1704583442 11
1704583474 10
1704583506 21
1704583538 12
1704583570 9
1704583602 16
1704583634 18
1704583666 17
1704583698 10
1704583730 11
1704583762 17
1704583794 14
1704583826 18
1704583858 12
1704583890 10

