

# Sketch: 0
1704583314 9
1704583346 37
1704583378 12
1704583410 4
1704583442 10
1704583474 10
1704583506 18
1704583538 12
1704583570 42
1704583602 12
1704583634 16
1704583666 14
1704583698 19
1704583730 9
1704583762 10
1704583794 23
1704583826 8
1704583858 15
1704583890 5



# Sketch: 1
1704583314 22
1704583346 17
1704583378 18
1704583410 16
1704583442 13
1704583474 24
1704583506 48
1704583538 5
1704583570 18
1704583602 11
1704583634 36
1704583666 14
1704583698 26
1704583730 18
1704583762 13
1704583794 25
1704583826 14
1704583858 5
1704583890 13



# Sketch: 2
1704583314 17
1704583346 16
1704583378 9
1704583410 5
1704583442 15
1704583474 17
1704583506 13
1704583538 7
1704583570 10
1704583602 9
1704583634 16
1704583666 15
1704583698 13
1704583730 12
1704583762 18
1704583794 16
1704583826 17
1704583858 18
1704583890 13



# Sketch: 3
1704583314 20
1704583346 6
1704583378 15
1704583410 14
1704583442 15
1704583474 30
1704583506 8
1704583538 12
1704583570 18
1704583602 15
1704583634 17
1704583666 13
1704583698 10
1704583730 14
1704583762 8
1704583794 18
1704583826 18
1704583858 7
1704583890 12



# Sketch: 4
1704583314 5
1704583346 6
1704583378 12
1704583410 11
1704583442 17
1704583474 17
1704583506 13
1704583538 17
1704583570 10
1704583602 3
1704583634 23
1704583666 24
1704583698 14
1704583730 11
1704583762 16
1704583794 6
1704583826 16
1704583858 5
1704583890 10



# Sketch: 5
1704583314 10
1704583346 17
1704583378 8
1704583410 31
1704583442 18
1704583474 10
1704583506 10
1704583538 14
1704583570 7
1704583602 21
1704583634 9
1704583666 23
1704583698 32
1704583730 12
1704583762 11
1704583794 11
1704583826 24
1704583858 10
1704583890 5



# Sketch: 6
1704583314 15
1704583346 11
1704583378 10
1704583410 9
1704583442 20
1704583474 24
1704583506 7
1704583538 8
1704583570 9
1704583602 23
1704583634 13
1704583666 6
1704583698 25
1704583730 13
1704583762 9
1704583794 11
1704583826 15
1704583858 7
1704583890 3



# Sketch: 7
1704583314 19
1704583346 18
1704583378 7
1704583410 11
1704583442 8
1704583474 12
1704583506 18
1704583538 22
1704583570 20
1704583602 6
1704583634 9
1704583666 1
1704583698 11
1704583730 12
1704583762 33
1704583794 12
1704583826 13
1704583858 12
1704583890 10



# Sketch: 8
1704583314 19
1704583346 14
1704583378 8
1704583410 4
1704583442 8
1704583474 7
1704583506 12
1704583538 19
1704583570 24
1704583602 10
1704583634 33
1704583666 9
1704583698 4
1704583730 13
1704583762 11
1704583794 16
1704583826 18
1704583858 7
1704583890 10



# Sketch: 9
1704583314 27
1704583346 12
1704583378 5
1704583410 9
1704583442 10
1704583474 9
1704583506 12
1704583538 17
1704583570 5
1704583602 8
1704583634 9
1704583666 14
1704583698 11
1704583730 15
1704583762 27
1704583794 12
1704583826 16
1704583858 19
1704583890 8



# Sketch: 10
1704583314 19
1704583346 14
1704583378 6
1704583410 7
1704583442 17
1704583474 45
1704583506 14
1704583538 10
1704583570 17
1704583602 18
1704583634 20
1704583666 5
1704583698 8
1704583730 9
1704583762 12
1704583794 14
1704583826 13
1704583858 10
1704583890 20



# Sketch: 11
1704583314 20
1704583346 30
1704583378 21
1704583410 7
1704583442 10
1704583474 13
1704583506 13
1704583538 12
1704583570 25
1704583602 10
1704583634 22
1704583666 17
1704583698 8
1704583730 6
1704583762 9
1704583794 8
1704583826 8
1704583858 6
1704583890 9



# Sketch: 12
1704583314 16
1704583346 23
1704583378 14
1704583410 5
1704583442 7
1704583474 14
1704583506 13
1704583538 11
1704583570 10
1704583602 3
1704583634 11
1704583666 14
1704583698 20
1704583730 13
1704583762 21
1704583794 12
1704583826 41
1704583858 13
1704583890 11



# Sketch: 13
1704583314 28
1704583346 20
1704583378 7
1704583410 12
1704583442 29
1704583474 12
1704583506 19
1704583538 5
1704583570 22
1704583602 8
1704583634 12
1704583666 8
1704583698 19
1704583730 3
1704583762 22
1704583794 15
1704583826 45
1704583858 23
1704583890 3



# Sketch: 14
1704583314 16
1704583346 6
1704583378 6
1704583410 1
1704583442 11
1704583474 13
1704583506 18
1704583538 6
1704583570 12
1704583602 18
1704583634 15
1704583666 14
1704583698 15
1704583730 10
1704583762 27
1704583794 9
1704583826 17
1704583858 11
1704583890 7



# Sketch: 15
1704583314 21
1704583346 7
1704583378 16
1704583410 50
1704583442 20
1704583474 13
1704583506 20
1704583538 6
1704583570 27
1704583602 20
1704583634 19
1704583666 13
1704583698 15
1704583730 26
1704583762 25
1704583794 13
1704583826 23
1704583858 29
1704583890 20



# Sketch: 16
1704583314 27
1704583346 28
1704583378 22
1704583410 9
1704583442 14
1704583474 33
1704583506 42
1704583538 23
1704583570 18
1704583602 11
1704583634 22
1704583666 13
1704583698 16
1704583730 7
1704583762 53
1704583794 24
1704583826 9
1704583858 19
1704583890 14



# Sketch: 17
1704583314 8
1704583346 13
1704583378 6
1704583410 6
1704583442 13
1704583474 19
1704583506 18
1704583538 8
1704583570 14
1704583602 9
1704583634 11
1704583666 15
1704583698 5
1704583730 10
1704583762 45
1704583794 29
1704583826 19
1704583858 13
1704583890 17



# Sketch: 18
1704583314 5
1704583346 9
1704583378 19
1704583410 13
1704583442 25
1704583474 8
1704583506 17
1704583538 14
1704583570 20
1704583602 13
1704583634 15
1704583666 16
1704583698 17
1704583730 18
1704583762 10
1704583794 19
1704583826 12
1704583858 22
1704583890 9



# Sketch: 19
1704583314 10
1704583346 16
1704583378 12
1704583410 40
1704583442 34
1704583474 24
1704583506 20
1704583538 7
1704583570 17
1704583602 10
1704583634 18
1704583666 16
1704583698 8
1704583730 6
1704583762 14
1704583794 35
1704583826 23
1704583858 6
1704583890 5



# Sketch: 20
1704583314 14
1704583346 7
1704583378 44
1704583410 20
1704583442 10
1704583474 27
1704583506 48
1704583538 7
1704583570 11
1704583602 28
1704583634 38
1704583666 23
1704583698 24
1704583730 28
1704583762 36
1704583794 18
1704583826 17
1704583858 46
1704583890 15



# Sketch: 21
1704583314 12
1704583346 24
1704583378 8
1704583410 12
1704583442 12
1704583474 13
1704583506 19
1704583538 13
1704583570 20
1704583602 28
1704583634 13
1704583666 9
1704583698 17
1704583730 8
1704583762 15
1704583794 8
1704583826 8
1704583858 13
1704583890 5



# Sketch: 22
1704583314 14
1704583346 10
1704583378 13
1704583410 6
1704583442 19
1704583474 14
1704583506 8
1704583538 17
1704583570 16
1704583602 28
1704583634 15
1704583666 12
1704583698 4
1704583730 9
1704583762 13
1704583794 12
1704583826 15
1704583858 26
1704583890 7



# Sketch: 23
1704583314 13
1704583346 17
1704583378 5
1704583410 11
1704583442 25
1704583474 18
1704583506 18
1704583538 10
1704583570 13
1704583602 11
1704583634 17
1704583666 14
1704583698 5
1704583730 8
1704583762 6
1704583794 6
1704583826 17
1704583858 7
1704583890 9



# Sketch: 24
1704583314 12
1704583346 10
1704583378 9
1704583410 10
1704583442 19
1704583474 19
1704583506 19
1704583538 15
1704583570 23
1704583602 9
1704583634 31
1704583666 16
1704583698 31
1704583730 13
1704583762 17
1704583794 33
1704583826 9
1704583858 7
1704583890 11



# Sketch: 25
1704583314 11
1704583346 12
1704583378 21
1704583410 13
1704583442 13
1704583474 11
1704583506 11
1704583538 7
1704583570 27
1704583602 14
1704583634 25
1704583666 8
1704583698 12
1704583730 10
1704583762 16
1704583794 17
1704583826 8
1704583858 7
1704583890 13



# Sketch: 26
1704583314 13
1704583346 8
1704583378 10
1704583410 15
1704583442 14
1704583474 39
1704583506 15
1704583538 19
1704583570 13
1704583602 6
1704583634 8
1704583666 16
1704583698 10
1704583730 6
1704583762 13
1704583794 11
1704583826 11
1704583858 7
1704583890 4



# Sketch: 27
1704583314 7
1704583346 12
1704583378 11
1704583410 5
1704583442 17
1704583474 7
1704583506 16
1704583538 5
1704583570 22
1704583602 3
1704583634 13
1704583666 16
1704583698 8
1704583730 12
1704583762 9
1704583794 13
1704583826 22
1704583858 23
1704583890 15



# Sketch: 28
1704583314 14
1704583346 14
1704583378 7
1704583410 18
1704583442 18
1704583474 8
1704583506 11
1704583538 33
1704583570 23
1704583602 5
1704583634 9
1704583666 13
1704583698 15
1704583730 11
1704583762 8
1704583794 8
1704583826 23
1704583858 6
1704583890 15



# Sketch: 29
1704583314 11
1704583346 7
1704583378 11
1704583410 3
1704583442 24
1704583474 14
1704583506 29
1704583538 12
1704583570 25
1704583602 9
1704583634 25
1704583666 9
1704583698 17
1704583730 10
1704583762 17
1704583794 19
1704583826 18
1704583858 8
1704583890 7



# Sketch: 30
1704583314 17
1704583346 19
1704583378 26
1704583410 14
1704583442 25
1704583474 24
1704583506 28
1704583538 30
1704583570 15
1704583602 10
1704583634 12
1704583666 13
1704583698 9
1704583730 17
1704583762 8
1704583794 31
1704583826 20
1704583858 5
1704583890 7



# Sketch: 31
1704583314 16
1704583346 10
1704583378 7
1704583410 2
1704583442 14
1704583474 7
1704583506 30
1704583538 13
1704583570 18
1704583602 11
1704583634 24
1704583666 8
1704583698 16
1704583730 1
1704583762 22
1704583794 21
1704583826 13
1704583858 9
1704583890 5

