

# Sketch: 0
1704561714 20
1704561778 25
1704561842 19
1704561906 24
1704561970 61
1704562034 20
1704562098 41
1704562162 23
1704562226 37
1704562290 7



# Sketch: 1
1704561714 22
1704561778 26
1704561842 47
1704561906 33
1704561970 51
1704562034 45
1704562098 40
1704562162 13
1704562226 10
1704562290 14



# Sketch: 2
1704561714 31
1704561778 30
1704561842 54
1704561906 28
1704561970 31
1704562034 32
1704562098 34
1704562162 35
1704562226 25
1704562290 10



# Sketch: 3
1704561714 60
1704561778 24
1704561842 62
1704561906 32
1704561970 62
1704562034 51
1704562098 54
1704562162 39
1704562226 48
1704562290 12



# Sketch: 4
1704561714 15
1704561778 41
1704561842 31
1704561906 51
1704561970 48
1704562034 80
1704562098 36
1704562162 32
1704562226 34
1704562290 11



# Sketch: 5
1704561714 37
1704561778 28
1704561842 38
1704561906 32
1704561970 37
1704562034 33
1704562098 40
1704562162 43
1704562226 32
1704562290 11



# Sketch: 6
1704561714 33
1704561778 16
1704561842 29
1704561906 23
1704561970 37
1704562034 48
1704562098 33
1704562162 29
1704562226 27
1704562290 15



# Sketch: 7
1704561714 19
1704561778 21
1704561842 24
1704561906 21
1704561970 35
1704562034 27
1704562098 32
1704562162 27
1704562226 16
1704562290 19



# Sketch: 8
1704561714 36
1704561778 15
1704561842 18
1704561906 25
1704561970 18
1704562034 62
1704562098 44
1704562162 21
1704562226 38
1704562290 1



# Sketch: 9
1704561714 33
1704561778 41
1704561842 45
1704561906 48
1704561970 39
1704562034 50
1704562098 32
1704562162 27
1704562226 23
1704562290 3



# Sketch: 10
1704561714 24
1704561778 19
1704561842 39
1704561906 13
1704561970 21
1704562034 17
1704562098 32
1704562162 21
1704562226 26
1704562290 14



# Sketch: 11
1704561714 38
1704561778 16
1704561842 35
1704561906 44
1704561970 27
1704562034 39
1704562098 23
1704562162 31
1704562226 14
1704562290 5



# Sketch: 12
1704561714 116
1704561778 27
1704561842 30
1704561906 35
1704561970 48
1704562034 28
1704562098 33
1704562162 52
1704562226 26
1704562290 10



# Sketch: 13
1704561714 26
1704561778 21
1704561842 36
1704561906 37
1704561970 50
1704562034 41
1704562098 38
1704562162 53
1704562226 23
1704562290 13



# Sketch: 14
1704561714 28
1704561778 35
1704561842 39
1704561906 30
1704561970 40
1704562034 99
1704562098 33
1704562162 43
1704562226 15
1704562290 4



# Sketch: 15
1704561714 22
1704561778 34
1704561842 16
1704561906 27
1704561970 26
1704562034 21
1704562098 24
1704562162 18
1704562226 18
1704562290 8



# Sketch: 16
1704561714 31
1704561778 25
1704561842 38
1704561906 30
1704561970 58
1704562034 44
1704562098 36
1704562162 34
1704562226 39
1704562290 8



# Sketch: 17
1704561714 27
1704561778 58
1704561842 69
1704561906 51
1704561970 32
1704562034 38
1704562098 29
1704562162 18
1704562226 36
1704562290 6



# Sketch: 18
1704561714 14
1704561778 17
1704561842 59
1704561906 28
1704561970 40
1704562034 21
1704562098 41
1704562162 13
1704562226 32
1704562290 14



# Sketch: 19
1704561714 38
1704561778 50
1704561842 19
1704561906 22
1704561970 38
1704562034 36
1704562098 36
1704562162 35
1704562226 20
1704562290 10



# Sketch: 20
1704561714 34
1704561778 16
1704561842 38
1704561906 29
1704561970 43
1704562034 39
1704562098 18
1704562162 22
1704562226 30
1704562290 5



# Sketch: 21
1704561714 34
1704561778 11
1704561842 19
1704561906 36
1704561970 40
1704562034 24
1704562098 28
1704562162 27
1704562226 21
1704562290 21



# Sketch: 22
1704561714 47
1704561778 20
1704561842 40
1704561906 32
1704561970 55
1704562034 29
1704562098 33
1704562162 34
1704562226 31
1704562290 8



# Sketch: 23
1704561714 22
1704561778 46
1704561842 18
1704561906 48
1704561970 39
1704562034 36
1704562098 16
1704562162 24
1704562226 24
1704562290 12



# Sketch: 24
1704561714 46
1704561778 21
1704561842 56
1704561906 25
1704561970 27
1704562034 25
1704562098 27
1704562162 34
1704562226 40
1704562290 1



# Sketch: 25
1704561714 56
1704561778 37
1704561842 37
1704561906 38
1704561970 52
1704562034 35
1704562098 27
1704562162 45
1704562226 25
1704562290 7



# Sketch: 26
1704561714 20
1704561778 15
1704561842 64
1704561906 29
1704561970 34
1704562034 31
1704562098 48
1704562162 40
1704562226 27
1704562290 7



# Sketch: 27
1704561714 33
1704561778 33
1704561842 35
1704561906 20
1704561970 61
1704562034 92
1704562098 49
1704562162 29
1704562226 63
1704562290 9



# Sketch: 28
1704561714 32
1704561778 36
1704561842 25
1704561906 35
1704561970 41
1704562034 60
1704562098 36
1704562162 23
1704562226 25
1704562290 11



# Sketch: 29
1704561714 65
1704561778 18
1704561842 66
1704561906 39
1704561970 94
1704562034 69
1704562098 90
1704562162 34
1704562226 41
1704562290 15



# Sketch: 30
1704561714 21
1704561778 65
1704561842 36
1704561906 18
1704561970 31
1704562034 73
1704562098 29
1704562162 27
1704562226 29
1704562290 22



# Sketch: 31
1704561714 70
1704561778 76
1704561842 46
1704561906 31
1704561970 56
1704562034 20
1704562098 42
1704562162 38
1704562226 42
1704562290 8

