

# Sketch: 0
1704561714 31
1704561778 71
1704561842 31
1704561906 27
1704561970 18
1704562034 42
1704562098 22
1704562162 21
1704562226 17
1704562290 8



# Sketch: 1
1704561714 38
1704561778 14
1704561842 53
1704561906 21
1704561970 39
1704562034 95
1704562098 37
1704562162 22
1704562226 28
1704562290 8



# Sketch: 2
1704561714 18
1704561778 44
1704561842 35
1704561906 35
1704561970 40
1704562034 32
1704562098 30
1704562162 22
1704562226 29
1704562290 8



# Sketch: 3
1704561714 33
1704561778 31
1704561842 40
1704561906 27
1704561970 34
1704562034 44
1704562098 34
1704562162 27
1704562226 30
1704562290 26



# Sketch: 4
1704561714 42
1704561778 42
1704561842 26
1704561906 30
1704561970 38
1704562034 33
1704562098 37
1704562162 34
1704562226 24
1704562290 12



# Sketch: 5
1704561714 30
1704561778 51
1704561842 38
1704561906 35
1704561970 33
1704562034 25
1704562098 33
1704562162 33
1704562226 20
1704562290 34



# Sketch: 6
1704561714 40
1704561778 17
1704561842 24
1704561906 40
1704561970 54
1704562034 79
1704562098 65
1704562162 45
1704562226 29
1704562290 19



# Sketch: 7
1704561714 23
1704561778 30
1704561842 24
1704561906 23
1704561970 43
1704562034 113
1704562098 42
1704562162 26
1704562226 34
1704562290 6



# Sketch: 8
1704561714 39
1704561778 22
1704561842 31
1704561906 32
1704561970 54
1704562034 51
1704562098 30
1704562162 31
1704562226 33
1704562290 12



# Sketch: 9
1704561714 25
1704561778 20
1704561842 43
1704561906 16
1704561970 35
1704562034 87
1704562098 31
1704562162 29
1704562226 22
1704562290 6



# Sketch: 10
1704561714 49
1704561778 26
1704561842 31
1704561906 52
1704561970 32
1704562034 42
1704562098 32
1704562162 19
1704562226 28
1704562290 8



# Sketch: 11
1704561714 22
1704561778 42
1704561842 19
1704561906 44
1704561970 23
1704562034 20
1704562098 43
1704562162 29
1704562226 28
1704562290 7



# Sketch: 12
1704561714 33
1704561778 26
1704561842 29
1704561906 56
1704561970 51
1704562034 18
1704562098 16
1704562162 28
1704562226 14
1704562290 7



# Sketch: 13
1704561714 29
1704561778 47
1704561842 26
1704561906 27
1704561970 46
1704562034 23
1704562098 25
1704562162 33
1704562226 29
1704562290 7



# Sketch: 14
1704561714 62
1704561778 19
1704561842 41
1704561906 31
1704561970 58
1704562034 33
1704562098 35
1704562162 37
1704562226 30
1704562290 9



# Sketch: 15
1704561714 81
1704561778 33
1704561842 60
1704561906 31
1704561970 65
1704562034 51
1704562098 60
1704562162 36
1704562226 46
1704562290 8



# Sketch: 16
1704561714 20
1704561778 23
1704561842 89
1704561906 29
1704561970 48
1704562034 46
1704562098 30
1704562162 40
1704562226 53
1704562290 12



# Sketch: 17
1704561714 28
1704561778 37
1704561842 40
1704561906 37
1704561970 34
1704562034 50
1704562098 26
1704562162 42
1704562226 21
1704562290 15



# Sketch: 18
1704561714 31
1704561778 17
1704561842 44
1704561906 26
1704561970 24
1704562034 26
1704562098 25
1704562162 21
1704562226 12
1704562290 5



# Sketch: 19
1704561714 30
1704561778 28
1704561842 32
1704561906 22
1704561970 47
1704562034 16
1704562098 67
1704562162 24
1704562226 20
1704562290 9



# Sketch: 20
1704561714 33
1704561778 18
1704561842 47
1704561906 42
1704561970 54
1704562034 28
1704562098 33
1704562162 55
1704562226 22
1704562290 4



# Sketch: 21
1704561714 27
1704561778 26
1704561842 31
1704561906 21
1704561970 62
1704562034 56
1704562098 18
1704562162 35
1704562226 23
1704562290 5



# Sketch: 22
1704561714 63
1704561778 27
1704561842 65
1704561906 39
1704561970 43
1704562034 47
1704562098 35
1704562162 20
1704562226 24
1704562290 10



# Sketch: 23
1704561714 26
1704561778 13
1704561842 21
1704561906 31
1704561970 48
1704562034 14
1704562098 21
1704562162 31
1704562226 32
1704562290 7



# Sketch: 24
1704561714 21
1704561778 15
1704561842 17
1704561906 17
1704561970 35
1704562034 39
1704562098 18
1704562162 22
1704562226 35
1704562290 10



# Sketch: 25
1704561714 37
1704561778 14
1704561842 47
1704561906 23
1704561970 82
1704562034 47
1704562098 59
1704562162 39
1704562226 19
1704562290 10



# Sketch: 26
1704561714 34
1704561778 30
1704561842 51
1704561906 33
1704561970 32
1704562034 37
1704562098 46
1704562162 34
1704562226 38
1704562290 4



# Sketch: 27
1704561714 86
1704561778 36
1704561842 36
1704561906 24
1704561970 47
1704562034 34
1704562098 26
1704562162 33
1704562226 52
1704562290 7



# Sketch: 28
1704561714 29
1704561778 47
1704561842 24
1704561906 26
1704561970 40
1704562034 24
1704562098 32
1704562162 17
1704562226 21
1704562290 4



# Sketch: 29
1704561714 37
1704561778 37
1704561842 43
1704561906 30
1704561970 54
1704562034 30
1704562098 74
1704562162 30
1704562226 53
1704562290 10



# Sketch: 30
1704561714 27
1704561778 30
1704561842 50
1704561906 39
1704561970 36
1704562034 52
1704562098 35
1704562162 50
1704562226 53
1704562290 7



# Sketch: 31
1704561714 26
1704561778 30
1704561842 39
1704561906 48
1704561970 23
1704562034 31
1704562098 37
1704562162 19
1704562226 18
1704562290 17

