

# Sketch: 0
1704561714 18
1704561746 12
1704561778 12
1704561810 15
1704561842 13
1704561874 44
1704561906 17
1704561938 19
1704561970 19
1704562002 28
1704562034 95
1704562066 9
1704562098 4
1704562130 22
1704562162 14
1704562194 24
1704562226 9
1704562258 7
1704562290 11



# Sketch: 1
1704561714 13
1704561746 24
1704561778 13
1704561810 22
1704561842 17
1704561874 15
1704561906 23
1704561938 15
1704561970 18
1704562002 25
1704562034 22
1704562066 12
1704562098 8
1704562130 17
1704562162 11
1704562194 18
1704562226 11
1704562258 10
1704562290 4



# Sketch: 2
1704561714 12
1704561746 12
1704561778 8
1704561810 12
1704561842 4
1704561874 42
1704561906 15
1704561938 8
1704561970 13
1704562002 31
1704562034 59
1704562066 7
1704562098 8
1704562130 30
1704562162 23
1704562194 13
1704562226 7
1704562258 6
1704562290 8



# Sketch: 3
1704561714 19
1704561746 26
1704561778 17
1704561810 9
1704561842 15
1704561874 23
1704561906 22
1704561938 24
1704561970 18
1704562002 17
1704562034 18
1704562066 35
1704562098 18
1704562130 14
1704562162 18
1704562194 21
1704562226 16
1704562258 21
1704562290 10



# Sketch: 4
1704561714 11
1704561746 29
1704561778 10
1704561810 5
1704561842 10
1704561874 14
1704561906 14
1704561938 8
1704561970 13
1704562002 19
1704562034 26
1704562066 16
1704562098 16
1704562130 28
1704562162 6
1704562194 6
1704562226 9
1704562258 10
1704562290 11



# Sketch: 5
1704561714 22
1704561746 8
1704561778 14
1704561810 13
1704561842 26
1704561874 22
1704561906 11
1704561938 9
1704561970 27
1704562002 24
1704562034 80
1704562066 20
1704562098 22
1704562130 13
1704562162 17
1704562194 17
1704562226 20
1704562258 16
1704562290 27



# Sketch: 6
1704561714 13
1704561746 12
1704561778 15
1704561810 10
1704561842 13
1704561874 13
1704561906 22
1704561938 5
1704561970 25
1704562002 21
1704562034 21
1704562066 4
1704562098 16
1704562130 26
1704562162 15
1704562194 16
1704562226 26
1704562258 25
1704562290 6



# Sketch: 7
1704561714 9
1704561746 27
1704561778 44
1704561810 52
1704561842 13
1704561874 22
1704561906 13
1704561938 10
1704561970 21
1704562002 8
1704562034 37
1704562066 11
1704562098 9
1704562130 26
1704562162 9
1704562194 16
1704562226 14
1704562258 10
1704562290 17



# Sketch: 8
1704561714 10
1704561746 12
1704561778 9
1704561810 5
1704561842 21
1704561874 13
1704561906 11
1704561938 11
1704561970 15
1704562002 22
1704562034 14
1704562066 7
1704562098 15
1704562130 15
1704562162 10
1704562194 8
1704562226 11
1704562258 32
1704562290 10



# Sketch: 9
1704561714 16
1704561746 16
1704561778 15
1704561810 10
1704561842 9
1704561874 27
1704561906 19
1704561938 14
1704561970 11
1704562002 22
1704562034 18
1704562066 18
1704562098 17
1704562130 14
1704562162 19
1704562194 18
1704562226 18
1704562258 13
1704562290 8



# Sketch: 10
1704561714 16
1704561746 15
1704561778 7
1704561810 34
1704561842 12
1704561874 23
1704561906 11
1704561938 14
1704561970 13
1704562002 13
1704562034 12
1704562066 19
1704562098 21
1704562130 12
1704562162 7
1704562194 9
1704562226 11
1704562258 7
1704562290 12



# Sketch: 11
1704561714 13
1704561746 10
1704561778 41
1704561810 13
1704561842 21
1704561874 22
1704561906 12
1704561938 20
1704561970 21
1704562002 10
1704562034 20
1704562066 16
1704562098 16
1704562130 6
1704562162 19
1704562194 15
1704562226 23
1704562258 18
1704562290 15



# Sketch: 12
1704561714 20
1704561746 5
1704561778 6
1704561810 24
1704561842 21
1704561874 15
1704561906 8
1704561938 6
1704561970 19
1704562002 17
1704562034 13
1704562066 27
1704562098 13
1704562130 22
1704562162 37
1704562194 18
1704562226 15
1704562258 7
1704562290 4



# Sketch: 13
1704561714 12
1704561746 27
1704561778 10
1704561810 23
1704561842 8
1704561874 14
1704561906 13
1704561938 26
1704561970 21
1704562002 17
1704562034 72
1704562066 22
1704562098 17
1704562130 18
1704562162 4
1704562194 11
1704562226 16
1704562258 13
1704562290 7



# Sketch: 14
1704561714 10
1704561746 11
1704561778 10
1704561810 6
1704561842 22
1704561874 11
1704561906 18
1704561938 18
1704561970 15
1704562002 13
1704562034 31
1704562066 6
1704562098 9
1704562130 17
1704562162 9
1704562194 15
1704562226 8
1704562258 13
1704562290 5



# Sketch: 15
1704561714 17
1704561746 20
1704561778 16
1704561810 11
1704561842 25
1704561874 13
1704561906 15
1704561938 23
1704561970 32
1704562002 31
1704562034 13
1704562066 19
1704562098 16
1704562130 27
1704562162 15
1704562194 22
1704562226 22
1704562258 10
1704562290 2



# Sketch: 16
1704561714 26
1704561746 10
1704561778 14
1704561810 18
1704561842 18
1704561874 19
1704561906 12
1704561938 19
1704561970 21
1704562002 20
1704562034 18
1704562066 12
1704562098 16
1704562130 23
1704562162 19
1704562194 16
1704562226 11
1704562258 10
1704562290 9



# Sketch: 17
1704561714 19
1704561746 22
1704561778 12
1704561810 16
1704561842 9
1704561874 19
1704561906 16
1704561938 12
1704561970 22
1704562002 31
1704562034 28
1704562066 27
1704562098 10
1704562130 10
1704562162 17
1704562194 28
1704562226 6
1704562258 22
1704562290 30



# Sketch: 18
1704561714 11
1704561746 12
1704561778 11
1704561810 6
1704561842 17
1704561874 10
1704561906 27
1704561938 5
1704561970 44
1704562002 20
1704562034 15
1704562066 11
1704562098 16
1704562130 25
1704562162 7
1704562194 10
1704562226 20
1704562258 10
1704562290 7



# Sketch: 19
1704561714 12
1704561746 19
1704561778 17
1704561810 13
1704561842 18
1704561874 18
1704561906 8
1704561938 9
1704561970 9
1704562002 32
1704562034 8
1704562066 18
1704562098 21
1704562130 8
1704562162 8
1704562194 9
1704562226 6
1704562258 32
1704562290 12



# Sketch: 20
1704561714 12
1704561746 32
1704561778 9
1704561810 11
1704561842 3
1704561874 23
1704561906 24
1704561938 11
1704561970 7
1704562002 48
1704562034 13
1704562066 11
1704562098 11
1704562130 14
1704562162 15
1704562194 15
1704562226 9
1704562258 15
1704562290 20



# Sketch: 21
1704561714 27
1704561746 11
1704561778 27
1704561810 9
1704561842 27
1704561874 7
1704561906 10
1704561938 11
1704561970 17
1704562002 29
1704562034 38
1704562066 23
1704562098 24
1704562130 14
1704562162 10
1704562194 17
1704562226 12
1704562258 34
1704562290 5



# Sketch: 22
1704561714 21
1704561746 6
1704561778 11
1704561810 7
1704561842 4
1704561874 46
1704561906 5
1704561938 16
1704561970 19
1704562002 12
1704562034 44
1704562066 11
1704562098 53
1704562130 21
1704562162 14
1704562194 14
1704562226 5
1704562258 13
1704562290 2



# Sketch: 23
1704561714 20
1704561746 25
1704561778 22
1704561810 10
1704561842 14
1704561874 29
1704561906 20
1704561938 13
1704561970 19
1704562002 20
1704562034 11
1704562066 12
1704562098 24
1704562130 26
1704562162 12
1704562194 18
1704562226 20
1704562258 23
1704562290 10



# Sketch: 24
1704561714 63
1704561746 59
1704561778 26
1704561810 11
1704561842 44
1704561874 34
1704561906 41
1704561938 16
1704561970 59
1704562002 31
1704562034 14
1704562066 26
1704562098 43
1704562130 45
1704562162 32
1704562194 33
1704562226 19
1704562258 24
1704562290 7



# Sketch: 25
1704561714 19
1704561746 9
1704561778 19
1704561810 19
1704561842 16
1704561874 21
1704561906 23
1704561938 4
1704561970 9
1704562002 6
1704562034 17
1704562066 14
1704562098 11
1704562130 21
1704562162 12
1704562194 14
1704562226 8
1704562258 21
1704562290 5



# Sketch: 26
1704561714 18
1704561746 7
1704561778 5
1704561810 5
1704561842 12
1704561874 12
1704561906 28
1704561938 10
1704561970 29
1704562002 32
1704562034 16
1704562066 14
1704562098 12
1704562130 31
1704562162 13
1704562194 28
1704562226 12
1704562258 4
1704562290 6



# Sketch: 27
1704561714 27
1704561746 18
1704561778 13
1704561810 11
1704561842 10
1704561874 11
1704561906 8
1704561938 8
1704561970 30
1704562002 16
1704562034 15
1704562066 14
1704562098 20
1704562130 7
1704562162 15
1704562194 14
1704562226 8
1704562258 12
1704562290 10



# Sketch: 28
1704561714 17
1704561746 7
1704561778 18
1704561810 22
1704561842 18
1704561874 38
1704561906 22
1704561938 9
1704561970 17
1704562002 14
1704562034 11
1704562066 12
1704562098 8
1704562130 19
1704562162 13
1704562194 19
1704562226 14
1704562258 9
1704562290 11



# Sketch: 29
1704561714 25
1704561746 21
1704561778 11
1704561810 16
1704561842 23
1704561874 15
1704561906 18
1704561938 31
1704561970 39
1704562002 16
1704562034 38
1704562066 13
1704562098 13
1704562130 22
1704562162 7
1704562194 25
1704562226 20
1704562258 18
1704562290 12



# Sketch: 30
1704561714 17
1704561746 18
1704561778 28
1704561810 8
1704561842 15
1704561874 21
1704561906 14
1704561938 5
1704561970 18
1704562002 17
1704562034 17
1704562066 17
1704562098 4
1704562130 10
1704562162 13
1704562194 8
1704562226 5
1704562258 10
1704562290 10



# Sketch: 31
1704561714 21
1704561746 22
1704561778 13
1704561810 14
1704561842 35
1704561874 38
1704561906 40
1704561938 45
1704561970 21
1704562002 29
1704562034 16
1704562066 12
1704562098 28
1704562130 12
1704562162 9
1704562194 20
1704562226 39
1704562258 12
1704562290 8

