

# Sketch: 0
1704583914 61
1704584042 28
1704584170 66
1704584298 72
1704584426 29



# Sketch: 1
1704583914 64
1704584042 49
1704584170 48
1704584298 62
1704584426 52



# Sketch: 2
1704583914 93
1704584042 61
1704584170 50
1704584298 82
1704584426 46



# Sketch: 3
1704583914 41
1704584042 29
1704584170 30
1704584298 45
1704584426 38



# Sketch: 4
1704583914 53
1704584042 80
1704584170 34
1704584298 61
1704584426 23



# Sketch: 5
1704583914 66
1704584042 61
1704584170 66
1704584298 37
1704584426 50



# Sketch: 6
1704583914 65
1704584042 73
1704584170 55
1704584298 86
1704584426 97



# Sketch: 7
1704583914 83
1704584042 56
1704584170 66
1704584298 47
1704584426 46



# Sketch: 8
1704583914 59
1704584042 65
1704584170 50
1704584298 49
1704584426 33



# Sketch: 9
1704583914 81
1704584042 55
1704584170 72
1704584298 64
1704584426 41



# Sketch: 10
1704583914 75
1704584042 60
1704584170 66
1704584298 72
1704584426 50



# Sketch: 11
1704583914 101
1704584042 79
1704584170 86
1704584298 75
1704584426 57



# Sketch: 12
1704583914 62
1704584042 56
1704584170 35
1704584298 47
1704584426 35



# Sketch: 13
1704583914 60
1704584042 63
1704584170 90
1704584298 68
1704584426 46



# Sketch: 14
1704583914 109
1704584042 55
1704584170 71
1704584298 45
1704584426 82



# Sketch: 15
1704583914 66
1704584042 71
1704584170 64
1704584298 76
1704584426 50



# Sketch: 16
1704583914 75
1704584042 30
1704584170 71
1704584298 118
1704584426 44



# Sketch: 17
1704583914 58
1704584042 43
1704584170 53
1704584298 33
1704584426 37



# Sketch: 18
1704583914 51
1704584042 42
1704584170 77
1704584298 68
1704584426 33



# Sketch: 19
1704583914 55
1704584042 48
1704584170 45
1704584298 73
1704584426 24



# Sketch: 20
1704583914 55
1704584042 54
1704584170 56
1704584298 63
1704584426 33



# Sketch: 21
1704583914 63
1704584042 56
1704584170 99
1704584298 79
1704584426 57



# Sketch: 22
1704583914 60
1704584042 36
1704584170 38
1704584298 70
1704584426 44



# Sketch: 23
1704583914 49
1704584042 40
1704584170 40
1704584298 52
1704584426 24



# Sketch: 24
1704583914 83
1704584042 78
1704584170 42
1704584298 77
1704584426 21



# Sketch: 25
1704583914 117
1704584042 78
1704584170 101
1704584298 70
1704584426 55



# Sketch: 26
1704583914 50
1704584042 68
1704584170 38
1704584298 30
1704584426 39



# Sketch: 27
1704583914 78
1704584042 90
1704584170 64
1704584298 94
1704584426 55



# Sketch: 28
1704583914 62
1704584042 49
1704584170 51
1704584298 48
1704584426 34



# Sketch: 29
1704583914 58
1704584042 43
1704584170 48
1704584298 48
1704584426 37



# Sketch: 30
1704583914 57
1704584042 47
1704584170 44
1704584298 38
1704584426 32



# Sketch: 31
1704583914 53
1704584042 40
1704584170 29
1704584298 38
1704584426 29

