

# Sketch: 0
1704583914 37
1704583978 71
1704584042 17
1704584106 60
1704584170 28
1704584234 21
1704584298 40
1704584362 21
1704584426 58
1704584490 8



# Sketch: 1
1704583914 17
1704583978 32
1704584042 29
1704584106 25
1704584170 44
1704584234 45
1704584298 36
1704584362 35
1704584426 20
1704584490 4



# Sketch: 2
1704583914 20
1704583978 55
1704584042 26
1704584106 39
1704584170 36
1704584234 31
1704584298 53
1704584362 42
1704584426 31
1704584490 14



# Sketch: 3
1704583914 33
1704583978 23
1704584042 22
1704584106 14
1704584170 24
1704584234 22
1704584298 26
1704584362 21
1704584426 32
1704584490 7



# Sketch: 4
1704583914 25
1704583978 42
1704584042 70
1704584106 14
1704584170 26
1704584234 29
1704584298 30
1704584362 23
1704584426 28
1704584490 5



# Sketch: 5
1704583914 27
1704583978 53
1704584042 38
1704584106 14
1704584170 34
1704584234 33
1704584298 20
1704584362 24
1704584426 34
1704584490 11



# Sketch: 6
1704583914 43
1704583978 35
1704584042 31
1704584106 36
1704584170 30
1704584234 37
1704584298 37
1704584362 38
1704584426 36
1704584490 14



# Sketch: 7
1704583914 46
1704583978 43
1704584042 31
1704584106 36
1704584170 28
1704584234 30
1704584298 109
1704584362 28
1704584426 23
1704584490 14



# Sketch: 8
1704583914 16
1704583978 34
1704584042 25
1704584106 64
1704584170 34
1704584234 31
1704584298 51
1704584362 39
1704584426 42
1704584490 13



# Sketch: 9
1704583914 33
1704583978 25
1704584042 35
1704584106 16
1704584170 27
1704584234 37
1704584298 22
1704584362 19
1704584426 24
1704584490 17



# Sketch: 10
1704583914 27
1704583978 39
1704584042 28
1704584106 25
1704584170 20
1704584234 27
1704584298 41
1704584362 35
1704584426 35
1704584490 11



# Sketch: 11
1704583914 29
1704583978 35
1704584042 41
1704584106 10
1704584170 52
1704584234 21
1704584298 43
1704584362 15
1704584426 35
1704584490 10



# Sketch: 12
1704583914 21
1704583978 36
1704584042 46
1704584106 36
1704584170 29
1704584234 19
1704584298 36
1704584362 38
1704584426 21
1704584490 33



# Sketch: 13
1704583914 34
1704583978 55
1704584042 34
1704584106 40
1704584170 32
1704584234 28
1704584298 54
1704584362 30
1704584426 34
1704584490 12



# Sketch: 14
1704583914 72
1704583978 28
1704584042 38
1704584106 13
1704584170 30
1704584234 17
1704584298 25
1704584362 26
1704584426 40
1704584490 4



# Sketch: 15
1704583914 36
1704583978 36
1704584042 36
1704584106 19
1704584170 16
1704584234 46
1704584298 30
1704584362 38
1704584426 33
1704584490 4



# Sketch: 16
1704583914 38
1704583978 49
1704584042 43
1704584106 14
1704584170 25
1704584234 65
1704584298 20
1704584362 49
1704584426 69
1704584490 2



# Sketch: 17
1704583914 22
1704583978 31
1704584042 32
1704584106 19
1704584170 20
1704584234 16
1704584298 21
1704584362 49
1704584426 29
1704584490 7



# Sketch: 18
1704583914 28
1704583978 30
1704584042 24
1704584106 29
1704584170 31
1704584234 35
1704584298 21
1704584362 30
1704584426 24
1704584490 9



# Sketch: 19
1704583914 44
1704583978 21
1704584042 8
1704584106 20
1704584170 21
1704584234 26
1704584298 23
1704584362 28
1704584426 18
1704584490 13



# Sketch: 20
1704583914 32
1704583978 36
1704584042 24
1704584106 21
1704584170 31
1704584234 30
1704584298 31
1704584362 18
1704584426 32
1704584490 10



# Sketch: 21
1704583914 33
1704583978 36
1704584042 30
1704584106 17
1704584170 31
1704584234 26
1704584298 28
1704584362 18
1704584426 47
1704584490 10



# Sketch: 22
1704583914 29
1704583978 22
1704584042 26
1704584106 26
1704584170 45
1704584234 39
1704584298 14
1704584362 15
1704584426 23
1704584490 7



# Sketch: 23
1704583914 43
1704583978 38
1704584042 36
1704584106 37
1704584170 24
1704584234 44
1704584298 25
1704584362 29
1704584426 71
1704584490 24



# Sketch: 24
1704583914 15
1704583978 57
1704584042 23
1704584106 23
1704584170 24
1704584234 15
1704584298 12
1704584362 23
1704584426 17
1704584490 5



# Sketch: 25
1704583914 38
1704583978 44
1704584042 24
1704584106 25
1704584170 18
1704584234 20
1704584298 29
1704584362 25
1704584426 32
1704584490 10



# Sketch: 26
1704583914 38
1704583978 27
1704584042 38
1704584106 17
1704584170 17
1704584234 19
1704584298 26
1704584362 34
1704584426 21
1704584490 11



# Sketch: 27
1704583914 31
1704583978 18
1704584042 29
1704584106 14
1704584170 18
1704584234 23
1704584298 21
1704584362 36
1704584426 20
1704584490 5



# Sketch: 28
1704583914 40
1704583978 27
1704584042 36
1704584106 25
1704584170 32
1704584234 42
1704584298 22
1704584362 43
1704584426 29
1704584490 19



# Sketch: 29
1704583914 15
1704583978 24
1704584042 31
1704584106 19
1704584170 30
1704584234 11
1704584298 17
1704584362 35
1704584426 28
1704584490 10



# Sketch: 30
1704583914 29
1704583978 20
1704584042 15
1704584106 23
1704584170 44
1704584234 27
1704584298 32
1704584362 41
1704584426 31
1704584490 7



# Sketch: 31
1704583914 26
1704583978 24
1704584042 14
1704584106 13
1704584170 18
1704584234 14
1704584298 22
1704584362 25
1704584426 18
1704584490 8

