

# Sketch: 0
1704583914 8
1704583930 5
1704583946 5
1704583962 13
1704583978 3
1704583994 8
1704584010 2
1704584026 8
1704584042 6
1704584058 36
1704584074 3
1704584090 3
1704584106 4
1704584122 4
1704584138 3
1704584154 7
1704584170 7
1704584186 4
1704584202 6
1704584218 5
1704584234 2
1704584250 2
1704584266 3
1704584282 4
1704584298 10
1704584314 6
1704584330 8
1704584346 4
1704584362 6
1704584378 4
1704584394 5
1704584410 8
1704584426 5
1704584442 8
1704584458 10
1704584474 25
1704584490 3
1704584506 2



# Sketch: 1
1704583914 6
1704583930 0
1704583946 10
1704583962 3
1704583978 19
1704583994 9
1704584010 16
1704584026 4
1704584042 8
1704584058 14
1704584074 17
1704584090 7
1704584106 6
1704584122 2
1704584138 1
1704584154 10
1704584170 4
1704584186 3
1704584202 1
1704584218 9
1704584234 14
1704584250 1
1704584266 6
1704584282 19
1704584298 19
1704584314 6
1704584330 3
1704584346 2
1704584362 1
1704584378 4
1704584394 3
1704584410 12
1704584426 1
1704584442 6
1704584458 0
1704584474 3
1704584490 1
1704584506 0



# Sketch: 2
1704583914 7
1704583930 4
1704583946 1
1704583962 0
1704583978 21
1704583994 13
1704584010 7
1704584026 10
1704584042 8
1704584058 15
1704584074 9
1704584090 19
1704584106 9
1704584122 10
1704584138 4
1704584154 9
1704584170 2
1704584186 5
1704584202 7
1704584218 12
1704584234 11
1704584250 14
1704584266 6
1704584282 19
1704584298 1
1704584314 5
1704584330 10
1704584346 9
1704584362 21
1704584378 7
1704584394 5
1704584410 4
1704584426 9
1704584442 16
1704584458 15
1704584474 11
1704584490 15
1704584506 1



# Sketch: 3
1704583914 7
1704583930 3
1704583946 4
1704583962 11
1704583978 18
1704583994 11
1704584010 13
1704584026 8
1704584042 8
1704584058 12
1704584074 1
1704584090 11
1704584106 2
1704584122 6
1704584138 3
1704584154 6
1704584170 24
1704584186 6
1704584202 6
1704584218 5
1704584234 2
1704584250 3
1704584266 5
1704584282 9
1704584298 14
1704584314 9
1704584330 7
1704584346 6
1704584362 7
1704584378 4
1704584394 14
1704584410 5
1704584426 0
1704584442 6
1704584458 23
1704584474 6
1704584490 11
1704584506 3



# Sketch: 4
1704583914 4
1704583930 8
1704583946 6
1704583962 2
1704583978 14
1704583994 5
1704584010 3
1704584026 7
1704584042 10
1704584058 3
1704584074 4
1704584090 6
1704584106 8
1704584122 5
1704584138 1
1704584154 15
1704584170 7
1704584186 15
1704584202 6
1704584218 11
1704584234 3
1704584250 2
1704584266 2
1704584282 6
1704584298 6
1704584314 5
1704584330 8
1704584346 33
1704584362 3
1704584378 5
1704584394 12
1704584410 13
1704584426 8
1704584442 9
1704584458 5
1704584474 11
1704584490 4
1704584506 2



# Sketch: 5
1704583914 8
1704583930 18
1704583946 4
1704583962 11
1704583978 16
1704583994 8
1704584010 10
1704584026 2
1704584042 5
1704584058 9
1704584074 3
1704584090 3
1704584106 8
1704584122 1
1704584138 1
1704584154 9
1704584170 8
1704584186 2
1704584202 4
1704584218 9
1704584234 5
1704584250 3
1704584266 7
1704584282 16
1704584298 10
1704584314 5
1704584330 7
1704584346 5
1704584362 6
1704584378 3
1704584394 6
1704584410 13
1704584426 3
1704584442 8
1704584458 11
1704584474 5
1704584490 7
1704584506 12



# Sketch: 6
1704583914 9
1704583930 1
1704583946 4
1704583962 7
1704583978 14
1704583994 5
1704584010 8
1704584026 3
1704584042 7
1704584058 10
1704584074 4
1704584090 3
1704584106 3
1704584122 1
1704584138 2
1704584154 10
1704584170 20
1704584186 7
1704584202 8
1704584218 6
1704584234 7
1704584250 6
1704584266 14
1704584282 8
1704584298 6
1704584314 4
1704584330 7
1704584346 7
1704584362 4
1704584378 6
1704584394 7
1704584410 4
1704584426 10
1704584442 2
1704584458 13
1704584474 9
1704584490 7
1704584506 2



# Sketch: 7
1704583914 5
1704583930 5
1704583946 7
1704583962 3
1704583978 15
1704583994 4
1704584010 20
1704584026 14
1704584042 3
1704584058 6
1704584074 6
1704584090 7
1704584106 10
1704584122 0
1704584138 5
1704584154 4
1704584170 6
1704584186 8
1704584202 10
1704584218 8
1704584234 8
1704584250 9
1704584266 15
1704584282 3
1704584298 6
1704584314 0
1704584330 2
1704584346 7
1704584362 5
1704584378 7
1704584394 9
1704584410 13
1704584426 4
1704584442 4
1704584458 5
1704584474 1
1704584490 9
1704584506 4



# Sketch: 8
1704583914 6
1704583930 13
1704583946 5
1704583962 5
1704583978 16
1704583994 2
1704584010 5
1704584026 5
1704584042 7
1704584058 2
1704584074 7
1704584090 18
1704584106 14
1704584122 8
1704584138 6
1704584154 2
1704584170 20
1704584186 9
1704584202 13
1704584218 8
1704584234 7
1704584250 7
1704584266 4
1704584282 19
1704584298 2
1704584314 6
1704584330 21
1704584346 4
1704584362 2
1704584378 5
1704584394 4
1704584410 13
1704584426 2
1704584442 15
1704584458 14
1704584474 9
1704584490 3
1704584506 3



# Sketch: 9
1704583914 9
1704583930 5
1704583946 10
1704583962 6
1704583978 9
1704583994 10
1704584010 7
1704584026 15
1704584042 9
1704584058 6
1704584074 5
1704584090 8
1704584106 10
1704584122 2
1704584138 43
1704584154 2
1704584170 7
1704584186 9
1704584202 6
1704584218 7
1704584234 9
1704584250 4
1704584266 8
1704584282 6
1704584298 7
1704584314 12
1704584330 3
1704584346 2
1704584362 2
1704584378 4
1704584394 6
1704584410 7
1704584426 13
1704584442 7
1704584458 3
1704584474 8
1704584490 4
1704584506 4



# Sketch: 10
1704583914 7
1704583930 19
1704583946 13
1704583962 3
1704583978 17
1704583994 3
1704584010 3
1704584026 2
1704584042 4
1704584058 4
1704584074 6
1704584090 3
1704584106 8
1704584122 4
1704584138 5
1704584154 15
1704584170 7
1704584186 1
1704584202 4
1704584218 0
1704584234 2
1704584250 6
1704584266 18
1704584282 1
1704584298 9
1704584314 2
1704584330 19
1704584346 5
1704584362 1
1704584378 3
1704584394 12
1704584410 5
1704584426 5
1704584442 9
1704584458 9
1704584474 3
1704584490 1
1704584506 2



# Sketch: 11
1704583914 20
1704583930 6
1704583946 4
1704583962 5
1704583978 17
1704583994 6
1704584010 7
1704584026 6
1704584042 5
1704584058 10
1704584074 5
1704584090 13
1704584106 17
1704584122 6
1704584138 10
1704584154 3
1704584170 10
1704584186 6
1704584202 2
1704584218 8
1704584234 6
1704584250 18
1704584266 7
1704584282 5
1704584298 9
1704584314 5
1704584330 4
1704584346 2
1704584362 7
1704584378 1
1704584394 9
1704584410 10
1704584426 8
1704584442 10
1704584458 22
1704584474 7
1704584490 16
1704584506 8



# Sketch: 12
1704583914 12
1704583930 11
1704583946 1
1704583962 9
1704583978 12
1704583994 18
1704584010 0
1704584026 6
1704584042 23
1704584058 6
1704584074 1
1704584090 10
1704584106 14
1704584122 0
1704584138 2
1704584154 0
1704584170 13
1704584186 5
1704584202 5
1704584218 4
1704584234 10
1704584250 11
1704584266 5
1704584282 8
1704584298 4
1704584314 11
1704584330 8
1704584346 11
1704584362 5
1704584378 5
1704584394 7
1704584410 9
1704584426 8
1704584442 7
1704584458 6
1704584474 13
1704584490 7
1704584506 7



# Sketch: 13
1704583914 1
1704583930 12
1704583946 17
1704583962 5
1704583978 8
1704583994 4
1704584010 6
1704584026 7
1704584042 7
1704584058 18
1704584074 10
1704584090 15
1704584106 7
1704584122 2
1704584138 2
1704584154 5
1704584170 7
1704584186 5
1704584202 4
1704584218 5
1704584234 3
1704584250 2
1704584266 12
1704584282 6
1704584298 3
1704584314 9
1704584330 6
1704584346 14
1704584362 6
1704584378 2
1704584394 19
1704584410 16
1704584426 6
1704584442 12
1704584458 9
1704584474 6
1704584490 2
1704584506 4



# Sketch: 14
1704583914 14
1704583930 4
1704583946 5
1704583962 2
1704583978 25
1704583994 10
1704584010 6
1704584026 12
1704584042 9
1704584058 7
1704584074 3
1704584090 13
1704584106 6
1704584122 5
1704584138 7
1704584154 3
1704584170 12
1704584186 5
1704584202 3
1704584218 8
1704584234 13
1704584250 7
1704584266 7
1704584282 2
1704584298 0
1704584314 1
1704584330 8
1704584346 6
1704584362 14
1704584378 0
1704584394 16
1704584410 9
1704584426 2
1704584442 1
1704584458 17
1704584474 20
1704584490 6
1704584506 1



# Sketch: 15
1704583914 1
1704583930 2
1704583946 4
1704583962 15
1704583978 19
1704583994 5
1704584010 4
1704584026 5
1704584042 5
1704584058 16
1704584074 7
1704584090 5
1704584106 3
1704584122 6
1704584138 0
1704584154 2
1704584170 4
1704584186 2
1704584202 11
1704584218 5
1704584234 3
1704584250 2
1704584266 2
1704584282 6
1704584298 8
1704584314 3
1704584330 4
1704584346 3
1704584362 2
1704584378 3
1704584394 8
1704584410 17
1704584426 4
1704584442 7
1704584458 8
1704584474 7
1704584490 11
1704584506 3



# Sketch: 16
1704583914 8
1704583930 25
1704583946 7
1704583962 10
1704583978 8
1704583994 3
1704584010 2
1704584026 7
1704584042 8
1704584058 8
1704584074 1
1704584090 2
1704584106 8
1704584122 4
1704584138 8
1704584154 11
1704584170 9
1704584186 4
1704584202 7
1704584218 5
1704584234 25
1704584250 7
1704584266 11
1704584282 11
1704584298 10
1704584314 4
1704584330 1
1704584346 14
1704584362 11
1704584378 5
1704584394 12
1704584410 5
1704584426 4
1704584442 13
1704584458 6
1704584474 7
1704584490 7
1704584506 4



# Sketch: 17
1704583914 4
1704583930 27
1704583946 13
1704583962 1
1704583978 13
1704583994 1
1704584010 7
1704584026 5
1704584042 13
1704584058 4
1704584074 3
1704584090 10
1704584106 2
1704584122 11
1704584138 4
1704584154 7
1704584170 14
1704584186 10
1704584202 1
1704584218 6
1704584234 0
1704584250 3
1704584266 1
1704584282 8
1704584298 3
1704584314 9
1704584330 2
1704584346 10
1704584362 5
1704584378 5
1704584394 12
1704584410 24
1704584426 12
1704584442 5
1704584458 9
1704584474 4
1704584490 5
1704584506 4



# Sketch: 18
1704583914 14
1704583930 5
1704583946 1
1704583962 3
1704583978 8
1704583994 5
1704584010 4
1704584026 8
1704584042 2
1704584058 8
1704584074 2
1704584090 5
1704584106 8
1704584122 7
1704584138 9
1704584154 2
1704584170 7
1704584186 4
1704584202 16
1704584218 5
1704584234 6
1704584250 6
1704584266 6
1704584282 4
1704584298 5
1704584314 5
1704584330 9
1704584346 21
1704584362 9
1704584378 4
1704584394 7
1704584410 1
1704584426 4
1704584442 7
1704584458 11
1704584474 9
1704584490 5
1704584506 1



# Sketch: 19
1704583914 10
1704583930 16
1704583946 9
1704583962 7
1704583978 9
1704583994 5
1704584010 7
1704584026 4
1704584042 12
1704584058 8
1704584074 4
1704584090 6
1704584106 2
1704584122 2
1704584138 6
1704584154 19
1704584170 13
1704584186 10
1704584202 9
1704584218 5
1704584234 11
1704584250 4
1704584266 2
1704584282 19
1704584298 12
1704584314 8
1704584330 8
1704584346 11
1704584362 4
1704584378 6
1704584394 10
1704584410 15
1704584426 1
1704584442 9
1704584458 7
1704584474 12
1704584490 5
1704584506 4



# Sketch: 20
1704583914 8
1704583930 8
1704583946 5
1704583962 22
1704583978 14
1704583994 4
1704584010 15
1704584026 17
1704584042 7
1704584058 8
1704584074 5
1704584090 4
1704584106 3
1704584122 3
1704584138 1
1704584154 8
1704584170 14
1704584186 5
1704584202 5
1704584218 6
1704584234 17
1704584250 4
1704584266 7
1704584282 5
1704584298 5
1704584314 4
1704584330 3
1704584346 3
1704584362 2
1704584378 21
1704584394 8
1704584410 17
1704584426 3
1704584442 5
1704584458 3
1704584474 9
1704584490 2
1704584506 2



# Sketch: 21
1704583914 10
1704583930 9
1704583946 14
1704583962 7
1704583978 16
1704583994 4
1704584010 4
1704584026 2
1704584042 5
1704584058 10
1704584074 2
1704584090 1
1704584106 6
1704584122 4
1704584138 3
1704584154 12
1704584170 8
1704584186 8
1704584202 4
1704584218 1
1704584234 6
1704584250 11
1704584266 8
1704584282 5
1704584298 12
1704584314 6
1704584330 9
1704584346 8
1704584362 5
1704584378 6
1704584394 16
1704584410 9
1704584426 7
1704584442 6
1704584458 8
1704584474 15
1704584490 6
1704584506 5



# Sketch: 22
1704583914 16
1704583930 5
1704583946 9
1704583962 5
1704583978 9
1704583994 4
1704584010 6
1704584026 7
1704584042 8
1704584058 4
1704584074 0
1704584090 14
1704584106 4
1704584122 15
1704584138 7
1704584154 4
1704584170 7
1704584186 6
1704584202 6
1704584218 3
1704584234 1
1704584250 2
1704584266 10
1704584282 7
1704584298 14
1704584314 67
1704584330 3
1704584346 16
1704584362 8
1704584378 10
1704584394 9
1704584410 7
1704584426 5
1704584442 2
1704584458 3
1704584474 8
1704584490 4
1704584506 7



# Sketch: 23
1704583914 10
1704583930 7
1704583946 11
1704583962 4
1704583978 14
1704583994 48
1704584010 2
1704584026 7
1704584042 21
1704584058 0
1704584074 9
1704584090 9
1704584106 2
1704584122 2
1704584138 11
1704584154 1
1704584170 4
1704584186 16
1704584202 8
1704584218 8
1704584234 11
1704584250 2
1704584266 3
1704584282 3
1704584298 3
1704584314 2
1704584330 3
1704584346 6
1704584362 3
1704584378 5
1704584394 9
1704584410 5
1704584426 15
1704584442 6
1704584458 6
1704584474 7
1704584490 18
1704584506 5



# Sketch: 24
1704583914 13
1704583930 13
1704583946 7
1704583962 1
1704583978 8
1704583994 10
1704584010 6
1704584026 3
1704584042 11
1704584058 6
1704584074 1
1704584090 2
1704584106 48
1704584122 3
1704584138 9
1704584154 6
1704584170 6
1704584186 7
1704584202 5
1704584218 9
1704584234 4
1704584250 3
1704584266 2
1704584282 6
1704584298 15
1704584314 12
1704584330 9
1704584346 5
1704584362 6
1704584378 5
1704584394 11
1704584410 8
1704584426 8
1704584442 8
1704584458 3
1704584474 3
1704584490 4
1704584506 6



# Sketch: 25
1704583914 4
1704583930 6
1704583946 6
1704583962 25
1704583978 20
1704583994 15
1704584010 6
1704584026 8
1704584042 10
1704584058 3
1704584074 3
1704584090 14
1704584106 13
1704584122 8
1704584138 1
1704584154 4
1704584170 4
1704584186 8
1704584202 8
1704584218 10
1704584234 6
1704584250 10
1704584266 10
1704584282 8
1704584298 15
1704584314 17
1704584330 17
1704584346 12
1704584362 9
1704584378 2
1704584394 8
1704584410 10
1704584426 8
1704584442 4
1704584458 13
1704584474 10
1704584490 18
1704584506 6



# Sketch: 26
1704583914 3
1704583930 11
1704583946 3
1704583962 10
1704583978 16
1704583994 7
1704584010 7
1704584026 4
1704584042 9
1704584058 8
1704584074 2
1704584090 1
1704584106 9
1704584122 2
1704584138 2
1704584154 10
1704584170 6
1704584186 1
1704584202 3
1704584218 4
1704584234 4
1704584250 6
1704584266 5
1704584282 13
1704584298 7
1704584314 5
1704584330 5
1704584346 3
1704584362 7
1704584378 2
1704584394 4
1704584410 6
1704584426 10
1704584442 35
1704584458 5
1704584474 7
1704584490 3
1704584506 4



# Sketch: 27
1704583914 7
1704583930 9
1704583946 5
1704583962 3
1704583978 14
1704583994 4
1704584010 2
1704584026 1
1704584042 13
1704584058 3
1704584074 3
1704584090 3
1704584106 2
1704584122 0
1704584138 3
1704584154 4
1704584170 9
1704584186 6
1704584202 6
1704584218 12
1704584234 7
1704584250 7
1704584266 5
1704584282 9
1704584298 6
1704584314 7
1704584330 26
1704584346 5
1704584362 2
1704584378 8
1704584394 8
1704584410 6
1704584426 10
1704584442 5
1704584458 2
1704584474 9
1704584490 9
1704584506 2



# Sketch: 28
1704583914 11
1704583930 5
1704583946 2
1704583962 10
1704583978 10
1704583994 15
1704584010 2
1704584026 4
1704584042 6
1704584058 18
1704584074 6
1704584090 13
1704584106 5
1704584122 3
1704584138 4
1704584154 4
1704584170 11
1704584186 11
1704584202 13
1704584218 13
1704584234 7
1704584250 7
1704584266 2
1704584282 17
1704584298 4
1704584314 8
1704584330 6
1704584346 2
1704584362 4
1704584378 17
1704584394 13
1704584410 19
1704584426 4
1704584442 9
1704584458 3
1704584474 2
1704584490 5
1704584506 2



# Sketch: 29
1704583914 10
1704583930 2
1704583946 5
1704583962 5
1704583978 20
1704583994 3
1704584010 4
1704584026 7
1704584042 5
1704584058 4
1704584074 10
1704584090 0
1704584106 3
1704584122 5
1704584138 3
1704584154 9
1704584170 3
1704584186 5
1704584202 10
1704584218 8
1704584234 1
1704584250 15
1704584266 5
1704584282 7
1704584298 8
1704584314 3
1704584330 1
1704584346 9
1704584362 11
1704584378 4
1704584394 3
1704584410 27
1704584426 0
1704584442 6
1704584458 7
1704584474 4
1704584490 7
1704584506 4



# Sketch: 30
1704583914 4
1704583930 7
1704583946 4
1704583962 13
1704583978 12
1704583994 9
1704584010 5
1704584026 15
1704584042 3
1704584058 8
1704584074 7
1704584090 2
1704584106 3
1704584122 3
1704584138 7
1704584154 1
1704584170 3
1704584186 4
1704584202 10
1704584218 3
1704584234 5
1704584250 2
1704584266 2
1704584282 4
1704584298 2
1704584314 4
1704584330 6
1704584346 27
1704584362 1
1704584378 4
1704584394 7
1704584410 3
1704584426 3
1704584442 4
1704584458 8
1704584474 11
1704584490 5
1704584506 5



# Sketch: 31
1704583914 14
1704583930 18
1704583946 11
1704583962 20
1704583978 28
1704583994 3
1704584010 2
1704584026 12
1704584042 39
1704584058 14
1704584074 7
1704584090 10
1704584106 10
1704584122 2
1704584138 8
1704584154 25
1704584170 6
1704584186 7
1704584202 8
1704584218 10
1704584234 9
1704584250 27
1704584266 6
1704584282 19
1704584298 13
1704584314 6
1704584330 3
1704584346 5
1704584362 8
1704584378 3
1704584394 3
1704584410 11
1704584426 3
1704584442 23
1704584458 25
1704584474 26
1704584490 7
1704584506 2

