

# Sketch: 0
0 0.110092
1 0.174435
2 0.12594
3 0.220429
4 0.345141
5 0.230466
6 0.457187
7 0.298928



# Sketch: 1
0 0.470038
1 0.68824
2 0.519178
3 1.13118
4 1.01789
5 0.746462
6 0.289883
7 0.407833



# Sketch: 2
0 0.423839
1 0.46201
2 0.444746
3 0.172061
4 0.185247
5 0.299134
6 0.230974
7 0.350732



# Sketch: 3
0 0.150502
1 0.26066
2 0.430029
3 0.271304
4 0.308348
5 0.291608
6 0.528426
7 0.38161



# Sketch: 4
0 1.8569
1 1.81871
2 1.45482
3 0.924822
4 0.711282
5 0.58969
6 0.909399
7 1.10307



# Sketch: 5
0 0.619211
1 0.532663
2 0.445841
3 0.430001
4 0.466224
5 0.490151
6 0.420221
7 0.644549



# Sketch: 6
0 0.210321
1 0.223524
2 0.266493
3 0.257159
4 0.407253
5 0.387499
6 0.531308
7 0.462217



# Sketch: 7
0 0.300826
1 0.284232
2 0.0188305
3 0.409461
4 0.342967
5 0.180246
6 0.296179
7 0.531467



# Sketch: 8
0 0.909386
1 1.04207
2 0.431648
3 0.252233
4 0.296328
5 0.382297
6 0.358911
7 0.383056



# Sketch: 9
0 0.940886
1 0.77345
2 0.533806
3 0.465503
4 0.496835
5 0.530532
6 0.478927
7 0.66399



# Sketch: 10
0 0.221555
1 0.308401
2 0.365982
3 0.432493
4 0.349367
5 0.533575
6 0.271151
7 0.352624



# Sketch: 11
0 0.72271
1 0.645567
2 0.607769
3 0.50658
4 0.631817
5 0.579984
6 0.721101
7 0.681153



# Sketch: 12
0 1.05663
1 1.57798
2 2.05952
3 2.53142
4 2.5576
5 2.61244
6 2.65891
7 0.486002



# Sketch: 13
0 0.526876
1 0.528891
2 0.819467
3 0.685375
4 0.563856
5 0.575227
6 0.317602
7 0.336597



# Sketch: 14
0 0.411928
1 0.473078
2 0.453194
3 0.479455
4 0.561688
5 0.489688
6 0.728769
7 0.823843



# Sketch: 15
0 0.577755
1 0.671312
2 0.573761
3 0.735012
4 0.592949
5 0.494394
6 0.723594
7 0.607756



# Sketch: 16
0 1.59825
1 1.64961
2 2.02424
3 2.3268
4 2.50515
5 3.53395
6 1.61958
7 0.340915



# Sketch: 17
0 0.692535
1 0.79178
2 0.683858
3 0.602382
4 0.478265
5 0.646062
6 1.09248
7 1.64908



# Sketch: 18
0 0.746886
1 0.722054
2 0.650481
3 0.423148
4 0.556833
5 0.507414
6 0.492647
7 0.603075



# Sketch: 19
0 0.788055
1 0.754969
2 0.694563
3 0.680053
4 0.721872
5 0.582781
6 0.738467
7 0.436018



# Sketch: 20
0 1.23826
1 0.794459
2 0.556335
3 0.386157
4 0.350126
5 0.727943
6 0.451941
7 1.22999



# Sketch: 21
0 0.516269
1 0.223836
2 0.180283
3 0.219418
4 0.346368
5 0.257919
6 0.16867
7 0.637061



# Sketch: 22
0 1.11298
1 1.10078
2 0.982591
3 0.872452
4 0.73409
5 0.596166
6 0.745646
7 0.598774



# Sketch: 23
0 0.508653
1 0.409022
2 0.565049
3 0.45235
4 1.06677
5 0.877048
6 0.941664
7 0.715643



# Sketch: 24
0 0.627752
1 0.661775
2 0.575004
3 0.560393
4 0.472025
5 0.583013
6 1.15206
7 2.00244



# Sketch: 25
0 0.859612
1 0.656826
2 0.543469
3 0.784082
4 1.48951
5 1.70787
6 0.271347
7 1.35766



# Sketch: 26
0 0.416134
1 0.466617
2 0.492852
3 0.181136
4 0.102892
5 0.304763
6 0.2398
7 0.779307



# Sketch: 27
0 0.992212
1 1.04183
2 0.96744
3 0.732974
4 0.564233
5 0.442476
6 0.622779
7 0.341774



# Sketch: 28
0 0.704508
1 0.801315
2 0.694376
3 0.733864
4 0.497258
5 0.632309
6 0.518349
7 0.706269



# Sketch: 29
0 3.55652
1 3.05389
2 2.05753
3 1.48789
4 1.21822
5 1.32637
6 0.699963
7 0.941895



# Sketch: 30
0 0.564459
1 0.631443
2 0.576996
3 0.54427
4 0.515901
5 0.581107
6 0.548276
7 0.579402



# Sketch: 31
0 0.641756
1 1.02909
2 1.32167
3 0.720966
4 0.363047
5 0.209469
6 0.145394
7 0.367105

