

# Sketch: 0
1704584514 23
1704584578 25
1704584642 43
1704584706 42
1704584770 37
1704584834 25
1704584898 32
1704584962 22
1704585026 20
1704585090 9



# Sketch: 1
1704584514 30
1704584578 37
1704584642 33
1704584706 61
1704584770 52
1704584834 31
1704584898 20
1704584962 42
1704585026 23
1704585090 6



# Sketch: 2
1704584514 21
1704584578 31
1704584642 49
1704584706 24
1704584770 21
1704584834 26
1704584898 29
1704584962 18
1704585026 26
1704585090 29



# Sketch: 3
1704584514 16
1704584578 54
1704584642 44
1704584706 36
1704584770 26
1704584834 39
1704584898 28
1704584962 28
1704585026 23
1704585090 4



# Sketch: 4
1704584514 14
1704584578 35
1704584642 35
1704584706 49
1704584770 16
1704584834 28
1704584898 26
1704584962 25
1704585026 31
1704585090 8



# Sketch: 5
1704584514 19
1704584578 42
1704584642 31
1704584706 43
1704584770 29
1704584834 15
1704584898 53
1704584962 11
1704585026 27
1704585090 14



# Sketch: 6
1704584514 19
1704584578 35
1704584642 49
1704584706 48
1704584770 49
1704584834 21
1704584898 43
1704584962 54
1704585026 51
1704585090 9



# Sketch: 7
1704584514 16
1704584578 34
1704584642 14
1704584706 30
1704584770 17
1704584834 46
1704584898 24
1704584962 18
1704585026 15
1704585090 16



# Sketch: 8
1704584514 28
1704584578 21
1704584642 23
1704584706 26
1704584770 29
1704584834 22
1704584898 31
1704584962 26
1704585026 12
1704585090 24



# Sketch: 9
1704584514 23
1704584578 43
1704584642 41
1704584706 27
1704584770 20
1704584834 33
1704584898 39
1704584962 28
1704585026 61
1704585090 9



# Sketch: 10
1704584514 14
1704584578 27
1704584642 9
1704584706 38
1704584770 46
1704584834 30
1704584898 28
1704584962 30
1704585026 27
1704585090 11



# Sketch: 11
1704584514 24
1704584578 22
1704584642 16
1704584706 40
1704584770 21
1704584834 12
1704584898 17
1704584962 29
1704585026 21
1704585090 10



# Sketch: 12
1704584514 15
1704584578 19
1704584642 18
1704584706 37
1704584770 25
1704584834 12
1704584898 46
1704584962 23
1704585026 20
1704585090 5



# Sketch: 13
1704584514 25
1704584578 43
1704584642 21
1704584706 34
1704584770 35
1704584834 21
1704584898 34
1704584962 53
1704585026 19
1704585090 6



# Sketch: 14
1704584514 50
1704584578 36
1704584642 54
1704584706 51
1704584770 26
1704584834 25
1704584898 36
1704584962 41
1704585026 32
1704585090 4



# Sketch: 15
1704584514 25
1704584578 61
1704584642 38
1704584706 114
1704584770 105
1704584834 91
1704584898 46
1704584962 48
1704585026 56
1704585090 18



# Sketch: 16
1704584514 31
1704584578 31
1704584642 27
1704584706 32
1704584770 21
1704584834 28
1704584898 19
1704584962 26
1704585026 52
1704585090 3



# Sketch: 17
1704584514 31
1704584578 45
1704584642 39
1704584706 18
1704584770 29
1704584834 28
1704584898 25
1704584962 25
1704585026 14
1704585090 6



# Sketch: 18
1704584514 11
1704584578 17
1704584642 33
1704584706 28
1704584770 22
1704584834 14
1704584898 14
1704584962 26
1704585026 10
1704585090 18



# Sketch: 19
1704584514 38
1704584578 29
1704584642 23
1704584706 23
1704584770 50
1704584834 19
1704584898 27
1704584962 27
1704585026 27
1704585090 8



# Sketch: 20
1704584514 27
1704584578 33
1704584642 20
1704584706 27
1704584770 20
1704584834 15
1704584898 29
1704584962 35
1704585026 30
1704585090 4



# Sketch: 21
1704584514 7
1704584578 25
1704584642 28
1704584706 21
1704584770 24
1704584834 27
1704584898 32
1704584962 47
1704585026 25
1704585090 4



# Sketch: 22
1704584514 26
1704584578 28
1704584642 41
1704584706 29
1704584770 31
1704584834 38
1704584898 35
1704584962 61
1704585026 25
1704585090 13



# Sketch: 23
1704584514 27
1704584578 28
1704584642 18
1704584706 41
1704584770 17
1704584834 18
1704584898 28
1704584962 23
1704585026 14
1704585090 11



# Sketch: 24
1704584514 35
1704584578 22
1704584642 24
1704584706 20
1704584770 32
1704584834 37
1704584898 51
1704584962 44
1704585026 29
1704585090 6



# Sketch: 25
1704584514 26
1704584578 36
1704584642 31
1704584706 15
1704584770 20
1704584834 23
1704584898 16
1704584962 21
1704585026 17
1704585090 6



# Sketch: 26
1704584514 31
1704584578 20
1704584642 39
1704584706 59
1704584770 48
1704584834 36
1704584898 47
1704584962 41
1704585026 32
1704585090 7



# Sketch: 27
1704584514 24
1704584578 18
1704584642 24
1704584706 22
1704584770 71
1704584834 63
1704584898 23
1704584962 34
1704585026 23
1704585090 4



# Sketch: 28
1704584514 47
1704584578 37
1704584642 38
1704584706 36
1704584770 38
1704584834 35
1704584898 30
1704584962 26
1704585026 15
1704585090 7



# Sketch: 29
1704584514 18
1704584578 46
1704584642 36
1704584706 53
1704584770 26
1704584834 89
1704584898 37
1704584962 31
1704585026 36
1704585090 15



# Sketch: 30
1704584514 19
1704584578 27
1704584642 52
1704584706 27
1704584770 33
1704584834 36
1704584898 26
1704584962 78
1704585026 30
1704585090 20



# Sketch: 31
1704584514 21
1704584578 19
1704584642 16
1704584706 58
1704584770 16
1704584834 33
1704584898 29
1704584962 23
1704585026 66
1704585090 8

