

# Sketch: 0
1704584514 28
1704584578 35
1704584642 31
1704584706 34
1704584770 32
1704584834 28
1704584898 28
1704584962 40
1704585026 21
1704585090 6



# Sketch: 1
1704584514 21
1704584578 32
1704584642 33
1704584706 31
1704584770 19
1704584834 25
1704584898 38
1704584962 50
1704585026 35
1704585090 6



# Sketch: 2
1704584514 12
1704584578 27
1704584642 22
1704584706 28
1704584770 18
1704584834 15
1704584898 20
1704584962 37
1704585026 23
1704585090 15



# Sketch: 3
1704584514 29
1704584578 47
1704584642 43
1704584706 24
1704584770 41
1704584834 33
1704584898 36
1704584962 33
1704585026 24
1704585090 18



# Sketch: 4
1704584514 27
1704584578 30
1704584642 44
1704584706 37
1704584770 23
1704584834 31
1704584898 28
1704584962 28
1704585026 29
1704585090 9



# Sketch: 5
1704584514 25
1704584578 18
1704584642 29
1704584706 42
1704584770 56
1704584834 17
1704584898 23
1704584962 25
1704585026 20
1704585090 13



# Sketch: 6
1704584514 28
1704584578 49
1704584642 46
1704584706 55
1704584770 40
1704584834 26
1704584898 35
1704584962 24
1704585026 18
1704585090 7



# Sketch: 7
1704584514 23
1704584578 43
1704584642 19
1704584706 20
1704584770 14
1704584834 34
1704584898 28
1704584962 31
1704585026 57
1704585090 6



# Sketch: 8
1704584514 36
1704584578 30
1704584642 42
1704584706 44
1704584770 40
1704584834 32
1704584898 37
1704584962 35
1704585026 31
1704585090 8



# Sketch: 9
1704584514 20
1704584578 37
1704584642 32
1704584706 43
1704584770 23
1704584834 24
1704584898 39
1704584962 18
1704585026 24
1704585090 9



# Sketch: 10
1704584514 50
1704584578 28
1704584642 34
1704584706 40
1704584770 50
1704584834 21
1704584898 27
1704584962 47
1704585026 19
1704585090 26



# Sketch: 11
1704584514 28
1704584578 19
1704584642 29
1704584706 52
1704584770 28
1704584834 30
1704584898 42
1704584962 41
1704585026 58
1704585090 8



# Sketch: 12
1704584514 21
1704584578 22
1704584642 24
1704584706 34
1704584770 22
1704584834 38
1704584898 18
1704584962 23
1704585026 29
1704585090 3



# Sketch: 13
1704584514 23
1704584578 41
1704584642 53
1704584706 22
1704584770 21
1704584834 22
1704584898 25
1704584962 23
1704585026 33
1704585090 10



# Sketch: 14
1704584514 27
1704584578 40
1704584642 34
1704584706 51
1704584770 45
1704584834 92
1704584898 54
1704584962 28
1704585026 32
1704585090 10



# Sketch: 15
1704584514 19
1704584578 22
1704584642 29
1704584706 73
1704584770 96
1704584834 17
1704584898 18
1704584962 40
1704585026 26
1704585090 9



# Sketch: 16
1704584514 16
1704584578 19
1704584642 16
1704584706 35
1704584770 30
1704584834 29
1704584898 29
1704584962 31
1704585026 12
1704585090 7



# Sketch: 17
1704584514 9
1704584578 28
1704584642 28
1704584706 26
1704584770 32
1704584834 36
1704584898 30
1704584962 40
1704585026 18
1704585090 6



# Sketch: 18
1704584514 24
1704584578 31
1704584642 30
1704584706 27
1704584770 20
1704584834 30
1704584898 24
1704584962 15
1704585026 25
1704585090 3



# Sketch: 19
1704584514 27
1704584578 46
1704584642 39
1704584706 24
1704584770 26
1704584834 32
1704584898 37
1704584962 54
1704585026 33
1704585090 6



# Sketch: 20
1704584514 30
1704584578 39
1704584642 19
1704584706 31
1704584770 20
1704584834 34
1704584898 43
1704584962 38
1704585026 15
1704585090 4



# Sketch: 21
1704584514 19
1704584578 18
1704584642 16
1704584706 44
1704584770 15
1704584834 6
1704584898 55
1704584962 22
1704585026 43
1704585090 10



# Sketch: 22
1704584514 30
1704584578 82
1704584642 57
1704584706 64
1704584770 58
1704584834 92
1704584898 39
1704584962 45
1704585026 44
1704585090 11



# Sketch: 23
1704584514 24
1704584578 23
1704584642 27
1704584706 46
1704584770 44
1704584834 36
1704584898 28
1704584962 49
1704585026 27
1704585090 10



# Sketch: 24
1704584514 20
1704584578 18
1704584642 36
1704584706 35
1704584770 25
1704584834 20
1704584898 24
1704584962 47
1704585026 21
1704585090 9



# Sketch: 25
1704584514 47
1704584578 53
1704584642 45
1704584706 60
1704584770 55
1704584834 55
1704584898 55
1704584962 39
1704585026 39
1704585090 17



# Sketch: 26
1704584514 18
1704584578 33
1704584642 39
1704584706 34
1704584770 25
1704584834 24
1704584898 29
1704584962 47
1704585026 33
1704585090 5



# Sketch: 27
1704584514 17
1704584578 19
1704584642 17
1704584706 42
1704584770 28
1704584834 12
1704584898 25
1704584962 18
1704585026 22
1704585090 2



# Sketch: 28
1704584514 18
1704584578 25
1704584642 17
1704584706 33
1704584770 20
1704584834 16
1704584898 19
1704584962 40
1704585026 20
1704585090 12



# Sketch: 29
1704584514 29
1704584578 26
1704584642 26
1704584706 18
1704584770 44
1704584834 38
1704584898 23
1704584962 34
1704585026 18
1704585090 34



# Sketch: 30
1704584514 24
1704584578 23
1704584642 23
1704584706 29
1704584770 20
1704584834 29
1704584898 23
1704584962 4
1704585026 50
1704585090 8



# Sketch: 31
1704584514 12
1704584578 23
1704584642 28
1704584706 31
1704584770 22
1704584834 42
1704584898 21
1704584962 18
1704585026 10
1704585090 15

