

# Sketch: 0
1704584514 70
1704584642 72
1704584770 57
1704584898 68
1704585026 38



# Sketch: 1
1704584514 48
1704584642 48
1704584770 81
1704584898 32
1704585026 26



# Sketch: 2
1704584514 45
1704584642 55
1704584770 39
1704584898 66
1704585026 47



# Sketch: 3
1704584514 35
1704584642 50
1704584770 59
1704584898 59
1704585026 63



# Sketch: 4
1704584514 47
1704584642 65
1704584770 64
1704584898 63
1704585026 36



# Sketch: 5
1704584514 46
1704584642 71
1704584770 39
1704584898 66
1704585026 38



# Sketch: 6
1704584514 47
1704584642 77
1704584770 49
1704584898 57
1704585026 29



# Sketch: 7
1704584514 88
1704584642 76
1704584770 70
1704584898 70
1704585026 78



# Sketch: 8
1704584514 59
1704584642 60
1704584770 70
1704584898 72
1704585026 41



# Sketch: 9
1704584514 35
1704584642 55
1704584770 53
1704584898 41
1704585026 49



# Sketch: 10
1704584514 68
1704584642 98
1704584770 105
1704584898 120
1704585026 35



# Sketch: 11
1704584514 39
1704584642 67
1704584770 44
1704584898 84
1704585026 43



# Sketch: 12
1704584514 75
1704584642 57
1704584770 63
1704584898 56
1704585026 87



# Sketch: 13
1704584514 51
1704584642 68
1704584770 86
1704584898 56
1704585026 48



# Sketch: 14
1704584514 57
1704584642 108
1704584770 125
1704584898 88
1704585026 43



# Sketch: 15
1704584514 52
1704584642 50
1704584770 93
1704584898 50
1704585026 36



# Sketch: 16
1704584514 72
1704584642 67
1704584770 54
1704584898 66
1704585026 26



# Sketch: 17
1704584514 69
1704584642 57
1704584770 47
1704584898 78
1704585026 20



# Sketch: 18
1704584514 77
1704584642 52
1704584770 43
1704584898 60
1704585026 53



# Sketch: 19
1704584514 62
1704584642 70
1704584770 52
1704584898 80
1704585026 33



# Sketch: 20
1704584514 72
1704584642 66
1704584770 39
1704584898 55
1704585026 31



# Sketch: 21
1704584514 66
1704584642 102
1704584770 98
1704584898 65
1704585026 32



# Sketch: 22
1704584514 40
1704584642 63
1704584770 37
1704584898 52
1704585026 23



# Sketch: 23
1704584514 81
1704584642 58
1704584770 58
1704584898 60
1704585026 38



# Sketch: 24
1704584514 38
1704584642 89
1704584770 47
1704584898 71
1704585026 36



# Sketch: 25
1704584514 45
1704584642 53
1704584770 53
1704584898 40
1704585026 23



# Sketch: 26
1704584514 67
1704584642 86
1704584770 134
1704584898 59
1704585026 19



# Sketch: 27
1704584514 39
1704584642 89
1704584770 69
1704584898 64
1704585026 32



# Sketch: 28
1704584514 53
1704584642 41
1704584770 45
1704584898 72
1704585026 26



# Sketch: 29
1704584514 53
1704584642 69
1704584770 57
1704584898 71
1704585026 34



# Sketch: 30
1704584514 28
1704584642 61
1704584770 39
1704584898 41
1704585026 21



# Sketch: 31
1704584514 83
1704584642 116
1704584770 99
1704584898 82
1704585026 47

