

# Sketch: 0
1704585114 45
1704585242 50
1704585370 51
1704585498 55
1704585626 21



# Sketch: 1
1704585114 56
1704585242 43
1704585370 46
1704585498 53
1704585626 63



# Sketch: 2
1704585114 79
1704585242 52
1704585370 68
1704585498 64
1704585626 54



# Sketch: 3
1704585114 44
1704585242 45
1704585370 51
1704585498 39
1704585626 74



# Sketch: 4
1704585114 43
1704585242 60
1704585370 49
1704585498 48
1704585626 36



# Sketch: 5
1704585114 38
1704585242 44
1704585370 74
1704585498 54
1704585626 24



# Sketch: 6
1704585114 64
1704585242 90
1704585370 68
1704585498 76
1704585626 46



# Sketch: 7
1704585114 44
1704585242 48
1704585370 52
1704585498 60
1704585626 38



# Sketch: 8
1704585114 49
1704585242 61
1704585370 50
1704585498 41
1704585626 53



# Sketch: 9
1704585114 67
1704585242 81
1704585370 63
1704585498 43
1704585626 32



# Sketch: 10
1704585114 64
1704585242 51
1704585370 45
1704585498 55
1704585626 59



# Sketch: 11
1704585114 65
1704585242 89
1704585370 107
1704585498 62
1704585626 44



# Sketch: 12
1704585114 34
1704585242 34
1704585370 39
1704585498 74
1704585626 34



# Sketch: 13
1704585114 53
1704585242 65
1704585370 68
1704585498 78
1704585626 58



# Sketch: 14
1704585114 86
1704585242 94
1704585370 54
1704585498 63
1704585626 33



# Sketch: 15
1704585114 80
1704585242 84
1704585370 80
1704585498 61
1704585626 38



# Sketch: 16
1704585114 46
1704585242 46
1704585370 62
1704585498 65
1704585626 46



# Sketch: 17
1704585114 48
1704585242 66
1704585370 49
1704585498 43
1704585626 48



# Sketch: 18
1704585114 70
1704585242 65
1704585370 41
1704585498 54
1704585626 30



# Sketch: 19
1704585114 42
1704585242 49
1704585370 30
1704585498 64
1704585626 40



# Sketch: 20
1704585114 64
1704585242 59
1704585370 31
1704585498 50
1704585626 30



# Sketch: 21
1704585114 101
1704585242 58
1704585370 81
1704585498 77
1704585626 50



# Sketch: 22
1704585114 66
1704585242 46
1704585370 44
1704585498 85
1704585626 44



# Sketch: 23
1704585114 32
1704585242 44
1704585370 33
1704585498 36
1704585626 36



# Sketch: 24
1704585114 44
1704585242 37
1704585370 43
1704585498 38
1704585626 33



# Sketch: 25
1704585114 55
1704585242 76
1704585370 89
1704585498 75
1704585626 36



# Sketch: 26
1704585114 44
1704585242 36
1704585370 47
1704585498 42
1704585626 56



# Sketch: 27
1704585114 59
1704585242 92
1704585370 69
1704585498 65
1704585626 46



# Sketch: 28
1704585114 60
1704585242 36
1704585370 64
1704585498 46
1704585626 68



# Sketch: 29
1704585114 59
1704585242 73
1704585370 40
1704585498 49
1704585626 47



# Sketch: 30
1704585114 69
1704585242 48
1704585370 59
1704585498 37
1704585626 26



# Sketch: 31
1704585114 43
1704585242 66
1704585370 53
1704585498 45
1704585626 39

