

# Sketch: 0
0 0.430152
1 0.409878
2 0.407762
3 0.424689
4 0.460848
5 0.56003
6 0.464543
7 0.649503



# Sketch: 1
0 0.569363
1 0.461751
2 0.616066
3 0.469683
4 0.477333
5 0.395643
6 0.458112
7 0.432398



# Sketch: 2
0 0.387769
1 0.440835
2 0.581723
3 0.455126
4 0.401861
5 0.395745
6 0.46833
7 0.546077



# Sketch: 3
0 0.333445
1 0.64501
2 0.936461
3 1.03966
4 0.822105
5 0.907684
6 0.148715
7 0.960733



# Sketch: 4
0 0.172499
1 0.171338
2 0.284905
3 0.341539
4 0.426666
5 0.611871
6 0.447227
7 2.23505



# Sketch: 5
0 0.289924
1 0.251711
2 0.322408
3 0.309721
4 0.270278
5 0.133355
6 0.525805
7 1.48905



# Sketch: 6
0 0.355745
1 0.413213
2 0.399371
3 0.475584
4 0.367039
5 0.356101
6 1.01989
7 0.783801



# Sketch: 7
0 0.685424
1 0.695481
2 0.826555
3 0.872128
4 0.646602
5 0.528187
6 0.336086
7 0.319224



# Sketch: 8
0 0.517026
1 0.485736
2 0.559355
3 0.457219
4 0.501857
5 0.505896
6 0.656006
7 0.955911



# Sketch: 9
0 0.485697
1 0.702008
2 0.396685
3 0.393286
4 0.790113
5 1.34497
6 0.478986
7 0.688071



# Sketch: 10
0 0.495075
1 0.468819
2 0.360924
3 0.303364
4 0.509022
5 0.676254
6 0.957267
7 0.698354



# Sketch: 11
0 0.567359
1 0.798888
2 0.703778
3 0.640175
4 0.531109
5 0.519075
6 0.593612
7 0.678495



# Sketch: 12
0 0.234427
1 0.236732
2 0.289906
3 0.399158
4 0.353012
5 0.397459
6 0.368055
7 0.481762



# Sketch: 13
0 0.340496
1 0.330543
2 0.371668
3 0.382466
4 0.445695
5 0.429747
6 0.530538
7 0.541143



# Sketch: 14
0 0.868361
1 0.78061
2 0.745082
3 0.830144
4 1.04109
5 1.25736
6 0.404177
7 1.1028



# Sketch: 15
0 3.28278
1 3.19069
2 2.90059
3 2.53731
4 1.97715
5 1.74122
6 0.924091
7 1.69612



# Sketch: 16
0 0.753809
1 0.669534
2 0.926019
3 0.338563
4 0.145574
5 0.199502
6 0.190138
7 0.231788



# Sketch: 17
0 0.330305
1 0.170565
2 0.260568
3 0.32243
4 0.2512
5 0.3936
6 0.434819
7 0.619734



# Sketch: 18
0 0.322349
1 0.412509
2 0.412724
3 0.285052
4 0.363887
5 0.24127
6 0.245321
7 0.669869



# Sketch: 19
0 0.474385
1 0.433004
2 0.253747
3 0.215686
4 0.289269
5 0.300827
6 0.948691
7 4.6161



# Sketch: 20
0 0.416339
1 0.533815
2 0.511723
3 0.435076
4 0.463561
5 0.451753
6 0.573011
7 0.373987



# Sketch: 21
0 0.189237
1 0.195983
2 0.212621
3 0.295393
4 0.310656
5 0.322156
6 0.243109
7 0.639835



# Sketch: 22
0 0.530335
1 0.572385
2 0.696557
3 0.634215
4 0.586858
5 0.646383
6 0.684198
7 0.823208



# Sketch: 23
0 0.322405
1 0.183735
2 0.210125
3 0.17169
4 0.152485
5 0.316079
6 0.239415
7 1.1



# Sketch: 24
0 1.70649
1 1.55348
2 1.43771
3 1.4715
4 0.999646
5 0.991106
6 0.806155
7 0.592274



# Sketch: 25
0 1.08885
1 1.03984
2 0.918784
3 0.747873
4 1.07781
5 1.32108
6 0.353571
7 0.222594



# Sketch: 26
0 0.232718
1 0.229996
2 0.309798
3 0.400176
4 1.63579
5 1.05439
6 0.822567
7 0.899684



# Sketch: 27
0 0.789603
1 0.658726
2 0.525251
3 0.248527
4 0.351492
5 0.353945
6 0.455539
7 1.33518



# Sketch: 28
0 0.475306
1 0.565442
2 0.457777
3 0.357239
4 0.408101
5 0.410419
6 0.440004
7 0.595972



# Sketch: 29
0 0.284113
1 0.302953
2 0.384407
3 0.155525
4 0.270115
5 0.232102
6 0.238111
7 0.753377



# Sketch: 30
0 0.996087
1 0.880744
2 0.747733
3 0.757153
4 0.694953
5 0.648093
6 0.413524
7 0.359084



# Sketch: 31
0 2.16039
1 2.07672
2 1.87059
3 2.1005
4 1.36698
5 1.70896
6 0.269069
7 0.419649

