

# Sketch: 0
0 0.451597
1 0.322411
2 0.526912
3 0.588011
4 0.368436
5 0.259444
6 0.427763
7 0.38964



# Sketch: 1
0 0.206762
1 0.224289
2 0.100464
3 0.132966
4 0.27956
5 0.218365
6 0.486887
7 1.21711



# Sketch: 2
0 1.22093
1 1.04314
2 1.14954
3 1.19289
4 1.36298
5 1.0137
6 0.724722
7 0.533835



# Sketch: 3
0 1.04796
1 0.829276
2 0.737078
3 0.899181
4 0.529728
5 0.656225
6 0.711568
7 0.647099



# Sketch: 4
0 0.4628
1 0.473802
2 0.403987
3 0.600076
4 0.212802
5 0.25376
6 0.679817
7 0.572895



# Sketch: 5
0 0.526522
1 0.417854
2 0.31182
3 0.17337
4 0.502512
5 0.244495
6 0.499888
7 0.370161



# Sketch: 6
0 0.923298
1 0.8409
2 0.77319
3 0.743933
4 0.751455
5 0.758724
6 0.841194
7 0.371214



# Sketch: 7
0 0.621351
1 0.558723
2 0.451437
3 0.450209
4 0.210855
5 0.24776
6 1.12017
7 0.71438



# Sketch: 8
0 0.411983
1 0.338124
2 0.584335
3 0.54056
4 0.607246
5 0.298915
6 0.514192
7 3.56002



# Sketch: 9
0 0.311616
1 0.411872
2 0.468206
3 0.455824
4 0.473242
5 0.884919
6 0.458168
7 0.36604



# Sketch: 10
0 0.395487
1 0.466941
2 0.456281
3 0.337216
4 0.569049
5 0.305444
6 0.556095
7 0.6161



# Sketch: 11
0 2.94096
1 2.91064
2 3.00199
3 3.13967
4 2.83939
5 3.80031
6 3.35493
7 2.98313



# Sketch: 12
0 0.430836
1 0.387162
2 0.3875
3 0.485147
4 0.378935
5 0.334434
6 0.488431
7 0.787803



# Sketch: 13
0 0.25174
1 0.186634
2 0.421641
3 0.450986
4 1.36906
5 0.26292
6 2.63543
7 0.591311



# Sketch: 14
0 0.812434
1 0.660627
2 0.606755
3 0.702247
4 0.643865
5 0.288871
6 0.205379
7 0.964194



# Sketch: 15
0 0.459997
1 0.377564
2 0.459581
3 0.421334
4 0.476569
5 0.692242
6 0.487905
7 0.488814



# Sketch: 16
0 0.68167
1 0.87865
2 1.03879
3 0.742462
4 0.396464
5 0.956296
6 0.294136
7 0.403222



# Sketch: 17
0 0.385816
1 0.321672
2 0.570778
3 0.513084
4 0.498017
5 0.0226035
6 0.0767057
7 0.760914



# Sketch: 18
0 0.51797
1 0.656561
2 0.404407
3 0.109697
4 0.274349
5 0.715329
6 0.232363
7 0.654202



# Sketch: 19
0 0.414243
1 0.381687
2 0.168602
3 0.443311
4 0.328729
5 0.475651
6 0.31613
7 0.335188



# Sketch: 20
0 0.720882
1 1.2122
2 1.36777
3 1.26765
4 0.995825
5 0.329106
6 0.389396
7 0.669629



# Sketch: 21
0 0.897369
1 0.9824
2 0.743473
3 0.971215
4 0.380726
5 0.571417
6 0.461526
7 0.985443



# Sketch: 22
0 0.454896
1 0.263334
2 0.307596
3 0.842084
4 0.415898
5 0.0223056
6 0.257694
7 0.21953



# Sketch: 23
0 0.618428
1 0.529129
2 0.389328
3 0.41919
4 0.432975
5 0.337119
6 0.544405
7 0.53229



# Sketch: 24
0 0.970797
1 0.968209
2 0.995513
3 0.761106
4 0.733545
5 0.84504
6 0.461417
7 0.609185



# Sketch: 25
0 0.498647
1 0.511422
2 0.472662
3 0.862277
4 0.458827
5 0.351258
6 0.45957
7 0.458298



# Sketch: 26
0 0.363292
1 0.366611
2 0.386868
3 0.262151
4 0.4163
5 3.12446
6 1.32387
7 0.748581



# Sketch: 27
0 0.466346
1 0.636528
2 0.778248
3 0.724241
4 0.574212
5 0.269532
6 0.221552
7 0.258533



# Sketch: 28
0 1.23788
1 0.691457
2 1.01637
3 0.894317
4 0.801385
5 0.504216
6 0.321241
7 0.380244



# Sketch: 29
0 0.668252
1 0.564957
2 0.450527
3 0.188835
4 0.290508
5 0.345929
6 0.749067
7 1.84906



# Sketch: 30
0 1.18873
1 1.21178
2 1.0624
3 1.16537
4 0.852907
5 0.119151
6 0.233034
7 0.46245



# Sketch: 31
0 0.133441
1 0.113262
2 0.123328
3 0.315122
4 0.193783
5 0.235589
6 0.466002
7 0.50862

