

# Sketch: 0
1704585114 39
1704585242 62
1704585370 57
1704585498 76
1704585626 33



# Sketch: 1
1704585114 65
1704585242 62
1704585370 46
1704585498 57
1704585626 59



# Sketch: 2
1704585114 37
1704585242 56
1704585370 62
1704585498 51
1704585626 34



# Sketch: 3
1704585114 93
1704585242 87
1704585370 59
1704585498 54
1704585626 32



# Sketch: 4
1704585114 73
1704585242 92
1704585370 80
1704585498 81
1704585626 62



# Sketch: 5
1704585114 59
1704585242 58
1704585370 38
1704585498 52
1704585626 39



# Sketch: 6
1704585114 41
1704585242 84
1704585370 95
1704585498 42
1704585626 40



# Sketch: 7
1704585114 63
1704585242 65
1704585370 33
1704585498 40
1704585626 54



# Sketch: 8
1704585114 36
1704585242 45
1704585370 41
1704585498 44
1704585626 32



# Sketch: 9
1704585114 44
1704585242 60
1704585370 63
1704585498 49
1704585626 74



# Sketch: 10
1704585114 75
1704585242 80
1704585370 64
1704585498 62
1704585626 58



# Sketch: 11
1704585114 51
1704585242 44
1704585370 44
1704585498 56
1704585626 66



# Sketch: 12
1704585114 54
1704585242 78
1704585370 101
1704585498 60
1704585626 36



# Sketch: 13
1704585114 63
1704585242 46
1704585370 33
1704585498 42
1704585626 30



# Sketch: 14
1704585114 56
1704585242 49
1704585370 66
1704585498 55
1704585626 31



# Sketch: 15
1704585114 44
1704585242 40
1704585370 31
1704585498 38
1704585626 43



# Sketch: 16
1704585114 45
1704585242 30
1704585370 31
1704585498 43
1704585626 26



# Sketch: 17
1704585114 42
1704585242 45
1704585370 67
1704585498 50
1704585626 44



# Sketch: 18
1704585114 55
1704585242 60
1704585370 54
1704585498 58
1704585626 38



# Sketch: 19
1704585114 62
1704585242 48
1704585370 41
1704585498 56
1704585626 33



# Sketch: 20
1704585114 46
1704585242 72
1704585370 42
1704585498 41
1704585626 82



# Sketch: 21
1704585114 52
1704585242 69
1704585370 51
1704585498 59
1704585626 52



# Sketch: 22
1704585114 66
1704585242 54
1704585370 70
1704585498 77
1704585626 35



# Sketch: 23
1704585114 79
1704585242 66
1704585370 71
1704585498 95
1704585626 53



# Sketch: 24
1704585114 66
1704585242 65
1704585370 73
1704585498 84
1704585626 34



# Sketch: 25
1704585114 45
1704585242 53
1704585370 37
1704585498 59
1704585626 31



# Sketch: 26
1704585114 37
1704585242 43
1704585370 59
1704585498 52
1704585626 35



# Sketch: 27
1704585114 48
1704585242 44
1704585370 52
1704585498 33
1704585626 33



# Sketch: 28
1704585114 70
1704585242 68
1704585370 69
1704585498 51
1704585626 32



# Sketch: 29
1704585114 46
1704585242 41
1704585370 54
1704585498 50
1704585626 41



# Sketch: 30
1704585114 65
1704585242 47
1704585370 43
1704585498 50
1704585626 45



# Sketch: 31
1704585114 96
1704585242 75
1704585370 73
1704585498 80
1704585626 45

