

# Sketch: 0
0 0.100024
1 0.284981
2 0.40607
3 0.324214
4 0.0891195
5 0.107833
6 0.509418
7 1.12177



# Sketch: 1
0 0.526608
1 0.641895
2 0.647194
3 0.596207
4 0.333831
5 0.47201
6 0.372983
7 0.229134



# Sketch: 2
0 0.714503
1 0.723104
2 0.646656
3 0.630124
4 0.613154
5 0.596849
6 0.754965
7 0.46004



# Sketch: 3
0 0.585107
1 0.534957
2 0.473981
3 0.413497
4 0.38713
5 0.248344
6 3.25443
7 0.874925



# Sketch: 4
0 0.156094
1 0.157218
2 0.206764
3 0.295784
4 0.361216
5 0.355746
6 0.488752
7 1.01573



# Sketch: 5
0 0.364619
1 0.672417
2 0.943644
3 1.5021
4 1.78706
5 0.443997
6 0.203661
7 0.509776



# Sketch: 6
0 0.13527
1 0.150518
2 0.331038
3 0.271645
4 0.233814
5 0.130245
6 0.0717831
7 0.482477



# Sketch: 7
0 0.737283
1 0.703599
2 0.719193
3 0.812623
4 0.768963
5 0.891519
6 0.465005
7 0.773465



# Sketch: 8
0 0.0796449
1 0.158038
2 0.200912
3 0.25358
4 0.195533
5 0.120026
6 0.17143
7 0.267443



# Sketch: 9
0 0.409971
1 0.261519
2 0.240401
3 0.304853
4 0.312093
5 0.68788
6 0.596449
7 0.59401



# Sketch: 10
0 0.424036
1 0.549445
2 0.536073
3 0.663464
4 0.722093
5 0.522066
6 0.450119
7 1.02322



# Sketch: 11
0 0.439298
1 0.442865
2 0.464667
3 0.492694
4 0.448183
5 0.41765
6 0.422679
7 0.574142



# Sketch: 12
0 0.350505
1 0.321521
2 0.255001
3 0.218396
4 0.49645
5 0.623491
6 2.4476
7 0.911596



# Sketch: 13
0 0.422201
1 0.527362
2 0.757394
3 1.50777
4 1.84238
5 1.49208
6 0.7852
7 0.361898



# Sketch: 14
0 0.267093
1 0.395692
2 0.258849
3 0.319883
4 0.0930929
5 0.372638
6 0.645992
7 0.729602



# Sketch: 15
0 0.892596
1 1.22052
2 0.938485
3 0.845169
4 1.11197
5 0.825523
6 0.40341
7 0.244243



# Sketch: 16
0 0.709531
1 0.577504
2 0.536272
3 0.441107
4 0.305394
5 0.281831
6 0.369401
7 0.5494



# Sketch: 17
0 0.0573774
1 0.341964
2 0.538554
3 0.730719
4 1.04484
5 0.204133
6 0.508186
7 0.321946



# Sketch: 18
0 0.280553
1 0.303902
2 0.308841
3 0.387313
4 0.404743
5 0.691323
6 1.17673
7 2.89895



# Sketch: 19
0 0.392221
1 0.40963
2 0.42032
3 0.522212
4 0.527794
5 0.446046
6 0.668847
7 0.690163



# Sketch: 20
0 0.245946
1 0.180978
2 0.143916
3 0.181632
4 0.271873
5 0.173499
6 0.199292
7 0.913685



# Sketch: 21
0 0.669991
1 0.448315
2 0.372857
3 0.401564
4 0.324729
5 0.585912
6 0.497155
7 1.03285



# Sketch: 22
0 0.148901
1 0.256797
2 0.179904
3 0.522064
4 0.667733
5 0.143125
6 0.317136
7 0.290986



# Sketch: 23
0 0.545022
1 0.39664
2 0.426889
3 0.385586
4 0.399212
5 0.376164
6 0.316052
7 0.264537



# Sketch: 24
0 0.87696
1 0.822899
2 0.689721
3 0.57321
4 0.616035
5 0.512593
6 0.334037
7 0.272587



# Sketch: 25
0 0.408598
1 0.504323
2 0.561912
3 0.499296
4 0.367341
5 0.387924
6 0.343585
7 0.35275



# Sketch: 26
0 0.739312
1 0.607092
2 0.264071
3 0.139871
4 0.377235
5 0.473489
6 0.155005
7 0.692849



# Sketch: 27
0 0.649772
1 0.928418
2 0.983326
3 1.23286
4 0.522527
5 0.357176
6 0.654951
7 0.882785



# Sketch: 28
0 0.393596
1 0.423937
2 0.422369
3 0.527168
4 0.576884
5 1.07204
6 0.841463
7 0.849175



# Sketch: 29
0 0.826801
1 0.491964
2 0.42586
3 0.482821
4 0.322024
5 0.311972
6 0.619053
7 0.734327



# Sketch: 30
0 0.354756
1 0.143018
2 0.0503043
3 0.177863
4 0.675594
5 1.03775
6 0.25625
7 0.233228



# Sketch: 31
0 2.03263
1 1.93774
2 1.42924
3 1.31127
4 1.15864
5 0.839775
6 0.631576
7 0.532518

