

# Sketch: 0
1704585714 25
1704585746 19
1704585778 8
1704585810 11
1704585842 20
1704585874 18
1704585906 20
1704585938 16
1704585970 18
1704586002 5
1704586034 18
1704586066 31
1704586098 21
1704586130 28
1704586162 17
1704586194 13
1704586226 21
1704586258 25
1704586290 11



# Sketch: 1
1704585714 11
1704585746 11
1704585778 12
1704585810 11
1704585842 17
1704585874 16
1704585906 12
1704585938 14
1704585970 10
1704586002 21
1704586034 8
1704586066 18
1704586098 14
1704586130 60
1704586162 7
1704586194 13
1704586226 16
1704586258 5
1704586290 9



# Sketch: 2
1704585714 11
1704585746 12
1704585778 22
1704585810 30
1704585842 13
1704585874 23
1704585906 23
1704585938 17
1704585970 11
1704586002 15
1704586034 28
1704586066 28
1704586098 15
1704586130 27
1704586162 35
1704586194 14
1704586226 24
1704586258 23
1704586290 6



# Sketch: 3
1704585714 11
1704585746 14
1704585778 35
1704585810 11
1704585842 18
1704585874 7
1704585906 8
1704585938 19
1704585970 10
1704586002 9
1704586034 14
1704586066 8
1704586098 18
1704586130 15
1704586162 21
1704586194 8
1704586226 34
1704586258 9
1704586290 6



# Sketch: 4
1704585714 8
1704585746 14
1704585778 20
1704585810 11
1704585842 17
1704585874 20
1704585906 9
1704585938 7
1704585970 5
1704586002 2
1704586034 7
1704586066 14
1704586098 8
1704586130 20
1704586162 25
1704586194 18
1704586226 10
1704586258 7
1704586290 16



# Sketch: 5
1704585714 23
1704585746 11
1704585778 12
1704585810 17
1704585842 10
1704585874 13
1704585906 9
1704585938 27
1704585970 15
1704586002 18
1704586034 17
1704586066 8
1704586098 15
1704586130 17
1704586162 8
1704586194 11
1704586226 28
1704586258 21
1704586290 8



# Sketch: 6
1704585714 10
1704585746 12
1704585778 12
1704585810 52
1704585842 18
1704585874 18
1704585906 22
1704585938 9
1704585970 23
1704586002 14
1704586034 8
1704586066 17
1704586098 16
1704586130 13
1704586162 19
1704586194 15
1704586226 18
1704586258 16
1704586290 7



# Sketch: 7
1704585714 15
1704585746 23
1704585778 37
1704585810 13
1704585842 11
1704585874 13
1704585906 9
1704585938 15
1704585970 8
1704586002 16
1704586034 23
1704586066 12
1704586098 10
1704586130 12
1704586162 7
1704586194 7
1704586226 15
1704586258 9
1704586290 3



# Sketch: 8
1704585714 30
1704585746 12
1704585778 15
1704585810 12
1704585842 12
1704585874 16
1704585906 7
1704585938 14
1704585970 5
1704586002 12
1704586034 6
1704586066 13
1704586098 13
1704586130 10
1704586162 11
1704586194 27
1704586226 12
1704586258 16
1704586290 4



# Sketch: 9
1704585714 14
1704585746 16
1704585778 11
1704585810 8
1704585842 18
1704585874 17
1704585906 5
1704585938 16
1704585970 7
1704586002 13
1704586034 5
1704586066 9
1704586098 9
1704586130 8
1704586162 12
1704586194 28
1704586226 11
1704586258 9
1704586290 15



# Sketch: 10
1704585714 16
1704585746 12
1704585778 28
1704585810 43
1704585842 9
1704585874 48
1704585906 20
1704585938 23
1704585970 14
1704586002 19
1704586034 23
1704586066 42
1704586098 8
1704586130 72
1704586162 24
1704586194 12
1704586226 14
1704586258 25
1704586290 11



# Sketch: 11
1704585714 15
1704585746 12
1704585778 20
1704585810 12
1704585842 20
1704585874 20
1704585906 17
1704585938 14
1704585970 15
1704586002 20
1704586034 12
1704586066 19
1704586098 19
1704586130 21
1704586162 9
1704586194 14
1704586226 22
1704586258 22
1704586290 12



# Sketch: 12
1704585714 14
1704585746 13
1704585778 15
1704585810 19
1704585842 21
1704585874 19
1704585906 7
1704585938 17
1704585970 34
1704586002 9
1704586034 19
1704586066 14
1704586098 12
1704586130 22
1704586162 18
1704586194 12
1704586226 22
1704586258 9
1704586290 2



# Sketch: 13
1704585714 17
1704585746 15
1704585778 8
1704585810 13
1704585842 34
1704585874 20
1704585906 31
1704585938 10
1704585970 48
1704586002 15
1704586034 13
1704586066 15
1704586098 13
1704586130 15
1704586162 7
1704586194 19
1704586226 15
1704586258 12
1704586290 14



# Sketch: 14
1704585714 34
1704585746 13
1704585778 12
1704585810 14
1704585842 47
1704585874 9
1704585906 22
1704585938 12
1704585970 22
1704586002 14
1704586034 14
1704586066 18
1704586098 17
1704586130 12
1704586162 13
1704586194 21
1704586226 18
1704586258 19
1704586290 12



# Sketch: 15
1704585714 21
1704585746 19
1704585778 16
1704585810 8
1704585842 35
1704585874 11
1704585906 20
1704585938 14
1704585970 16
1704586002 33
1704586034 29
1704586066 17
1704586098 22
1704586130 25
1704586162 22
1704586194 27
1704586226 25
1704586258 12
1704586290 11



# Sketch: 16
1704585714 14
1704585746 10
1704585778 16
1704585810 13
1704585842 13
1704585874 32
1704585906 7
1704585938 29
1704585970 20
1704586002 12
1704586034 7
1704586066 12
1704586098 17
1704586130 12
1704586162 8
1704586194 17
1704586226 26
1704586258 14
1704586290 33



# Sketch: 17
1704585714 21
1704585746 23
1704585778 23
1704585810 8
1704585842 12
1704585874 10
1704585906 6
1704585938 17
1704585970 11
1704586002 13
1704586034 28
1704586066 20
1704586098 25
1704586130 8
1704586162 7
1704586194 30
1704586226 17
1704586258 14
1704586290 24



# Sketch: 18
1704585714 12
1704585746 13
1704585778 14
1704585810 5
1704585842 15
1704585874 21
1704585906 11
1704585938 9
1704585970 13
1704586002 19
1704586034 9
1704586066 23
1704586098 14
1704586130 16
1704586162 10
1704586194 31
1704586226 13
1704586258 13
1704586290 4



# Sketch: 19
1704585714 14
1704585746 14
1704585778 15
1704585810 18
1704585842 19
1704585874 15
1704585906 21
1704585938 15
1704585970 14
1704586002 11
1704586034 16
1704586066 33
1704586098 14
1704586130 8
1704586162 6
1704586194 30
1704586226 11
1704586258 14
1704586290 6



# Sketch: 20
1704585714 13
1704585746 4
1704585778 22
1704585810 10
1704585842 16
1704585874 24
1704585906 12
1704585938 17
1704585970 14
1704586002 6
1704586034 10
1704586066 9
1704586098 32
1704586130 12
1704586162 12
1704586194 24
1704586226 17
1704586258 16
1704586290 16



# Sketch: 21
1704585714 12
1704585746 6
1704585778 19
1704585810 9
1704585842 12
1704585874 12
1704585906 12
1704585938 19
1704585970 18
1704586002 14
1704586034 12
1704586066 22
1704586098 20
1704586130 17
1704586162 10
1704586194 21
1704586226 36
1704586258 15
1704586290 16



# Sketch: 22
1704585714 23
1704585746 27
1704585778 18
1704585810 15
1704585842 21
1704585874 19
1704585906 33
1704585938 18
1704585970 20
1704586002 45
1704586034 26
1704586066 22
1704586098 15
1704586130 21
1704586162 11
1704586194 35
1704586226 16
1704586258 10
1704586290 10



# Sketch: 23
1704585714 22
1704585746 18
1704585778 10
1704585810 18
1704585842 13
1704585874 11
1704585906 9
1704585938 23
1704585970 31
1704586002 8
1704586034 29
1704586066 12
1704586098 18
1704586130 11
1704586162 16
1704586194 13
1704586226 39
1704586258 16
1704586290 9



# Sketch: 24
1704585714 30
1704585746 11
1704585778 33
1704585810 15
1704585842 37
1704585874 39
1704585906 24
1704585938 16
1704585970 19
1704586002 21
1704586034 16
1704586066 17
1704586098 17
1704586130 33
1704586162 24
1704586194 32
1704586226 24
1704586258 23
1704586290 31



# Sketch: 25
1704585714 24
1704585746 17
1704585778 11
1704585810 20
1704585842 41
1704585874 24
1704585906 14
1704585938 21
1704585970 26
1704586002 14
1704586034 20
1704586066 26
1704586098 26
1704586130 27
1704586162 14
1704586194 18
1704586226 15
1704586258 20
1704586290 15



# Sketch: 26
1704585714 20
1704585746 12
1704585778 12
1704585810 11
1704585842 22
1704585874 16
1704585906 21
1704585938 24
1704585970 31
1704586002 16
1704586034 25
1704586066 33
1704586098 25
1704586130 11
1704586162 27
1704586194 28
1704586226 16
1704586258 14
1704586290 7



# Sketch: 27
1704585714 23
1704585746 18
1704585778 21
1704585810 14
1704585842 27
1704585874 9
1704585906 18
1704585938 19
1704585970 19
1704586002 9
1704586034 8
1704586066 19
1704586098 16
1704586130 21
1704586162 8
1704586194 24
1704586226 15
1704586258 13
1704586290 10



# Sketch: 28
1704585714 9
1704585746 22
1704585778 12
1704585810 13
1704585842 14
1704585874 20
1704585906 9
1704585938 17
1704585970 5
1704586002 10
1704586034 11
1704586066 13
1704586098 13
1704586130 8
1704586162 28
1704586194 10
1704586226 9
1704586258 8
1704586290 4



# Sketch: 29
1704585714 7
1704585746 5
1704585778 18
1704585810 19
1704585842 11
1704585874 16
1704585906 2
1704585938 15
1704585970 12
1704586002 13
1704586034 9
1704586066 7
1704586098 10
1704586130 24
1704586162 25
1704586194 26
1704586226 16
1704586258 22
1704586290 4



# Sketch: 30
1704585714 23
1704585746 23
1704585778 29
1704585810 13
1704585842 37
1704585874 22
1704585906 24
1704585938 12
1704585970 17
1704586002 18
1704586034 19
1704586066 11
1704586098 12
1704586130 18
1704586162 17
1704586194 16
1704586226 28
1704586258 15
1704586290 5



# Sketch: 31
1704585714 8
1704585746 8
1704585778 20
1704585810 13
1704585842 5
1704585874 17
1704585906 11
1704585938 18
1704585970 11
1704586002 17
1704586034 10
1704586066 19
1704586098 8
1704586130 12
1704586162 21
1704586194 23
1704586226 11
1704586258 18
1704586290 5

