

# Sketch: 0
0 0.239731
1 0.210139
2 0.246885
3 0.256672
4 0.260377
5 0.389812
6 0.422856
7 0.447285



# Sketch: 1
0 0.858617
1 0.720135
2 0.612446
3 0.674267
4 0.598286
5 0.542361
6 0.542469
7 0.49765



# Sketch: 2
0 0.477238
1 0.487943
2 0.425644
3 0.847663
4 0.944362
5 0.443884
6 0.283933
7 0.507816



# Sketch: 3
0 0.39756
1 0.577471
2 0.706635
3 0.624333
4 0.473138
5 0.375871
6 0.3323
7 0.408409



# Sketch: 4
0 0.520879
1 0.59064
2 0.673082
3 0.445974
4 0.514712
5 0.475869
6 0.590741
7 0.555463



# Sketch: 5
0 0.463186
1 0.425447
2 0.494144
3 0.448658
4 0.515398
5 0.570967
6 0.503829
7 0.561483



# Sketch: 6
0 0.492424
1 0.145453
2 0.32108
3 0.407996
4 0.177363
5 0.334911
6 0.289821
7 0.3726



# Sketch: 7
0 0.591242
1 0.560782
2 0.455506
3 0.531333
4 0.932969
5 1.03077
6 0.777752
7 1.21818



# Sketch: 8
0 0.252813
1 0.301223
2 0.325623
3 0.295324
4 0.319227
5 0.38655
6 0.341969
7 0.466297



# Sketch: 9
0 0.636252
1 0.40505
2 0.507794
3 0.714626
4 0.469945
5 0.484028
6 0.371691
7 0.394624



# Sketch: 10
0 0.110798
1 0.211905
2 0.227454
3 0.231096
4 0.116056
5 0.211245
6 0.217742
7 0.37432



# Sketch: 11
0 0.762042
1 0.982683
2 0.77975
3 0.787954
4 0.86019
5 0.308507
6 0.450077
7 0.192551



# Sketch: 12
0 1.06952
1 0.982144
2 0.825783
3 0.632819
4 0.490133
5 0.396441
6 0.352264
7 0.453989



# Sketch: 13
0 0.384089
1 0.441839
2 0.406029
3 0.514057
4 0.604773
5 0.604809
6 1.69257
7 0.602465



# Sketch: 14
0 0.491809
1 0.702684
2 0.951787
3 1.19052
4 1.0979
5 0.428806
6 0.181779
7 0.339732



# Sketch: 15
0 0.646211
1 0.502056
2 0.527462
3 0.764188
4 0.890161
5 0.979916
6 1.60327
7 1.62759



# Sketch: 16
0 0.493736
1 0.584647
2 0.602327
3 0.563975
4 0.55792
5 0.588152
6 0.568053
7 0.557005



# Sketch: 17
0 0.451323
1 0.373911
2 0.396157
3 0.304498
4 0.334413
5 0.426137
6 2.75509
7 2.55086



# Sketch: 18
0 0.271309
1 0.300893
2 0.551844
3 0.572819
4 0.882832
5 0.606779
6 0.485292
7 0.469255



# Sketch: 19
0 0.796101
1 0.778554
2 0.7394
3 0.668484
4 0.600934
5 0.667638
6 0.627808
7 0.967312



# Sketch: 20
0 0.630013
1 0.587134
2 0.494425
3 0.497809
4 0.549943
5 0.630253
6 0.487227
7 0.514534



# Sketch: 21
0 0.290587
1 0.38174
2 0.305174
3 0.283531
4 0.504388
5 0.731236
6 0.202285
7 0.184278



# Sketch: 22
0 2.38119
1 2.48229
2 1.97756
3 1.57347
4 1.51872
5 0.903709
6 1.44506
7 0.815387



# Sketch: 23
0 0.694337
1 0.68534
2 0.668865
3 0.673651
4 0.707196
5 0.574413
6 0.714229
7 1.94111



# Sketch: 24
0 0.44736
1 0.54364
2 0.539726
3 0.550726
4 0.680409
5 0.62284
6 1.41148
7 1.04128



# Sketch: 25
0 0.618376
1 0.994595
2 0.797287
3 0.517104
4 0.28533
5 0.365097
6 0.227733
7 0.384757



# Sketch: 26
0 0.225324
1 0.325071
2 0.258335
3 0.273046
4 0.356835
5 0.330213
6 0.450969
7 0.45833



# Sketch: 27
0 1.02237
1 1.00284
2 0.470887
3 0.601893
4 0.780661
5 1.13712
6 0.334761
7 1.18145



# Sketch: 28
0 0.92476
1 1.21648
2 1.53258
3 1.25463
4 1.39284
5 0.615334
6 0.449588
7 0.398202



# Sketch: 29
0 0.491692
1 0.413623
2 0.502641
3 0.515122
4 0.56915
5 0.494646
6 0.440878
7 0.515253



# Sketch: 30
0 0.461832
1 0.326231
2 0.182733
3 0.121926
4 0.235315
5 0.478256
6 0.388263
7 0.299285



# Sketch: 31
0 0.659798
1 0.591169
2 0.626806
3 0.539298
4 0.584901
5 0.450056
6 0.458129
7 0.543748

