

# Sketch: 0
0 0.540803
1 0.569547
2 0.512502
3 0.554354
4 0.573254
5 0.426777
6 0.569847
7 0.457128



# Sketch: 1
0 0.612556
1 0.598443
2 0.527542
3 0.520792
4 0.469569
5 0.479257
6 0.555332
7 0.985969



# Sketch: 2
0 0.611641
1 0.726742
2 0.631909
3 0.459092
4 0.244701
5 0.330796
6 0.343993
7 0.506809



# Sketch: 3
0 0.369925
1 0.448101
2 0.413818
3 0.398894
4 0.482888
5 0.440269
6 0.586458
7 0.899057



# Sketch: 4
0 0.558706
1 0.703689
2 0.704722
3 0.83807
4 0.715222
5 0.26154
6 0.46986
7 0.492105



# Sketch: 5
0 0.41017
1 0.453749
2 0.395988
3 0.326306
4 0.31034
5 0.456406
6 0.440129
7 0.598974



# Sketch: 6
0 0.232994
1 0.247853
2 0.272279
3 0.308552
4 0.27525
5 0.308984
6 0.337855
7 0.540054



# Sketch: 7
0 0.399168
1 0.516586
2 0.444589
3 0.442997
4 0.395413
5 0.267845
6 0.28813
7 0.447098



# Sketch: 8
0 0.133795
1 0.196442
2 0.444795
3 0.679479
4 1.06193
5 1.10004
6 0.435744
7 0.654594



# Sketch: 9
0 0.845297
1 0.766878
2 0.753591
3 0.895987
4 0.734314
5 0.564168
6 0.988207
7 1.45979



# Sketch: 10
0 1.72547
1 1.67505
2 1.87797
3 1.65349
4 1.29709
5 1.06369
6 0.387809
7 0.271945



# Sketch: 11
0 0.226832
1 0.183259
2 0.199521
3 0.204879
4 0.207896
5 0.668807
6 0.302155
7 0.416509



# Sketch: 12
0 0.321578
1 0.320783
2 0.286043
3 0.29062
4 0.446135
5 0.376395
6 0.11547
7 0.249169



# Sketch: 13
0 0.713939
1 0.621762
2 0.539831
3 0.466038
4 0.555848
5 0.652542
6 0.374208
7 0.368735



# Sketch: 14
0 0.159416
1 0.183259
2 0.207525
3 0.203282
4 0.200524
5 0.225075
6 0.284834
7 0.506751



# Sketch: 15
0 0.449751
1 0.478004
2 0.444522
3 0.512518
4 0.518324
5 0.601067
6 0.558281
7 0.419935



# Sketch: 16
0 0.123009
1 0.297096
2 0.452088
3 0.444609
4 0.227154
5 0.2028
6 0.217357
7 0.30914



# Sketch: 17
0 0.370091
1 0.379339
2 0.551849
3 0.67901
4 0.539843
5 0.538463
6 0.544884
7 0.511704



# Sketch: 18
0 2.19556
1 2.17608
2 2.39396
3 2.02575
4 1.7229
5 2.00426
6 1.18994
7 1.48156



# Sketch: 19
0 0.36055
1 0.467471
2 0.450177
3 0.441825
4 0.265154
5 0.318918
6 0.233588
7 0.361523



# Sketch: 20
0 0.590225
1 0.635962
2 0.306499
3 0.283812
4 0.317372
5 0.461791
6 0.405201
7 0.370288



# Sketch: 21
0 0.268829
1 0.275634
2 0.350655
3 0.315154
4 0.33254
5 0.335647
6 0.375891
7 0.419108



# Sketch: 22
0 0.491559
1 0.540749
2 0.611674
3 0.53602
4 0.158719
5 0.241392
6 1.01158
7 1.18406



# Sketch: 23
0 0.960423
1 0.888141
2 0.840831
3 0.828756
4 0.830805
5 0.761822
6 0.681977
7 0.462078



# Sketch: 24
0 0.633454
1 0.706702
2 0.834078
3 0.738285
4 1.0399
5 0.340368
6 0.432754
7 0.515553



# Sketch: 25
0 0.421139
1 0.38885
2 0.415225
3 0.488205
4 0.527726
5 0.551503
6 0.837516
7 0.575175



# Sketch: 26
0 0.541704
1 0.373916
2 0.349256
3 0.320725
4 0.133417
5 0.179294
6 0.630567
7 0.597672



# Sketch: 27
0 0.33819
1 0.31195
2 0.25861
3 0.278686
4 0.0864524
5 0.361555
6 0.594255
7 0.428183



# Sketch: 28
0 0.471493
1 0.515648
2 0.574322
3 0.588722
4 0.519761
5 0.609897
6 0.548778
7 1.98498



# Sketch: 29
0 0.370708
1 0.352123
2 0.304038
3 0.258441
4 0.34255
5 1.04811
6 1.76399
7 1.45554



# Sketch: 30
0 0.462114
1 0.456741
2 0.38891
3 0.401639
4 0.403838
5 0.448395
6 0.52038
7 0.440934



# Sketch: 31
0 0.365892
1 0.399278
2 0.351297
3 0.362821
4 0.390924
5 1.00865
6 0.416098
7 0.577549

