

# Sketch: 0
1704586314 12
1704586330 5
1704586346 10
1704586362 5
1704586378 16
1704586394 9
1704586410 12
1704586426 14
1704586442 7
1704586458 12
1704586474 5
1704586490 17
1704586506 8
1704586522 17
1704586538 13
1704586554 23
1704586570 21
1704586586 22
1704586602 35
1704586618 28
1704586634 19
1704586650 17
1704586666 7
1704586682 8
1704586698 13
1704586714 30
1704586730 38
1704586746 25
1704586762 27
1704586778 15
1704586794 15
1704586810 12
1704586826 12
1704586842 15
1704586858 12
1704586874 13
1704586890 10
1704586906 3



# Sketch: 1
1704586314 7
1704586330 10
1704586346 11
1704586362 5
1704586378 3
1704586394 5
1704586410 5
1704586426 4
1704586442 6
1704586458 6
1704586474 6
1704586490 6
1704586506 4
1704586522 2
1704586538 6
1704586554 6
1704586570 13
1704586586 6
1704586602 3
1704586618 11
1704586634 9
1704586650 14
1704586666 6
1704586682 5
1704586698 3
1704586714 47
1704586730 23
1704586746 21
1704586762 7
1704586778 15
1704586794 8
1704586810 16
1704586826 2
1704586842 21
1704586858 29
1704586874 27
1704586890 11
1704586906 3



# Sketch: 2
1704586314 5
1704586330 10
1704586346 7
1704586362 3
1704586378 6
1704586394 16
1704586410 7
1704586426 2
1704586442 12
1704586458 8
1704586474 4
1704586490 4
1704586506 5
1704586522 3
1704586538 10
1704586554 10
1704586570 13
1704586586 5
1704586602 2
1704586618 9
1704586634 12
1704586650 4
1704586666 12
1704586682 8
1704586698 4
1704586714 32
1704586730 33
1704586746 20
1704586762 11
1704586778 10
1704586794 4
1704586810 9
1704586826 5
1704586842 9
1704586858 7
1704586874 8
1704586890 9
1704586906 6



# Sketch: 3
1704586314 3
1704586330 3
1704586346 5
1704586362 5
1704586378 6
1704586394 1
1704586410 3
1704586426 3
1704586442 10
1704586458 11
1704586474 1
1704586490 2
1704586506 6
1704586522 9
1704586538 15
1704586554 7
1704586570 2
1704586586 12
1704586602 23
1704586618 12
1704586634 11
1704586650 8
1704586666 6
1704586682 3
1704586698 6
1704586714 33
1704586730 29
1704586746 16
1704586762 27
1704586778 13
1704586794 9
1704586810 2
1704586826 1
1704586842 3
1704586858 20
1704586874 8
1704586890 12
1704586906 6



# Sketch: 4
1704586314 8
1704586330 18
1704586346 12
1704586362 7
1704586378 14
1704586394 11
1704586410 8
1704586426 11
1704586442 7
1704586458 15
1704586474 7
1704586490 10
1704586506 9
1704586522 15
1704586538 20
1704586554 33
1704586570 17
1704586586 20
1704586602 21
1704586618 22
1704586634 25
1704586650 15
1704586666 12
1704586682 9
1704586698 18
1704586714 43
1704586730 35
1704586746 16
1704586762 26
1704586778 9
1704586794 12
1704586810 13
1704586826 9
1704586842 7
1704586858 15
1704586874 14
1704586890 9
1704586906 7



# Sketch: 5
1704586314 11
1704586330 6
1704586346 18
1704586362 10
1704586378 17
1704586394 9
1704586410 14
1704586426 9
1704586442 11
1704586458 8
1704586474 7
1704586490 18
1704586506 14
1704586522 7
1704586538 7
1704586554 39
1704586570 18
1704586586 14
1704586602 31
1704586618 37
1704586634 12
1704586650 17
1704586666 7
1704586682 13
1704586698 15
1704586714 30
1704586730 37
1704586746 29
1704586762 13
1704586778 16
1704586794 17
1704586810 8
1704586826 2
1704586842 7
1704586858 20
1704586874 7
1704586890 9
1704586906 5



# Sketch: 6
1704586314 7
1704586330 12
1704586346 12
1704586362 2
1704586378 2
1704586394 26
1704586410 5
1704586426 3
1704586442 7
1704586458 15
1704586474 3
1704586490 7
1704586506 4
1704586522 7
1704586538 10
1704586554 3
1704586570 3
1704586586 12
1704586602 14
1704586618 4
1704586634 9
1704586650 4
1704586666 5
1704586682 5
1704586698 12
1704586714 35
1704586730 28
1704586746 13
1704586762 22
1704586778 10
1704586794 13
1704586810 15
1704586826 9
1704586842 18
1704586858 15
1704586874 12
1704586890 2
1704586906 2



# Sketch: 7
1704586314 4
1704586330 6
1704586346 11
1704586362 0
1704586378 5
1704586394 8
1704586410 9
1704586426 6
1704586442 5
1704586458 5
1704586474 9
1704586490 8
1704586506 18
1704586522 8
1704586538 5
1704586554 7
1704586570 4
1704586586 5
1704586602 12
1704586618 13
1704586634 11
1704586650 16
1704586666 24
1704586682 11
1704586698 10
1704586714 27
1704586730 11
1704586746 10
1704586762 11
1704586778 10
1704586794 26
1704586810 12
1704586826 4
1704586842 6
1704586858 2
1704586874 7
1704586890 5
1704586906 5



# Sketch: 8
1704586314 12
1704586330 14
1704586346 6
1704586362 5
1704586378 3
1704586394 5
1704586410 2
1704586426 6
1704586442 6
1704586458 10
1704586474 4
1704586490 7
1704586506 14
1704586522 5
1704586538 10
1704586554 6
1704586570 8
1704586586 8
1704586602 7
1704586618 11
1704586634 12
1704586650 5
1704586666 6
1704586682 7
1704586698 6
1704586714 35
1704586730 23
1704586746 9
1704586762 16
1704586778 19
1704586794 14
1704586810 23
1704586826 20
1704586842 6
1704586858 11
1704586874 11
1704586890 3
1704586906 7



# Sketch: 9
1704586314 6
1704586330 6
1704586346 6
1704586362 8
1704586378 4
1704586394 13
1704586410 3
1704586426 4
1704586442 10
1704586458 16
1704586474 4
1704586490 7
1704586506 6
1704586522 8
1704586538 21
1704586554 17
1704586570 9
1704586586 5
1704586602 12
1704586618 11
1704586634 21
1704586650 13
1704586666 6
1704586682 13
1704586698 6
1704586714 39
1704586730 27
1704586746 24
1704586762 13
1704586778 2
1704586794 12
1704586810 16
1704586826 5
1704586842 4
1704586858 23
1704586874 13
1704586890 8
1704586906 12



# Sketch: 10
1704586314 7
1704586330 8
1704586346 4
1704586362 7
1704586378 6
1704586394 4
1704586410 10
1704586426 4
1704586442 4
1704586458 7
1704586474 2
1704586490 14
1704586506 4
1704586522 6
1704586538 9
1704586554 9
1704586570 6
1704586586 13
1704586602 10
1704586618 3
1704586634 22
1704586650 6
1704586666 4
1704586682 4
1704586698 8
1704586714 30
1704586730 18
1704586746 8
1704586762 20
1704586778 18
1704586794 8
1704586810 6
1704586826 19
1704586842 6
1704586858 11
1704586874 10
1704586890 5
1704586906 0



# Sketch: 11
1704586314 14
1704586330 7
1704586346 9
1704586362 7
1704586378 8
1704586394 10
1704586410 6
1704586426 10
1704586442 10
1704586458 8
1704586474 3
1704586490 3
1704586506 14
1704586522 7
1704586538 22
1704586554 15
1704586570 6
1704586586 9
1704586602 14
1704586618 10
1704586634 17
1704586650 3
1704586666 7
1704586682 8
1704586698 16
1704586714 41
1704586730 30
1704586746 11
1704586762 10
1704586778 11
1704586794 10
1704586810 5
1704586826 14
1704586842 6
1704586858 9
1704586874 5
1704586890 8
1704586906 6



# Sketch: 12
1704586314 9
1704586330 10
1704586346 9
1704586362 3
1704586378 4
1704586394 6
1704586410 12
1704586426 3
1704586442 1
1704586458 8
1704586474 1
1704586490 11
1704586506 9
1704586522 17
1704586538 25
1704586554 5
1704586570 17
1704586586 11
1704586602 3
1704586618 5
1704586634 17
1704586650 7
1704586666 9
1704586682 2
1704586698 15
1704586714 48
1704586730 30
1704586746 18
1704586762 8
1704586778 8
1704586794 7
1704586810 5
1704586826 3
1704586842 9
1704586858 18
1704586874 4
1704586890 4
1704586906 7



# Sketch: 13
1704586314 15
1704586330 5
1704586346 6
1704586362 9
1704586378 7
1704586394 21
1704586410 13
1704586426 5
1704586442 6
1704586458 18
1704586474 3
1704586490 12
1704586506 5
1704586522 4
1704586538 14
1704586554 27
1704586570 4
1704586586 3
1704586602 4
1704586618 21
1704586634 13
1704586650 14
1704586666 5
1704586682 27
1704586698 7
1704586714 37
1704586730 34
1704586746 15
1704586762 16
1704586778 12
1704586794 8
1704586810 21
1704586826 8
1704586842 19
1704586858 6
1704586874 5
1704586890 5
1704586906 8



# Sketch: 14
1704586314 6
1704586330 3
1704586346 8
1704586362 2
1704586378 9
1704586394 6
1704586410 5
1704586426 1
1704586442 6
1704586458 6
1704586474 7
1704586490 8
1704586506 5
1704586522 4
1704586538 2
1704586554 14
1704586570 6
1704586586 9
1704586602 7
1704586618 6
1704586634 20
1704586650 8
1704586666 6
1704586682 12
1704586698 10
1704586714 55
1704586730 37
1704586746 9
1704586762 6
1704586778 12
1704586794 21
1704586810 7
1704586826 4
1704586842 15
1704586858 13
1704586874 6
1704586890 4
1704586906 7



# Sketch: 15
1704586314 12
1704586330 5
1704586346 3
1704586362 14
1704586378 16
1704586394 12
1704586410 8
1704586426 5
1704586442 5
1704586458 6
1704586474 7
1704586490 4
1704586506 9
1704586522 17
1704586538 6
1704586554 9
1704586570 14
1704586586 5
1704586602 14
1704586618 7
1704586634 9
1704586650 7
1704586666 7
1704586682 6
1704586698 12
1704586714 37
1704586730 31
1704586746 19
1704586762 12
1704586778 8
1704586794 10
1704586810 9
1704586826 8
1704586842 8
1704586858 6
1704586874 3
1704586890 4
1704586906 12



# Sketch: 16
1704586314 6
1704586330 6
1704586346 4
1704586362 12
1704586378 7
1704586394 5
1704586410 3
1704586426 7
1704586442 8
1704586458 5
1704586474 3
1704586490 8
1704586506 17
1704586522 7
1704586538 9
1704586554 15
1704586570 1
1704586586 10
1704586602 10
1704586618 6
1704586634 19
1704586650 10
1704586666 7
1704586682 3
1704586698 6
1704586714 42
1704586730 29
1704586746 8
1704586762 12
1704586778 24
1704586794 9
1704586810 8
1704586826 11
1704586842 5
1704586858 18
1704586874 4
1704586890 6
1704586906 19



# Sketch: 17
1704586314 8
1704586330 4
1704586346 2
1704586362 30
1704586378 3
1704586394 9
1704586410 2
1704586426 9
1704586442 8
1704586458 8
1704586474 1
1704586490 13
1704586506 6
1704586522 4
1704586538 5
1704586554 7
1704586570 13
1704586586 6
1704586602 8
1704586618 7
1704586634 13
1704586650 9
1704586666 13
1704586682 9
1704586698 14
1704586714 34
1704586730 28
1704586746 19
1704586762 14
1704586778 9
1704586794 19
1704586810 9
1704586826 13
1704586842 5
1704586858 3
1704586874 6
1704586890 6
1704586906 2



# Sketch: 18
1704586314 4
1704586330 8
1704586346 8
1704586362 6
1704586378 1
1704586394 8
1704586410 23
1704586426 21
1704586442 9
1704586458 15
1704586474 8
1704586490 3
1704586506 4
1704586522 4
1704586538 4
1704586554 23
1704586570 4
1704586586 7
1704586602 4
1704586618 14
1704586634 7
1704586650 5
1704586666 6
1704586682 10
1704586698 11
1704586714 28
1704586730 34
1704586746 15
1704586762 5
1704586778 26
1704586794 8
1704586810 9
1704586826 5
1704586842 3
1704586858 9
1704586874 7
1704586890 7
1704586906 7



# Sketch: 19
1704586314 4
1704586330 6
1704586346 1
1704586362 9
1704586378 5
1704586394 18
1704586410 11
1704586426 5
1704586442 3
1704586458 9
1704586474 5
1704586490 5
1704586506 10
1704586522 9
1704586538 9
1704586554 4
1704586570 8
1704586586 25
1704586602 11
1704586618 4
1704586634 12
1704586650 24
1704586666 36
1704586682 7
1704586698 5
1704586714 38
1704586730 23
1704586746 11
1704586762 8
1704586778 16
1704586794 12
1704586810 8
1704586826 1
1704586842 10
1704586858 14
1704586874 8
1704586890 24
1704586906 7



# Sketch: 20
1704586314 11
1704586330 12
1704586346 5
1704586362 10
1704586378 3
1704586394 2
1704586410 3
1704586426 7
1704586442 11
1704586458 4
1704586474 6
1704586490 13
1704586506 9
1704586522 1
1704586538 10
1704586554 6
1704586570 12
1704586586 4
1704586602 8
1704586618 8
1704586634 11
1704586650 7
1704586666 1
1704586682 27
1704586698 6
1704586714 54
1704586730 25
1704586746 12
1704586762 9
1704586778 4
1704586794 14
1704586810 17
1704586826 12
1704586842 11
1704586858 12
1704586874 7
1704586890 4
1704586906 7



# Sketch: 21
1704586314 6
1704586330 2
1704586346 9
1704586362 10
1704586378 3
1704586394 10
1704586410 7
1704586426 9
1704586442 7
1704586458 6
1704586474 2
1704586490 3
1704586506 7
1704586522 4
1704586538 1
1704586554 16
1704586570 4
1704586586 4
1704586602 11
1704586618 15
1704586634 16
1704586650 5
1704586666 0
1704586682 12
1704586698 9
1704586714 38
1704586730 31
1704586746 16
1704586762 18
1704586778 10
1704586794 10
1704586810 4
1704586826 1
1704586842 8
1704586858 5
1704586874 6
1704586890 2
1704586906 3



# Sketch: 22
1704586314 9
1704586330 6
1704586346 10
1704586362 9
1704586378 17
1704586394 4
1704586410 5
1704586426 5
1704586442 7
1704586458 7
1704586474 2
1704586490 10
1704586506 5
1704586522 9
1704586538 4
1704586554 5
1704586570 23
1704586586 7
1704586602 11
1704586618 5
1704586634 2
1704586650 3
1704586666 9
1704586682 7
1704586698 15
1704586714 37
1704586730 24
1704586746 24
1704586762 15
1704586778 10
1704586794 12
1704586810 13
1704586826 10
1704586842 8
1704586858 22
1704586874 5
1704586890 9
1704586906 4



# Sketch: 23
1704586314 3
1704586330 9
1704586346 4
1704586362 4
1704586378 2
1704586394 4
1704586410 7
1704586426 11
1704586442 8
1704586458 9
1704586474 13
1704586490 5
1704586506 34
1704586522 4
1704586538 4
1704586554 11
1704586570 10
1704586586 10
1704586602 9
1704586618 5
1704586634 12
1704586650 5
1704586666 2
1704586682 12
1704586698 9
1704586714 36
1704586730 31
1704586746 25
1704586762 12
1704586778 13
1704586794 7
1704586810 7
1704586826 7
1704586842 3
1704586858 7
1704586874 8
1704586890 14
1704586906 5



# Sketch: 24
1704586314 18
1704586330 11
1704586346 3
1704586362 11
1704586378 8
1704586394 9
1704586410 3
1704586426 14
1704586442 6
1704586458 4
1704586474 5
1704586490 0
1704586506 4
1704586522 7
1704586538 5
1704586554 10
1704586570 3
1704586586 8
1704586602 19
1704586618 7
1704586634 11
1704586650 5
1704586666 5
1704586682 7
1704586698 7
1704586714 22
1704586730 24
1704586746 14
1704586762 5
1704586778 4
1704586794 5
1704586810 7
1704586826 8
1704586842 11
1704586858 6
1704586874 13
1704586890 4
1704586906 8



# Sketch: 25
1704586314 8
1704586330 9
1704586346 7
1704586362 4
1704586378 5
1704586394 8
1704586410 6
1704586426 7
1704586442 5
1704586458 12
1704586474 14
1704586490 6
1704586506 4
1704586522 10
1704586538 12
1704586554 14
1704586570 13
1704586586 16
1704586602 15
1704586618 8
1704586634 18
1704586650 7
1704586666 6
1704586682 6
1704586698 7
1704586714 40
1704586730 38
1704586746 23
1704586762 21
1704586778 17
1704586794 11
1704586810 10
1704586826 5
1704586842 9
1704586858 15
1704586874 15
1704586890 12
1704586906 0



# Sketch: 26
1704586314 7
1704586330 5
1704586346 8
1704586362 18
1704586378 15
1704586394 3
1704586410 5
1704586426 13
1704586442 9
1704586458 11
1704586474 6
1704586490 8
1704586506 6
1704586522 9
1704586538 5
1704586554 14
1704586570 11
1704586586 21
1704586602 8
1704586618 9
1704586634 10
1704586650 6
1704586666 9
1704586682 11
1704586698 16
1704586714 50
1704586730 47
1704586746 13
1704586762 12
1704586778 9
1704586794 9
1704586810 11
1704586826 8
1704586842 2
1704586858 6
1704586874 9
1704586890 7
1704586906 7



# Sketch: 27
1704586314 9
1704586330 17
1704586346 6
1704586362 11
1704586378 4
1704586394 5
1704586410 8
1704586426 4
1704586442 15
1704586458 5
1704586474 4
1704586490 3
1704586506 6
1704586522 4
1704586538 17
1704586554 7
1704586570 9
1704586586 3
1704586602 14
1704586618 4
1704586634 8
1704586650 3
1704586666 10
1704586682 6
1704586698 7
1704586714 41
1704586730 21
1704586746 23
1704586762 9
1704586778 7
1704586794 5
1704586810 4
1704586826 9
1704586842 1
1704586858 5
1704586874 12
1704586890 10
1704586906 14



# Sketch: 28
1704586314 6
1704586330 8
1704586346 5
1704586362 5
1704586378 14
1704586394 6
1704586410 12
1704586426 6
1704586442 8
1704586458 10
1704586474 4
1704586490 4
1704586506 5
1704586522 16
1704586538 11
1704586554 7
1704586570 4
1704586586 7
1704586602 17
1704586618 13
1704586634 8
1704586650 12
1704586666 9
1704586682 4
1704586698 7
1704586714 44
1704586730 22
1704586746 10
1704586762 17
1704586778 9
1704586794 17
1704586810 8
1704586826 8
1704586842 8
1704586858 6
1704586874 5
1704586890 10
1704586906 3



# Sketch: 29
1704586314 1
1704586330 8
1704586346 3
1704586362 1
1704586378 4
1704586394 7
1704586410 4
1704586426 10
1704586442 11
1704586458 9
1704586474 10
1704586490 19
1704586506 16
1704586522 5
1704586538 8
1704586554 13
1704586570 16
1704586586 8
1704586602 10
1704586618 5
1704586634 10
1704586650 5
1704586666 6
1704586682 7
1704586698 7
1704586714 23
1704586730 20
1704586746 19
1704586762 9
1704586778 14
1704586794 10
1704586810 9
1704586826 5
1704586842 13
1704586858 22
1704586874 11
1704586890 5
1704586906 5



# Sketch: 30
1704586314 17
1704586330 4
1704586346 11
1704586362 6
1704586378 6
1704586394 17
1704586410 16
1704586426 3
1704586442 5
1704586458 22
1704586474 5
1704586490 10
1704586506 11
1704586522 10
1704586538 9
1704586554 41
1704586570 3
1704586586 7
1704586602 12
1704586618 8
1704586634 6
1704586650 16
1704586666 13
1704586682 7
1704586698 8
1704586714 39
1704586730 28
1704586746 24
1704586762 10
1704586778 9
1704586794 13
1704586810 12
1704586826 10
1704586842 5
1704586858 6
1704586874 10
1704586890 9
1704586906 2



# Sketch: 31
1704586314 11
1704586330 9
1704586346 7
1704586362 0
1704586378 11
1704586394 6
1704586410 9
1704586426 8
1704586442 8
1704586458 10
1704586474 8
1704586490 10
1704586506 6
1704586522 18
1704586538 23
1704586554 14
1704586570 26
1704586586 3
1704586602 18
1704586618 6
1704586634 12
1704586650 12
1704586666 5
1704586682 17
1704586698 12
1704586714 38
1704586730 31
1704586746 11
1704586762 8
1704586778 20
1704586794 24
1704586810 13
1704586826 6
1704586842 9
1704586858 13
1704586874 12
1704586890 6
1704586906 7

