

# Sketch: 0
0 0.713681
1 0.628498
2 0.61418
3 0.585417
4 0.550519
5 0.510513
6 0.504841
7 0.482689



# Sketch: 1
0 0.900059
1 0.865696
2 0.771444
3 0.686061
4 0.73444
5 0.623869
6 0.590704
7 0.514418



# Sketch: 2
0 0.672498
1 0.509426
2 0.35801
3 0.319671
4 0.328092
5 0.244861
6 0.158282
7 0.14378



# Sketch: 3
0 0.204035
1 0.215111
2 0.085054
3 0.159737
4 0.103968
5 0.167508
6 0.206287
7 0.403202



# Sketch: 4
0 0.548176
1 0.67703
2 0.777327
3 0.788149
4 0.562074
5 0.0847442
6 0.161361
7 0.227803



# Sketch: 5
0 1.27279
1 1.20631
2 0.99046
3 0.704172
4 0.704235
5 0.627953
6 0.617085
7 0.499868



# Sketch: 6
0 0.997547
1 0.747643
2 0.256774
3 0.127767
4 0.585144
5 1.16913
6 0.396106
7 0.397944



# Sketch: 7
0 0.738572
1 0.680301
2 0.572704
3 0.482151
4 0.490406
5 0.442501
6 0.471674
7 0.471692



# Sketch: 8
0 0.886505
1 0.876426
2 0.639373
3 0.480916
4 0.421578
5 0.411849
6 0.419772
7 0.366125



# Sketch: 9
0 0.255631
1 0.501174
2 0.506618
3 0.420144
4 0.437983
5 0.267996
6 0.285409
7 0.457427



# Sketch: 10
0 0.579301
1 0.563865
2 0.582703
3 0.498109
4 0.483569
5 0.464486
6 0.461996
7 0.515819



# Sketch: 11
0 0.613044
1 0.95727
2 0.79468
3 0.780253
4 0.889234
5 0.972818
6 0.713384
7 0.377382



# Sketch: 12
0 0.184806
1 0.241073
2 0.0827162
3 0.117036
4 0.125846
5 0.173317
6 0.201603
7 0.266084



# Sketch: 13
0 0.410194
1 0.400707
2 0.387484
3 0.367726
4 0.36134
5 0.395724
6 0.354315
7 0.435583



# Sketch: 14
0 1.24128
1 1.15988
2 1.04861
3 0.773804
4 0.837664
5 0.52027
6 0.47483
7 0.249567



# Sketch: 15
0 1.00276
1 0.974984
2 0.732192
3 0.647011
4 0.666253
5 0.604938
6 0.583183
7 0.472035



# Sketch: 16
0 0.770579
1 0.744368
2 0.683855
3 0.618579
4 0.681671
5 0.765893
6 0.627573
7 0.640462



# Sketch: 17
0 0.503366
1 0.517416
2 0.590835
3 0.467409
4 0.55307
5 0.39754
6 0.609723
7 0.582919



# Sketch: 18
0 0.467481
1 0.383185
2 0.372208
3 0.364127
4 0.375132
5 0.426044
6 0.381011
7 0.401948



# Sketch: 19
0 0.957854
1 0.895819
2 0.797055
3 1.0061
4 0.726739
5 0.554181
6 0.656839
7 1.2341



# Sketch: 20
0 0.362148
1 0.318828
2 0.377247
3 0.289758
4 0.299462
5 0.361419
6 0.360601
7 0.333307



# Sketch: 21
0 1.0225
1 1.02498
2 1.13297
3 0.968426
4 0.823836
5 0.799632
6 0.55445
7 1.00536



# Sketch: 22
0 1.53061
1 2.07928
2 1.37476
3 1.56404
4 1.68582
5 1.49496
6 1.84963
7 2.96637



# Sketch: 23
0 0.538566
1 0.567868
2 0.575331
3 0.559359
4 0.665849
5 0.575393
6 0.530728
7 0.502922



# Sketch: 24
0 0.7848
1 0.786328
2 0.788536
3 0.718277
4 0.650963
5 1.38911
6 1.06762
7 0.838136



# Sketch: 25
0 1.6155
1 1.50883
2 1.12923
3 0.930113
4 0.879593
5 0.744138
6 0.513473
7 0.237361



# Sketch: 26
0 1.9298
1 1.2494
2 0.645983
3 0.353327
4 0.530293
5 0.514973
6 0.304787
7 0.157604



# Sketch: 27
0 0.302224
1 0.499375
2 0.472006
3 0.547072
4 0.653787
5 0.409806
6 0.483084
7 0.359048



# Sketch: 28
0 0.690872
1 0.606792
2 0.536676
3 0.502686
4 0.512599
5 0.501208
6 0.482457
7 0.437249



# Sketch: 29
0 1.45459
1 0.845218
2 1.01967
3 0.458598
4 0.407498
5 0.353979
6 0.359676
7 0.37056



# Sketch: 30
0 1.10027
1 1.11266
2 0.930385
3 0.982631
4 1.24225
5 0.630271
6 1.12744
7 3.15544



# Sketch: 31
0 1.4055
1 1.24273
2 0.837905
3 0.757754
4 0.70132
5 0.767902
6 0.457932
7 0.358151

