

# Sketch: 0
0 1.20779
1 1.08831
2 0.898961
3 0.667539
4 1.10183
5 1.69582
6 1.39787
7 0.868969



# Sketch: 1
0 1.67755
1 1.0725
2 0.883154
3 0.643217
4 0.573637
5 0.567681
6 0.497758
7 0.576569



# Sketch: 2
0 0.512379
1 0.481579
2 0.293677
3 0.440288
4 0.155002
5 0.0772572
6 0.227758
7 0.499894



# Sketch: 3
0 0.575467
1 0.489159
2 0.499705
3 0.475464
4 0.544745
5 0.479521
6 0.443643
7 0.389978



# Sketch: 4
0 0.650418
1 0.579465
2 0.547439
3 0.460103
4 0.449404
5 0.508994
6 0.439873
7 0.390414



# Sketch: 5
0 0.13622
1 0.235438
2 0.494798
3 0.436996
4 0.219839
5 0.409556
6 0.314019
7 0.354957



# Sketch: 6
0 2.41505
1 1.60768
2 0.957908
3 0.544699
4 0.480618
5 0.847789
6 0.599355
7 0.106208



# Sketch: 7
0 0.906295
1 0.702977
2 0.552101
3 0.451192
4 0.482244
5 0.5045
6 0.493979
7 0.532396



# Sketch: 8
0 1.67312
1 1.81091
2 1.64605
3 1.7066
4 1.5791
5 1.31833
6 1.26259
7 0.762383



# Sketch: 9
0 0.556219
1 0.537297
2 0.68344
3 1.17944
4 1.31578
5 0.838468
6 1.04379
7 1.36345



# Sketch: 10
0 1.08431
1 0.828594
2 0.454739
3 0.226157
4 0.159039
5 0.375903
6 0.491837
7 0.810908



# Sketch: 11
0 0.878655
1 0.384617
2 0.531437
3 0.862054
4 1.07002
5 0.6651
6 0.189142
7 0.213618



# Sketch: 12
0 0.560144
1 0.524824
2 0.434766
3 0.421283
4 0.414191
5 0.401914
6 0.431916
7 0.459015



# Sketch: 13
0 0.560805
1 0.954957
2 0.535371
3 0.588258
4 0.421172
5 0.144551
6 0.166585
7 0.251399



# Sketch: 14
0 0.0431851
1 0.251538
2 0.112792
3 0.308501
4 0.238206
5 0.274394
6 0.528528
7 2.67159



# Sketch: 15
0 0.730458
1 0.445509
2 0.293683
3 0.236446
4 0.231458
5 0.0765409
6 0.284228
7 0.725543



# Sketch: 16
0 1.56473
1 1.34198
2 1.17687
3 0.990701
4 0.984359
5 0.916918
6 0.880359
7 0.487798



# Sketch: 17
0 0.763057
1 0.693888
2 0.611777
3 0.53634
4 0.562372
5 0.552167
6 0.531376
7 0.48134



# Sketch: 18
0 0.805872
1 0.740347
2 0.41627
3 0.232873
4 0.245097
5 0.0756403
6 0.100723
7 0.178896



# Sketch: 19
0 0.918322
1 0.787412
2 0.706878
3 0.681814
4 0.624525
5 0.555366
6 0.577431
7 0.673316



# Sketch: 20
0 0.877279
1 0.754199
2 0.499696
3 0.213959
4 0.225945
5 0.282961
6 0.299406
7 0.551557



# Sketch: 21
0 0.944365
1 0.80948
2 0.60194
3 0.64097
4 0.370136
5 0.287217
6 0.202165
7 0.0643344



# Sketch: 22
0 0.472573
1 0.482232
2 0.493874
3 0.578086
4 0.459852
5 0.401033
6 0.417078
7 0.435824



# Sketch: 23
0 1.17403
1 1.10162
2 0.928896
3 0.853188
4 0.755693
5 0.674621
6 0.663592
7 0.47624



# Sketch: 24
0 0.450541
1 0.437352
2 0.562246
3 0.714377
4 1.06509
5 0.799052
6 0.875624
7 0.601251



# Sketch: 25
0 0.738043
1 0.858975
2 1.07374
3 0.830862
4 0.655351
5 0.571637
6 0.691984
7 0.683869



# Sketch: 26
0 0.334451
1 0.212137
2 0.319577
3 0.222793
4 0.252002
5 0.44482
6 0.334378
7 0.314619



# Sketch: 27
0 1.67665
1 1.94006
2 1.68916
3 1.2669
4 0.795503
5 0.507405
6 0.313266
7 0.0269541



# Sketch: 28
0 0.483743
1 0.559172
2 0.397178
3 0.274234
4 0.375075
5 0.500365
6 0.585088
7 0.539536



# Sketch: 29
0 1.11683
1 1.53585
2 1.53516
3 1.57621
4 1.50486
5 1.92349
6 1.49123
7 2.34157



# Sketch: 30
0 0.363345
1 0.158316
2 0.202477
3 0.194968
4 0.280987
5 0.323515
6 0.331186
7 0.40396



# Sketch: 31
0 0.829206
1 0.735599
2 0.56228
3 0.489982
4 0.518603
5 0.528809
6 0.509787
7 0.349411

