

# Sketch: 0
1704586914 22
1704586978 37
1704587042 32
1704587106 25
1704587170 42
1704587234 57
1704587298 44
1704587362 68
1704587426 61
1704587490 32



# Sketch: 1
1704586914 31
1704586978 47
1704587042 32
1704587106 30
1704587170 44
1704587234 46
1704587298 23
1704587362 46
1704587426 31
1704587490 36



# Sketch: 2
1704586914 42
1704586978 44
1704587042 45
1704587106 23
1704587170 36
1704587234 43
1704587298 39
1704587362 44
1704587426 27
1704587490 14



# Sketch: 3
1704586914 35
1704586978 28
1704587042 50
1704587106 17
1704587170 37
1704587234 36
1704587298 37
1704587362 50
1704587426 38
1704587490 26



# Sketch: 4
1704586914 43
1704586978 22
1704587042 43
1704587106 29
1704587170 37
1704587234 52
1704587298 31
1704587362 31
1704587426 69
1704587490 31



# Sketch: 5
1704586914 35
1704586978 36
1704587042 29
1704587106 30
1704587170 30
1704587234 30
1704587298 37
1704587362 19
1704587426 23
1704587490 27



# Sketch: 6
1704586914 26
1704586978 24
1704587042 50
1704587106 20
1704587170 22
1704587234 43
1704587298 22
1704587362 19
1704587426 20
1704587490 12



# Sketch: 7
1704586914 18
1704586978 23
1704587042 24
1704587106 46
1704587170 39
1704587234 27
1704587298 20
1704587362 44
1704587426 61
1704587490 34



# Sketch: 8
1704586914 26
1704586978 21
1704587042 42
1704587106 30
1704587170 39
1704587234 40
1704587298 28
1704587362 15
1704587426 30
1704587490 25



# Sketch: 9
1704586914 32
1704586978 42
1704587042 42
1704587106 53
1704587170 34
1704587234 32
1704587298 34
1704587362 51
1704587426 44
1704587490 21



# Sketch: 10
1704586914 48
1704586978 32
1704587042 22
1704587106 17
1704587170 55
1704587234 39
1704587298 34
1704587362 26
1704587426 27
1704587490 19



# Sketch: 11
1704586914 31
1704586978 27
1704587042 53
1704587106 34
1704587170 26
1704587234 49
1704587298 46
1704587362 36
1704587426 37
1704587490 46



# Sketch: 12
1704586914 29
1704586978 39
1704587042 35
1704587106 18
1704587170 38
1704587234 39
1704587298 37
1704587362 36
1704587426 28
1704587490 23



# Sketch: 13
1704586914 29
1704586978 26
1704587042 33
1704587106 18
1704587170 23
1704587234 64
1704587298 21
1704587362 36
1704587426 59
1704587490 24



# Sketch: 14
1704586914 38
1704586978 34
1704587042 37
1704587106 28
1704587170 59
1704587234 47
1704587298 34
1704587362 59
1704587426 43
1704587490 28



# Sketch: 15
1704586914 44
1704586978 17
1704587042 38
1704587106 34
1704587170 49
1704587234 29
1704587298 32
1704587362 45
1704587426 32
1704587490 41



# Sketch: 16
1704586914 20
1704586978 25
1704587042 32
1704587106 13
1704587170 16
1704587234 23
1704587298 50
1704587362 33
1704587426 39
1704587490 38



# Sketch: 17
1704586914 21
1704586978 25
1704587042 69
1704587106 25
1704587170 56
1704587234 50
1704587298 45
1704587362 61
1704587426 17
1704587490 41



# Sketch: 18
1704586914 46
1704586978 43
1704587042 37
1704587106 27
1704587170 53
1704587234 61
1704587298 35
1704587362 79
1704587426 27
1704587490 28



# Sketch: 19
1704586914 33
1704586978 62
1704587042 74
1704587106 42
1704587170 42
1704587234 47
1704587298 66
1704587362 43
1704587426 39
1704587490 34



# Sketch: 20
1704586914 30
1704586978 21
1704587042 33
1704587106 23
1704587170 36
1704587234 37
1704587298 27
1704587362 30
1704587426 35
1704587490 27



# Sketch: 21
1704586914 23
1704586978 73
1704587042 30
1704587106 40
1704587170 43
1704587234 39
1704587298 44
1704587362 43
1704587426 46
1704587490 24



# Sketch: 22
1704586914 40
1704586978 18
1704587042 37
1704587106 10
1704587170 24
1704587234 28
1704587298 35
1704587362 33
1704587426 24
1704587490 32



# Sketch: 23
1704586914 29
1704586978 32
1704587042 30
1704587106 30
1704587170 21
1704587234 41
1704587298 31
1704587362 22
1704587426 28
1704587490 46



# Sketch: 24
1704586914 23
1704586978 26
1704587042 25
1704587106 24
1704587170 18
1704587234 45
1704587298 31
1704587362 21
1704587426 63
1704587490 28



# Sketch: 25
1704586914 51
1704586978 30
1704587042 42
1704587106 45
1704587170 18
1704587234 47
1704587298 30
1704587362 26
1704587426 24
1704587490 35



# Sketch: 26
1704586914 37
1704586978 22
1704587042 37
1704587106 26
1704587170 54
1704587234 30
1704587298 30
1704587362 43
1704587426 28
1704587490 14



# Sketch: 27
1704586914 50
1704586978 45
1704587042 26
1704587106 53
1704587170 60
1704587234 43
1704587298 40
1704587362 44
1704587426 51
1704587490 21



# Sketch: 28
1704586914 14
1704586978 27
1704587042 20
1704587106 16
1704587170 25
1704587234 22
1704587298 41
1704587362 25
1704587426 21
1704587490 26



# Sketch: 29
1704586914 43
1704586978 38
1704587042 39
1704587106 36
1704587170 43
1704587234 48
1704587298 25
1704587362 26
1704587426 57
1704587490 22



# Sketch: 30
1704586914 33
1704586978 37
1704587042 39
1704587106 16
1704587170 32
1704587234 36
1704587298 34
1704587362 33
1704587426 27
1704587490 21



# Sketch: 31
1704586914 29
1704586978 25
1704587042 31
1704587106 20
1704587170 48
1704587234 43
1704587298 23
1704587362 65
1704587426 48
1704587490 24

