

# Sketch: 0
1704586914 32
1704586978 17
1704587042 22
1704587106 12
1704587170 37
1704587234 55
1704587298 42
1704587362 34
1704587426 49
1704587490 35



# Sketch: 1
1704586914 34
1704586978 41
1704587042 40
1704587106 41
1704587170 38
1704587234 30
1704587298 46
1704587362 68
1704587426 43
1704587490 12



# Sketch: 2
1704586914 20
1704586978 26
1704587042 40
1704587106 14
1704587170 34
1704587234 40
1704587298 34
1704587362 34
1704587426 19
1704587490 25



# Sketch: 3
1704586914 69
1704586978 44
1704587042 41
1704587106 18
1704587170 41
1704587234 57
1704587298 45
1704587362 37
1704587426 30
1704587490 44



# Sketch: 4
1704586914 25
1704586978 34
1704587042 48
1704587106 38
1704587170 61
1704587234 48
1704587298 24
1704587362 34
1704587426 59
1704587490 30



# Sketch: 5
1704586914 28
1704586978 46
1704587042 44
1704587106 49
1704587170 30
1704587234 29
1704587298 34
1704587362 53
1704587426 34
1704587490 21



# Sketch: 6
1704586914 42
1704586978 23
1704587042 25
1704587106 25
1704587170 37
1704587234 34
1704587298 27
1704587362 32
1704587426 50
1704587490 28



# Sketch: 7
1704586914 21
1704586978 19
1704587042 24
1704587106 23
1704587170 31
1704587234 33
1704587298 31
1704587362 26
1704587426 36
1704587490 35



# Sketch: 8
1704586914 18
1704586978 30
1704587042 27
1704587106 22
1704587170 31
1704587234 50
1704587298 29
1704587362 27
1704587426 33
1704587490 29



# Sketch: 9
1704586914 23
1704586978 30
1704587042 27
1704587106 41
1704587170 25
1704587234 38
1704587298 28
1704587362 40
1704587426 27
1704587490 17



# Sketch: 10
1704586914 41
1704586978 23
1704587042 31
1704587106 32
1704587170 30
1704587234 43
1704587298 41
1704587362 39
1704587426 22
1704587490 30



# Sketch: 11
1704586914 43
1704586978 40
1704587042 37
1704587106 20
1704587170 36
1704587234 46
1704587298 28
1704587362 35
1704587426 31
1704587490 36



# Sketch: 12
1704586914 27
1704586978 38
1704587042 34
1704587106 24
1704587170 31
1704587234 41
1704587298 28
1704587362 46
1704587426 36
1704587490 32



# Sketch: 13
1704586914 23
1704586978 22
1704587042 35
1704587106 16
1704587170 49
1704587234 27
1704587298 35
1704587362 35
1704587426 35
1704587490 31



# Sketch: 14
1704586914 31
1704586978 20
1704587042 25
1704587106 20
1704587170 25
1704587234 34
1704587298 27
1704587362 36
1704587426 31
1704587490 28



# Sketch: 15
1704586914 40
1704586978 33
1704587042 83
1704587106 38
1704587170 35
1704587234 47
1704587298 40
1704587362 42
1704587426 58
1704587490 37



# Sketch: 16
1704586914 35
1704586978 22
1704587042 34
1704587106 24
1704587170 41
1704587234 44
1704587298 27
1704587362 44
1704587426 37
1704587490 14



# Sketch: 17
1704586914 33
1704586978 25
1704587042 25
1704587106 20
1704587170 32
1704587234 34
1704587298 53
1704587362 33
1704587426 33
1704587490 15



# Sketch: 18
1704586914 41
1704586978 20
1704587042 56
1704587106 15
1704587170 43
1704587234 38
1704587298 30
1704587362 28
1704587426 27
1704587490 23



# Sketch: 19
1704586914 27
1704586978 28
1704587042 33
1704587106 18
1704587170 29
1704587234 39
1704587298 26
1704587362 34
1704587426 33
1704587490 44



# Sketch: 20
1704586914 37
1704586978 33
1704587042 25
1704587106 29
1704587170 33
1704587234 28
1704587298 39
1704587362 44
1704587426 21
1704587490 19



# Sketch: 21
1704586914 32
1704586978 33
1704587042 48
1704587106 42
1704587170 43
1704587234 30
1704587298 29
1704587362 21
1704587426 32
1704587490 32



# Sketch: 22
1704586914 25
1704586978 27
1704587042 29
1704587106 31
1704587170 24
1704587234 21
1704587298 28
1704587362 37
1704587426 22
1704587490 21



# Sketch: 23
1704586914 33
1704586978 35
1704587042 44
1704587106 31
1704587170 35
1704587234 47
1704587298 29
1704587362 33
1704587426 46
1704587490 11



# Sketch: 24
1704586914 39
1704586978 63
1704587042 60
1704587106 56
1704587170 80
1704587234 58
1704587298 40
1704587362 54
1704587426 91
1704587490 39



# Sketch: 25
1704586914 46
1704586978 37
1704587042 69
1704587106 37
1704587170 51
1704587234 58
1704587298 34
1704587362 34
1704587426 23
1704587490 23



# Sketch: 26
1704586914 26
1704586978 28
1704587042 34
1704587106 19
1704587170 22
1704587234 75
1704587298 45
1704587362 38
1704587426 25
1704587490 55



# Sketch: 27
1704586914 36
1704586978 21
1704587042 35
1704587106 34
1704587170 34
1704587234 35
1704587298 32
1704587362 53
1704587426 31
1704587490 30



# Sketch: 28
1704586914 21
1704586978 38
1704587042 23
1704587106 26
1704587170 50
1704587234 33
1704587298 28
1704587362 37
1704587426 32
1704587490 27



# Sketch: 29
1704586914 32
1704586978 29
1704587042 37
1704587106 33
1704587170 34
1704587234 31
1704587298 25
1704587362 65
1704587426 49
1704587490 29



# Sketch: 30
1704586914 17
1704586978 36
1704587042 19
1704587106 15
1704587170 42
1704587234 28
1704587298 46
1704587362 29
1704587426 65
1704587490 30



# Sketch: 31
1704586914 54
1704586978 87
1704587042 54
1704587106 35
1704587170 35
1704587234 62
1704587298 56
1704587362 50
1704587426 44
1704587490 18

