

# Sketch: 0
1704586914 6
1704586922 7
1704586930 7
1704586938 2
1704586946 4
1704586954 1
1704586962 4
1704586970 4
1704586978 0
1704586986 2
1704586994 7
1704587002 2
1704587010 2
1704587018 2
1704587026 2
1704587034 3
1704587042 35
1704587050 5
1704587058 1
1704587066 1
1704587074 8
1704587082 3
1704587090 4
1704587098 2
1704587106 2
1704587114 1
1704587122 5
1704587130 2
1704587138 2
1704587146 2
1704587154 3
1704587162 4
1704587170 1
1704587178 4
1704587186 5
1704587194 3
1704587202 2
1704587210 5
1704587218 1
1704587226 1
1704587234 4
1704587242 1
1704587250 8
1704587258 9
1704587266 6
1704587274 0
1704587282 5
1704587290 6
1704587298 6
1704587306 7
1704587314 2
1704587322 12
1704587330 5
1704587338 2
1704587346 2
1704587354 5
1704587362 1
1704587370 3
1704587378 0
1704587386 4
1704587394 0
1704587402 6
1704587410 4
1704587418 5
1704587426 4
1704587434 2
1704587442 2
1704587450 5
1704587458 1
1704587466 4
1704587474 11
1704587482 11
1704587490 7
1704587498 12
1704587506 17



# Sketch: 1
1704586914 4
1704586922 9
1704586930 9
1704586938 0
1704586946 4
1704586954 5
1704586962 1
1704586970 5
1704586978 0
1704586986 10
1704586994 5
1704587002 3
1704587010 2
1704587018 2
1704587026 6
1704587034 1
1704587042 4
1704587050 2
1704587058 3
1704587066 5
1704587074 3
1704587082 6
1704587090 10
1704587098 12
1704587106 7
1704587114 1
1704587122 5
1704587130 2
1704587138 0
1704587146 2
1704587154 3
1704587162 10
1704587170 4
1704587178 4
1704587186 6
1704587194 1
1704587202 3
1704587210 5
1704587218 2
1704587226 8
1704587234 6
1704587242 0
1704587250 6
1704587258 6
1704587266 4
1704587274 3
1704587282 25
1704587290 13
1704587298 5
1704587306 6
1704587314 0
1704587322 2
1704587330 3
1704587338 8
1704587346 4
1704587354 3
1704587362 0
1704587370 1
1704587378 14
1704587386 1
1704587394 33
1704587402 14
1704587410 6
1704587418 2
1704587426 9
1704587434 2
1704587442 0
1704587450 7
1704587458 9
1704587466 2
1704587474 0
1704587482 5
1704587490 5
1704587498 10
1704587506 8



# Sketch: 2
1704586914 1
1704586922 4
1704586930 0
1704586938 4
1704586946 6
1704586954 11
1704586962 3
1704586970 4
1704586978 1
1704586986 1
1704586994 6
1704587002 0
1704587010 6
1704587018 4
1704587026 3
1704587034 4
1704587042 8
1704587050 1
1704587058 5
1704587066 6
1704587074 5
1704587082 2
1704587090 8
1704587098 7
1704587106 2
1704587114 4
1704587122 4
1704587130 2
1704587138 1
1704587146 2
1704587154 1
1704587162 2
1704587170 4
1704587178 2
1704587186 5
1704587194 7
1704587202 5
1704587210 9
1704587218 6
1704587226 2
1704587234 8
1704587242 4
1704587250 9
1704587258 3
1704587266 3
1704587274 2
1704587282 4
1704587290 6
1704587298 4
1704587306 3
1704587314 4
1704587322 0
1704587330 11
1704587338 1
1704587346 1
1704587354 2
1704587362 4
1704587370 2
1704587378 8
1704587386 7
1704587394 3
1704587402 12
1704587410 2
1704587418 3
1704587426 2
1704587434 0
1704587442 1
1704587450 1
1704587458 3
1704587466 1
1704587474 6
1704587482 0
1704587490 8
1704587498 9
1704587506 9



# Sketch: 3
1704586914 5
1704586922 5
1704586930 2
1704586938 2
1704586946 3
1704586954 5
1704586962 4
1704586970 0
1704586978 7
1704586986 2
1704586994 6
1704587002 0
1704587010 16
1704587018 0
1704587026 4
1704587034 3
1704587042 5
1704587050 7
1704587058 4
1704587066 1
1704587074 2
1704587082 0
1704587090 4
1704587098 6
1704587106 0
1704587114 2
1704587122 1
1704587130 5
1704587138 4
1704587146 3
1704587154 1
1704587162 6
1704587170 3
1704587178 3
1704587186 4
1704587194 4
1704587202 10
1704587210 2
1704587218 7
1704587226 5
1704587234 3
1704587242 7
1704587250 14
1704587258 3
1704587266 2
1704587274 6
1704587282 3
1704587290 5
1704587298 1
1704587306 4
1704587314 7
1704587322 6
1704587330 9
1704587338 7
1704587346 2
1704587354 8
1704587362 12
1704587370 1
1704587378 1
1704587386 1
1704587394 0
1704587402 3
1704587410 0
1704587418 2
1704587426 5
1704587434 0
1704587442 7
1704587450 0
1704587458 6
1704587466 1
1704587474 3
1704587482 5
1704587490 2
1704587498 6
1704587506 9



# Sketch: 4
1704586914 3
1704586922 5
1704586930 6
1704586938 2
1704586946 4
1704586954 2
1704586962 1
1704586970 1
1704586978 5
1704586986 5
1704586994 3
1704587002 9
1704587010 11
1704587018 3
1704587026 4
1704587034 6
1704587042 7
1704587050 8
1704587058 10
1704587066 5
1704587074 4
1704587082 2
1704587090 7
1704587098 9
1704587106 0
1704587114 3
1704587122 3
1704587130 1
1704587138 1
1704587146 4
1704587154 4
1704587162 1
1704587170 6
1704587178 2
1704587186 9
1704587194 6
1704587202 3
1704587210 2
1704587218 1
1704587226 1
1704587234 0
1704587242 8
1704587250 3
1704587258 4
1704587266 2
1704587274 4
1704587282 7
1704587290 6
1704587298 3
1704587306 4
1704587314 2
1704587322 5
1704587330 2
1704587338 8
1704587346 3
1704587354 5
1704587362 2
1704587370 4
1704587378 4
1704587386 4
1704587394 8
1704587402 5
1704587410 4
1704587418 7
1704587426 1
1704587434 8
1704587442 3
1704587450 0
1704587458 2
1704587466 3
1704587474 5
1704587482 13
1704587490 0
1704587498 6
1704587506 8



# Sketch: 5
1704586914 1
1704586922 3
1704586930 1
1704586938 4
1704586946 3
1704586954 15
1704586962 8
1704586970 4
1704586978 2
1704586986 6
1704586994 5
1704587002 1
1704587010 3
1704587018 4
1704587026 0
1704587034 0
1704587042 3
1704587050 2
1704587058 2
1704587066 18
1704587074 3
1704587082 0
1704587090 2
1704587098 4
1704587106 1
1704587114 4
1704587122 2
1704587130 5
1704587138 4
1704587146 9
1704587154 6
1704587162 0
1704587170 4
1704587178 0
1704587186 1
1704587194 6
1704587202 1
1704587210 5
1704587218 4
1704587226 1
1704587234 11
1704587242 1
1704587250 4
1704587258 8
1704587266 7
1704587274 1
1704587282 2
1704587290 3
1704587298 6
1704587306 5
1704587314 2
1704587322 8
1704587330 4
1704587338 5
1704587346 6
1704587354 3
1704587362 0
1704587370 6
1704587378 0
1704587386 7
1704587394 1
1704587402 5
1704587410 3
1704587418 5
1704587426 7
1704587434 6
1704587442 7
1704587450 10
1704587458 4
1704587466 17
1704587474 7
1704587482 11
1704587490 1
1704587498 11
1704587506 12



# Sketch: 6
1704586914 3
1704586922 2
1704586930 2
1704586938 7
1704586946 4
1704586954 15
1704586962 3
1704586970 2
1704586978 2
1704586986 1
1704586994 0
1704587002 3
1704587010 3
1704587018 1
1704587026 1
1704587034 1
1704587042 6
1704587050 3
1704587058 1
1704587066 3
1704587074 5
1704587082 1
1704587090 2
1704587098 5
1704587106 5
1704587114 0
1704587122 3
1704587130 0
1704587138 8
1704587146 0
1704587154 5
1704587162 1
1704587170 2
1704587178 6
1704587186 4
1704587194 5
1704587202 5
1704587210 3
1704587218 1
1704587226 4
1704587234 3
1704587242 5
1704587250 3
1704587258 0
1704587266 4
1704587274 7
1704587282 3
1704587290 9
1704587298 5
1704587306 12
1704587314 0
1704587322 0
1704587330 2
1704587338 2
1704587346 3
1704587354 3
1704587362 2
1704587370 6
1704587378 2
1704587386 3
1704587394 6
1704587402 13
1704587410 8
1704587418 2
1704587426 2
1704587434 1
1704587442 1
1704587450 6
1704587458 13
1704587466 2
1704587474 4
1704587482 2
1704587490 0
1704587498 2
1704587506 9



# Sketch: 7
1704586914 9
1704586922 2
1704586930 5
1704586938 6
1704586946 0
1704586954 2
1704586962 1
1704586970 7
1704586978 7
1704586986 2
1704586994 6
1704587002 0
1704587010 9
1704587018 1
1704587026 1
1704587034 1
1704587042 0
1704587050 1
1704587058 2
1704587066 1
1704587074 3
1704587082 0
1704587090 3
1704587098 8
1704587106 4
1704587114 6
1704587122 2
1704587130 3
1704587138 1
1704587146 5
1704587154 1
1704587162 3
1704587170 5
1704587178 1
1704587186 5
1704587194 1
1704587202 4
1704587210 6
1704587218 4
1704587226 9
1704587234 2
1704587242 13
1704587250 11
1704587258 10
1704587266 2
1704587274 6
1704587282 3
1704587290 5
1704587298 1
1704587306 9
1704587314 2
1704587322 1
1704587330 11
1704587338 6
1704587346 8
1704587354 1
1704587362 1
1704587370 3
1704587378 4
1704587386 5
1704587394 1
1704587402 3
1704587410 7
1704587418 6
1704587426 3
1704587434 9
1704587442 7
1704587450 1
1704587458 6
1704587466 11
1704587474 11
1704587482 7
1704587490 12
1704587498 15
1704587506 9



# Sketch: 8
1704586914 15
1704586922 9
1704586930 3
1704586938 1
1704586946 0
1704586954 8
1704586962 4
1704586970 3
1704586978 1
1704586986 7
1704586994 0
1704587002 3
1704587010 2
1704587018 2
1704587026 16
1704587034 4
1704587042 3
1704587050 4
1704587058 7
1704587066 2
1704587074 1
1704587082 7
1704587090 4
1704587098 6
1704587106 4
1704587114 2
1704587122 9
1704587130 6
1704587138 2
1704587146 0
1704587154 1
1704587162 0
1704587170 2
1704587178 3
1704587186 2
1704587194 6
1704587202 6
1704587210 1
1704587218 1
1704587226 2
1704587234 1
1704587242 7
1704587250 7
1704587258 6
1704587266 7
1704587274 1
1704587282 10
1704587290 4
1704587298 2
1704587306 1
1704587314 2
1704587322 7
1704587330 3
1704587338 1
1704587346 3
1704587354 4
1704587362 1
1704587370 2
1704587378 4
1704587386 2
1704587394 4
1704587402 5
1704587410 1
1704587418 6
1704587426 7
1704587434 3
1704587442 8
1704587450 2
1704587458 4
1704587466 2
1704587474 4
1704587482 2
1704587490 3
1704587498 13
1704587506 14



# Sketch: 9
1704586914 4
1704586922 3
1704586930 4
1704586938 1
1704586946 9
1704586954 7
1704586962 1
1704586970 5
1704586978 4
1704586986 1
1704586994 6
1704587002 5
1704587010 0
1704587018 3
1704587026 1
1704587034 0
1704587042 7
1704587050 4
1704587058 9
1704587066 0
1704587074 0
1704587082 0
1704587090 1
1704587098 6
1704587106 3
1704587114 2
1704587122 10
1704587130 1
1704587138 0
1704587146 7
1704587154 4
1704587162 3
1704587170 5
1704587178 2
1704587186 1
1704587194 7
1704587202 3
1704587210 0
1704587218 2
1704587226 16
1704587234 3
1704587242 2
1704587250 3
1704587258 3
1704587266 3
1704587274 1
1704587282 8
1704587290 3
1704587298 3
1704587306 3
1704587314 2
1704587322 2
1704587330 11
1704587338 3
1704587346 3
1704587354 10
1704587362 2
1704587370 2
1704587378 3
1704587386 1
1704587394 1
1704587402 1
1704587410 11
1704587418 2
1704587426 6
1704587434 6
1704587442 2
1704587450 3
1704587458 1
1704587466 4
1704587474 11
1704587482 2
1704587490 2
1704587498 9
1704587506 6



# Sketch: 10
1704586914 1
1704586922 5
1704586930 15
1704586938 5
1704586946 3
1704586954 7
1704586962 3
1704586970 4
1704586978 10
1704586986 3
1704586994 6
1704587002 5
1704587010 9
1704587018 2
1704587026 4
1704587034 2
1704587042 8
1704587050 4
1704587058 7
1704587066 4
1704587074 2
1704587082 2
1704587090 3
1704587098 3
1704587106 5
1704587114 3
1704587122 6
1704587130 2
1704587138 0
1704587146 1
1704587154 6
1704587162 7
1704587170 23
1704587178 3
1704587186 15
1704587194 11
1704587202 4
1704587210 4
1704587218 0
1704587226 0
1704587234 2
1704587242 3
1704587250 1
1704587258 6
1704587266 2
1704587274 3
1704587282 7
1704587290 8
1704587298 4
1704587306 1
1704587314 4
1704587322 1
1704587330 6
1704587338 5
1704587346 3
1704587354 4
1704587362 1
1704587370 3
1704587378 6
1704587386 3
1704587394 2
1704587402 3
1704587410 7
1704587418 19
1704587426 5
1704587434 2
1704587442 2
1704587450 2
1704587458 4
1704587466 4
1704587474 0
1704587482 2
1704587490 3
1704587498 19
1704587506 11



# Sketch: 11
1704586914 4
1704586922 5
1704586930 10
1704586938 2
1704586946 3
1704586954 4
1704586962 1
1704586970 1
1704586978 2
1704586986 4
1704586994 0
1704587002 3
1704587010 4
1704587018 3
1704587026 2
1704587034 4
1704587042 2
1704587050 2
1704587058 1
1704587066 11
1704587074 3
1704587082 4
1704587090 4
1704587098 8
1704587106 4
1704587114 0
1704587122 8
1704587130 3
1704587138 7
1704587146 0
1704587154 0
1704587162 3
1704587170 5
1704587178 5
1704587186 8
1704587194 6
1704587202 1
1704587210 5
1704587218 2
1704587226 4
1704587234 1
1704587242 3
1704587250 4
1704587258 6
1704587266 3
1704587274 10
1704587282 9
1704587290 5
1704587298 2
1704587306 8
1704587314 0
1704587322 8
1704587330 1
1704587338 6
1704587346 1
1704587354 6
1704587362 4
1704587370 5
1704587378 8
1704587386 6
1704587394 6
1704587402 15
1704587410 2
1704587418 3
1704587426 3
1704587434 2
1704587442 4
1704587450 6
1704587458 4
1704587466 3
1704587474 3
1704587482 8
1704587490 9
1704587498 6
1704587506 9



# Sketch: 12
1704586914 2
1704586922 6
1704586930 12
1704586938 0
1704586946 5
1704586954 1
1704586962 10
1704586970 0
1704586978 7
1704586986 6
1704586994 12
1704587002 12
1704587010 13
1704587018 5
1704587026 2
1704587034 5
1704587042 3
1704587050 4
1704587058 8
1704587066 0
1704587074 1
1704587082 1
1704587090 8
1704587098 11
1704587106 7
1704587114 7
1704587122 6
1704587130 2
1704587138 0
1704587146 0
1704587154 8
1704587162 2
1704587170 8
1704587178 8
1704587186 2
1704587194 4
1704587202 6
1704587210 1
1704587218 2
1704587226 5
1704587234 8
1704587242 2
1704587250 7
1704587258 6
1704587266 3
1704587274 6
1704587282 4
1704587290 12
1704587298 2
1704587306 12
1704587314 2
1704587322 3
1704587330 2
1704587338 1
1704587346 1
1704587354 6
1704587362 0
1704587370 3
1704587378 4
1704587386 6
1704587394 1
1704587402 3
1704587410 19
1704587418 13
1704587426 5
1704587434 3
1704587442 2
1704587450 3
1704587458 7
1704587466 3
1704587474 5
1704587482 6
1704587490 4
1704587498 19
1704587506 11



# Sketch: 13
1704586914 4
1704586922 3
1704586930 10
1704586938 7
1704586946 5
1704586954 0
1704586962 3
1704586970 2
1704586978 1
1704586986 3
1704586994 7
1704587002 4
1704587010 1
1704587018 1
1704587026 1
1704587034 1
1704587042 10
1704587050 3
1704587058 3
1704587066 3
1704587074 1
1704587082 2
1704587090 0
1704587098 7
1704587106 0
1704587114 6
1704587122 8
1704587130 4
1704587138 0
1704587146 3
1704587154 2
1704587162 2
1704587170 9
1704587178 5
1704587186 8
1704587194 1
1704587202 10
1704587210 1
1704587218 8
1704587226 8
1704587234 10
1704587242 5
1704587250 3
1704587258 5
1704587266 2
1704587274 1
1704587282 6
1704587290 10
1704587298 6
1704587306 3
1704587314 4
1704587322 1
1704587330 6
1704587338 3
1704587346 5
1704587354 1
1704587362 6
1704587370 2
1704587378 7
1704587386 6
1704587394 0
1704587402 12
1704587410 28
1704587418 9
1704587426 2
1704587434 13
1704587442 3
1704587450 3
1704587458 14
1704587466 2
1704587474 4
1704587482 3
1704587490 0
1704587498 9
1704587506 11



# Sketch: 14
1704586914 1
1704586922 14
1704586930 1
1704586938 1
1704586946 1
1704586954 10
1704586962 0
1704586970 6
1704586978 17
1704586986 12
1704586994 7
1704587002 3
1704587010 3
1704587018 3
1704587026 2
1704587034 1
1704587042 8
1704587050 2
1704587058 1
1704587066 0
1704587074 2
1704587082 2
1704587090 1
1704587098 4
1704587106 2
1704587114 0
1704587122 1
1704587130 3
1704587138 8
1704587146 2
1704587154 3
1704587162 4
1704587170 16
1704587178 2
1704587186 3
1704587194 3
1704587202 4
1704587210 2
1704587218 4
1704587226 3
1704587234 5
1704587242 1
1704587250 2
1704587258 2
1704587266 1
1704587274 2
1704587282 2
1704587290 9
1704587298 5
1704587306 1
1704587314 7
1704587322 2
1704587330 1
1704587338 4
1704587346 0
1704587354 2
1704587362 8
1704587370 5
1704587378 2
1704587386 0
1704587394 6
1704587402 5
1704587410 3
1704587418 7
1704587426 1
1704587434 0
1704587442 5
1704587450 3
1704587458 2
1704587466 3
1704587474 1
1704587482 2
1704587490 8
1704587498 29
1704587506 20



# Sketch: 15
1704586914 10
1704586922 7
1704586930 11
1704586938 4
1704586946 4
1704586954 9
1704586962 4
1704586970 1
1704586978 8
1704586986 5
1704586994 7
1704587002 7
1704587010 9
1704587018 3
1704587026 2
1704587034 4
1704587042 9
1704587050 8
1704587058 3
1704587066 9
1704587074 3
1704587082 5
1704587090 1
1704587098 13
1704587106 7
1704587114 9
1704587122 15
1704587130 6
1704587138 1
1704587146 1
1704587154 5
1704587162 3
1704587170 3
1704587178 6
1704587186 2
1704587194 3
1704587202 2
1704587210 3
1704587218 6
1704587226 2
1704587234 6
1704587242 12
1704587250 6
1704587258 7
1704587266 6
1704587274 7
1704587282 3
1704587290 7
1704587298 1
1704587306 6
1704587314 9
1704587322 3
1704587330 4
1704587338 10
1704587346 4
1704587354 8
1704587362 8
1704587370 6
1704587378 1
1704587386 1
1704587394 5
1704587402 10
1704587410 7
1704587418 5
1704587426 7
1704587434 0
1704587442 5
1704587450 3
1704587458 11
1704587466 4
1704587474 6
1704587482 7
1704587490 5
1704587498 10
1704587506 19



# Sketch: 16
1704586914 1
1704586922 4
1704586930 4
1704586938 0
1704586946 7
1704586954 33
1704586962 3
1704586970 4
1704586978 1
1704586986 7
1704586994 8
1704587002 5
1704587010 2
1704587018 4
1704587026 0
1704587034 3
1704587042 2
1704587050 5
1704587058 24
1704587066 5
1704587074 7
1704587082 5
1704587090 2
1704587098 3
1704587106 5
1704587114 0
1704587122 1
1704587130 0
1704587138 0
1704587146 17
1704587154 5
1704587162 2
1704587170 7
1704587178 2
1704587186 1
1704587194 4
1704587202 17
1704587210 13
1704587218 6
1704587226 0
1704587234 12
1704587242 2
1704587250 10
1704587258 5
1704587266 11
1704587274 1
1704587282 8
1704587290 15
1704587298 10
1704587306 7
1704587314 1
1704587322 12
1704587330 2
1704587338 6
1704587346 5
1704587354 2
1704587362 4
1704587370 7
1704587378 3
1704587386 4
1704587394 4
1704587402 8
1704587410 9
1704587418 4
1704587426 4
1704587434 4
1704587442 4
1704587450 1
1704587458 8
1704587466 4
1704587474 2
1704587482 4
1704587490 1
1704587498 10
1704587506 11



# Sketch: 17
1704586914 0
1704586922 3
1704586930 1
1704586938 2
1704586946 6
1704586954 1
1704586962 0
1704586970 9
1704586978 3
1704586986 3
1704586994 15
1704587002 12
1704587010 8
1704587018 6
1704587026 4
1704587034 3
1704587042 8
1704587050 0
1704587058 1
1704587066 4
1704587074 3
1704587082 2
1704587090 7
1704587098 6
1704587106 0
1704587114 1
1704587122 7
1704587130 1
1704587138 1
1704587146 0
1704587154 12
1704587162 10
1704587170 9
1704587178 7
1704587186 5
1704587194 1
1704587202 3
1704587210 5
1704587218 3
1704587226 8
1704587234 4
1704587242 0
1704587250 6
1704587258 7
1704587266 8
1704587274 4
1704587282 6
1704587290 3
1704587298 7
1704587306 7
1704587314 5
1704587322 8
1704587330 2
1704587338 0
1704587346 8
1704587354 6
1704587362 1
1704587370 5
1704587378 2
1704587386 2
1704587394 0
1704587402 14
1704587410 6
1704587418 7
1704587426 7
1704587434 5
1704587442 11
1704587450 2
1704587458 9
1704587466 8
1704587474 13
1704587482 2
1704587490 9
1704587498 18
1704587506 13



# Sketch: 18
1704586914 2
1704586922 6
1704586930 4
1704586938 0
1704586946 2
1704586954 16
1704586962 4
1704586970 2
1704586978 3
1704586986 3
1704586994 3
1704587002 1
1704587010 1
1704587018 0
1704587026 5
1704587034 5
1704587042 2
1704587050 8
1704587058 11
1704587066 8
1704587074 5
1704587082 2
1704587090 6
1704587098 4
1704587106 1
1704587114 10
1704587122 1
1704587130 0
1704587138 1
1704587146 1
1704587154 2
1704587162 2
1704587170 11
1704587178 4
1704587186 4
1704587194 1
1704587202 1
1704587210 9
1704587218 1
1704587226 1
1704587234 5
1704587242 4
1704587250 7
1704587258 2
1704587266 11
1704587274 4
1704587282 4
1704587290 7
1704587298 1
1704587306 3
1704587314 10
1704587322 13
1704587330 3
1704587338 3
1704587346 3
1704587354 3
1704587362 14
1704587370 7
1704587378 15
1704587386 5
1704587394 1
1704587402 3
1704587410 6
1704587418 2
1704587426 3
1704587434 4
1704587442 3
1704587450 2
1704587458 7
1704587466 6
1704587474 3
1704587482 5
1704587490 2
1704587498 10
1704587506 9



# Sketch: 19
1704586914 3
1704586922 5
1704586930 12
1704586938 2
1704586946 1
1704586954 1
1704586962 2
1704586970 5
1704586978 2
1704586986 6
1704586994 6
1704587002 3
1704587010 4
1704587018 0
1704587026 0
1704587034 5
1704587042 4
1704587050 3
1704587058 13
1704587066 11
1704587074 0
1704587082 6
1704587090 1
1704587098 8
1704587106 15
1704587114 5
1704587122 8
1704587130 7
1704587138 3
1704587146 1
1704587154 1
1704587162 1
1704587170 6
1704587178 14
1704587186 0
1704587194 11
1704587202 4
1704587210 6
1704587218 5
1704587226 1
1704587234 13
1704587242 3
1704587250 3
1704587258 0
1704587266 7
1704587274 3
1704587282 4
1704587290 0
1704587298 6
1704587306 3
1704587314 5
1704587322 1
1704587330 1
1704587338 4
1704587346 3
1704587354 0
1704587362 1
1704587370 3
1704587378 10
1704587386 4
1704587394 5
1704587402 5
1704587410 5
1704587418 5
1704587426 5
1704587434 9
1704587442 6
1704587450 10
1704587458 5
1704587466 10
1704587474 8
1704587482 6
1704587490 10
1704587498 23
1704587506 26



# Sketch: 20
1704586914 7
1704586922 2
1704586930 0
1704586938 8
1704586946 9
1704586954 6
1704586962 0
1704586970 1
1704586978 13
1704586986 4
1704586994 12
1704587002 7
1704587010 13
1704587018 1
1704587026 3
1704587034 5
1704587042 3
1704587050 10
1704587058 3
1704587066 8
1704587074 0
1704587082 3
1704587090 5
1704587098 17
1704587106 6
1704587114 10
1704587122 9
1704587130 13
1704587138 4
1704587146 2
1704587154 8
1704587162 9
1704587170 0
1704587178 3
1704587186 16
1704587194 6
1704587202 4
1704587210 2
1704587218 13
1704587226 14
1704587234 10
1704587242 8
1704587250 10
1704587258 5
1704587266 3
1704587274 7
1704587282 2
1704587290 11
1704587298 1
1704587306 5
1704587314 2
1704587322 7
1704587330 5
1704587338 17
1704587346 4
1704587354 7
1704587362 7
1704587370 13
1704587378 2
1704587386 5
1704587394 7
1704587402 9
1704587410 4
1704587418 8
1704587426 5
1704587434 1
1704587442 5
1704587450 6
1704587458 15
1704587466 12
1704587474 10
1704587482 7
1704587490 13
1704587498 13
1704587506 10



# Sketch: 21
1704586914 10
1704586922 2
1704586930 7
1704586938 3
1704586946 2
1704586954 2
1704586962 5
1704586970 0
1704586978 4
1704586986 41
1704586994 2
1704587002 0
1704587010 3
1704587018 5
1704587026 1
1704587034 7
1704587042 27
1704587050 3
1704587058 2
1704587066 3
1704587074 1
1704587082 6
1704587090 4
1704587098 7
1704587106 0
1704587114 4
1704587122 3
1704587130 1
1704587138 1
1704587146 4
1704587154 6
1704587162 6
1704587170 14
1704587178 1
1704587186 7
1704587194 6
1704587202 2
1704587210 6
1704587218 1
1704587226 1
1704587234 3
1704587242 13
1704587250 6
1704587258 6
1704587266 2
1704587274 3
1704587282 6
1704587290 7
1704587298 3
1704587306 4
1704587314 1
1704587322 5
1704587330 9
1704587338 2
1704587346 3
1704587354 0
1704587362 3
1704587370 4
1704587378 0
1704587386 1
1704587394 2
1704587402 8
1704587410 3
1704587418 2
1704587426 2
1704587434 3
1704587442 1
1704587450 3
1704587458 4
1704587466 4
1704587474 3
1704587482 0
1704587490 3
1704587498 8
1704587506 14



# Sketch: 22
1704586914 5
1704586922 0
1704586930 13
1704586938 1
1704586946 3
1704586954 2
1704586962 0
1704586970 2
1704586978 1
1704586986 2
1704586994 9
1704587002 4
1704587010 3
1704587018 1
1704587026 2
1704587034 3
1704587042 5
1704587050 2
1704587058 3
1704587066 2
1704587074 2
1704587082 4
1704587090 4
1704587098 2
1704587106 1
1704587114 6
1704587122 3
1704587130 2
1704587138 2
1704587146 2
1704587154 0
1704587162 0
1704587170 3
1704587178 10
1704587186 4
1704587194 4
1704587202 3
1704587210 8
1704587218 3
1704587226 8
1704587234 1
1704587242 2
1704587250 2
1704587258 7
1704587266 6
1704587274 3
1704587282 3
1704587290 2
1704587298 4
1704587306 1
1704587314 2
1704587322 11
1704587330 6
1704587338 6
1704587346 12
1704587354 4
1704587362 1
1704587370 1
1704587378 4
1704587386 4
1704587394 3
1704587402 2
1704587410 2
1704587418 0
1704587426 6
1704587434 1
1704587442 1
1704587450 2
1704587458 4
1704587466 3
1704587474 7
1704587482 3
1704587490 8
1704587498 10
1704587506 9



# Sketch: 23
1704586914 2
1704586922 11
1704586930 6
1704586938 1
1704586946 4
1704586954 1
1704586962 2
1704586970 2
1704586978 4
1704586986 2
1704586994 2
1704587002 8
1704587010 2
1704587018 3
1704587026 5
1704587034 7
1704587042 7
1704587050 5
1704587058 2
1704587066 4
1704587074 4
1704587082 5
1704587090 1
1704587098 6
1704587106 6
1704587114 0
1704587122 2
1704587130 9
1704587138 0
1704587146 2
1704587154 2
1704587162 1
1704587170 7
1704587178 0
1704587186 4
1704587194 4
1704587202 6
1704587210 2
1704587218 1
1704587226 13
1704587234 0
1704587242 2
1704587250 13
1704587258 4
1704587266 4
1704587274 6
1704587282 7
1704587290 6
1704587298 3
1704587306 1
1704587314 2
1704587322 3
1704587330 13
1704587338 0
1704587346 2
1704587354 2
1704587362 3
1704587370 6
1704587378 3
1704587386 8
1704587394 14
1704587402 3
1704587410 3
1704587418 4
1704587426 6
1704587434 3
1704587442 1
1704587450 3
1704587458 7
1704587466 5
1704587474 7
1704587482 3
1704587490 3
1704587498 5
1704587506 9



# Sketch: 24
1704586914 3
1704586922 1
1704586930 3
1704586938 2
1704586946 1
1704586954 1
1704586962 2
1704586970 3
1704586978 6
1704586986 1
1704586994 5
1704587002 2
1704587010 4
1704587018 2
1704587026 4
1704587034 10
1704587042 9
1704587050 5
1704587058 3
1704587066 3
1704587074 5
1704587082 3
1704587090 4
1704587098 8
1704587106 2
1704587114 1
1704587122 3
1704587130 1
1704587138 3
1704587146 7
1704587154 3
1704587162 10
1704587170 4
1704587178 8
1704587186 12
1704587194 7
1704587202 1
1704587210 3
1704587218 3
1704587226 1
1704587234 1
1704587242 8
1704587250 5
1704587258 6
1704587266 4
1704587274 0
1704587282 4
1704587290 9
1704587298 11
1704587306 6
1704587314 3
1704587322 3
1704587330 5
1704587338 1
1704587346 0
1704587354 4
1704587362 3
1704587370 10
1704587378 4
1704587386 1
1704587394 9
1704587402 5
1704587410 3
1704587418 4
1704587426 1
1704587434 1
1704587442 1
1704587450 2
1704587458 11
1704587466 1
1704587474 2
1704587482 4
1704587490 5
1704587498 6
1704587506 9



# Sketch: 25
1704586914 4
1704586922 5
1704586930 3
1704586938 3
1704586946 4
1704586954 4
1704586962 3
1704586970 1
1704586978 3
1704586986 3
1704586994 0
1704587002 2
1704587010 9
1704587018 8
1704587026 6
1704587034 6
1704587042 6
1704587050 3
1704587058 4
1704587066 0
1704587074 5
1704587082 2
1704587090 6
1704587098 11
1704587106 5
1704587114 1
1704587122 13
1704587130 0
1704587138 2
1704587146 1
1704587154 2
1704587162 1
1704587170 9
1704587178 6
1704587186 6
1704587194 5
1704587202 5
1704587210 2
1704587218 4
1704587226 5
1704587234 4
1704587242 7
1704587250 5
1704587258 6
1704587266 4
1704587274 2
1704587282 6
1704587290 6
1704587298 5
1704587306 5
1704587314 12
1704587322 7
1704587330 3
1704587338 6
1704587346 1
1704587354 4
1704587362 2
1704587370 3
1704587378 5
1704587386 3
1704587394 3
1704587402 9
1704587410 9
1704587418 0
1704587426 5
1704587434 5
1704587442 5
1704587450 5
1704587458 7
1704587466 1
1704587474 6
1704587482 10
1704587490 5
1704587498 11
1704587506 7



# Sketch: 26
1704586914 5
1704586922 5
1704586930 1
1704586938 5
1704586946 4
1704586954 7
1704586962 2
1704586970 2
1704586978 4
1704586986 2
1704586994 1
1704587002 3
1704587010 5
1704587018 1
1704587026 0
1704587034 1
1704587042 6
1704587050 3
1704587058 5
1704587066 3
1704587074 3
1704587082 4
1704587090 0
1704587098 5
1704587106 3
1704587114 0
1704587122 4
1704587130 3
1704587138 1
1704587146 0
1704587154 0
1704587162 4
1704587170 4
1704587178 1
1704587186 1
1704587194 2
1704587202 13
1704587210 3
1704587218 1
1704587226 2
1704587234 2
1704587242 4
1704587250 2
1704587258 14
1704587266 1
1704587274 1
1704587282 7
1704587290 0
1704587298 4
1704587306 9
1704587314 6
1704587322 13
1704587330 4
1704587338 6
1704587346 2
1704587354 2
1704587362 2
1704587370 5
1704587378 3
1704587386 4
1704587394 4
1704587402 12
1704587410 5
1704587418 7
1704587426 4
1704587434 3
1704587442 7
1704587450 10
1704587458 8
1704587466 6
1704587474 4
1704587482 1
1704587490 3
1704587498 8
1704587506 14



# Sketch: 27
1704586914 2
1704586922 5
1704586930 5
1704586938 2
1704586946 0
1704586954 10
1704586962 1
1704586970 3
1704586978 8
1704586986 2
1704586994 2
1704587002 0
1704587010 9
1704587018 3
1704587026 6
1704587034 4
1704587042 1
1704587050 6
1704587058 5
1704587066 3
1704587074 2
1704587082 2
1704587090 9
1704587098 3
1704587106 1
1704587114 10
1704587122 7
1704587130 1
1704587138 2
1704587146 0
1704587154 5
1704587162 5
1704587170 10
1704587178 0
1704587186 4
1704587194 7
1704587202 2
1704587210 1
1704587218 7
1704587226 4
1704587234 4
1704587242 3
1704587250 1
1704587258 4
1704587266 4
1704587274 3
1704587282 6
1704587290 12
1704587298 4
1704587306 1
1704587314 1
1704587322 9
1704587330 3
1704587338 0
1704587346 4
1704587354 7
1704587362 18
1704587370 12
1704587378 1
1704587386 1
1704587394 4
1704587402 1
1704587410 7
1704587418 5
1704587426 4
1704587434 2
1704587442 1
1704587450 12
1704587458 17
1704587466 6
1704587474 8
1704587482 4
1704587490 2
1704587498 8
1704587506 14



# Sketch: 28
1704586914 2
1704586922 5
1704586930 4
1704586938 1
1704586946 2
1704586954 1
1704586962 2
1704586970 1
1704586978 3
1704586986 0
1704586994 1
1704587002 5
1704587010 10
1704587018 4
1704587026 1
1704587034 5
1704587042 4
1704587050 2
1704587058 2
1704587066 9
1704587074 5
1704587082 3
1704587090 4
1704587098 7
1704587106 11
1704587114 5
1704587122 4
1704587130 2
1704587138 1
1704587146 2
1704587154 5
1704587162 18
1704587170 0
1704587178 2
1704587186 5
1704587194 2
1704587202 1
1704587210 6
1704587218 3
1704587226 3
1704587234 7
1704587242 3
1704587250 3
1704587258 6
1704587266 4
1704587274 6
1704587282 6
1704587290 2
1704587298 5
1704587306 0
1704587314 3
1704587322 1
1704587330 1
1704587338 7
1704587346 2
1704587354 4
1704587362 2
1704587370 1
1704587378 2
1704587386 7
1704587394 5
1704587402 4
1704587410 5
1704587418 9
1704587426 4
1704587434 8
1704587442 2
1704587450 10
1704587458 4
1704587466 1
1704587474 2
1704587482 0
1704587490 2
1704587498 15
1704587506 6



# Sketch: 29
1704586914 1
1704586922 4
1704586930 5
1704586938 3
1704586946 3
1704586954 6
1704586962 1
1704586970 0
1704586978 1
1704586986 2
1704586994 5
1704587002 0
1704587010 2
1704587018 7
1704587026 4
1704587034 4
1704587042 5
1704587050 11
1704587058 4
1704587066 4
1704587074 9
1704587082 2
1704587090 2
1704587098 4
1704587106 6
1704587114 3
1704587122 2
1704587130 2
1704587138 0
1704587146 2
1704587154 2
1704587162 9
1704587170 5
1704587178 4
1704587186 3
1704587194 5
1704587202 3
1704587210 3
1704587218 2
1704587226 5
1704587234 14
1704587242 2
1704587250 4
1704587258 10
1704587266 2
1704587274 10
1704587282 13
1704587290 10
1704587298 5
1704587306 6
1704587314 10
1704587322 6
1704587330 6
1704587338 2
1704587346 4
1704587354 3
1704587362 2
1704587370 3
1704587378 1
1704587386 3
1704587394 1
1704587402 6
1704587410 5
1704587418 7
1704587426 2
1704587434 6
1704587442 3
1704587450 2
1704587458 7
1704587466 1
1704587474 2
1704587482 3
1704587490 1
1704587498 11
1704587506 35



# Sketch: 30
1704586914 2
1704586922 5
1704586930 4
1704586938 2
1704586946 2
1704586954 8
1704586962 3
1704586970 0
1704586978 2
1704586986 2
1704586994 1
1704587002 10
1704587010 5
1704587018 4
1704587026 0
1704587034 3
1704587042 8
1704587050 14
1704587058 8
1704587066 1
1704587074 5
1704587082 2
1704587090 1
1704587098 12
1704587106 6
1704587114 5
1704587122 1
1704587130 2
1704587138 5
1704587146 5
1704587154 0
1704587162 2
1704587170 6
1704587178 12
1704587186 19
1704587194 8
1704587202 6
1704587210 2
1704587218 4
1704587226 6
1704587234 5
1704587242 2
1704587250 5
1704587258 4
1704587266 7
1704587274 4
1704587282 2
1704587290 5
1704587298 4
1704587306 3
1704587314 3
1704587322 2
1704587330 3
1704587338 10
1704587346 0
1704587354 7
1704587362 4
1704587370 1
1704587378 4
1704587386 5
1704587394 6
1704587402 10
1704587410 2
1704587418 10
1704587426 13
1704587434 5
1704587442 5
1704587450 9
1704587458 14
1704587466 6
1704587474 9
1704587482 7
1704587490 10
1704587498 13
1704587506 16



# Sketch: 31
1704586914 6
1704586922 6
1704586930 11
1704586938 1
1704586946 3
1704586954 12
1704586962 5
1704586970 6
1704586978 1
1704586986 1
1704586994 7
1704587002 4
1704587010 9
1704587018 1
1704587026 2
1704587034 0
1704587042 7
1704587050 8
1704587058 1
1704587066 1
1704587074 4
1704587082 2
1704587090 8
1704587098 6
1704587106 4
1704587114 0
1704587122 2
1704587130 8
1704587138 5
1704587146 6
1704587154 3
1704587162 2
1704587170 18
1704587178 5
1704587186 2
1704587194 3
1704587202 8
1704587210 4
1704587218 0
1704587226 0
1704587234 1
1704587242 2
1704587250 3
1704587258 4
1704587266 11
1704587274 3
1704587282 2
1704587290 6
1704587298 2
1704587306 2
1704587314 2
1704587322 2
1704587330 9
1704587338 14
1704587346 4
1704587354 2
1704587362 4
1704587370 5
1704587378 1
1704587386 5
1704587394 0
1704587402 3
1704587410 17
1704587418 7
1704587426 2
1704587434 3
1704587442 6
1704587450 5
1704587458 3
1704587466 1
1704587474 5
1704587482 3
1704587490 2
1704587498 5
1704587506 9

