

# Sketch: 0
0 1.3917
1 1.04466
2 1.22598
3 1.04085
4 0.812582
5 1.48019
6 1.33622
7 0.519136



# Sketch: 1
0 0.149457
1 0.242769
2 0.157071
3 0.148947
4 0.20851
5 0.259697
6 0.334221
7 0.386753



# Sketch: 2
0 2.77158
1 2.34942
2 2.37872
3 2.16918
4 2.07763
5 2.52578
6 2.75742
7 2.77059



# Sketch: 3
0 0.470542
1 0.583031
2 0.695767
3 0.7671
4 0.712042
5 0.675265
6 0.603082
7 0.612544



# Sketch: 4
0 0.80528
1 0.588634
2 0.516261
3 0.61825
4 0.445349
5 0.363502
6 0.313497
7 0.675482



# Sketch: 5
0 0.560793
1 0.476642
2 0.546217
3 0.554011
4 0.480065
5 0.33016
6 0.262084
7 0.490898



# Sketch: 6
0 0.720547
1 0.752313
2 0.704941
3 0.61717
4 0.635988
5 0.754401
6 0.714444
7 0.491927



# Sketch: 7
0 0.301769
1 0.297676
2 0.322914
3 0.494727
4 0.545465
5 0.350044
6 0.510719
7 0.575448



# Sketch: 8
0 0.115318
1 0.165289
2 0.177877
3 0.151127
4 0.217722
5 0.222409
6 0.418811
7 0.43565



# Sketch: 9
0 0.291146
1 0.224048
2 0.200623
3 0.420651
4 0.548055
5 0.4861
6 0.724972
7 1.31019



# Sketch: 10
0 0.674457
1 0.644716
2 0.430911
3 0.411648
4 0.380813
5 0.860139
6 0.514903
7 2.29226



# Sketch: 11
0 0.393733
1 0.415498
2 0.430837
3 0.245321
4 0.32193
5 0.331934
6 0.341374
7 0.515032



# Sketch: 12
0 0.269257
1 0.283408
2 0.456517
3 0.391865
4 0.161298
5 0.201743
6 1.08658
7 1.28052



# Sketch: 13
0 0.521971
1 0.357053
2 0.197
3 0.150474
4 0.162019
5 0.2181
6 1.94188
7 0.466681



# Sketch: 14
0 0.750823
1 1.06367
2 1.26278
3 1.13144
4 1.41046
5 0.778165
6 0.469612
7 0.465835



# Sketch: 15
0 0.673781
1 0.686147
2 0.653963
3 0.260399
4 0.259997
5 0.431568
6 0.466329
7 0.400821



# Sketch: 16
0 0.552268
1 0.485704
2 0.378014
3 0.415258
4 0.344137
5 0.372907
6 0.514247
7 0.442109



# Sketch: 17
0 0.523193
1 0.79156
2 0.88168
3 0.769509
4 0.89587
5 0.510355
6 0.36762
7 0.375047



# Sketch: 18
0 0.177513
1 0.221649
2 0.184838
3 0.181365
4 0.221269
5 0.270053
6 0.291496
7 0.969871



# Sketch: 19
0 0.542416
1 0.486392
2 0.454599
3 0.462978
4 0.337929
5 0.179173
6 0.49771
7 0.476496



# Sketch: 20
0 0.235841
1 0.260694
2 0.278872
3 0.342304
4 0.336761
5 1.23139
6 0.359685
7 0.545921



# Sketch: 21
0 0.425428
1 0.346986
2 0.393746
3 0.347334
4 0.637628
5 0.458355
6 0.487925
7 2.11337



# Sketch: 22
0 0.411902
1 0.292435
2 0.364958
3 0.572566
4 0.561573
5 0.592104
6 0.303067
7 0.462716



# Sketch: 23
0 1.18284
1 1.04815
2 0.905174
3 0.839255
4 0.677151
5 0.680695
6 0.606924
7 0.77699



# Sketch: 24
0 0.89613
1 0.8282
2 0.622788
3 0.436092
4 0.421345
5 0.443806
6 0.475345
7 0.527764



# Sketch: 25
0 0.443681
1 0.253238
2 0.0634129
3 0.0921097
4 0.19957
5 0.397779
6 0.453478
7 0.415219



# Sketch: 26
0 0.424537
1 0.447494
2 0.308693
3 0.112276
4 0.139361
5 0.268033
6 0.364854
7 1.30256



# Sketch: 27
0 0.474496
1 0.269967
2 0.229112
3 0.339197
4 0.260528
5 0.309299
6 0.574243
7 0.56812



# Sketch: 28
0 0.396973
1 0.653667
2 0.947095
3 0.767393
4 0.779203
5 0.71781
6 0.44025
7 0.511786



# Sketch: 29
0 0.589777
1 0.744367
2 0.785765
3 0.72461
4 0.683277
5 0.49143
6 0.585023
7 0.534383



# Sketch: 30
0 0.759008
1 0.456902
2 0.550731
3 0.281692
4 0.260406
5 0.155529
6 0.22756
7 0.362055



# Sketch: 31
0 0.271078
1 0.0854605
2 0.175765
3 0.277748
4 0.239306
5 0.436703
6 0.180825
7 0.354204

