

# Sketch: 0
1704586914 28
1704586978 21
1704587042 39
1704587106 29
1704587170 28
1704587234 21
1704587298 33
1704587362 36
1704587426 103
1704587490 39



# Sketch: 1
1704586914 43
1704586978 32
1704587042 44
1704587106 54
1704587170 56
1704587234 65
1704587298 40
1704587362 50
1704587426 21
1704587490 34



# Sketch: 2
1704586914 32
1704586978 23
1704587042 30
1704587106 24
1704587170 48
1704587234 30
1704587298 41
1704587362 38
1704587426 17
1704587490 35



# Sketch: 3
1704586914 42
1704586978 24
1704587042 89
1704587106 35
1704587170 38
1704587234 37
1704587298 33
1704587362 34
1704587426 51
1704587490 30



# Sketch: 4
1704586914 41
1704586978 35
1704587042 36
1704587106 26
1704587170 33
1704587234 29
1704587298 32
1704587362 33
1704587426 29
1704587490 25



# Sketch: 5
1704586914 32
1704586978 24
1704587042 28
1704587106 15
1704587170 28
1704587234 42
1704587298 30
1704587362 35
1704587426 32
1704587490 22



# Sketch: 6
1704586914 38
1704586978 42
1704587042 33
1704587106 32
1704587170 49
1704587234 45
1704587298 49
1704587362 63
1704587426 33
1704587490 38



# Sketch: 7
1704586914 35
1704586978 17
1704587042 38
1704587106 19
1704587170 26
1704587234 15
1704587298 35
1704587362 37
1704587426 29
1704587490 26



# Sketch: 8
1704586914 38
1704586978 35
1704587042 42
1704587106 38
1704587170 56
1704587234 43
1704587298 31
1704587362 27
1704587426 25
1704587490 34



# Sketch: 9
1704586914 29
1704586978 28
1704587042 30
1704587106 20
1704587170 26
1704587234 32
1704587298 59
1704587362 27
1704587426 26
1704587490 21



# Sketch: 10
1704586914 25
1704586978 32
1704587042 23
1704587106 14
1704587170 40
1704587234 28
1704587298 29
1704587362 27
1704587426 48
1704587490 38



# Sketch: 11
1704586914 28
1704586978 61
1704587042 23
1704587106 23
1704587170 34
1704587234 40
1704587298 30
1704587362 17
1704587426 66
1704587490 40



# Sketch: 12
1704586914 12
1704586978 30
1704587042 34
1704587106 29
1704587170 37
1704587234 26
1704587298 16
1704587362 43
1704587426 25
1704587490 18



# Sketch: 13
1704586914 16
1704586978 32
1704587042 36
1704587106 28
1704587170 36
1704587234 50
1704587298 36
1704587362 56
1704587426 29
1704587490 29



# Sketch: 14
1704586914 29
1704586978 35
1704587042 33
1704587106 25
1704587170 33
1704587234 43
1704587298 38
1704587362 35
1704587426 36
1704587490 44



# Sketch: 15
1704586914 37
1704586978 68
1704587042 60
1704587106 47
1704587170 40
1704587234 43
1704587298 50
1704587362 46
1704587426 68
1704587490 29



# Sketch: 16
1704586914 34
1704586978 35
1704587042 45
1704587106 12
1704587170 45
1704587234 45
1704587298 50
1704587362 40
1704587426 21
1704587490 15



# Sketch: 17
1704586914 25
1704586978 32
1704587042 20
1704587106 30
1704587170 29
1704587234 34
1704587298 23
1704587362 29
1704587426 31
1704587490 31



# Sketch: 18
1704586914 30
1704586978 21
1704587042 38
1704587106 20
1704587170 26
1704587234 30
1704587298 27
1704587362 16
1704587426 31
1704587490 17



# Sketch: 19
1704586914 48
1704586978 16
1704587042 30
1704587106 21
1704587170 64
1704587234 35
1704587298 28
1704587362 37
1704587426 18
1704587490 16



# Sketch: 20
1704586914 20
1704586978 38
1704587042 30
1704587106 28
1704587170 33
1704587234 46
1704587298 25
1704587362 53
1704587426 36
1704587490 43



# Sketch: 21
1704586914 29
1704586978 46
1704587042 35
1704587106 35
1704587170 41
1704587234 69
1704587298 32
1704587362 41
1704587426 24
1704587490 44



# Sketch: 22
1704586914 37
1704586978 38
1704587042 48
1704587106 41
1704587170 34
1704587234 48
1704587298 36
1704587362 72
1704587426 68
1704587490 27



# Sketch: 23
1704586914 32
1704586978 27
1704587042 49
1704587106 17
1704587170 47
1704587234 35
1704587298 33
1704587362 24
1704587426 23
1704587490 30



# Sketch: 24
1704586914 22
1704586978 23
1704587042 20
1704587106 39
1704587170 33
1704587234 32
1704587298 40
1704587362 25
1704587426 28
1704587490 29



# Sketch: 25
1704586914 28
1704586978 18
1704587042 43
1704587106 27
1704587170 18
1704587234 32
1704587298 48
1704587362 41
1704587426 39
1704587490 20



# Sketch: 26
1704586914 47
1704586978 53
1704587042 31
1704587106 24
1704587170 24
1704587234 60
1704587298 43
1704587362 39
1704587426 32
1704587490 27



# Sketch: 27
1704586914 39
1704586978 28
1704587042 32
1704587106 33
1704587170 36
1704587234 53
1704587298 38
1704587362 25
1704587426 27
1704587490 27



# Sketch: 28
1704586914 36
1704586978 31
1704587042 50
1704587106 31
1704587170 43
1704587234 34
1704587298 30
1704587362 51
1704587426 24
1704587490 17



# Sketch: 29
1704586914 42
1704586978 57
1704587042 35
1704587106 32
1704587170 55
1704587234 47
1704587298 33
1704587362 51
1704587426 65
1704587490 22



# Sketch: 30
1704586914 47
1704586978 24
1704587042 31
1704587106 38
1704587170 47
1704587234 67
1704587298 23
1704587362 50
1704587426 82
1704587490 26



# Sketch: 31
1704586914 30
1704586978 22
1704587042 53
1704587106 12
1704587170 16
1704587234 57
1704587298 15
1704587362 54
1704587426 17
1704587490 7

