

# Sketch: 0
1704586914 49
1704587042 34
1704587170 92
1704587298 76
1704587426 84



# Sketch: 1
1704586914 75
1704587042 81
1704587170 68
1704587298 114
1704587426 55



# Sketch: 2
1704586914 46
1704587042 54
1704587170 74
1704587298 68
1704587426 44



# Sketch: 3
1704586914 113
1704587042 59
1704587170 98
1704587298 82
1704587426 74



# Sketch: 4
1704586914 59
1704587042 86
1704587170 109
1704587298 58
1704587426 89



# Sketch: 5
1704586914 74
1704587042 93
1704587170 59
1704587298 87
1704587426 55



# Sketch: 6
1704586914 65
1704587042 50
1704587170 71
1704587298 59
1704587426 78



# Sketch: 7
1704586914 40
1704587042 47
1704587170 64
1704587298 57
1704587426 71



# Sketch: 8
1704586914 48
1704587042 49
1704587170 81
1704587298 56
1704587426 62



# Sketch: 9
1704586914 53
1704587042 68
1704587170 63
1704587298 68
1704587426 44



# Sketch: 10
1704586914 64
1704587042 63
1704587170 73
1704587298 80
1704587426 52



# Sketch: 11
1704586914 83
1704587042 57
1704587170 82
1704587298 63
1704587426 67



# Sketch: 12
1704586914 65
1704587042 58
1704587170 72
1704587298 74
1704587426 68



# Sketch: 13
1704586914 45
1704587042 51
1704587170 76
1704587298 70
1704587426 66



# Sketch: 14
1704586914 51
1704587042 45
1704587170 59
1704587298 63
1704587426 59



# Sketch: 15
1704586914 73
1704587042 121
1704587170 82
1704587298 82
1704587426 95



# Sketch: 16
1704586914 57
1704587042 58
1704587170 85
1704587298 71
1704587426 51



# Sketch: 17
1704586914 58
1704587042 45
1704587170 66
1704587298 86
1704587426 48



# Sketch: 18
1704586914 61
1704587042 71
1704587170 81
1704587298 58
1704587426 50



# Sketch: 19
1704586914 55
1704587042 51
1704587170 68
1704587298 60
1704587426 77



# Sketch: 20
1704586914 70
1704587042 54
1704587170 61
1704587298 83
1704587426 40



# Sketch: 21
1704586914 65
1704587042 90
1704587170 73
1704587298 50
1704587426 64



# Sketch: 22
1704586914 52
1704587042 60
1704587170 45
1704587298 65
1704587426 43



# Sketch: 23
1704586914 68
1704587042 75
1704587170 82
1704587298 62
1704587426 57



# Sketch: 24
1704586914 102
1704587042 116
1704587170 138
1704587298 94
1704587426 130



# Sketch: 25
1704586914 83
1704587042 106
1704587170 109
1704587298 68
1704587426 46



# Sketch: 26
1704586914 54
1704587042 53
1704587170 97
1704587298 83
1704587426 80



# Sketch: 27
1704586914 57
1704587042 69
1704587170 69
1704587298 85
1704587426 61



# Sketch: 28
1704586914 59
1704587042 49
1704587170 83
1704587298 65
1704587426 59



# Sketch: 29
1704586914 61
1704587042 70
1704587170 65
1704587298 90
1704587426 78



# Sketch: 30
1704586914 53
1704587042 34
1704587170 70
1704587298 75
1704587426 95



# Sketch: 31
1704586914 141
1704587042 89
1704587170 97
1704587298 106
1704587426 62

