

# Sketch: 0
0 0.624794
1 1.05843
2 0.889905
3 0.539523
4 0.340624
5 0.0948968
6 0.0910902
7 0.429684



# Sketch: 1
0 0.381741
1 0.377341
2 0.309557
3 0.425758
4 0.324678
5 0.39742
6 0.411174
7 0.422167



# Sketch: 2
0 0.564215
1 0.613351
2 0.613679
3 0.277931
4 0.0590593
5 0.234939
6 0.195197
7 0.421792



# Sketch: 3
0 1.38668
1 0.845927
2 0.556148
3 0.605792
4 0.97684
5 0.67424
6 0.686825
7 0.402154



# Sketch: 4
0 1.29805
1 1.21607
2 1.19649
3 0.888339
4 0.749551
5 0.332265
6 0.524219
7 1.87309



# Sketch: 5
0 0.636894
1 0.666708
2 0.684573
3 0.502537
4 0.536047
5 0.476686
6 0.500791
7 0.571471



# Sketch: 6
0 0.725645
1 0.647237
2 0.791826
3 0.824076
4 0.673747
5 0.53653
6 0.584095
7 0.539136



# Sketch: 7
0 0.833456
1 0.683236
2 0.7813
3 0.634233
4 0.579787
5 0.606573
6 0.591367
7 0.626689



# Sketch: 8
0 1.24523
1 1.14453
2 1.04977
3 0.897389
4 0.736518
5 0.742557
6 0.70382
7 0.744061



# Sketch: 9
0 0.188005
1 0.127047
2 0.0803322
3 0.0587881
4 0.14879
5 0.260497
6 0.238278
7 0.402336



# Sketch: 10
0 0.937594
1 0.983189
2 0.95968
3 0.984746
4 0.887784
5 1.47243
6 0.263615
7 0.332502



# Sketch: 11
0 1.02883
1 0.770841
2 0.688082
3 0.492771
4 0.413944
5 0.430035
6 0.400589
7 0.900746



# Sketch: 12
0 0.17727
1 0.160641
2 0.217516
3 0.248356
4 0.278169
5 0.321464
6 0.34255
7 0.392625



# Sketch: 13
0 0.629128
1 0.698867
2 0.723215
3 0.655239
4 0.584479
5 0.516139
6 0.520333
7 0.513567



# Sketch: 14
0 0.745675
1 0.693624
2 0.739875
3 0.5158
4 0.583145
5 0.593512
6 0.52717
7 0.858193



# Sketch: 15
0 0.208588
1 0.561301
2 0.8248
3 1.02676
4 1.35043
5 0.406643
6 0.381107
7 0.546256



# Sketch: 16
0 0.228378
1 0.214406
2 0.261111
3 0.328904
4 0.468407
5 0.701592
6 0.935529
7 0.893277



# Sketch: 17
0 0.54373
1 0.478642
2 0.438934
3 0.567591
4 0.433356
5 0.426253
6 0.955068
7 2.24647



# Sketch: 18
0 0.315072
1 0.478542
2 0.605781
3 0.490824
4 0.129342
5 0.562913
6 0.291445
7 0.501118



# Sketch: 19
0 0.481222
1 0.39469
2 0.439363
3 0.361041
4 0.408427
5 0.429494
6 0.434025
7 0.567373



# Sketch: 20
0 1.62688
1 1.79597
2 1.49551
3 1.29094
4 0.920569
5 0.57129
6 0.682941
7 0.423555



# Sketch: 21
0 1.45174
1 1.0514
2 0.305779
3 0.208138
4 0.813731
5 1.37268
6 1.28092
7 1.57345



# Sketch: 22
0 0.93708
1 0.864255
2 0.680236
3 0.302843
4 0.626692
5 0.317237
6 0.321622
7 0.444577



# Sketch: 23
0 0.815125
1 0.649801
2 0.728216
3 0.71511
4 0.584945
5 0.184414
6 1.11914
7 0.838945



# Sketch: 24
0 1.13803
1 1.28066
2 0.991004
3 0.75822
4 0.481913
5 0.0874
6 0.983701
7 1.94701



# Sketch: 25
0 0.590366
1 0.765111
2 1.27113
3 1.23395
4 0.652456
5 1.4364
6 0.812156
7 1.77979



# Sketch: 26
0 0.656189
1 0.506368
2 0.49734
3 0.414184
4 0.436387
5 0.458082
6 1.62429
7 1.34485



# Sketch: 27
0 0.522442
1 0.455802
2 0.478569
3 0.468218
4 0.427405
5 0.467609
6 0.459214
7 0.473797



# Sketch: 28
0 0.227258
1 0.521757
2 0.812865
3 0.702749
4 0.551885
5 1.66411
6 0.254467
7 0.449033



# Sketch: 29
0 0.170139
1 0.158585
2 0.163649
3 0.172868
4 0.253367
5 0.310507
6 0.341672
7 0.399837



# Sketch: 30
0 0.924361
1 0.812784
2 0.791562
3 0.647173
4 0.614095
5 0.823597
6 0.548799
7 0.650079



# Sketch: 31
0 1.37543
1 1.02662
2 1.05734
3 0.77553
4 0.120069
5 0.6081
6 0.498628
7 0.370206

