

# Sketch: 0
1704587514 62
1704587578 53
1704587642 51
1704587706 35
1704587770 53
1704587834 28
1704587898 23
1704587962 41
1704588026 28
1704588090 18



# Sketch: 1
1704587514 39
1704587578 36
1704587642 28
1704587706 31
1704587770 32
1704587834 41
1704587898 38
1704587962 42
1704588026 28
1704588090 18



# Sketch: 2
1704587514 53
1704587578 54
1704587642 53
1704587706 28
1704587770 38
1704587834 37
1704587898 28
1704587962 43
1704588026 36
1704588090 31



# Sketch: 3
1704587514 60
1704587578 51
1704587642 44
1704587706 14
1704587770 42
1704587834 32
1704587898 30
1704587962 34
1704588026 22
1704588090 14



# Sketch: 4
1704587514 59
1704587578 68
1704587642 65
1704587706 41
1704587770 61
1704587834 37
1704587898 26
1704587962 34
1704588026 31
1704588090 18



# Sketch: 5
1704587514 73
1704587578 113
1704587642 81
1704587706 53
1704587770 58
1704587834 36
1704587898 27
1704587962 57
1704588026 38
1704588090 9



# Sketch: 6
1704587514 58
1704587578 92
1704587642 81
1704587706 26
1704587770 63
1704587834 54
1704587898 31
1704587962 41
1704588026 45
1704588090 21



# Sketch: 7
1704587514 41
1704587578 46
1704587642 50
1704587706 41
1704587770 58
1704587834 18
1704587898 37
1704587962 71
1704588026 17
1704588090 21



# Sketch: 8
1704587514 33
1704587578 42
1704587642 43
1704587706 29
1704587770 66
1704587834 21
1704587898 38
1704587962 46
1704588026 22
1704588090 31



# Sketch: 9
1704587514 49
1704587578 22
1704587642 38
1704587706 19
1704587770 31
1704587834 27
1704587898 30
1704587962 24
1704588026 45
1704588090 18



# Sketch: 10
1704587514 30
1704587578 80
1704587642 43
1704587706 70
1704587770 48
1704587834 39
1704587898 49
1704587962 63
1704588026 33
1704588090 11



# Sketch: 11
1704587514 85
1704587578 104
1704587642 86
1704587706 26
1704587770 34
1704587834 36
1704587898 33
1704587962 25
1704588026 18
1704588090 7



# Sketch: 12
1704587514 41
1704587578 47
1704587642 27
1704587706 38
1704587770 48
1704587834 39
1704587898 38
1704587962 33
1704588026 32
1704588090 23



# Sketch: 13
1704587514 102
1704587578 74
1704587642 55
1704587706 40
1704587770 37
1704587834 36
1704587898 38
1704587962 49
1704588026 30
1704588090 8



# Sketch: 14
1704587514 106
1704587578 60
1704587642 33
1704587706 43
1704587770 47
1704587834 52
1704587898 43
1704587962 58
1704588026 75
1704588090 20



# Sketch: 15
1704587514 79
1704587578 20
1704587642 34
1704587706 28
1704587770 20
1704587834 22
1704587898 30
1704587962 41
1704588026 33
1704588090 14



# Sketch: 16
1704587514 130
1704587578 27
1704587642 29
1704587706 28
1704587770 65
1704587834 28
1704587898 34
1704587962 51
1704588026 42
1704588090 15



# Sketch: 17
1704587514 32
1704587578 27
1704587642 46
1704587706 16
1704587770 23
1704587834 22
1704587898 40
1704587962 46
1704588026 29
1704588090 9



# Sketch: 18
1704587514 34
1704587578 43
1704587642 35
1704587706 28
1704587770 57
1704587834 24
1704587898 23
1704587962 36
1704588026 35
1704588090 15



# Sketch: 19
1704587514 52
1704587578 21
1704587642 60
1704587706 58
1704587770 48
1704587834 19
1704587898 37
1704587962 49
1704588026 36
1704588090 14



# Sketch: 20
1704587514 25
1704587578 26
1704587642 28
1704587706 20
1704587770 39
1704587834 16
1704587898 25
1704587962 39
1704588026 26
1704588090 9



# Sketch: 21
1704587514 47
1704587578 29
1704587642 31
1704587706 50
1704587770 81
1704587834 31
1704587898 24
1704587962 45
1704588026 39
1704588090 15



# Sketch: 22
1704587514 83
1704587578 65
1704587642 72
1704587706 49
1704587770 43
1704587834 65
1704587898 27
1704587962 49
1704588026 38
1704588090 7



# Sketch: 23
1704587514 67
1704587578 59
1704587642 65
1704587706 37
1704587770 31
1704587834 40
1704587898 20
1704587962 40
1704588026 33
1704588090 10



# Sketch: 24
1704587514 36
1704587578 37
1704587642 42
1704587706 31
1704587770 48
1704587834 25
1704587898 28
1704587962 30
1704588026 37
1704588090 24



# Sketch: 25
1704587514 53
1704587578 48
1704587642 36
1704587706 32
1704587770 58
1704587834 27
1704587898 28
1704587962 24
1704588026 26
1704588090 18



# Sketch: 26
1704587514 51
1704587578 44
1704587642 44
1704587706 24
1704587770 34
1704587834 32
1704587898 35
1704587962 54
1704588026 32
1704588090 9



# Sketch: 27
1704587514 53
1704587578 35
1704587642 28
1704587706 34
1704587770 32
1704587834 32
1704587898 26
1704587962 56
1704588026 26
1704588090 14



# Sketch: 28
1704587514 53
1704587578 44
1704587642 36
1704587706 44
1704587770 61
1704587834 26
1704587898 16
1704587962 30
1704588026 44
1704588090 11



# Sketch: 29
1704587514 50
1704587578 40
1704587642 54
1704587706 38
1704587770 33
1704587834 33
1704587898 40
1704587962 36
1704588026 48
1704588090 20



# Sketch: 30
1704587514 49
1704587578 32
1704587642 16
1704587706 24
1704587770 51
1704587834 31
1704587898 23
1704587962 18
1704588026 22
1704588090 10



# Sketch: 31
1704587514 82
1704587578 76
1704587642 49
1704587706 53
1704587770 61
1704587834 55
1704587898 40
1704587962 62
1704588026 44
1704588090 15

