

# Sketch: 0
0 0.962123
1 0.7913
2 0.685796
3 0.482151
4 0.291415
5 0.119502
6 0.164193
7 0.318662



# Sketch: 1
0 0.478997
1 0.275295
2 0.30899
3 0.363482
4 0.377054
5 0.320144
6 0.314287
7 0.372912



# Sketch: 2
0 0.827163
1 0.756795
2 0.684919
3 0.563222
4 0.413971
5 0.444778
6 0.447268
7 0.594336



# Sketch: 3
0 0.342404
1 0.248623
2 0.251832
3 0.252005
4 0.285153
5 0.378445
6 0.397324
7 0.455156



# Sketch: 4
0 0.604685
1 0.536276
2 0.572353
3 0.542298
4 0.399671
5 0.42396
6 0.504878
7 0.557142



# Sketch: 5
0 0.431179
1 0.484101
2 0.648147
3 0.794941
4 0.810776
5 1.12438
6 0.667507
7 0.900543



# Sketch: 6
0 0.427529
1 0.49488
2 0.606461
3 0.772706
4 0.897532
5 1.4526
6 0.683451
7 0.480842



# Sketch: 7
0 1.40241
1 1.2721
2 0.938065
3 0.609019
4 0.192595
5 0.234772
6 0.37026
7 0.551924



# Sketch: 8
0 0.362813
1 0.42712
2 0.44897
3 0.417699
4 0.353831
5 0.383651
6 0.330164
7 0.498476



# Sketch: 9
0 0.706633
1 0.652058
2 0.586372
3 0.57931
4 0.442679
5 0.516841
6 0.560609
7 0.487305



# Sketch: 10
0 0.360508
1 0.287495
2 0.294144
3 0.435821
4 0.714368
5 0.431052
6 1.05506
7 1.24101



# Sketch: 11
0 1.0806
1 0.917037
2 0.812481
3 0.759291
4 0.672681
5 0.590338
6 0.524387
7 0.528222



# Sketch: 12
0 0.230924
1 0.096878
2 0.0318538
3 0.073131
4 0.179666
5 0.26236
6 0.337588
7 0.409449



# Sketch: 13
0 0.122532
1 0.109243
2 0.226761
3 0.347117
4 0.53228
5 0.551708
6 0.370434
7 0.467607



# Sketch: 14
0 1.73239
1 1.57347
2 1.36169
3 1.20865
4 0.517328
5 0.140157
6 0.229085
7 0.583003



# Sketch: 15
0 0.435049
1 0.414462
2 0.426533
3 0.418848
4 0.38305
5 0.382372
6 0.370915
7 0.448096



# Sketch: 16
0 0.433653
1 0.455444
2 0.403551
3 0.410323
4 0.433192
5 0.445394
6 0.363969
7 0.480289



# Sketch: 17
0 0.77126
1 0.681529
2 0.668719
3 0.60496
4 0.726049
5 0.449785
6 0.464955
7 0.980852



# Sketch: 18
0 0.768056
1 0.656895
2 0.646698
3 0.489469
4 0.345121
5 0.632095
6 0.332179
7 0.690539



# Sketch: 19
0 0.45247
1 0.413068
2 0.367794
3 0.357181
4 0.381144
5 0.377943
6 0.553001
7 0.436051



# Sketch: 20
0 0.43406
1 0.448095
2 0.633554
3 1.15006
4 1.39662
5 1.97961
6 0.484973
7 1.64719



# Sketch: 21
0 0.419512
1 0.355107
2 0.346162
3 0.433447
4 0.458001
5 0.574311
6 1.01962
7 0.763147



# Sketch: 22
0 0.5259
1 0.612156
2 0.408183
3 0.334821
4 0.347129
5 0.388601
6 0.5068
7 0.931466



# Sketch: 23
0 0.376988
1 0.135318
2 0.0718329
3 0.121092
4 0.20065
5 0.294861
6 0.339688
7 0.400479



# Sketch: 24
0 0.867273
1 0.74445
2 0.741231
3 0.709698
4 0.574634
5 0.581227
6 0.647152
7 0.672356



# Sketch: 25
0 2.00518
1 1.81612
2 1.44869
3 0.929497
4 0.881461
5 0.601371
6 0.420068
7 0.53325



# Sketch: 26
0 0.284085
1 0.237658
2 0.321671
3 0.316567
4 0.464978
5 0.740972
6 1.34737
7 1.86776



# Sketch: 27
0 0.689703
1 1.03014
2 1.02474
3 0.714682
4 0.442943
5 1.00628
6 1.27263
7 0.564098



# Sketch: 28
0 0.493812
1 0.439879
2 0.451187
3 0.437336
4 0.35469
5 0.388943
6 0.616038
7 0.486754



# Sketch: 29
0 0.372922
1 0.223072
2 0.200934
3 0.225573
4 0.0713175
5 0.202751
6 0.261193
7 0.393935



# Sketch: 30
0 0.412376
1 0.410502
2 0.33591
3 0.335574
4 0.292033
5 0.351035
6 0.339154
7 0.772455



# Sketch: 31
0 0.747117
1 0.75093
2 0.665523
3 0.616135
4 0.571497
5 0.563566
6 0.573111
7 0.578031

