

# Sketch: 0
1704588114 79
1704588242 83
1704588370 70
1704588498 42
1704588626 60



# Sketch: 1
1704588114 88
1704588242 89
1704588370 70
1704588498 53
1704588626 32



# Sketch: 2
1704588114 51
1704588242 64
1704588370 54
1704588498 67
1704588626 57



# Sketch: 3
1704588114 92
1704588242 88
1704588370 68
1704588498 72
1704588626 53



# Sketch: 4
1704588114 92
1704588242 124
1704588370 112
1704588498 81
1704588626 64



# Sketch: 5
1704588114 77
1704588242 57
1704588370 46
1704588498 94
1704588626 43



# Sketch: 6
1704588114 74
1704588242 66
1704588370 71
1704588498 66
1704588626 34



# Sketch: 7
1704588114 79
1704588242 110
1704588370 103
1704588498 51
1704588626 50



# Sketch: 8
1704588114 42
1704588242 62
1704588370 72
1704588498 41
1704588626 63



# Sketch: 9
1704588114 56
1704588242 81
1704588370 88
1704588498 66
1704588626 56



# Sketch: 10
1704588114 60
1704588242 147
1704588370 112
1704588498 75
1704588626 59



# Sketch: 11
1704588114 50
1704588242 60
1704588370 71
1704588498 64
1704588626 32



# Sketch: 12
1704588114 68
1704588242 70
1704588370 65
1704588498 76
1704588626 60



# Sketch: 13
1704588114 49
1704588242 49
1704588370 49
1704588498 73
1704588626 47



# Sketch: 14
1704588114 57
1704588242 61
1704588370 70
1704588498 55
1704588626 38



# Sketch: 15
1704588114 59
1704588242 50
1704588370 65
1704588498 54
1704588626 30



# Sketch: 16
1704588114 50
1704588242 69
1704588370 88
1704588498 38
1704588626 37



# Sketch: 17
1704588114 80
1704588242 102
1704588370 93
1704588498 61
1704588626 59



# Sketch: 18
1704588114 49
1704588242 71
1704588370 72
1704588498 76
1704588626 53



# Sketch: 19
1704588114 72
1704588242 92
1704588370 81
1704588498 53
1704588626 45



# Sketch: 20
1704588114 102
1704588242 72
1704588370 80
1704588498 57
1704588626 44



# Sketch: 21
1704588114 50
1704588242 77
1704588370 53
1704588498 47
1704588626 68



# Sketch: 22
1704588114 70
1704588242 58
1704588370 61
1704588498 40
1704588626 45



# Sketch: 23
1704588114 94
1704588242 112
1704588370 123
1704588498 73
1704588626 50



# Sketch: 24
1704588114 70
1704588242 162
1704588370 54
1704588498 85
1704588626 58



# Sketch: 25
1704588114 60
1704588242 122
1704588370 67
1704588498 56
1704588626 62



# Sketch: 26
1704588114 50
1704588242 86
1704588370 101
1704588498 54
1704588626 37



# Sketch: 27
1704588114 81
1704588242 55
1704588370 48
1704588498 57
1704588626 47



# Sketch: 28
1704588114 78
1704588242 68
1704588370 64
1704588498 67
1704588626 41



# Sketch: 29
1704588114 58
1704588242 66
1704588370 58
1704588498 48
1704588626 38



# Sketch: 30
1704588114 80
1704588242 71
1704588370 61
1704588498 53
1704588626 45



# Sketch: 31
1704588114 81
1704588242 97
1704588370 104
1704588498 57
1704588626 78

