

# Sketch: 0
1704588114 3
1704588130 7
1704588146 8
1704588162 2
1704588178 7
1704588194 12
1704588210 3
1704588226 2
1704588242 8
1704588258 9
1704588274 39
1704588290 5
1704588306 11
1704588322 7
1704588338 4
1704588354 8
1704588370 3
1704588386 5
1704588402 13
1704588418 12
1704588434 6
1704588450 7
1704588466 6
1704588482 2
1704588498 5
1704588514 11
1704588530 2
1704588546 8
1704588562 5
1704588578 12
1704588594 8
1704588610 9
1704588626 11
1704588642 7
1704588658 15
1704588674 4
1704588690 11
1704588706 3



# Sketch: 1
1704588114 15
1704588130 14
1704588146 17
1704588162 4
1704588178 8
1704588194 25
1704588210 10
1704588226 6
1704588242 11
1704588258 13
1704588274 22
1704588290 3
1704588306 8
1704588322 9
1704588338 7
1704588354 9
1704588370 13
1704588386 6
1704588402 5
1704588418 3
1704588434 1
1704588450 35
1704588466 7
1704588482 3
1704588498 8
1704588514 7
1704588530 12
1704588546 4
1704588562 10
1704588578 6
1704588594 17
1704588610 22
1704588626 4
1704588642 5
1704588658 4
1704588674 0
1704588690 10
1704588706 5



# Sketch: 2
1704588114 9
1704588130 22
1704588146 10
1704588162 9
1704588178 6
1704588194 3
1704588210 13
1704588226 11
1704588242 12
1704588258 12
1704588274 4
1704588290 3
1704588306 14
1704588322 6
1704588338 5
1704588354 16
1704588370 19
1704588386 14
1704588402 12
1704588418 11
1704588434 11
1704588450 7
1704588466 11
1704588482 12
1704588498 11
1704588514 5
1704588530 6
1704588546 6
1704588562 9
1704588578 6
1704588594 14
1704588610 22
1704588626 15
1704588642 8
1704588658 6
1704588674 6
1704588690 5
1704588706 4



# Sketch: 3
1704588114 9
1704588130 8
1704588146 9
1704588162 9
1704588178 7
1704588194 3
1704588210 0
1704588226 3
1704588242 12
1704588258 10
1704588274 11
1704588290 2
1704588306 4
1704588322 7
1704588338 5
1704588354 4
1704588370 15
1704588386 11
1704588402 9
1704588418 13
1704588434 2
1704588450 10
1704588466 5
1704588482 12
1704588498 11
1704588514 3
1704588530 6
1704588546 6
1704588562 12
1704588578 3
1704588594 15
1704588610 17
1704588626 9
1704588642 11
1704588658 9
1704588674 8
1704588690 6
1704588706 0



# Sketch: 4
1704588114 10
1704588130 11
1704588146 3
1704588162 20
1704588178 10
1704588194 17
1704588210 3
1704588226 3
1704588242 2
1704588258 7
1704588274 42
1704588290 13
1704588306 2
1704588322 7
1704588338 7
1704588354 2
1704588370 13
1704588386 6
1704588402 5
1704588418 6
1704588434 4
1704588450 3
1704588466 2
1704588482 10
1704588498 8
1704588514 4
1704588530 6
1704588546 7
1704588562 3
1704588578 9
1704588594 5
1704588610 7
1704588626 5
1704588642 7
1704588658 6
1704588674 4
1704588690 17
1704588706 2



# Sketch: 5
1704588114 4
1704588130 3
1704588146 23
1704588162 4
1704588178 6
1704588194 5
1704588210 4
1704588226 5
1704588242 14
1704588258 10
1704588274 6
1704588290 17
1704588306 13
1704588322 6
1704588338 4
1704588354 6
1704588370 3
1704588386 6
1704588402 9
1704588418 8
1704588434 6
1704588450 10
1704588466 11
1704588482 6
1704588498 8
1704588514 15
1704588530 6
1704588546 7
1704588562 4
1704588578 2
1704588594 2
1704588610 8
1704588626 9
1704588642 4
1704588658 6
1704588674 2
1704588690 5
1704588706 0



# Sketch: 6
1704588114 1
1704588130 8
1704588146 4
1704588162 3
1704588178 3
1704588194 6
1704588210 7
1704588226 5
1704588242 9
1704588258 8
1704588274 9
1704588290 9
1704588306 9
1704588322 7
1704588338 1
1704588354 3
1704588370 5
1704588386 2
1704588402 4
1704588418 12
1704588434 4
1704588450 6
1704588466 7
1704588482 7
1704588498 4
1704588514 8
1704588530 6
1704588546 5
1704588562 9
1704588578 3
1704588594 2
1704588610 12
1704588626 8
1704588642 3
1704588658 10
1704588674 13
1704588690 7
1704588706 3



# Sketch: 7
1704588114 12
1704588130 9
1704588146 3
1704588162 10
1704588178 12
1704588194 10
1704588210 16
1704588226 10
1704588242 10
1704588258 15
1704588274 5
1704588290 5
1704588306 2
1704588322 9
1704588338 10
1704588354 9
1704588370 4
1704588386 8
1704588402 9
1704588418 12
1704588434 3
1704588450 3
1704588466 3
1704588482 15
1704588498 3
1704588514 0
1704588530 4
1704588546 4
1704588562 8
1704588578 10
1704588594 6
1704588610 3
1704588626 7
1704588642 11
1704588658 10
1704588674 1
1704588690 8
1704588706 0



# Sketch: 8
1704588114 2
1704588130 8
1704588146 7
1704588162 4
1704588178 3
1704588194 8
1704588210 13
1704588226 10
1704588242 19
1704588258 5
1704588274 3
1704588290 0
1704588306 11
1704588322 3
1704588338 9
1704588354 2
1704588370 22
1704588386 15
1704588402 6
1704588418 7
1704588434 5
1704588450 4
1704588466 1
1704588482 1
1704588498 3
1704588514 2
1704588530 3
1704588546 6
1704588562 8
1704588578 9
1704588594 2
1704588610 12
1704588626 10
1704588642 3
1704588658 10
1704588674 7
1704588690 6
1704588706 7



# Sketch: 9
1704588114 6
1704588130 1
1704588146 7
1704588162 11
1704588178 8
1704588194 4
1704588210 7
1704588226 12
1704588242 6
1704588258 7
1704588274 3
1704588290 7
1704588306 13
1704588322 5
1704588338 7
1704588354 17
1704588370 4
1704588386 6
1704588402 10
1704588418 1
1704588434 11
1704588450 8
1704588466 28
1704588482 2
1704588498 9
1704588514 3
1704588530 9
1704588546 11
1704588562 10
1704588578 3
1704588594 3
1704588610 14
1704588626 5
1704588642 6
1704588658 12
1704588674 5
1704588690 19
1704588706 4



# Sketch: 10
1704588114 9
1704588130 8
1704588146 5
1704588162 6
1704588178 5
1704588194 6
1704588210 5
1704588226 4
1704588242 10
1704588258 4
1704588274 60
1704588290 7
1704588306 13
1704588322 8
1704588338 2
1704588354 6
1704588370 4
1704588386 11
1704588402 6
1704588418 12
1704588434 7
1704588450 5
1704588466 7
1704588482 7
1704588498 2
1704588514 4
1704588530 6
1704588546 6
1704588562 6
1704588578 8
1704588594 2
1704588610 10
1704588626 5
1704588642 18
1704588658 5
1704588674 5
1704588690 6
1704588706 3



# Sketch: 11
1704588114 10
1704588130 7
1704588146 7
1704588162 8
1704588178 7
1704588194 4
1704588210 8
1704588226 4
1704588242 12
1704588258 8
1704588274 13
1704588290 14
1704588306 7
1704588322 6
1704588338 7
1704588354 13
1704588370 15
1704588386 6
1704588402 18
1704588418 6
1704588434 4
1704588450 9
1704588466 9
1704588482 14
1704588498 11
1704588514 4
1704588530 2
1704588546 4
1704588562 5
1704588578 4
1704588594 10
1704588610 9
1704588626 15
1704588642 19
1704588658 11
1704588674 7
1704588690 12
1704588706 0



# Sketch: 12
1704588114 9
1704588130 8
1704588146 7
1704588162 2
1704588178 11
1704588194 12
1704588210 23
1704588226 15
1704588242 15
1704588258 7
1704588274 3
1704588290 7
1704588306 6
1704588322 9
1704588338 4
1704588354 5
1704588370 7
1704588386 14
1704588402 8
1704588418 15
1704588434 4
1704588450 20
1704588466 13
1704588482 16
1704588498 11
1704588514 2
1704588530 7
1704588546 1
1704588562 3
1704588578 2
1704588594 5
1704588610 6
1704588626 12
1704588642 5
1704588658 9
1704588674 9
1704588690 3
1704588706 6



# Sketch: 13
1704588114 14
1704588130 11
1704588146 15
1704588162 8
1704588178 8
1704588194 2
1704588210 4
1704588226 10
1704588242 3
1704588258 10
1704588274 7
1704588290 4
1704588306 14
1704588322 5
1704588338 10
1704588354 8
1704588370 3
1704588386 6
1704588402 7
1704588418 7
1704588434 12
1704588450 3
1704588466 4
1704588482 19
1704588498 3
1704588514 6
1704588530 4
1704588546 12
1704588562 4
1704588578 1
1704588594 19
1704588610 7
1704588626 10
1704588642 11
1704588658 13
1704588674 6
1704588690 3
1704588706 4



# Sketch: 14
1704588114 13
1704588130 16
1704588146 12
1704588162 8
1704588178 7
1704588194 10
1704588210 3
1704588226 16
1704588242 11
1704588258 55
1704588274 37
1704588290 10
1704588306 8
1704588322 12
1704588338 5
1704588354 17
1704588370 13
1704588386 12
1704588402 6
1704588418 8
1704588434 3
1704588450 5
1704588466 27
1704588482 13
1704588498 5
1704588514 13
1704588530 20
1704588546 13
1704588562 8
1704588578 5
1704588594 5
1704588610 8
1704588626 24
1704588642 7
1704588658 9
1704588674 3
1704588690 16
1704588706 2



# Sketch: 15
1704588114 4
1704588130 7
1704588146 6
1704588162 3
1704588178 12
1704588194 4
1704588210 5
1704588226 3
1704588242 18
1704588258 23
1704588274 6
1704588290 29
1704588306 20
1704588322 3
1704588338 8
1704588354 10
1704588370 5
1704588386 4
1704588402 13
1704588418 8
1704588434 1
1704588450 11
1704588466 9
1704588482 6
1704588498 3
1704588514 4
1704588530 4
1704588546 38
1704588562 5
1704588578 12
1704588594 8
1704588610 10
1704588626 11
1704588642 14
1704588658 4
1704588674 21
1704588690 2
1704588706 2



# Sketch: 16
1704588114 5
1704588130 3
1704588146 7
1704588162 6
1704588178 12
1704588194 14
1704588210 5
1704588226 5
1704588242 5
1704588258 5
1704588274 10
1704588290 11
1704588306 15
1704588322 8
1704588338 6
1704588354 9
1704588370 5
1704588386 4
1704588402 6
1704588418 7
1704588434 6
1704588450 3
1704588466 5
1704588482 8
1704588498 7
1704588514 1
1704588530 2
1704588546 9
1704588562 6
1704588578 0
1704588594 6
1704588610 5
1704588626 3
1704588642 10
1704588658 5
1704588674 7
1704588690 12
1704588706 4



# Sketch: 17
1704588114 18
1704588130 18
1704588146 10
1704588162 1
1704588178 13
1704588194 7
1704588210 9
1704588226 4
1704588242 19
1704588258 11
1704588274 9
1704588290 9
1704588306 8
1704588322 6
1704588338 4
1704588354 11
1704588370 17
1704588386 15
1704588402 29
1704588418 8
1704588434 5
1704588450 13
1704588466 10
1704588482 9
1704588498 11
1704588514 9
1704588530 9
1704588546 5
1704588562 5
1704588578 3
1704588594 19
1704588610 9
1704588626 8
1704588642 4
1704588658 6
1704588674 5
1704588690 15
1704588706 3



# Sketch: 18
1704588114 11
1704588130 13
1704588146 13
1704588162 13
1704588178 30
1704588194 13
1704588210 36
1704588226 6
1704588242 36
1704588258 11
1704588274 2
1704588290 6
1704588306 17
1704588322 8
1704588338 8
1704588354 10
1704588370 23
1704588386 11
1704588402 7
1704588418 14
1704588434 4
1704588450 38
1704588466 4
1704588482 16
1704588498 11
1704588514 9
1704588530 10
1704588546 11
1704588562 0
1704588578 4
1704588594 15
1704588610 11
1704588626 20
1704588642 17
1704588658 9
1704588674 5
1704588690 5
1704588706 4



# Sketch: 19
1704588114 7
1704588130 17
1704588146 11
1704588162 6
1704588178 18
1704588194 16
1704588210 14
1704588226 3
1704588242 15
1704588258 17
1704588274 5
1704588290 17
1704588306 20
1704588322 27
1704588338 4
1704588354 30
1704588370 20
1704588386 22
1704588402 20
1704588418 24
1704588434 22
1704588450 21
1704588466 16
1704588482 10
1704588498 5
1704588514 7
1704588530 9
1704588546 22
1704588562 18
1704588578 4
1704588594 13
1704588610 13
1704588626 9
1704588642 9
1704588658 17
1704588674 15
1704588690 6
1704588706 7



# Sketch: 20
1704588114 2
1704588130 8
1704588146 9
1704588162 2
1704588178 6
1704588194 12
1704588210 3
1704588226 5
1704588242 15
1704588258 6
1704588274 7
1704588290 3
1704588306 15
1704588322 9
1704588338 1
1704588354 6
1704588370 6
1704588386 16
1704588402 4
1704588418 21
1704588434 2
1704588450 9
1704588466 3
1704588482 11
1704588498 9
1704588514 10
1704588530 7
1704588546 5
1704588562 5
1704588578 3
1704588594 1
1704588610 11
1704588626 6
1704588642 10
1704588658 15
1704588674 3
1704588690 5
1704588706 0



# Sketch: 21
1704588114 18
1704588130 3
1704588146 5
1704588162 6
1704588178 21
1704588194 15
1704588210 9
1704588226 17
1704588242 11
1704588258 12
1704588274 4
1704588290 39
1704588306 24
1704588322 12
1704588338 5
1704588354 17
1704588370 13
1704588386 22
1704588402 7
1704588418 30
1704588434 16
1704588450 12
1704588466 8
1704588482 7
1704588498 14
1704588514 4
1704588530 12
1704588546 8
1704588562 9
1704588578 7
1704588594 10
1704588610 4
1704588626 6
1704588642 2
1704588658 15
1704588674 10
1704588690 16
1704588706 1



# Sketch: 22
1704588114 3
1704588130 3
1704588146 5
1704588162 1
1704588178 15
1704588194 5
1704588210 6
1704588226 6
1704588242 5
1704588258 7
1704588274 5
1704588290 3
1704588306 5
1704588322 16
1704588338 8
1704588354 4
1704588370 9
1704588386 8
1704588402 3
1704588418 8
1704588434 3
1704588450 17
1704588466 5
1704588482 11
1704588498 10
1704588514 4
1704588530 6
1704588546 4
1704588562 23
1704588578 2
1704588594 14
1704588610 6
1704588626 21
1704588642 12
1704588658 8
1704588674 18
1704588690 8
1704588706 10



# Sketch: 23
1704588114 9
1704588130 11
1704588146 8
1704588162 11
1704588178 2
1704588194 3
1704588210 11
1704588226 8
1704588242 18
1704588258 7
1704588274 5
1704588290 10
1704588306 18
1704588322 14
1704588338 8
1704588354 10
1704588370 3
1704588386 22
1704588402 10
1704588418 14
1704588434 3
1704588450 10
1704588466 4
1704588482 4
1704588498 17
1704588514 11
1704588530 12
1704588546 6
1704588562 2
1704588578 8
1704588594 12
1704588610 8
1704588626 9
1704588642 9
1704588658 18
1704588674 7
1704588690 1
1704588706 0



# Sketch: 24
1704588114 4
1704588130 1
1704588146 25
1704588162 3
1704588178 10
1704588194 5
1704588210 7
1704588226 6
1704588242 5
1704588258 7
1704588274 12
1704588290 8
1704588306 8
1704588322 7
1704588338 6
1704588354 4
1704588370 14
1704588386 14
1704588402 5
1704588418 16
1704588434 2
1704588450 16
1704588466 2
1704588482 9
1704588498 7
1704588514 8
1704588530 3
1704588546 4
1704588562 5
1704588578 7
1704588594 4
1704588610 11
1704588626 4
1704588642 14
1704588658 15
1704588674 2
1704588690 10
1704588706 0



# Sketch: 25
1704588114 10
1704588130 12
1704588146 8
1704588162 4
1704588178 5
1704588194 4
1704588210 8
1704588226 11
1704588242 24
1704588258 21
1704588274 3
1704588290 9
1704588306 16
1704588322 7
1704588338 7
1704588354 8
1704588370 16
1704588386 6
1704588402 6
1704588418 11
1704588434 6
1704588450 7
1704588466 5
1704588482 8
1704588498 14
1704588514 8
1704588530 11
1704588546 9
1704588562 8
1704588578 4
1704588594 5
1704588610 10
1704588626 20
1704588642 6
1704588658 11
1704588674 10
1704588690 8
1704588706 6



# Sketch: 26
1704588114 6
1704588130 8
1704588146 8
1704588162 6
1704588178 15
1704588194 10
1704588210 7
1704588226 4
1704588242 22
1704588258 12
1704588274 5
1704588290 5
1704588306 11
1704588322 5
1704588338 3
1704588354 7
1704588370 9
1704588386 16
1704588402 11
1704588418 4
1704588434 6
1704588450 7
1704588466 10
1704588482 9
1704588498 8
1704588514 9
1704588530 5
1704588546 7
1704588562 7
1704588578 8
1704588594 13
1704588610 10
1704588626 5
1704588642 8
1704588658 20
1704588674 4
1704588690 10
1704588706 18



# Sketch: 27
1704588114 4
1704588130 3
1704588146 9
1704588162 6
1704588178 13
1704588194 10
1704588210 11
1704588226 20
1704588242 4
1704588258 8
1704588274 5
1704588290 19
1704588306 7
1704588322 12
1704588338 6
1704588354 17
1704588370 11
1704588386 16
1704588402 8
1704588418 34
1704588434 11
1704588450 11
1704588466 5
1704588482 3
1704588498 12
1704588514 3
1704588530 7
1704588546 9
1704588562 15
1704588578 3
1704588594 7
1704588610 4
1704588626 12
1704588642 17
1704588658 25
1704588674 12
1704588690 4
1704588706 0



# Sketch: 28
1704588114 7
1704588130 29
1704588146 5
1704588162 22
1704588178 5
1704588194 4
1704588210 11
1704588226 9
1704588242 18
1704588258 12
1704588274 9
1704588290 11
1704588306 19
1704588322 9
1704588338 13
1704588354 7
1704588370 12
1704588386 4
1704588402 3
1704588418 7
1704588434 2
1704588450 10
1704588466 14
1704588482 3
1704588498 8
1704588514 3
1704588530 4
1704588546 4
1704588562 3
1704588578 4
1704588594 3
1704588610 6
1704588626 6
1704588642 23
1704588658 8
1704588674 8
1704588690 7
1704588706 3



# Sketch: 29
1704588114 10
1704588130 20
1704588146 7
1704588162 6
1704588178 6
1704588194 12
1704588210 9
1704588226 9
1704588242 8
1704588258 8
1704588274 6
1704588290 48
1704588306 17
1704588322 11
1704588338 5
1704588354 3
1704588370 7
1704588386 11
1704588402 3
1704588418 2
1704588434 7
1704588450 15
1704588466 8
1704588482 8
1704588498 11
1704588514 6
1704588530 12
1704588546 4
1704588562 4
1704588578 9
1704588594 10
1704588610 11
1704588626 11
1704588642 13
1704588658 19
1704588674 6
1704588690 9
1704588706 2



# Sketch: 30
1704588114 11
1704588130 10
1704588146 7
1704588162 9
1704588178 5
1704588194 4
1704588210 7
1704588226 4
1704588242 12
1704588258 12
1704588274 10
1704588290 9
1704588306 8
1704588322 6
1704588338 7
1704588354 10
1704588370 5
1704588386 15
1704588402 11
1704588418 12
1704588434 5
1704588450 15
1704588466 7
1704588482 12
1704588498 7
1704588514 15
1704588530 4
1704588546 15
1704588562 5
1704588578 3
1704588594 9
1704588610 6
1704588626 5
1704588642 11
1704588658 6
1704588674 7
1704588690 5
1704588706 2



# Sketch: 31
1704588114 10
1704588130 7
1704588146 10
1704588162 12
1704588178 10
1704588194 8
1704588210 2
1704588226 10
1704588242 19
1704588258 5
1704588274 4
1704588290 10
1704588306 19
1704588322 14
1704588338 3
1704588354 7
1704588370 3
1704588386 9
1704588402 4
1704588418 5
1704588434 12
1704588450 9
1704588466 6
1704588482 5
1704588498 5
1704588514 6
1704588530 14
1704588546 12
1704588562 2
1704588578 8
1704588594 12
1704588610 10
1704588626 19
1704588642 11
1704588658 10
1704588674 8
1704588690 7
1704588706 3

