

# Sketch: 0
1704588114 48
1704588178 33
1704588242 26
1704588306 28
1704588370 49
1704588434 27
1704588498 32
1704588562 13
1704588626 28
1704588690 8



# Sketch: 1
1704588114 32
1704588178 54
1704588242 53
1704588306 68
1704588370 106
1704588434 49
1704588498 40
1704588562 46
1704588626 54
1704588690 14



# Sketch: 2
1704588114 26
1704588178 21
1704588242 29
1704588306 40
1704588370 33
1704588434 27
1704588498 45
1704588562 21
1704588626 23
1704588690 8



# Sketch: 3
1704588114 27
1704588178 35
1704588242 35
1704588306 15
1704588370 31
1704588434 51
1704588498 26
1704588562 39
1704588626 27
1704588690 12



# Sketch: 4
1704588114 40
1704588178 34
1704588242 19
1704588306 15
1704588370 21
1704588434 42
1704588498 28
1704588562 37
1704588626 17
1704588690 11



# Sketch: 5
1704588114 38
1704588178 20
1704588242 61
1704588306 36
1704588370 26
1704588434 27
1704588498 19
1704588562 24
1704588626 20
1704588690 11



# Sketch: 6
1704588114 49
1704588178 58
1704588242 39
1704588306 38
1704588370 61
1704588434 30
1704588498 37
1704588562 31
1704588626 34
1704588690 5



# Sketch: 7
1704588114 31
1704588178 27
1704588242 37
1704588306 34
1704588370 31
1704588434 35
1704588498 43
1704588562 35
1704588626 42
1704588690 10



# Sketch: 8
1704588114 23
1704588178 30
1704588242 34
1704588306 31
1704588370 31
1704588434 51
1704588498 41
1704588562 30
1704588626 35
1704588690 5



# Sketch: 9
1704588114 38
1704588178 50
1704588242 42
1704588306 42
1704588370 34
1704588434 36
1704588498 22
1704588562 19
1704588626 47
1704588690 16



# Sketch: 10
1704588114 33
1704588178 35
1704588242 43
1704588306 40
1704588370 47
1704588434 42
1704588498 33
1704588562 32
1704588626 29
1704588690 15



# Sketch: 11
1704588114 39
1704588178 40
1704588242 45
1704588306 28
1704588370 41
1704588434 36
1704588498 36
1704588562 23
1704588626 30
1704588690 16



# Sketch: 12
1704588114 32
1704588178 30
1704588242 38
1704588306 29
1704588370 31
1704588434 19
1704588498 33
1704588562 35
1704588626 31
1704588690 2



# Sketch: 13
1704588114 49
1704588178 25
1704588242 28
1704588306 40
1704588370 45
1704588434 27
1704588498 23
1704588562 29
1704588626 30
1704588690 15



# Sketch: 14
1704588114 37
1704588178 16
1704588242 37
1704588306 36
1704588370 35
1704588434 43
1704588498 28
1704588562 41
1704588626 61
1704588690 6



# Sketch: 15
1704588114 41
1704588178 57
1704588242 160
1704588306 70
1704588370 68
1704588434 54
1704588498 72
1704588562 49
1704588626 67
1704588690 30



# Sketch: 16
1704588114 22
1704588178 20
1704588242 65
1704588306 50
1704588370 21
1704588434 26
1704588498 29
1704588562 27
1704588626 26
1704588690 12



# Sketch: 17
1704588114 23
1704588178 26
1704588242 55
1704588306 33
1704588370 36
1704588434 31
1704588498 17
1704588562 38
1704588626 33
1704588690 11



# Sketch: 18
1704588114 27
1704588178 27
1704588242 34
1704588306 27
1704588370 37
1704588434 12
1704588498 19
1704588562 22
1704588626 48
1704588690 10



# Sketch: 19
1704588114 29
1704588178 20
1704588242 32
1704588306 29
1704588370 41
1704588434 21
1704588498 32
1704588562 24
1704588626 39
1704588690 5



# Sketch: 20
1704588114 32
1704588178 35
1704588242 56
1704588306 28
1704588370 43
1704588434 24
1704588498 20
1704588562 30
1704588626 30
1704588690 7



# Sketch: 21
1704588114 57
1704588178 23
1704588242 54
1704588306 34
1704588370 25
1704588434 44
1704588498 30
1704588562 66
1704588626 46
1704588690 10



# Sketch: 22
1704588114 43
1704588178 57
1704588242 44
1704588306 41
1704588370 28
1704588434 31
1704588498 19
1704588562 30
1704588626 28
1704588690 17



# Sketch: 23
1704588114 31
1704588178 27
1704588242 26
1704588306 24
1704588370 29
1704588434 18
1704588498 18
1704588562 25
1704588626 63
1704588690 6



# Sketch: 24
1704588114 27
1704588178 44
1704588242 46
1704588306 18
1704588370 39
1704588434 43
1704588498 15
1704588562 40
1704588626 27
1704588690 13



# Sketch: 25
1704588114 25
1704588178 17
1704588242 66
1704588306 24
1704588370 38
1704588434 32
1704588498 22
1704588562 17
1704588626 48
1704588690 18



# Sketch: 26
1704588114 27
1704588178 38
1704588242 38
1704588306 27
1704588370 23
1704588434 23
1704588498 34
1704588562 19
1704588626 32
1704588690 11



# Sketch: 27
1704588114 39
1704588178 31
1704588242 71
1704588306 39
1704588370 44
1704588434 45
1704588498 27
1704588562 42
1704588626 37
1704588690 7



# Sketch: 28
1704588114 33
1704588178 25
1704588242 20
1704588306 37
1704588370 35
1704588434 49
1704588498 21
1704588562 20
1704588626 46
1704588690 14



# Sketch: 29
1704588114 24
1704588178 61
1704588242 74
1704588306 56
1704588370 85
1704588434 36
1704588498 35
1704588562 26
1704588626 49
1704588690 27



# Sketch: 30
1704588114 38
1704588178 22
1704588242 39
1704588306 47
1704588370 47
1704588434 27
1704588498 27
1704588562 28
1704588626 35
1704588690 12



# Sketch: 31
1704588114 34
1704588178 66
1704588242 49
1704588306 42
1704588370 38
1704588434 37
1704588498 44
1704588562 27
1704588626 51
1704588690 8

