

# Sketch: 0
1704588114 22
1704588146 13
1704588178 32
1704588210 11
1704588242 26
1704588274 55
1704588306 8
1704588338 3
1704588370 26
1704588402 32
1704588434 13
1704588466 13
1704588498 15
1704588530 21
1704588562 15
1704588594 10
1704588626 14
1704588658 15
1704588690 23



# Sketch: 1
1704588114 16
1704588146 19
1704588178 18
1704588210 19
1704588242 36
1704588274 15
1704588306 20
1704588338 17
1704588370 11
1704588402 7
1704588434 11
1704588466 19
1704588498 18
1704588530 12
1704588562 10
1704588594 16
1704588626 14
1704588658 34
1704588690 8



# Sketch: 2
1704588114 15
1704588146 12
1704588178 11
1704588210 8
1704588242 34
1704588274 14
1704588306 14
1704588338 9
1704588370 16
1704588402 30
1704588434 14
1704588466 12
1704588498 15
1704588530 9
1704588562 8
1704588594 18
1704588626 12
1704588658 22
1704588690 10



# Sketch: 3
1704588114 22
1704588146 29
1704588178 21
1704588210 15
1704588242 31
1704588274 12
1704588306 15
1704588338 12
1704588370 27
1704588402 9
1704588434 18
1704588466 11
1704588498 7
1704588530 9
1704588562 15
1704588594 18
1704588626 16
1704588658 24
1704588690 10



# Sketch: 4
1704588114 25
1704588146 14
1704588178 30
1704588210 24
1704588242 24
1704588274 17
1704588306 34
1704588338 43
1704588370 57
1704588402 47
1704588434 33
1704588466 35
1704588498 19
1704588530 36
1704588562 16
1704588594 23
1704588626 20
1704588658 30
1704588690 22



# Sketch: 5
1704588114 17
1704588146 13
1704588178 15
1704588210 5
1704588242 16
1704588274 7
1704588306 12
1704588338 11
1704588370 12
1704588402 5
1704588434 19
1704588466 16
1704588498 13
1704588530 6
1704588562 4
1704588594 9
1704588626 13
1704588658 10
1704588690 14



# Sketch: 6
1704588114 20
1704588146 29
1704588178 14
1704588210 10
1704588242 31
1704588274 5
1704588306 17
1704588338 29
1704588370 24
1704588402 13
1704588434 18
1704588466 16
1704588498 13
1704588530 23
1704588562 12
1704588594 17
1704588626 23
1704588658 13
1704588690 2



# Sketch: 7
1704588114 12
1704588146 18
1704588178 22
1704588210 15
1704588242 19
1704588274 15
1704588306 18
1704588338 20
1704588370 44
1704588402 17
1704588434 16
1704588466 17
1704588498 13
1704588530 10
1704588562 14
1704588594 9
1704588626 38
1704588658 16
1704588690 17



# Sketch: 8
1704588114 18
1704588146 18
1704588178 21
1704588210 24
1704588242 31
1704588274 8
1704588306 23
1704588338 14
1704588370 20
1704588402 10
1704588434 16
1704588466 22
1704588498 14
1704588530 9
1704588562 21
1704588594 20
1704588626 19
1704588658 14
1704588690 3



# Sketch: 9
1704588114 16
1704588146 13
1704588178 11
1704588210 10
1704588242 12
1704588274 13
1704588306 21
1704588338 8
1704588370 12
1704588402 15
1704588434 9
1704588466 9
1704588498 12
1704588530 20
1704588562 7
1704588594 29
1704588626 11
1704588658 25
1704588690 16



# Sketch: 10
1704588114 15
1704588146 11
1704588178 10
1704588210 6
1704588242 22
1704588274 12
1704588306 19
1704588338 9
1704588370 14
1704588402 14
1704588434 7
1704588466 10
1704588498 11
1704588530 13
1704588562 9
1704588594 14
1704588626 22
1704588658 21
1704588690 10



# Sketch: 11
1704588114 17
1704588146 7
1704588178 14
1704588210 17
1704588242 15
1704588274 17
1704588306 24
1704588338 5
1704588370 20
1704588402 16
1704588434 22
1704588466 12
1704588498 8
1704588530 15
1704588562 6
1704588594 7
1704588626 16
1704588658 33
1704588690 12



# Sketch: 12
1704588114 15
1704588146 12
1704588178 12
1704588210 15
1704588242 37
1704588274 18
1704588306 13
1704588338 8
1704588370 16
1704588402 18
1704588434 5
1704588466 19
1704588498 11
1704588530 10
1704588562 16
1704588594 36
1704588626 12
1704588658 22
1704588690 7



# Sketch: 13
1704588114 9
1704588146 24
1704588178 15
1704588210 27
1704588242 21
1704588274 29
1704588306 24
1704588338 9
1704588370 26
1704588402 8
1704588434 10
1704588466 21
1704588498 12
1704588530 7
1704588562 12
1704588594 14
1704588626 39
1704588658 7
1704588690 6



# Sketch: 14
1704588114 13
1704588146 20
1704588178 14
1704588210 9
1704588242 25
1704588274 10
1704588306 14
1704588338 21
1704588370 3
1704588402 14
1704588434 17
1704588466 11
1704588498 18
1704588530 7
1704588562 7
1704588594 13
1704588626 28
1704588658 12
1704588690 6



# Sketch: 15
1704588114 14
1704588146 5
1704588178 20
1704588210 16
1704588242 18
1704588274 56
1704588306 25
1704588338 15
1704588370 13
1704588402 15
1704588434 11
1704588466 11
1704588498 27
1704588530 8
1704588562 14
1704588594 26
1704588626 15
1704588658 9
1704588690 8



# Sketch: 16
1704588114 27
1704588146 14
1704588178 16
1704588210 13
1704588242 36
1704588274 19
1704588306 25
1704588338 22
1704588370 30
1704588402 35
1704588434 14
1704588466 22
1704588498 18
1704588530 6
1704588562 10
1704588594 18
1704588626 24
1704588658 7
1704588690 7



# Sketch: 17
1704588114 27
1704588146 11
1704588178 23
1704588210 6
1704588242 24
1704588274 20
1704588306 39
1704588338 15
1704588370 18
1704588402 12
1704588434 20
1704588466 17
1704588498 9
1704588530 19
1704588562 12
1704588594 11
1704588626 15
1704588658 24
1704588690 11



# Sketch: 18
1704588114 7
1704588146 10
1704588178 7
1704588210 24
1704588242 18
1704588274 24
1704588306 17
1704588338 10
1704588370 22
1704588402 18
1704588434 12
1704588466 6
1704588498 5
1704588530 8
1704588562 8
1704588594 13
1704588626 9
1704588658 10
1704588690 9



# Sketch: 19
1704588114 12
1704588146 25
1704588178 6
1704588210 17
1704588242 17
1704588274 57
1704588306 22
1704588338 14
1704588370 22
1704588402 16
1704588434 24
1704588466 19
1704588498 5
1704588530 12
1704588562 20
1704588594 27
1704588626 18
1704588658 19
1704588690 18



# Sketch: 20
1704588114 21
1704588146 19
1704588178 33
1704588210 18
1704588242 15
1704588274 22
1704588306 24
1704588338 31
1704588370 23
1704588402 46
1704588434 20
1704588466 13
1704588498 19
1704588530 25
1704588562 23
1704588594 14
1704588626 21
1704588658 28
1704588690 33



# Sketch: 21
1704588114 12
1704588146 18
1704588178 21
1704588210 20
1704588242 21
1704588274 7
1704588306 17
1704588338 14
1704588370 32
1704588402 14
1704588434 23
1704588466 29
1704588498 13
1704588530 9
1704588562 15
1704588594 34
1704588626 20
1704588658 15
1704588690 4



# Sketch: 22
1704588114 12
1704588146 13
1704588178 12
1704588210 11
1704588242 16
1704588274 10
1704588306 17
1704588338 10
1704588370 20
1704588402 14
1704588434 11
1704588466 10
1704588498 17
1704588530 4
1704588562 8
1704588594 6
1704588626 35
1704588658 14
1704588690 5



# Sketch: 23
1704588114 29
1704588146 16
1704588178 11
1704588210 11
1704588242 20
1704588274 54
1704588306 22
1704588338 9
1704588370 12
1704588402 7
1704588434 23
1704588466 9
1704588498 17
1704588530 16
1704588562 7
1704588594 23
1704588626 27
1704588658 12
1704588690 3



# Sketch: 24
1704588114 15
1704588146 11
1704588178 14
1704588210 21
1704588242 13
1704588274 23
1704588306 15
1704588338 8
1704588370 12
1704588402 27
1704588434 14
1704588466 9
1704588498 15
1704588530 11
1704588562 11
1704588594 17
1704588626 25
1704588658 11
1704588690 4



# Sketch: 25
1704588114 17
1704588146 14
1704588178 19
1704588210 16
1704588242 37
1704588274 13
1704588306 33
1704588338 32
1704588370 29
1704588402 36
1704588434 46
1704588466 13
1704588498 19
1704588530 21
1704588562 28
1704588594 30
1704588626 20
1704588658 31
1704588690 15



# Sketch: 26
1704588114 16
1704588146 13
1704588178 15
1704588210 22
1704588242 17
1704588274 44
1704588306 15
1704588338 9
1704588370 13
1704588402 25
1704588434 25
1704588466 46
1704588498 17
1704588530 54
1704588562 11
1704588594 16
1704588626 25
1704588658 10
1704588690 5



# Sketch: 27
1704588114 14
1704588146 15
1704588178 14
1704588210 43
1704588242 33
1704588274 25
1704588306 22
1704588338 12
1704588370 24
1704588402 21
1704588434 10
1704588466 33
1704588498 10
1704588530 8
1704588562 12
1704588594 22
1704588626 15
1704588658 21
1704588690 15



# Sketch: 28
1704588114 15
1704588146 9
1704588178 42
1704588210 25
1704588242 13
1704588274 24
1704588306 22
1704588338 14
1704588370 11
1704588402 18
1704588434 15
1704588466 15
1704588498 13
1704588530 25
1704588562 16
1704588594 19
1704588626 12
1704588658 14
1704588690 9



# Sketch: 29
1704588114 15
1704588146 17
1704588178 11
1704588210 8
1704588242 46
1704588274 40
1704588306 25
1704588338 18
1704588370 22
1704588402 23
1704588434 44
1704588466 10
1704588498 21
1704588530 44
1704588562 10
1704588594 27
1704588626 36
1704588658 13
1704588690 20



# Sketch: 30
1704588114 41
1704588146 29
1704588178 24
1704588210 21
1704588242 33
1704588274 19
1704588306 24
1704588338 18
1704588370 11
1704588402 35
1704588434 10
1704588466 20
1704588498 9
1704588530 20
1704588562 10
1704588594 11
1704588626 13
1704588658 17
1704588690 30



# Sketch: 31
1704588114 33
1704588146 24
1704588178 31
1704588210 18
1704588242 15
1704588274 19
1704588306 22
1704588338 15
1704588370 22
1704588402 18
1704588434 5
1704588466 15
1704588498 32
1704588530 5
1704588562 11
1704588594 20
1704588626 12
1704588658 21
1704588690 10

