

# Sketch: 0
1704588114 70
1704588242 81
1704588370 130
1704588498 55
1704588626 29



# Sketch: 1
1704588114 81
1704588242 215
1704588370 71
1704588498 96
1704588626 82



# Sketch: 2
1704588114 92
1704588242 108
1704588370 62
1704588498 56
1704588626 53



# Sketch: 3
1704588114 75
1704588242 75
1704588370 48
1704588498 54
1704588626 51



# Sketch: 4
1704588114 55
1704588242 78
1704588370 103
1704588498 45
1704588626 37



# Sketch: 5
1704588114 72
1704588242 85
1704588370 41
1704588498 47
1704588626 37



# Sketch: 6
1704588114 61
1704588242 68
1704588370 80
1704588498 96
1704588626 60



# Sketch: 7
1704588114 83
1704588242 76
1704588370 54
1704588498 38
1704588626 46



# Sketch: 8
1704588114 65
1704588242 72
1704588370 56
1704588498 57
1704588626 54



# Sketch: 9
1704588114 47
1704588242 113
1704588370 78
1704588498 37
1704588626 40



# Sketch: 10
1704588114 68
1704588242 77
1704588370 74
1704588498 51
1704588626 57



# Sketch: 11
1704588114 39
1704588242 48
1704588370 33
1704588498 80
1704588626 19



# Sketch: 12
1704588114 68
1704588242 75
1704588370 52
1704588498 49
1704588626 43



# Sketch: 13
1704588114 58
1704588242 99
1704588370 75
1704588498 51
1704588626 18



# Sketch: 14
1704588114 51
1704588242 79
1704588370 98
1704588498 85
1704588626 52



# Sketch: 15
1704588114 91
1704588242 124
1704588370 187
1704588498 96
1704588626 89



# Sketch: 16
1704588114 79
1704588242 69
1704588370 98
1704588498 49
1704588626 58



# Sketch: 17
1704588114 51
1704588242 79
1704588370 36
1704588498 56
1704588626 67



# Sketch: 18
1704588114 52
1704588242 39
1704588370 60
1704588498 54
1704588626 34



# Sketch: 19
1704588114 55
1704588242 75
1704588370 110
1704588498 34
1704588626 60



# Sketch: 20
1704588114 62
1704588242 84
1704588370 69
1704588498 63
1704588626 53



# Sketch: 21
1704588114 68
1704588242 58
1704588370 82
1704588498 61
1704588626 42



# Sketch: 22
1704588114 92
1704588242 84
1704588370 59
1704588498 74
1704588626 47



# Sketch: 23
1704588114 75
1704588242 61
1704588370 47
1704588498 55
1704588626 48



# Sketch: 24
1704588114 54
1704588242 64
1704588370 43
1704588498 56
1704588626 39



# Sketch: 25
1704588114 51
1704588242 56
1704588370 50
1704588498 67
1704588626 43



# Sketch: 26
1704588114 68
1704588242 77
1704588370 86
1704588498 71
1704588626 45



# Sketch: 27
1704588114 70
1704588242 70
1704588370 63
1704588498 45
1704588626 68



# Sketch: 28
1704588114 67
1704588242 87
1704588370 81
1704588498 52
1704588626 60



# Sketch: 29
1704588114 104
1704588242 91
1704588370 133
1704588498 65
1704588626 59



# Sketch: 30
1704588114 108
1704588242 99
1704588370 76
1704588498 77
1704588626 42



# Sketch: 31
1704588114 66
1704588242 75
1704588370 59
1704588498 80
1704588626 53

