

# Sketch: 0
1704588714 37
1704588778 33
1704588842 44
1704588906 29
1704588970 41
1704589034 26
1704589098 45
1704589162 42
1704589226 24
1704589290 6



# Sketch: 1
1704588714 33
1704588778 28
1704588842 24
1704588906 36
1704588970 25
1704589034 51
1704589098 27
1704589162 25
1704589226 31
1704589290 10



# Sketch: 2
1704588714 26
1704588778 27
1704588842 31
1704588906 24
1704588970 16
1704589034 28
1704589098 40
1704589162 39
1704589226 32
1704589290 6



# Sketch: 3
1704588714 40
1704588778 34
1704588842 60
1704588906 39
1704588970 35
1704589034 45
1704589098 32
1704589162 51
1704589226 22
1704589290 12



# Sketch: 4
1704588714 47
1704588778 41
1704588842 30
1704588906 38
1704588970 115
1704589034 38
1704589098 30
1704589162 43
1704589226 31
1704589290 14



# Sketch: 5
1704588714 43
1704588778 30
1704588842 25
1704588906 31
1704588970 24
1704589034 37
1704589098 56
1704589162 25
1704589226 24
1704589290 12



# Sketch: 6
1704588714 27
1704588778 25
1704588842 42
1704588906 53
1704588970 20
1704589034 50
1704589098 29
1704589162 45
1704589226 25
1704589290 8



# Sketch: 7
1704588714 50
1704588778 31
1704588842 28
1704588906 23
1704588970 21
1704589034 30
1704589098 42
1704589162 36
1704589226 26
1704589290 10



# Sketch: 8
1704588714 41
1704588778 35
1704588842 45
1704588906 36
1704588970 35
1704589034 41
1704589098 35
1704589162 42
1704589226 25
1704589290 6



# Sketch: 9
1704588714 22
1704588778 40
1704588842 32
1704588906 55
1704588970 40
1704589034 61
1704589098 31
1704589162 36
1704589226 39
1704589290 7



# Sketch: 10
1704588714 30
1704588778 25
1704588842 47
1704588906 26
1704588970 30
1704589034 49
1704589098 24
1704589162 32
1704589226 35
1704589290 9



# Sketch: 11
1704588714 30
1704588778 32
1704588842 27
1704588906 33
1704588970 32
1704589034 26
1704589098 63
1704589162 49
1704589226 39
1704589290 8



# Sketch: 12
1704588714 18
1704588778 19
1704588842 51
1704588906 32
1704588970 30
1704589034 41
1704589098 37
1704589162 43
1704589226 23
1704589290 14



# Sketch: 13
1704588714 30
1704588778 29
1704588842 34
1704588906 21
1704588970 27
1704589034 29
1704589098 24
1704589162 26
1704589226 26
1704589290 15



# Sketch: 14
1704588714 44
1704588778 50
1704588842 30
1704588906 31
1704588970 40
1704589034 39
1704589098 45
1704589162 43
1704589226 43
1704589290 29



# Sketch: 15
1704588714 28
1704588778 37
1704588842 38
1704588906 26
1704588970 25
1704589034 33
1704589098 49
1704589162 68
1704589226 42
1704589290 17



# Sketch: 16
1704588714 27
1704588778 27
1704588842 44
1704588906 25
1704588970 36
1704589034 26
1704589098 28
1704589162 33
1704589226 18
1704589290 7



# Sketch: 17
1704588714 63
1704588778 38
1704588842 35
1704588906 21
1704588970 19
1704589034 33
1704589098 31
1704589162 44
1704589226 32
1704589290 6



# Sketch: 18
1704588714 17
1704588778 38
1704588842 33
1704588906 19
1704588970 36
1704589034 57
1704589098 95
1704589162 49
1704589226 39
1704589290 5



# Sketch: 19
1704588714 63
1704588778 21
1704588842 47
1704588906 26
1704588970 21
1704589034 32
1704589098 41
1704589162 40
1704589226 38
1704589290 17



# Sketch: 20
1704588714 24
1704588778 30
1704588842 33
1704588906 36
1704588970 38
1704589034 18
1704589098 37
1704589162 55
1704589226 48
1704589290 9



# Sketch: 21
1704588714 37
1704588778 16
1704588842 40
1704588906 24
1704588970 20
1704589034 47
1704589098 32
1704589162 24
1704589226 25
1704589290 8



# Sketch: 22
1704588714 64
1704588778 61
1704588842 43
1704588906 57
1704588970 32
1704589034 47
1704589098 44
1704589162 43
1704589226 39
1704589290 25



# Sketch: 23
1704588714 30
1704588778 29
1704588842 31
1704588906 24
1704588970 19
1704589034 66
1704589098 34
1704589162 25
1704589226 14
1704589290 11



# Sketch: 24
1704588714 29
1704588778 41
1704588842 38
1704588906 30
1704588970 78
1704589034 43
1704589098 49
1704589162 34
1704589226 40
1704589290 6



# Sketch: 25
1704588714 56
1704588778 46
1704588842 61
1704588906 65
1704588970 60
1704589034 51
1704589098 54
1704589162 83
1704589226 54
1704589290 24



# Sketch: 26
1704588714 31
1704588778 21
1704588842 36
1704588906 31
1704588970 28
1704589034 41
1704589098 58
1704589162 27
1704589226 22
1704589290 2



# Sketch: 27
1704588714 25
1704588778 22
1704588842 45
1704588906 23
1704588970 18
1704589034 27
1704589098 75
1704589162 30
1704589226 31
1704589290 9



# Sketch: 28
1704588714 25
1704588778 24
1704588842 32
1704588906 17
1704588970 32
1704589034 27
1704589098 32
1704589162 19
1704589226 32
1704589290 11



# Sketch: 29
1704588714 46
1704588778 30
1704588842 23
1704588906 29
1704588970 22
1704589034 33
1704589098 38
1704589162 37
1704589226 28
1704589290 14



# Sketch: 30
1704588714 24
1704588778 31
1704588842 40
1704588906 23
1704588970 38
1704589034 25
1704589098 27
1704589162 27
1704589226 32
1704589290 6



# Sketch: 31
1704588714 30
1704588778 20
1704588842 24
1704588906 32
1704588970 36
1704589034 36
1704589098 30
1704589162 22
1704589226 31
1704589290 9

