

# Sketch: 0
1704588714 26
1704588778 15
1704588842 43
1704588906 14
1704588970 33
1704589034 21
1704589098 38
1704589162 34
1704589226 23
1704589290 10



# Sketch: 1
1704588714 48
1704588778 44
1704588842 32
1704588906 25
1704588970 38
1704589034 34
1704589098 27
1704589162 28
1704589226 20
1704589290 7



# Sketch: 2
1704588714 43
1704588778 22
1704588842 24
1704588906 26
1704588970 25
1704589034 27
1704589098 47
1704589162 26
1704589226 28
1704589290 13



# Sketch: 3
1704588714 29
1704588778 30
1704588842 27
1704588906 20
1704588970 21
1704589034 25
1704589098 14
1704589162 27
1704589226 25
1704589290 10



# Sketch: 4
1704588714 32
1704588778 35
1704588842 32
1704588906 23
1704588970 34
1704589034 42
1704589098 42
1704589162 42
1704589226 39
1704589290 8



# Sketch: 5
1704588714 27
1704588778 21
1704588842 50
1704588906 26
1704588970 29
1704589034 41
1704589098 46
1704589162 33
1704589226 24
1704589290 13



# Sketch: 6
1704588714 33
1704588778 28
1704588842 38
1704588906 29
1704588970 28
1704589034 43
1704589098 78
1704589162 46
1704589226 38
1704589290 8



# Sketch: 7
1704588714 30
1704588778 44
1704588842 37
1704588906 46
1704588970 48
1704589034 41
1704589098 33
1704589162 36
1704589226 39
1704589290 14



# Sketch: 8
1704588714 23
1704588778 31
1704588842 26
1704588906 29
1704588970 36
1704589034 59
1704589098 46
1704589162 44
1704589226 37
1704589290 6



# Sketch: 9
1704588714 57
1704588778 25
1704588842 25
1704588906 31
1704588970 25
1704589034 32
1704589098 43
1704589162 30
1704589226 38
1704589290 23



# Sketch: 10
1704588714 36
1704588778 37
1704588842 44
1704588906 30
1704588970 19
1704589034 26
1704589098 21
1704589162 32
1704589226 13
1704589290 16



# Sketch: 11
1704588714 22
1704588778 31
1704588842 14
1704588906 28
1704588970 22
1704589034 49
1704589098 30
1704589162 32
1704589226 28
1704589290 2



# Sketch: 12
1704588714 47
1704588778 26
1704588842 22
1704588906 30
1704588970 31
1704589034 19
1704589098 92
1704589162 42
1704589226 21
1704589290 11



# Sketch: 13
1704588714 57
1704588778 23
1704588842 52
1704588906 27
1704588970 46
1704589034 33
1704589098 53
1704589162 43
1704589226 33
1704589290 23



# Sketch: 14
1704588714 15
1704588778 23
1704588842 33
1704588906 27
1704588970 30
1704589034 31
1704589098 35
1704589162 29
1704589226 35
1704589290 5



# Sketch: 15
1704588714 88
1704588778 41
1704588842 58
1704588906 57
1704588970 36
1704589034 46
1704589098 55
1704589162 55
1704589226 48
1704589290 4



# Sketch: 16
1704588714 34
1704588778 13
1704588842 34
1704588906 35
1704588970 68
1704589034 29
1704589098 27
1704589162 27
1704589226 19
1704589290 3



# Sketch: 17
1704588714 38
1704588778 27
1704588842 44
1704588906 36
1704588970 26
1704589034 50
1704589098 31
1704589162 37
1704589226 43
1704589290 13



# Sketch: 18
1704588714 23
1704588778 39
1704588842 27
1704588906 58
1704588970 45
1704589034 34
1704589098 29
1704589162 34
1704589226 26
1704589290 20



# Sketch: 19
1704588714 21
1704588778 47
1704588842 44
1704588906 63
1704588970 19
1704589034 71
1704589098 23
1704589162 44
1704589226 27
1704589290 8



# Sketch: 20
1704588714 46
1704588778 27
1704588842 37
1704588906 22
1704588970 28
1704589034 33
1704589098 42
1704589162 36
1704589226 45
1704589290 8



# Sketch: 21
1704588714 42
1704588778 26
1704588842 26
1704588906 22
1704588970 21
1704589034 31
1704589098 32
1704589162 33
1704589226 35
1704589290 12



# Sketch: 22
1704588714 22
1704588778 38
1704588842 55
1704588906 39
1704588970 44
1704589034 26
1704589098 101
1704589162 39
1704589226 44
1704589290 12



# Sketch: 23
1704588714 30
1704588778 19
1704588842 32
1704588906 27
1704588970 28
1704589034 30
1704589098 28
1704589162 31
1704589226 13
1704589290 21



# Sketch: 24
1704588714 37
1704588778 62
1704588842 44
1704588906 48
1704588970 28
1704589034 46
1704589098 23
1704589162 29
1704589226 32
1704589290 8



# Sketch: 25
1704588714 40
1704588778 30
1704588842 42
1704588906 31
1704588970 12
1704589034 21
1704589098 36
1704589162 29
1704589226 31
1704589290 11



# Sketch: 26
1704588714 33
1704588778 21
1704588842 49
1704588906 21
1704588970 28
1704589034 85
1704589098 35
1704589162 64
1704589226 33
1704589290 12



# Sketch: 27
1704588714 60
1704588778 75
1704588842 42
1704588906 56
1704588970 25
1704589034 77
1704589098 64
1704589162 61
1704589226 52
1704589290 14



# Sketch: 28
1704588714 23
1704588778 42
1704588842 36
1704588906 32
1704588970 39
1704589034 33
1704589098 32
1704589162 51
1704589226 28
1704589290 9



# Sketch: 29
1704588714 22
1704588778 12
1704588842 33
1704588906 25
1704588970 119
1704589034 17
1704589098 26
1704589162 33
1704589226 21
1704589290 10



# Sketch: 30
1704588714 35
1704588778 24
1704588842 56
1704588906 18
1704588970 26
1704589034 47
1704589098 31
1704589162 57
1704589226 45
1704589290 8



# Sketch: 31
1704588714 18
1704588778 33
1704588842 35
1704588906 14
1704588970 32
1704589034 34
1704589098 54
1704589162 53
1704589226 27
1704589290 10

