

# Sketch: 0
0 0.211376
1 0.54922
2 0.281121
3 0.250698
4 0.268594
5 0.270229
6 0.295982
7 0.333686



# Sketch: 1
0 0.450595
1 0.420118
2 0.454938
3 0.417037
4 0.478072
5 0.481432
6 0.449887
7 0.23627



# Sketch: 2
0 0.113526
1 0.126779
2 0.135177
3 0.526058
4 0.238524
5 0.307557
6 0.273649
7 1.03412



# Sketch: 3
0 0.284425
1 0.320047
2 0.342867
3 0.325309
4 1.93649
5 1.49171
6 0.72512
7 4.81717



# Sketch: 4
0 0.293139
1 0.335833
2 0.324761
3 0.462563
4 0.455677
5 0.388556
6 1.31079
7 0.894942



# Sketch: 5
0 0.4477
1 0.7016
2 0.637974
3 0.588651
4 0.436596
5 0.527291
6 0.333793
7 0.784707



# Sketch: 6
0 0.79088
1 0.686623
2 0.503682
3 0.525935
4 0.678265
5 0.804151
6 0.684991
7 0.768376



# Sketch: 7
0 0.205344
1 0.188165
2 0.168995
3 0.402318
4 0.451223
5 0.521568
6 0.712128
7 1.87414



# Sketch: 8
0 0.334543
1 0.327407
2 0.34804
3 0.450579
4 0.531946
5 0.541432
6 0.515824
7 0.262483



# Sketch: 9
0 0.286738
1 0.277493
2 0.286803
3 0.352893
4 0.411353
5 0.363865
6 0.410632
7 0.236494



# Sketch: 10
0 0.687729
1 0.681419
2 0.429225
3 0.521302
4 0.23459
5 0.251543
6 0.343708
7 0.293287



# Sketch: 11
0 0.130804
1 0.20077
2 0.203138
3 0.140684
4 0.201039
5 0.502136
6 0.122753
7 0.828065



# Sketch: 12
0 1.47693
1 1.39971
2 1.16638
3 0.82935
4 0.118317
5 0.0630149
6 1.62621
7 0.596063



# Sketch: 13
0 0.235351
1 0.252328
2 0.284553
3 0.304612
4 0.362168
5 0.425412
6 0.378004
7 0.522196



# Sketch: 14
0 0.170588
1 0.21571
2 0.25211
3 0.298972
4 0.336256
5 0.357023
6 0.309089
7 0.696133



# Sketch: 15
0 0.510327
1 0.271686
2 0.232708
3 0.188844
4 0.304716
5 0.413347
6 0.468966
7 0.320184



# Sketch: 16
0 0.613754
1 0.579716
2 0.546384
3 0.532727
4 0.115628
5 0.15089
6 0.321351
7 0.560837



# Sketch: 17
0 2.66025
1 2.29791
2 1.85263
3 1.98826
4 1.7659
5 1.60234
6 1.15824
7 2.47309



# Sketch: 18
0 1.12768
1 1.12919
2 0.96544
3 0.92216
4 2.04916
5 1.43063
6 0.967666
7 1.78371



# Sketch: 19
0 0.241102
1 0.272165
2 0.435539
3 0.514708
4 0.490269
5 0.536605
6 0.563631
7 1.35563



# Sketch: 20
0 0.430654
1 0.612836
2 0.619044
3 0.573847
4 0.515689
5 0.497436
6 0.436541
7 0.276021



# Sketch: 21
0 0.773207
1 0.570419
2 0.465512
3 0.321073
4 0.190249
5 0.135625
6 0.632734
7 1.00245



# Sketch: 22
0 0.795981
1 0.646096
2 0.681482
3 0.619955
4 0.474067
5 0.292012
6 0.303916
7 0.659083



# Sketch: 23
0 0.95683
1 0.72889
2 0.626477
3 0.516025
4 0.391909
5 0.341308
6 0.420371
7 0.688086



# Sketch: 24
0 1.0785
1 0.932418
2 0.915618
3 1.46022
4 1.67012
5 1.08103
6 0.271401
7 0.36232



# Sketch: 25
0 0.38328
1 0.384953
2 0.413259
3 0.453104
4 0.464008
5 0.467642
6 0.412649
7 0.835816



# Sketch: 26
0 0.270658
1 0.265753
2 0.266375
3 0.337738
4 0.491714
5 0.398378
6 0.455198
7 0.33801



# Sketch: 27
0 0.201862
1 0.220518
2 0.233744
3 0.243664
4 0.318595
5 0.504339
6 0.361766
7 0.684172



# Sketch: 28
0 0.318965
1 0.208676
2 0.157767
3 0.120541
4 0.299043
5 0.394759
6 0.574842
7 0.248194



# Sketch: 29
0 0.166188
1 0.172369
2 0.296159
3 0.218542
4 0.302894
5 0.304513
6 0.32056
7 0.717123



# Sketch: 30
0 0.124395
1 0.183365
2 0.393211
3 0.472426
4 0.383838
5 0.42439
6 0.265456
7 0.448744



# Sketch: 31
0 0.0199961
1 0.0807546
2 0.0284378
3 0.0182831
4 0.106275
5 0.147936
6 0.320867
7 0.781969

