

# Sketch: 0
1704589314 98
1704589442 74
1704589570 51
1704589698 69
1704589826 34



# Sketch: 1
1704589314 74
1704589442 91
1704589570 42
1704589698 67
1704589826 67



# Sketch: 2
1704589314 64
1704589442 53
1704589570 59
1704589698 72
1704589826 61



# Sketch: 3
1704589314 59
1704589442 56
1704589570 48
1704589698 62
1704589826 41



# Sketch: 4
1704589314 85
1704589442 57
1704589570 65
1704589698 57
1704589826 40



# Sketch: 5
1704589314 114
1704589442 108
1704589570 139
1704589698 82
1704589826 67



# Sketch: 6
1704589314 80
1704589442 63
1704589570 81
1704589698 85
1704589826 53



# Sketch: 7
1704589314 85
1704589442 46
1704589570 82
1704589698 75
1704589826 59



# Sketch: 8
1704589314 87
1704589442 101
1704589570 74
1704589698 99
1704589826 41



# Sketch: 9
1704589314 84
1704589442 51
1704589570 57
1704589698 75
1704589826 63



# Sketch: 10
1704589314 107
1704589442 83
1704589570 61
1704589698 84
1704589826 57



# Sketch: 11
1704589314 68
1704589442 58
1704589570 54
1704589698 67
1704589826 44



# Sketch: 12
1704589314 66
1704589442 55
1704589570 60
1704589698 59
1704589826 76



# Sketch: 13
1704589314 78
1704589442 65
1704589570 85
1704589698 67
1704589826 37



# Sketch: 14
1704589314 48
1704589442 69
1704589570 59
1704589698 61
1704589826 43



# Sketch: 15
1704589314 65
1704589442 67
1704589570 48
1704589698 66
1704589826 37



# Sketch: 16
1704589314 76
1704589442 70
1704589570 69
1704589698 72
1704589826 47



# Sketch: 17
1704589314 46
1704589442 84
1704589570 59
1704589698 34
1704589826 24



# Sketch: 18
1704589314 47
1704589442 63
1704589570 51
1704589698 114
1704589826 67



# Sketch: 19
1704589314 79
1704589442 140
1704589570 44
1704589698 62
1704589826 78



# Sketch: 20
1704589314 131
1704589442 83
1704589570 71
1704589698 110
1704589826 70



# Sketch: 21
1704589314 107
1704589442 114
1704589570 87
1704589698 80
1704589826 56



# Sketch: 22
1704589314 85
1704589442 53
1704589570 65
1704589698 61
1704589826 47



# Sketch: 23
1704589314 57
1704589442 65
1704589570 72
1704589698 59
1704589826 21



# Sketch: 24
1704589314 81
1704589442 50
1704589570 52
1704589698 82
1704589826 38



# Sketch: 25
1704589314 71
1704589442 63
1704589570 62
1704589698 76
1704589826 52



# Sketch: 26
1704589314 51
1704589442 71
1704589570 62
1704589698 96
1704589826 46



# Sketch: 27
1704589314 54
1704589442 79
1704589570 70
1704589698 84
1704589826 41



# Sketch: 28
1704589314 100
1704589442 70
1704589570 70
1704589698 62
1704589826 46



# Sketch: 29
1704589314 35
1704589442 70
1704589570 52
1704589698 53
1704589826 36



# Sketch: 30
1704589314 73
1704589442 49
1704589570 70
1704589698 77
1704589826 40



# Sketch: 31
1704589314 60
1704589442 48
1704589570 62
1704589698 143
1704589826 56

