

# Sketch: 0
1704562314 51
1704562378 30
1704562442 41
1704562506 24
1704562570 17
1704562634 17
1704562698 29
1704562762 20
1704562826 28
1704562890 4



# Sketch: 1
1704562314 39
1704562378 25
1704562442 40
1704562506 25
1704562570 24
1704562634 40
1704562698 15
1704562762 27
1704562826 44
1704562890 17



# Sketch: 2
1704562314 36
1704562378 20
1704562442 21
1704562506 40
1704562570 51
1704562634 59
1704562698 36
1704562762 33
1704562826 43
1704562890 8



# Sketch: 3
1704562314 27
1704562378 18
1704562442 16
1704562506 21
1704562570 24
1704562634 42
1704562698 29
1704562762 38
1704562826 50
1704562890 12



# Sketch: 4
1704562314 22
1704562378 25
1704562442 41
1704562506 36
1704562570 28
1704562634 46
1704562698 37
1704562762 22
1704562826 29
1704562890 8



# Sketch: 5
1704562314 33
1704562378 27
1704562442 25
1704562506 21
1704562570 46
1704562634 33
1704562698 41
1704562762 44
1704562826 40
1704562890 10



# Sketch: 6
1704562314 15
1704562378 17
1704562442 21
1704562506 21
1704562570 22
1704562634 24
1704562698 25
1704562762 29
1704562826 29
1704562890 7



# Sketch: 7
1704562314 34
1704562378 21
1704562442 29
1704562506 30
1704562570 55
1704562634 39
1704562698 31
1704562762 47
1704562826 54
1704562890 11



# Sketch: 8
1704562314 30
1704562378 19
1704562442 26
1704562506 42
1704562570 24
1704562634 53
1704562698 19
1704562762 33
1704562826 22
1704562890 8



# Sketch: 9
1704562314 25
1704562378 30
1704562442 21
1704562506 36
1704562570 38
1704562634 65
1704562698 17
1704562762 22
1704562826 25
1704562890 3



# Sketch: 10
1704562314 47
1704562378 21
1704562442 37
1704562506 21
1704562570 41
1704562634 29
1704562698 40
1704562762 24
1704562826 46
1704562890 7



# Sketch: 11
1704562314 30
1704562378 34
1704562442 29
1704562506 43
1704562570 35
1704562634 28
1704562698 29
1704562762 39
1704562826 23
1704562890 6



# Sketch: 12
1704562314 76
1704562378 39
1704562442 33
1704562506 29
1704562570 48
1704562634 38
1704562698 21
1704562762 54
1704562826 32
1704562890 3



# Sketch: 13
1704562314 33
1704562378 26
1704562442 51
1704562506 26
1704562570 34
1704562634 28
1704562698 17
1704562762 15
1704562826 45
1704562890 22



# Sketch: 14
1704562314 52
1704562378 29
1704562442 24
1704562506 35
1704562570 48
1704562634 50
1704562698 23
1704562762 21
1704562826 26
1704562890 10



# Sketch: 15
1704562314 30
1704562378 26
1704562442 43
1704562506 35
1704562570 28
1704562634 42
1704562698 32
1704562762 36
1704562826 23
1704562890 4



# Sketch: 16
1704562314 37
1704562378 32
1704562442 22
1704562506 38
1704562570 63
1704562634 38
1704562698 24
1704562762 28
1704562826 39
1704562890 5



# Sketch: 17
1704562314 43
1704562378 29
1704562442 31
1704562506 29
1704562570 52
1704562634 32
1704562698 23
1704562762 26
1704562826 44
1704562890 14



# Sketch: 18
1704562314 28
1704562378 35
1704562442 25
1704562506 15
1704562570 37
1704562634 34
1704562698 43
1704562762 14
1704562826 22
1704562890 4



# Sketch: 19
1704562314 24
1704562378 39
1704562442 56
1704562506 20
1704562570 31
1704562634 34
1704562698 32
1704562762 17
1704562826 52
1704562890 18



# Sketch: 20
1704562314 25
1704562378 21
1704562442 36
1704562506 17
1704562570 23
1704562634 38
1704562698 15
1704562762 15
1704562826 33
1704562890 8



# Sketch: 21
1704562314 48
1704562378 48
1704562442 33
1704562506 37
1704562570 57
1704562634 30
1704562698 29
1704562762 48
1704562826 36
1704562890 19



# Sketch: 22
1704562314 45
1704562378 36
1704562442 49
1704562506 50
1704562570 25
1704562634 46
1704562698 49
1704562762 25
1704562826 45
1704562890 12



# Sketch: 23
1704562314 17
1704562378 22
1704562442 20
1704562506 30
1704562570 19
1704562634 22
1704562698 26
1704562762 21
1704562826 23
1704562890 1



# Sketch: 24
1704562314 35
1704562378 36
1704562442 74
1704562506 46
1704562570 47
1704562634 39
1704562698 48
1704562762 36
1704562826 57
1704562890 10



# Sketch: 25
1704562314 41
1704562378 25
1704562442 38
1704562506 34
1704562570 16
1704562634 37
1704562698 22
1704562762 21
1704562826 39
1704562890 9



# Sketch: 26
1704562314 24
1704562378 35
1704562442 37
1704562506 33
1704562570 28
1704562634 58
1704562698 18
1704562762 39
1704562826 36
1704562890 14



# Sketch: 27
1704562314 33
1704562378 21
1704562442 29
1704562506 35
1704562570 33
1704562634 32
1704562698 35
1704562762 22
1704562826 35
1704562890 8



# Sketch: 28
1704562314 45
1704562378 18
1704562442 18
1704562506 41
1704562570 39
1704562634 55
1704562698 30
1704562762 18
1704562826 39
1704562890 10



# Sketch: 29
1704562314 39
1704562378 28
1704562442 34
1704562506 33
1704562570 32
1704562634 34
1704562698 34
1704562762 41
1704562826 17
1704562890 22



# Sketch: 30
1704562314 44
1704562378 50
1704562442 36
1704562506 48
1704562570 42
1704562634 42
1704562698 41
1704562762 39
1704562826 48
1704562890 15



# Sketch: 31
1704562314 44
1704562378 31
1704562442 48
1704562506 35
1704562570 47
1704562634 29
1704562698 31
1704562762 32
1704562826 42
1704562890 3

