

# Sketch: 0
0 1.68656
1 1.36602
2 0.887957
3 0.652541
4 0.68628
5 0.864533
6 1.06952
7 0.57481



# Sketch: 1
0 0.781125
1 0.688581
2 0.761529
3 0.824905
4 0.868974
5 0.760654
6 0.674389
7 0.596043



# Sketch: 2
0 0.308968
1 0.260844
2 0.421517
3 0.223974
4 0.195825
5 0.435171
6 0.431119
7 0.465821



# Sketch: 3
0 0.501862
1 0.554296
2 0.360974
3 0.602231
4 0.201376
5 0.34084
6 0.448203
7 0.29973



# Sketch: 4
0 0.323344
1 0.430735
2 0.241584
3 0.250387
4 0.230732
5 0.290536
6 0.498014
7 1.00316



# Sketch: 5
0 0.914432
1 0.826643
2 0.785481
3 0.664121
4 0.690826
5 0.870664
6 0.726412
7 0.672032



# Sketch: 6
0 0.627037
1 0.593644
2 0.468695
3 0.726547
4 0.554551
5 0.521965
6 0.460062
7 0.48239



# Sketch: 7
0 0.498528
1 0.401174
2 0.457725
3 0.463488
4 0.460862
5 0.468068
6 0.723918
7 0.504812



# Sketch: 8
0 0.638052
1 0.568264
2 0.53538
3 0.519252
4 0.452192
5 0.683785
6 0.66178
7 0.530151



# Sketch: 9
0 0.67079
1 0.602682
2 0.585803
3 0.662915
4 0.481152
5 0.618259
6 0.599857
7 0.590946



# Sketch: 10
0 0.480078
1 0.423501
2 0.395743
3 0.483694
4 0.453337
5 0.481342
6 0.66678
7 0.536045



# Sketch: 11
0 1.02699
1 1.06407
2 0.987802
3 0.771139
4 0.733933
5 0.88545
6 0.500251
7 1.08502



# Sketch: 12
0 0.0692109
1 0.239261
2 0.544874
3 0.356195
4 0.535434
5 0.385343
6 0.205621
7 0.370502



# Sketch: 13
0 1.09975
1 0.766697
2 0.615901
3 0.451887
4 0.710347
5 0.628026
6 0.354591
7 0.389654



# Sketch: 14
0 0.414471
1 0.38696
2 0.256955
3 0.406481
4 0.162961
5 0.393
6 1.74253
7 0.646631



# Sketch: 15
0 1.38358
1 1.01883
2 0.859396
3 0.922905
4 0.77746
5 1.94182
6 0.942937
7 1.27874



# Sketch: 16
0 0.604815
1 0.601656
2 0.674434
3 0.645457
4 0.660234
5 0.606498
6 0.443
7 0.50248



# Sketch: 17
0 0.623488
1 0.56162
2 0.601936
3 0.464402
4 0.545179
5 0.652831
6 0.655198
7 0.597512



# Sketch: 18
0 0.735711
1 0.999353
2 0.888129
3 0.696704
4 0.67671
5 0.190909
6 0.261769
7 2.39981



# Sketch: 19
0 0.633428
1 0.775885
2 0.822476
3 0.771201
4 0.703555
5 0.774042
6 0.452402
7 0.484755



# Sketch: 20
0 1.2797
1 1.2957
2 0.875086
3 0.936803
4 0.720586
5 0.59577
6 0.30383
7 0.914226



# Sketch: 21
0 0.408657
1 0.391619
2 0.534278
3 0.402409
4 0.498707
5 0.416497
6 0.576113
7 0.616034



# Sketch: 22
0 1.3634
1 1.19905
2 1.1719
3 1.09526
4 0.716363
5 0.748774
6 1.24981
7 2.19996



# Sketch: 23
0 0.293111
1 0.31028
2 0.372234
3 0.362497
4 0.256952
5 0.428583
6 0.405934
7 0.44619



# Sketch: 24
0 1.69734
1 1.60266
2 1.26129
3 0.652701
4 0.920982
5 1.73713
6 0.393534
7 0.473675



# Sketch: 25
0 0.558312
1 0.501048
2 0.503832
3 0.510076
4 0.457087
5 0.585451
6 0.566875
7 0.582791



# Sketch: 26
0 0.86909
1 0.846687
2 0.815851
3 0.625612
4 0.517782
5 1.7687
6 1.20434
7 0.605273



# Sketch: 27
0 0.430152
1 0.465271
2 0.551667
3 0.781079
4 0.82114
5 0.576522
6 0.0970575
7 0.260393



# Sketch: 28
0 0.628274
1 0.622582
2 0.684739
3 0.586849
4 0.633654
5 0.681109
6 0.502814
7 0.561252



# Sketch: 29
0 0.768815
1 0.76361
2 0.933908
3 0.747871
4 0.249136
5 0.299306
6 0.381962
7 0.401817



# Sketch: 30
0 0.332621
1 0.291876
2 0.300711
3 0.337014
4 0.265179
5 0.509981
6 0.315615
7 1.26698



# Sketch: 31
0 0.528367
1 0.412832
2 0.31312
3 0.310024
4 0.302379
5 0.366636
6 0.370031
7 0.647594

