

# Sketch: 0
1704589914 247
1704590042 84
1704590170 46
1704590298 50
1704590426 39



# Sketch: 1
1704589914 106
1704590042 59
1704590170 57
1704590298 78
1704590426 46



# Sketch: 2
1704589914 80
1704590042 56
1704590170 38
1704590298 42
1704590426 34



# Sketch: 3
1704589914 115
1704590042 72
1704590170 82
1704590298 53
1704590426 41



# Sketch: 4
1704589914 100
1704590042 52
1704590170 55
1704590298 62
1704590426 29



# Sketch: 5
1704589914 50
1704590042 69
1704590170 55
1704590298 47
1704590426 38



# Sketch: 6
1704589914 83
1704590042 119
1704590170 45
1704590298 46
1704590426 31



# Sketch: 7
1704589914 57
1704590042 70
1704590170 50
1704590298 46
1704590426 55



# Sketch: 8
1704589914 77
1704590042 62
1704590170 56
1704590298 57
1704590426 29



# Sketch: 9
1704589914 58
1704590042 73
1704590170 79
1704590298 46
1704590426 75



# Sketch: 10
1704589914 67
1704590042 81
1704590170 67
1704590298 38
1704590426 33



# Sketch: 11
1704589914 80
1704590042 102
1704590170 73
1704590298 77
1704590426 30



# Sketch: 12
1704589914 125
1704590042 52
1704590170 60
1704590298 43
1704590426 26



# Sketch: 13
1704589914 84
1704590042 78
1704590170 53
1704590298 75
1704590426 39



# Sketch: 14
1704589914 52
1704590042 60
1704590170 64
1704590298 55
1704590426 44



# Sketch: 15
1704589914 62
1704590042 123
1704590170 68
1704590298 94
1704590426 20



# Sketch: 16
1704589914 67
1704590042 49
1704590170 64
1704590298 45
1704590426 47



# Sketch: 17
1704589914 60
1704590042 51
1704590170 59
1704590298 63
1704590426 83



# Sketch: 18
1704589914 98
1704590042 51
1704590170 60
1704590298 74
1704590426 28



# Sketch: 19
1704589914 58
1704590042 54
1704590170 64
1704590298 54
1704590426 65



# Sketch: 20
1704589914 83
1704590042 50
1704590170 53
1704590298 27
1704590426 26



# Sketch: 21
1704589914 153
1704590042 64
1704590170 64
1704590298 59
1704590426 31



# Sketch: 22
1704589914 56
1704590042 33
1704590170 45
1704590298 45
1704590426 45



# Sketch: 23
1704589914 147
1704590042 72
1704590170 100
1704590298 59
1704590426 78



# Sketch: 24
1704589914 97
1704590042 133
1704590170 116
1704590298 95
1704590426 71



# Sketch: 25
1704589914 73
1704590042 69
1704590170 70
1704590298 57
1704590426 37



# Sketch: 26
1704589914 58
1704590042 54
1704590170 49
1704590298 49
1704590426 37



# Sketch: 27
1704589914 55
1704590042 49
1704590170 62
1704590298 62
1704590426 61



# Sketch: 28
1704589914 87
1704590042 98
1704590170 50
1704590298 51
1704590426 50



# Sketch: 29
1704589914 106
1704590042 65
1704590170 73
1704590298 68
1704590426 66



# Sketch: 30
1704589914 45
1704590042 56
1704590170 52
1704590298 57
1704590426 36



# Sketch: 31
1704589914 101
1704590042 101
1704590170 138
1704590298 76
1704590426 80

