

# Sketch: 0
1704589914 10
1704589930 18
1704589946 21
1704589962 19
1704589978 18
1704589994 6
1704590010 16
1704590026 4
1704590042 9
1704590058 10
1704590074 6
1704590090 6
1704590106 2
1704590122 1
1704590138 9
1704590154 3
1704590170 9
1704590186 28
1704590202 3
1704590218 3
1704590234 5
1704590250 3
1704590266 9
1704590282 20
1704590298 8
1704590314 8
1704590330 4
1704590346 2
1704590362 10
1704590378 2
1704590394 7
1704590410 7
1704590426 13
1704590442 2
1704590458 8
1704590474 12
1704590490 3
1704590506 2



# Sketch: 1
1704589914 7
1704589930 4
1704589946 13
1704589962 6
1704589978 5
1704589994 8
1704590010 12
1704590026 16
1704590042 6
1704590058 11
1704590074 9
1704590090 12
1704590106 15
1704590122 2
1704590138 4
1704590154 9
1704590170 8
1704590186 4
1704590202 2
1704590218 11
1704590234 4
1704590250 6
1704590266 3
1704590282 19
1704590298 7
1704590314 1
1704590330 3
1704590346 9
1704590362 11
1704590378 11
1704590394 14
1704590410 5
1704590426 11
1704590442 18
1704590458 14
1704590474 10
1704590490 2
1704590506 5



# Sketch: 2
1704589914 5
1704589930 24
1704589946 8
1704589962 3
1704589978 11
1704589994 11
1704590010 13
1704590026 4
1704590042 18
1704590058 0
1704590074 10
1704590090 9
1704590106 14
1704590122 5
1704590138 19
1704590154 7
1704590170 14
1704590186 14
1704590202 1
1704590218 7
1704590234 0
1704590250 7
1704590266 6
1704590282 7
1704590298 7
1704590314 3
1704590330 8
1704590346 1
1704590362 9
1704590378 2
1704590394 4
1704590410 14
1704590426 2
1704590442 3
1704590458 7
1704590474 5
1704590490 2
1704590506 3



# Sketch: 3
1704589914 9
1704589930 8
1704589946 12
1704589962 8
1704589978 5
1704589994 3
1704590010 5
1704590026 5
1704590042 5
1704590058 6
1704590074 6
1704590090 11
1704590106 25
1704590122 13
1704590138 3
1704590154 3
1704590170 7
1704590186 3
1704590202 3
1704590218 3
1704590234 3
1704590250 2
1704590266 0
1704590282 7
1704590298 3
1704590314 4
1704590330 4
1704590346 0
1704590362 5
1704590378 12
1704590394 7
1704590410 5
1704590426 2
1704590442 8
1704590458 13
1704590474 12
1704590490 2
1704590506 3



# Sketch: 4
1704589914 5
1704589930 1
1704589946 7
1704589962 2
1704589978 7
1704589994 10
1704590010 5
1704590026 2
1704590042 7
1704590058 7
1704590074 12
1704590090 7
1704590106 11
1704590122 1
1704590138 6
1704590154 8
1704590170 17
1704590186 6
1704590202 6
1704590218 6
1704590234 7
1704590250 7
1704590266 7
1704590282 12
1704590298 11
1704590314 4
1704590330 4
1704590346 3
1704590362 6
1704590378 8
1704590394 13
1704590410 11
1704590426 6
1704590442 6
1704590458 9
1704590474 18
1704590490 12
1704590506 0



# Sketch: 5
1704589914 7
1704589930 2
1704589946 16
1704589962 9
1704589978 10
1704589994 17
1704590010 13
1704590026 39
1704590042 13
1704590058 7
1704590074 8
1704590090 17
1704590106 16
1704590122 11
1704590138 13
1704590154 9
1704590170 31
1704590186 15
1704590202 18
1704590218 20
1704590234 15
1704590250 8
1704590266 17
1704590282 7
1704590298 5
1704590314 10
1704590330 17
1704590346 6
1704590362 12
1704590378 9
1704590394 13
1704590410 5
1704590426 5
1704590442 15
1704590458 17
1704590474 9
1704590490 12
1704590506 2



# Sketch: 6
1704589914 15
1704589930 8
1704589946 7
1704589962 7
1704589978 6
1704589994 27
1704590010 48
1704590026 8
1704590042 12
1704590058 13
1704590074 7
1704590090 22
1704590106 8
1704590122 6
1704590138 6
1704590154 2
1704590170 10
1704590186 9
1704590202 11
1704590218 6
1704590234 8
1704590250 13
1704590266 6
1704590282 15
1704590298 6
1704590314 7
1704590330 8
1704590346 4
1704590362 5
1704590378 8
1704590394 12
1704590410 7
1704590426 2
1704590442 13
1704590458 15
1704590474 3
1704590490 10
1704590506 2



# Sketch: 7
1704589914 6
1704589930 6
1704589946 3
1704589962 2
1704589978 13
1704589994 11
1704590010 9
1704590026 9
1704590042 17
1704590058 8
1704590074 8
1704590090 11
1704590106 13
1704590122 4
1704590138 16
1704590154 9
1704590170 24
1704590186 13
1704590202 5
1704590218 10
1704590234 6
1704590250 8
1704590266 2
1704590282 10
1704590298 8
1704590314 3
1704590330 5
1704590346 8
1704590362 18
1704590378 6
1704590394 3
1704590410 24
1704590426 7
1704590442 8
1704590458 4
1704590474 7
1704590490 6
1704590506 14



# Sketch: 8
1704589914 17
1704589930 15
1704589946 79
1704589962 0
1704589978 9
1704589994 15
1704590010 6
1704590026 6
1704590042 20
1704590058 12
1704590074 6
1704590090 14
1704590106 14
1704590122 4
1704590138 4
1704590154 24
1704590170 18
1704590186 10
1704590202 13
1704590218 8
1704590234 7
1704590250 1
1704590266 5
1704590282 17
1704590298 5
1704590314 0
1704590330 3
1704590346 6
1704590362 8
1704590378 3
1704590394 12
1704590410 9
1704590426 7
1704590442 6
1704590458 7
1704590474 5
1704590490 8
1704590506 2



# Sketch: 9
1704589914 10
1704589930 21
1704589946 14
1704589962 7
1704589978 13
1704589994 13
1704590010 13
1704590026 10
1704590042 10
1704590058 6
1704590074 6
1704590090 21
1704590106 6
1704590122 7
1704590138 7
1704590154 3
1704590170 1
1704590186 4
1704590202 5
1704590218 8
1704590234 10
1704590250 5
1704590266 5
1704590282 16
1704590298 7
1704590314 2
1704590330 9
1704590346 6
1704590362 9
1704590378 8
1704590394 2
1704590410 8
1704590426 9
1704590442 21
1704590458 5
1704590474 11
1704590490 5
1704590506 4



# Sketch: 10
1704589914 9
1704589930 7
1704589946 8
1704589962 11
1704589978 20
1704589994 19
1704590010 11
1704590026 14
1704590042 38
1704590058 3
1704590074 9
1704590090 24
1704590106 14
1704590122 8
1704590138 5
1704590154 8
1704590170 8
1704590186 3
1704590202 3
1704590218 9
1704590234 20
1704590250 11
1704590266 8
1704590282 12
1704590298 12
1704590314 5
1704590330 1
1704590346 11
1704590362 18
1704590378 2
1704590394 10
1704590410 17
1704590426 8
1704590442 1
1704590458 4
1704590474 9
1704590490 4
1704590506 1



# Sketch: 11
1704589914 6
1704589930 3
1704589946 2
1704589962 3
1704589978 7
1704589994 5
1704590010 5
1704590026 14
1704590042 4
1704590058 6
1704590074 10
1704590090 2
1704590106 6
1704590122 5
1704590138 3
1704590154 3
1704590170 12
1704590186 8
1704590202 1
1704590218 7
1704590234 2
1704590250 8
1704590266 0
1704590282 2
1704590298 5
1704590314 4
1704590330 5
1704590346 14
1704590362 5
1704590378 3
1704590394 2
1704590410 6
1704590426 6
1704590442 5
1704590458 5
1704590474 1
1704590490 3
1704590506 4



# Sketch: 12
1704589914 12
1704589930 5
1704589946 3
1704589962 7
1704589978 7
1704589994 3
1704590010 2
1704590026 7
1704590042 10
1704590058 4
1704590074 7
1704590090 2
1704590106 11
1704590122 5
1704590138 28
1704590154 18
1704590170 11
1704590186 11
1704590202 6
1704590218 7
1704590234 1
1704590250 12
1704590266 11
1704590282 0
1704590298 7
1704590314 7
1704590330 1
1704590346 3
1704590362 4
1704590378 7
1704590394 2
1704590410 2
1704590426 23
1704590442 21
1704590458 7
1704590474 6
1704590490 6
1704590506 2



# Sketch: 13
1704589914 15
1704589930 7
1704589946 21
1704589962 7
1704589978 24
1704589994 8
1704590010 7
1704590026 6
1704590042 6
1704590058 3
1704590074 3
1704590090 5
1704590106 6
1704590122 8
1704590138 7
1704590154 9
1704590170 12
1704590186 4
1704590202 6
1704590218 12
1704590234 3
1704590250 9
1704590266 4
1704590282 11
1704590298 8
1704590314 8
1704590330 12
1704590346 6
1704590362 6
1704590378 8
1704590394 7
1704590410 14
1704590426 7
1704590442 11
1704590458 8
1704590474 3
1704590490 6
1704590506 6



# Sketch: 14
1704589914 11
1704589930 2
1704589946 9
1704589962 6
1704589978 12
1704589994 6
1704590010 14
1704590026 9
1704590042 17
1704590058 3
1704590074 4
1704590090 8
1704590106 7
1704590122 1
1704590138 6
1704590154 5
1704590170 14
1704590186 11
1704590202 14
1704590218 7
1704590234 6
1704590250 7
1704590266 4
1704590282 10
1704590298 6
1704590314 3
1704590330 3
1704590346 2
1704590362 5
1704590378 4
1704590394 6
1704590410 8
1704590426 22
1704590442 17
1704590458 11
1704590474 18
1704590490 14
1704590506 3



# Sketch: 15
1704589914 14
1704589930 6
1704589946 16
1704589962 10
1704589978 15
1704589994 8
1704590010 13
1704590026 5
1704590042 7
1704590058 5
1704590074 2
1704590090 7
1704590106 4
1704590122 7
1704590138 8
1704590154 6
1704590170 14
1704590186 11
1704590202 3
1704590218 10
1704590234 7
1704590250 3
1704590266 6
1704590282 12
1704590298 6
1704590314 3
1704590330 3
1704590346 2
1704590362 11
1704590378 2
1704590394 7
1704590410 12
1704590426 2
1704590442 10
1704590458 4
1704590474 5
1704590490 5
1704590506 2



# Sketch: 16
1704589914 12
1704589930 8
1704589946 6
1704589962 15
1704589978 13
1704589994 10
1704590010 12
1704590026 15
1704590042 6
1704590058 12
1704590074 12
1704590090 15
1704590106 8
1704590122 15
1704590138 9
1704590154 12
1704590170 19
1704590186 5
1704590202 10
1704590218 25
1704590234 8
1704590250 6
1704590266 6
1704590282 5
1704590298 8
1704590314 6
1704590330 10
1704590346 8
1704590362 12
1704590378 3
1704590394 14
1704590410 4
1704590426 14
1704590442 28
1704590458 14
1704590474 14
1704590490 7
1704590506 2



# Sketch: 17
1704589914 6
1704589930 5
1704589946 6
1704589962 3
1704589978 19
1704589994 8
1704590010 8
1704590026 6
1704590042 8
1704590058 2
1704590074 4
1704590090 2
1704590106 6
1704590122 5
1704590138 5
1704590154 4
1704590170 4
1704590186 4
1704590202 4
1704590218 4
1704590234 5
1704590250 8
1704590266 3
1704590282 5
1704590298 9
1704590314 3
1704590330 8
1704590346 4
1704590362 4
1704590378 2
1704590394 5
1704590410 14
1704590426 13
1704590442 3
1704590458 11
1704590474 3
1704590490 2
1704590506 3



# Sketch: 18
1704589914 14
1704589930 35
1704589946 71
1704589962 2
1704589978 19
1704589994 16
1704590010 4
1704590026 2
1704590042 6
1704590058 4
1704590074 13
1704590090 7
1704590106 7
1704590122 13
1704590138 6
1704590154 5
1704590170 8
1704590186 6
1704590202 4
1704590218 14
1704590234 5
1704590250 6
1704590266 5
1704590282 8
1704590298 1
1704590314 5
1704590330 5
1704590346 4
1704590362 11
1704590378 1
1704590394 8
1704590410 4
1704590426 22
1704590442 9
1704590458 6
1704590474 4
1704590490 6
1704590506 11



# Sketch: 19
1704589914 8
1704589930 17
1704589946 7
1704589962 7
1704589978 17
1704589994 12
1704590010 16
1704590026 5
1704590042 8
1704590058 6
1704590074 23
1704590090 16
1704590106 18
1704590122 10
1704590138 4
1704590154 12
1704590170 6
1704590186 11
1704590202 5
1704590218 12
1704590234 6
1704590250 3
1704590266 4
1704590282 19
1704590298 5
1704590314 9
1704590330 2
1704590346 33
1704590362 8
1704590378 8
1704590394 4
1704590410 11
1704590426 1
1704590442 3
1704590458 1
1704590474 39
1704590490 8
1704590506 2



# Sketch: 20
1704589914 13
1704589930 1
1704589946 11
1704589962 1
1704589978 14
1704589994 18
1704590010 37
1704590026 5
1704590042 9
1704590058 6
1704590074 7
1704590090 11
1704590106 11
1704590122 12
1704590138 5
1704590154 26
1704590170 13
1704590186 4
1704590202 6
1704590218 29
1704590234 10
1704590250 11
1704590266 9
1704590282 8
1704590298 7
1704590314 5
1704590330 14
1704590346 10
1704590362 8
1704590378 4
1704590394 5
1704590410 13
1704590426 4
1704590442 10
1704590458 12
1704590474 15
1704590490 11
1704590506 4



# Sketch: 21
1704589914 13
1704589930 8
1704589946 6
1704589962 4
1704589978 26
1704589994 7
1704590010 13
1704590026 14
1704590042 14
1704590058 38
1704590074 5
1704590090 5
1704590106 5
1704590122 70
1704590138 6
1704590154 7
1704590170 15
1704590186 11
1704590202 11
1704590218 11
1704590234 6
1704590250 7
1704590266 4
1704590282 3
1704590298 6
1704590314 8
1704590330 8
1704590346 5
1704590362 13
1704590378 8
1704590394 27
1704590410 19
1704590426 11
1704590442 16
1704590458 8
1704590474 5
1704590490 5
1704590506 3



# Sketch: 22
1704589914 4
1704589930 11
1704589946 7
1704589962 10
1704589978 5
1704589994 4
1704590010 12
1704590026 12
1704590042 4
1704590058 4
1704590074 5
1704590090 11
1704590106 11
1704590122 7
1704590138 11
1704590154 2
1704590170 11
1704590186 9
1704590202 13
1704590218 1
1704590234 13
1704590250 3
1704590266 13
1704590282 9
1704590298 14
1704590314 10
1704590330 11
1704590346 6
1704590362 13
1704590378 11
1704590394 7
1704590410 7
1704590426 15
1704590442 4
1704590458 11
1704590474 9
1704590490 3
1704590506 2



# Sketch: 23
1704589914 11
1704589930 2
1704589946 8
1704589962 3
1704589978 11
1704589994 12
1704590010 10
1704590026 9
1704590042 9
1704590058 10
1704590074 6
1704590090 6
1704590106 9
1704590122 5
1704590138 11
1704590154 9
1704590170 13
1704590186 5
1704590202 14
1704590218 6
1704590234 4
1704590250 3
1704590266 12
1704590282 1
1704590298 8
1704590314 11
1704590330 0
1704590346 1
1704590362 8
1704590378 11
1704590394 6
1704590410 5
1704590426 2
1704590442 10
1704590458 4
1704590474 3
1704590490 9
1704590506 8



# Sketch: 24
1704589914 14
1704589930 5
1704589946 1
1704589962 8
1704589978 10
1704589994 3
1704590010 4
1704590026 5
1704590042 11
1704590058 4
1704590074 7
1704590090 14
1704590106 19
1704590122 3
1704590138 11
1704590154 7
1704590170 11
1704590186 2
1704590202 1
1704590218 17
1704590234 10
1704590250 7
1704590266 3
1704590282 11
1704590298 10
1704590314 17
1704590330 7
1704590346 11
1704590362 4
1704590378 8
1704590394 4
1704590410 14
1704590426 4
1704590442 4
1704590458 6
1704590474 5
1704590490 0
1704590506 8



# Sketch: 25
1704589914 8
1704589930 7
1704589946 46
1704589962 5
1704589978 2
1704589994 6
1704590010 19
1704590026 7
1704590042 10
1704590058 4
1704590074 2
1704590090 11
1704590106 9
1704590122 3
1704590138 2
1704590154 5
1704590170 9
1704590186 5
1704590202 3
1704590218 9
1704590234 6
1704590250 10
1704590266 6
1704590282 10
1704590298 7
1704590314 14
1704590330 6
1704590346 5
1704590362 4
1704590378 3
1704590394 7
1704590410 9
1704590426 7
1704590442 6
1704590458 5
1704590474 3
1704590490 5
1704590506 3



# Sketch: 26
1704589914 1
1704589930 9
1704589946 11
1704589962 9
1704589978 15
1704589994 3
1704590010 15
1704590026 3
1704590042 14
1704590058 22
1704590074 11
1704590090 3
1704590106 6
1704590122 7
1704590138 7
1704590154 13
1704590170 17
1704590186 7
1704590202 5
1704590218 11
1704590234 9
1704590250 5
1704590266 3
1704590282 13
1704590298 10
1704590314 7
1704590330 6
1704590346 10
1704590362 7
1704590378 8
1704590394 6
1704590410 4
1704590426 13
1704590442 18
1704590458 12
1704590474 16
1704590490 9
1704590506 8



# Sketch: 27
1704589914 39
1704589930 11
1704589946 158
1704589962 11
1704589978 4
1704589994 13
1704590010 10
1704590026 10
1704590042 19
1704590058 13
1704590074 6
1704590090 6
1704590106 6
1704590122 4
1704590138 15
1704590154 3
1704590170 3
1704590186 9
1704590202 4
1704590218 12
1704590234 5
1704590250 8
1704590266 1
1704590282 3
1704590298 7
1704590314 19
1704590330 4
1704590346 10
1704590362 11
1704590378 12
1704590394 6
1704590410 12
1704590426 8
1704590442 17
1704590458 4
1704590474 5
1704590490 4
1704590506 3



# Sketch: 28
1704589914 10
1704589930 8
1704589946 6
1704589962 9
1704589978 16
1704589994 12
1704590010 13
1704590026 5
1704590042 2
1704590058 3
1704590074 6
1704590090 7
1704590106 9
1704590122 2
1704590138 7
1704590154 3
1704590170 8
1704590186 3
1704590202 5
1704590218 11
1704590234 10
1704590250 8
1704590266 8
1704590282 4
1704590298 5
1704590314 11
1704590330 12
1704590346 8
1704590362 9
1704590378 8
1704590394 6
1704590410 0
1704590426 12
1704590442 8
1704590458 7
1704590474 8
1704590490 9
1704590506 6



# Sketch: 29
1704589914 6
1704589930 2
1704589946 6
1704589962 4
1704589978 19
1704589994 3
1704590010 9
1704590026 8
1704590042 25
1704590058 3
1704590074 9
1704590090 9
1704590106 13
1704590122 2
1704590138 5
1704590154 9
1704590170 17
1704590186 1
1704590202 5
1704590218 6
1704590234 7
1704590250 4
1704590266 3
1704590282 7
1704590298 4
1704590314 6
1704590330 8
1704590346 6
1704590362 0
1704590378 13
1704590394 3
1704590410 4
1704590426 5
1704590442 8
1704590458 3
1704590474 9
1704590490 9
1704590506 5



# Sketch: 30
1704589914 4
1704589930 8
1704589946 5
1704589962 5
1704589978 11
1704589994 6
1704590010 0
1704590026 9
1704590042 4
1704590058 7
1704590074 5
1704590090 9
1704590106 8
1704590122 6
1704590138 7
1704590154 6
1704590170 11
1704590186 3
1704590202 8
1704590218 4
1704590234 9
1704590250 8
1704590266 8
1704590282 3
1704590298 10
1704590314 3
1704590330 1
1704590346 2
1704590362 8
1704590378 7
1704590394 6
1704590410 6
1704590426 6
1704590442 3
1704590458 9
1704590474 9
1704590490 4
1704590506 3



# Sketch: 31
1704589914 4
1704589930 4
1704589946 7
1704589962 5
1704589978 6
1704589994 13
1704590010 15
1704590026 8
1704590042 15
1704590058 2
1704590074 5
1704590090 16
1704590106 1
1704590122 3
1704590138 9
1704590154 3
1704590170 8
1704590186 6
1704590202 0
1704590218 8
1704590234 4
1704590250 19
1704590266 7
1704590282 6
1704590298 5
1704590314 12
1704590330 4
1704590346 6
1704590362 5
1704590378 3
1704590394 6
1704590410 4
1704590426 0
1704590442 4
1704590458 6
1704590474 4
1704590490 4
1704590506 2

