

# Sketch: 0
1704589914 174
1704590042 80
1704590170 59
1704590298 50
1704590426 37



# Sketch: 1
1704589914 91
1704590042 58
1704590170 48
1704590298 52
1704590426 61



# Sketch: 2
1704589914 94
1704590042 79
1704590170 58
1704590298 68
1704590426 35



# Sketch: 3
1704589914 68
1704590042 40
1704590170 86
1704590298 48
1704590426 60



# Sketch: 4
1704589914 105
1704590042 59
1704590170 52
1704590298 48
1704590426 46



# Sketch: 5
1704589914 73
1704590042 162
1704590170 57
1704590298 57
1704590426 21



# Sketch: 6
1704589914 79
1704590042 40
1704590170 45
1704590298 42
1704590426 23



# Sketch: 7
1704589914 50
1704590042 50
1704590170 73
1704590298 49
1704590426 48



# Sketch: 8
1704589914 94
1704590042 74
1704590170 45
1704590298 65
1704590426 47



# Sketch: 9
1704589914 58
1704590042 45
1704590170 49
1704590298 37
1704590426 42



# Sketch: 10
1704589914 143
1704590042 75
1704590170 54
1704590298 32
1704590426 54



# Sketch: 11
1704589914 82
1704590042 99
1704590170 64
1704590298 66
1704590426 93



# Sketch: 12
1704589914 57
1704590042 69
1704590170 69
1704590298 57
1704590426 29



# Sketch: 13
1704589914 56
1704590042 65
1704590170 50
1704590298 52
1704590426 34



# Sketch: 14
1704589914 78
1704590042 71
1704590170 62
1704590298 86
1704590426 42



# Sketch: 15
1704589914 65
1704590042 73
1704590170 48
1704590298 68
1704590426 31



# Sketch: 16
1704589914 68
1704590042 49
1704590170 40
1704590298 45
1704590426 40



# Sketch: 17
1704589914 58
1704590042 82
1704590170 64
1704590298 56
1704590426 48



# Sketch: 18
1704589914 82
1704590042 93
1704590170 102
1704590298 70
1704590426 84



# Sketch: 19
1704589914 120
1704590042 102
1704590170 110
1704590298 90
1704590426 79



# Sketch: 20
1704589914 62
1704590042 62
1704590170 42
1704590298 70
1704590426 37



# Sketch: 21
1704589914 63
1704590042 56
1704590170 91
1704590298 72
1704590426 51



# Sketch: 22
1704589914 49
1704590042 44
1704590170 61
1704590298 52
1704590426 29



# Sketch: 23
1704589914 72
1704590042 94
1704590170 82
1704590298 105
1704590426 24



# Sketch: 24
1704589914 225
1704590042 69
1704590170 73
1704590298 38
1704590426 23



# Sketch: 25
1704589914 81
1704590042 78
1704590170 73
1704590298 72
1704590426 53



# Sketch: 26
1704589914 65
1704590042 59
1704590170 48
1704590298 41
1704590426 36



# Sketch: 27
1704589914 65
1704590042 71
1704590170 98
1704590298 54
1704590426 68



# Sketch: 28
1704589914 73
1704590042 47
1704590170 48
1704590298 53
1704590426 28



# Sketch: 29
1704589914 123
1704590042 77
1704590170 79
1704590298 50
1704590426 41



# Sketch: 30
1704589914 86
1704590042 71
1704590170 67
1704590298 38
1704590426 51



# Sketch: 31
1704589914 128
1704590042 68
1704590170 70
1704590298 67
1704590426 55

