

# Sketch: 0
1704590514 83
1704590642 83
1704590770 60
1704590898 70
1704591026 30



# Sketch: 1
1704590514 63
1704590642 50
1704590770 58
1704590898 89
1704591026 41



# Sketch: 2
1704590514 91
1704590642 74
1704590770 65
1704590898 91
1704591026 54



# Sketch: 3
1704590514 53
1704590642 76
1704590770 80
1704590898 46
1704591026 27



# Sketch: 4
1704590514 45
1704590642 53
1704590770 41
1704590898 52
1704591026 40



# Sketch: 5
1704590514 57
1704590642 81
1704590770 106
1704590898 79
1704591026 25



# Sketch: 6
1704590514 47
1704590642 64
1704590770 71
1704590898 77
1704591026 48



# Sketch: 7
1704590514 58
1704590642 42
1704590770 52
1704590898 42
1704591026 24



# Sketch: 8
1704590514 44
1704590642 60
1704590770 46
1704590898 31
1704591026 42



# Sketch: 9
1704590514 57
1704590642 78
1704590770 45
1704590898 60
1704591026 30



# Sketch: 10
1704590514 106
1704590642 106
1704590770 85
1704590898 74
1704591026 68



# Sketch: 11
1704590514 52
1704590642 71
1704590770 43
1704590898 72
1704591026 36



# Sketch: 12
1704590514 62
1704590642 48
1704590770 89
1704590898 54
1704591026 35



# Sketch: 13
1704590514 74
1704590642 48
1704590770 81
1704590898 71
1704591026 48



# Sketch: 14
1704590514 88
1704590642 70
1704590770 68
1704590898 72
1704591026 42



# Sketch: 15
1704590514 40
1704590642 58
1704590770 91
1704590898 72
1704591026 27



# Sketch: 16
1704590514 49
1704590642 70
1704590770 63
1704590898 72
1704591026 37



# Sketch: 17
1704590514 67
1704590642 72
1704590770 62
1704590898 40
1704591026 39



# Sketch: 18
1704590514 36
1704590642 47
1704590770 42
1704590898 75
1704591026 30



# Sketch: 19
1704590514 47
1704590642 84
1704590770 57
1704590898 45
1704591026 47



# Sketch: 20
1704590514 55
1704590642 77
1704590770 75
1704590898 54
1704591026 32



# Sketch: 21
1704590514 48
1704590642 82
1704590770 97
1704590898 50
1704591026 45



# Sketch: 22
1704590514 81
1704590642 89
1704590770 65
1704590898 91
1704591026 44



# Sketch: 23
1704590514 74
1704590642 65
1704590770 62
1704590898 59
1704591026 42



# Sketch: 24
1704590514 108
1704590642 95
1704590770 107
1704590898 87
1704591026 49



# Sketch: 25
1704590514 77
1704590642 69
1704590770 77
1704590898 59
1704591026 45



# Sketch: 26
1704590514 64
1704590642 105
1704590770 71
1704590898 70
1704591026 61



# Sketch: 27
1704590514 64
1704590642 61
1704590770 50
1704590898 78
1704591026 45



# Sketch: 28
1704590514 43
1704590642 27
1704590770 52
1704590898 33
1704591026 26



# Sketch: 29
1704590514 63
1704590642 53
1704590770 42
1704590898 41
1704591026 22



# Sketch: 30
1704590514 55
1704590642 95
1704590770 92
1704590898 69
1704591026 36



# Sketch: 31
1704590514 49
1704590642 48
1704590770 48
1704590898 74
1704591026 27

