

# Sketch: 0
1704590514 4
1704590530 6
1704590546 7
1704590562 2
1704590578 10
1704590594 15
1704590610 6
1704590626 8
1704590642 6
1704590658 4
1704590674 15
1704590690 11
1704590706 3
1704590722 2
1704590738 8
1704590754 5
1704590770 5
1704590786 10
1704590802 12
1704590818 4
1704590834 7
1704590850 8
1704590866 4
1704590882 9
1704590898 11
1704590914 6
1704590930 5
1704590946 8
1704590962 5
1704590978 6
1704590994 8
1704591010 6
1704591026 1
1704591042 4
1704591058 8
1704591074 4
1704591090 9
1704591106 6



# Sketch: 1
1704590514 6
1704590530 14
1704590546 14
1704590562 15
1704590578 4
1704590594 12
1704590610 11
1704590626 6
1704590642 15
1704590658 3
1704590674 25
1704590690 16
1704590706 15
1704590722 6
1704590738 7
1704590754 11
1704590770 2
1704590786 0
1704590802 7
1704590818 25
1704590834 22
1704590850 11
1704590866 13
1704590882 10
1704590898 12
1704590914 11
1704590930 4
1704590946 10
1704590962 9
1704590978 7
1704590994 10
1704591010 9
1704591026 3
1704591042 1
1704591058 5
1704591074 9
1704591090 8
1704591106 2



# Sketch: 2
1704590514 10
1704590530 4
1704590546 5
1704590562 3
1704590578 1
1704590594 26
1704590610 11
1704590626 2
1704590642 3
1704590658 7
1704590674 15
1704590690 5
1704590706 3
1704590722 6
1704590738 12
1704590754 8
1704590770 9
1704590786 5
1704590802 7
1704590818 9
1704590834 10
1704590850 3
1704590866 9
1704590882 8
1704590898 12
1704590914 10
1704590930 5
1704590946 2
1704590962 0
1704590978 8
1704590994 6
1704591010 8
1704591026 2
1704591042 8
1704591058 3
1704591074 10
1704591090 11
1704591106 1



# Sketch: 3
1704590514 16
1704590530 7
1704590546 8
1704590562 6
1704590578 10
1704590594 10
1704590610 4
1704590626 8
1704590642 3
1704590658 4
1704590674 16
1704590690 9
1704590706 6
1704590722 11
1704590738 17
1704590754 13
1704590770 2
1704590786 9
1704590802 17
1704590818 14
1704590834 4
1704590850 7
1704590866 5
1704590882 13
1704590898 8
1704590914 3
1704590930 8
1704590946 1
1704590962 2
1704590978 10
1704590994 6
1704591010 5
1704591026 7
1704591042 11
1704591058 7
1704591074 1
1704591090 9
1704591106 0



# Sketch: 4
1704590514 5
1704590530 2
1704590546 13
1704590562 3
1704590578 11
1704590594 14
1704590610 5
1704590626 10
1704590642 9
1704590658 8
1704590674 11
1704590690 2
1704590706 9
1704590722 7
1704590738 10
1704590754 33
1704590770 4
1704590786 9
1704590802 5
1704590818 6
1704590834 13
1704590850 3
1704590866 3
1704590882 6
1704590898 10
1704590914 3
1704590930 10
1704590946 3
1704590962 7
1704590978 4
1704590994 12
1704591010 5
1704591026 13
1704591042 4
1704591058 12
1704591074 4
1704591090 5
1704591106 8



# Sketch: 5
1704590514 7
1704590530 4
1704590546 13
1704590562 7
1704590578 4
1704590594 10
1704590610 13
1704590626 4
1704590642 26
1704590658 11
1704590674 10
1704590690 5
1704590706 3
1704590722 4
1704590738 6
1704590754 5
1704590770 0
1704590786 7
1704590802 13
1704590818 6
1704590834 3
1704590850 12
1704590866 6
1704590882 8
1704590898 12
1704590914 9
1704590930 10
1704590946 10
1704590962 11
1704590978 13
1704590994 8
1704591010 10
1704591026 6
1704591042 6
1704591058 3
1704591074 8
1704591090 5
1704591106 1



# Sketch: 6
1704590514 21
1704590530 17
1704590546 7
1704590562 3
1704590578 5
1704590594 13
1704590610 6
1704590626 4
1704590642 13
1704590658 4
1704590674 27
1704590690 3
1704590706 9
1704590722 3
1704590738 3
1704590754 7
1704590770 10
1704590786 10
1704590802 4
1704590818 10
1704590834 11
1704590850 20
1704590866 3
1704590882 23
1704590898 18
1704590914 4
1704590930 11
1704590946 10
1704590962 6
1704590978 5
1704590994 20
1704591010 9
1704591026 6
1704591042 6
1704591058 10
1704591074 6
1704591090 2
1704591106 0



# Sketch: 7
1704590514 27
1704590530 9
1704590546 11
1704590562 5
1704590578 4
1704590594 3
1704590610 10
1704590626 3
1704590642 8
1704590658 1
1704590674 5
1704590690 18
1704590706 0
1704590722 3
1704590738 6
1704590754 4
1704590770 5
1704590786 2
1704590802 13
1704590818 7
1704590834 10
1704590850 3
1704590866 1
1704590882 8
1704590898 9
1704590914 2
1704590930 1
1704590946 8
1704590962 3
1704590978 9
1704590994 9
1704591010 10
1704591026 8
1704591042 3
1704591058 3
1704591074 4
1704591090 16
1704591106 1



# Sketch: 8
1704590514 11
1704590530 6
1704590546 9
1704590562 13
1704590578 8
1704590594 14
1704590610 8
1704590626 2
1704590642 6
1704590658 8
1704590674 9
1704590690 20
1704590706 6
1704590722 11
1704590738 16
1704590754 18
1704590770 10
1704590786 12
1704590802 5
1704590818 6
1704590834 6
1704590850 6
1704590866 7
1704590882 4
1704590898 5
1704590914 6
1704590930 4
1704590946 3
1704590962 3
1704590978 3
1704590994 17
1704591010 12
1704591026 7
1704591042 20
1704591058 6
1704591074 2
1704591090 7
1704591106 6



# Sketch: 9
1704590514 18
1704590530 16
1704590546 9
1704590562 4
1704590578 11
1704590594 6
1704590610 6
1704590626 9
1704590642 6
1704590658 8
1704590674 13
1704590690 13
1704590706 3
1704590722 5
1704590738 3
1704590754 19
1704590770 6
1704590786 2
1704590802 4
1704590818 1
1704590834 14
1704590850 8
1704590866 3
1704590882 9
1704590898 4
1704590914 6
1704590930 5
1704590946 7
1704590962 3
1704590978 6
1704590994 19
1704591010 10
1704591026 8
1704591042 2
1704591058 2
1704591074 4
1704591090 3
1704591106 5



# Sketch: 10
1704590514 6
1704590530 7
1704590546 6
1704590562 18
1704590578 13
1704590594 1
1704590610 6
1704590626 4
1704590642 8
1704590658 16
1704590674 3
1704590690 15
1704590706 5
1704590722 13
1704590738 6
1704590754 3
1704590770 14
1704590786 9
1704590802 10
1704590818 11
1704590834 6
1704590850 10
1704590866 6
1704590882 8
1704590898 6
1704590914 7
1704590930 6
1704590946 3
1704590962 0
1704590978 5
1704590994 9
1704591010 6
1704591026 3
1704591042 2
1704591058 5
1704591074 3
1704591090 9
1704591106 3



# Sketch: 11
1704590514 5
1704590530 0
1704590546 7
1704590562 5
1704590578 5
1704590594 18
1704590610 14
1704590626 5
1704590642 2
1704590658 6
1704590674 4
1704590690 2
1704590706 6
1704590722 3
1704590738 3
1704590754 20
1704590770 8
1704590786 9
1704590802 5
1704590818 2
1704590834 13
1704590850 3
1704590866 3
1704590882 8
1704590898 8
1704590914 7
1704590930 9
1704590946 8
1704590962 8
1704590978 13
1704590994 11
1704591010 4
1704591026 5
1704591042 2
1704591058 4
1704591074 5
1704591090 13
1704591106 8



# Sketch: 12
1704590514 11
1704590530 8
1704590546 4
1704590562 4
1704590578 3
1704590594 7
1704590610 5
1704590626 2
1704590642 3
1704590658 2
1704590674 6
1704590690 4
1704590706 16
1704590722 7
1704590738 9
1704590754 13
1704590770 3
1704590786 4
1704590802 7
1704590818 14
1704590834 8
1704590850 3
1704590866 6
1704590882 11
1704590898 11
1704590914 8
1704590930 6
1704590946 0
1704590962 7
1704590978 3
1704590994 14
1704591010 8
1704591026 11
1704591042 4
1704591058 2
1704591074 7
1704591090 14
1704591106 6



# Sketch: 13
1704590514 14
1704590530 7
1704590546 6
1704590562 5
1704590578 11
1704590594 5
1704590610 2
1704590626 8
1704590642 30
1704590658 7
1704590674 9
1704590690 7
1704590706 17
1704590722 2
1704590738 8
1704590754 8
1704590770 5
1704590786 4
1704590802 17
1704590818 21
1704590834 17
1704590850 9
1704590866 7
1704590882 7
1704590898 7
1704590914 18
1704590930 10
1704590946 8
1704590962 9
1704590978 5
1704590994 6
1704591010 6
1704591026 8
1704591042 4
1704591058 1
1704591074 5
1704591090 9
1704591106 11



# Sketch: 14
1704590514 8
1704590530 6
1704590546 21
1704590562 2
1704590578 7
1704590594 5
1704590610 5
1704590626 3
1704590642 7
1704590658 6
1704590674 8
1704590690 2
1704590706 4
1704590722 2
1704590738 6
1704590754 22
1704590770 8
1704590786 16
1704590802 5
1704590818 7
1704590834 15
1704590850 13
1704590866 5
1704590882 9
1704590898 10
1704590914 19
1704590930 1
1704590946 4
1704590962 6
1704590978 1
1704590994 9
1704591010 16
1704591026 21
1704591042 3
1704591058 12
1704591074 4
1704591090 11
1704591106 2



# Sketch: 15
1704590514 13
1704590530 7
1704590546 3
1704590562 0
1704590578 29
1704590594 11
1704590610 13
1704590626 16
1704590642 3
1704590658 5
1704590674 10
1704590690 27
1704590706 21
1704590722 24
1704590738 16
1704590754 21
1704590770 5
1704590786 6
1704590802 6
1704590818 28
1704590834 20
1704590850 14
1704590866 5
1704590882 5
1704590898 14
1704590914 6
1704590930 16
1704590946 20
1704590962 16
1704590978 38
1704590994 11
1704591010 2
1704591026 7
1704591042 2
1704591058 21
1704591074 13
1704591090 20
1704591106 2



# Sketch: 16
1704590514 9
1704590530 11
1704590546 17
1704590562 4
1704590578 10
1704590594 11
1704590610 8
1704590626 1
1704590642 8
1704590658 7
1704590674 4
1704590690 2
1704590706 2
1704590722 2
1704590738 9
1704590754 19
1704590770 7
1704590786 7
1704590802 6
1704590818 6
1704590834 5
1704590850 8
1704590866 4
1704590882 8
1704590898 11
1704590914 4
1704590930 4
1704590946 6
1704590962 2
1704590978 20
1704590994 8
1704591010 8
1704591026 16
1704591042 12
1704591058 4
1704591074 14
1704591090 14
1704591106 0



# Sketch: 17
1704590514 14
1704590530 6
1704590546 7
1704590562 7
1704590578 11
1704590594 8
1704590610 3
1704590626 7
1704590642 1
1704590658 4
1704590674 7
1704590690 8
1704590706 5
1704590722 6
1704590738 5
1704590754 6
1704590770 8
1704590786 10
1704590802 6
1704590818 2
1704590834 5
1704590850 6
1704590866 7
1704590882 9
1704590898 4
1704590914 3
1704590930 1
1704590946 4
1704590962 16
1704590978 4
1704590994 17
1704591010 1
1704591026 9
1704591042 5
1704591058 1
1704591074 4
1704591090 4
1704591106 2



# Sketch: 18
1704590514 6
1704590530 7
1704590546 3
1704590562 30
1704590578 8
1704590594 4
1704590610 0
1704590626 6
1704590642 1
1704590658 7
1704590674 21
1704590690 2
1704590706 6
1704590722 0
1704590738 1
1704590754 11
1704590770 2
1704590786 8
1704590802 8
1704590818 17
1704590834 12
1704590850 11
1704590866 9
1704590882 17
1704590898 3
1704590914 5
1704590930 9
1704590946 2
1704590962 9
1704590978 6
1704590994 7
1704591010 1
1704591026 10
1704591042 1
1704591058 3
1704591074 4
1704591090 9
1704591106 0



# Sketch: 19
1704590514 7
1704590530 13
1704590546 7
1704590562 10
1704590578 3
1704590594 6
1704590610 12
1704590626 10
1704590642 6
1704590658 5
1704590674 10
1704590690 6
1704590706 16
1704590722 5
1704590738 5
1704590754 8
1704590770 5
1704590786 7
1704590802 6
1704590818 18
1704590834 6
1704590850 7
1704590866 4
1704590882 13
1704590898 9
1704590914 2
1704590930 9
1704590946 5
1704590962 2
1704590978 6
1704590994 5
1704591010 2
1704591026 3
1704591042 2
1704591058 5
1704591074 4
1704591090 8
1704591106 3



# Sketch: 20
1704590514 5
1704590530 2
1704590546 3
1704590562 8
1704590578 5
1704590594 2
1704590610 2
1704590626 14
1704590642 5
1704590658 7
1704590674 6
1704590690 0
1704590706 12
1704590722 1
1704590738 7
1704590754 12
1704590770 4
1704590786 6
1704590802 7
1704590818 6
1704590834 8
1704590850 11
1704590866 2
1704590882 22
1704590898 17
1704590914 6
1704590930 10
1704590946 19
1704590962 6
1704590978 16
1704590994 9
1704591010 9
1704591026 10
1704591042 5
1704591058 12
1704591074 4
1704591090 5
1704591106 1



# Sketch: 21
1704590514 9
1704590530 14
1704590546 9
1704590562 9
1704590578 4
1704590594 10
1704590610 4
1704590626 2
1704590642 9
1704590658 14
1704590674 15
1704590690 20
1704590706 6
1704590722 3
1704590738 11
1704590754 10
1704590770 7
1704590786 11
1704590802 5
1704590818 4
1704590834 23
1704590850 6
1704590866 3
1704590882 4
1704590898 5
1704590914 6
1704590930 3
1704590946 7
1704590962 1
1704590978 11
1704590994 11
1704591010 12
1704591026 8
1704591042 9
1704591058 4
1704591074 6
1704591090 4
1704591106 3



# Sketch: 22
1704590514 8
1704590530 17
1704590546 15
1704590562 5
1704590578 4
1704590594 6
1704590610 8
1704590626 8
1704590642 19
1704590658 4
1704590674 9
1704590690 8
1704590706 8
1704590722 4
1704590738 6
1704590754 13
1704590770 9
1704590786 7
1704590802 6
1704590818 12
1704590834 14
1704590850 8
1704590866 3
1704590882 16
1704590898 11
1704590914 7
1704590930 4
1704590946 5
1704590962 5
1704590978 4
1704590994 10
1704591010 24
1704591026 5
1704591042 4
1704591058 4
1704591074 7
1704591090 2
1704591106 9



# Sketch: 23
1704590514 5
1704590530 4
1704590546 11
1704590562 3
1704590578 7
1704590594 2
1704590610 1
1704590626 10
1704590642 7
1704590658 3
1704590674 9
1704590690 6
1704590706 3
1704590722 9
1704590738 5
1704590754 9
1704590770 9
1704590786 21
1704590802 5
1704590818 10
1704590834 1
1704590850 6
1704590866 0
1704590882 7
1704590898 3
1704590914 7
1704590930 0
1704590946 15
1704590962 3
1704590978 12
1704590994 10
1704591010 3
1704591026 5
1704591042 7
1704591058 10
1704591074 13
1704591090 8
1704591106 3



# Sketch: 24
1704590514 10
1704590530 11
1704590546 3
1704590562 3
1704590578 5
1704590594 6
1704590610 7
1704590626 5
1704590642 1
1704590658 12
1704590674 13
1704590690 21
1704590706 9
1704590722 5
1704590738 3
1704590754 7
1704590770 7
1704590786 9
1704590802 8
1704590818 8
1704590834 6
1704590850 8
1704590866 8
1704590882 6
1704590898 7
1704590914 6
1704590930 7
1704590946 7
1704590962 4
1704590978 13
1704590994 6
1704591010 3
1704591026 3
1704591042 7
1704591058 13
1704591074 9
1704591090 12
1704591106 11



# Sketch: 25
1704590514 3
1704590530 5
1704590546 4
1704590562 9
1704590578 3
1704590594 10
1704590610 5
1704590626 1
1704590642 11
1704590658 15
1704590674 7
1704590690 13
1704590706 2
1704590722 2
1704590738 17
1704590754 4
1704590770 3
1704590786 5
1704590802 19
1704590818 8
1704590834 6
1704590850 18
1704590866 11
1704590882 4
1704590898 2
1704590914 10
1704590930 19
1704590946 8
1704590962 9
1704590978 8
1704590994 11
1704591010 10
1704591026 7
1704591042 14
1704591058 5
1704591074 2
1704591090 3
1704591106 2



# Sketch: 26
1704590514 5
1704590530 6
1704590546 5
1704590562 3
1704590578 5
1704590594 3
1704590610 9
1704590626 3
1704590642 5
1704590658 13
1704590674 6
1704590690 5
1704590706 10
1704590722 11
1704590738 5
1704590754 7
1704590770 11
1704590786 11
1704590802 22
1704590818 5
1704590834 5
1704590850 10
1704590866 2
1704590882 13
1704590898 4
1704590914 9
1704590930 1
1704590946 10
1704590962 1
1704590978 8
1704590994 15
1704591010 13
1704591026 9
1704591042 1
1704591058 7
1704591074 5
1704591090 8
1704591106 7



# Sketch: 27
1704590514 14
1704590530 11
1704590546 3
1704590562 6
1704590578 10
1704590594 6
1704590610 8
1704590626 3
1704590642 21
1704590658 8
1704590674 10
1704590690 7
1704590706 11
1704590722 6
1704590738 2
1704590754 7
1704590770 29
1704590786 12
1704590802 19
1704590818 7
1704590834 3
1704590850 12
1704590866 1
1704590882 6
1704590898 10
1704590914 15
1704590930 7
1704590946 5
1704590962 5
1704590978 10
1704590994 10
1704591010 18
1704591026 14
1704591042 14
1704591058 12
1704591074 8
1704591090 9
1704591106 2



# Sketch: 28
1704590514 19
1704590530 6
1704590546 11
1704590562 4
1704590578 7
1704590594 6
1704590610 8
1704590626 16
1704590642 11
1704590658 4
1704590674 9
1704590690 13
1704590706 12
1704590722 7
1704590738 6
1704590754 14
1704590770 9
1704590786 5
1704590802 41
1704590818 10
1704590834 6
1704590850 5
1704590866 2
1704590882 7
1704590898 9
1704590914 17
1704590930 6
1704590946 6
1704590962 5
1704590978 5
1704590994 12
1704591010 27
1704591026 8
1704591042 5
1704591058 8
1704591074 9
1704591090 7
1704591106 2



# Sketch: 29
1704590514 7
1704590530 6
1704590546 8
1704590562 2
1704590578 15
1704590594 6
1704590610 9
1704590626 10
1704590642 7
1704590658 3
1704590674 12
1704590690 11
1704590706 9
1704590722 9
1704590738 2
1704590754 14
1704590770 4
1704590786 7
1704590802 17
1704590818 10
1704590834 9
1704590850 14
1704590866 4
1704590882 2
1704590898 7
1704590914 6
1704590930 7
1704590946 29
1704590962 14
1704590978 7
1704590994 14
1704591010 5
1704591026 2
1704591042 3
1704591058 14
1704591074 8
1704591090 19
1704591106 1



# Sketch: 30
1704590514 16
1704590530 14
1704590546 12
1704590562 5
1704590578 6
1704590594 15
1704590610 4
1704590626 10
1704590642 12
1704590658 8
1704590674 13
1704590690 4
1704590706 25
1704590722 5
1704590738 4
1704590754 8
1704590770 8
1704590786 8
1704590802 8
1704590818 8
1704590834 10
1704590850 9
1704590866 4
1704590882 10
1704590898 6
1704590914 8
1704590930 7
1704590946 17
1704590962 5
1704590978 10
1704590994 8
1704591010 11
1704591026 6
1704591042 10
1704591058 16
1704591074 9
1704591090 6
1704591106 6



# Sketch: 31
1704590514 5
1704590530 5
1704590546 12
1704590562 3
1704590578 1
1704590594 5
1704590610 9
1704590626 1
1704590642 1
1704590658 6
1704590674 18
1704590690 9
1704590706 13
1704590722 4
1704590738 2
1704590754 11
1704590770 15
1704590786 4
1704590802 3
1704590818 7
1704590834 6
1704590850 5
1704590866 1
1704590882 4
1704590898 5
1704590914 2
1704590930 3
1704590946 2
1704590962 3
1704590978 6
1704590994 10
1704591010 3
1704591026 5
1704591042 3
1704591058 5
1704591074 6
1704591090 10
1704591106 3

