

# Sketch: 0
0 0.616026
1 0.596771
2 0.565894
3 0.576701
4 0.656303
5 0.57735
6 0.455927
7 0.503552



# Sketch: 1
0 0.535237
1 0.481834
2 0.467851
3 0.469034
4 0.441865
5 0.475405
6 0.476392
7 0.793532



# Sketch: 2
0 2.36879
1 2.11918
2 2.48095
3 2.31794
4 1.35898
5 0.84808
6 0.600838
7 0.730357



# Sketch: 3
0 0.311786
1 0.284468
2 0.188943
3 0.230836
4 0.324126
5 0.100799
6 0.999641
7 1.46446



# Sketch: 4
0 0.851644
1 1.05169
2 1.12336
3 0.748171
4 0.929035
5 1.14976
6 0.635836
7 0.976551



# Sketch: 5
0 0.635673
1 0.622497
2 0.592987
3 0.557364
4 0.583885
5 0.564677
6 0.548547
7 0.495014



# Sketch: 6
0 0.403009
1 0.29817
2 0.188391
3 0.183247
4 0.215795
5 0.0958064
6 0.200103
7 0.30006



# Sketch: 7
0 0.49587
1 0.376489
2 0.339986
3 0.355189
4 0.414695
5 0.377642
6 0.438445
7 0.375357



# Sketch: 8
0 0.286431
1 0.157345
2 0.088153
3 0.233215
4 0.141674
5 0.268878
6 0.321236
7 0.724375



# Sketch: 9
0 0.217919
1 0.139158
2 0.140227
3 0.208298
4 0.282354
5 0.103022
6 0.344259
7 0.494894



# Sketch: 10
0 0.340383
1 0.345901
2 0.375285
3 0.368344
4 0.560695
5 0.484927
6 0.398635
7 0.39023



# Sketch: 11
0 0.192161
1 0.099466
2 0.169185
3 0.266949
4 0.404122
5 0.377478
6 1.15127
7 1.04046



# Sketch: 12
0 0.670955
1 0.683411
2 0.671386
3 0.608751
4 0.598111
5 0.591089
6 0.473994
7 1.42295



# Sketch: 13
0 0.626432
1 0.500574
2 0.464689
3 0.885497
4 0.703059
5 0.780793
6 0.384393
7 0.29238



# Sketch: 14
0 1.82814
1 1.75655
2 1.85913
3 1.84634
4 1.72529
5 1.07248
6 0.714467
7 0.528391



# Sketch: 15
0 1.10844
1 0.906667
2 0.692876
3 0.486937
4 0.519442
5 0.285694
6 0.804777
7 0.712198



# Sketch: 16
0 0.862533
1 0.826796
2 0.777178
3 1.09967
4 1.18213
5 0.733217
6 0.707215
7 0.621759



# Sketch: 17
0 0.494687
1 0.381623
2 0.38063
3 0.261138
4 0.126524
5 0.169118
6 0.253192
7 0.337734



# Sketch: 18
0 0.384635
1 0.115506
2 0.232271
3 0.140642
4 0.239574
5 0.143638
6 0.31812
7 0.269659



# Sketch: 19
0 0.675407
1 0.697243
2 0.65802
3 0.595804
4 0.575904
5 0.517075
6 0.532531
7 0.573847



# Sketch: 20
0 0.786501
1 0.766281
2 0.767325
3 0.696364
4 0.690889
5 0.687415
6 0.646201
7 0.394729



# Sketch: 21
0 0.585328
1 0.467648
2 0.487933
3 0.417115
4 0.401323
5 0.44113
6 0.440912
7 0.580186



# Sketch: 22
0 1.50737
1 1.40995
2 1.15304
3 1.26796
4 1.16278
5 0.968803
6 0.457439
7 0.298913



# Sketch: 23
0 0.261772
1 0.240232
2 0.19737
3 0.276366
4 0.368202
5 0.319374
6 0.778448
7 0.494326



# Sketch: 24
0 1.59916
1 1.53636
2 1.28367
3 1.11022
4 0.902791
5 1.42165
6 2.15583
7 2.01269



# Sketch: 25
0 2.09218
1 1.89057
2 1.86369
3 1.64981
4 1.74343
5 1.53025
6 1.0095
7 3.09263



# Sketch: 26
0 0.66737
1 0.639348
2 0.497185
3 0.422461
4 0.501903
5 0.355064
6 0.788292
7 0.558848



# Sketch: 27
0 0.621079
1 1.06057
2 1.03509
3 0.740543
4 1.19285
5 1.38356
6 0.461679
7 0.374425



# Sketch: 28
0 1.00509
1 0.934533
2 0.888393
3 0.951496
4 1.02817
5 0.769571
6 2.66024
7 2.16662



# Sketch: 29
0 0.329809
1 0.287768
2 0.293975
3 0.40514
4 0.407051
5 0.431415
6 0.443761
7 0.814991



# Sketch: 30
0 0.731158
1 0.695689
2 0.643987
3 0.68639
4 0.62984
5 0.624543
6 0.535031
7 0.690599



# Sketch: 31
0 0.577392
1 0.535295
2 0.49302
3 0.644015
4 0.658503
5 0.511874
6 0.510486
7 0.643835

