

# Sketch: 0
1704590514 76
1704590642 68
1704590770 40
1704590898 95
1704591026 44



# Sketch: 1
1704590514 84
1704590642 59
1704590770 64
1704590898 75
1704591026 33



# Sketch: 2
1704590514 47
1704590642 85
1704590770 89
1704590898 70
1704591026 39



# Sketch: 3
1704590514 78
1704590642 40
1704590770 41
1704590898 55
1704591026 55



# Sketch: 4
1704590514 55
1704590642 67
1704590770 62
1704590898 85
1704591026 31



# Sketch: 5
1704590514 81
1704590642 83
1704590770 59
1704590898 62
1704591026 36



# Sketch: 6
1704590514 35
1704590642 50
1704590770 52
1704590898 44
1704591026 39



# Sketch: 7
1704590514 54
1704590642 96
1704590770 57
1704590898 71
1704591026 34



# Sketch: 8
1704590514 55
1704590642 74
1704590770 60
1704590898 55
1704591026 33



# Sketch: 9
1704590514 61
1704590642 56
1704590770 75
1704590898 74
1704591026 38



# Sketch: 10
1704590514 61
1704590642 79
1704590770 67
1704590898 80
1704591026 36



# Sketch: 11
1704590514 57
1704590642 55
1704590770 41
1704590898 69
1704591026 43



# Sketch: 12
1704590514 54
1704590642 71
1704590770 71
1704590898 68
1704591026 52



# Sketch: 13
1704590514 52
1704590642 35
1704590770 47
1704590898 60
1704591026 34



# Sketch: 14
1704590514 63
1704590642 123
1704590770 105
1704590898 53
1704591026 41



# Sketch: 15
1704590514 49
1704590642 70
1704590770 71
1704590898 56
1704591026 46



# Sketch: 16
1704590514 57
1704590642 53
1704590770 50
1704590898 55
1704591026 24



# Sketch: 17
1704590514 44
1704590642 65
1704590770 78
1704590898 51
1704591026 44



# Sketch: 18
1704590514 47
1704590642 46
1704590770 50
1704590898 44
1704591026 23



# Sketch: 19
1704590514 78
1704590642 47
1704590770 64
1704590898 59
1704591026 14



# Sketch: 20
1704590514 33
1704590642 71
1704590770 58
1704590898 41
1704591026 32



# Sketch: 21
1704590514 73
1704590642 74
1704590770 94
1704590898 66
1704591026 43



# Sketch: 22
1704590514 54
1704590642 95
1704590770 78
1704590898 56
1704591026 37



# Sketch: 23
1704590514 52
1704590642 50
1704590770 38
1704590898 48
1704591026 44



# Sketch: 24
1704590514 85
1704590642 69
1704590770 80
1704590898 64
1704591026 48



# Sketch: 25
1704590514 76
1704590642 51
1704590770 107
1704590898 58
1704591026 28



# Sketch: 26
1704590514 64
1704590642 86
1704590770 62
1704590898 61
1704591026 66



# Sketch: 27
1704590514 61
1704590642 89
1704590770 76
1704590898 68
1704591026 26



# Sketch: 28
1704590514 108
1704590642 68
1704590770 65
1704590898 62
1704591026 56



# Sketch: 29
1704590514 47
1704590642 69
1704590770 79
1704590898 70
1704591026 32



# Sketch: 30
1704590514 78
1704590642 94
1704590770 79
1704590898 82
1704591026 33



# Sketch: 31
1704590514 81
1704590642 63
1704590770 84
1704590898 92
1704591026 60

