

# Sketch: 0
1704590514 55
1704590642 83
1704590770 48
1704590898 56
1704591026 29



# Sketch: 1
1704590514 63
1704590642 48
1704590770 48
1704590898 49
1704591026 37



# Sketch: 2
1704590514 63
1704590642 71
1704590770 66
1704590898 68
1704591026 44



# Sketch: 3
1704590514 70
1704590642 57
1704590770 66
1704590898 58
1704591026 46



# Sketch: 4
1704590514 82
1704590642 103
1704590770 67
1704590898 89
1704591026 77



# Sketch: 5
1704590514 50
1704590642 42
1704590770 79
1704590898 61
1704591026 47



# Sketch: 6
1704590514 40
1704590642 96
1704590770 70
1704590898 43
1704591026 39



# Sketch: 7
1704590514 54
1704590642 55
1704590770 88
1704590898 95
1704591026 20



# Sketch: 8
1704590514 47
1704590642 89
1704590770 103
1704590898 91
1704591026 32



# Sketch: 9
1704590514 52
1704590642 69
1704590770 52
1704590898 61
1704591026 31



# Sketch: 10
1704590514 83
1704590642 81
1704590770 88
1704590898 90
1704591026 59



# Sketch: 11
1704590514 46
1704590642 50
1704590770 61
1704590898 71
1704591026 21



# Sketch: 12
1704590514 63
1704590642 67
1704590770 60
1704590898 43
1704591026 63



# Sketch: 13
1704590514 61
1704590642 82
1704590770 79
1704590898 47
1704591026 27



# Sketch: 14
1704590514 62
1704590642 56
1704590770 59
1704590898 50
1704591026 32



# Sketch: 15
1704590514 41
1704590642 55
1704590770 64
1704590898 47
1704591026 46



# Sketch: 16
1704590514 64
1704590642 89
1704590770 68
1704590898 59
1704591026 34



# Sketch: 17
1704590514 61
1704590642 70
1704590770 84
1704590898 54
1704591026 35



# Sketch: 18
1704590514 55
1704590642 53
1704590770 54
1704590898 78
1704591026 31



# Sketch: 19
1704590514 91
1704590642 116
1704590770 89
1704590898 80
1704591026 65



# Sketch: 20
1704590514 44
1704590642 55
1704590770 73
1704590898 56
1704591026 41



# Sketch: 21
1704590514 56
1704590642 56
1704590770 51
1704590898 68
1704591026 33



# Sketch: 22
1704590514 59
1704590642 62
1704590770 58
1704590898 62
1704591026 38



# Sketch: 23
1704590514 59
1704590642 52
1704590770 53
1704590898 41
1704591026 35



# Sketch: 24
1704590514 66
1704590642 78
1704590770 79
1704590898 48
1704591026 40



# Sketch: 25
1704590514 87
1704590642 42
1704590770 61
1704590898 83
1704591026 24



# Sketch: 26
1704590514 64
1704590642 94
1704590770 103
1704590898 96
1704591026 51



# Sketch: 27
1704590514 61
1704590642 83
1704590770 44
1704590898 60
1704591026 38



# Sketch: 28
1704590514 67
1704590642 68
1704590770 52
1704590898 56
1704591026 23



# Sketch: 29
1704590514 88
1704590642 36
1704590770 47
1704590898 71
1704591026 28



# Sketch: 30
1704590514 70
1704590642 42
1704590770 45
1704590898 39
1704591026 44



# Sketch: 31
1704590514 76
1704590642 101
1704590770 84
1704590898 79
1704591026 34

