

# Sketch: 0
0 1.08398
1 0.8876
2 0.671709
3 0.801494
4 0.610015
5 0.656901
6 1.69754
7 3.78843



# Sketch: 1
0 0.816666
1 0.798502
2 0.788541
3 0.760134
4 0.768774
5 0.537853
6 0.542497
7 0.708902



# Sketch: 2
0 0.477529
1 0.464823
2 0.465306
3 0.467777
4 0.489412
5 0.351539
6 0.459501
7 0.496369



# Sketch: 3
0 0.688692
1 0.573013
2 0.595667
3 0.580382
4 0.456068
5 0.321019
6 0.340297
7 0.528661



# Sketch: 4
0 0.222208
1 0.242716
2 0.392028
3 0.555099
4 0.410761
5 0.369555
6 0.992932
7 0.507397



# Sketch: 5
0 0.710136
1 0.671744
2 0.644261
3 0.616691
4 0.654625
5 0.664449
6 0.650967
7 0.384854



# Sketch: 6
0 0.762967
1 0.785928
2 0.722282
3 0.56942
4 0.383557
5 0.338152
6 0.299325
7 0.474107



# Sketch: 7
0 0.120314
1 0.0718717
2 0.204546
3 0.368105
4 0.194511
5 0.503626
6 1.00736
7 1.85957



# Sketch: 8
0 0.275438
1 0.3282
2 0.311155
3 0.27613
4 0.283264
5 0.342226
6 0.354161
7 0.334563



# Sketch: 9
0 0.548126
1 0.489285
2 0.490315
3 0.472408
4 0.493139
5 0.52314
6 0.540778
7 0.537547



# Sketch: 10
0 0.63968
1 0.59245
2 0.609072
3 0.559222
4 0.728602
5 0.580363
6 0.565398
7 0.688693



# Sketch: 11
0 1.46283
1 1.32972
2 1.65691
3 1.54119
4 1.32491
5 0.953048
6 0.623357
7 0.742843



# Sketch: 12
0 1.01425
1 1.21313
2 1.34417
3 1.97798
4 1.89195
5 0.741391
6 0.132794
7 0.251051



# Sketch: 13
0 0.590775
1 0.716497
2 0.616482
3 0.518377
4 0.416717
5 0.339102
6 0.418866
7 0.297841



# Sketch: 14
0 0.535837
1 0.57062
2 0.486232
3 0.680005
4 0.223322
5 0.201928
6 0.413197
7 0.438103



# Sketch: 15
0 0.319739
1 0.37892
2 0.358958
3 0.375534
4 0.532287
5 0.756977
6 1.0449
7 2.1877



# Sketch: 16
0 0.280291
1 0.288616
2 0.28184
3 0.289976
4 0.332839
5 0.280771
6 0.486547
7 0.441176



# Sketch: 17
0 0.668208
1 0.621409
2 0.645985
3 0.642415
4 0.640085
5 0.587462
6 0.617187
7 0.81711



# Sketch: 18
0 0.469324
1 0.450205
2 0.433267
3 0.468886
4 0.463281
5 0.315804
6 0.422718
7 0.883823



# Sketch: 19
0 0.589608
1 0.52954
2 0.46867
3 0.502253
4 0.942111
5 0.48291
6 0.354389
7 0.485874



# Sketch: 20
0 0.274421
1 0.241419
2 0.300575
3 0.187144
4 0.451671
5 0.142086
6 0.153287
7 0.91088



# Sketch: 21
0 0.272034
1 0.278831
2 0.098707
3 0.20182
4 0.113374
5 0.0337226
6 0.179658
7 0.188896



# Sketch: 22
0 1.41513
1 0.873267
2 0.787417
3 0.574266
4 0.388986
5 0.311282
6 0.262298
7 0.432838



# Sketch: 23
0 0.227423
1 0.217175
2 0.255853
3 0.628814
4 0.53399
5 0.889672
6 0.404269
7 0.323582



# Sketch: 24
0 0.702746
1 0.755495
2 0.779079
3 0.830309
4 1.40467
5 0.475793
6 0.398428
7 0.91529



# Sketch: 25
0 0.446096
1 0.479529
2 0.653599
3 0.609056
4 0.491857
5 0.433704
6 0.550328
7 0.434559



# Sketch: 26
0 0.680187
1 0.679222
2 0.653502
3 0.634281
4 0.60162
5 0.919601
6 0.746726
7 0.710229



# Sketch: 27
0 0.914836
1 0.936512
2 0.950977
3 0.817572
4 0.546519
5 0.592796
6 0.825038
7 0.926487



# Sketch: 28
0 0.798505
1 1.22233
2 1.22763
3 1.19475
4 0.74875
5 0.415763
6 0.353208
7 0.281924



# Sketch: 29
0 0.574357
1 0.70036
2 0.487357
3 0.392351
4 0.304157
5 0.270857
6 0.522316
7 0.697287



# Sketch: 30
0 0.43993
1 0.207021
2 0.160061
3 0.211418
4 1.03084
5 0.528277
6 0.055358
7 0.736358



# Sketch: 31
0 0.630957
1 0.593969
2 0.582157
3 0.557885
4 0.595775
5 0.603155
6 0.621512
7 0.741995

