

# Sketch: 0
0 0.304545
1 0.402127
2 0.449236
3 0.922534
4 0.763629
5 0.559781
6 0.672688
7 0.886127



# Sketch: 1
0 0.805475
1 0.778406
2 0.750156
3 0.69067
4 0.701869
5 0.714706
6 0.669911
7 0.776242



# Sketch: 2
0 0.492292
1 0.645601
2 0.363362
3 0.241893
4 0.160155
5 0.309234
6 0.0995015
7 0.272073



# Sketch: 3
0 0.22268
1 0.103809
2 0.165671
3 0.521912
4 0.420953
5 0.652134
6 0.612186
7 1.54024



# Sketch: 4
0 0.480169
1 0.405259
2 0.35019
3 0.360375
4 0.436497
5 0.975216
6 0.524895
7 0.657219



# Sketch: 5
0 0.63196
1 0.699274
2 0.732241
3 0.42903
4 0.32463
5 0.384407
6 1.0896
7 0.717672



# Sketch: 6
0 0.568487
1 0.532702
2 0.495947
3 0.463962
4 0.386402
5 0.447682
6 0.499386
7 1.13089



# Sketch: 7
0 1.85263
1 1.83931
2 1.95984
3 1.64146
4 0.702292
5 0.598578
6 0.877508
7 2.30939



# Sketch: 8
0 0.337376
1 0.333273
2 0.405369
3 0.403624
4 0.785168
5 0.909486
6 0.415335
7 0.490643



# Sketch: 9
0 0.944906
1 0.864207
2 0.87984
3 0.859225
4 1.21575
5 0.976798
6 0.673953
7 0.391368



# Sketch: 10
0 1.62473
1 1.52985
2 1.48877
3 1.3009
4 1.03549
5 1.23339
6 0.66621
7 0.237473



# Sketch: 11
0 0.535858
1 0.511591
2 0.508314
3 0.448342
4 0.377249
5 0.432673
6 0.478779
7 0.686369



# Sketch: 12
0 0.391719
1 0.248789
2 0.0829733
3 0.120729
4 0.283738
5 0.750436
6 0.193747
7 0.258119



# Sketch: 13
0 0.493519
1 0.47877
2 0.447525
3 0.455613
4 0.403511
5 0.451048
6 0.452755
7 0.38977



# Sketch: 14
0 0.224491
1 0.18552
2 0.287686
3 0.240184
4 0.194844
5 0.36693
6 0.357561
7 0.585816



# Sketch: 15
0 0.175388
1 0.240923
2 0.161194
3 0.196091
4 0.299955
5 0.249359
6 0.284241
7 0.280855



# Sketch: 16
0 0.288896
1 0.191654
2 0.193362
3 0.220287
4 0.352047
5 0.231939
6 0.336925
7 0.523209



# Sketch: 17
0 0.826695
1 0.792007
2 0.839443
3 0.684236
4 0.791416
5 0.329775
6 0.301288
7 0.416489



# Sketch: 18
0 0.866696
1 0.673742
2 0.551292
3 0.404212
4 0.332557
5 0.52694
6 0.406361
7 0.461106



# Sketch: 19
0 1.12151
1 0.879076
2 0.854958
3 0.677867
4 0.608082
5 1.02263
6 0.321749
7 2.27895



# Sketch: 20
0 0.480225
1 0.410426
2 0.385423
3 0.445496
4 0.373936
5 0.396574
6 0.438358
7 0.398022



# Sketch: 21
0 0.322955
1 0.320378
2 0.309308
3 0.316017
4 0.412662
5 0.377676
6 0.370691
7 0.442699



# Sketch: 22
0 0.198089
1 0.557436
2 1.291
3 0.927645
4 0.769041
5 1.10355
6 1.1107
7 0.624602



# Sketch: 23
0 1.26721
1 1.12667
2 0.917808
3 0.667696
4 0.589389
5 0.574624
6 0.753559
7 0.833797



# Sketch: 24
0 0.720407
1 0.843127
2 1.02358
3 1.42009
4 0.829359
5 0.410878
6 0.562521
7 0.580864



# Sketch: 25
0 0.353166
1 0.534836
2 0.344745
3 0.207608
4 0.151988
5 0.147213
6 0.545271
7 0.927514



# Sketch: 26
0 0.522
1 0.417886
2 0.361694
3 0.27152
4 0.276883
5 0.391036
6 1.498
7 2.75171



# Sketch: 27
0 1.13594
1 1.05849
2 0.96759
3 0.863198
4 0.814375
5 0.950443
6 0.874817
7 0.502448



# Sketch: 28
0 0.433122
1 0.419974
2 0.411038
3 0.38747
4 0.344152
5 0.383908
6 0.674323
7 0.732569



# Sketch: 29
0 0.762581
1 0.739707
2 0.723977
3 0.671414
4 0.586063
5 0.622165
6 0.624774
7 0.418579



# Sketch: 30
0 0.848073
1 0.653588
2 0.595952
3 0.555498
4 0.562224
5 0.523351
6 0.440049
7 0.517519



# Sketch: 31
0 0.57049
1 0.683364
2 0.871722
3 0.746839
4 0.441876
5 0.370766
6 0.201856
7 0.504569

