

# Sketch: 0
1704591714 19
1704591746 10
1704591778 13
1704591810 6
1704591842 33
1704591874 9
1704591906 16
1704591938 13
1704591970 17
1704592002 19
1704592034 13
1704592066 39
1704592098 17
1704592130 10
1704592162 22
1704592194 9
1704592226 11
1704592258 25
1704592290 17



# Sketch: 1
1704591714 14
1704591746 21
1704591778 11
1704591810 7
1704591842 39
1704591874 19
1704591906 17
1704591938 38
1704591970 37
1704592002 15
1704592034 8
1704592066 21
1704592098 19
1704592130 20
1704592162 4
1704592194 23
1704592226 19
1704592258 20
1704592290 12



# Sketch: 2
1704591714 13
1704591746 18
1704591778 11
1704591810 17
1704591842 16
1704591874 11
1704591906 16
1704591938 2
1704591970 20
1704592002 24
1704592034 14
1704592066 15
1704592098 11
1704592130 6
1704592162 11
1704592194 26
1704592226 10
1704592258 14
1704592290 12



# Sketch: 3
1704591714 12
1704591746 10
1704591778 14
1704591810 14
1704591842 23
1704591874 23
1704591906 28
1704591938 13
1704591970 16
1704592002 7
1704592034 12
1704592066 30
1704592098 12
1704592130 11
1704592162 33
1704592194 18
1704592226 16
1704592258 20
1704592290 16



# Sketch: 4
1704591714 7
1704591746 19
1704591778 9
1704591810 9
1704591842 30
1704591874 24
1704591906 10
1704591938 13
1704591970 9
1704592002 16
1704592034 22
1704592066 17
1704592098 11
1704592130 15
1704592162 17
1704592194 27
1704592226 12
1704592258 17
1704592290 12



# Sketch: 5
1704591714 14
1704591746 41
1704591778 22
1704591810 9
1704591842 24
1704591874 18
1704591906 22
1704591938 11
1704591970 18
1704592002 17
1704592034 16
1704592066 18
1704592098 19
1704592130 30
1704592162 27
1704592194 24
1704592226 10
1704592258 45
1704592290 12



# Sketch: 6
1704591714 11
1704591746 13
1704591778 9
1704591810 8
1704591842 24
1704591874 13
1704591906 29
1704591938 12
1704591970 29
1704592002 18
1704592034 10
1704592066 20
1704592098 15
1704592130 15
1704592162 22
1704592194 21
1704592226 11
1704592258 12
1704592290 6



# Sketch: 7
1704591714 11
1704591746 17
1704591778 8
1704591810 5
1704591842 11
1704591874 19
1704591906 16
1704591938 12
1704591970 24
1704592002 9
1704592034 11
1704592066 15
1704592098 13
1704592130 11
1704592162 15
1704592194 6
1704592226 10
1704592258 7
1704592290 8



# Sketch: 8
1704591714 7
1704591746 16
1704591778 6
1704591810 7
1704591842 20
1704591874 10
1704591906 11
1704591938 7
1704591970 9
1704592002 16
1704592034 10
1704592066 12
1704592098 6
1704592130 14
1704592162 15
1704592194 12
1704592226 15
1704592258 12
1704592290 6



# Sketch: 9
1704591714 27
1704591746 12
1704591778 10
1704591810 24
1704591842 22
1704591874 25
1704591906 20
1704591938 9
1704591970 10
1704592002 19
1704592034 18
1704592066 52
1704592098 10
1704592130 9
1704592162 8
1704592194 11
1704592226 9
1704592258 8
1704592290 18



# Sketch: 10
1704591714 12
1704591746 17
1704591778 17
1704591810 5
1704591842 10
1704591874 28
1704591906 15
1704591938 15
1704591970 16
1704592002 13
1704592034 14
1704592066 15
1704592098 19
1704592130 16
1704592162 9
1704592194 17
1704592226 12
1704592258 9
1704592290 7



# Sketch: 11
1704591714 4
1704591746 8
1704591778 18
1704591810 5
1704591842 32
1704591874 16
1704591906 18
1704591938 15
1704591970 14
1704592002 16
1704592034 23
1704592066 33
1704592098 12
1704592130 15
1704592162 20
1704592194 7
1704592226 9
1704592258 23
1704592290 11



# Sketch: 12
1704591714 9
1704591746 26
1704591778 10
1704591810 9
1704591842 19
1704591874 5
1704591906 14
1704591938 55
1704591970 15
1704592002 11
1704592034 6
1704592066 24
1704592098 15
1704592130 10
1704592162 43
1704592194 26
1704592226 21
1704592258 4
1704592290 5



# Sketch: 13
1704591714 21
1704591746 24
1704591778 14
1704591810 7
1704591842 17
1704591874 25
1704591906 20
1704591938 14
1704591970 32
1704592002 23
1704592034 4
1704592066 14
1704592098 8
1704592130 21
1704592162 21
1704592194 12
1704592226 6
1704592258 11
1704592290 8



# Sketch: 14
1704591714 6
1704591746 23
1704591778 8
1704591810 7
1704591842 14
1704591874 12
1704591906 14
1704591938 4
1704591970 17
1704592002 18
1704592034 6
1704592066 14
1704592098 5
1704592130 9
1704592162 11
1704592194 5
1704592226 12
1704592258 21
1704592290 15



# Sketch: 15
1704591714 17
1704591746 26
1704591778 14
1704591810 15
1704591842 16
1704591874 13
1704591906 11
1704591938 15
1704591970 20
1704592002 17
1704592034 23
1704592066 20
1704592098 13
1704592130 19
1704592162 22
1704592194 20
1704592226 16
1704592258 27
1704592290 6



# Sketch: 16
1704591714 14
1704591746 21
1704591778 8
1704591810 2
1704591842 19
1704591874 19
1704591906 31
1704591938 6
1704591970 21
1704592002 14
1704592034 9
1704592066 25
1704592098 15
1704592130 17
1704592162 9
1704592194 17
1704592226 16
1704592258 21
1704592290 8



# Sketch: 17
1704591714 11
1704591746 23
1704591778 8
1704591810 8
1704591842 15
1704591874 36
1704591906 18
1704591938 19
1704591970 11
1704592002 16
1704592034 10
1704592066 27
1704592098 18
1704592130 30
1704592162 28
1704592194 11
1704592226 18
1704592258 13
1704592290 5



# Sketch: 18
1704591714 9
1704591746 25
1704591778 20
1704591810 5
1704591842 15
1704591874 11
1704591906 13
1704591938 19
1704591970 15
1704592002 10
1704592034 30
1704592066 21
1704592098 30
1704592130 25
1704592162 6
1704592194 24
1704592226 22
1704592258 14
1704592290 8



# Sketch: 19
1704591714 16
1704591746 10
1704591778 39
1704591810 9
1704591842 14
1704591874 10
1704591906 5
1704591938 3
1704591970 23
1704592002 16
1704592034 2
1704592066 12
1704592098 18
1704592130 21
1704592162 7
1704592194 20
1704592226 15
1704592258 12
1704592290 6



# Sketch: 20
1704591714 6
1704591746 18
1704591778 13
1704591810 8
1704591842 12
1704591874 13
1704591906 9
1704591938 8
1704591970 8
1704592002 9
1704592034 20
1704592066 13
1704592098 10
1704592130 33
1704592162 13
1704592194 8
1704592226 6
1704592258 14
1704592290 18



# Sketch: 21
1704591714 14
1704591746 8
1704591778 18
1704591810 17
1704591842 10
1704591874 11
1704591906 28
1704591938 13
1704591970 25
1704592002 12
1704592034 11
1704592066 18
1704592098 11
1704592130 14
1704592162 9
1704592194 13
1704592226 11
1704592258 20
1704592290 6



# Sketch: 22
1704591714 10
1704591746 14
1704591778 10
1704591810 6
1704591842 13
1704591874 7
1704591906 9
1704591938 14
1704591970 14
1704592002 10
1704592034 13
1704592066 4
1704592098 12
1704592130 12
1704592162 23
1704592194 15
1704592226 9
1704592258 11
1704592290 18



# Sketch: 23
1704591714 7
1704591746 18
1704591778 14
1704591810 54
1704591842 11
1704591874 19
1704591906 29
1704591938 15
1704591970 41
1704592002 24
1704592034 34
1704592066 8
1704592098 13
1704592130 20
1704592162 18
1704592194 12
1704592226 11
1704592258 20
1704592290 26



# Sketch: 24
1704591714 26
1704591746 17
1704591778 35
1704591810 13
1704591842 27
1704591874 21
1704591906 28
1704591938 39
1704591970 35
1704592002 31
1704592034 42
1704592066 24
1704592098 26
1704592130 24
1704592162 21
1704592194 32
1704592226 28
1704592258 35
1704592290 15



# Sketch: 25
1704591714 11
1704591746 19
1704591778 17
1704591810 5
1704591842 43
1704591874 35
1704591906 9
1704591938 24
1704591970 24
1704592002 11
1704592034 15
1704592066 17
1704592098 22
1704592130 25
1704592162 4
1704592194 45
1704592226 25
1704592258 59
1704592290 6



# Sketch: 26
1704591714 25
1704591746 8
1704591778 8
1704591810 6
1704591842 19
1704591874 9
1704591906 15
1704591938 15
1704591970 13
1704592002 39
1704592034 23
1704592066 21
1704592098 9
1704592130 10
1704592162 20
1704592194 29
1704592226 12
1704592258 20
1704592290 7



# Sketch: 27
1704591714 13
1704591746 9
1704591778 10
1704591810 10
1704591842 13
1704591874 16
1704591906 10
1704591938 19
1704591970 8
1704592002 12
1704592034 15
1704592066 21
1704592098 8
1704592130 15
1704592162 18
1704592194 13
1704592226 16
1704592258 29
1704592290 6



# Sketch: 28
1704591714 12
1704591746 17
1704591778 15
1704591810 17
1704591842 14
1704591874 16
1704591906 10
1704591938 5
1704591970 11
1704592002 27
1704592034 24
1704592066 16
1704592098 18
1704592130 16
1704592162 16
1704592194 7
1704592226 28
1704592258 17
1704592290 10



# Sketch: 29
1704591714 32
1704591746 15
1704591778 21
1704591810 11
1704591842 32
1704591874 11
1704591906 14
1704591938 17
1704591970 19
1704592002 18
1704592034 13
1704592066 23
1704592098 30
1704592130 26
1704592162 14
1704592194 18
1704592226 27
1704592258 24
1704592290 112



# Sketch: 30
1704591714 8
1704591746 19
1704591778 5
1704591810 10
1704591842 10
1704591874 12
1704591906 12
1704591938 8
1704591970 27
1704592002 19
1704592034 11
1704592066 20
1704592098 12
1704592130 17
1704592162 11
1704592194 8
1704592226 11
1704592258 19
1704592290 12



# Sketch: 31
1704591714 21
1704591746 16
1704591778 30
1704591810 26
1704591842 26
1704591874 18
1704591906 40
1704591938 28
1704591970 19
1704592002 23
1704592034 49
1704592066 12
1704592098 9
1704592130 24
1704592162 17
1704592194 25
1704592226 12
1704592258 24
1704592290 12

