

# Sketch: 0
1704591714 2
1704591718 0
1704591722 0
1704591726 2
1704591730 2
1704591734 5
1704591738 2
1704591742 1
1704591746 0
1704591750 1
1704591754 1
1704591758 1
1704591762 1
1704591766 0
1704591770 1
1704591774 1
1704591778 2
1704591782 0
1704591786 2
1704591790 2
1704591794 3
1704591798 2
1704591802 0
1704591806 2
1704591810 0
1704591814 1
1704591818 0
1704591822 1
1704591826 0
1704591830 2
1704591834 1
1704591838 0
1704591842 3
1704591846 2
1704591850 0
1704591854 4
1704591858 0
1704591862 1
1704591866 1
1704591870 2
1704591874 0
1704591878 0
1704591882 0
1704591886 0
1704591890 3
1704591894 3
1704591898 1
1704591902 1
1704591906 3
1704591910 2
1704591914 1
1704591918 1
1704591922 1
1704591926 0
1704591930 2
1704591934 0
1704591938 0
1704591942 2
1704591946 0
1704591950 2
1704591954 0
1704591958 0
1704591962 1
1704591966 2
1704591970 7
1704591974 6
1704591978 4
1704591982 3
1704591986 1
1704591990 5
1704591994 1
1704591998 5
1704592002 3
1704592006 3
1704592010 0
1704592014 0
1704592018 1
1704592022 1
1704592026 6
1704592030 1
1704592034 1
1704592038 1
1704592042 0
1704592046 1
1704592050 1
1704592054 1
1704592058 1
1704592062 4
1704592066 0
1704592070 3
1704592074 0
1704592078 0
1704592082 6
1704592086 2
1704592090 3
1704592094 0
1704592098 0
1704592102 2
1704592106 3
1704592110 1
1704592114 0
1704592118 3
1704592122 2
1704592126 4
1704592130 0
1704592134 5
1704592138 11
1704592142 0
1704592146 2
1704592150 2
1704592154 3
1704592158 2
1704592162 0
1704592166 1
1704592170 7
1704592174 1
1704592178 2
1704592182 1
1704592186 1
1704592190 1
1704592194 1
1704592198 8
1704592202 7
1704592206 3
1704592210 1
1704592214 9
1704592218 1
1704592222 1
1704592226 3
1704592230 2
1704592234 1
1704592238 0
1704592242 0
1704592246 0
1704592250 0
1704592254 1
1704592258 3
1704592262 9
1704592266 1
1704592270 3
1704592274 0
1704592278 3
1704592282 5
1704592286 1
1704592290 0
1704592294 1
1704592298 9
1704592302 0
1704592306 2
1704592310 3



# Sketch: 1
1704591714 0
1704591718 0
1704591722 0
1704591726 1
1704591730 0
1704591734 2
1704591738 1
1704591742 3
1704591746 2
1704591750 9
1704591754 1
1704591758 3
1704591762 1
1704591766 1
1704591770 1
1704591774 5
1704591778 4
1704591782 0
1704591786 2
1704591790 2
1704591794 0
1704591798 2
1704591802 1
1704591806 2
1704591810 1
1704591814 2
1704591818 0
1704591822 0
1704591826 0
1704591830 0
1704591834 2
1704591838 2
1704591842 4
1704591846 2
1704591850 0
1704591854 3
1704591858 1
1704591862 3
1704591866 4
1704591870 1
1704591874 2
1704591878 2
1704591882 1
1704591886 3
1704591890 12
1704591894 5
1704591898 0
1704591902 6
1704591906 6
1704591910 3
1704591914 2
1704591918 1
1704591922 2
1704591926 0
1704591930 0
1704591934 1
1704591938 6
1704591942 2
1704591946 0
1704591950 3
1704591954 1
1704591958 1
1704591962 2
1704591966 1
1704591970 3
1704591974 3
1704591978 0
1704591982 2
1704591986 1
1704591990 4
1704591994 2
1704591998 4
1704592002 4
1704592006 0
1704592010 0
1704592014 7
1704592018 2
1704592022 4
1704592026 5
1704592030 25
1704592034 13
1704592038 5
1704592042 0
1704592046 0
1704592050 2
1704592054 3
1704592058 3
1704592062 5
1704592066 2
1704592070 2
1704592074 1
1704592078 2
1704592082 6
1704592086 3
1704592090 0
1704592094 4
1704592098 0
1704592102 1
1704592106 4
1704592110 0
1704592114 0
1704592118 0
1704592122 1
1704592126 1
1704592130 2
1704592134 1
1704592138 9
1704592142 1
1704592146 0
1704592150 1
1704592154 0
1704592158 1
1704592162 0
1704592166 2
1704592170 1
1704592174 0
1704592178 6
1704592182 0
1704592186 14
1704592190 3
1704592194 2
1704592198 4
1704592202 1
1704592206 2
1704592210 1
1704592214 1
1704592218 1
1704592222 1
1704592226 2
1704592230 1
1704592234 5
1704592238 0
1704592242 1
1704592246 0
1704592250 1
1704592254 2
1704592258 0
1704592262 2
1704592266 4
1704592270 0
1704592274 2
1704592278 4
1704592282 6
1704592286 2
1704592290 6
1704592294 6
1704592298 7
1704592302 0
1704592306 0
1704592310 0



# Sketch: 2
1704591714 2
1704591718 0
1704591722 2
1704591726 0
1704591730 1
1704591734 0
1704591738 3
1704591742 0
1704591746 0
1704591750 1
1704591754 2
1704591758 0
1704591762 2
1704591766 2
1704591770 3
1704591774 0
1704591778 0
1704591782 7
1704591786 4
1704591790 1
1704591794 3
1704591798 3
1704591802 4
1704591806 6
1704591810 3
1704591814 5
1704591818 3
1704591822 0
1704591826 0
1704591830 0
1704591834 4
1704591838 3
1704591842 3
1704591846 3
1704591850 2
1704591854 1
1704591858 1
1704591862 2
1704591866 0
1704591870 8
1704591874 1
1704591878 0
1704591882 0
1704591886 2
1704591890 1
1704591894 1
1704591898 0
1704591902 7
1704591906 4
1704591910 3
1704591914 3
1704591918 1
1704591922 2
1704591926 3
1704591930 4
1704591934 4
1704591938 1
1704591942 0
1704591946 1
1704591950 1
1704591954 1
1704591958 4
1704591962 2
1704591966 17
1704591970 0
1704591974 8
1704591978 2
1704591982 4
1704591986 3
1704591990 2
1704591994 1
1704591998 0
1704592002 1
1704592006 0
1704592010 2
1704592014 4
1704592018 2
1704592022 3
1704592026 2
1704592030 4
1704592034 11
1704592038 8
1704592042 3
1704592046 3
1704592050 6
1704592054 4
1704592058 9
1704592062 4
1704592066 2
1704592070 9
1704592074 5
1704592078 1
1704592082 1
1704592086 2
1704592090 1
1704592094 1
1704592098 4
1704592102 0
1704592106 7
1704592110 5
1704592114 2
1704592118 1
1704592122 1
1704592126 1
1704592130 2
1704592134 3
1704592138 1
1704592142 7
1704592146 2
1704592150 3
1704592154 7
1704592158 1
1704592162 6
1704592166 1
1704592170 4
1704592174 0
1704592178 5
1704592182 0
1704592186 7
1704592190 3
1704592194 2
1704592198 4
1704592202 0
1704592206 3
1704592210 1
1704592214 0
1704592218 1
1704592222 1
1704592226 2
1704592230 1
1704592234 4
1704592238 2
1704592242 0
1704592246 0
1704592250 0
1704592254 1
1704592258 2
1704592262 7
1704592266 1
1704592270 1
1704592274 1
1704592278 4
1704592282 2
1704592286 1
1704592290 4
1704592294 1
1704592298 2
1704592302 2
1704592306 2
1704592310 1



# Sketch: 3
1704591714 0
1704591718 1
1704591722 0
1704591726 0
1704591730 1
1704591734 7
1704591738 0
1704591742 0
1704591746 0
1704591750 2
1704591754 1
1704591758 1
1704591762 0
1704591766 1
1704591770 4
1704591774 5
1704591778 0
1704591782 1
1704591786 1
1704591790 1
1704591794 1
1704591798 2
1704591802 4
1704591806 2
1704591810 0
1704591814 1
1704591818 2
1704591822 1
1704591826 1
1704591830 0
1704591834 0
1704591838 0
1704591842 4
1704591846 1
1704591850 0
1704591854 1
1704591858 0
1704591862 2
1704591866 1
1704591870 0
1704591874 2
1704591878 3
1704591882 6
1704591886 2
1704591890 1
1704591894 3
1704591898 0
1704591902 2
1704591906 2
1704591910 0
1704591914 0
1704591918 1
1704591922 1
1704591926 1
1704591930 0
1704591934 1
1704591938 0
1704591942 0
1704591946 0
1704591950 0
1704591954 1
1704591958 1
1704591962 2
1704591966 0
1704591970 1
1704591974 0
1704591978 4
1704591982 0
1704591986 1
1704591990 1
1704591994 2
1704591998 0
1704592002 1
1704592006 4
1704592010 2
1704592014 1
1704592018 2
1704592022 1
1704592026 3
1704592030 1
1704592034 0
1704592038 1
1704592042 1
1704592046 0
1704592050 1
1704592054 0
1704592058 0
1704592062 4
1704592066 0
1704592070 0
1704592074 0
1704592078 2
1704592082 4
1704592086 1
1704592090 3
1704592094 3
1704592098 8
1704592102 6
1704592106 7
1704592110 1
1704592114 1
1704592118 0
1704592122 5
1704592126 2
1704592130 0
1704592134 13
1704592138 2
1704592142 0
1704592146 4
1704592150 1
1704592154 1
1704592158 0
1704592162 2
1704592166 5
1704592170 1
1704592174 3
1704592178 1
1704592182 1
1704592186 2
1704592190 0
1704592194 1
1704592198 3
1704592202 9
1704592206 5
1704592210 1
1704592214 1
1704592218 1
1704592222 1
1704592226 0
1704592230 0
1704592234 0
1704592238 1
1704592242 0
1704592246 3
1704592250 2
1704592254 1
1704592258 1
1704592262 5
1704592266 0
1704592270 1
1704592274 0
1704592278 2
1704592282 1
1704592286 2
1704592290 3
1704592294 1
1704592298 1
1704592302 2
1704592306 3
1704592310 1



# Sketch: 4
1704591714 1
1704591718 0
1704591722 2
1704591726 1
1704591730 2
1704591734 6
1704591738 0
1704591742 0
1704591746 2
1704591750 4
1704591754 0
1704591758 1
1704591762 1
1704591766 0
1704591770 0
1704591774 5
1704591778 0
1704591782 2
1704591786 2
1704591790 3
1704591794 3
1704591798 6
1704591802 0
1704591806 3
1704591810 1
1704591814 0
1704591818 1
1704591822 1
1704591826 1
1704591830 3
1704591834 2
1704591838 0
1704591842 5
1704591846 0
1704591850 2
1704591854 3
1704591858 1
1704591862 1
1704591866 4
1704591870 2
1704591874 0
1704591878 1
1704591882 1
1704591886 3
1704591890 1
1704591894 4
1704591898 2
1704591902 3
1704591906 2
1704591910 3
1704591914 6
1704591918 4
1704591922 1
1704591926 1
1704591930 0
1704591934 1
1704591938 0
1704591942 1
1704591946 0
1704591950 1
1704591954 1
1704591958 0
1704591962 0
1704591966 5
1704591970 1
1704591974 7
1704591978 1
1704591982 7
1704591986 0
1704591990 0
1704591994 3
1704591998 1
1704592002 5
1704592006 1
1704592010 2
1704592014 2
1704592018 1
1704592022 0
1704592026 10
1704592030 1
1704592034 5
1704592038 2
1704592042 2
1704592046 0
1704592050 0
1704592054 3
1704592058 1
1704592062 5
1704592066 0
1704592070 1
1704592074 3
1704592078 0
1704592082 5
1704592086 2
1704592090 3
1704592094 2
1704592098 0
1704592102 0
1704592106 3
1704592110 3
1704592114 2
1704592118 1
1704592122 2
1704592126 1
1704592130 2
1704592134 3
1704592138 3
1704592142 0
1704592146 0
1704592150 4
1704592154 1
1704592158 1
1704592162 1
1704592166 0
1704592170 0
1704592174 1
1704592178 0
1704592182 2
1704592186 3
1704592190 4
1704592194 1
1704592198 1
1704592202 3
1704592206 2
1704592210 1
1704592214 8
1704592218 3
1704592222 0
1704592226 5
1704592230 3
1704592234 5
1704592238 1
1704592242 0
1704592246 2
1704592250 0
1704592254 2
1704592258 1
1704592262 2
1704592266 1
1704592270 2
1704592274 2
1704592278 2
1704592282 1
1704592286 8
1704592290 2
1704592294 5
1704592298 1
1704592302 0
1704592306 2
1704592310 0



# Sketch: 5
1704591714 0
1704591718 1
1704591722 3
1704591726 3
1704591730 1
1704591734 0
1704591738 3
1704591742 1
1704591746 3
1704591750 1
1704591754 7
1704591758 1
1704591762 1
1704591766 1
1704591770 7
1704591774 2
1704591778 4
1704591782 2
1704591786 0
1704591790 3
1704591794 1
1704591798 2
1704591802 0
1704591806 0
1704591810 0
1704591814 1
1704591818 1
1704591822 0
1704591826 3
1704591830 0
1704591834 0
1704591838 2
1704591842 1
1704591846 18
1704591850 3
1704591854 2
1704591858 0
1704591862 0
1704591866 2
1704591870 1
1704591874 2
1704591878 2
1704591882 10
1704591886 2
1704591890 1
1704591894 4
1704591898 0
1704591902 1
1704591906 4
1704591910 1
1704591914 0
1704591918 9
1704591922 1
1704591926 2
1704591930 2
1704591934 0
1704591938 0
1704591942 3
1704591946 4
1704591950 1
1704591954 5
1704591958 0
1704591962 2
1704591966 2
1704591970 0
1704591974 6
1704591978 0
1704591982 4
1704591986 4
1704591990 2
1704591994 3
1704591998 4
1704592002 8
1704592006 0
1704592010 0
1704592014 2
1704592018 4
1704592022 10
1704592026 2
1704592030 2
1704592034 0
1704592038 3
1704592042 3
1704592046 8
1704592050 2
1704592054 6
1704592058 6
1704592062 1
1704592066 2
1704592070 0
1704592074 0
1704592078 2
1704592082 3
1704592086 2
1704592090 0
1704592094 6
1704592098 2
1704592102 1
1704592106 4
1704592110 4
1704592114 0
1704592118 1
1704592122 1
1704592126 4
1704592130 1
1704592134 4
1704592138 17
1704592142 5
1704592146 3
1704592150 3
1704592154 1
1704592158 0
1704592162 1
1704592166 3
1704592170 4
1704592174 1
1704592178 3
1704592182 2
1704592186 3
1704592190 0
1704592194 1
1704592198 1
1704592202 2
1704592206 1
1704592210 2
1704592214 2
1704592218 1
1704592222 0
1704592226 1
1704592230 3
1704592234 1
1704592238 1
1704592242 1
1704592246 6
1704592250 1
1704592254 1
1704592258 4
1704592262 2
1704592266 4
1704592270 15
1704592274 4
1704592278 7
1704592282 12
1704592286 1
1704592290 0
1704592294 0
1704592298 3
1704592302 1
1704592306 2
1704592310 1



# Sketch: 6
1704591714 2
1704591718 2
1704591722 6
1704591726 2
1704591730 4
1704591734 3
1704591738 11
1704591742 3
1704591746 4
1704591750 8
1704591754 15
1704591758 0
1704591762 2
1704591766 1
1704591770 2
1704591774 0
1704591778 2
1704591782 1
1704591786 0
1704591790 2
1704591794 1
1704591798 1
1704591802 1
1704591806 0
1704591810 4
1704591814 3
1704591818 0
1704591822 0
1704591826 1
1704591830 0
1704591834 0
1704591838 1
1704591842 1
1704591846 1
1704591850 0
1704591854 5
1704591858 10
1704591862 3
1704591866 3
1704591870 3
1704591874 3
1704591878 2
1704591882 0
1704591886 2
1704591890 11
1704591894 1
1704591898 14
1704591902 0
1704591906 1
1704591910 9
1704591914 1
1704591918 3
1704591922 1
1704591926 1
1704591930 2
1704591934 2
1704591938 4
1704591942 0
1704591946 0
1704591950 4
1704591954 3
1704591958 0
1704591962 3
1704591966 3
1704591970 7
1704591974 2
1704591978 3
1704591982 0
1704591986 3
1704591990 2
1704591994 3
1704591998 3
1704592002 1
1704592006 0
1704592010 2
1704592014 2
1704592018 2
1704592022 2
1704592026 2
1704592030 4
1704592034 1
1704592038 1
1704592042 0
1704592046 3
1704592050 0
1704592054 2
1704592058 4
1704592062 1
1704592066 4
1704592070 1
1704592074 0
1704592078 2
1704592082 5
1704592086 9
1704592090 3
1704592094 6
1704592098 1
1704592102 1
1704592106 2
1704592110 0
1704592114 2
1704592118 2
1704592122 3
1704592126 1
1704592130 1
1704592134 6
1704592138 0
1704592142 1
1704592146 2
1704592150 0
1704592154 1
1704592158 1
1704592162 0
1704592166 4
1704592170 2
1704592174 0
1704592178 2
1704592182 1
1704592186 1
1704592190 3
1704592194 8
1704592198 0
1704592202 12
1704592206 5
1704592210 0
1704592214 3
1704592218 4
1704592222 0
1704592226 2
1704592230 1
1704592234 1
1704592238 4
1704592242 2
1704592246 2
1704592250 1
1704592254 1
1704592258 1
1704592262 0
1704592266 0
1704592270 0
1704592274 3
1704592278 2
1704592282 2
1704592286 1
1704592290 1
1704592294 3
1704592298 0
1704592302 2
1704592306 0
1704592310 1



# Sketch: 7
1704591714 0
1704591718 0
1704591722 3
1704591726 0
1704591730 1
1704591734 4
1704591738 5
1704591742 0
1704591746 1
1704591750 1
1704591754 3
1704591758 2
1704591762 0
1704591766 1
1704591770 2
1704591774 2
1704591778 0
1704591782 2
1704591786 2
1704591790 1
1704591794 4
1704591798 2
1704591802 1
1704591806 1
1704591810 2
1704591814 1
1704591818 2
1704591822 0
1704591826 1
1704591830 1
1704591834 0
1704591838 0
1704591842 1
1704591846 13
1704591850 0
1704591854 5
1704591858 3
1704591862 4
1704591866 3
1704591870 5
1704591874 1
1704591878 0
1704591882 8
1704591886 2
1704591890 3
1704591894 2
1704591898 0
1704591902 2
1704591906 0
1704591910 2
1704591914 11
1704591918 1
1704591922 0
1704591926 0
1704591930 1
1704591934 1
1704591938 1
1704591942 2
1704591946 0
1704591950 4
1704591954 1
1704591958 0
1704591962 2
1704591966 6
1704591970 0
1704591974 6
1704591978 2
1704591982 7
1704591986 2
1704591990 2
1704591994 1
1704591998 1
1704592002 2
1704592006 3
1704592010 2
1704592014 1
1704592018 6
1704592022 0
1704592026 2
1704592030 2
1704592034 4
1704592038 4
1704592042 4
1704592046 2
1704592050 0
1704592054 5
1704592058 4
1704592062 4
1704592066 2
1704592070 1
1704592074 0
1704592078 6
1704592082 4
1704592086 4
1704592090 4
1704592094 6
1704592098 2
1704592102 3
1704592106 1
1704592110 1
1704592114 0
1704592118 0
1704592122 2
1704592126 0
1704592130 1
1704592134 4
1704592138 1
1704592142 3
1704592146 0
1704592150 1
1704592154 6
1704592158 0
1704592162 0
1704592166 4
1704592170 1
1704592174 1
1704592178 3
1704592182 0
1704592186 4
1704592190 2
1704592194 1
1704592198 4
1704592202 2
1704592206 1
1704592210 2
1704592214 3
1704592218 4
1704592222 1
1704592226 1
1704592230 3
1704592234 2
1704592238 1
1704592242 2
1704592246 1
1704592250 1
1704592254 1
1704592258 3
1704592262 1
1704592266 1
1704592270 0
1704592274 5
1704592278 4
1704592282 3
1704592286 0
1704592290 6
1704592294 2
1704592298 1
1704592302 1
1704592306 1
1704592310 0



# Sketch: 8
1704591714 0
1704591718 1
1704591722 0
1704591726 0
1704591730 3
1704591734 0
1704591738 2
1704591742 10
1704591746 4
1704591750 4
1704591754 2
1704591758 1
1704591762 4
1704591766 7
1704591770 1
1704591774 6
1704591778 0
1704591782 5
1704591786 5
1704591790 2
1704591794 1
1704591798 3
1704591802 1
1704591806 3
1704591810 5
1704591814 2
1704591818 0
1704591822 0
1704591826 0
1704591830 3
1704591834 4
1704591838 3
1704591842 3
1704591846 3
1704591850 2
1704591854 1
1704591858 0
1704591862 7
1704591866 27
1704591870 1
1704591874 0
1704591878 5
1704591882 0
1704591886 3
1704591890 3
1704591894 2
1704591898 0
1704591902 5
1704591906 4
1704591910 1
1704591914 2
1704591918 1
1704591922 3
1704591926 0
1704591930 5
1704591934 4
1704591938 4
1704591942 1
1704591946 0
1704591950 4
1704591954 3
1704591958 5
1704591962 1
1704591966 16
1704591970 9
1704591974 4
1704591978 0
1704591982 1
1704591986 1
1704591990 0
1704591994 3
1704591998 3
1704592002 3
1704592006 1
1704592010 0
1704592014 3
1704592018 3
1704592022 8
1704592026 4
1704592030 5
1704592034 8
1704592038 6
1704592042 5
1704592046 7
1704592050 5
1704592054 0
1704592058 4
1704592062 1
1704592066 4
1704592070 2
1704592074 1
1704592078 13
1704592082 0
1704592086 3
1704592090 2
1704592094 2
1704592098 0
1704592102 0
1704592106 0
1704592110 6
1704592114 3
1704592118 1
1704592122 0
1704592126 1
1704592130 4
1704592134 4
1704592138 1
1704592142 11
1704592146 2
1704592150 4
1704592154 4
1704592158 1
1704592162 0
1704592166 2
1704592170 4
1704592174 3
1704592178 2
1704592182 1
1704592186 6
1704592190 2
1704592194 2
1704592198 0
1704592202 2
1704592206 0
1704592210 1
1704592214 1
1704592218 1
1704592222 1
1704592226 0
1704592230 1
1704592234 2
1704592238 0
1704592242 1
1704592246 1
1704592250 3
1704592254 0
1704592258 2
1704592262 5
1704592266 1
1704592270 2
1704592274 9
1704592278 0
1704592282 1
1704592286 4
1704592290 4
1704592294 0
1704592298 0
1704592302 4
1704592306 0
1704592310 9



# Sketch: 9
1704591714 1
1704591718 1
1704591722 2
1704591726 1
1704591730 0
1704591734 2
1704591738 1
1704591742 3
1704591746 0
1704591750 3
1704591754 0
1704591758 1
1704591762 1
1704591766 4
1704591770 0
1704591774 3
1704591778 0
1704591782 2
1704591786 4
1704591790 4
1704591794 0
1704591798 0
1704591802 1
1704591806 0
1704591810 1
1704591814 2
1704591818 0
1704591822 3
1704591826 0
1704591830 1
1704591834 1
1704591838 0
1704591842 2
1704591846 5
1704591850 4
1704591854 3
1704591858 2
1704591862 2
1704591866 1
1704591870 1
1704591874 0
1704591878 0
1704591882 0
1704591886 0
1704591890 2
1704591894 1
1704591898 0
1704591902 0
1704591906 2
1704591910 3
1704591914 2
1704591918 0
1704591922 0
1704591926 5
1704591930 0
1704591934 2
1704591938 0
1704591942 0
1704591946 0
1704591950 3
1704591954 3
1704591958 0
1704591962 3
1704591966 0
1704591970 2
1704591974 1
1704591978 1
1704591982 1
1704591986 1
1704591990 2
1704591994 0
1704591998 2
1704592002 6
1704592006 1
1704592010 2
1704592014 0
1704592018 2
1704592022 0
1704592026 2
1704592030 4
1704592034 1
1704592038 2
1704592042 3
1704592046 3
1704592050 2
1704592054 0
1704592058 0
1704592062 1
1704592066 5
1704592070 4
1704592074 1
1704592078 0
1704592082 3
1704592086 2
1704592090 5
1704592094 0
1704592098 0
1704592102 2
1704592106 2
1704592110 0
1704592114 1
1704592118 0
1704592122 3
1704592126 2
1704592130 5
1704592134 16
1704592138 2
1704592142 7
1704592146 2
1704592150 1
1704592154 2
1704592158 0
1704592162 0
1704592166 1
1704592170 4
1704592174 0
1704592178 0
1704592182 4
1704592186 7
1704592190 0
1704592194 0
1704592198 3
1704592202 1
1704592206 3
1704592210 3
1704592214 1
1704592218 0
1704592222 2
1704592226 2
1704592230 1
1704592234 3
1704592238 6
1704592242 4
1704592246 5
1704592250 1
1704592254 0
1704592258 3
1704592262 1
1704592266 4
1704592270 1
1704592274 0
1704592278 0
1704592282 1
1704592286 0
1704592290 0
1704592294 0
1704592298 0
1704592302 4
1704592306 0
1704592310 2



# Sketch: 10
1704591714 4
1704591718 0
1704591722 0
1704591726 5
1704591730 3
1704591734 5
1704591738 2
1704591742 6
1704591746 0
1704591750 0
1704591754 6
1704591758 1
1704591762 3
1704591766 1
1704591770 4
1704591774 2
1704591778 2
1704591782 2
1704591786 0
1704591790 1
1704591794 0
1704591798 2
1704591802 0
1704591806 4
1704591810 1
1704591814 3
1704591818 0
1704591822 0
1704591826 1
1704591830 0
1704591834 2
1704591838 2
1704591842 5
1704591846 0
1704591850 1
1704591854 2
1704591858 3
1704591862 1
1704591866 1
1704591870 1
1704591874 2
1704591878 2
1704591882 9
1704591886 2
1704591890 1
1704591894 0
1704591898 0
1704591902 4
1704591906 2
1704591910 2
1704591914 4
1704591918 3
1704591922 1
1704591926 1
1704591930 1
1704591934 1
1704591938 3
1704591942 5
1704591946 0
1704591950 3
1704591954 3
1704591958 0
1704591962 0
1704591966 5
1704591970 2
1704591974 1
1704591978 3
1704591982 2
1704591986 2
1704591990 13
1704591994 5
1704591998 6
1704592002 4
1704592006 0
1704592010 0
1704592014 2
1704592018 0
1704592022 0
1704592026 2
1704592030 5
1704592034 2
1704592038 4
1704592042 2
1704592046 3
1704592050 1
1704592054 2
1704592058 1
1704592062 4
1704592066 2
1704592070 0
1704592074 3
1704592078 3
1704592082 2
1704592086 3
1704592090 5
1704592094 1
1704592098 1
1704592102 2
1704592106 3
1704592110 4
1704592114 8
1704592118 0
1704592122 2
1704592126 0
1704592130 2
1704592134 0
1704592138 1
1704592142 0
1704592146 1
1704592150 0
1704592154 0
1704592158 0
1704592162 2
1704592166 11
1704592170 4
1704592174 1
1704592178 3
1704592182 0
1704592186 2
1704592190 2
1704592194 1
1704592198 5
1704592202 4
1704592206 1
1704592210 6
1704592214 2
1704592218 0
1704592222 2
1704592226 0
1704592230 1
1704592234 3
1704592238 3
1704592242 1
1704592246 1
1704592250 1
1704592254 1
1704592258 1
1704592262 3
1704592266 1
1704592270 1
1704592274 3
1704592278 3
1704592282 3
1704592286 1
1704592290 2
1704592294 3
1704592298 2
1704592302 5
1704592306 0
1704592310 2



# Sketch: 11
1704591714 1
1704591718 0
1704591722 1
1704591726 3
1704591730 1
1704591734 2
1704591738 1
1704591742 0
1704591746 0
1704591750 2
1704591754 1
1704591758 4
1704591762 0
1704591766 1
1704591770 1
1704591774 1
1704591778 1
1704591782 1
1704591786 1
1704591790 2
1704591794 1
1704591798 0
1704591802 1
1704591806 2
1704591810 1
1704591814 2
1704591818 3
1704591822 0
1704591826 0
1704591830 1
1704591834 0
1704591838 3
1704591842 4
1704591846 3
1704591850 1
1704591854 2
1704591858 3
1704591862 11
1704591866 9
1704591870 1
1704591874 4
1704591878 1
1704591882 2
1704591886 3
1704591890 3
1704591894 0
1704591898 1
1704591902 5
1704591906 1
1704591910 9
1704591914 7
1704591918 5
1704591922 2
1704591926 10
1704591930 0
1704591934 1
1704591938 0
1704591942 1
1704591946 2
1704591950 1
1704591954 1
1704591958 1
1704591962 1
1704591966 0
1704591970 3
1704591974 3
1704591978 2
1704591982 2
1704591986 1
1704591990 2
1704591994 0
1704591998 3
1704592002 2
1704592006 0
1704592010 1
1704592014 1
1704592018 0
1704592022 2
1704592026 0
1704592030 1
1704592034 1
1704592038 1
1704592042 1
1704592046 6
1704592050 1
1704592054 1
1704592058 0
1704592062 4
1704592066 4
1704592070 1
1704592074 0
1704592078 2
1704592082 6
1704592086 3
1704592090 2
1704592094 1
1704592098 2
1704592102 1
1704592106 5
1704592110 0
1704592114 2
1704592118 1
1704592122 0
1704592126 0
1704592130 4
1704592134 2
1704592138 3
1704592142 0
1704592146 1
1704592150 0
1704592154 1
1704592158 2
1704592162 1
1704592166 0
1704592170 5
1704592174 0
1704592178 0
1704592182 3
1704592186 1
1704592190 0
1704592194 0
1704592198 0
1704592202 3
1704592206 2
1704592210 2
1704592214 2
1704592218 1
1704592222 3
1704592226 2
1704592230 0
1704592234 1
1704592238 1
1704592242 2
1704592246 2
1704592250 2
1704592254 0
1704592258 0
1704592262 2
1704592266 3
1704592270 1
1704592274 3
1704592278 3
1704592282 6
1704592286 5
1704592290 4
1704592294 4
1704592298 5
1704592302 94
1704592306 13
1704592310 9



# Sketch: 12
1704591714 0
1704591718 1
1704591722 3
1704591726 3
1704591730 0
1704591734 0
1704591738 3
1704591742 2
1704591746 1
1704591750 2
1704591754 13
1704591758 1
1704591762 0
1704591766 10
1704591770 3
1704591774 6
1704591778 0
1704591782 2
1704591786 3
1704591790 1
1704591794 0
1704591798 2
1704591802 3
1704591806 3
1704591810 3
1704591814 2
1704591818 0
1704591822 1
1704591826 0
1704591830 5
1704591834 2
1704591838 8
1704591842 4
1704591846 6
1704591850 2
1704591854 11
1704591858 1
1704591862 2
1704591866 4
1704591870 0
1704591874 2
1704591878 0
1704591882 2
1704591886 4
1704591890 3
1704591894 2
1704591898 0
1704591902 1
1704591906 3
1704591910 3
1704591914 0
1704591918 5
1704591922 5
1704591926 0
1704591930 0
1704591934 2
1704591938 0
1704591942 7
1704591946 0
1704591950 0
1704591954 1
1704591958 2
1704591962 48
1704591966 1
1704591970 6
1704591974 0
1704591978 7
1704591982 2
1704591986 2
1704591990 2
1704591994 2
1704591998 1
1704592002 1
1704592006 0
1704592010 0
1704592014 3
1704592018 6
1704592022 0
1704592026 3
1704592030 2
1704592034 1
1704592038 1
1704592042 1
1704592046 2
1704592050 2
1704592054 0
1704592058 0
1704592062 1
1704592066 5
1704592070 2
1704592074 5
1704592078 2
1704592082 5
1704592086 0
1704592090 2
1704592094 3
1704592098 1
1704592102 0
1704592106 1
1704592110 2
1704592114 1
1704592118 1
1704592122 1
1704592126 2
1704592130 4
1704592134 1
1704592138 3
1704592142 2
1704592146 1
1704592150 1
1704592154 2
1704592158 0
1704592162 1
1704592166 2
1704592170 5
1704592174 3
1704592178 2
1704592182 0
1704592186 3
1704592190 1
1704592194 3
1704592198 0
1704592202 4
1704592206 2
1704592210 7
1704592214 1
1704592218 1
1704592222 2
1704592226 5
1704592230 1
1704592234 3
1704592238 1
1704592242 2
1704592246 5
1704592250 1
1704592254 3
1704592258 3
1704592262 0
1704592266 2
1704592270 2
1704592274 3
1704592278 2
1704592282 0
1704592286 1
1704592290 1
1704592294 12
1704592298 1
1704592302 0
1704592306 0
1704592310 5



# Sketch: 13
1704591714 3
1704591718 1
1704591722 1
1704591726 1
1704591730 1
1704591734 1
1704591738 4
1704591742 1
1704591746 0
1704591750 2
1704591754 0
1704591758 4
1704591762 0
1704591766 2
1704591770 0
1704591774 4
1704591778 3
1704591782 7
1704591786 2
1704591790 1
1704591794 3
1704591798 1
1704591802 0
1704591806 8
1704591810 7
1704591814 2
1704591818 1
1704591822 2
1704591826 1
1704591830 2
1704591834 4
1704591838 4
1704591842 0
1704591846 1
1704591850 1
1704591854 1
1704591858 7
1704591862 0
1704591866 0
1704591870 2
1704591874 1
1704591878 1
1704591882 0
1704591886 2
1704591890 3
1704591894 0
1704591898 5
1704591902 5
1704591906 3
1704591910 1
1704591914 5
1704591918 2
1704591922 2
1704591926 3
1704591930 5
1704591934 3
1704591938 0
1704591942 0
1704591946 0
1704591950 4
1704591954 4
1704591958 3
1704591962 8
1704591966 10
1704591970 11
1704591974 2
1704591978 0
1704591982 4
1704591986 0
1704591990 3
1704591994 6
1704591998 5
1704592002 2
1704592006 1
1704592010 1
1704592014 2
1704592018 6
1704592022 6
1704592026 1
1704592030 11
1704592034 10
1704592038 0
1704592042 4
1704592046 6
1704592050 5
1704592054 0
1704592058 0
1704592062 0
1704592066 2
1704592070 1
1704592074 6
1704592078 0
1704592082 0
1704592086 3
1704592090 1
1704592094 0
1704592098 0
1704592102 0
1704592106 2
1704592110 0
1704592114 0
1704592118 0
1704592122 3
1704592126 6
1704592130 2
1704592134 0
1704592138 7
1704592142 4
1704592146 4
1704592150 1
1704592154 4
1704592158 6
1704592162 1
1704592166 6
1704592170 6
1704592174 3
1704592178 1
1704592182 2
1704592186 2
1704592190 2
1704592194 2
1704592198 5
1704592202 2
1704592206 0
1704592210 0
1704592214 5
1704592218 1
1704592222 2
1704592226 1
1704592230 1
1704592234 1
1704592238 0
1704592242 1
1704592246 23
1704592250 0
1704592254 0
1704592258 3
1704592262 4
1704592266 0
1704592270 4
1704592274 3
1704592278 2
1704592282 1
1704592286 10
1704592290 8
1704592294 5
1704592298 3
1704592302 5
1704592306 4
1704592310 1



# Sketch: 14
1704591714 3
1704591718 1
1704591722 3
1704591726 2
1704591730 4
1704591734 1
1704591738 1
1704591742 3
1704591746 1
1704591750 2
1704591754 2
1704591758 0
1704591762 2
1704591766 0
1704591770 2
1704591774 1
1704591778 1
1704591782 1
1704591786 19
1704591790 1
1704591794 1
1704591798 7
1704591802 2
1704591806 1
1704591810 2
1704591814 1
1704591818 3
1704591822 1
1704591826 0
1704591830 5
1704591834 2
1704591838 3
1704591842 1
1704591846 6
1704591850 1
1704591854 2
1704591858 1
1704591862 0
1704591866 4
1704591870 3
1704591874 2
1704591878 2
1704591882 1
1704591886 2
1704591890 0
1704591894 4
1704591898 1
1704591902 0
1704591906 8
1704591910 4
1704591914 0
1704591918 0
1704591922 0
1704591926 8
1704591930 0
1704591934 1
1704591938 7
1704591942 2
1704591946 0
1704591950 0
1704591954 2
1704591958 3
1704591962 3
1704591966 1
1704591970 1
1704591974 1
1704591978 1
1704591982 1
1704591986 1
1704591990 3
1704591994 0
1704591998 4
1704592002 1
1704592006 0
1704592010 0
1704592014 1
1704592018 0
1704592022 4
1704592026 7
1704592030 4
1704592034 6
1704592038 3
1704592042 0
1704592046 3
1704592050 2
1704592054 5
1704592058 2
1704592062 1
1704592066 5
1704592070 5
1704592074 2
1704592078 0
1704592082 3
1704592086 5
1704592090 0
1704592094 3
1704592098 0
1704592102 0
1704592106 5
1704592110 2
1704592114 10
1704592118 7
1704592122 2
1704592126 1
1704592130 2
1704592134 3
1704592138 5
1704592142 0
1704592146 2
1704592150 2
1704592154 1
1704592158 3
1704592162 2
1704592166 0
1704592170 2
1704592174 1
1704592178 0
1704592182 2
1704592186 5
1704592190 0
1704592194 2
1704592198 4
1704592202 1
1704592206 0
1704592210 1
1704592214 2
1704592218 0
1704592222 1
1704592226 1
1704592230 0
1704592234 4
1704592238 2
1704592242 0
1704592246 4
1704592250 3
1704592254 2
1704592258 1
1704592262 0
1704592266 2
1704592270 0
1704592274 0
1704592278 6
1704592282 6
1704592286 3
1704592290 0
1704592294 0
1704592298 3
1704592302 1
1704592306 4
1704592310 1



# Sketch: 15
1704591714 1
1704591718 1
1704591722 2
1704591726 1
1704591730 0
1704591734 3
1704591738 3
1704591742 1
1704591746 1
1704591750 8
1704591754 5
1704591758 8
1704591762 1
1704591766 0
1704591770 1
1704591774 5
1704591778 0
1704591782 4
1704591786 1
1704591790 2
1704591794 2
1704591798 2
1704591802 1
1704591806 2
1704591810 1
1704591814 1
1704591818 0
1704591822 0
1704591826 2
1704591830 0
1704591834 1
1704591838 1
1704591842 3
1704591846 5
1704591850 0
1704591854 10
1704591858 9
1704591862 8
1704591866 5
1704591870 2
1704591874 1
1704591878 1
1704591882 1
1704591886 1
1704591890 1
1704591894 6
1704591898 1
1704591902 0
1704591906 4
1704591910 2
1704591914 1
1704591918 0
1704591922 1
1704591926 1
1704591930 1
1704591934 3
1704591938 1
1704591942 8
1704591946 0
1704591950 0
1704591954 0
1704591958 0
1704591962 4
1704591966 6
1704591970 3
1704591974 2
1704591978 1
1704591982 1
1704591986 1
1704591990 4
1704591994 1
1704591998 2
1704592002 2
1704592006 2
1704592010 2
1704592014 1
1704592018 3
1704592022 0
1704592026 0
1704592030 0
1704592034 0
1704592038 4
1704592042 1
1704592046 2
1704592050 2
1704592054 0
1704592058 0
1704592062 0
1704592066 2
1704592070 1
1704592074 0
1704592078 0
1704592082 3
1704592086 2
1704592090 1
1704592094 5
1704592098 2
1704592102 5
1704592106 1
1704592110 1
1704592114 3
1704592118 1
1704592122 0
1704592126 4
1704592130 3
1704592134 2
1704592138 10
1704592142 1
1704592146 1
1704592150 1
1704592154 0
1704592158 0
1704592162 3
1704592166 0
1704592170 3
1704592174 0
1704592178 0
1704592182 2
1704592186 2
1704592190 6
1704592194 6
1704592198 1
1704592202 4
1704592206 5
1704592210 1
1704592214 6
1704592218 2
1704592222 1
1704592226 4
1704592230 3
1704592234 1
1704592238 2
1704592242 1
1704592246 5
1704592250 1
1704592254 2
1704592258 4
1704592262 0
1704592266 2
1704592270 0
1704592274 1
1704592278 1
1704592282 2
1704592286 0
1704592290 0
1704592294 3
1704592298 2
1704592302 2
1704592306 1
1704592310 1



# Sketch: 16
1704591714 0
1704591718 1
1704591722 0
1704591726 0
1704591730 1
1704591734 0
1704591738 1
1704591742 1
1704591746 0
1704591750 0
1704591754 0
1704591758 1
1704591762 1
1704591766 1
1704591770 1
1704591774 2
1704591778 2
1704591782 2
1704591786 3
1704591790 2
1704591794 4
1704591798 3
1704591802 0
1704591806 1
1704591810 3
1704591814 0
1704591818 0
1704591822 1
1704591826 3
1704591830 0
1704591834 5
1704591838 2
1704591842 0
1704591846 2
1704591850 2
1704591854 0
1704591858 0
1704591862 32
1704591866 9
1704591870 3
1704591874 7
1704591878 0
1704591882 4
1704591886 0
1704591890 1
1704591894 3
1704591898 1
1704591902 6
1704591906 2
1704591910 5
1704591914 0
1704591918 0
1704591922 0
1704591926 2
1704591930 0
1704591934 1
1704591938 16
1704591942 0
1704591946 0
1704591950 2
1704591954 0
1704591958 1
1704591962 0
1704591966 0
1704591970 4
1704591974 0
1704591978 9
1704591982 0
1704591986 1
1704591990 6
1704591994 1
1704591998 0
1704592002 2
1704592006 2
1704592010 0
1704592014 1
1704592018 0
1704592022 0
1704592026 1
1704592030 0
1704592034 12
1704592038 1
1704592042 1
1704592046 0
1704592050 2
1704592054 1
1704592058 2
1704592062 5
1704592066 2
1704592070 2
1704592074 1
1704592078 1
1704592082 1
1704592086 1
1704592090 1
1704592094 0
1704592098 2
1704592102 0
1704592106 10
1704592110 5
1704592114 0
1704592118 1
1704592122 0
1704592126 0
1704592130 3
1704592134 7
1704592138 2
1704592142 0
1704592146 0
1704592150 0
1704592154 2
1704592158 2
1704592162 1
1704592166 1
1704592170 3
1704592174 1
1704592178 1
1704592182 0
1704592186 5
1704592190 2
1704592194 1
1704592198 0
1704592202 4
1704592206 2
1704592210 0
1704592214 3
1704592218 0
1704592222 0
1704592226 1
1704592230 0
1704592234 5
1704592238 1
1704592242 1
1704592246 2
1704592250 1
1704592254 0
1704592258 9
1704592262 3
1704592266 3
1704592270 18
1704592274 32
1704592278 0
1704592282 1
1704592286 2
1704592290 0
1704592294 0
1704592298 1
1704592302 1
1704592306 0
1704592310 3



# Sketch: 17
1704591714 2
1704591718 0
1704591722 0
1704591726 3
1704591730 0
1704591734 1
1704591738 2
1704591742 4
1704591746 0
1704591750 3
1704591754 4
1704591758 5
1704591762 0
1704591766 0
1704591770 0
1704591774 4
1704591778 0
1704591782 1
1704591786 1
1704591790 1
1704591794 0
1704591798 0
1704591802 1
1704591806 8
1704591810 1
1704591814 1
1704591818 8
1704591822 5
1704591826 1
1704591830 3
1704591834 3
1704591838 0
1704591842 1
1704591846 1
1704591850 0
1704591854 0
1704591858 0
1704591862 0
1704591866 1
1704591870 0
1704591874 2
1704591878 1
1704591882 0
1704591886 1
1704591890 7
1704591894 1
1704591898 0
1704591902 1
1704591906 4
1704591910 1
1704591914 2
1704591918 4
1704591922 2
1704591926 0
1704591930 1
1704591934 1
1704591938 1
1704591942 0
1704591946 0
1704591950 0
1704591954 0
1704591958 0
1704591962 1
1704591966 3
1704591970 0
1704591974 4
1704591978 17
1704591982 1
1704591986 2
1704591990 3
1704591994 0
1704591998 0
1704592002 1
1704592006 1
1704592010 8
1704592014 0
1704592018 0
1704592022 2
1704592026 1
1704592030 1
1704592034 0
1704592038 0
1704592042 0
1704592046 1
1704592050 0
1704592054 1
1704592058 1
1704592062 4
1704592066 3
1704592070 1
1704592074 2
1704592078 0
1704592082 2
1704592086 2
1704592090 0
1704592094 3
1704592098 7
1704592102 0
1704592106 2
1704592110 1
1704592114 1
1704592118 0
1704592122 1
1704592126 2
1704592130 2
1704592134 4
1704592138 2
1704592142 1
1704592146 2
1704592150 1
1704592154 1
1704592158 0
1704592162 2
1704592166 0
1704592170 2
1704592174 1
1704592178 0
1704592182 0
1704592186 2
1704592190 2
1704592194 1
1704592198 0
1704592202 8
1704592206 1
1704592210 3
1704592214 6
1704592218 0
1704592222 2
1704592226 1
1704592230 0
1704592234 2
1704592238 4
1704592242 0
1704592246 2
1704592250 0
1704592254 1
1704592258 2
1704592262 2
1704592266 4
1704592270 3
1704592274 1
1704592278 1
1704592282 4
1704592286 2
1704592290 0
1704592294 1
1704592298 1
1704592302 0
1704592306 0
1704592310 1



# Sketch: 18
1704591714 3
1704591718 1
1704591722 0
1704591726 2
1704591730 2
1704591734 1
1704591738 3
1704591742 0
1704591746 1
1704591750 1
1704591754 1
1704591758 4
1704591762 3
1704591766 3
1704591770 2
1704591774 6
1704591778 0
1704591782 6
1704591786 15
1704591790 3
1704591794 1
1704591798 1
1704591802 0
1704591806 2
1704591810 0
1704591814 2
1704591818 6
1704591822 3
1704591826 1
1704591830 1
1704591834 0
1704591838 2
1704591842 1
1704591846 1
1704591850 0
1704591854 5
1704591858 4
1704591862 3
1704591866 3
1704591870 0
1704591874 4
1704591878 1
1704591882 3
1704591886 1
1704591890 5
1704591894 16
1704591898 3
1704591902 9
1704591906 3
1704591910 6
1704591914 1
1704591918 1
1704591922 1
1704591926 1
1704591930 3
1704591934 2
1704591938 0
1704591942 0
1704591946 1
1704591950 3
1704591954 1
1704591958 1
1704591962 3
1704591966 4
1704591970 2
1704591974 0
1704591978 2
1704591982 9
1704591986 2
1704591990 11
1704591994 2
1704591998 8
1704592002 1
1704592006 4
1704592010 1
1704592014 2
1704592018 1
1704592022 0
1704592026 1
1704592030 1
1704592034 0
1704592038 0
1704592042 5
1704592046 3
1704592050 0
1704592054 3
1704592058 4
1704592062 5
1704592066 8
1704592070 3
1704592074 4
1704592078 5
1704592082 2
1704592086 5
1704592090 0
1704592094 7
1704592098 2
1704592102 0
1704592106 2
1704592110 0
1704592114 2
1704592118 5
1704592122 5
1704592126 2
1704592130 0
1704592134 0
1704592138 4
1704592142 2
1704592146 0
1704592150 0
1704592154 1
1704592158 1
1704592162 2
1704592166 0
1704592170 1
1704592174 2
1704592178 3
1704592182 1
1704592186 15
1704592190 3
1704592194 0
1704592198 2
1704592202 4
1704592206 3
1704592210 2
1704592214 3
1704592218 3
1704592222 0
1704592226 3
1704592230 2
1704592234 2
1704592238 0
1704592242 0
1704592246 3
1704592250 7
1704592254 1
1704592258 10
1704592262 1
1704592266 2
1704592270 3
1704592274 1
1704592278 3
1704592282 0
1704592286 3
1704592290 3
1704592294 5
1704592298 2
1704592302 1
1704592306 0
1704592310 8



# Sketch: 19
1704591714 2
1704591718 2
1704591722 1
1704591726 2
1704591730 3
1704591734 1
1704591738 3
1704591742 7
1704591746 0
1704591750 1
1704591754 15
1704591758 1
1704591762 3
1704591766 0
1704591770 1
1704591774 1
1704591778 2
1704591782 0
1704591786 0
1704591790 1
1704591794 1
1704591798 8
1704591802 0
1704591806 4
1704591810 0
1704591814 1
1704591818 0
1704591822 0
1704591826 1
1704591830 29
1704591834 1
1704591838 1
1704591842 1
1704591846 7
1704591850 0
1704591854 0
1704591858 1
1704591862 4
1704591866 7
1704591870 0
1704591874 3
1704591878 6
1704591882 0
1704591886 0
1704591890 3
1704591894 0
1704591898 1
1704591902 0
1704591906 1
1704591910 0
1704591914 7
1704591918 5
1704591922 2
1704591926 0
1704591930 1
1704591934 0
1704591938 3
1704591942 2
1704591946 0
1704591950 1
1704591954 0
1704591958 2
1704591962 2
1704591966 3
1704591970 7
1704591974 1
1704591978 0
1704591982 3
1704591986 4
1704591990 0
1704591994 2
1704591998 1
1704592002 2
1704592006 3
1704592010 1
1704592014 7
1704592018 1
1704592022 0
1704592026 1
1704592030 3
1704592034 1
1704592038 0
1704592042 1
1704592046 2
1704592050 0
1704592054 1
1704592058 0
1704592062 2
1704592066 8
1704592070 1
1704592074 1
1704592078 2
1704592082 1
1704592086 2
1704592090 0
1704592094 0
1704592098 0
1704592102 1
1704592106 1
1704592110 5
1704592114 2
1704592118 0
1704592122 1
1704592126 1
1704592130 4
1704592134 1
1704592138 1
1704592142 4
1704592146 1
1704592150 3
1704592154 2
1704592158 0
1704592162 0
1704592166 2
1704592170 2
1704592174 2
1704592178 1
1704592182 3
1704592186 4
1704592190 2
1704592194 2
1704592198 11
1704592202 0
1704592206 0
1704592210 2
1704592214 7
1704592218 1
1704592222 1
1704592226 0
1704592230 2
1704592234 0
1704592238 1
1704592242 0
1704592246 1
1704592250 2
1704592254 0
1704592258 0
1704592262 2
1704592266 1
1704592270 0
1704592274 0
1704592278 1
1704592282 1
1704592286 3
1704592290 1
1704592294 2
1704592298 2
1704592302 0
1704592306 0
1704592310 0



# Sketch: 20
1704591714 0
1704591718 2
1704591722 5
1704591726 1
1704591730 1
1704591734 1
1704591738 1
1704591742 1
1704591746 10
1704591750 2
1704591754 3
1704591758 0
1704591762 1
1704591766 1
1704591770 1
1704591774 2
1704591778 0
1704591782 4
1704591786 0
1704591790 0
1704591794 0
1704591798 0
1704591802 1
1704591806 0
1704591810 0
1704591814 2
1704591818 0
1704591822 0
1704591826 1
1704591830 0
1704591834 0
1704591838 3
1704591842 1
1704591846 0
1704591850 4
1704591854 1
1704591858 1
1704591862 2
1704591866 0
1704591870 3
1704591874 1
1704591878 2
1704591882 1
1704591886 2
1704591890 0
1704591894 2
1704591898 2
1704591902 1
1704591906 2
1704591910 3
1704591914 2
1704591918 2
1704591922 4
1704591926 2
1704591930 1
1704591934 6
1704591938 0
1704591942 0
1704591946 0
1704591950 0
1704591954 0
1704591958 0
1704591962 4
1704591966 7
1704591970 1
1704591974 2
1704591978 1
1704591982 0
1704591986 4
1704591990 0
1704591994 2
1704591998 3
1704592002 1
1704592006 1
1704592010 0
1704592014 2
1704592018 1
1704592022 0
1704592026 1
1704592030 1
1704592034 1
1704592038 2
1704592042 0
1704592046 2
1704592050 1
1704592054 0
1704592058 0
1704592062 5
1704592066 2
1704592070 0
1704592074 2
1704592078 3
1704592082 3
1704592086 1
1704592090 1
1704592094 2
1704592098 3
1704592102 0
1704592106 3
1704592110 4
1704592114 3
1704592118 1
1704592122 2
1704592126 0
1704592130 7
1704592134 1
1704592138 1
1704592142 0
1704592146 3
1704592150 1
1704592154 1
1704592158 2
1704592162 0
1704592166 1
1704592170 1
1704592174 0
1704592178 1
1704592182 0
1704592186 1
1704592190 3
1704592194 0
1704592198 2
1704592202 3
1704592206 1
1704592210 0
1704592214 7
1704592218 3
1704592222 3
1704592226 2
1704592230 4
1704592234 8
1704592238 1
1704592242 1
1704592246 0
1704592250 1
1704592254 0
1704592258 0
1704592262 1
1704592266 3
1704592270 1
1704592274 0
1704592278 4
1704592282 4
1704592286 2
1704592290 0
1704592294 0
1704592298 0
1704592302 1
1704592306 0
1704592310 1



# Sketch: 21
1704591714 5
1704591718 0
1704591722 0
1704591726 2
1704591730 1
1704591734 1
1704591738 0
1704591742 6
1704591746 1
1704591750 2
1704591754 9
1704591758 14
1704591762 0
1704591766 2
1704591770 3
1704591774 5
1704591778 1
1704591782 2
1704591786 4
1704591790 2
1704591794 2
1704591798 3
1704591802 1
1704591806 1
1704591810 3
1704591814 0
1704591818 0
1704591822 0
1704591826 2
1704591830 2
1704591834 3
1704591838 4
1704591842 3
1704591846 4
1704591850 1
1704591854 1
1704591858 4
1704591862 0
1704591866 3
1704591870 4
1704591874 1
1704591878 0
1704591882 9
1704591886 2
1704591890 2
1704591894 1
1704591898 2
1704591902 4
1704591906 2
1704591910 2
1704591914 4
1704591918 2
1704591922 1
1704591926 3
1704591930 1
1704591934 4
1704591938 0
1704591942 0
1704591946 0
1704591950 2
1704591954 0
1704591958 24
1704591962 4
1704591966 3
1704591970 3
1704591974 3
1704591978 2
1704591982 2
1704591986 1
1704591990 2
1704591994 2
1704591998 7
1704592002 10
1704592006 3
1704592010 1
1704592014 2
1704592018 0
1704592022 0
1704592026 1
1704592030 1
1704592034 1
1704592038 1
1704592042 0
1704592046 1
1704592050 1
1704592054 0
1704592058 0
1704592062 6
1704592066 21
1704592070 5
1704592074 1
1704592078 3
1704592082 0
1704592086 0
1704592090 2
1704592094 0
1704592098 5
1704592102 5
1704592106 2
1704592110 6
1704592114 2
1704592118 0
1704592122 0
1704592126 2
1704592130 3
1704592134 3
1704592138 2
1704592142 1
1704592146 2
1704592150 4
1704592154 0
1704592158 7
1704592162 0
1704592166 0
1704592170 0
1704592174 0
1704592178 2
1704592182 1
1704592186 6
1704592190 1
1704592194 1
1704592198 4
1704592202 5
1704592206 3
1704592210 8
1704592214 3
1704592218 0
1704592222 0
1704592226 1
1704592230 3
1704592234 3
1704592238 3
1704592242 0
1704592246 1
1704592250 1
1704592254 1
1704592258 13
1704592262 3
1704592266 2
1704592270 6
1704592274 1
1704592278 4
1704592282 4
1704592286 13
1704592290 4
1704592294 0
1704592298 2
1704592302 1
1704592306 3
1704592310 2



# Sketch: 22
1704591714 1
1704591718 5
1704591722 2
1704591726 1
1704591730 2
1704591734 2
1704591738 3
1704591742 0
1704591746 2
1704591750 5
1704591754 4
1704591758 0
1704591762 0
1704591766 2
1704591770 0
1704591774 0
1704591778 0
1704591782 3
1704591786 1
1704591790 0
1704591794 4
1704591798 1
1704591802 0
1704591806 3
1704591810 2
1704591814 0
1704591818 0
1704591822 1
1704591826 1
1704591830 1
1704591834 1
1704591838 2
1704591842 2
1704591846 2
1704591850 2
1704591854 0
1704591858 3
1704591862 4
1704591866 1
1704591870 2
1704591874 2
1704591878 0
1704591882 6
1704591886 0
1704591890 12
1704591894 0
1704591898 1
1704591902 2
1704591906 0
1704591910 0
1704591914 1
1704591918 3
1704591922 2
1704591926 0
1704591930 2
1704591934 7
1704591938 1
1704591942 2
1704591946 0
1704591950 0
1704591954 1
1704591958 1
1704591962 0
1704591966 0
1704591970 0
1704591974 3
1704591978 1
1704591982 1
1704591986 2
1704591990 4
1704591994 6
1704591998 4
1704592002 2
1704592006 0
1704592010 0
1704592014 1
1704592018 0
1704592022 3
1704592026 4
1704592030 0
1704592034 0
1704592038 1
1704592042 1
1704592046 0
1704592050 1
1704592054 6
1704592058 8
1704592062 0
1704592066 2
1704592070 3
1704592074 3
1704592078 1
1704592082 2
1704592086 3
1704592090 1
1704592094 2
1704592098 1
1704592102 1
1704592106 1
1704592110 0
1704592114 2
1704592118 3
1704592122 2
1704592126 2
1704592130 1
1704592134 0
1704592138 9
1704592142 1
1704592146 1
1704592150 0
1704592154 0
1704592158 0
1704592162 0
1704592166 0
1704592170 2
1704592174 0
1704592178 1
1704592182 0
1704592186 4
1704592190 1
1704592194 1
1704592198 1
1704592202 1
1704592206 3
1704592210 0
1704592214 3
1704592218 1
1704592222 0
1704592226 0
1704592230 1
1704592234 1
1704592238 0
1704592242 4
1704592246 0
1704592250 1
1704592254 0
1704592258 0
1704592262 0
1704592266 1
1704592270 0
1704592274 1
1704592278 4
1704592282 4
1704592286 1
1704592290 0
1704592294 1
1704592298 2
1704592302 0
1704592306 1
1704592310 2



# Sketch: 23
1704591714 0
1704591718 2
1704591722 2
1704591726 0
1704591730 0
1704591734 2
1704591738 10
1704591742 4
1704591746 2
1704591750 1
1704591754 1
1704591758 5
1704591762 3
1704591766 0
1704591770 2
1704591774 3
1704591778 1
1704591782 3
1704591786 2
1704591790 0
1704591794 4
1704591798 1
1704591802 0
1704591806 2
1704591810 5
1704591814 1
1704591818 0
1704591822 2
1704591826 0
1704591830 3
1704591834 2
1704591838 0
1704591842 0
1704591846 4
1704591850 2
1704591854 1
1704591858 1
1704591862 5
1704591866 1
1704591870 2
1704591874 2
1704591878 4
1704591882 11
1704591886 0
1704591890 1
1704591894 3
1704591898 0
1704591902 3
1704591906 5
1704591910 4
1704591914 0
1704591918 1
1704591922 4
1704591926 0
1704591930 2
1704591934 3
1704591938 0
1704591942 0
1704591946 1
1704591950 0
1704591954 2
1704591958 5
1704591962 4
1704591966 1
1704591970 5
1704591974 3
1704591978 0
1704591982 1
1704591986 4
1704591990 2
1704591994 0
1704591998 12
1704592002 0
1704592006 1
1704592010 3
1704592014 0
1704592018 2
1704592022 11
1704592026 1
1704592030 2
1704592034 0
1704592038 3
1704592042 2
1704592046 11
1704592050 1
1704592054 2
1704592058 1
1704592062 1
1704592066 2
1704592070 1
1704592074 2
1704592078 3
1704592082 2
1704592086 1
1704592090 1
1704592094 4
1704592098 1
1704592102 1
1704592106 3
1704592110 1
1704592114 0
1704592118 2
1704592122 0
1704592126 3
1704592130 1
1704592134 1
1704592138 0
1704592142 4
1704592146 0
1704592150 3
1704592154 3
1704592158 2
1704592162 2
1704592166 4
1704592170 0
1704592174 1
1704592178 3
1704592182 1
1704592186 2
1704592190 5
1704592194 2
1704592198 3
1704592202 2
1704592206 2
1704592210 3
1704592214 6
1704592218 2
1704592222 5
1704592226 13
1704592230 4
1704592234 3
1704592238 0
1704592242 1
1704592246 4
1704592250 3
1704592254 3
1704592258 2
1704592262 0
1704592266 2
1704592270 1
1704592274 1
1704592278 0
1704592282 5
1704592286 2
1704592290 3
1704592294 1
1704592298 3
1704592302 1
1704592306 1
1704592310 2



# Sketch: 24
1704591714 1
1704591718 1
1704591722 0
1704591726 0
1704591730 0
1704591734 0
1704591738 3
1704591742 1
1704591746 0
1704591750 2
1704591754 3
1704591758 0
1704591762 0
1704591766 0
1704591770 2
1704591774 3
1704591778 2
1704591782 5
1704591786 2
1704591790 2
1704591794 1
1704591798 0
1704591802 6
1704591806 0
1704591810 4
1704591814 0
1704591818 1
1704591822 1
1704591826 1
1704591830 0
1704591834 1
1704591838 1
1704591842 1
1704591846 0
1704591850 1
1704591854 1
1704591858 0
1704591862 0
1704591866 0
1704591870 0
1704591874 0
1704591878 1
1704591882 1
1704591886 0
1704591890 0
1704591894 0
1704591898 1
1704591902 1
1704591906 1
1704591910 2
1704591914 2
1704591918 1
1704591922 4
1704591926 0
1704591930 2
1704591934 4
1704591938 0
1704591942 2
1704591946 1
1704591950 2
1704591954 1
1704591958 2
1704591962 1
1704591966 2
1704591970 1
1704591974 0
1704591978 0
1704591982 1
1704591986 1
1704591990 0
1704591994 2
1704591998 3
1704592002 0
1704592006 0
1704592010 0
1704592014 0
1704592018 3
1704592022 3
1704592026 1
1704592030 6
1704592034 0
1704592038 0
1704592042 0
1704592046 0
1704592050 2
1704592054 2
1704592058 4
1704592062 0
1704592066 5
1704592070 4
1704592074 5
1704592078 1
1704592082 0
1704592086 3
1704592090 0
1704592094 1
1704592098 0
1704592102 1
1704592106 0
1704592110 0
1704592114 0
1704592118 0
1704592122 1
1704592126 1
1704592130 1
1704592134 5
1704592138 1
1704592142 0
1704592146 1
1704592150 0
1704592154 0
1704592158 1
1704592162 0
1704592166 0
1704592170 2
1704592174 2
1704592178 0
1704592182 0
1704592186 2
1704592190 0
1704592194 1
1704592198 2
1704592202 0
1704592206 2
1704592210 0
1704592214 0
1704592218 1
1704592222 0
1704592226 2
1704592230 1
1704592234 4
1704592238 4
1704592242 1
1704592246 3
1704592250 2
1704592254 0
1704592258 1
1704592262 1
1704592266 5
1704592270 0
1704592274 1
1704592278 2
1704592282 1
1704592286 9
1704592290 1
1704592294 0
1704592298 0
1704592302 1
1704592306 3
1704592310 4



# Sketch: 25
1704591714 3
1704591718 1
1704591722 2
1704591726 3
1704591730 0
1704591734 1
1704591738 1
1704591742 4
1704591746 4
1704591750 1
1704591754 1
1704591758 3
1704591762 0
1704591766 3
1704591770 1
1704591774 2
1704591778 2
1704591782 3
1704591786 4
1704591790 0
1704591794 0
1704591798 0
1704591802 3
1704591806 2
1704591810 1
1704591814 1
1704591818 0
1704591822 2
1704591826 2
1704591830 2
1704591834 0
1704591838 0
1704591842 3
1704591846 3
1704591850 1
1704591854 7
1704591858 1
1704591862 0
1704591866 2
1704591870 2
1704591874 3
1704591878 2
1704591882 4
1704591886 0
1704591890 0
1704591894 1
1704591898 5
1704591902 4
1704591906 1
1704591910 2
1704591914 3
1704591918 5
1704591922 1
1704591926 1
1704591930 6
1704591934 6
1704591938 2
1704591942 1
1704591946 3
1704591950 3
1704591954 1
1704591958 0
1704591962 0
1704591966 0
1704591970 2
1704591974 0
1704591978 0
1704591982 1
1704591986 0
1704591990 2
1704591994 2
1704591998 0
1704592002 0
1704592006 0
1704592010 8
1704592014 6
1704592018 11
1704592022 4
1704592026 0
1704592030 3
1704592034 2
1704592038 2
1704592042 0
1704592046 0
1704592050 2
1704592054 0
1704592058 0
1704592062 2
1704592066 3
1704592070 0
1704592074 1
1704592078 0
1704592082 4
1704592086 4
1704592090 1
1704592094 2
1704592098 0
1704592102 0
1704592106 1
1704592110 2
1704592114 2
1704592118 0
1704592122 1
1704592126 3
1704592130 4
1704592134 1
1704592138 2
1704592142 0
1704592146 0
1704592150 2
1704592154 1
1704592158 1
1704592162 1
1704592166 0
1704592170 1
1704592174 4
1704592178 2
1704592182 0
1704592186 6
1704592190 3
1704592194 1
1704592198 4
1704592202 1
1704592206 1
1704592210 0
1704592214 0
1704592218 4
1704592222 3
1704592226 3
1704592230 1
1704592234 6
1704592238 1
1704592242 6
1704592246 1
1704592250 2
1704592254 0
1704592258 2
1704592262 0
1704592266 0
1704592270 0
1704592274 1
1704592278 11
1704592282 1
1704592286 0
1704592290 0
1704592294 7
1704592298 6
1704592302 1
1704592306 3
1704592310 0



# Sketch: 26
1704591714 1
1704591718 4
1704591722 1
1704591726 0
1704591730 0
1704591734 0
1704591738 2
1704591742 0
1704591746 1
1704591750 1
1704591754 8
1704591758 2
1704591762 0
1704591766 1
1704591770 1
1704591774 0
1704591778 0
1704591782 0
1704591786 0
1704591790 0
1704591794 0
1704591798 0
1704591802 0
1704591806 0
1704591810 4
1704591814 1
1704591818 1
1704591822 0
1704591826 0
1704591830 0
1704591834 2
1704591838 0
1704591842 8
1704591846 0
1704591850 0
1704591854 2
1704591858 1
1704591862 1
1704591866 0
1704591870 4
1704591874 0
1704591878 0
1704591882 6
1704591886 0
1704591890 3
1704591894 4
1704591898 3
1704591902 2
1704591906 1
1704591910 1
1704591914 1
1704591918 2
1704591922 3
1704591926 1
1704591930 3
1704591934 1
1704591938 7
1704591942 2
1704591946 2
1704591950 1
1704591954 0
1704591958 0
1704591962 5
1704591966 1
1704591970 0
1704591974 0
1704591978 1
1704591982 2
1704591986 1
1704591990 2
1704591994 0
1704591998 0
1704592002 6
1704592006 5
1704592010 1
1704592014 0
1704592018 1
1704592022 1
1704592026 0
1704592030 2
1704592034 1
1704592038 0
1704592042 2
1704592046 1
1704592050 3
1704592054 5
1704592058 4
1704592062 1
1704592066 3
1704592070 0
1704592074 0
1704592078 1
1704592082 7
1704592086 5
1704592090 2
1704592094 1
1704592098 3
1704592102 3
1704592106 1
1704592110 1
1704592114 3
1704592118 1
1704592122 1
1704592126 3
1704592130 1
1704592134 2
1704592138 0
1704592142 0
1704592146 0
1704592150 4
1704592154 0
1704592158 0
1704592162 1
1704592166 0
1704592170 4
1704592174 0
1704592178 0
1704592182 3
1704592186 15
1704592190 7
1704592194 2
1704592198 5
1704592202 1
1704592206 0
1704592210 3
1704592214 1
1704592218 0
1704592222 1
1704592226 0
1704592230 0
1704592234 5
1704592238 0
1704592242 1
1704592246 4
1704592250 2
1704592254 5
1704592258 2
1704592262 1
1704592266 0
1704592270 2
1704592274 1
1704592278 0
1704592282 2
1704592286 1
1704592290 2
1704592294 3
1704592298 5
1704592302 0
1704592306 2
1704592310 1



# Sketch: 27
1704591714 1
1704591718 1
1704591722 1
1704591726 0
1704591730 1
1704591734 2
1704591738 1
1704591742 1
1704591746 0
1704591750 3
1704591754 6
1704591758 1
1704591762 2
1704591766 3
1704591770 6
1704591774 4
1704591778 0
1704591782 0
1704591786 1
1704591790 1
1704591794 1
1704591798 3
1704591802 1
1704591806 0
1704591810 2
1704591814 2
1704591818 0
1704591822 0
1704591826 1
1704591830 0
1704591834 0
1704591838 1
1704591842 4
1704591846 1
1704591850 0
1704591854 5
1704591858 0
1704591862 2
1704591866 0
1704591870 5
1704591874 2
1704591878 2
1704591882 0
1704591886 0
1704591890 1
1704591894 1
1704591898 1
1704591902 1
1704591906 1
1704591910 3
1704591914 3
1704591918 3
1704591922 1
1704591926 0
1704591930 0
1704591934 1
1704591938 5
1704591942 0
1704591946 1
1704591950 3
1704591954 1
1704591958 4
1704591962 2
1704591966 0
1704591970 6
1704591974 3
1704591978 4
1704591982 1
1704591986 3
1704591990 1
1704591994 2
1704591998 0
1704592002 0
1704592006 0
1704592010 1
1704592014 1
1704592018 2
1704592022 1
1704592026 3
1704592030 2
1704592034 4
1704592038 1
1704592042 0
1704592046 2
1704592050 8
1704592054 2
1704592058 2
1704592062 3
1704592066 3
1704592070 1
1704592074 3
1704592078 0
1704592082 0
1704592086 0
1704592090 4
1704592094 0
1704592098 2
1704592102 1
1704592106 2
1704592110 0
1704592114 1
1704592118 2
1704592122 2
1704592126 2
1704592130 2
1704592134 8
1704592138 0
1704592142 2
1704592146 0
1704592150 1
1704592154 0
1704592158 2
1704592162 0
1704592166 3
1704592170 3
1704592174 1
1704592178 1
1704592182 0
1704592186 2
1704592190 3
1704592194 0
1704592198 0
1704592202 3
1704592206 7
1704592210 1
1704592214 0
1704592218 0
1704592222 3
1704592226 1
1704592230 1
1704592234 2
1704592238 1
1704592242 2
1704592246 0
1704592250 3
1704592254 0
1704592258 0
1704592262 0
1704592266 0
1704592270 4
1704592274 1
1704592278 2
1704592282 4
1704592286 1
1704592290 1
1704592294 0
1704592298 2
1704592302 1
1704592306 3
1704592310 0



# Sketch: 28
1704591714 2
1704591718 3
1704591722 1
1704591726 4
1704591730 5
1704591734 3
1704591738 2
1704591742 2
1704591746 0
1704591750 0
1704591754 1
1704591758 3
1704591762 1
1704591766 1
1704591770 5
1704591774 0
1704591778 0
1704591782 2
1704591786 1
1704591790 2
1704591794 0
1704591798 1
1704591802 2
1704591806 3
1704591810 3
1704591814 0
1704591818 1
1704591822 1
1704591826 1
1704591830 3
1704591834 0
1704591838 1
1704591842 7
1704591846 3
1704591850 1
1704591854 1
1704591858 4
1704591862 1
1704591866 3
1704591870 2
1704591874 0
1704591878 3
1704591882 2
1704591886 0
1704591890 0
1704591894 4
1704591898 1
1704591902 3
1704591906 11
1704591910 3
1704591914 4
1704591918 3
1704591922 2
1704591926 0
1704591930 3
1704591934 0
1704591938 0
1704591942 1
1704591946 0
1704591950 0
1704591954 2
1704591958 1
1704591962 0
1704591966 2
1704591970 0
1704591974 3
1704591978 2
1704591982 2
1704591986 4
1704591990 4
1704591994 3
1704591998 6
1704592002 2
1704592006 1
1704592010 1
1704592014 2
1704592018 0
1704592022 5
1704592026 1
1704592030 4
1704592034 1
1704592038 1
1704592042 0
1704592046 1
1704592050 4
1704592054 1
1704592058 1
1704592062 0
1704592066 1
1704592070 1
1704592074 7
1704592078 6
1704592082 5
1704592086 10
1704592090 2
1704592094 3
1704592098 4
1704592102 1
1704592106 3
1704592110 3
1704592114 2
1704592118 0
1704592122 0
1704592126 4
1704592130 2
1704592134 6
1704592138 10
1704592142 3
1704592146 2
1704592150 1
1704592154 0
1704592158 1
1704592162 1
1704592166 0
1704592170 2
1704592174 5
1704592178 3
1704592182 0
1704592186 4
1704592190 6
1704592194 1
1704592198 2
1704592202 3
1704592206 0
1704592210 2
1704592214 0
1704592218 1
1704592222 1
1704592226 2
1704592230 4
1704592234 1
1704592238 1
1704592242 0
1704592246 2
1704592250 4
1704592254 1
1704592258 0
1704592262 1
1704592266 3
1704592270 3
1704592274 0
1704592278 4
1704592282 1
1704592286 1
1704592290 1
1704592294 0
1704592298 1
1704592302 0
1704592306 0
1704592310 1



# Sketch: 29
1704591714 0
1704591718 0
1704591722 0
1704591726 1
1704591730 0
1704591734 4
1704591738 0
1704591742 1
1704591746 4
1704591750 1
1704591754 1
1704591758 1
1704591762 1
1704591766 3
1704591770 0
1704591774 0
1704591778 1
1704591782 4
1704591786 2
1704591790 0
1704591794 0
1704591798 1
1704591802 2
1704591806 9
1704591810 0
1704591814 0
1704591818 0
1704591822 1
1704591826 0
1704591830 0
1704591834 2
1704591838 1
1704591842 1
1704591846 0
1704591850 1
1704591854 1
1704591858 1
1704591862 0
1704591866 2
1704591870 2
1704591874 0
1704591878 1
1704591882 0
1704591886 0
1704591890 0
1704591894 3
1704591898 2
1704591902 0
1704591906 1
1704591910 3
1704591914 2
1704591918 3
1704591922 0
1704591926 0
1704591930 3
1704591934 1
1704591938 0
1704591942 0
1704591946 0
1704591950 1
1704591954 0
1704591958 0
1704591962 1
1704591966 2
1704591970 0
1704591974 2
1704591978 2
1704591982 2
1704591986 2
1704591990 1
1704591994 5
1704591998 2
1704592002 0
1704592006 0
1704592010 2
1704592014 3
1704592018 3
1704592022 0
1704592026 0
1704592030 1
1704592034 3
1704592038 1
1704592042 0
1704592046 0
1704592050 4
1704592054 0
1704592058 0
1704592062 2
1704592066 2
1704592070 0
1704592074 5
1704592078 1
1704592082 6
1704592086 3
1704592090 3
1704592094 4
1704592098 3
1704592102 2
1704592106 3
1704592110 2
1704592114 1
1704592118 6
1704592122 2
1704592126 1
1704592130 0
1704592134 6
1704592138 3
1704592142 0
1704592146 1
1704592150 0
1704592154 0
1704592158 1
1704592162 1
1704592166 35
1704592170 3
1704592174 1
1704592178 2
1704592182 2
1704592186 1
1704592190 4
1704592194 0
1704592198 0
1704592202 5
1704592206 7
1704592210 13
1704592214 1
1704592218 1
1704592222 2
1704592226 0
1704592230 1
1704592234 1
1704592238 3
1704592242 0
1704592246 2
1704592250 1
1704592254 2
1704592258 5
1704592262 2
1704592266 3
1704592270 2
1704592274 1
1704592278 2
1704592282 4
1704592286 2
1704592290 0
1704592294 2
1704592298 0
1704592302 0
1704592306 0
1704592310 0



# Sketch: 30
1704591714 2
1704591718 0
1704591722 2
1704591726 5
1704591730 2
1704591734 2
1704591738 7
1704591742 2
1704591746 4
1704591750 1
1704591754 4
1704591758 1
1704591762 1
1704591766 9
1704591770 1
1704591774 4
1704591778 1
1704591782 4
1704591786 0
1704591790 1
1704591794 1
1704591798 0
1704591802 0
1704591806 1
1704591810 0
1704591814 0
1704591818 0
1704591822 1
1704591826 0
1704591830 3
1704591834 0
1704591838 0
1704591842 1
1704591846 2
1704591850 3
1704591854 6
1704591858 2
1704591862 0
1704591866 1
1704591870 2
1704591874 1
1704591878 0
1704591882 0
1704591886 1
1704591890 2
1704591894 4
1704591898 1
1704591902 2
1704591906 3
1704591910 2
1704591914 1
1704591918 8
1704591922 0
1704591926 0
1704591930 2
1704591934 1
1704591938 1
1704591942 1
1704591946 1
1704591950 1
1704591954 1
1704591958 1
1704591962 0
1704591966 2
1704591970 0
1704591974 5
1704591978 0
1704591982 0
1704591986 4
1704591990 6
1704591994 0
1704591998 3
1704592002 0
1704592006 1
1704592010 3
1704592014 3
1704592018 2
1704592022 4
1704592026 5
1704592030 0
1704592034 0
1704592038 0
1704592042 1
1704592046 0
1704592050 0
1704592054 0
1704592058 1
1704592062 3
1704592066 0
1704592070 1
1704592074 0
1704592078 1
1704592082 2
1704592086 2
1704592090 0
1704592094 3
1704592098 2
1704592102 2
1704592106 2
1704592110 3
1704592114 1
1704592118 2
1704592122 2
1704592126 0
1704592130 0
1704592134 7
1704592138 4
1704592142 1
1704592146 0
1704592150 0
1704592154 1
1704592158 0
1704592162 0
1704592166 0
1704592170 0
1704592174 0
1704592178 1
1704592182 2
1704592186 3
1704592190 0
1704592194 1
1704592198 0
1704592202 1
1704592206 2
1704592210 11
1704592214 6
1704592218 0
1704592222 6
1704592226 5
1704592230 0
1704592234 5
1704592238 1
1704592242 1
1704592246 3
1704592250 2
1704592254 0
1704592258 0
1704592262 1
1704592266 0
1704592270 0
1704592274 1
1704592278 1
1704592282 3
1704592286 0
1704592290 0
1704592294 1
1704592298 1
1704592302 1
1704592306 3
1704592310 0



# Sketch: 31
1704591714 1
1704591718 0
1704591722 0
1704591726 1
1704591730 4
1704591734 7
1704591738 3
1704591742 0
1704591746 1
1704591750 0
1704591754 3
1704591758 0
1704591762 2
1704591766 1
1704591770 0
1704591774 1
1704591778 1
1704591782 0
1704591786 1
1704591790 3
1704591794 4
1704591798 3
1704591802 0
1704591806 2
1704591810 2
1704591814 0
1704591818 0
1704591822 0
1704591826 2
1704591830 3
1704591834 0
1704591838 2
1704591842 0
1704591846 0
1704591850 0
1704591854 2
1704591858 2
1704591862 2
1704591866 4
1704591870 0
1704591874 0
1704591878 3
1704591882 2
1704591886 0
1704591890 1
1704591894 2
1704591898 2
1704591902 3
1704591906 1
1704591910 2
1704591914 1
1704591918 0
1704591922 0
1704591926 4
1704591930 2
1704591934 3
1704591938 1
1704591942 0
1704591946 0
1704591950 0
1704591954 1
1704591958 4
1704591962 3
1704591966 0
1704591970 0
1704591974 0
1704591978 1
1704591982 0
1704591986 1
1704591990 0
1704591994 2
1704591998 1
1704592002 2
1704592006 5
1704592010 1
1704592014 2
1704592018 0
1704592022 4
1704592026 2
1704592030 1
1704592034 2
1704592038 0
1704592042 0
1704592046 2
1704592050 2
1704592054 0
1704592058 1
1704592062 0
1704592066 2
1704592070 1
1704592074 22
1704592078 16
1704592082 1
1704592086 0
1704592090 1
1704592094 0
1704592098 0
1704592102 5
1704592106 2
1704592110 2
1704592114 2
1704592118 0
1704592122 3
1704592126 0
1704592130 4
1704592134 7
1704592138 8
1704592142 7
1704592146 0
1704592150 2
1704592154 0
1704592158 0
1704592162 0
1704592166 0
1704592170 2
1704592174 0
1704592178 0
1704592182 1
1704592186 3
1704592190 1
1704592194 2
1704592198 1
1704592202 0
1704592206 0
1704592210 2
1704592214 1
1704592218 3
1704592222 3
1704592226 1
1704592230 0
1704592234 3
1704592238 0
1704592242 2
1704592246 2
1704592250 1
1704592254 9
1704592258 5
1704592262 1
1704592266 4
1704592270 0
1704592274 1
1704592278 1
1704592282 1
1704592286 4
1704592290 2
1704592294 0
1704592298 2
1704592302 1
1704592306 0
1704592310 0

