

# Sketch: 0
1704591714 15
1704591746 17
1704591778 12
1704591810 10
1704591842 24
1704591874 18
1704591906 24
1704591938 7
1704591970 24
1704592002 26
1704592034 17
1704592066 18
1704592098 32
1704592130 29
1704592162 9
1704592194 20
1704592226 18
1704592258 15
1704592290 10



# Sketch: 1
1704591714 6
1704591746 11
1704591778 12
1704591810 12
1704591842 15
1704591874 16
1704591906 15
1704591938 3
1704591970 20
1704592002 16
1704592034 21
1704592066 35
1704592098 12
1704592130 22
1704592162 17
1704592194 11
1704592226 14
1704592258 26
1704592290 9



# Sketch: 2
1704591714 10
1704591746 11
1704591778 19
1704591810 7
1704591842 15
1704591874 15
1704591906 25
1704591938 8
1704591970 16
1704592002 15
1704592034 9
1704592066 14
1704592098 21
1704592130 14
1704592162 19
1704592194 12
1704592226 13
1704592258 6
1704592290 14



# Sketch: 3
1704591714 13
1704591746 22
1704591778 20
1704591810 11
1704591842 18
1704591874 32
1704591906 28
1704591938 17
1704591970 28
1704592002 16
1704592034 10
1704592066 58
1704592098 13
1704592130 8
1704592162 15
1704592194 34
1704592226 13
1704592258 8
1704592290 5



# Sketch: 4
1704591714 15
1704591746 14
1704591778 25
1704591810 8
1704591842 31
1704591874 19
1704591906 19
1704591938 9
1704591970 40
1704592002 19
1704592034 36
1704592066 40
1704592098 36
1704592130 18
1704592162 25
1704592194 25
1704592226 11
1704592258 21
1704592290 7



# Sketch: 5
1704591714 13
1704591746 19
1704591778 9
1704591810 10
1704591842 8
1704591874 11
1704591906 16
1704591938 9
1704591970 17
1704592002 13
1704592034 12
1704592066 24
1704592098 18
1704592130 33
1704592162 25
1704592194 8
1704592226 12
1704592258 10
1704592290 5



# Sketch: 6
1704591714 9
1704591746 16
1704591778 10
1704591810 7
1704591842 6
1704591874 15
1704591906 14
1704591938 6
1704591970 12
1704592002 22
1704592034 11
1704592066 7
1704592098 11
1704592130 34
1704592162 5
1704592194 9
1704592226 12
1704592258 27
1704592290 20



# Sketch: 7
1704591714 16
1704591746 12
1704591778 9
1704591810 11
1704591842 24
1704591874 12
1704591906 4
1704591938 59
1704591970 13
1704592002 9
1704592034 15
1704592066 16
1704592098 9
1704592130 4
1704592162 17
1704592194 22
1704592226 7
1704592258 19
1704592290 14



# Sketch: 8
1704591714 6
1704591746 16
1704591778 9
1704591810 8
1704591842 7
1704591874 9
1704591906 8
1704591938 9
1704591970 9
1704592002 11
1704592034 14
1704592066 7
1704592098 7
1704592130 12
1704592162 17
1704592194 12
1704592226 11
1704592258 6
1704592290 5



# Sketch: 9
1704591714 17
1704591746 31
1704591778 14
1704591810 5
1704591842 40
1704591874 29
1704591906 12
1704591938 8
1704591970 13
1704592002 14
1704592034 9
1704592066 19
1704592098 17
1704592130 17
1704592162 18
1704592194 22
1704592226 12
1704592258 19
1704592290 9



# Sketch: 10
1704591714 16
1704591746 26
1704591778 29
1704591810 15
1704591842 12
1704591874 14
1704591906 23
1704591938 27
1704591970 34
1704592002 17
1704592034 32
1704592066 30
1704592098 13
1704592130 34
1704592162 22
1704592194 32
1704592226 19
1704592258 30
1704592290 12



# Sketch: 11
1704591714 14
1704591746 12
1704591778 18
1704591810 6
1704591842 24
1704591874 13
1704591906 15
1704591938 12
1704591970 8
1704592002 15
1704592034 23
1704592066 11
1704592098 13
1704592130 12
1704592162 49
1704592194 15
1704592226 14
1704592258 7
1704592290 8



# Sketch: 12
1704591714 22
1704591746 12
1704591778 12
1704591810 2
1704591842 23
1704591874 25
1704591906 17
1704591938 7
1704591970 22
1704592002 28
1704592034 5
1704592066 19
1704592098 21
1704592130 22
1704592162 9
1704592194 19
1704592226 22
1704592258 13
1704592290 7



# Sketch: 13
1704591714 7
1704591746 30
1704591778 12
1704591810 14
1704591842 9
1704591874 29
1704591906 17
1704591938 12
1704591970 7
1704592002 13
1704592034 14
1704592066 16
1704592098 15
1704592130 23
1704592162 6
1704592194 8
1704592226 12
1704592258 10
1704592290 8



# Sketch: 14
1704591714 14
1704591746 14
1704591778 12
1704591810 11
1704591842 11
1704591874 16
1704591906 29
1704591938 20
1704591970 16
1704592002 32
1704592034 35
1704592066 29
1704592098 15
1704592130 13
1704592162 8
1704592194 25
1704592226 17
1704592258 16
1704592290 21



# Sketch: 15
1704591714 13
1704591746 11
1704591778 10
1704591810 14
1704591842 24
1704591874 22
1704591906 10
1704591938 11
1704591970 12
1704592002 13
1704592034 12
1704592066 23
1704592098 8
1704592130 16
1704592162 14
1704592194 8
1704592226 31
1704592258 17
1704592290 4



# Sketch: 16
1704591714 5
1704591746 13
1704591778 30
1704591810 13
1704591842 5
1704591874 6
1704591906 17
1704591938 5
1704591970 8
1704592002 17
1704592034 7
1704592066 12
1704592098 7
1704592130 11
1704592162 11
1704592194 9
1704592226 22
1704592258 28
1704592290 9



# Sketch: 17
1704591714 10
1704591746 18
1704591778 7
1704591810 40
1704591842 29
1704591874 18
1704591906 7
1704591938 9
1704591970 16
1704592002 17
1704592034 11
1704592066 20
1704592098 10
1704592130 10
1704592162 20
1704592194 21
1704592226 9
1704592258 15
1704592290 11



# Sketch: 18
1704591714 13
1704591746 26
1704591778 11
1704591810 2
1704591842 21
1704591874 13
1704591906 14
1704591938 10
1704591970 15
1704592002 11
1704592034 17
1704592066 15
1704592098 8
1704592130 16
1704592162 13
1704592194 31
1704592226 17
1704592258 14
1704592290 11



# Sketch: 19
1704591714 14
1704591746 16
1704591778 10
1704591810 11
1704591842 22
1704591874 20
1704591906 14
1704591938 19
1704591970 13
1704592002 15
1704592034 9
1704592066 8
1704592098 14
1704592130 7
1704592162 12
1704592194 20
1704592226 6
1704592258 23
1704592290 117



# Sketch: 20
1704591714 16
1704591746 8
1704591778 21
1704591810 5
1704591842 15
1704591874 20
1704591906 18
1704591938 17
1704591970 26
1704592002 16
1704592034 12
1704592066 27
1704592098 15
1704592130 24
1704592162 16
1704592194 24
1704592226 13
1704592258 31
1704592290 9



# Sketch: 21
1704591714 15
1704591746 23
1704591778 11
1704591810 12
1704591842 20
1704591874 17
1704591906 19
1704591938 9
1704591970 21
1704592002 14
1704592034 12
1704592066 13
1704592098 17
1704592130 12
1704592162 15
1704592194 12
1704592226 15
1704592258 30
1704592290 13



# Sketch: 22
1704591714 8
1704591746 24
1704591778 6
1704591810 6
1704591842 18
1704591874 10
1704591906 11
1704591938 32
1704591970 14
1704592002 15
1704592034 13
1704592066 16
1704592098 13
1704592130 17
1704592162 24
1704592194 7
1704592226 13
1704592258 14
1704592290 12



# Sketch: 23
1704591714 27
1704591746 14
1704591778 27
1704591810 20
1704591842 37
1704591874 13
1704591906 24
1704591938 43
1704591970 17
1704592002 37
1704592034 28
1704592066 26
1704592098 18
1704592130 31
1704592162 18
1704592194 14
1704592226 25
1704592258 37
1704592290 10



# Sketch: 24
1704591714 12
1704591746 24
1704591778 10
1704591810 8
1704591842 51
1704591874 19
1704591906 10
1704591938 22
1704591970 31
1704592002 13
1704592034 16
1704592066 27
1704592098 11
1704592130 24
1704592162 6
1704592194 23
1704592226 21
1704592258 63
1704592290 11



# Sketch: 25
1704591714 13
1704591746 18
1704591778 9
1704591810 5
1704591842 24
1704591874 12
1704591906 10
1704591938 13
1704591970 11
1704592002 11
1704592034 21
1704592066 10
1704592098 12
1704592130 16
1704592162 16
1704592194 9
1704592226 4
1704592258 9
1704592290 17



# Sketch: 26
1704591714 29
1704591746 9
1704591778 11
1704591810 21
1704591842 18
1704591874 15
1704591906 14
1704591938 6
1704591970 30
1704592002 13
1704592034 15
1704592066 13
1704592098 6
1704592130 8
1704592162 18
1704592194 19
1704592226 12
1704592258 16
1704592290 7



# Sketch: 27
1704591714 14
1704591746 28
1704591778 12
1704591810 10
1704591842 9
1704591874 17
1704591906 10
1704591938 18
1704591970 14
1704592002 12
1704592034 12
1704592066 9
1704592098 14
1704592130 21
1704592162 27
1704592194 18
1704592226 12
1704592258 12
1704592290 15



# Sketch: 28
1704591714 18
1704591746 18
1704591778 11
1704591810 8
1704591842 22
1704591874 26
1704591906 35
1704591938 20
1704591970 35
1704592002 15
1704592034 14
1704592066 32
1704592098 17
1704592130 6
1704592162 10
1704592194 21
1704592226 21
1704592258 24
1704592290 5



# Sketch: 29
1704591714 10
1704591746 17
1704591778 7
1704591810 16
1704591842 15
1704591874 11
1704591906 23
1704591938 2
1704591970 30
1704592002 14
1704592034 14
1704592066 17
1704592098 12
1704592130 20
1704592162 13
1704592194 13
1704592226 15
1704592258 8
1704592290 19



# Sketch: 30
1704591714 9
1704591746 15
1704591778 20
1704591810 12
1704591842 33
1704591874 3
1704591906 25
1704591938 12
1704591970 13
1704592002 21
1704592034 8
1704592066 13
1704592098 10
1704592130 4
1704592162 20
1704592194 22
1704592226 10
1704592258 17
1704592290 7



# Sketch: 31
1704591714 20
1704591746 13
1704591778 30
1704591810 21
1704591842 13
1704591874 19
1704591906 30
1704591938 39
1704591970 32
1704592002 29
1704592034 47
1704592066 17
1704592098 21
1704592130 22
1704592162 20
1704592194 16
1704592226 13
1704592258 36
1704592290 15

