

# Sketch: 0
1704591714 36
1704591778 58
1704591842 25
1704591906 85
1704591970 53
1704592034 83
1704592098 49
1704592162 37
1704592226 50
1704592290 14



# Sketch: 1
1704591714 24
1704591778 29
1704591842 28
1704591906 25
1704591970 43
1704592034 63
1704592098 26
1704592162 32
1704592226 12
1704592290 121



# Sketch: 2
1704591714 16
1704591778 36
1704591842 33
1704591906 30
1704591970 34
1704592034 21
1704592098 38
1704592162 51
1704592226 40
1704592290 4



# Sketch: 3
1704591714 34
1704591778 27
1704591842 25
1704591906 29
1704591970 41
1704592034 40
1704592098 28
1704592162 33
1704592226 25
1704592290 6



# Sketch: 4
1704591714 49
1704591778 31
1704591842 41
1704591906 38
1704591970 34
1704592034 49
1704592098 41
1704592162 23
1704592226 28
1704592290 8



# Sketch: 5
1704591714 16
1704591778 28
1704591842 26
1704591906 36
1704591970 19
1704592034 27
1704592098 37
1704592162 26
1704592226 32
1704592290 10



# Sketch: 6
1704591714 26
1704591778 15
1704591842 42
1704591906 23
1704591970 39
1704592034 23
1704592098 28
1704592162 22
1704592226 25
1704592290 16



# Sketch: 7
1704591714 37
1704591778 31
1704591842 32
1704591906 50
1704591970 41
1704592034 35
1704592098 31
1704592162 21
1704592226 29
1704592290 13



# Sketch: 8
1704591714 43
1704591778 28
1704591842 58
1704591906 32
1704591970 33
1704592034 49
1704592098 31
1704592162 37
1704592226 29
1704592290 21



# Sketch: 9
1704591714 51
1704591778 16
1704591842 22
1704591906 27
1704591970 43
1704592034 12
1704592098 29
1704592162 35
1704592226 25
1704592290 6



# Sketch: 10
1704591714 19
1704591778 19
1704591842 34
1704591906 26
1704591970 39
1704592034 17
1704592098 22
1704592162 37
1704592226 40
1704592290 6



# Sketch: 11
1704591714 35
1704591778 23
1704591842 19
1704591906 32
1704591970 31
1704592034 43
1704592098 23
1704592162 46
1704592226 30
1704592290 9



# Sketch: 12
1704591714 14
1704591778 23
1704591842 57
1704591906 36
1704591970 41
1704592034 28
1704592098 25
1704592162 19
1704592226 44
1704592290 10



# Sketch: 13
1704591714 14
1704591778 35
1704591842 39
1704591906 24
1704591970 23
1704592034 30
1704592098 28
1704592162 59
1704592226 15
1704592290 6



# Sketch: 14
1704591714 25
1704591778 16
1704591842 43
1704591906 31
1704591970 38
1704592034 35
1704592098 39
1704592162 50
1704592226 45
1704592290 8



# Sketch: 15
1704591714 23
1704591778 12
1704591842 46
1704591906 18
1704591970 25
1704592034 32
1704592098 44
1704592162 40
1704592226 25
1704592290 5



# Sketch: 16
1704591714 26
1704591778 13
1704591842 23
1704591906 39
1704591970 38
1704592034 26
1704592098 30
1704592162 30
1704592226 37
1704592290 12



# Sketch: 17
1704591714 44
1704591778 26
1704591842 25
1704591906 17
1704591970 20
1704592034 29
1704592098 19
1704592162 21
1704592226 15
1704592290 13



# Sketch: 18
1704591714 38
1704591778 26
1704591842 14
1704591906 25
1704591970 28
1704592034 31
1704592098 28
1704592162 29
1704592226 38
1704592290 6



# Sketch: 19
1704591714 17
1704591778 29
1704591842 24
1704591906 30
1704591970 48
1704592034 49
1704592098 21
1704592162 55
1704592226 48
1704592290 5



# Sketch: 20
1704591714 38
1704591778 15
1704591842 36
1704591906 30
1704591970 26
1704592034 23
1704592098 28
1704592162 31
1704592226 39
1704592290 16



# Sketch: 21
1704591714 49
1704591778 24
1704591842 49
1704591906 27
1704591970 32
1704592034 26
1704592098 29
1704592162 35
1704592226 21
1704592290 7



# Sketch: 22
1704591714 32
1704591778 30
1704591842 73
1704591906 50
1704591970 35
1704592034 29
1704592098 40
1704592162 27
1704592226 73
1704592290 12



# Sketch: 23
1704591714 32
1704591778 11
1704591842 36
1704591906 78
1704591970 35
1704592034 39
1704592098 40
1704592162 26
1704592226 20
1704592290 12



# Sketch: 24
1704591714 53
1704591778 58
1704591842 48
1704591906 63
1704591970 71
1704592034 53
1704592098 36
1704592162 41
1704592226 41
1704592290 12



# Sketch: 25
1704591714 16
1704591778 17
1704591842 27
1704591906 21
1704591970 33
1704592034 23
1704592098 21
1704592162 24
1704592226 24
1704592290 10



# Sketch: 26
1704591714 34
1704591778 24
1704591842 21
1704591906 13
1704591970 22
1704592034 35
1704592098 41
1704592162 34
1704592226 48
1704592290 20



# Sketch: 27
1704591714 41
1704591778 22
1704591842 43
1704591906 37
1704591970 30
1704592034 48
1704592098 36
1704592162 38
1704592226 48
1704592290 5



# Sketch: 28
1704591714 31
1704591778 23
1704591842 35
1704591906 12
1704591970 34
1704592034 22
1704592098 19
1704592162 26
1704592226 28
1704592290 7



# Sketch: 29
1704591714 35
1704591778 38
1704591842 55
1704591906 26
1704591970 52
1704592034 85
1704592098 67
1704592162 38
1704592226 38
1704592290 23



# Sketch: 30
1704591714 28
1704591778 26
1704591842 56
1704591906 24
1704591970 50
1704592034 41
1704592098 30
1704592162 41
1704592226 47
1704592290 18



# Sketch: 31
1704591714 21
1704591778 17
1704591842 42
1704591906 23
1704591970 35
1704592034 26
1704592098 22
1704592162 31
1704592226 34
1704592290 5

