

# Sketch: 0
1704592314 59
1704592378 107
1704592442 27
1704592506 28
1704592570 26
1704592634 41
1704592698 28
1704592762 24
1704592826 22
1704592890 5



# Sketch: 1
1704592314 32
1704592378 78
1704592442 49
1704592506 34
1704592570 22
1704592634 35
1704592698 30
1704592762 39
1704592826 67
1704592890 16



# Sketch: 2
1704592314 48
1704592378 79
1704592442 38
1704592506 45
1704592570 28
1704592634 44
1704592698 37
1704592762 41
1704592826 35
1704592890 25



# Sketch: 3
1704592314 39
1704592378 118
1704592442 54
1704592506 40
1704592570 51
1704592634 51
1704592698 30
1704592762 32
1704592826 53
1704592890 14



# Sketch: 4
1704592314 48
1704592378 104
1704592442 42
1704592506 41
1704592570 40
1704592634 36
1704592698 20
1704592762 17
1704592826 32
1704592890 19



# Sketch: 5
1704592314 30
1704592378 79
1704592442 44
1704592506 40
1704592570 28
1704592634 35
1704592698 35
1704592762 43
1704592826 47
1704592890 10



# Sketch: 6
1704592314 28
1704592378 74
1704592442 25
1704592506 40
1704592570 21
1704592634 33
1704592698 23
1704592762 40
1704592826 30
1704592890 10



# Sketch: 7
1704592314 60
1704592378 75
1704592442 23
1704592506 31
1704592570 24
1704592634 34
1704592698 25
1704592762 51
1704592826 24
1704592890 17



# Sketch: 8
1704592314 20
1704592378 70
1704592442 31
1704592506 22
1704592570 27
1704592634 34
1704592698 41
1704592762 12
1704592826 35
1704592890 8



# Sketch: 9
1704592314 40
1704592378 71
1704592442 32
1704592506 28
1704592570 48
1704592634 31
1704592698 55
1704592762 37
1704592826 41
1704592890 25



# Sketch: 10
1704592314 30
1704592378 50
1704592442 40
1704592506 42
1704592570 24
1704592634 40
1704592698 30
1704592762 30
1704592826 50
1704592890 12



# Sketch: 11
1704592314 35
1704592378 64
1704592442 41
1704592506 27
1704592570 34
1704592634 48
1704592698 38
1704592762 32
1704592826 32
1704592890 21



# Sketch: 12
1704592314 33
1704592378 85
1704592442 31
1704592506 18
1704592570 35
1704592634 56
1704592698 34
1704592762 26
1704592826 39
1704592890 13



# Sketch: 13
1704592314 27
1704592378 86
1704592442 53
1704592506 43
1704592570 31
1704592634 26
1704592698 43
1704592762 23
1704592826 34
1704592890 8



# Sketch: 14
1704592314 44
1704592378 106
1704592442 31
1704592506 34
1704592570 57
1704592634 30
1704592698 57
1704592762 52
1704592826 53
1704592890 8



# Sketch: 15
1704592314 38
1704592378 126
1704592442 36
1704592506 19
1704592570 42
1704592634 35
1704592698 22
1704592762 29
1704592826 25
1704592890 5



# Sketch: 16
1704592314 32
1704592378 73
1704592442 28
1704592506 48
1704592570 44
1704592634 56
1704592698 47
1704592762 49
1704592826 29
1704592890 12



# Sketch: 17
1704592314 17
1704592378 95
1704592442 34
1704592506 34
1704592570 22
1704592634 25
1704592698 35
1704592762 31
1704592826 30
1704592890 7



# Sketch: 18
1704592314 53
1704592378 100
1704592442 40
1704592506 25
1704592570 28
1704592634 17
1704592698 34
1704592762 31
1704592826 42
1704592890 18



# Sketch: 19
1704592314 28
1704592378 58
1704592442 30
1704592506 29
1704592570 32
1704592634 34
1704592698 27
1704592762 33
1704592826 56
1704592890 8



# Sketch: 20
1704592314 28
1704592378 83
1704592442 30
1704592506 16
1704592570 18
1704592634 19
1704592698 35
1704592762 37
1704592826 62
1704592890 7



# Sketch: 21
1704592314 23
1704592378 91
1704592442 33
1704592506 27
1704592570 28
1704592634 26
1704592698 46
1704592762 11
1704592826 37
1704592890 16



# Sketch: 22
1704592314 33
1704592378 87
1704592442 31
1704592506 40
1704592570 60
1704592634 19
1704592698 43
1704592762 59
1704592826 25
1704592890 17



# Sketch: 23
1704592314 35
1704592378 97
1704592442 37
1704592506 36
1704592570 29
1704592634 19
1704592698 34
1704592762 36
1704592826 20
1704592890 31



# Sketch: 24
1704592314 23
1704592378 81
1704592442 27
1704592506 31
1704592570 34
1704592634 25
1704592698 36
1704592762 25
1704592826 30
1704592890 16



# Sketch: 25
1704592314 49
1704592378 90
1704592442 29
1704592506 51
1704592570 29
1704592634 47
1704592698 30
1704592762 29
1704592826 26
1704592890 16



# Sketch: 26
1704592314 33
1704592378 109
1704592442 21
1704592506 21
1704592570 31
1704592634 32
1704592698 35
1704592762 38
1704592826 42
1704592890 8



# Sketch: 27
1704592314 46
1704592378 88
1704592442 61
1704592506 37
1704592570 63
1704592634 64
1704592698 51
1704592762 47
1704592826 49
1704592890 19



# Sketch: 28
1704592314 25
1704592378 78
1704592442 25
1704592506 28
1704592570 27
1704592634 37
1704592698 40
1704592762 40
1704592826 53
1704592890 6



# Sketch: 29
1704592314 34
1704592378 115
1704592442 20
1704592506 51
1704592570 45
1704592634 34
1704592698 55
1704592762 27
1704592826 68
1704592890 18



# Sketch: 30
1704592314 20
1704592378 93
1704592442 28
1704592506 25
1704592570 23
1704592634 30
1704592698 26
1704592762 42
1704592826 29
1704592890 11



# Sketch: 31
1704592314 43
1704592378 104
1704592442 45
1704592506 49
1704592570 35
1704592634 72
1704592698 49
1704592762 61
1704592826 53
1704592890 47

