

# Sketch: 0
1704592314 2
1704592330 9
1704592346 7
1704592362 12
1704592378 20
1704592394 28
1704592410 22
1704592426 7
1704592442 12
1704592458 6
1704592474 3
1704592490 5
1704592506 2
1704592522 7
1704592538 0
1704592554 2
1704592570 3
1704592586 17
1704592602 2
1704592618 5
1704592634 7
1704592650 2
1704592666 3
1704592682 11
1704592698 6
1704592714 5
1704592730 7
1704592746 3
1704592762 3
1704592778 11
1704592794 6
1704592810 0
1704592826 12
1704592842 10
1704592858 2
1704592874 6
1704592890 12
1704592906 2



# Sketch: 1
1704592314 16
1704592330 4
1704592346 10
1704592362 15
1704592378 25
1704592394 50
1704592410 19
1704592426 11
1704592442 8
1704592458 5
1704592474 3
1704592490 28
1704592506 16
1704592522 29
1704592538 10
1704592554 10
1704592570 5
1704592586 10
1704592602 3
1704592618 17
1704592634 15
1704592650 12
1704592666 11
1704592682 5
1704592698 8
1704592714 8
1704592730 15
1704592746 8
1704592762 47
1704592778 6
1704592794 3
1704592810 3
1704592826 10
1704592842 14
1704592858 13
1704592874 13
1704592890 12
1704592906 3



# Sketch: 2
1704592314 3
1704592330 5
1704592346 6
1704592362 24
1704592378 12
1704592394 34
1704592410 7
1704592426 11
1704592442 12
1704592458 2
1704592474 3
1704592490 3
1704592506 5
1704592522 12
1704592538 13
1704592554 19
1704592570 17
1704592586 12
1704592602 9
1704592618 8
1704592634 10
1704592650 4
1704592666 1
1704592682 7
1704592698 10
1704592714 6
1704592730 3
1704592746 7
1704592762 5
1704592778 7
1704592794 4
1704592810 5
1704592826 13
1704592842 6
1704592858 5
1704592874 8
1704592890 24
1704592906 15



# Sketch: 3
1704592314 7
1704592330 12
1704592346 10
1704592362 10
1704592378 14
1704592394 25
1704592410 24
1704592426 18
1704592442 17
1704592458 8
1704592474 4
1704592490 3
1704592506 6
1704592522 4
1704592538 2
1704592554 8
1704592570 11
1704592586 8
1704592602 8
1704592618 14
1704592634 2
1704592650 7
1704592666 6
1704592682 8
1704592698 4
1704592714 17
1704592730 9
1704592746 8
1704592762 4
1704592778 7
1704592794 9
1704592810 8
1704592826 7
1704592842 6
1704592858 3
1704592874 14
1704592890 3
1704592906 3



# Sketch: 4
1704592314 13
1704592330 12
1704592346 11
1704592362 9
1704592378 34
1704592394 27
1704592410 28
1704592426 14
1704592442 13
1704592458 10
1704592474 5
1704592490 5
1704592506 8
1704592522 13
1704592538 3
1704592554 12
1704592570 5
1704592586 6
1704592602 3
1704592618 7
1704592634 2
1704592650 12
1704592666 7
1704592682 3
1704592698 9
1704592714 11
1704592730 9
1704592746 18
1704592762 5
1704592778 5
1704592794 9
1704592810 17
1704592826 14
1704592842 6
1704592858 9
1704592874 8
1704592890 7
1704592906 2



# Sketch: 5
1704592314 5
1704592330 5
1704592346 3
1704592362 13
1704592378 27
1704592394 41
1704592410 23
1704592426 23
1704592442 10
1704592458 8
1704592474 8
1704592490 19
1704592506 15
1704592522 17
1704592538 4
1704592554 10
1704592570 7
1704592586 6
1704592602 1
1704592618 10
1704592634 15
1704592650 12
1704592666 24
1704592682 5
1704592698 9
1704592714 13
1704592730 11
1704592746 19
1704592762 17
1704592778 2
1704592794 21
1704592810 4
1704592826 33
1704592842 14
1704592858 14
1704592874 10
1704592890 14
1704592906 2



# Sketch: 6
1704592314 4
1704592330 21
1704592346 21
1704592362 7
1704592378 20
1704592394 27
1704592410 9
1704592426 10
1704592442 18
1704592458 8
1704592474 7
1704592490 6
1704592506 8
1704592522 11
1704592538 4
1704592554 17
1704592570 3
1704592586 14
1704592602 2
1704592618 4
1704592634 13
1704592650 9
1704592666 6
1704592682 13
1704592698 9
1704592714 5
1704592730 3
1704592746 5
1704592762 6
1704592778 8
1704592794 8
1704592810 7
1704592826 16
1704592842 5
1704592858 3
1704592874 3
1704592890 15
1704592906 3



# Sketch: 7
1704592314 8
1704592330 6
1704592346 3
1704592362 15
1704592378 26
1704592394 21
1704592410 24
1704592426 20
1704592442 17
1704592458 7
1704592474 4
1704592490 5
1704592506 8
1704592522 17
1704592538 8
1704592554 9
1704592570 7
1704592586 3
1704592602 16
1704592618 8
1704592634 6
1704592650 6
1704592666 5
1704592682 9
1704592698 6
1704592714 6
1704592730 7
1704592746 10
1704592762 7
1704592778 10
1704592794 11
1704592810 8
1704592826 21
1704592842 11
1704592858 9
1704592874 8
1704592890 3
1704592906 9



# Sketch: 8
1704592314 1
1704592330 9
1704592346 7
1704592362 7
1704592378 33
1704592394 38
1704592410 8
1704592426 10
1704592442 10
1704592458 7
1704592474 4
1704592490 7
1704592506 6
1704592522 13
1704592538 9
1704592554 12
1704592570 7
1704592586 8
1704592602 6
1704592618 2
1704592634 0
1704592650 1
1704592666 7
1704592682 1
1704592698 16
1704592714 13
1704592730 2
1704592746 13
1704592762 7
1704592778 4
1704592794 4
1704592810 10
1704592826 10
1704592842 12
1704592858 9
1704592874 6
1704592890 8
1704592906 1



# Sketch: 9
1704592314 12
1704592330 8
1704592346 6
1704592362 2
1704592378 31
1704592394 35
1704592410 15
1704592426 8
1704592442 13
1704592458 10
1704592474 3
1704592490 1
1704592506 9
1704592522 8
1704592538 7
1704592554 14
1704592570 15
1704592586 12
1704592602 2
1704592618 10
1704592634 6
1704592650 7
1704592666 3
1704592682 17
1704592698 22
1704592714 2
1704592730 6
1704592746 6
1704592762 4
1704592778 7
1704592794 11
1704592810 4
1704592826 26
1704592842 10
1704592858 5
1704592874 3
1704592890 7
1704592906 1



# Sketch: 10
1704592314 11
1704592330 8
1704592346 9
1704592362 10
1704592378 15
1704592394 43
1704592410 40
1704592426 16
1704592442 14
1704592458 1
1704592474 6
1704592490 4
1704592506 3
1704592522 8
1704592538 2
1704592554 3
1704592570 13
1704592586 3
1704592602 8
1704592618 6
1704592634 4
1704592650 20
1704592666 22
1704592682 4
1704592698 6
1704592714 8
1704592730 6
1704592746 11
1704592762 7
1704592778 6
1704592794 1
1704592810 4
1704592826 31
1704592842 4
1704592858 15
1704592874 8
1704592890 6
1704592906 2



# Sketch: 11
1704592314 5
1704592330 5
1704592346 8
1704592362 6
1704592378 23
1704592394 34
1704592410 24
1704592426 15
1704592442 16
1704592458 6
1704592474 3
1704592490 9
1704592506 15
1704592522 18
1704592538 7
1704592554 10
1704592570 18
1704592586 9
1704592602 2
1704592618 6
1704592634 3
1704592650 17
1704592666 17
1704592682 24
1704592698 10
1704592714 3
1704592730 8
1704592746 10
1704592762 7
1704592778 4
1704592794 6
1704592810 12
1704592826 26
1704592842 12
1704592858 7
1704592874 8
1704592890 11
1704592906 2



# Sketch: 12
1704592314 11
1704592330 25
1704592346 10
1704592362 10
1704592378 18
1704592394 40
1704592410 28
1704592426 14
1704592442 9
1704592458 6
1704592474 8
1704592490 13
1704592506 5
1704592522 4
1704592538 7
1704592554 5
1704592570 4
1704592586 15
1704592602 14
1704592618 3
1704592634 6
1704592650 9
1704592666 29
1704592682 9
1704592698 13
1704592714 4
1704592730 1
1704592746 12
1704592762 8
1704592778 5
1704592794 6
1704592810 14
1704592826 16
1704592842 12
1704592858 3
1704592874 6
1704592890 45
1704592906 20



# Sketch: 13
1704592314 11
1704592330 3
1704592346 11
1704592362 3
1704592378 23
1704592394 29
1704592410 13
1704592426 9
1704592442 18
1704592458 17
1704592474 3
1704592490 7
1704592506 9
1704592522 1
1704592538 3
1704592554 13
1704592570 8
1704592586 6
1704592602 3
1704592618 11
1704592634 5
1704592650 5
1704592666 1
1704592682 5
1704592698 1
1704592714 7
1704592730 8
1704592746 3
1704592762 6
1704592778 7
1704592794 5
1704592810 4
1704592826 7
1704592842 7
1704592858 4
1704592874 4
1704592890 7
1704592906 2



# Sketch: 14
1704592314 15
1704592330 14
1704592346 28
1704592362 13
1704592378 21
1704592394 24
1704592410 24
1704592426 12
1704592442 14
1704592458 8
1704592474 24
1704592490 7
1704592506 10
1704592522 5
1704592538 10
1704592554 11
1704592570 12
1704592586 4
1704592602 13
1704592618 11
1704592634 8
1704592650 7
1704592666 12
1704592682 14
1704592698 17
1704592714 19
1704592730 17
1704592746 9
1704592762 16
1704592778 13
1704592794 11
1704592810 12
1704592826 28
1704592842 9
1704592858 3
1704592874 12
1704592890 22
1704592906 2



# Sketch: 15
1704592314 9
1704592330 12
1704592346 2
1704592362 4
1704592378 13
1704592394 25
1704592410 12
1704592426 6
1704592442 12
1704592458 6
1704592474 9
1704592490 8
1704592506 6
1704592522 6
1704592538 8
1704592554 4
1704592570 15
1704592586 6
1704592602 8
1704592618 3
1704592634 3
1704592650 9
1704592666 2
1704592682 9
1704592698 6
1704592714 8
1704592730 5
1704592746 4
1704592762 9
1704592778 0
1704592794 6
1704592810 7
1704592826 7
1704592842 7
1704592858 5
1704592874 4
1704592890 3
1704592906 10



# Sketch: 16
1704592314 9
1704592330 13
1704592346 22
1704592362 17
1704592378 29
1704592394 29
1704592410 25
1704592426 10
1704592442 20
1704592458 9
1704592474 4
1704592490 8
1704592506 12
1704592522 12
1704592538 2
1704592554 11
1704592570 8
1704592586 5
1704592602 12
1704592618 5
1704592634 8
1704592650 10
1704592666 29
1704592682 6
1704592698 10
1704592714 14
1704592730 20
1704592746 9
1704592762 17
1704592778 4
1704592794 12
1704592810 7
1704592826 26
1704592842 7
1704592858 3
1704592874 6
1704592890 13
1704592906 5



# Sketch: 17
1704592314 6
1704592330 7
1704592346 13
1704592362 1
1704592378 25
1704592394 33
1704592410 20
1704592426 19
1704592442 21
1704592458 10
1704592474 5
1704592490 3
1704592506 5
1704592522 6
1704592538 6
1704592554 5
1704592570 15
1704592586 18
1704592602 4
1704592618 4
1704592634 12
1704592650 10
1704592666 24
1704592682 14
1704592698 17
1704592714 5
1704592730 21
1704592746 9
1704592762 4
1704592778 6
1704592794 11
1704592810 8
1704592826 20
1704592842 15
1704592858 8
1704592874 6
1704592890 12
1704592906 1



# Sketch: 18
1704592314 4
1704592330 1
1704592346 6
1704592362 3
1704592378 30
1704592394 40
1704592410 8
1704592426 11
1704592442 6
1704592458 11
1704592474 4
1704592490 3
1704592506 4
1704592522 11
1704592538 6
1704592554 20
1704592570 7
1704592586 6
1704592602 3
1704592618 6
1704592634 20
1704592650 11
1704592666 3
1704592682 7
1704592698 5
1704592714 5
1704592730 4
1704592746 7
1704592762 11
1704592778 5
1704592794 5
1704592810 8
1704592826 6
1704592842 11
1704592858 3
1704592874 5
1704592890 14
1704592906 3



# Sketch: 19
1704592314 13
1704592330 11
1704592346 12
1704592362 9
1704592378 18
1704592394 46
1704592410 10
1704592426 19
1704592442 14
1704592458 9
1704592474 3
1704592490 4
1704592506 5
1704592522 6
1704592538 5
1704592554 14
1704592570 10
1704592586 9
1704592602 18
1704592618 10
1704592634 12
1704592650 13
1704592666 7
1704592682 12
1704592698 6
1704592714 3
1704592730 10
1704592746 8
1704592762 34
1704592778 11
1704592794 8
1704592810 18
1704592826 14
1704592842 7
1704592858 5
1704592874 6
1704592890 8
1704592906 2



# Sketch: 20
1704592314 3
1704592330 7
1704592346 3
1704592362 19
1704592378 32
1704592394 30
1704592410 20
1704592426 18
1704592442 6
1704592458 1
1704592474 3
1704592490 9
1704592506 14
1704592522 15
1704592538 0
1704592554 7
1704592570 12
1704592586 11
1704592602 6
1704592618 17
1704592634 11
1704592650 11
1704592666 7
1704592682 14
1704592698 5
1704592714 8
1704592730 15
1704592746 19
1704592762 14
1704592778 3
1704592794 8
1704592810 5
1704592826 5
1704592842 10
1704592858 12
1704592874 14
1704592890 7
1704592906 4



# Sketch: 21
1704592314 4
1704592330 10
1704592346 8
1704592362 9
1704592378 25
1704592394 46
1704592410 22
1704592426 10
1704592442 32
1704592458 10
1704592474 5
1704592490 9
1704592506 7
1704592522 13
1704592538 3
1704592554 8
1704592570 8
1704592586 11
1704592602 10
1704592618 9
1704592634 8
1704592650 6
1704592666 10
1704592682 37
1704592698 19
1704592714 10
1704592730 4
1704592746 14
1704592762 6
1704592778 4
1704592794 17
1704592810 26
1704592826 9
1704592842 10
1704592858 13
1704592874 19
1704592890 14
1704592906 7



# Sketch: 22
1704592314 3
1704592330 22
1704592346 8
1704592362 4
1704592378 22
1704592394 22
1704592410 18
1704592426 24
1704592442 18
1704592458 11
1704592474 6
1704592490 4
1704592506 4
1704592522 10
1704592538 3
1704592554 6
1704592570 8
1704592586 6
1704592602 8
1704592618 8
1704592634 1
1704592650 7
1704592666 10
1704592682 4
1704592698 15
1704592714 6
1704592730 9
1704592746 9
1704592762 14
1704592778 9
1704592794 3
1704592810 1
1704592826 12
1704592842 8
1704592858 1
1704592874 10
1704592890 11
1704592906 3



# Sketch: 23
1704592314 2
1704592330 2
1704592346 4
1704592362 11
1704592378 27
1704592394 30
1704592410 5
1704592426 13
1704592442 14
1704592458 6
1704592474 14
1704592490 19
1704592506 8
1704592522 11
1704592538 6
1704592554 6
1704592570 28
1704592586 3
1704592602 5
1704592618 13
1704592634 5
1704592650 8
1704592666 4
1704592682 7
1704592698 15
1704592714 13
1704592730 17
1704592746 9
1704592762 15
1704592778 10
1704592794 11
1704592810 5
1704592826 14
1704592842 8
1704592858 2
1704592874 5
1704592890 5
1704592906 4



# Sketch: 24
1704592314 11
1704592330 13
1704592346 6
1704592362 9
1704592378 19
1704592394 29
1704592410 18
1704592426 8
1704592442 8
1704592458 5
1704592474 2
1704592490 6
1704592506 8
1704592522 3
1704592538 0
1704592554 14
1704592570 9
1704592586 12
1704592602 6
1704592618 11
1704592634 20
1704592650 9
1704592666 5
1704592682 7
1704592698 5
1704592714 6
1704592730 10
1704592746 5
1704592762 19
1704592778 2
1704592794 34
1704592810 16
1704592826 17
1704592842 8
1704592858 2
1704592874 8
1704592890 5
1704592906 13



# Sketch: 25
1704592314 3
1704592330 7
1704592346 7
1704592362 4
1704592378 14
1704592394 21
1704592410 12
1704592426 10
1704592442 9
1704592458 6
1704592474 5
1704592490 6
1704592506 12
1704592522 10
1704592538 2
1704592554 8
1704592570 6
1704592586 4
1704592602 6
1704592618 4
1704592634 12
1704592650 2
1704592666 13
1704592682 13
1704592698 8
1704592714 6
1704592730 15
1704592746 19
1704592762 4
1704592778 14
1704592794 11
1704592810 7
1704592826 12
1704592842 11
1704592858 18
1704592874 11
1704592890 3
1704592906 4



# Sketch: 26
1704592314 1
1704592330 20
1704592346 6
1704592362 5
1704592378 21
1704592394 39
1704592410 10
1704592426 31
1704592442 12
1704592458 3
1704592474 11
1704592490 7
1704592506 6
1704592522 14
1704592538 6
1704592554 1
1704592570 6
1704592586 7
1704592602 2
1704592618 6
1704592634 9
1704592650 4
1704592666 19
1704592682 10
1704592698 18
1704592714 24
1704592730 4
1704592746 11
1704592762 8
1704592778 4
1704592794 5
1704592810 7
1704592826 31
1704592842 5
1704592858 1
1704592874 16
1704592890 2
1704592906 1



# Sketch: 27
1704592314 4
1704592330 8
1704592346 6
1704592362 10
1704592378 29
1704592394 63
1704592410 16
1704592426 11
1704592442 19
1704592458 3
1704592474 4
1704592490 12
1704592506 5
1704592522 10
1704592538 5
1704592554 8
1704592570 9
1704592586 14
1704592602 8
1704592618 7
1704592634 5
1704592650 5
1704592666 4
1704592682 1
1704592698 5
1704592714 9
1704592730 0
1704592746 11
1704592762 10
1704592778 4
1704592794 5
1704592810 8
1704592826 12
1704592842 4
1704592858 7
1704592874 15
1704592890 2
1704592906 3



# Sketch: 28
1704592314 12
1704592330 8
1704592346 7
1704592362 14
1704592378 17
1704592394 44
1704592410 16
1704592426 10
1704592442 20
1704592458 7
1704592474 3
1704592490 13
1704592506 7
1704592522 7
1704592538 6
1704592554 20
1704592570 14
1704592586 11
1704592602 4
1704592618 5
1704592634 0
1704592650 14
1704592666 4
1704592682 17
1704592698 15
1704592714 5
1704592730 9
1704592746 7
1704592762 5
1704592778 5
1704592794 7
1704592810 6
1704592826 11
1704592842 8
1704592858 9
1704592874 3
1704592890 8
1704592906 4



# Sketch: 29
1704592314 10
1704592330 25
1704592346 5
1704592362 2
1704592378 27
1704592394 27
1704592410 35
1704592426 11
1704592442 8
1704592458 7
1704592474 8
1704592490 7
1704592506 4
1704592522 13
1704592538 19
1704592554 17
1704592570 6
1704592586 19
1704592602 9
1704592618 4
1704592634 1
1704592650 4
1704592666 9
1704592682 18
1704592698 8
1704592714 12
1704592730 2
1704592746 2
1704592762 12
1704592778 9
1704592794 13
1704592810 8
1704592826 9
1704592842 10
1704592858 3
1704592874 11
1704592890 16
1704592906 3



# Sketch: 30
1704592314 6
1704592330 11
1704592346 5
1704592362 5
1704592378 17
1704592394 28
1704592410 21
1704592426 8
1704592442 17
1704592458 4
1704592474 8
1704592490 8
1704592506 4
1704592522 3
1704592538 13
1704592554 5
1704592570 10
1704592586 7
1704592602 7
1704592618 12
1704592634 4
1704592650 15
1704592666 10
1704592682 6
1704592698 7
1704592714 11
1704592730 2
1704592746 5
1704592762 1
1704592778 14
1704592794 12
1704592810 15
1704592826 25
1704592842 6
1704592858 13
1704592874 4
1704592890 6
1704592906 5



# Sketch: 31
1704592314 10
1704592330 6
1704592346 10
1704592362 8
1704592378 25
1704592394 20
1704592410 11
1704592426 10
1704592442 12
1704592458 4
1704592474 5
1704592490 11
1704592506 11
1704592522 7
1704592538 16
1704592554 5
1704592570 11
1704592586 11
1704592602 3
1704592618 19
1704592634 11
1704592650 16
1704592666 2
1704592682 4
1704592698 10
1704592714 7
1704592730 17
1704592746 6
1704592762 6
1704592778 10
1704592794 8
1704592810 15
1704592826 8
1704592842 9
1704592858 6
1704592874 5
1704592890 6
1704592906 1

