

# Sketch: 0
0 0.403827
1 0.305051
2 0.290175
3 0.463784
4 0.360342
5 0.607213
6 0.470092
7 0.548919



# Sketch: 1
0 0.310395
1 0.283146
2 0.429667
3 0.510898
4 0.956941
5 0.917992
6 1.23054
7 0.621633



# Sketch: 2
0 1.11551
1 1.20385
2 0.886366
3 0.700532
4 0.315186
5 0.308195
6 0.475819
7 0.110513



# Sketch: 3
0 1.1936
1 1.15001
2 1.08115
3 1.02354
4 0.866846
5 0.640986
6 0.674619
7 0.432323



# Sketch: 4
0 0.115879
1 0.102702
2 0.120115
3 0.0879843
4 0.363834
5 0.475717
6 0.837753
7 0.234203



# Sketch: 5
0 0.438956
1 0.577791
2 0.333996
3 0.301978
4 0.142853
5 0.0276354
6 0.540281
7 0.218832



# Sketch: 6
0 1.25161
1 1.2421
2 1.14674
3 0.995581
4 0.524866
5 0.590733
6 0.620667
7 0.350743



# Sketch: 7
0 0.42873
1 0.14808
2 0.09811
3 0.432981
4 0.705487
5 0.969741
6 0.704613
7 0.392878



# Sketch: 8
0 0.952621
1 1.09128
2 0.916564
3 0.579368
4 0.336437
5 0.347542
6 0.653316
7 0.797091



# Sketch: 9
0 0.447763
1 1.13762
2 1.36098
3 1.54286
4 1.67461
5 1.00205
6 0.512748
7 1.35388



# Sketch: 10
0 0.340918
1 0.191179
2 0.206941
3 0.17072
4 0.269206
5 0.238771
6 0.21434
7 0.283642



# Sketch: 11
0 0.194191
1 0.103396
2 0.170981
3 0.0880573
4 0.167637
5 0.328217
6 0.227786
7 0.416584



# Sketch: 12
0 0.372639
1 0.267369
2 0.516187
3 0.261494
4 0.114946
5 0.0881467
6 0.103746
7 0.257851



# Sketch: 13
0 0.849058
1 0.815004
2 0.599471
3 0.322258
4 0.212561
5 0.116191
6 0.0703056
7 0.181248



# Sketch: 14
0 0.485162
1 0.524986
2 0.608851
3 0.533328
4 0.599383
5 0.724313
6 0.358523
7 0.399645



# Sketch: 15
0 0.18447
1 0.171753
2 0.422026
3 0.193581
4 0.326916
5 0.279419
6 0.284223
7 0.307302



# Sketch: 16
0 0.848638
1 0.612939
2 0.446271
3 0.502249
4 0.22501
5 0.357444
6 0.354157
7 0.2947



# Sketch: 17
0 0.500178
1 0.427172
2 0.364598
3 0.329469
4 0.372257
5 0.336804
6 0.497075
7 0.602534



# Sketch: 18
0 0.549011
1 0.831365
2 0.823727
3 1.25077
4 2.21279
5 1.91256
6 2.41493
7 1.09553



# Sketch: 19
0 1.71919
1 1.48657
2 0.951816
3 0.796649
4 0.546587
5 0.488805
6 0.524678
7 0.484197



# Sketch: 20
0 0.566159
1 0.471883
2 0.441452
3 0.450348
4 0.476352
5 0.490173
6 0.585548
7 0.409984



# Sketch: 21
0 0.323588
1 0.646802
2 0.574278
3 0.457086
4 0.388629
5 0.432957
6 0.161153
7 0.267373



# Sketch: 22
0 0.644545
1 0.616858
2 0.57844
3 0.629007
4 0.565928
5 0.54747
6 0.507549
7 0.543423



# Sketch: 23
0 0.505235
1 0.447093
2 0.35202
3 0.322056
4 0.323695
5 0.336154
6 0.595942
7 0.751321



# Sketch: 24
0 0.897551
1 0.864204
2 0.806606
3 0.800981
4 0.702304
5 0.580727
6 0.602352
7 0.557336



# Sketch: 25
0 0.141026
1 0.157628
2 0.369202
3 0.881201
4 0.518265
5 0.420718
6 0.405111
7 0.347877



# Sketch: 26
0 0.246459
1 0.249885
2 0.258951
3 0.324579
4 0.296285
5 0.327315
6 0.260538
7 0.317644



# Sketch: 27
0 0.414733
1 0.350444
2 0.348653
3 0.348227
4 0.280835
5 0.296999
6 0.27247
7 0.378501



# Sketch: 28
0 0.392832
1 0.454243
2 0.609173
3 0.612391
4 0.87859
5 0.534809
6 1.07997
7 0.615897



# Sketch: 29
0 0.369087
1 0.448169
2 0.357604
3 0.363932
4 0.460278
5 0.374862
6 0.478995
7 0.38479



# Sketch: 30
0 0.697184
1 0.730205
2 0.757257
3 0.71875
4 0.622063
5 0.601928
6 0.682949
7 0.538699



# Sketch: 31
0 0.597483
1 0.59721
2 0.625946
3 0.586969
4 0.536861
5 0.497758
6 0.556962
7 0.647057

