

# Sketch: 0
1704592314 133
1704592442 66
1704592570 54
1704592698 70
1704592826 68



# Sketch: 1
1704592314 71
1704592442 59
1704592570 49
1704592698 59
1704592826 55



# Sketch: 2
1704592314 121
1704592442 75
1704592570 75
1704592698 81
1704592826 31



# Sketch: 3
1704592314 130
1704592442 77
1704592570 95
1704592698 61
1704592826 60



# Sketch: 4
1704592314 118
1704592442 58
1704592570 73
1704592698 90
1704592826 61



# Sketch: 5
1704592314 120
1704592442 58
1704592570 75
1704592698 55
1704592826 44



# Sketch: 6
1704592314 111
1704592442 71
1704592570 87
1704592698 73
1704592826 23



# Sketch: 7
1704592314 126
1704592442 68
1704592570 80
1704592698 84
1704592826 64



# Sketch: 8
1704592314 119
1704592442 66
1704592570 55
1704592698 50
1704592826 19



# Sketch: 9
1704592314 162
1704592442 73
1704592570 74
1704592698 91
1704592826 45



# Sketch: 10
1704592314 108
1704592442 85
1704592570 77
1704592698 75
1704592826 72



# Sketch: 11
1704592314 116
1704592442 84
1704592570 92
1704592698 61
1704592826 37



# Sketch: 12
1704592314 91
1704592442 67
1704592570 81
1704592698 65
1704592826 68



# Sketch: 13
1704592314 159
1704592442 74
1704592570 69
1704592698 72
1704592826 82



# Sketch: 14
1704592314 110
1704592442 58
1704592570 66
1704592698 94
1704592826 55



# Sketch: 15
1704592314 115
1704592442 53
1704592570 64
1704592698 72
1704592826 56



# Sketch: 16
1704592314 108
1704592442 83
1704592570 72
1704592698 93
1704592826 50



# Sketch: 17
1704592314 129
1704592442 66
1704592570 53
1704592698 70
1704592826 56



# Sketch: 18
1704592314 106
1704592442 53
1704592570 59
1704592698 62
1704592826 46



# Sketch: 19
1704592314 109
1704592442 47
1704592570 41
1704592698 42
1704592826 55



# Sketch: 20
1704592314 111
1704592442 45
1704592570 35
1704592698 60
1704592826 44



# Sketch: 21
1704592314 126
1704592442 77
1704592570 82
1704592698 71
1704592826 44



# Sketch: 22
1704592314 119
1704592442 77
1704592570 55
1704592698 63
1704592826 70



# Sketch: 23
1704592314 156
1704592442 99
1704592570 69
1704592698 83
1704592826 66



# Sketch: 24
1704592314 148
1704592442 84
1704592570 79
1704592698 84
1704592826 70



# Sketch: 25
1704592314 163
1704592442 50
1704592570 75
1704592698 70
1704592826 46



# Sketch: 26
1704592314 107
1704592442 47
1704592570 90
1704592698 51
1704592826 67



# Sketch: 27
1704592314 113
1704592442 54
1704592570 47
1704592698 50
1704592826 51



# Sketch: 28
1704592314 115
1704592442 70
1704592570 69
1704592698 66
1704592826 65



# Sketch: 29
1704592314 142
1704592442 89
1704592570 75
1704592698 70
1704592826 48



# Sketch: 30
1704592314 163
1704592442 92
1704592570 88
1704592698 133
1704592826 80



# Sketch: 31
1704592314 122
1704592442 71
1704592570 96
1704592698 74
1704592826 45

