

# Sketch: 0
1704592314 29
1704592346 48
1704592378 46
1704592410 26
1704592442 21
1704592474 19
1704592506 10
1704592538 28
1704592570 21
1704592602 2
1704592634 36
1704592666 24
1704592698 29
1704592730 11
1704592762 15
1704592794 20
1704592826 26
1704592858 11
1704592890 19



# Sketch: 1
1704592314 8
1704592346 7
1704592378 62
1704592410 33
1704592442 16
1704592474 14
1704592506 21
1704592538 12
1704592570 21
1704592602 9
1704592634 14
1704592666 18
1704592698 15
1704592730 13
1704592762 13
1704592794 13
1704592826 19
1704592858 20
1704592890 11



# Sketch: 2
1704592314 19
1704592346 11
1704592378 51
1704592410 34
1704592442 16
1704592474 10
1704592506 26
1704592538 5
1704592570 9
1704592602 9
1704592634 7
1704592666 14
1704592698 13
1704592730 25
1704592762 23
1704592794 10
1704592826 27
1704592858 6
1704592890 14



# Sketch: 3
1704592314 18
1704592346 27
1704592378 45
1704592410 21
1704592442 14
1704592474 9
1704592506 13
1704592538 8
1704592570 14
1704592602 22
1704592634 21
1704592666 18
1704592698 13
1704592730 9
1704592762 12
1704592794 18
1704592826 11
1704592858 26
1704592890 9



# Sketch: 4
1704592314 9
1704592346 11
1704592378 52
1704592410 17
1704592442 34
1704592474 20
1704592506 12
1704592538 24
1704592570 14
1704592602 9
1704592634 5
1704592666 21
1704592698 16
1704592730 11
1704592762 15
1704592794 23
1704592826 26
1704592858 12
1704592890 10



# Sketch: 5
1704592314 22
1704592346 16
1704592378 78
1704592410 35
1704592442 27
1704592474 17
1704592506 29
1704592538 22
1704592570 28
1704592602 27
1704592634 30
1704592666 13
1704592698 27
1704592730 31
1704592762 24
1704592794 52
1704592826 17
1704592858 37
1704592890 32



# Sketch: 6
1704592314 13
1704592346 22
1704592378 58
1704592410 23
1704592442 22
1704592474 25
1704592506 25
1704592538 15
1704592570 18
1704592602 7
1704592634 19
1704592666 42
1704592698 20
1704592730 22
1704592762 42
1704592794 21
1704592826 47
1704592858 26
1704592890 16



# Sketch: 7
1704592314 26
1704592346 21
1704592378 64
1704592410 43
1704592442 31
1704592474 23
1704592506 13
1704592538 11
1704592570 28
1704592602 10
1704592634 17
1704592666 15
1704592698 18
1704592730 17
1704592762 15
1704592794 12
1704592826 43
1704592858 14
1704592890 16



# Sketch: 8
1704592314 13
1704592346 25
1704592378 66
1704592410 24
1704592442 27
1704592474 12
1704592506 11
1704592538 26
1704592570 34
1704592602 13
1704592634 19
1704592666 44
1704592698 22
1704592730 15
1704592762 20
1704592794 23
1704592826 29
1704592858 13
1704592890 9



# Sketch: 9
1704592314 45
1704592346 20
1704592378 58
1704592410 56
1704592442 20
1704592474 8
1704592506 25
1704592538 32
1704592570 12
1704592602 17
1704592634 8
1704592666 17
1704592698 22
1704592730 30
1704592762 17
1704592794 24
1704592826 20
1704592858 18
1704592890 18



# Sketch: 10
1704592314 22
1704592346 15
1704592378 52
1704592410 41
1704592442 22
1704592474 18
1704592506 5
1704592538 22
1704592570 27
1704592602 20
1704592634 16
1704592666 21
1704592698 22
1704592730 14
1704592762 15
1704592794 22
1704592826 23
1704592858 15
1704592890 13



# Sketch: 11
1704592314 9
1704592346 24
1704592378 54
1704592410 25
1704592442 9
1704592474 6
1704592506 25
1704592538 16
1704592570 7
1704592602 20
1704592634 17
1704592666 7
1704592698 14
1704592730 9
1704592762 19
1704592794 13
1704592826 28
1704592858 4
1704592890 7



# Sketch: 12
1704592314 9
1704592346 33
1704592378 82
1704592410 44
1704592442 18
1704592474 10
1704592506 17
1704592538 13
1704592570 8
1704592602 11
1704592634 5
1704592666 20
1704592698 24
1704592730 20
1704592762 21
1704592794 13
1704592826 15
1704592858 13
1704592890 8



# Sketch: 13
1704592314 22
1704592346 13
1704592378 62
1704592410 42
1704592442 20
1704592474 10
1704592506 14
1704592538 15
1704592570 10
1704592602 10
1704592634 27
1704592666 13
1704592698 15
1704592730 16
1704592762 18
1704592794 15
1704592826 27
1704592858 6
1704592890 16



# Sketch: 14
1704592314 23
1704592346 12
1704592378 52
1704592410 24
1704592442 18
1704592474 15
1704592506 12
1704592538 6
1704592570 20
1704592602 18
1704592634 10
1704592666 21
1704592698 15
1704592730 14
1704592762 14
1704592794 17
1704592826 47
1704592858 12
1704592890 8



# Sketch: 15
1704592314 33
1704592346 8
1704592378 53
1704592410 15
1704592442 19
1704592474 20
1704592506 13
1704592538 7
1704592570 23
1704592602 14
1704592634 15
1704592666 15
1704592698 20
1704592730 17
1704592762 18
1704592794 8
1704592826 18
1704592858 20
1704592890 19



# Sketch: 16
1704592314 17
1704592346 14
1704592378 67
1704592410 36
1704592442 11
1704592474 16
1704592506 34
1704592538 19
1704592570 24
1704592602 20
1704592634 21
1704592666 29
1704592698 13
1704592730 27
1704592762 21
1704592794 16
1704592826 22
1704592858 19
1704592890 14



# Sketch: 17
1704592314 8
1704592346 15
1704592378 52
1704592410 22
1704592442 11
1704592474 10
1704592506 11
1704592538 12
1704592570 5
1704592602 12
1704592634 22
1704592666 33
1704592698 20
1704592730 10
1704592762 18
1704592794 15
1704592826 33
1704592858 3
1704592890 29



# Sketch: 18
1704592314 9
1704592346 21
1704592378 61
1704592410 37
1704592442 24
1704592474 15
1704592506 10
1704592538 11
1704592570 17
1704592602 18
1704592634 20
1704592666 17
1704592698 14
1704592730 20
1704592762 9
1704592794 11
1704592826 42
1704592858 15
1704592890 12



# Sketch: 19
1704592314 31
1704592346 25
1704592378 52
1704592410 54
1704592442 25
1704592474 14
1704592506 25
1704592538 24
1704592570 22
1704592602 23
1704592634 12
1704592666 8
1704592698 17
1704592730 29
1704592762 13
1704592794 14
1704592826 19
1704592858 10
1704592890 27



# Sketch: 20
1704592314 12
1704592346 11
1704592378 64
1704592410 17
1704592442 18
1704592474 17
1704592506 26
1704592538 20
1704592570 14
1704592602 23
1704592634 23
1704592666 20
1704592698 20
1704592730 28
1704592762 22
1704592794 27
1704592826 18
1704592858 27
1704592890 18



# Sketch: 21
1704592314 24
1704592346 24
1704592378 42
1704592410 39
1704592442 23
1704592474 14
1704592506 24
1704592538 35
1704592570 20
1704592602 13
1704592634 20
1704592666 25
1704592698 32
1704592730 12
1704592762 30
1704592794 28
1704592826 25
1704592858 13
1704592890 10



# Sketch: 22
1704592314 28
1704592346 23
1704592378 53
1704592410 31
1704592442 31
1704592474 12
1704592506 28
1704592538 11
1704592570 23
1704592602 13
1704592634 10
1704592666 43
1704592698 29
1704592730 15
1704592762 23
1704592794 17
1704592826 25
1704592858 19
1704592890 8



# Sketch: 23
1704592314 5
1704592346 17
1704592378 60
1704592410 19
1704592442 24
1704592474 4
1704592506 26
1704592538 2
1704592570 28
1704592602 13
1704592634 26
1704592666 11
1704592698 15
1704592730 13
1704592762 21
1704592794 12
1704592826 19
1704592858 21
1704592890 28



# Sketch: 24
1704592314 17
1704592346 10
1704592378 75
1704592410 31
1704592442 22
1704592474 11
1704592506 19
1704592538 11
1704592570 19
1704592602 12
1704592634 14
1704592666 12
1704592698 20
1704592730 22
1704592762 21
1704592794 23
1704592826 20
1704592858 19
1704592890 16



# Sketch: 25
1704592314 14
1704592346 15
1704592378 50
1704592410 24
1704592442 24
1704592474 15
1704592506 5
1704592538 13
1704592570 27
1704592602 10
1704592634 6
1704592666 14
1704592698 14
1704592730 15
1704592762 10
1704592794 13
1704592826 25
1704592858 5
1704592890 15



# Sketch: 26
1704592314 13
1704592346 20
1704592378 49
1704592410 22
1704592442 31
1704592474 16
1704592506 26
1704592538 24
1704592570 20
1704592602 11
1704592634 13
1704592666 22
1704592698 18
1704592730 12
1704592762 8
1704592794 6
1704592826 20
1704592858 14
1704592890 23



# Sketch: 27
1704592314 18
1704592346 13
1704592378 48
1704592410 48
1704592442 17
1704592474 20
1704592506 12
1704592538 6
1704592570 22
1704592602 15
1704592634 19
1704592666 24
1704592698 15
1704592730 26
1704592762 8
1704592794 14
1704592826 26
1704592858 14
1704592890 3



# Sketch: 28
1704592314 19
1704592346 14
1704592378 80
1704592410 38
1704592442 19
1704592474 19
1704592506 15
1704592538 14
1704592570 21
1704592602 27
1704592634 25
1704592666 14
1704592698 21
1704592730 15
1704592762 10
1704592794 17
1704592826 18
1704592858 7
1704592890 16



# Sketch: 29
1704592314 8
1704592346 8
1704592378 39
1704592410 23
1704592442 30
1704592474 12
1704592506 13
1704592538 22
1704592570 16
1704592602 16
1704592634 14
1704592666 16
1704592698 19
1704592730 19
1704592762 13
1704592794 16
1704592826 11
1704592858 4
1704592890 6



# Sketch: 30
1704592314 12
1704592346 13
1704592378 29
1704592410 25
1704592442 13
1704592474 7
1704592506 17
1704592538 11
1704592570 18
1704592602 16
1704592634 8
1704592666 12
1704592698 15
1704592730 17
1704592762 16
1704592794 16
1704592826 22
1704592858 29
1704592890 12



# Sketch: 31
1704592314 8
1704592346 14
1704592378 44
1704592410 45
1704592442 13
1704592474 8
1704592506 9
1704592538 12
1704592570 20
1704592602 16
1704592634 9
1704592666 14
1704592698 12
1704592730 18
1704592762 10
1704592794 21
1704592826 22
1704592858 8
1704592890 11

