

# Sketch: 0
1704593514 10
1704593530 3
1704593546 7
1704593562 0
1704593578 12
1704593594 5
1704593610 10
1704593626 22
1704593642 13
1704593658 2
1704593674 2
1704593690 6
1704593706 1
1704593722 6
1704593738 6
1704593754 9
1704593770 5
1704593786 8
1704593802 10
1704593818 18
1704593834 3
1704593850 3
1704593866 5
1704593882 6
1704593898 1
1704593914 7
1704593930 6
1704593946 6
1704593962 18
1704593978 6
1704593994 6
1704594010 7
1704594026 16
1704594042 9
1704594058 5
1704594074 15
1704594090 10
1704594106 5



# Sketch: 1
1704593514 4
1704593530 5
1704593546 11
1704593562 15
1704593578 7
1704593594 5
1704593610 8
1704593626 1
1704593642 10
1704593658 6
1704593674 8
1704593690 3
1704593706 11
1704593722 2
1704593738 5
1704593754 4
1704593770 16
1704593786 16
1704593802 13
1704593818 10
1704593834 2
1704593850 9
1704593866 4
1704593882 17
1704593898 21
1704593914 4
1704593930 13
1704593946 5
1704593962 4
1704593978 15
1704593994 11
1704594010 14
1704594026 7
1704594042 8
1704594058 2
1704594074 15
1704594090 6
1704594106 3



# Sketch: 2
1704593514 6
1704593530 2
1704593546 6
1704593562 3
1704593578 7
1704593594 1
1704593610 13
1704593626 8
1704593642 8
1704593658 4
1704593674 6
1704593690 6
1704593706 8
1704593722 5
1704593738 4
1704593754 3
1704593770 2
1704593786 11
1704593802 4
1704593818 14
1704593834 5
1704593850 7
1704593866 8
1704593882 26
1704593898 9
1704593914 10
1704593930 1
1704593946 5
1704593962 6
1704593978 9
1704593994 9
1704594010 2
1704594026 6
1704594042 57
1704594058 6
1704594074 12
1704594090 4
1704594106 2



# Sketch: 3
1704593514 16
1704593530 6
1704593546 10
1704593562 6
1704593578 6
1704593594 9
1704593610 6
1704593626 6
1704593642 15
1704593658 9
1704593674 7
1704593690 14
1704593706 4
1704593722 1
1704593738 1
1704593754 7
1704593770 11
1704593786 11
1704593802 1
1704593818 6
1704593834 18
1704593850 3
1704593866 6
1704593882 12
1704593898 16
1704593914 2
1704593930 12
1704593946 7
1704593962 9
1704593978 9
1704593994 17
1704594010 21
1704594026 23
1704594042 7
1704594058 13
1704594074 17
1704594090 3
1704594106 0



# Sketch: 4
1704593514 2
1704593530 8
1704593546 11
1704593562 2
1704593578 1
1704593594 14
1704593610 9
1704593626 7
1704593642 9
1704593658 4
1704593674 7
1704593690 6
1704593706 5
1704593722 8
1704593738 7
1704593754 7
1704593770 10
1704593786 36
1704593802 6
1704593818 26
1704593834 0
1704593850 5
1704593866 7
1704593882 7
1704593898 5
1704593914 22
1704593930 22
1704593946 17
1704593962 6
1704593978 21
1704593994 11
1704594010 4
1704594026 10
1704594042 2
1704594058 21
1704594074 5
1704594090 2
1704594106 3



# Sketch: 5
1704593514 13
1704593530 10
1704593546 10
1704593562 7
1704593578 12
1704593594 8
1704593610 10
1704593626 13
1704593642 7
1704593658 4
1704593674 3
1704593690 3
1704593706 7
1704593722 6
1704593738 14
1704593754 9
1704593770 7
1704593786 6
1704593802 9
1704593818 22
1704593834 2
1704593850 10
1704593866 7
1704593882 7
1704593898 6
1704593914 13
1704593930 5
1704593946 15
1704593962 7
1704593978 12
1704593994 5
1704594010 9
1704594026 7
1704594042 14
1704594058 11
1704594074 6
1704594090 6
1704594106 10



# Sketch: 6
1704593514 13
1704593530 18
1704593546 9
1704593562 6
1704593578 21
1704593594 2
1704593610 10
1704593626 4
1704593642 6
1704593658 7
1704593674 17
1704593690 0
1704593706 7
1704593722 3
1704593738 6
1704593754 10
1704593770 8
1704593786 4
1704593802 5
1704593818 14
1704593834 10
1704593850 8
1704593866 4
1704593882 8
1704593898 5
1704593914 4
1704593930 7
1704593946 8
1704593962 10
1704593978 4
1704593994 9
1704594010 12
1704594026 4
1704594042 4
1704594058 16
1704594074 18
1704594090 6
1704594106 2



# Sketch: 7
1704593514 1
1704593530 3
1704593546 18
1704593562 3
1704593578 20
1704593594 4
1704593610 8
1704593626 7
1704593642 8
1704593658 4
1704593674 6
1704593690 8
1704593706 2
1704593722 17
1704593738 3
1704593754 5
1704593770 5
1704593786 5
1704593802 11
1704593818 3
1704593834 2
1704593850 6
1704593866 8
1704593882 10
1704593898 7
1704593914 4
1704593930 8
1704593946 4
1704593962 7
1704593978 6
1704593994 5
1704594010 2
1704594026 4
1704594042 5
1704594058 5
1704594074 7
1704594090 7
1704594106 3



# Sketch: 8
1704593514 3
1704593530 7
1704593546 8
1704593562 18
1704593578 16
1704593594 5
1704593610 7
1704593626 9
1704593642 2
1704593658 3
1704593674 13
1704593690 6
1704593706 4
1704593722 1
1704593738 4
1704593754 8
1704593770 9
1704593786 9
1704593802 4
1704593818 32
1704593834 4
1704593850 2
1704593866 12
1704593882 8
1704593898 10
1704593914 1
1704593930 5
1704593946 20
1704593962 5
1704593978 5
1704593994 8
1704594010 6
1704594026 13
1704594042 10
1704594058 8
1704594074 17
1704594090 25
1704594106 4



# Sketch: 9
1704593514 9
1704593530 8
1704593546 2
1704593562 3
1704593578 15
1704593594 4
1704593610 6
1704593626 8
1704593642 3
1704593658 4
1704593674 8
1704593690 15
1704593706 9
1704593722 4
1704593738 7
1704593754 11
1704593770 8
1704593786 16
1704593802 8
1704593818 11
1704593834 2
1704593850 6
1704593866 8
1704593882 12
1704593898 13
1704593914 14
1704593930 3
1704593946 10
1704593962 12
1704593978 6
1704593994 14
1704594010 14
1704594026 7
1704594042 35
1704594058 9
1704594074 8
1704594090 7
1704594106 7



# Sketch: 10
1704593514 13
1704593530 5
1704593546 7
1704593562 2
1704593578 14
1704593594 2
1704593610 18
1704593626 9
1704593642 3
1704593658 4
1704593674 8
1704593690 9
1704593706 14
1704593722 11
1704593738 4
1704593754 3
1704593770 8
1704593786 9
1704593802 8
1704593818 7
1704593834 0
1704593850 6
1704593866 5
1704593882 16
1704593898 10
1704593914 4
1704593930 9
1704593946 7
1704593962 24
1704593978 10
1704593994 6
1704594010 6
1704594026 10
1704594042 13
1704594058 3
1704594074 11
1704594090 9
1704594106 3



# Sketch: 11
1704593514 4
1704593530 28
1704593546 14
1704593562 8
1704593578 9
1704593594 4
1704593610 14
1704593626 11
1704593642 8
1704593658 9
1704593674 5
1704593690 4
1704593706 12
1704593722 16
1704593738 15
1704593754 5
1704593770 5
1704593786 10
1704593802 5
1704593818 9
1704593834 21
1704593850 10
1704593866 8
1704593882 7
1704593898 8
1704593914 3
1704593930 20
1704593946 15
1704593962 16
1704593978 1
1704593994 6
1704594010 12
1704594026 6
1704594042 5
1704594058 8
1704594074 14
1704594090 7
1704594106 2



# Sketch: 12
1704593514 8
1704593530 6
1704593546 1
1704593562 3
1704593578 6
1704593594 2
1704593610 8
1704593626 10
1704593642 7
1704593658 3
1704593674 8
1704593690 26
1704593706 3
1704593722 4
1704593738 7
1704593754 12
1704593770 8
1704593786 10
1704593802 13
1704593818 15
1704593834 7
1704593850 4
1704593866 6
1704593882 6
1704593898 8
1704593914 9
1704593930 10
1704593946 4
1704593962 6
1704593978 6
1704593994 4
1704594010 5
1704594026 4
1704594042 4
1704594058 3
1704594074 9
1704594090 3
1704594106 6



# Sketch: 13
1704593514 3
1704593530 6
1704593546 4
1704593562 6
1704593578 17
1704593594 7
1704593610 8
1704593626 12
1704593642 8
1704593658 3
1704593674 6
1704593690 7
1704593706 29
1704593722 8
1704593738 7
1704593754 17
1704593770 1
1704593786 14
1704593802 9
1704593818 11
1704593834 4
1704593850 1
1704593866 17
1704593882 8
1704593898 6
1704593914 6
1704593930 11
1704593946 6
1704593962 6
1704593978 4
1704593994 39
1704594010 4
1704594026 3
1704594042 0
1704594058 6
1704594074 9
1704594090 7
1704594106 2



# Sketch: 14
1704593514 9
1704593530 7
1704593546 4
1704593562 5
1704593578 9
1704593594 1
1704593610 8
1704593626 8
1704593642 5
1704593658 3
1704593674 7
1704593690 5
1704593706 8
1704593722 1
1704593738 3
1704593754 29
1704593770 2
1704593786 2
1704593802 13
1704593818 15
1704593834 1
1704593850 8
1704593866 0
1704593882 6
1704593898 8
1704593914 6
1704593930 9
1704593946 10
1704593962 4
1704593978 15
1704593994 10
1704594010 5
1704594026 14
1704594042 10
1704594058 5
1704594074 10
1704594090 7
1704594106 0



# Sketch: 15
1704593514 14
1704593530 9
1704593546 11
1704593562 5
1704593578 8
1704593594 6
1704593610 15
1704593626 7
1704593642 27
1704593658 8
1704593674 13
1704593690 6
1704593706 4
1704593722 9
1704593738 16
1704593754 4
1704593770 9
1704593786 7
1704593802 8
1704593818 3
1704593834 5
1704593850 3
1704593866 7
1704593882 11
1704593898 11
1704593914 8
1704593930 1
1704593946 6
1704593962 3
1704593978 11
1704593994 11
1704594010 14
1704594026 11
1704594042 6
1704594058 24
1704594074 15
1704594090 13
1704594106 8



# Sketch: 16
1704593514 4
1704593530 16
1704593546 8
1704593562 11
1704593578 5
1704593594 1
1704593610 16
1704593626 3
1704593642 12
1704593658 9
1704593674 10
1704593690 10
1704593706 10
1704593722 5
1704593738 5
1704593754 10
1704593770 9
1704593786 8
1704593802 6
1704593818 4
1704593834 2
1704593850 7
1704593866 6
1704593882 9
1704593898 8
1704593914 3
1704593930 4
1704593946 31
1704593962 9
1704593978 5
1704593994 11
1704594010 8
1704594026 2
1704594042 5
1704594058 5
1704594074 3
1704594090 18
1704594106 3



# Sketch: 17
1704593514 11
1704593530 14
1704593546 7
1704593562 9
1704593578 5
1704593594 10
1704593610 14
1704593626 5
1704593642 5
1704593658 7
1704593674 9
1704593690 5
1704593706 12
1704593722 17
1704593738 8
1704593754 14
1704593770 4
1704593786 10
1704593802 3
1704593818 27
1704593834 18
1704593850 5
1704593866 9
1704593882 26
1704593898 5
1704593914 6
1704593930 11
1704593946 5
1704593962 7
1704593978 9
1704593994 17
1704594010 7
1704594026 15
1704594042 5
1704594058 9
1704594074 6
1704594090 6
1704594106 3



# Sketch: 18
1704593514 6
1704593530 11
1704593546 6
1704593562 0
1704593578 2
1704593594 15
1704593610 10
1704593626 5
1704593642 17
1704593658 20
1704593674 8
1704593690 0
1704593706 11
1704593722 13
1704593738 4
1704593754 4
1704593770 11
1704593786 7
1704593802 3
1704593818 11
1704593834 5
1704593850 3
1704593866 5
1704593882 7
1704593898 13
1704593914 3
1704593930 9
1704593946 8
1704593962 6
1704593978 4
1704593994 10
1704594010 13
1704594026 2
1704594042 12
1704594058 7
1704594074 10
1704594090 8
1704594106 5



# Sketch: 19
1704593514 7
1704593530 4
1704593546 4
1704593562 8
1704593578 7
1704593594 2
1704593610 14
1704593626 4
1704593642 21
1704593658 11
1704593674 6
1704593690 8
1704593706 5
1704593722 7
1704593738 1
1704593754 4
1704593770 2
1704593786 7
1704593802 6
1704593818 7
1704593834 3
1704593850 3
1704593866 6
1704593882 2
1704593898 4
1704593914 6
1704593930 3
1704593946 10
1704593962 5
1704593978 11
1704593994 8
1704594010 4
1704594026 5
1704594042 6
1704594058 7
1704594074 12
1704594090 13
1704594106 4



# Sketch: 20
1704593514 7
1704593530 12
1704593546 3
1704593562 6
1704593578 4
1704593594 5
1704593610 9
1704593626 5
1704593642 5
1704593658 5
1704593674 2
1704593690 6
1704593706 9
1704593722 6
1704593738 3
1704593754 8
1704593770 4
1704593786 12
1704593802 9
1704593818 2
1704593834 9
1704593850 7
1704593866 5
1704593882 11
1704593898 12
1704593914 8
1704593930 5
1704593946 14
1704593962 12
1704593978 25
1704593994 7
1704594010 8
1704594026 6
1704594042 4
1704594058 7
1704594074 5
1704594090 10
1704594106 2



# Sketch: 21
1704593514 7
1704593530 17
1704593546 7
1704593562 4
1704593578 7
1704593594 18
1704593610 9
1704593626 18
1704593642 39
1704593658 17
1704593674 5
1704593690 8
1704593706 10
1704593722 8
1704593738 11
1704593754 5
1704593770 7
1704593786 8
1704593802 10
1704593818 11
1704593834 10
1704593850 6
1704593866 10
1704593882 11
1704593898 5
1704593914 5
1704593930 9
1704593946 25
1704593962 11
1704593978 19
1704593994 9
1704594010 4
1704594026 6
1704594042 21
1704594058 20
1704594074 11
1704594090 7
1704594106 0



# Sketch: 22
1704593514 3
1704593530 10
1704593546 6
1704593562 8
1704593578 1
1704593594 6
1704593610 11
1704593626 8
1704593642 5
1704593658 3
1704593674 5
1704593690 4
1704593706 3
1704593722 5
1704593738 0
1704593754 13
1704593770 2
1704593786 4
1704593802 7
1704593818 5
1704593834 22
1704593850 5
1704593866 7
1704593882 4
1704593898 10
1704593914 2
1704593930 9
1704593946 11
1704593962 6
1704593978 138
1704593994 17
1704594010 9
1704594026 2
1704594042 9
1704594058 7
1704594074 3
1704594090 8
1704594106 0



# Sketch: 23
1704593514 8
1704593530 10
1704593546 3
1704593562 1
1704593578 6
1704593594 9
1704593610 16
1704593626 7
1704593642 2
1704593658 7
1704593674 8
1704593690 9
1704593706 17
1704593722 11
1704593738 1
1704593754 22
1704593770 17
1704593786 13
1704593802 11
1704593818 40
1704593834 11
1704593850 24
1704593866 30
1704593882 21
1704593898 7
1704593914 1
1704593930 12
1704593946 14
1704593962 18
1704593978 11
1704593994 8
1704594010 7
1704594026 4
1704594042 4
1704594058 16
1704594074 19
1704594090 19
1704594106 9



# Sketch: 24
1704593514 8
1704593530 18
1704593546 15
1704593562 4
1704593578 16
1704593594 19
1704593610 16
1704593626 9
1704593642 13
1704593658 10
1704593674 8
1704593690 18
1704593706 14
1704593722 12
1704593738 2
1704593754 30
1704593770 21
1704593786 1
1704593802 4
1704593818 35
1704593834 21
1704593850 9
1704593866 6
1704593882 25
1704593898 12
1704593914 19
1704593930 11
1704593946 15
1704593962 18
1704593978 4
1704593994 20
1704594010 10
1704594026 6
1704594042 1
1704594058 13
1704594074 12
1704594090 12
1704594106 1



# Sketch: 25
1704593514 10
1704593530 22
1704593546 4
1704593562 3
1704593578 3
1704593594 7
1704593610 6
1704593626 9
1704593642 20
1704593658 7
1704593674 2
1704593690 3
1704593706 12
1704593722 4
1704593738 5
1704593754 7
1704593770 2
1704593786 10
1704593802 9
1704593818 11
1704593834 2
1704593850 5
1704593866 8
1704593882 5
1704593898 11
1704593914 2
1704593930 10
1704593946 5
1704593962 20
1704593978 7
1704593994 10
1704594010 5
1704594026 7
1704594042 4
1704594058 6
1704594074 2
1704594090 11
1704594106 2



# Sketch: 26
1704593514 5
1704593530 8
1704593546 7
1704593562 4
1704593578 5
1704593594 3
1704593610 9
1704593626 12
1704593642 12
1704593658 7
1704593674 29
1704593690 8
1704593706 7
1704593722 12
1704593738 2
1704593754 5
1704593770 13
1704593786 12
1704593802 2
1704593818 12
1704593834 6
1704593850 8
1704593866 9
1704593882 15
1704593898 3
1704593914 6
1704593930 4
1704593946 2
1704593962 11
1704593978 8
1704593994 6
1704594010 15
1704594026 16
1704594042 8
1704594058 6
1704594074 9
1704594090 1
1704594106 2



# Sketch: 27
1704593514 11
1704593530 13
1704593546 5
1704593562 4
1704593578 3
1704593594 7
1704593610 8
1704593626 15
1704593642 5
1704593658 5
1704593674 8
1704593690 6
1704593706 2
1704593722 8
1704593738 3
1704593754 7
1704593770 5
1704593786 13
1704593802 6
1704593818 16
1704593834 4
1704593850 7
1704593866 3
1704593882 7
1704593898 9
1704593914 12
1704593930 3
1704593946 10
1704593962 10
1704593978 12
1704593994 8
1704594010 11
1704594026 7
1704594042 6
1704594058 12
1704594074 11
1704594090 12
1704594106 3



# Sketch: 28
1704593514 6
1704593530 7
1704593546 7
1704593562 3
1704593578 18
1704593594 5
1704593610 4
1704593626 12
1704593642 3
1704593658 20
1704593674 11
1704593690 7
1704593706 10
1704593722 3
1704593738 3
1704593754 2
1704593770 14
1704593786 5
1704593802 2
1704593818 7
1704593834 7
1704593850 4
1704593866 9
1704593882 9
1704593898 5
1704593914 11
1704593930 7
1704593946 10
1704593962 11
1704593978 20
1704593994 16
1704594010 0
1704594026 1
1704594042 9
1704594058 1
1704594074 16
1704594090 10
1704594106 1



# Sketch: 29
1704593514 6
1704593530 16
1704593546 13
1704593562 6
1704593578 9
1704593594 3
1704593610 7
1704593626 11
1704593642 15
1704593658 12
1704593674 7
1704593690 15
1704593706 11
1704593722 4
1704593738 5
1704593754 12
1704593770 13
1704593786 10
1704593802 5
1704593818 21
1704593834 10
1704593850 7
1704593866 4
1704593882 18
1704593898 12
1704593914 5
1704593930 4
1704593946 7
1704593962 11
1704593978 3
1704593994 13
1704594010 17
1704594026 7
1704594042 1
1704594058 5
1704594074 4
1704594090 2
1704594106 1



# Sketch: 30
1704593514 8
1704593530 7
1704593546 5
1704593562 1
1704593578 8
1704593594 8
1704593610 8
1704593626 11
1704593642 5
1704593658 2
1704593674 3
1704593690 13
1704593706 5
1704593722 9
1704593738 7
1704593754 14
1704593770 10
1704593786 4
1704593802 3
1704593818 11
1704593834 7
1704593850 10
1704593866 3
1704593882 12
1704593898 9
1704593914 11
1704593930 13
1704593946 5
1704593962 5
1704593978 4
1704593994 3
1704594010 5
1704594026 3
1704594042 10
1704594058 10
1704594074 20
1704594090 17
1704594106 5



# Sketch: 31
1704593514 6
1704593530 10
1704593546 18
1704593562 5
1704593578 12
1704593594 8
1704593610 6
1704593626 15
1704593642 11
1704593658 7
1704593674 2
1704593690 16
1704593706 15
1704593722 26
1704593738 5
1704593754 25
1704593770 14
1704593786 19
1704593802 32
1704593818 36
1704593834 18
1704593850 16
1704593866 4
1704593882 8
1704593898 7
1704593914 12
1704593930 10
1704593946 9
1704593962 12
1704593978 8
1704593994 21
1704594010 8
1704594026 7
1704594042 15
1704594058 21
1704594074 15
1704594090 9
1704594106 8

