

# Sketch: 0
0 0.748893
1 0.67658
2 0.411289
3 0.261313
4 0.266324
5 0.309821
6 0.456944
7 0.458303



# Sketch: 1
0 0.889926
1 1.06987
2 0.989973
3 0.630761
4 0.13584
5 0.207799
6 0.21745
7 0.474576



# Sketch: 2
0 0.322333
1 0.492651
2 0.389626
3 0.294922
4 0.17941
5 1.70843
6 0.933662
7 0.395006



# Sketch: 3
0 0.298257
1 0.42304
2 0.406815
3 0.324739
4 0.195699
5 0.691257
6 0.313877
7 0.509684



# Sketch: 4
0 1.55019
1 1.68584
2 1.67741
3 1.2817
4 0.798704
5 0.206358
6 0.494172
7 0.33214



# Sketch: 5
0 0.0534227
1 0.201003
2 0.502396
3 0.512986
4 0.551139
5 0.614459
6 0.741324
7 0.537196



# Sketch: 6
0 0.559353
1 0.343963
2 0.182281
3 0.281939
4 0.256297
5 0.462759
6 0.56076
7 0.471216



# Sketch: 7
0 1.25641
1 1.04314
2 1.06756
3 1.26532
4 1.10376
5 0.885342
6 0.648826
7 1.00183



# Sketch: 8
0 0.49283
1 0.416637
2 0.772931
3 1.02475
4 0.475383
5 0.297034
6 0.369809
7 1.39726



# Sketch: 9
0 0.391596
1 0.300929
2 0.24589
3 0.177122
4 0.305854
5 0.284669
6 0.307267
7 0.429136



# Sketch: 10
0 0.712627
1 0.758819
2 0.709717
3 0.748092
4 0.661329
5 0.240693
6 0.637833
7 0.4117



# Sketch: 11
0 0.746376
1 1.17911
2 1.66784
3 1.61859
4 1.29928
5 0.254939
6 0.33819
7 0.493832



# Sketch: 12
0 0.276782
1 0.159456
2 0.0652064
3 0.262872
4 1.76896
5 1.62957
6 0.598549
7 0.971422



# Sketch: 13
0 0.733878
1 0.737377
2 0.718456
3 0.414278
4 0.432101
5 0.396635
6 0.478727
7 0.602939



# Sketch: 14
0 1.01189
1 0.822423
2 0.784863
3 0.927111
4 0.941933
5 0.848364
6 0.503755
7 0.399392



# Sketch: 15
0 0.771317
1 0.509177
2 0.44545
3 0.253828
4 0.333234
5 0.684278
6 0.378022
7 2.43957



# Sketch: 16
0 0.74321
1 0.690399
2 0.763786
3 0.719108
4 0.455374
5 0.485268
6 0.502338
7 0.491665



# Sketch: 17
0 0.138547
1 0.149265
2 0.216973
3 0.291798
4 0.599097
5 0.457906
6 0.592831
7 0.643696



# Sketch: 18
0 0.706996
1 0.515817
2 0.340589
3 0.309604
4 0.508764
5 0.364164
6 0.467838
7 0.574643



# Sketch: 19
0 1.00917
1 1.0331
2 1.08091
3 0.976259
4 1.01052
5 1.30638
6 1.38686
7 0.228137



# Sketch: 20
0 1.04075
1 0.810139
2 0.382391
3 0.0152425
4 0.125046
5 0.706279
6 0.476372
7 0.304198



# Sketch: 21
0 0.379172
1 0.536671
2 0.337393
3 0.959218
4 1.9895
5 2.6632
6 3.41587
7 0.783604



# Sketch: 22
0 0.36388
1 0.291357
2 0.314479
3 0.558482
4 0.223445
5 0.330427
6 1.10857
7 3.06852



# Sketch: 23
0 0.525721
1 0.215593
2 0.0641011
3 0.256953
4 0.0983439
5 0.436021
6 0.527189
7 0.468463



# Sketch: 24
0 0.530195
1 0.362435
2 0.200128
3 0.347044
4 0.204303
5 0.247474
6 0.284688
7 0.394303



# Sketch: 25
0 0.161134
1 0.242448
2 0.383855
3 0.546427
4 0.274024
5 0.394496
6 0.570864
7 0.478804



# Sketch: 26
0 0.708324
1 0.718576
2 0.76805
3 0.605531
4 0.505579
5 0.519392
6 0.506127
7 0.630794



# Sketch: 27
0 0.549221
1 0.475359
2 0.366486
3 0.263494
4 0.305149
5 0.596322
6 0.523566
7 0.456337



# Sketch: 28
0 0.320616
1 0.161564
2 0.153033
3 0.183814
4 0.209882
5 0.528918
6 0.365907
7 0.432015



# Sketch: 29
0 0.0500261
1 0.0959778
2 0.176639
3 0.774407
4 1.01429
5 0.932001
6 0.894649
7 0.584362



# Sketch: 30
0 0.7216
1 0.703575
2 0.900084
3 0.882746
4 0.734281
5 0.747222
6 0.534845
7 0.477733



# Sketch: 31
0 2.41023
1 3.07788
2 3.59429
3 3.69569
4 3.92309
5 4.38779
6 4.38118
7 4.44535

