

# Sketch: 0
1704593514 3
1704593522 4
1704593530 5
1704593538 3
1704593546 8
1704593554 5
1704593562 1
1704593570 2
1704593578 6
1704593586 7
1704593594 1
1704593602 2
1704593610 21
1704593618 7
1704593626 4
1704593634 6
1704593642 3
1704593650 3
1704593658 1
1704593666 2
1704593674 5
1704593682 4
1704593690 5
1704593698 2
1704593706 11
1704593714 3
1704593722 1
1704593730 5
1704593738 2
1704593746 5
1704593754 1
1704593762 5
1704593770 3
1704593778 3
1704593786 3
1704593794 2
1704593802 7
1704593810 9
1704593818 4
1704593826 0
1704593834 1
1704593842 2
1704593850 2
1704593858 4
1704593866 1
1704593874 3
1704593882 2
1704593890 2
1704593898 4
1704593906 7
1704593914 5
1704593922 2
1704593930 5
1704593938 3
1704593946 3
1704593954 4
1704593962 3
1704593970 4
1704593978 2
1704593986 2
1704593994 4
1704594002 5
1704594010 6
1704594018 6
1704594026 4
1704594034 1
1704594042 2
1704594050 0
1704594058 1
1704594066 10
1704594074 5
1704594082 2
1704594090 1
1704594098 6
1704594106 10



# Sketch: 1
1704593514 11
1704593522 3
1704593530 9
1704593538 2
1704593546 11
1704593554 7
1704593562 4
1704593570 1
1704593578 1
1704593586 2
1704593594 1
1704593602 6
1704593610 5
1704593618 3
1704593626 2
1704593634 2
1704593642 4
1704593650 3
1704593658 1
1704593666 6
1704593674 12
1704593682 4
1704593690 11
1704593698 2
1704593706 7
1704593714 4
1704593722 3
1704593730 2
1704593738 1
1704593746 1
1704593754 0
1704593762 2
1704593770 4
1704593778 5
1704593786 1
1704593794 3
1704593802 2
1704593810 7
1704593818 4
1704593826 6
1704593834 1
1704593842 1
1704593850 5
1704593858 6
1704593866 4
1704593874 1
1704593882 2
1704593890 2
1704593898 3
1704593906 0
1704593914 2
1704593922 1
1704593930 5
1704593938 7
1704593946 9
1704593954 5
1704593962 0
1704593970 5
1704593978 1
1704593986 1
1704593994 8
1704594002 6
1704594010 6
1704594018 2
1704594026 4
1704594034 0
1704594042 6
1704594050 7
1704594058 2
1704594066 9
1704594074 15
1704594082 12
1704594090 2
1704594098 8
1704594106 1



# Sketch: 2
1704593514 4
1704593522 2
1704593530 8
1704593538 7
1704593546 3
1704593554 1
1704593562 9
1704593570 1
1704593578 10
1704593586 3
1704593594 1
1704593602 3
1704593610 4
1704593618 2
1704593626 9
1704593634 1
1704593642 2
1704593650 1
1704593658 0
1704593666 0
1704593674 3
1704593682 5
1704593690 1
1704593698 4
1704593706 7
1704593714 3
1704593722 3
1704593730 1
1704593738 0
1704593746 5
1704593754 4
1704593762 3
1704593770 1
1704593778 4
1704593786 6
1704593794 3
1704593802 5
1704593810 4
1704593818 2
1704593826 9
1704593834 0
1704593842 3
1704593850 1
1704593858 7
1704593866 5
1704593874 3
1704593882 10
1704593890 1
1704593898 4
1704593906 7
1704593914 2
1704593922 1
1704593930 3
1704593938 0
1704593946 1
1704593954 5
1704593962 1
1704593970 2
1704593978 3
1704593986 4
1704593994 2
1704594002 6
1704594010 0
1704594018 9
1704594026 2
1704594034 2
1704594042 11
1704594050 1
1704594058 4
1704594066 5
1704594074 2
1704594082 3
1704594090 1
1704594098 4
1704594106 1



# Sketch: 3
1704593514 1
1704593522 5
1704593530 9
1704593538 3
1704593546 8
1704593554 7
1704593562 1
1704593570 4
1704593578 9
1704593586 8
1704593594 3
1704593602 4
1704593610 9
1704593618 4
1704593626 5
1704593634 3
1704593642 3
1704593650 28
1704593658 2
1704593666 3
1704593674 2
1704593682 3
1704593690 0
1704593698 1
1704593706 5
1704593714 2
1704593722 3
1704593730 11
1704593738 8
1704593746 2
1704593754 2
1704593762 4
1704593770 2
1704593778 1
1704593786 1
1704593794 1
1704593802 5
1704593810 0
1704593818 4
1704593826 3
1704593834 3
1704593842 2
1704593850 2
1704593858 2
1704593866 2
1704593874 4
1704593882 6
1704593890 3
1704593898 1
1704593906 7
1704593914 5
1704593922 1
1704593930 1
1704593938 0
1704593946 7
1704593954 0
1704593962 17
1704593970 4
1704593978 0
1704593986 2
1704593994 2
1704594002 3
1704594010 1
1704594018 5
1704594026 1
1704594034 2
1704594042 2
1704594050 7
1704594058 3
1704594066 3
1704594074 5
1704594082 1
1704594090 6
1704594098 2
1704594106 1



# Sketch: 4
1704593514 5
1704593522 2
1704593530 5
1704593538 4
1704593546 4
1704593554 5
1704593562 1
1704593570 4
1704593578 2
1704593586 4
1704593594 1
1704593602 7
1704593610 4
1704593618 6
1704593626 3
1704593634 2
1704593642 3
1704593650 4
1704593658 2
1704593666 6
1704593674 6
1704593682 3
1704593690 2
1704593698 2
1704593706 0
1704593714 7
1704593722 4
1704593730 2
1704593738 1
1704593746 0
1704593754 2
1704593762 4
1704593770 10
1704593778 0
1704593786 8
1704593794 1
1704593802 1
1704593810 4
1704593818 3
1704593826 5
1704593834 3
1704593842 3
1704593850 8
1704593858 1
1704593866 0
1704593874 3
1704593882 3
1704593890 16
1704593898 5
1704593906 5
1704593914 0
1704593922 3
1704593930 2
1704593938 10
1704593946 1
1704593954 3
1704593962 1
1704593970 1
1704593978 1
1704593986 130
1704593994 48
1704594002 5
1704594010 3
1704594018 3
1704594026 4
1704594034 3
1704594042 2
1704594050 5
1704594058 2
1704594066 3
1704594074 3
1704594082 3
1704594090 6
1704594098 6
1704594106 1



# Sketch: 5
1704593514 1
1704593522 2
1704593530 3
1704593538 6
1704593546 2
1704593554 1
1704593562 2
1704593570 3
1704593578 2
1704593586 1
1704593594 6
1704593602 2
1704593610 1
1704593618 5
1704593626 1
1704593634 3
1704593642 3
1704593650 0
1704593658 2
1704593666 1
1704593674 0
1704593682 9
1704593690 6
1704593698 3
1704593706 1
1704593714 1
1704593722 5
1704593730 5
1704593738 3
1704593746 1
1704593754 3
1704593762 3
1704593770 3
1704593778 4
1704593786 3
1704593794 3
1704593802 6
1704593810 5
1704593818 7
1704593826 8
1704593834 1
1704593842 5
1704593850 3
1704593858 4
1704593866 0
1704593874 3
1704593882 2
1704593890 9
1704593898 7
1704593906 12
1704593914 3
1704593922 1
1704593930 0
1704593938 0
1704593946 4
1704593954 0
1704593962 10
1704593970 5
1704593978 4
1704593986 1
1704593994 0
1704594002 3
1704594010 3
1704594018 5
1704594026 3
1704594034 0
1704594042 5
1704594050 10
1704594058 7
1704594066 0
1704594074 7
1704594082 0
1704594090 8
1704594098 3
1704594106 3



# Sketch: 6
1704593514 2
1704593522 5
1704593530 6
1704593538 5
1704593546 3
1704593554 4
1704593562 0
1704593570 2
1704593578 0
1704593586 2
1704593594 0
1704593602 0
1704593610 4
1704593618 9
1704593626 9
1704593634 2
1704593642 2
1704593650 3
1704593658 0
1704593666 4
1704593674 4
1704593682 7
1704593690 1
1704593698 17
1704593706 2
1704593714 2
1704593722 3
1704593730 3
1704593738 0
1704593746 2
1704593754 0
1704593762 10
1704593770 5
1704593778 10
1704593786 25
1704593794 8
1704593802 5
1704593810 2
1704593818 15
1704593826 5
1704593834 2
1704593842 0
1704593850 2
1704593858 5
1704593866 4
1704593874 3
1704593882 5
1704593890 5
1704593898 5
1704593906 2
1704593914 9
1704593922 5
1704593930 1
1704593938 3
1704593946 3
1704593954 1
1704593962 1
1704593970 6
1704593978 5
1704593986 9
1704593994 6
1704594002 2
1704594010 3
1704594018 5
1704594026 5
1704594034 7
1704594042 5
1704594050 3
1704594058 6
1704594066 0
1704594074 6
1704594082 4
1704594090 6
1704594098 2
1704594106 13



# Sketch: 7
1704593514 13
1704593522 4
1704593530 3
1704593538 3
1704593546 5
1704593554 4
1704593562 1
1704593570 7
1704593578 4
1704593586 5
1704593594 2
1704593602 1
1704593610 9
1704593618 1
1704593626 5
1704593634 4
1704593642 9
1704593650 4
1704593658 5
1704593666 1
1704593674 3
1704593682 9
1704593690 2
1704593698 9
1704593706 18
1704593714 1
1704593722 5
1704593730 4
1704593738 2
1704593746 2
1704593754 5
1704593762 5
1704593770 1
1704593778 7
1704593786 8
1704593794 8
1704593802 2
1704593810 3
1704593818 2
1704593826 1
1704593834 0
1704593842 6
1704593850 4
1704593858 2
1704593866 3
1704593874 6
1704593882 8
1704593890 3
1704593898 2
1704593906 5
1704593914 5
1704593922 5
1704593930 4
1704593938 11
1704593946 3
1704593954 2
1704593962 5
1704593970 3
1704593978 4
1704593986 4
1704593994 3
1704594002 3
1704594010 6
1704594018 15
1704594026 6
1704594034 7
1704594042 15
1704594050 4
1704594058 5
1704594066 4
1704594074 18
1704594082 9
1704594090 5
1704594098 6
1704594106 4



# Sketch: 8
1704593514 1
1704593522 3
1704593530 3
1704593538 2
1704593546 2
1704593554 5
1704593562 0
1704593570 2
1704593578 4
1704593586 2
1704593594 2
1704593602 2
1704593610 4
1704593618 4
1704593626 5
1704593634 2
1704593642 5
1704593650 12
1704593658 5
1704593666 8
1704593674 4
1704593682 0
1704593690 3
1704593698 3
1704593706 6
1704593714 7
1704593722 6
1704593730 16
1704593738 5
1704593746 1
1704593754 2
1704593762 5
1704593770 2
1704593778 4
1704593786 7
1704593794 5
1704593802 1
1704593810 4
1704593818 9
1704593826 23
1704593834 1
1704593842 1
1704593850 0
1704593858 6
1704593866 7
1704593874 14
1704593882 5
1704593890 12
1704593898 1
1704593906 4
1704593914 3
1704593922 2
1704593930 9
1704593938 7
1704593946 8
1704593954 8
1704593962 6
1704593970 3
1704593978 2
1704593986 7
1704593994 8
1704594002 4
1704594010 10
1704594018 0
1704594026 4
1704594034 3
1704594042 1
1704594050 4
1704594058 3
1704594066 14
1704594074 4
1704594082 6
1704594090 5
1704594098 1
1704594106 1



# Sketch: 9
1704593514 4
1704593522 9
1704593530 5
1704593538 5
1704593546 3
1704593554 0
1704593562 2
1704593570 10
1704593578 8
1704593586 7
1704593594 7
1704593602 8
1704593610 2
1704593618 3
1704593626 2
1704593634 1
1704593642 3
1704593650 8
1704593658 2
1704593666 5
1704593674 5
1704593682 7
1704593690 8
1704593698 5
1704593706 1
1704593714 2
1704593722 6
1704593730 1
1704593738 1
1704593746 2
1704593754 7
1704593762 4
1704593770 2
1704593778 0
1704593786 5
1704593794 8
1704593802 9
1704593810 5
1704593818 2
1704593826 6
1704593834 2
1704593842 20
1704593850 3
1704593858 8
1704593866 10
1704593874 5
1704593882 23
1704593890 3
1704593898 4
1704593906 7
1704593914 4
1704593922 5
1704593930 6
1704593938 4
1704593946 7
1704593954 4
1704593962 7
1704593970 2
1704593978 5
1704593986 9
1704593994 3
1704594002 1
1704594010 0
1704594018 8
1704594026 6
1704594034 9
1704594042 1
1704594050 10
1704594058 2
1704594066 1
1704594074 8
1704594082 1
1704594090 3
1704594098 4
1704594106 1



# Sketch: 10
1704593514 8
1704593522 1
1704593530 18
1704593538 1
1704593546 4
1704593554 1
1704593562 1
1704593570 3
1704593578 7
1704593586 5
1704593594 2
1704593602 9
1704593610 3
1704593618 3
1704593626 0
1704593634 7
1704593642 11
1704593650 7
1704593658 8
1704593666 12
1704593674 0
1704593682 4
1704593690 1
1704593698 9
1704593706 7
1704593714 12
1704593722 3
1704593730 6
1704593738 1
1704593746 2
1704593754 8
1704593762 21
1704593770 16
1704593778 1
1704593786 1
1704593794 6
1704593802 5
1704593810 23
1704593818 11
1704593826 18
1704593834 11
1704593842 3
1704593850 7
1704593858 4
1704593866 2
1704593874 3
1704593882 6
1704593890 1
1704593898 1
1704593906 3
1704593914 8
1704593922 4
1704593930 2
1704593938 7
1704593946 6
1704593954 7
1704593962 11
1704593970 7
1704593978 0
1704593986 1
1704593994 7
1704594002 0
1704594010 3
1704594018 3
1704594026 7
1704594034 2
1704594042 2
1704594050 3
1704594058 8
1704594066 5
1704594074 3
1704594082 5
1704594090 4
1704594098 4
1704594106 2



# Sketch: 11
1704593514 4
1704593522 6
1704593530 5
1704593538 1
1704593546 6
1704593554 2
1704593562 4
1704593570 0
1704593578 1
1704593586 4
1704593594 1
1704593602 3
1704593610 3
1704593618 3
1704593626 3
1704593634 8
1704593642 5
1704593650 0
1704593658 0
1704593666 3
1704593674 1
1704593682 3
1704593690 0
1704593698 3
1704593706 2
1704593714 4
1704593722 2
1704593730 7
1704593738 3
1704593746 4
1704593754 1
1704593762 3
1704593770 3
1704593778 1
1704593786 2
1704593794 3
1704593802 7
1704593810 2
1704593818 6
1704593826 5
1704593834 3
1704593842 6
1704593850 6
1704593858 0
1704593866 5
1704593874 1
1704593882 3
1704593890 4
1704593898 5
1704593906 9
1704593914 1
1704593922 1
1704593930 1
1704593938 0
1704593946 4
1704593954 5
1704593962 1
1704593970 7
1704593978 4
1704593986 4
1704593994 2
1704594002 2
1704594010 2
1704594018 3
1704594026 5
1704594034 2
1704594042 3
1704594050 3
1704594058 7
1704594066 1
1704594074 6
1704594082 2
1704594090 0
1704594098 5
1704594106 2



# Sketch: 12
1704593514 6
1704593522 3
1704593530 16
1704593538 4
1704593546 1
1704593554 1
1704593562 2
1704593570 12
1704593578 7
1704593586 4
1704593594 6
1704593602 1
1704593610 5
1704593618 5
1704593626 4
1704593634 0
1704593642 5
1704593650 9
1704593658 3
1704593666 3
1704593674 1
1704593682 3
1704593690 4
1704593698 3
1704593706 4
1704593714 0
1704593722 3
1704593730 4
1704593738 4
1704593746 4
1704593754 2
1704593762 7
1704593770 4
1704593778 9
1704593786 5
1704593794 4
1704593802 4
1704593810 8
1704593818 8
1704593826 1
1704593834 0
1704593842 16
1704593850 1
1704593858 3
1704593866 0
1704593874 4
1704593882 5
1704593890 2
1704593898 2
1704593906 4
1704593914 2
1704593922 3
1704593930 7
1704593938 4
1704593946 5
1704593954 2
1704593962 6
1704593970 2
1704593978 5
1704593986 15
1704593994 11
1704594002 5
1704594010 5
1704594018 3
1704594026 2
1704594034 1
1704594042 7
1704594050 4
1704594058 2
1704594066 3
1704594074 5
1704594082 2
1704594090 6
1704594098 0
1704594106 1



# Sketch: 13
1704593514 4
1704593522 4
1704593530 3
1704593538 5
1704593546 7
1704593554 2
1704593562 0
1704593570 2
1704593578 4
1704593586 5
1704593594 8
1704593602 3
1704593610 3
1704593618 2
1704593626 10
1704593634 8
1704593642 5
1704593650 2
1704593658 3
1704593666 8
1704593674 4
1704593682 1
1704593690 6
1704593698 4
1704593706 18
1704593714 6
1704593722 1
1704593730 3
1704593738 2
1704593746 2
1704593754 2
1704593762 2
1704593770 3
1704593778 2
1704593786 4
1704593794 6
1704593802 0
1704593810 4
1704593818 5
1704593826 15
1704593834 8
1704593842 3
1704593850 3
1704593858 4
1704593866 4
1704593874 3
1704593882 1
1704593890 6
1704593898 0
1704593906 6
1704593914 4
1704593922 3
1704593930 6
1704593938 0
1704593946 11
1704593954 1
1704593962 8
1704593970 2
1704593978 2
1704593986 3
1704593994 4
1704594002 7
1704594010 7
1704594018 4
1704594026 1
1704594034 1
1704594042 3
1704594050 2
1704594058 0
1704594066 3
1704594074 10
1704594082 1
1704594090 14
1704594098 5
1704594106 3



# Sketch: 14
1704593514 4
1704593522 2
1704593530 14
1704593538 4
1704593546 3
1704593554 2
1704593562 2
1704593570 1
1704593578 7
1704593586 17
1704593594 6
1704593602 5
1704593610 7
1704593618 2
1704593626 8
1704593634 1
1704593642 12
1704593650 4
1704593658 4
1704593666 5
1704593674 2
1704593682 6
1704593690 0
1704593698 9
1704593706 6
1704593714 8
1704593722 5
1704593730 4
1704593738 1
1704593746 4
1704593754 2
1704593762 18
1704593770 15
1704593778 9
1704593786 6
1704593794 3
1704593802 1
1704593810 3
1704593818 12
1704593826 19
1704593834 8
1704593842 4
1704593850 7
1704593858 3
1704593866 0
1704593874 5
1704593882 5
1704593890 6
1704593898 0
1704593906 5
1704593914 2
1704593922 4
1704593930 2
1704593938 6
1704593946 4
1704593954 30
1704593962 6
1704593970 16
1704593978 1
1704593986 3
1704593994 4
1704594002 2
1704594010 5
1704594018 10
1704594026 0
1704594034 2
1704594042 8
1704594050 3
1704594058 10
1704594066 4
1704594074 7
1704594082 5
1704594090 8
1704594098 3
1704594106 1



# Sketch: 15
1704593514 3
1704593522 1
1704593530 3
1704593538 5
1704593546 1
1704593554 3
1704593562 1
1704593570 2
1704593578 2
1704593586 1
1704593594 2
1704593602 4
1704593610 8
1704593618 5
1704593626 4
1704593634 1
1704593642 6
1704593650 9
1704593658 3
1704593666 1
1704593674 1
1704593682 0
1704593690 1
1704593698 1
1704593706 3
1704593714 2
1704593722 2
1704593730 2
1704593738 10
1704593746 2
1704593754 1
1704593762 28
1704593770 4
1704593778 1
1704593786 5
1704593794 7
1704593802 1
1704593810 6
1704593818 6
1704593826 19
1704593834 4
1704593842 6
1704593850 3
1704593858 3
1704593866 5
1704593874 3
1704593882 7
1704593890 2
1704593898 0
1704593906 3
1704593914 4
1704593922 5
1704593930 6
1704593938 8
1704593946 5
1704593954 3
1704593962 3
1704593970 3
1704593978 4
1704593986 10
1704593994 4
1704594002 2
1704594010 4
1704594018 4
1704594026 2
1704594034 9
1704594042 1
1704594050 0
1704594058 2
1704594066 11
1704594074 1
1704594082 1
1704594090 8
1704594098 10
1704594106 2



# Sketch: 16
1704593514 5
1704593522 5
1704593530 8
1704593538 1
1704593546 6
1704593554 1
1704593562 5
1704593570 4
1704593578 4
1704593586 6
1704593594 0
1704593602 3
1704593610 4
1704593618 5
1704593626 10
1704593634 8
1704593642 24
1704593650 6
1704593658 5
1704593666 3
1704593674 3
1704593682 0
1704593690 1
1704593698 1
1704593706 9
1704593714 0
1704593722 3
1704593730 1
1704593738 0
1704593746 5
1704593754 3
1704593762 5
1704593770 3
1704593778 2
1704593786 4
1704593794 0
1704593802 6
1704593810 7
1704593818 8
1704593826 12
1704593834 0
1704593842 3
1704593850 8
1704593858 19
1704593866 15
1704593874 22
1704593882 14
1704593890 11
1704593898 10
1704593906 2
1704593914 18
1704593922 3
1704593930 6
1704593938 2
1704593946 4
1704593954 2
1704593962 5
1704593970 2
1704593978 10
1704593986 8
1704593994 3
1704594002 10
1704594010 0
1704594018 0
1704594026 5
1704594034 1
1704594042 2
1704594050 7
1704594058 12
1704594066 4
1704594074 3
1704594082 3
1704594090 2
1704594098 7
1704594106 6



# Sketch: 17
1704593514 3
1704593522 5
1704593530 5
1704593538 2
1704593546 2
1704593554 4
1704593562 0
1704593570 0
1704593578 5
1704593586 9
1704593594 3
1704593602 3
1704593610 2
1704593618 2
1704593626 5
1704593634 12
1704593642 11
1704593650 1
1704593658 3
1704593666 3
1704593674 3
1704593682 3
1704593690 4
1704593698 1
1704593706 0
1704593714 3
1704593722 4
1704593730 3
1704593738 0
1704593746 0
1704593754 4
1704593762 3
1704593770 4
1704593778 2
1704593786 3
1704593794 4
1704593802 1
1704593810 6
1704593818 8
1704593826 1
1704593834 4
1704593842 2
1704593850 6
1704593858 3
1704593866 1
1704593874 4
1704593882 16
1704593890 5
1704593898 2
1704593906 4
1704593914 2
1704593922 6
1704593930 1
1704593938 1
1704593946 0
1704593954 2
1704593962 5
1704593970 0
1704593978 5
1704593986 8
1704593994 0
1704594002 5
1704594010 3
1704594018 4
1704594026 1
1704594034 2
1704594042 5
1704594050 2
1704594058 4
1704594066 3
1704594074 6
1704594082 2
1704594090 4
1704594098 4
1704594106 2



# Sketch: 18
1704593514 0
1704593522 2
1704593530 6
1704593538 1
1704593546 3
1704593554 1
1704593562 7
1704593570 3
1704593578 16
1704593586 2
1704593594 5
1704593602 4
1704593610 3
1704593618 3
1704593626 3
1704593634 3
1704593642 4
1704593650 4
1704593658 3
1704593666 2
1704593674 2
1704593682 10
1704593690 0
1704593698 1
1704593706 3
1704593714 5
1704593722 2
1704593730 13
1704593738 2
1704593746 1
1704593754 10
1704593762 3
1704593770 13
1704593778 2
1704593786 2
1704593794 1
1704593802 2
1704593810 0
1704593818 3
1704593826 5
1704593834 1
1704593842 9
1704593850 2
1704593858 2
1704593866 1
1704593874 0
1704593882 0
1704593890 3
1704593898 1
1704593906 3
1704593914 3
1704593922 4
1704593930 1
1704593938 2
1704593946 24
1704593954 3
1704593962 9
1704593970 0
1704593978 0
1704593986 6
1704593994 8
1704594002 5
1704594010 1
1704594018 2
1704594026 1
1704594034 4
1704594042 0
1704594050 4
1704594058 3
1704594066 4
1704594074 9
1704594082 2
1704594090 6
1704594098 5
1704594106 2



# Sketch: 19
1704593514 2
1704593522 2
1704593530 15
1704593538 15
1704593546 0
1704593554 4
1704593562 0
1704593570 1
1704593578 3
1704593586 0
1704593594 0
1704593602 1
1704593610 6
1704593618 8
1704593626 11
1704593634 2
1704593642 5
1704593650 3
1704593658 0
1704593666 9
1704593674 7
1704593682 2
1704593690 3
1704593698 6
1704593706 7
1704593714 3
1704593722 1
1704593730 5
1704593738 9
1704593746 3
1704593754 0
1704593762 1
1704593770 1
1704593778 2
1704593786 3
1704593794 2
1704593802 1
1704593810 0
1704593818 5
1704593826 3
1704593834 1
1704593842 1
1704593850 4
1704593858 1
1704593866 2
1704593874 1
1704593882 4
1704593890 5
1704593898 2
1704593906 6
1704593914 2
1704593922 2
1704593930 6
1704593938 4
1704593946 2
1704593954 3
1704593962 4
1704593970 8
1704593978 1
1704593986 5
1704593994 6
1704594002 18
1704594010 3
1704594018 2
1704594026 2
1704594034 1
1704594042 1
1704594050 25
1704594058 2
1704594066 3
1704594074 6
1704594082 0
1704594090 4
1704594098 5
1704594106 3



# Sketch: 20
1704593514 0
1704593522 5
1704593530 4
1704593538 3
1704593546 9
1704593554 2
1704593562 2
1704593570 2
1704593578 2
1704593586 3
1704593594 2
1704593602 1
1704593610 2
1704593618 2
1704593626 6
1704593634 3
1704593642 1
1704593650 0
1704593658 8
1704593666 2
1704593674 1
1704593682 6
1704593690 3
1704593698 4
1704593706 5
1704593714 1
1704593722 0
1704593730 3
1704593738 2
1704593746 2
1704593754 3
1704593762 4
1704593770 2
1704593778 5
1704593786 3
1704593794 16
1704593802 3
1704593810 2
1704593818 1
1704593826 6
1704593834 2
1704593842 4
1704593850 0
1704593858 0
1704593866 5
1704593874 5
1704593882 5
1704593890 5
1704593898 8
1704593906 1
1704593914 2
1704593922 3
1704593930 0
1704593938 2
1704593946 2
1704593954 6
1704593962 3
1704593970 12
1704593978 10
1704593986 7
1704593994 2
1704594002 14
1704594010 1
1704594018 8
1704594026 3
1704594034 1
1704594042 0
1704594050 1
1704594058 3
1704594066 4
1704594074 2
1704594082 11
1704594090 6
1704594098 1
1704594106 5



# Sketch: 21
1704593514 7
1704593522 9
1704593530 7
1704593538 2
1704593546 10
1704593554 1
1704593562 0
1704593570 1
1704593578 1
1704593586 2
1704593594 2
1704593602 0
1704593610 13
1704593618 3
1704593626 5
1704593634 1
1704593642 16
1704593650 3
1704593658 12
1704593666 10
1704593674 2
1704593682 1
1704593690 3
1704593698 4
1704593706 2
1704593714 7
1704593722 16
1704593730 8
1704593738 4
1704593746 2
1704593754 4
1704593762 8
1704593770 6
1704593778 5
1704593786 10
1704593794 5
1704593802 7
1704593810 2
1704593818 5
1704593826 3
1704593834 0
1704593842 1
1704593850 3
1704593858 2
1704593866 5
1704593874 5
1704593882 4
1704593890 11
1704593898 4
1704593906 8
1704593914 5
1704593922 1
1704593930 4
1704593938 3
1704593946 3
1704593954 4
1704593962 7
1704593970 8
1704593978 1
1704593986 2
1704593994 5
1704594002 6
1704594010 14
1704594018 3
1704594026 6
1704594034 2
1704594042 5
1704594050 2
1704594058 2
1704594066 7
1704594074 10
1704594082 9
1704594090 10
1704594098 3
1704594106 2



# Sketch: 22
1704593514 1
1704593522 4
1704593530 2
1704593538 2
1704593546 4
1704593554 2
1704593562 1
1704593570 3
1704593578 2
1704593586 3
1704593594 3
1704593602 1
1704593610 4
1704593618 4
1704593626 1
1704593634 0
1704593642 8
1704593650 2
1704593658 1
1704593666 0
1704593674 2
1704593682 0
1704593690 7
1704593698 0
1704593706 5
1704593714 2
1704593722 2
1704593730 3
1704593738 2
1704593746 4
1704593754 0
1704593762 11
1704593770 0
1704593778 4
1704593786 2
1704593794 7
1704593802 2
1704593810 6
1704593818 8
1704593826 9
1704593834 2
1704593842 2
1704593850 1
1704593858 0
1704593866 0
1704593874 0
1704593882 5
1704593890 10
1704593898 0
1704593906 2
1704593914 0
1704593922 5
1704593930 2
1704593938 9
1704593946 3
1704593954 4
1704593962 12
1704593970 3
1704593978 11
1704593986 6
1704593994 2
1704594002 0
1704594010 1
1704594018 0
1704594026 0
1704594034 5
1704594042 2
1704594050 9
1704594058 3
1704594066 1
1704594074 6
1704594082 3
1704594090 0
1704594098 2
1704594106 6



# Sketch: 23
1704593514 4
1704593522 4
1704593530 7
1704593538 2
1704593546 4
1704593554 0
1704593562 1
1704593570 3
1704593578 1
1704593586 1
1704593594 1
1704593602 1
1704593610 4
1704593618 4
1704593626 3
1704593634 0
1704593642 4
1704593650 4
1704593658 5
1704593666 1
1704593674 2
1704593682 6
1704593690 1
1704593698 4
1704593706 1
1704593714 0
1704593722 6
1704593730 5
1704593738 2
1704593746 7
1704593754 3
1704593762 3
1704593770 3
1704593778 3
1704593786 5
1704593794 1
1704593802 1
1704593810 3
1704593818 2
1704593826 5
1704593834 1
1704593842 7
1704593850 0
1704593858 4
1704593866 0
1704593874 3
1704593882 1
1704593890 2
1704593898 2
1704593906 8
1704593914 2
1704593922 0
1704593930 2
1704593938 7
1704593946 2
1704593954 1
1704593962 2
1704593970 1
1704593978 1
1704593986 4
1704593994 2
1704594002 7
1704594010 1
1704594018 6
1704594026 3
1704594034 5
1704594042 4
1704594050 10
1704594058 4
1704594066 4
1704594074 5
1704594082 4
1704594090 5
1704594098 2
1704594106 4



# Sketch: 24
1704593514 7
1704593522 3
1704593530 6
1704593538 5
1704593546 11
1704593554 2
1704593562 1
1704593570 4
1704593578 6
1704593586 5
1704593594 13
1704593602 3
1704593610 8
1704593618 7
1704593626 7
1704593634 3
1704593642 3
1704593650 3
1704593658 5
1704593666 0
1704593674 1
1704593682 2
1704593690 1
1704593698 7
1704593706 5
1704593714 2
1704593722 1
1704593730 0
1704593738 1
1704593746 1
1704593754 2
1704593762 0
1704593770 2
1704593778 2
1704593786 9
1704593794 7
1704593802 0
1704593810 6
1704593818 5
1704593826 9
1704593834 0
1704593842 2
1704593850 1
1704593858 1
1704593866 1
1704593874 1
1704593882 5
1704593890 1
1704593898 2
1704593906 1
1704593914 4
1704593922 5
1704593930 0
1704593938 8
1704593946 13
1704593954 3
1704593962 10
1704593970 10
1704593978 3
1704593986 4
1704593994 3
1704594002 1
1704594010 1
1704594018 7
1704594026 7
1704594034 5
1704594042 3
1704594050 33
1704594058 2
1704594066 4
1704594074 2
1704594082 4
1704594090 3
1704594098 2
1704594106 1



# Sketch: 25
1704593514 0
1704593522 6
1704593530 3
1704593538 3
1704593546 13
1704593554 9
1704593562 2
1704593570 7
1704593578 5
1704593586 4
1704593594 2
1704593602 3
1704593610 2
1704593618 11
1704593626 2
1704593634 11
1704593642 0
1704593650 4
1704593658 3
1704593666 5
1704593674 1
1704593682 4
1704593690 2
1704593698 25
1704593706 3
1704593714 4
1704593722 1
1704593730 5
1704593738 6
1704593746 3
1704593754 3
1704593762 2
1704593770 2
1704593778 1
1704593786 4
1704593794 9
1704593802 1
1704593810 2
1704593818 3
1704593826 2
1704593834 3
1704593842 4
1704593850 4
1704593858 4
1704593866 7
1704593874 0
1704593882 7
1704593890 5
1704593898 3
1704593906 3
1704593914 4
1704593922 15
1704593930 22
1704593938 3
1704593946 6
1704593954 3
1704593962 2
1704593970 9
1704593978 2
1704593986 5
1704593994 0
1704594002 9
1704594010 6
1704594018 14
1704594026 8
1704594034 5
1704594042 16
1704594050 1
1704594058 4
1704594066 2
1704594074 4
1704594082 2
1704594090 2
1704594098 5
1704594106 11



# Sketch: 26
1704593514 3
1704593522 6
1704593530 6
1704593538 2
1704593546 8
1704593554 1
1704593562 1
1704593570 4
1704593578 5
1704593586 2
1704593594 4
1704593602 7
1704593610 2
1704593618 0
1704593626 3
1704593634 9
1704593642 9
1704593650 3
1704593658 10
1704593666 3
1704593674 9
1704593682 6
1704593690 6
1704593698 7
1704593706 4
1704593714 7
1704593722 2
1704593730 3
1704593738 0
1704593746 5
1704593754 4
1704593762 8
1704593770 8
1704593778 1
1704593786 6
1704593794 10
1704593802 1
1704593810 3
1704593818 7
1704593826 15
1704593834 4
1704593842 2
1704593850 0
1704593858 1
1704593866 4
1704593874 8
1704593882 8
1704593890 7
1704593898 7
1704593906 10
1704593914 2
1704593922 6
1704593930 5
1704593938 1
1704593946 4
1704593954 6
1704593962 2
1704593970 5
1704593978 6
1704593986 6
1704593994 4
1704594002 8
1704594010 5
1704594018 7
1704594026 6
1704594034 1
1704594042 0
1704594050 1
1704594058 3
1704594066 20
1704594074 8
1704594082 16
1704594090 2
1704594098 5
1704594106 2



# Sketch: 27
1704593514 1
1704593522 1
1704593530 6
1704593538 4
1704593546 2
1704593554 4
1704593562 4
1704593570 5
1704593578 5
1704593586 8
1704593594 4
1704593602 1
1704593610 4
1704593618 4
1704593626 5
1704593634 3
1704593642 0
1704593650 5
1704593658 3
1704593666 3
1704593674 3
1704593682 1
1704593690 8
1704593698 0
1704593706 3
1704593714 5
1704593722 3
1704593730 4
1704593738 4
1704593746 3
1704593754 1
1704593762 17
1704593770 5
1704593778 8
1704593786 3
1704593794 5
1704593802 7
1704593810 2
1704593818 2
1704593826 20
1704593834 12
1704593842 1
1704593850 2
1704593858 5
1704593866 1
1704593874 4
1704593882 4
1704593890 3
1704593898 1
1704593906 9
1704593914 1
1704593922 1
1704593930 2
1704593938 4
1704593946 9
1704593954 3
1704593962 0
1704593970 3
1704593978 4
1704593986 29
1704593994 10
1704594002 5
1704594010 3
1704594018 1
1704594026 5
1704594034 4
1704594042 2
1704594050 3
1704594058 4
1704594066 4
1704594074 7
1704594082 6
1704594090 0
1704594098 2
1704594106 4



# Sketch: 28
1704593514 1
1704593522 1
1704593530 4
1704593538 2
1704593546 3
1704593554 1
1704593562 1
1704593570 6
1704593578 4
1704593586 1
1704593594 0
1704593602 1
1704593610 6
1704593618 3
1704593626 2
1704593634 1
1704593642 5
1704593650 1
1704593658 2
1704593666 4
1704593674 0
1704593682 2
1704593690 3
1704593698 1
1704593706 5
1704593714 1
1704593722 6
1704593730 1
1704593738 6
1704593746 1
1704593754 5
1704593762 7
1704593770 2
1704593778 2
1704593786 8
1704593794 3
1704593802 3
1704593810 0
1704593818 4
1704593826 13
1704593834 8
1704593842 8
1704593850 3
1704593858 2
1704593866 1
1704593874 1
1704593882 5
1704593890 6
1704593898 6
1704593906 8
1704593914 3
1704593922 8
1704593930 3
1704593938 3
1704593946 5
1704593954 3
1704593962 6
1704593970 1
1704593978 3
1704593986 5
1704593994 2
1704594002 12
1704594010 0
1704594018 2
1704594026 5
1704594034 2
1704594042 8
1704594050 0
1704594058 1
1704594066 2
1704594074 10
1704594082 2
1704594090 2
1704594098 5
1704594106 0



# Sketch: 29
1704593514 2
1704593522 3
1704593530 5
1704593538 9
1704593546 2
1704593554 2
1704593562 3
1704593570 3
1704593578 14
1704593586 2
1704593594 2
1704593602 4
1704593610 9
1704593618 15
1704593626 13
1704593634 2
1704593642 6
1704593650 6
1704593658 4
1704593666 4
1704593674 4
1704593682 8
1704593690 3
1704593698 5
1704593706 0
1704593714 6
1704593722 1
1704593730 3
1704593738 2
1704593746 7
1704593754 6
1704593762 8
1704593770 5
1704593778 3
1704593786 9
1704593794 0
1704593802 2
1704593810 2
1704593818 3
1704593826 15
1704593834 3
1704593842 1
1704593850 1
1704593858 7
1704593866 2
1704593874 2
1704593882 9
1704593890 9
1704593898 14
1704593906 6
1704593914 3
1704593922 2
1704593930 4
1704593938 3
1704593946 11
1704593954 2
1704593962 3
1704593970 7
1704593978 7
1704593986 4
1704593994 9
1704594002 7
1704594010 4
1704594018 5
1704594026 3
1704594034 9
1704594042 3
1704594050 2
1704594058 3
1704594066 10
1704594074 8
1704594082 8
1704594090 16
1704594098 6
1704594106 8



# Sketch: 30
1704593514 4
1704593522 5
1704593530 1
1704593538 7
1704593546 8
1704593554 2
1704593562 1
1704593570 0
1704593578 2
1704593586 4
1704593594 2
1704593602 3
1704593610 3
1704593618 2
1704593626 15
1704593634 6
1704593642 4
1704593650 2
1704593658 0
1704593666 1
1704593674 1
1704593682 3
1704593690 1
1704593698 6
1704593706 4
1704593714 1
1704593722 2
1704593730 1
1704593738 4
1704593746 1
1704593754 1
1704593762 0
1704593770 0
1704593778 7
1704593786 4
1704593794 4
1704593802 3
1704593810 6
1704593818 3
1704593826 4
1704593834 1
1704593842 2
1704593850 2
1704593858 1
1704593866 1
1704593874 1
1704593882 4
1704593890 1
1704593898 0
1704593906 4
1704593914 3
1704593922 2
1704593930 0
1704593938 10
1704593946 2
1704593954 3
1704593962 1
1704593970 4
1704593978 8
1704593986 2
1704593994 5
1704594002 4
1704594010 0
1704594018 2
1704594026 2
1704594034 22
1704594042 2
1704594050 4
1704594058 2
1704594066 1
1704594074 1
1704594082 2
1704594090 1
1704594098 2
1704594106 1



# Sketch: 31
1704593514 4
1704593522 6
1704593530 3
1704593538 3
1704593546 6
1704593554 3
1704593562 3
1704593570 4
1704593578 9
1704593586 4
1704593594 5
1704593602 12
1704593610 9
1704593618 11
1704593626 8
1704593634 3
1704593642 1
1704593650 3
1704593658 2
1704593666 1
1704593674 4
1704593682 27
1704593690 2
1704593698 12
1704593706 3
1704593714 13
1704593722 6
1704593730 7
1704593738 1
1704593746 1
1704593754 7
1704593762 23
1704593770 14
1704593778 4
1704593786 3
1704593794 4
1704593802 3
1704593810 5
1704593818 10
1704593826 30
1704593834 16
1704593842 5
1704593850 6
1704593858 3
1704593866 7
1704593874 10
1704593882 10
1704593890 2
1704593898 7
1704593906 2
1704593914 5
1704593922 2
1704593930 7
1704593938 9
1704593946 20
1704593954 7
1704593962 5
1704593970 8
1704593978 1
1704593986 6
1704593994 4
1704594002 7
1704594010 6
1704594018 7
1704594026 5
1704594034 3
1704594042 0
1704594050 12
1704594058 11
1704594066 21
1704594074 9
1704594082 14
1704594090 11
1704594098 3
1704594106 5

