

# Sketch: 0
1704593514 62
1704593642 62
1704593770 57
1704593898 196
1704594026 68



# Sketch: 1
1704593514 42
1704593642 44
1704593770 77
1704593898 85
1704594026 40



# Sketch: 2
1704593514 51
1704593642 66
1704593770 81
1704593898 48
1704594026 46



# Sketch: 3
1704593514 65
1704593642 43
1704593770 58
1704593898 40
1704594026 46



# Sketch: 4
1704593514 72
1704593642 63
1704593770 82
1704593898 86
1704594026 35



# Sketch: 5
1704593514 46
1704593642 73
1704593770 66
1704593898 107
1704594026 57



# Sketch: 6
1704593514 64
1704593642 54
1704593770 61
1704593898 70
1704594026 48



# Sketch: 7
1704593514 60
1704593642 50
1704593770 48
1704593898 103
1704594026 53



# Sketch: 8
1704593514 72
1704593642 56
1704593770 71
1704593898 61
1704594026 29



# Sketch: 9
1704593514 59
1704593642 43
1704593770 57
1704593898 55
1704594026 32



# Sketch: 10
1704593514 91
1704593642 72
1704593770 90
1704593898 95
1704594026 52



# Sketch: 11
1704593514 106
1704593642 60
1704593770 64
1704593898 60
1704594026 65



# Sketch: 12
1704593514 106
1704593642 74
1704593770 110
1704593898 119
1704594026 61



# Sketch: 13
1704593514 54
1704593642 59
1704593770 53
1704593898 49
1704594026 47



# Sketch: 14
1704593514 70
1704593642 66
1704593770 58
1704593898 55
1704594026 79



# Sketch: 15
1704593514 80
1704593642 47
1704593770 75
1704593898 59
1704594026 41



# Sketch: 16
1704593514 62
1704593642 50
1704593770 51
1704593898 89
1704594026 49



# Sketch: 17
1704593514 43
1704593642 104
1704593770 132
1704593898 77
1704594026 44



# Sketch: 18
1704593514 44
1704593642 30
1704593770 63
1704593898 43
1704594026 48



# Sketch: 19
1704593514 58
1704593642 86
1704593770 71
1704593898 50
1704594026 56



# Sketch: 20
1704593514 67
1704593642 69
1704593770 76
1704593898 87
1704594026 36



# Sketch: 21
1704593514 72
1704593642 90
1704593770 54
1704593898 100
1704594026 39



# Sketch: 22
1704593514 74
1704593642 54
1704593770 68
1704593898 61
1704594026 42



# Sketch: 23
1704593514 50
1704593642 78
1704593770 62
1704593898 69
1704594026 38



# Sketch: 24
1704593514 69
1704593642 94
1704593770 147
1704593898 86
1704594026 56



# Sketch: 25
1704593514 73
1704593642 98
1704593770 66
1704593898 68
1704594026 80



# Sketch: 26
1704593514 90
1704593642 61
1704593770 66
1704593898 91
1704594026 50



# Sketch: 27
1704593514 48
1704593642 98
1704593770 76
1704593898 74
1704594026 71



# Sketch: 28
1704593514 58
1704593642 50
1704593770 66
1704593898 75
1704594026 50



# Sketch: 29
1704593514 53
1704593642 49
1704593770 68
1704593898 74
1704594026 26



# Sketch: 30
1704593514 57
1704593642 71
1704593770 54
1704593898 84
1704594026 48



# Sketch: 31
1704593514 77
1704593642 80
1704593770 119
1704593898 47
1704594026 55

