

# Sketch: 0
1704593514 23
1704593578 26
1704593642 24
1704593706 22
1704593770 39
1704593834 23
1704593898 25
1704593962 26
1704594026 26
1704594090 8



# Sketch: 1
1704593514 25
1704593578 43
1704593642 25
1704593706 50
1704593770 71
1704593834 58
1704593898 37
1704593962 50
1704594026 44
1704594090 21



# Sketch: 2
1704593514 30
1704593578 32
1704593642 35
1704593706 48
1704593770 35
1704593834 32
1704593898 32
1704593962 29
1704594026 31
1704594090 13



# Sketch: 3
1704593514 30
1704593578 42
1704593642 21
1704593706 33
1704593770 37
1704593834 42
1704593898 30
1704593962 43
1704594026 28
1704594090 6



# Sketch: 4
1704593514 47
1704593578 37
1704593642 30
1704593706 23
1704593770 57
1704593834 30
1704593898 34
1704593962 48
1704594026 40
1704594090 24



# Sketch: 5
1704593514 20
1704593578 56
1704593642 19
1704593706 48
1704593770 75
1704593834 33
1704593898 36
1704593962 28
1704594026 28
1704594090 14



# Sketch: 6
1704593514 26
1704593578 27
1704593642 29
1704593706 22
1704593770 48
1704593834 35
1704593898 62
1704593962 22
1704594026 38
1704594090 13



# Sketch: 7
1704593514 23
1704593578 35
1704593642 34
1704593706 27
1704593770 44
1704593834 24
1704593898 54
1704593962 70
1704594026 28
1704594090 11



# Sketch: 8
1704593514 25
1704593578 17
1704593642 35
1704593706 24
1704593770 27
1704593834 19
1704593898 16
1704593962 33
1704594026 39
1704594090 13



# Sketch: 9
1704593514 35
1704593578 32
1704593642 31
1704593706 30
1704593770 43
1704593834 25
1704593898 16
1704593962 20
1704594026 44
1704594090 15



# Sketch: 10
1704593514 31
1704593578 21
1704593642 36
1704593706 37
1704593770 39
1704593834 28
1704593898 30
1704593962 48
1704594026 27
1704594090 17



# Sketch: 11
1704593514 22
1704593578 47
1704593642 29
1704593706 16
1704593770 40
1704593834 38
1704593898 35
1704593962 48
1704594026 30
1704594090 14



# Sketch: 12
1704593514 51
1704593578 33
1704593642 44
1704593706 33
1704593770 47
1704593834 45
1704593898 55
1704593962 46
1704594026 55
1704594090 15



# Sketch: 13
1704593514 33
1704593578 28
1704593642 12
1704593706 25
1704593770 35
1704593834 33
1704593898 23
1704593962 38
1704594026 20
1704594090 8



# Sketch: 14
1704593514 28
1704593578 50
1704593642 39
1704593706 41
1704593770 60
1704593834 48
1704593898 21
1704593962 33
1704594026 58
1704594090 6



# Sketch: 15
1704593514 24
1704593578 31
1704593642 14
1704593706 31
1704593770 24
1704593834 20
1704593898 22
1704593962 25
1704594026 33
1704594090 9



# Sketch: 16
1704593514 25
1704593578 36
1704593642 51
1704593706 39
1704593770 26
1704593834 26
1704593898 66
1704593962 41
1704594026 51
1704594090 10



# Sketch: 17
1704593514 32
1704593578 34
1704593642 49
1704593706 37
1704593770 36
1704593834 15
1704593898 34
1704593962 65
1704594026 23
1704594090 12



# Sketch: 18
1704593514 21
1704593578 34
1704593642 30
1704593706 20
1704593770 14
1704593834 20
1704593898 26
1704593962 24
1704594026 25
1704594090 5



# Sketch: 19
1704593514 59
1704593578 49
1704593642 46
1704593706 38
1704593770 45
1704593834 44
1704593898 61
1704593962 59
1704594026 50
1704594090 22



# Sketch: 20
1704593514 39
1704593578 60
1704593642 34
1704593706 60
1704593770 83
1704593834 40
1704593898 36
1704593962 59
1704594026 50
1704594090 7



# Sketch: 21
1704593514 35
1704593578 37
1704593642 23
1704593706 28
1704593770 34
1704593834 37
1704593898 32
1704593962 38
1704594026 35
1704594090 21



# Sketch: 22
1704593514 40
1704593578 29
1704593642 28
1704593706 32
1704593770 33
1704593834 28
1704593898 22
1704593962 30
1704594026 44
1704594090 17



# Sketch: 23
1704593514 38
1704593578 36
1704593642 57
1704593706 31
1704593770 21
1704593834 34
1704593898 68
1704593962 47
1704594026 53
1704594090 8



# Sketch: 24
1704593514 34
1704593578 24
1704593642 19
1704593706 33
1704593770 25
1704593834 44
1704593898 30
1704593962 48
1704594026 32
1704594090 15



# Sketch: 25
1704593514 20
1704593578 26
1704593642 43
1704593706 51
1704593770 50
1704593834 25
1704593898 37
1704593962 17
1704594026 50
1704594090 12



# Sketch: 26
1704593514 22
1704593578 26
1704593642 24
1704593706 25
1704593770 22
1704593834 13
1704593898 28
1704593962 43
1704594026 21
1704594090 9



# Sketch: 27
1704593514 35
1704593578 20
1704593642 31
1704593706 40
1704593770 28
1704593834 20
1704593898 17
1704593962 24
1704594026 40
1704594090 7



# Sketch: 28
1704593514 25
1704593578 54
1704593642 45
1704593706 23
1704593770 29
1704593834 30
1704593898 41
1704593962 35
1704594026 41
1704594090 9



# Sketch: 29
1704593514 50
1704593578 25
1704593642 50
1704593706 18
1704593770 27
1704593834 86
1704593898 26
1704593962 23
1704594026 38
1704594090 15



# Sketch: 30
1704593514 22
1704593578 35
1704593642 51
1704593706 22
1704593770 45
1704593834 22
1704593898 23
1704593962 35
1704594026 24
1704594090 11



# Sketch: 31
1704593514 17
1704593578 26
1704593642 24
1704593706 25
1704593770 57
1704593834 34
1704593898 22
1704593962 171
1704594026 47
1704594090 7

