

# Sketch: 0
1704594114 40
1704594178 16
1704594242 25
1704594306 31
1704594370 20
1704594434 20
1704594498 25
1704594562 23
1704594626 15
1704594690 22



# Sketch: 1
1704594114 31
1704594178 51
1704594242 19
1704594306 51
1704594370 22
1704594434 42
1704594498 26
1704594562 26
1704594626 58
1704594690 16



# Sketch: 2
1704594114 28
1704594178 25
1704594242 32
1704594306 37
1704594370 36
1704594434 35
1704594498 29
1704594562 30
1704594626 33
1704594690 10



# Sketch: 3
1704594114 29
1704594178 16
1704594242 44
1704594306 46
1704594370 37
1704594434 22
1704594498 31
1704594562 58
1704594626 41
1704594690 14



# Sketch: 4
1704594114 39
1704594178 38
1704594242 36
1704594306 27
1704594370 34
1704594434 38
1704594498 38
1704594562 30
1704594626 47
1704594690 14



# Sketch: 5
1704594114 35
1704594178 49
1704594242 44
1704594306 48
1704594370 26
1704594434 58
1704594498 31
1704594562 39
1704594626 53
1704594690 13



# Sketch: 6
1704594114 35
1704594178 38
1704594242 42
1704594306 38
1704594370 35
1704594434 24
1704594498 38
1704594562 14
1704594626 47
1704594690 9



# Sketch: 7
1704594114 38
1704594178 35
1704594242 41
1704594306 35
1704594370 44
1704594434 30
1704594498 28
1704594562 42
1704594626 32
1704594690 8



# Sketch: 8
1704594114 25
1704594178 13
1704594242 21
1704594306 26
1704594370 27
1704594434 18
1704594498 21
1704594562 26
1704594626 26
1704594690 18



# Sketch: 9
1704594114 28
1704594178 25
1704594242 27
1704594306 28
1704594370 37
1704594434 25
1704594498 24
1704594562 27
1704594626 32
1704594690 7



# Sketch: 10
1704594114 45
1704594178 25
1704594242 40
1704594306 25
1704594370 35
1704594434 29
1704594498 41
1704594562 24
1704594626 22
1704594690 12



# Sketch: 11
1704594114 50
1704594178 31
1704594242 39
1704594306 36
1704594370 36
1704594434 30
1704594498 30
1704594562 22
1704594626 23
1704594690 12



# Sketch: 12
1704594114 43
1704594178 51
1704594242 59
1704594306 41
1704594370 53
1704594434 63
1704594498 54
1704594562 38
1704594626 57
1704594690 24



# Sketch: 13
1704594114 26
1704594178 40
1704594242 25
1704594306 24
1704594370 41
1704594434 29
1704594498 53
1704594562 23
1704594626 32
1704594690 9



# Sketch: 14
1704594114 45
1704594178 35
1704594242 30
1704594306 34
1704594370 39
1704594434 54
1704594498 25
1704594562 40
1704594626 46
1704594690 37



# Sketch: 15
1704594114 27
1704594178 21
1704594242 30
1704594306 42
1704594370 20
1704594434 34
1704594498 18
1704594562 21
1704594626 23
1704594690 6



# Sketch: 16
1704594114 45
1704594178 32
1704594242 46
1704594306 32
1704594370 30
1704594434 59
1704594498 38
1704594562 28
1704594626 53
1704594690 19



# Sketch: 17
1704594114 40
1704594178 21
1704594242 39
1704594306 19
1704594370 30
1704594434 18
1704594498 36
1704594562 31
1704594626 25
1704594690 14



# Sketch: 18
1704594114 80
1704594178 33
1704594242 33
1704594306 31
1704594370 23
1704594434 66
1704594498 25
1704594562 39
1704594626 30
1704594690 9



# Sketch: 19
1704594114 92
1704594178 40
1704594242 35
1704594306 26
1704594370 17
1704594434 33
1704594498 41
1704594562 29
1704594626 40
1704594690 24



# Sketch: 20
1704594114 19
1704594178 42
1704594242 40
1704594306 47
1704594370 18
1704594434 33
1704594498 44
1704594562 38
1704594626 50
1704594690 25



# Sketch: 21
1704594114 41
1704594178 26
1704594242 33
1704594306 42
1704594370 51
1704594434 30
1704594498 38
1704594562 21
1704594626 32
1704594690 20



# Sketch: 22
1704594114 37
1704594178 20
1704594242 26
1704594306 34
1704594370 33
1704594434 20
1704594498 20
1704594562 36
1704594626 20
1704594690 15



# Sketch: 23
1704594114 29
1704594178 28
1704594242 22
1704594306 25
1704594370 33
1704594434 36
1704594498 48
1704594562 38
1704594626 43
1704594690 7



# Sketch: 24
1704594114 43
1704594178 29
1704594242 24
1704594306 20
1704594370 29
1704594434 32
1704594498 43
1704594562 30
1704594626 17
1704594690 10



# Sketch: 25
1704594114 37
1704594178 28
1704594242 36
1704594306 40
1704594370 23
1704594434 28
1704594498 49
1704594562 18
1704594626 33
1704594690 12



# Sketch: 26
1704594114 23
1704594178 31
1704594242 52
1704594306 47
1704594370 28
1704594434 16
1704594498 31
1704594562 43
1704594626 57
1704594690 6



# Sketch: 27
1704594114 32
1704594178 30
1704594242 24
1704594306 19
1704594370 17
1704594434 27
1704594498 37
1704594562 12
1704594626 23
1704594690 27



# Sketch: 28
1704594114 42
1704594178 29
1704594242 31
1704594306 29
1704594370 26
1704594434 35
1704594498 31
1704594562 41
1704594626 42
1704594690 13



# Sketch: 29
1704594114 72
1704594178 42
1704594242 63
1704594306 33
1704594370 17
1704594434 36
1704594498 35
1704594562 20
1704594626 24
1704594690 16



# Sketch: 30
1704594114 45
1704594178 32
1704594242 32
1704594306 22
1704594370 37
1704594434 24
1704594498 21
1704594562 26
1704594626 31
1704594690 40



# Sketch: 31
1704594114 22
1704594178 43
1704594242 26
1704594306 47
1704594370 23
1704594434 29
1704594498 25
1704594562 46
1704594626 23
1704594690 13

