

# Sketch: 0
1704594114 17
1704594146 14
1704594178 10
1704594210 19
1704594242 11
1704594274 26
1704594306 22
1704594338 18
1704594370 15
1704594402 8
1704594434 25
1704594466 15
1704594498 8
1704594530 12
1704594562 18
1704594594 7
1704594626 16
1704594658 26
1704594690 16



# Sketch: 1
1704594114 16
1704594146 13
1704594178 17
1704594210 13
1704594242 18
1704594274 15
1704594306 8
1704594338 17
1704594370 12
1704594402 6
1704594434 13
1704594466 13
1704594498 14
1704594530 16
1704594562 13
1704594594 14
1704594626 22
1704594658 12
1704594690 14



# Sketch: 2
1704594114 30
1704594146 18
1704594178 18
1704594210 15
1704594242 15
1704594274 25
1704594306 11
1704594338 18
1704594370 29
1704594402 18
1704594434 17
1704594466 26
1704594498 19
1704594530 28
1704594562 16
1704594594 18
1704594626 9
1704594658 6
1704594690 11



# Sketch: 3
1704594114 28
1704594146 16
1704594178 24
1704594210 20
1704594242 23
1704594274 22
1704594306 23
1704594338 32
1704594370 9
1704594402 19
1704594434 19
1704594466 13
1704594498 22
1704594530 22
1704594562 26
1704594594 28
1704594626 22
1704594658 26
1704594690 12



# Sketch: 4
1704594114 20
1704594146 16
1704594178 26
1704594210 35
1704594242 10
1704594274 14
1704594306 19
1704594338 24
1704594370 10
1704594402 32
1704594434 14
1704594466 11
1704594498 13
1704594530 17
1704594562 12
1704594594 13
1704594626 12
1704594658 15
1704594690 17



# Sketch: 5
1704594114 13
1704594146 25
1704594178 21
1704594210 16
1704594242 6
1704594274 12
1704594306 10
1704594338 20
1704594370 21
1704594402 19
1704594434 40
1704594466 19
1704594498 16
1704594530 10
1704594562 11
1704594594 19
1704594626 22
1704594658 18
1704594690 21



# Sketch: 6
1704594114 27
1704594146 80
1704594178 16
1704594210 20
1704594242 25
1704594274 17
1704594306 7
1704594338 11
1704594370 12
1704594402 11
1704594434 6
1704594466 13
1704594498 13
1704594530 26
1704594562 6
1704594594 23
1704594626 19
1704594658 6
1704594690 33



# Sketch: 7
1704594114 11
1704594146 8
1704594178 13
1704594210 13
1704594242 20
1704594274 17
1704594306 10
1704594338 10
1704594370 12
1704594402 12
1704594434 11
1704594466 9
1704594498 5
1704594530 31
1704594562 21
1704594594 20
1704594626 25
1704594658 13
1704594690 7



# Sketch: 8
1704594114 13
1704594146 16
1704594178 12
1704594210 7
1704594242 14
1704594274 29
1704594306 14
1704594338 12
1704594370 9
1704594402 9
1704594434 26
1704594466 14
1704594498 14
1704594530 24
1704594562 19
1704594594 29
1704594626 6
1704594658 24
1704594690 14



# Sketch: 9
1704594114 17
1704594146 25
1704594178 18
1704594210 23
1704594242 20
1704594274 18
1704594306 27
1704594338 30
1704594370 16
1704594402 20
1704594434 10
1704594466 17
1704594498 16
1704594530 22
1704594562 10
1704594594 20
1704594626 17
1704594658 10
1704594690 25



# Sketch: 10
1704594114 8
1704594146 13
1704594178 3
1704594210 11
1704594242 13
1704594274 11
1704594306 1
1704594338 10
1704594370 5
1704594402 7
1704594434 22
1704594466 18
1704594498 26
1704594530 14
1704594562 14
1704594594 14
1704594626 9
1704594658 7
1704594690 6



# Sketch: 11
1704594114 35
1704594146 20
1704594178 14
1704594210 11
1704594242 7
1704594274 19
1704594306 11
1704594338 21
1704594370 25
1704594402 16
1704594434 10
1704594466 58
1704594498 18
1704594530 11
1704594562 12
1704594594 41
1704594626 22
1704594658 26
1704594690 26



# Sketch: 12
1704594114 20
1704594146 23
1704594178 19
1704594210 13
1704594242 22
1704594274 10
1704594306 7
1704594338 21
1704594370 17
1704594402 20
1704594434 9
1704594466 11
1704594498 41
1704594530 20
1704594562 12
1704594594 10
1704594626 24
1704594658 31
1704594690 20



# Sketch: 13
1704594114 13
1704594146 23
1704594178 5
1704594210 21
1704594242 21
1704594274 15
1704594306 22
1704594338 22
1704594370 23
1704594402 11
1704594434 13
1704594466 17
1704594498 12
1704594530 5
1704594562 10
1704594594 16
1704594626 33
1704594658 14
1704594690 16



# Sketch: 14
1704594114 14
1704594146 32
1704594178 19
1704594210 6
1704594242 23
1704594274 24
1704594306 21
1704594338 21
1704594370 22
1704594402 18
1704594434 22
1704594466 25
1704594498 16
1704594530 9
1704594562 10
1704594594 20
1704594626 22
1704594658 28
1704594690 6



# Sketch: 15
1704594114 30
1704594146 16
1704594178 19
1704594210 9
1704594242 14
1704594274 14
1704594306 14
1704594338 6
1704594370 8
1704594402 14
1704594434 14
1704594466 17
1704594498 14
1704594530 6
1704594562 17
1704594594 14
1704594626 8
1704594658 27
1704594690 27



# Sketch: 16
1704594114 18
1704594146 23
1704594178 21
1704594210 19
1704594242 23
1704594274 25
1704594306 17
1704594338 24
1704594370 22
1704594402 18
1704594434 19
1704594466 20
1704594498 20
1704594530 17
1704594562 19
1704594594 20
1704594626 7
1704594658 7
1704594690 10



# Sketch: 17
1704594114 27
1704594146 11
1704594178 7
1704594210 12
1704594242 16
1704594274 24
1704594306 9
1704594338 21
1704594370 22
1704594402 14
1704594434 13
1704594466 42
1704594498 11
1704594530 21
1704594562 15
1704594594 16
1704594626 15
1704594658 11
1704594690 20



# Sketch: 18
1704594114 14
1704594146 9
1704594178 7
1704594210 13
1704594242 10
1704594274 10
1704594306 13
1704594338 18
1704594370 10
1704594402 14
1704594434 9
1704594466 7
1704594498 23
1704594530 23
1704594562 7
1704594594 7
1704594626 14
1704594658 9
1704594690 8



# Sketch: 19
1704594114 13
1704594146 13
1704594178 16
1704594210 14
1704594242 15
1704594274 12
1704594306 8
1704594338 8
1704594370 16
1704594402 12
1704594434 14
1704594466 9
1704594498 15
1704594530 15
1704594562 10
1704594594 15
1704594626 10
1704594658 15
1704594690 11



# Sketch: 20
1704594114 14
1704594146 12
1704594178 11
1704594210 17
1704594242 18
1704594274 23
1704594306 4
1704594338 14
1704594370 14
1704594402 7
1704594434 20
1704594466 13
1704594498 11
1704594530 11
1704594562 9
1704594594 11
1704594626 2
1704594658 20
1704594690 11



# Sketch: 21
1704594114 14
1704594146 13
1704594178 17
1704594210 18
1704594242 13
1704594274 11
1704594306 8
1704594338 26
1704594370 16
1704594402 20
1704594434 20
1704594466 17
1704594498 17
1704594530 12
1704594562 32
1704594594 13
1704594626 9
1704594658 13
1704594690 8



# Sketch: 22
1704594114 19
1704594146 60
1704594178 17
1704594210 5
1704594242 21
1704594274 14
1704594306 15
1704594338 22
1704594370 14
1704594402 16
1704594434 10
1704594466 7
1704594498 21
1704594530 18
1704594562 10
1704594594 15
1704594626 8
1704594658 9
1704594690 25



# Sketch: 23
1704594114 9
1704594146 22
1704594178 9
1704594210 13
1704594242 21
1704594274 15
1704594306 19
1704594338 20
1704594370 14
1704594402 6
1704594434 12
1704594466 12
1704594498 12
1704594530 14
1704594562 13
1704594594 14
1704594626 21
1704594658 6
1704594690 12



# Sketch: 24
1704594114 10
1704594146 22
1704594178 9
1704594210 16
1704594242 19
1704594274 11
1704594306 18
1704594338 6
1704594370 12
1704594402 10
1704594434 22
1704594466 8
1704594498 11
1704594530 16
1704594562 8
1704594594 17
1704594626 21
1704594658 18
1704594690 13



# Sketch: 25
1704594114 15
1704594146 19
1704594178 6
1704594210 12
1704594242 40
1704594274 17
1704594306 30
1704594338 26
1704594370 12
1704594402 11
1704594434 19
1704594466 10
1704594498 18
1704594530 14
1704594562 17
1704594594 20
1704594626 23
1704594658 17
1704594690 11



# Sketch: 26
1704594114 7
1704594146 10
1704594178 6
1704594210 30
1704594242 19
1704594274 6
1704594306 6
1704594338 14
1704594370 15
1704594402 12
1704594434 8
1704594466 8
1704594498 14
1704594530 22
1704594562 17
1704594594 8
1704594626 41
1704594658 15
1704594690 16



# Sketch: 27
1704594114 27
1704594146 29
1704594178 22
1704594210 10
1704594242 16
1704594274 11
1704594306 11
1704594338 29
1704594370 25
1704594402 12
1704594434 10
1704594466 36
1704594498 12
1704594530 15
1704594562 11
1704594594 21
1704594626 19
1704594658 28
1704594690 18



# Sketch: 28
1704594114 16
1704594146 18
1704594178 24
1704594210 16
1704594242 14
1704594274 18
1704594306 9
1704594338 34
1704594370 5
1704594402 18
1704594434 27
1704594466 7
1704594498 6
1704594530 17
1704594562 12
1704594594 13
1704594626 16
1704594658 18
1704594690 13



# Sketch: 29
1704594114 21
1704594146 16
1704594178 23
1704594210 25
1704594242 13
1704594274 31
1704594306 26
1704594338 24
1704594370 11
1704594402 25
1704594434 18
1704594466 17
1704594498 19
1704594530 22
1704594562 11
1704594594 16
1704594626 25
1704594658 22
1704594690 28



# Sketch: 30
1704594114 25
1704594146 18
1704594178 11
1704594210 14
1704594242 9
1704594274 10
1704594306 18
1704594338 19
1704594370 13
1704594402 23
1704594434 7
1704594466 17
1704594498 3
1704594530 33
1704594562 6
1704594594 8
1704594626 35
1704594658 19
1704594690 8



# Sketch: 31
1704594114 38
1704594146 11
1704594178 32
1704594210 37
1704594242 30
1704594274 31
1704594306 24
1704594338 22
1704594370 21
1704594402 32
1704594434 23
1704594466 25
1704594498 24
1704594530 27
1704594562 18
1704594594 17
1704594626 12
1704594658 48
1704594690 18

