

# Sketch: 0
1704594114 64
1704594242 78
1704594370 52
1704594498 83
1704594626 44



# Sketch: 1
1704594114 89
1704594242 59
1704594370 81
1704594498 70
1704594626 49



# Sketch: 2
1704594114 58
1704594242 102
1704594370 37
1704594498 39
1704594626 40



# Sketch: 3
1704594114 76
1704594242 53
1704594370 29
1704594498 33
1704594626 39



# Sketch: 4
1704594114 71
1704594242 66
1704594370 49
1704594498 46
1704594626 36



# Sketch: 5
1704594114 131
1704594242 112
1704594370 91
1704594498 108
1704594626 53



# Sketch: 6
1704594114 102
1704594242 57
1704594370 62
1704594498 62
1704594626 61



# Sketch: 7
1704594114 61
1704594242 62
1704594370 47
1704594498 101
1704594626 43



# Sketch: 8
1704594114 118
1704594242 90
1704594370 92
1704594498 84
1704594626 66



# Sketch: 9
1704594114 72
1704594242 92
1704594370 43
1704594498 63
1704594626 57



# Sketch: 10
1704594114 71
1704594242 56
1704594370 51
1704594498 80
1704594626 53



# Sketch: 11
1704594114 28
1704594242 51
1704594370 51
1704594498 53
1704594626 30



# Sketch: 12
1704594114 62
1704594242 72
1704594370 69
1704594498 60
1704594626 37



# Sketch: 13
1704594114 62
1704594242 50
1704594370 77
1704594498 56
1704594626 68



# Sketch: 14
1704594114 67
1704594242 86
1704594370 83
1704594498 60
1704594626 45



# Sketch: 15
1704594114 49
1704594242 93
1704594370 60
1704594498 72
1704594626 54



# Sketch: 16
1704594114 82
1704594242 68
1704594370 92
1704594498 66
1704594626 68



# Sketch: 17
1704594114 51
1704594242 71
1704594370 58
1704594498 35
1704594626 51



# Sketch: 18
1704594114 48
1704594242 40
1704594370 46
1704594498 51
1704594626 45



# Sketch: 19
1704594114 73
1704594242 78
1704594370 66
1704594498 48
1704594626 67



# Sketch: 20
1704594114 77
1704594242 82
1704594370 59
1704594498 94
1704594626 52



# Sketch: 21
1704594114 65
1704594242 83
1704594370 96
1704594498 64
1704594626 67



# Sketch: 22
1704594114 44
1704594242 77
1704594370 81
1704594498 68
1704594626 56



# Sketch: 23
1704594114 103
1704594242 50
1704594370 68
1704594498 59
1704594626 47



# Sketch: 24
1704594114 68
1704594242 50
1704594370 84
1704594498 64
1704594626 57



# Sketch: 25
1704594114 61
1704594242 67
1704594370 78
1704594498 41
1704594626 31



# Sketch: 26
1704594114 73
1704594242 54
1704594370 93
1704594498 63
1704594626 48



# Sketch: 27
1704594114 77
1704594242 78
1704594370 53
1704594498 77
1704594626 42



# Sketch: 28
1704594114 80
1704594242 68
1704594370 52
1704594498 74
1704594626 63



# Sketch: 29
1704594114 51
1704594242 43
1704594370 44
1704594498 41
1704594626 49



# Sketch: 30
1704594114 72
1704594242 56
1704594370 51
1704594498 68
1704594626 63



# Sketch: 31
1704594114 72
1704594242 54
1704594370 55
1704594498 70
1704594626 50

