

# Sketch: 0
1704594114 56
1704594242 56
1704594370 40
1704594498 48
1704594626 37



# Sketch: 1
1704594114 82
1704594242 70
1704594370 64
1704594498 52
1704594626 74



# Sketch: 2
1704594114 53
1704594242 69
1704594370 71
1704594498 59
1704594626 43



# Sketch: 3
1704594114 45
1704594242 90
1704594370 59
1704594498 89
1704594626 55



# Sketch: 4
1704594114 77
1704594242 63
1704594370 72
1704594498 68
1704594626 61



# Sketch: 5
1704594114 84
1704594242 92
1704594370 84
1704594498 70
1704594626 66



# Sketch: 6
1704594114 73
1704594242 80
1704594370 59
1704594498 52
1704594626 56



# Sketch: 7
1704594114 73
1704594242 76
1704594370 74
1704594498 70
1704594626 40



# Sketch: 8
1704594114 38
1704594242 47
1704594370 45
1704594498 47
1704594626 44



# Sketch: 9
1704594114 53
1704594242 55
1704594370 62
1704594498 51
1704594626 39



# Sketch: 10
1704594114 70
1704594242 65
1704594370 64
1704594498 65
1704594626 34



# Sketch: 11
1704594114 81
1704594242 75
1704594370 66
1704594498 52
1704594626 35



# Sketch: 12
1704594114 94
1704594242 100
1704594370 116
1704594498 92
1704594626 81



# Sketch: 13
1704594114 66
1704594242 49
1704594370 70
1704594498 76
1704594626 41



# Sketch: 14
1704594114 80
1704594242 64
1704594370 93
1704594498 65
1704594626 83



# Sketch: 15
1704594114 48
1704594242 72
1704594370 54
1704594498 39
1704594626 29



# Sketch: 16
1704594114 77
1704594242 78
1704594370 89
1704594498 66
1704594626 72



# Sketch: 17
1704594114 61
1704594242 58
1704594370 48
1704594498 67
1704594626 39



# Sketch: 18
1704594114 113
1704594242 64
1704594370 89
1704594498 64
1704594626 39



# Sketch: 19
1704594114 132
1704594242 61
1704594370 50
1704594498 70
1704594626 64



# Sketch: 20
1704594114 61
1704594242 87
1704594370 51
1704594498 82
1704594626 75



# Sketch: 21
1704594114 67
1704594242 75
1704594370 81
1704594498 59
1704594626 52



# Sketch: 22
1704594114 57
1704594242 60
1704594370 53
1704594498 56
1704594626 35



# Sketch: 23
1704594114 57
1704594242 47
1704594370 69
1704594498 86
1704594626 50



# Sketch: 24
1704594114 72
1704594242 44
1704594370 61
1704594498 73
1704594626 27



# Sketch: 25
1704594114 65
1704594242 76
1704594370 51
1704594498 67
1704594626 45



# Sketch: 26
1704594114 54
1704594242 99
1704594370 44
1704594498 74
1704594626 63



# Sketch: 27
1704594114 62
1704594242 43
1704594370 44
1704594498 49
1704594626 50



# Sketch: 28
1704594114 71
1704594242 60
1704594370 61
1704594498 72
1704594626 55



# Sketch: 29
1704594114 114
1704594242 96
1704594370 53
1704594498 55
1704594626 40



# Sketch: 30
1704594114 77
1704594242 54
1704594370 61
1704594498 47
1704594626 71



# Sketch: 31
1704594114 65
1704594242 73
1704594370 52
1704594498 71
1704594626 36

