

# Sketch: 0
1704594714 3
1704594730 6
1704594746 7
1704594762 6
1704594778 6
1704594794 1
1704594810 12
1704594826 5
1704594842 7
1704594858 11
1704594874 4
1704594890 3
1704594906 2
1704594922 8
1704594938 7
1704594954 13
1704594970 15
1704594986 12
1704595002 6
1704595018 7
1704595034 13
1704595050 2
1704595066 0
1704595082 6
1704595098 22
1704595114 15
1704595130 8
1704595146 20
1704595162 6
1704595178 28
1704595194 4
1704595210 8
1704595226 10
1704595242 8
1704595258 18
1704595274 9
1704595290 8
1704595306 6



# Sketch: 1
1704594714 10
1704594730 11
1704594746 8
1704594762 3
1704594778 3
1704594794 3
1704594810 10
1704594826 1
1704594842 12
1704594858 10
1704594874 3
1704594890 7
1704594906 6
1704594922 11
1704594938 14
1704594954 26
1704594970 15
1704594986 15
1704595002 9
1704595018 10
1704595034 1
1704595050 2
1704595066 5
1704595082 11
1704595098 24
1704595114 12
1704595130 21
1704595146 10
1704595162 9
1704595178 13
1704595194 11
1704595210 6
1704595226 16
1704595242 17
1704595258 12
1704595274 9
1704595290 17
1704595306 3



# Sketch: 2
1704594714 5
1704594730 11
1704594746 3
1704594762 7
1704594778 47
1704594794 7
1704594810 1
1704594826 5
1704594842 8
1704594858 3
1704594874 10
1704594890 10
1704594906 11
1704594922 0
1704594938 9
1704594954 7
1704594970 6
1704594986 7
1704595002 9
1704595018 5
1704595034 11
1704595050 9
1704595066 8
1704595082 4
1704595098 7
1704595114 19
1704595130 20
1704595146 20
1704595162 10
1704595178 21
1704595194 5
1704595210 14
1704595226 6
1704595242 7
1704595258 5
1704595274 10
1704595290 11
1704595306 5



# Sketch: 3
1704594714 14
1704594730 13
1704594746 12
1704594762 5
1704594778 17
1704594794 14
1704594810 3
1704594826 8
1704594842 9
1704594858 14
1704594874 12
1704594890 11
1704594906 3
1704594922 4
1704594938 6
1704594954 10
1704594970 18
1704594986 16
1704595002 3
1704595018 7
1704595034 5
1704595050 7
1704595066 6
1704595082 18
1704595098 15
1704595114 9
1704595130 31
1704595146 14
1704595162 6
1704595178 11
1704595194 14
1704595210 12
1704595226 26
1704595242 25
1704595258 11
1704595274 9
1704595290 10
1704595306 8



# Sketch: 4
1704594714 17
1704594730 44
1704594746 12
1704594762 16
1704594778 16
1704594794 2
1704594810 12
1704594826 5
1704594842 10
1704594858 6
1704594874 14
1704594890 28
1704594906 4
1704594922 5
1704594938 12
1704594954 5
1704594970 12
1704594986 14
1704595002 6
1704595018 11
1704595034 1
1704595050 5
1704595066 5
1704595082 3
1704595098 10
1704595114 6
1704595130 8
1704595146 8
1704595162 22
1704595178 2
1704595194 12
1704595210 15
1704595226 17
1704595242 8
1704595258 11
1704595274 21
1704595290 11
1704595306 11



# Sketch: 5
1704594714 5
1704594730 7
1704594746 7
1704594762 8
1704594778 11
1704594794 17
1704594810 13
1704594826 8
1704594842 15
1704594858 3
1704594874 5
1704594890 29
1704594906 3
1704594922 7
1704594938 16
1704594954 13
1704594970 21
1704594986 18
1704595002 11
1704595018 2
1704595034 8
1704595050 13
1704595066 3
1704595082 6
1704595098 9
1704595114 5
1704595130 9
1704595146 18
1704595162 15
1704595178 16
1704595194 6
1704595210 7
1704595226 13
1704595242 8
1704595258 6
1704595274 23
1704595290 11
1704595306 8



# Sketch: 6
1704594714 10
1704594730 1
1704594746 6
1704594762 10
1704594778 3
1704594794 0
1704594810 6
1704594826 7
1704594842 9
1704594858 11
1704594874 8
1704594890 4
1704594906 16
1704594922 9
1704594938 10
1704594954 11
1704594970 15
1704594986 7
1704595002 14
1704595018 3
1704595034 8
1704595050 6
1704595066 10
1704595082 17
1704595098 14
1704595114 6
1704595130 19
1704595146 15
1704595162 14
1704595178 23
1704595194 14
1704595210 16
1704595226 12
1704595242 8
1704595258 10
1704595274 4
1704595290 9
1704595306 4



# Sketch: 7
1704594714 1
1704594730 4
1704594746 13
1704594762 7
1704594778 8
1704594794 4
1704594810 1
1704594826 5
1704594842 11
1704594858 4
1704594874 4
1704594890 5
1704594906 9
1704594922 5
1704594938 8
1704594954 4
1704594970 4
1704594986 15
1704595002 7
1704595018 12
1704595034 5
1704595050 8
1704595066 1
1704595082 8
1704595098 8
1704595114 39
1704595130 40
1704595146 26
1704595162 12
1704595178 12
1704595194 9
1704595210 15
1704595226 10
1704595242 12
1704595258 11
1704595274 4
1704595290 10
1704595306 13



# Sketch: 8
1704594714 10
1704594730 5
1704594746 8
1704594762 8
1704594778 22
1704594794 15
1704594810 2
1704594826 5
1704594842 5
1704594858 4
1704594874 8
1704594890 1
1704594906 7
1704594922 12
1704594938 6
1704594954 4
1704594970 7
1704594986 15
1704595002 3
1704595018 8
1704595034 3
1704595050 9
1704595066 7
1704595082 0
1704595098 22
1704595114 27
1704595130 23
1704595146 25
1704595162 13
1704595178 14
1704595194 11
1704595210 16
1704595226 20
1704595242 12
1704595258 6
1704595274 18
1704595290 9
1704595306 4



# Sketch: 9
1704594714 6
1704594730 15
1704594746 12
1704594762 4
1704594778 37
1704594794 8
1704594810 9
1704594826 7
1704594842 1
1704594858 18
1704594874 7
1704594890 4
1704594906 7
1704594922 7
1704594938 5
1704594954 10
1704594970 9
1704594986 14
1704595002 6
1704595018 12
1704595034 9
1704595050 23
1704595066 4
1704595082 5
1704595098 16
1704595114 11
1704595130 32
1704595146 13
1704595162 16
1704595178 7
1704595194 6
1704595210 10
1704595226 12
1704595242 14
1704595258 16
1704595274 11
1704595290 15
1704595306 5



# Sketch: 10
1704594714 5
1704594730 9
1704594746 8
1704594762 7
1704594778 3
1704594794 14
1704594810 5
1704594826 5
1704594842 21
1704594858 13
1704594874 7
1704594890 17
1704594906 4
1704594922 4
1704594938 7
1704594954 1
1704594970 9
1704594986 10
1704595002 4
1704595018 11
1704595034 2
1704595050 1
1704595066 6
1704595082 11
1704595098 16
1704595114 45
1704595130 22
1704595146 19
1704595162 20
1704595178 15
1704595194 11
1704595210 20
1704595226 20
1704595242 10
1704595258 9
1704595274 13
1704595290 8
1704595306 4



# Sketch: 11
1704594714 4
1704594730 3
1704594746 24
1704594762 9
1704594778 10
1704594794 15
1704594810 9
1704594826 6
1704594842 16
1704594858 6
1704594874 14
1704594890 9
1704594906 10
1704594922 4
1704594938 10
1704594954 3
1704594970 6
1704594986 9
1704595002 14
1704595018 17
1704595034 6
1704595050 8
1704595066 30
1704595082 8
1704595098 15
1704595114 16
1704595130 13
1704595146 17
1704595162 20
1704595178 8
1704595194 14
1704595210 8
1704595226 37
1704595242 15
1704595258 9
1704595274 6
1704595290 9
1704595306 8



# Sketch: 12
1704594714 8
1704594730 13
1704594746 7
1704594762 3
1704594778 10
1704594794 4
1704594810 5
1704594826 5
1704594842 8
1704594858 11
1704594874 7
1704594890 41
1704594906 13
1704594922 14
1704594938 14
1704594954 11
1704594970 5
1704594986 9
1704595002 10
1704595018 12
1704595034 4
1704595050 3
1704595066 2
1704595082 12
1704595098 13
1704595114 14
1704595130 7
1704595146 16
1704595162 11
1704595178 11
1704595194 6
1704595210 45
1704595226 13
1704595242 6
1704595258 11
1704595274 9
1704595290 20
1704595306 10



# Sketch: 13
1704594714 3
1704594730 7
1704594746 7
1704594762 3
1704594778 6
1704594794 13
1704594810 7
1704594826 7
1704594842 3
1704594858 28
1704594874 3
1704594890 6
1704594906 10
1704594922 11
1704594938 15
1704594954 7
1704594970 10
1704594986 12
1704595002 3
1704595018 6
1704595034 9
1704595050 8
1704595066 3
1704595082 3
1704595098 10
1704595114 6
1704595130 13
1704595146 8
1704595162 12
1704595178 9
1704595194 18
1704595210 12
1704595226 16
1704595242 8
1704595258 6
1704595274 4
1704595290 8
1704595306 4



# Sketch: 14
1704594714 6
1704594730 6
1704594746 3
1704594762 12
1704594778 3
1704594794 9
1704594810 5
1704594826 5
1704594842 18
1704594858 9
1704594874 2
1704594890 1
1704594906 10
1704594922 12
1704594938 5
1704594954 1
1704594970 17
1704594986 16
1704595002 8
1704595018 5
1704595034 5
1704595050 6
1704595066 8
1704595082 2
1704595098 12
1704595114 11
1704595130 21
1704595146 11
1704595162 14
1704595178 6
1704595194 7
1704595210 8
1704595226 19
1704595242 22
1704595258 12
1704595274 6
1704595290 8
1704595306 9



# Sketch: 15
1704594714 5
1704594730 20
1704594746 15
1704594762 1
1704594778 7
1704594794 10
1704594810 10
1704594826 6
1704594842 13
1704594858 16
1704594874 4
1704594890 16
1704594906 7
1704594922 7
1704594938 19
1704594954 4
1704594970 10
1704594986 18
1704595002 7
1704595018 6
1704595034 5
1704595050 10
1704595066 4
1704595082 8
1704595098 16
1704595114 10
1704595130 32
1704595146 8
1704595162 10
1704595178 13
1704595194 16
1704595210 13
1704595226 15
1704595242 15
1704595258 11
1704595274 9
1704595290 19
1704595306 10



# Sketch: 16
1704594714 6
1704594730 20
1704594746 13
1704594762 9
1704594778 7
1704594794 8
1704594810 6
1704594826 5
1704594842 7
1704594858 13
1704594874 16
1704594890 5
1704594906 30
1704594922 3
1704594938 16
1704594954 6
1704594970 14
1704594986 18
1704595002 5
1704595018 6
1704595034 8
1704595050 3
1704595066 4
1704595082 14
1704595098 13
1704595114 13
1704595130 27
1704595146 10
1704595162 12
1704595178 10
1704595194 11
1704595210 10
1704595226 8
1704595242 5
1704595258 14
1704595274 4
1704595290 13
1704595306 7



# Sketch: 17
1704594714 7
1704594730 6
1704594746 12
1704594762 3
1704594778 5
1704594794 12
1704594810 13
1704594826 10
1704594842 13
1704594858 6
1704594874 7
1704594890 16
1704594906 3
1704594922 10
1704594938 7
1704594954 2
1704594970 8
1704594986 5
1704595002 10
1704595018 10
1704595034 3
1704595050 8
1704595066 4
1704595082 15
1704595098 12
1704595114 5
1704595130 13
1704595146 11
1704595162 8
1704595178 15
1704595194 7
1704595210 14
1704595226 12
1704595242 8
1704595258 5
1704595274 7
1704595290 7
1704595306 8



# Sketch: 18
1704594714 13
1704594730 12
1704594746 10
1704594762 14
1704594778 8
1704594794 10
1704594810 7
1704594826 9
1704594842 5
1704594858 28
1704594874 3
1704594890 14
1704594906 4
1704594922 4
1704594938 7
1704594954 10
1704594970 9
1704594986 20
1704595002 2
1704595018 10
1704595034 6
1704595050 8
1704595066 6
1704595082 11
1704595098 18
1704595114 13
1704595130 12
1704595146 12
1704595162 13
1704595178 17
1704595194 5
1704595210 16
1704595226 15
1704595242 14
1704595258 7
1704595274 1
1704595290 6
1704595306 2



# Sketch: 19
1704594714 7
1704594730 7
1704594746 3
1704594762 13
1704594778 7
1704594794 4
1704594810 9
1704594826 7
1704594842 6
1704594858 3
1704594874 4
1704594890 7
1704594906 8
1704594922 4
1704594938 11
1704594954 9
1704594970 16
1704594986 17
1704595002 9
1704595018 10
1704595034 8
1704595050 2
1704595066 4
1704595082 7
1704595098 10
1704595114 9
1704595130 12
1704595146 18
1704595162 6
1704595178 7
1704595194 8
1704595210 6
1704595226 17
1704595242 49
1704595258 40
1704595274 10
1704595290 10
1704595306 9



# Sketch: 20
1704594714 5
1704594730 9
1704594746 11
1704594762 1
1704594778 12
1704594794 6
1704594810 16
1704594826 5
1704594842 7
1704594858 5
1704594874 3
1704594890 12
1704594906 5
1704594922 3
1704594938 5
1704594954 6
1704594970 3
1704594986 4
1704595002 2
1704595018 5
1704595034 22
1704595050 9
1704595066 7
1704595082 1
1704595098 13
1704595114 19
1704595130 13
1704595146 7
1704595162 14
1704595178 25
1704595194 4
1704595210 10
1704595226 23
1704595242 8
1704595258 7
1704595274 22
1704595290 11
1704595306 4



# Sketch: 21
1704594714 11
1704594730 18
1704594746 3
1704594762 5
1704594778 7
1704594794 14
1704594810 3
1704594826 8
1704594842 15
1704594858 6
1704594874 7
1704594890 12
1704594906 6
1704594922 2
1704594938 7
1704594954 5
1704594970 6
1704594986 11
1704595002 7
1704595018 8
1704595034 7
1704595050 4
1704595066 8
1704595082 5
1704595098 13
1704595114 14
1704595130 16
1704595146 12
1704595162 8
1704595178 12
1704595194 6
1704595210 21
1704595226 15
1704595242 9
1704595258 12
1704595274 16
1704595290 8
1704595306 7



# Sketch: 22
1704594714 6
1704594730 10
1704594746 7
1704594762 1
1704594778 3
1704594794 21
1704594810 5
1704594826 8
1704594842 5
1704594858 9
1704594874 2
1704594890 7
1704594906 8
1704594922 3
1704594938 6
1704594954 4
1704594970 7
1704594986 9
1704595002 5
1704595018 6
1704595034 5
1704595050 5
1704595066 3
1704595082 1
1704595098 13
1704595114 12
1704595130 14
1704595146 28
1704595162 15
1704595178 10
1704595194 8
1704595210 8
1704595226 12
1704595242 7
1704595258 17
1704595274 15
1704595290 13
1704595306 6



# Sketch: 23
1704594714 7
1704594730 10
1704594746 5
1704594762 16
1704594778 16
1704594794 7
1704594810 14
1704594826 10
1704594842 4
1704594858 9
1704594874 5
1704594890 9
1704594906 12
1704594922 6
1704594938 6
1704594954 6
1704594970 9
1704594986 10
1704595002 7
1704595018 15
1704595034 15
1704595050 7
1704595066 3
1704595082 5
1704595098 15
1704595114 9
1704595130 25
1704595146 18
1704595162 20
1704595178 15
1704595194 10
1704595210 17
1704595226 7
1704595242 8
1704595258 22
1704595274 23
1704595290 14
1704595306 3



# Sketch: 24
1704594714 8
1704594730 19
1704594746 13
1704594762 4
1704594778 9
1704594794 14
1704594810 9
1704594826 13
1704594842 20
1704594858 12
1704594874 7
1704594890 15
1704594906 14
1704594922 16
1704594938 13
1704594954 9
1704594970 17
1704594986 14
1704595002 9
1704595018 11
1704595034 16
1704595050 11
1704595066 5
1704595082 17
1704595098 15
1704595114 18
1704595130 22
1704595146 18
1704595162 22
1704595178 25
1704595194 7
1704595210 12
1704595226 27
1704595242 8
1704595258 34
1704595274 14
1704595290 18
1704595306 8



# Sketch: 25
1704594714 2
1704594730 7
1704594746 46
1704594762 8
1704594778 4
1704594794 2
1704594810 6
1704594826 2
1704594842 10
1704594858 9
1704594874 4
1704594890 9
1704594906 6
1704594922 5
1704594938 9
1704594954 1
1704594970 8
1704594986 11
1704595002 16
1704595018 19
1704595034 15
1704595050 2
1704595066 8
1704595082 5
1704595098 15
1704595114 7
1704595130 14
1704595146 12
1704595162 22
1704595178 16
1704595194 9
1704595210 20
1704595226 51
1704595242 12
1704595258 6
1704595274 12
1704595290 14
1704595306 4



# Sketch: 26
1704594714 5
1704594730 17
1704594746 2
1704594762 3
1704594778 3
1704594794 14
1704594810 4
1704594826 6
1704594842 11
1704594858 13
1704594874 7
1704594890 6
1704594906 11
1704594922 8
1704594938 10
1704594954 10
1704594970 19
1704594986 7
1704595002 8
1704595018 6
1704595034 22
1704595050 9
1704595066 3
1704595082 14
1704595098 20
1704595114 8
1704595130 15
1704595146 18
1704595162 20
1704595178 9
1704595194 5
1704595210 8
1704595226 16
1704595242 11
1704595258 7
1704595274 24
1704595290 10
1704595306 5



# Sketch: 27
1704594714 3
1704594730 18
1704594746 4
1704594762 8
1704594778 3
1704594794 5
1704594810 14
1704594826 0
1704594842 10
1704594858 9
1704594874 18
1704594890 7
1704594906 3
1704594922 12
1704594938 7
1704594954 8
1704594970 5
1704594986 4
1704595002 10
1704595018 5
1704595034 2
1704595050 18
1704595066 3
1704595082 8
1704595098 13
1704595114 11
1704595130 20
1704595146 9
1704595162 25
1704595178 7
1704595194 10
1704595210 23
1704595226 8
1704595242 11
1704595258 11
1704595274 7
1704595290 24
1704595306 2



# Sketch: 28
1704594714 5
1704594730 2
1704594746 4
1704594762 10
1704594778 14
1704594794 1
1704594810 9
1704594826 7
1704594842 13
1704594858 11
1704594874 9
1704594890 20
1704594906 4
1704594922 2
1704594938 12
1704594954 6
1704594970 14
1704594986 5
1704595002 5
1704595018 9
1704595034 9
1704595050 2
1704595066 9
1704595082 7
1704595098 23
1704595114 15
1704595130 6
1704595146 17
1704595162 11
1704595178 10
1704595194 16
1704595210 4
1704595226 11
1704595242 7
1704595258 13
1704595274 7
1704595290 9
1704595306 8



# Sketch: 29
1704594714 10
1704594730 15
1704594746 24
1704594762 7
1704594778 10
1704594794 3
1704594810 10
1704594826 15
1704594842 16
1704594858 36
1704594874 21
1704594890 4
1704594906 15
1704594922 2
1704594938 10
1704594954 14
1704594970 16
1704594986 14
1704595002 6
1704595018 5
1704595034 4
1704595050 9
1704595066 3
1704595082 19
1704595098 12
1704595114 11
1704595130 24
1704595146 21
1704595162 38
1704595178 33
1704595194 16
1704595210 14
1704595226 11
1704595242 10
1704595258 14
1704595274 21
1704595290 6
1704595306 4



# Sketch: 30
1704594714 3
1704594730 5
1704594746 5
1704594762 2
1704594778 34
1704594794 15
1704594810 12
1704594826 7
1704594842 12
1704594858 13
1704594874 11
1704594890 3
1704594906 6
1704594922 5
1704594938 6
1704594954 3
1704594970 8
1704594986 12
1704595002 6
1704595018 3
1704595034 6
1704595050 12
1704595066 2
1704595082 1
1704595098 9
1704595114 14
1704595130 10
1704595146 8
1704595162 13
1704595178 13
1704595194 5
1704595210 6
1704595226 19
1704595242 10
1704595258 7
1704595274 11
1704595290 10
1704595306 5



# Sketch: 31
1704594714 6
1704594730 10
1704594746 8
1704594762 2
1704594778 13
1704594794 12
1704594810 15
1704594826 10
1704594842 19
1704594858 11
1704594874 6
1704594890 15
1704594906 8
1704594922 16
1704594938 9
1704594954 4
1704594970 12
1704594986 6
1704595002 25
1704595018 18
1704595034 7
1704595050 11
1704595066 7
1704595082 21
1704595098 18
1704595114 5
1704595130 16
1704595146 14
1704595162 20
1704595178 7
1704595194 15
1704595210 30
1704595226 14
1704595242 11
1704595258 17
1704595274 17
1704595290 13
1704595306 14

