

# Sketch: 0
1704594714 44
1704594842 83
1704594970 101
1704595098 120
1704595226 85



# Sketch: 1
1704594714 42
1704594842 93
1704594970 48
1704595098 104
1704595226 50



# Sketch: 2
1704594714 115
1704594842 86
1704594970 95
1704595098 110
1704595226 61



# Sketch: 3
1704594714 51
1704594842 73
1704594970 59
1704595098 120
1704595226 65



# Sketch: 4
1704594714 53
1704594842 66
1704594970 50
1704595098 114
1704595226 71



# Sketch: 5
1704594714 71
1704594842 76
1704594970 47
1704595098 107
1704595226 50



# Sketch: 6
1704594714 81
1704594842 45
1704594970 52
1704595098 134
1704595226 63



# Sketch: 7
1704594714 45
1704594842 38
1704594970 52
1704595098 92
1704595226 70



# Sketch: 8
1704594714 84
1704594842 73
1704594970 74
1704595098 100
1704595226 59



# Sketch: 9
1704594714 38
1704594842 56
1704594970 81
1704595098 140
1704595226 69



# Sketch: 10
1704594714 101
1704594842 96
1704594970 82
1704595098 118
1704595226 89



# Sketch: 11
1704594714 65
1704594842 66
1704594970 83
1704595098 159
1704595226 70



# Sketch: 12
1704594714 61
1704594842 66
1704594970 74
1704595098 90
1704595226 66



# Sketch: 13
1704594714 91
1704594842 92
1704594970 95
1704595098 137
1704595226 101



# Sketch: 14
1704594714 51
1704594842 114
1704594970 69
1704595098 117
1704595226 67



# Sketch: 15
1704594714 54
1704594842 69
1704594970 44
1704595098 145
1704595226 71



# Sketch: 16
1704594714 73
1704594842 73
1704594970 44
1704595098 105
1704595226 48



# Sketch: 17
1704594714 55
1704594842 52
1704594970 83
1704595098 101
1704595226 63



# Sketch: 18
1704594714 57
1704594842 49
1704594970 47
1704595098 92
1704595226 67



# Sketch: 19
1704594714 69
1704594842 72
1704594970 67
1704595098 132
1704595226 52



# Sketch: 20
1704594714 65
1704594842 45
1704594970 55
1704595098 91
1704595226 62



# Sketch: 21
1704594714 82
1704594842 70
1704594970 71
1704595098 120
1704595226 72



# Sketch: 22
1704594714 75
1704594842 79
1704594970 78
1704595098 77
1704595226 69



# Sketch: 23
1704594714 81
1704594842 97
1704594970 58
1704595098 88
1704595226 84



# Sketch: 24
1704594714 197
1704594842 124
1704594970 102
1704595098 123
1704595226 93



# Sketch: 25
1704594714 82
1704594842 96
1704594970 87
1704595098 99
1704595226 75



# Sketch: 26
1704594714 85
1704594842 95
1704594970 82
1704595098 134
1704595226 83



# Sketch: 27
1704594714 59
1704594842 60
1704594970 86
1704595098 144
1704595226 63



# Sketch: 28
1704594714 66
1704594842 46
1704594970 71
1704595098 97
1704595226 147



# Sketch: 29
1704594714 47
1704594842 47
1704594970 64
1704595098 90
1704595226 66



# Sketch: 30
1704594714 49
1704594842 59
1704594970 71
1704595098 112
1704595226 82



# Sketch: 31
1704594714 46
1704594842 61
1704594970 28
1704595098 109
1704595226 28

