

# Sketch: 0
1704595314 98
1704595442 78
1704595570 91
1704595698 58
1704595826 49



# Sketch: 1
1704595314 79
1704595442 123
1704595570 63
1704595698 90
1704595826 24



# Sketch: 2
1704595314 89
1704595442 116
1704595570 72
1704595698 59
1704595826 34



# Sketch: 3
1704595314 84
1704595442 62
1704595570 72
1704595698 46
1704595826 52



# Sketch: 4
1704595314 97
1704595442 125
1704595570 76
1704595698 49
1704595826 54



# Sketch: 5
1704595314 129
1704595442 176
1704595570 147
1704595698 100
1704595826 55



# Sketch: 6
1704595314 96
1704595442 76
1704595570 97
1704595698 53
1704595826 51



# Sketch: 7
1704595314 81
1704595442 102
1704595570 84
1704595698 71
1704595826 40



# Sketch: 8
1704595314 101
1704595442 135
1704595570 134
1704595698 74
1704595826 54



# Sketch: 9
1704595314 85
1704595442 148
1704595570 140
1704595698 66
1704595826 41



# Sketch: 10
1704595314 107
1704595442 136
1704595570 71
1704595698 102
1704595826 62



# Sketch: 11
1704595314 81
1704595442 75
1704595570 63
1704595698 49
1704595826 31



# Sketch: 12
1704595314 84
1704595442 94
1704595570 115
1704595698 56
1704595826 36



# Sketch: 13
1704595314 88
1704595442 77
1704595570 65
1704595698 47
1704595826 35



# Sketch: 14
1704595314 113
1704595442 123
1704595570 113
1704595698 55
1704595826 56



# Sketch: 15
1704595314 94
1704595442 75
1704595570 79
1704595698 64
1704595826 26



# Sketch: 16
1704595314 112
1704595442 141
1704595570 107
1704595698 67
1704595826 69



# Sketch: 17
1704595314 64
1704595442 131
1704595570 79
1704595698 57
1704595826 25



# Sketch: 18
1704595314 55
1704595442 90
1704595570 115
1704595698 46
1704595826 51



# Sketch: 19
1704595314 108
1704595442 126
1704595570 95
1704595698 62
1704595826 39



# Sketch: 20
1704595314 126
1704595442 134
1704595570 132
1704595698 107
1704595826 54



# Sketch: 21
1704595314 90
1704595442 136
1704595570 102
1704595698 81
1704595826 47



# Sketch: 22
1704595314 105
1704595442 124
1704595570 127
1704595698 60
1704595826 47



# Sketch: 23
1704595314 80
1704595442 89
1704595570 72
1704595698 76
1704595826 34



# Sketch: 24
1704595314 100
1704595442 98
1704595570 93
1704595698 69
1704595826 53



# Sketch: 25
1704595314 98
1704595442 78
1704595570 60
1704595698 55
1704595826 63



# Sketch: 26
1704595314 92
1704595442 124
1704595570 80
1704595698 70
1704595826 36



# Sketch: 27
1704595314 75
1704595442 79
1704595570 91
1704595698 102
1704595826 38



# Sketch: 28
1704595314 85
1704595442 111
1704595570 89
1704595698 54
1704595826 29



# Sketch: 29
1704595314 121
1704595442 76
1704595570 88
1704595698 49
1704595826 20



# Sketch: 30
1704595314 86
1704595442 116
1704595570 82
1704595698 60
1704595826 47



# Sketch: 31
1704595314 110
1704595442 99
1704595570 73
1704595698 54
1704595826 50

