

# Sketch: 0
1704595314 37
1704595378 39
1704595442 54
1704595506 43
1704595570 37
1704595634 50
1704595698 44
1704595762 19
1704595826 22
1704595890 19



# Sketch: 1
1704595314 42
1704595378 53
1704595442 56
1704595506 60
1704595570 47
1704595634 29
1704595698 20
1704595762 35
1704595826 23
1704595890 12



# Sketch: 2
1704595314 88
1704595378 39
1704595442 76
1704595506 35
1704595570 41
1704595634 51
1704595698 22
1704595762 42
1704595826 36
1704595890 17



# Sketch: 3
1704595314 57
1704595378 48
1704595442 38
1704595506 62
1704595570 78
1704595634 47
1704595698 45
1704595762 46
1704595826 47
1704595890 8



# Sketch: 4
1704595314 47
1704595378 46
1704595442 44
1704595506 40
1704595570 63
1704595634 49
1704595698 30
1704595762 32
1704595826 31
1704595890 9



# Sketch: 5
1704595314 60
1704595378 23
1704595442 72
1704595506 45
1704595570 32
1704595634 33
1704595698 26
1704595762 45
1704595826 29
1704595890 9



# Sketch: 6
1704595314 37
1704595378 29
1704595442 51
1704595506 96
1704595570 46
1704595634 38
1704595698 31
1704595762 36
1704595826 44
1704595890 8



# Sketch: 7
1704595314 43
1704595378 33
1704595442 69
1704595506 49
1704595570 33
1704595634 25
1704595698 34
1704595762 27
1704595826 23
1704595890 16



# Sketch: 8
1704595314 45
1704595378 33
1704595442 41
1704595506 39
1704595570 52
1704595634 34
1704595698 13
1704595762 25
1704595826 17
1704595890 10



# Sketch: 9
1704595314 45
1704595378 39
1704595442 87
1704595506 47
1704595570 49
1704595634 40
1704595698 37
1704595762 33
1704595826 34
1704595890 6



# Sketch: 10
1704595314 78
1704595378 46
1704595442 30
1704595506 23
1704595570 22
1704595634 47
1704595698 22
1704595762 19
1704595826 8
1704595890 11



# Sketch: 11
1704595314 36
1704595378 58
1704595442 39
1704595506 34
1704595570 48
1704595634 41
1704595698 20
1704595762 59
1704595826 22
1704595890 23



# Sketch: 12
1704595314 58
1704595378 58
1704595442 69
1704595506 69
1704595570 54
1704595634 46
1704595698 16
1704595762 32
1704595826 39
1704595890 17



# Sketch: 13
1704595314 34
1704595378 39
1704595442 54
1704595506 42
1704595570 43
1704595634 45
1704595698 30
1704595762 32
1704595826 31
1704595890 8



# Sketch: 14
1704595314 64
1704595378 56
1704595442 72
1704595506 70
1704595570 61
1704595634 47
1704595698 32
1704595762 37
1704595826 27
1704595890 12



# Sketch: 15
1704595314 29
1704595378 66
1704595442 58
1704595506 34
1704595570 31
1704595634 76
1704595698 30
1704595762 29
1704595826 21
1704595890 14



# Sketch: 16
1704595314 50
1704595378 45
1704595442 65
1704595506 52
1704595570 64
1704595634 60
1704595698 38
1704595762 41
1704595826 18
1704595890 13



# Sketch: 17
1704595314 56
1704595378 29
1704595442 50
1704595506 54
1704595570 59
1704595634 26
1704595698 28
1704595762 29
1704595826 27
1704595890 16



# Sketch: 18
1704595314 43
1704595378 49
1704595442 57
1704595506 71
1704595570 43
1704595634 26
1704595698 15
1704595762 35
1704595826 36
1704595890 10



# Sketch: 19
1704595314 39
1704595378 32
1704595442 69
1704595506 32
1704595570 40
1704595634 41
1704595698 26
1704595762 43
1704595826 29
1704595890 14



# Sketch: 20
1704595314 58
1704595378 48
1704595442 41
1704595506 23
1704595570 65
1704595634 41
1704595698 26
1704595762 53
1704595826 28
1704595890 18



# Sketch: 21
1704595314 36
1704595378 30
1704595442 48
1704595506 50
1704595570 26
1704595634 32
1704595698 37
1704595762 36
1704595826 23
1704595890 7



# Sketch: 22
1704595314 73
1704595378 42
1704595442 81
1704595506 47
1704595570 33
1704595634 46
1704595698 21
1704595762 42
1704595826 29
1704595890 14



# Sketch: 23
1704595314 39
1704595378 37
1704595442 43
1704595506 35
1704595570 31
1704595634 31
1704595698 33
1704595762 24
1704595826 22
1704595890 17



# Sketch: 24
1704595314 43
1704595378 49
1704595442 68
1704595506 55
1704595570 39
1704595634 63
1704595698 23
1704595762 26
1704595826 37
1704595890 11



# Sketch: 25
1704595314 30
1704595378 45
1704595442 53
1704595506 69
1704595570 45
1704595634 49
1704595698 17
1704595762 48
1704595826 23
1704595890 16



# Sketch: 26
1704595314 31
1704595378 43
1704595442 44
1704595506 46
1704595570 37
1704595634 34
1704595698 19
1704595762 36
1704595826 21
1704595890 6



# Sketch: 27
1704595314 59
1704595378 78
1704595442 83
1704595506 47
1704595570 83
1704595634 52
1704595698 41
1704595762 54
1704595826 42
1704595890 13



# Sketch: 28
1704595314 64
1704595378 34
1704595442 55
1704595506 34
1704595570 49
1704595634 41
1704595698 30
1704595762 69
1704595826 26
1704595890 12



# Sketch: 29
1704595314 71
1704595378 63
1704595442 100
1704595506 75
1704595570 64
1704595634 49
1704595698 38
1704595762 38
1704595826 48
1704595890 15



# Sketch: 30
1704595314 48
1704595378 32
1704595442 34
1704595506 48
1704595570 57
1704595634 28
1704595698 40
1704595762 21
1704595826 49
1704595890 5



# Sketch: 31
1704595314 46
1704595378 66
1704595442 56
1704595506 90
1704595570 117
1704595634 61
1704595698 38
1704595762 43
1704595826 51
1704595890 53

