

# Sketch: 0
1704595314 79
1704595378 55
1704595442 43
1704595506 33
1704595570 51
1704595634 33
1704595698 47
1704595762 26
1704595826 28
1704595890 7



# Sketch: 1
1704595314 62
1704595378 73
1704595442 55
1704595506 98
1704595570 61
1704595634 38
1704595698 32
1704595762 55
1704595826 26
1704595890 17



# Sketch: 2
1704595314 45
1704595378 35
1704595442 48
1704595506 42
1704595570 42
1704595634 60
1704595698 28
1704595762 28
1704595826 38
1704595890 17



# Sketch: 3
1704595314 23
1704595378 39
1704595442 91
1704595506 37
1704595570 34
1704595634 35
1704595698 14
1704595762 48
1704595826 30
1704595890 9



# Sketch: 4
1704595314 34
1704595378 26
1704595442 32
1704595506 30
1704595570 23
1704595634 35
1704595698 24
1704595762 30
1704595826 40
1704595890 22



# Sketch: 5
1704595314 47
1704595378 38
1704595442 43
1704595506 36
1704595570 61
1704595634 41
1704595698 33
1704595762 39
1704595826 21
1704595890 7



# Sketch: 6
1704595314 45
1704595378 51
1704595442 46
1704595506 34
1704595570 24
1704595634 28
1704595698 24
1704595762 27
1704595826 24
1704595890 11



# Sketch: 7
1704595314 46
1704595378 65
1704595442 50
1704595506 43
1704595570 46
1704595634 48
1704595698 12
1704595762 41
1704595826 41
1704595890 46



# Sketch: 8
1704595314 38
1704595378 56
1704595442 56
1704595506 28
1704595570 52
1704595634 53
1704595698 27
1704595762 53
1704595826 20
1704595890 11



# Sketch: 9
1704595314 46
1704595378 50
1704595442 75
1704595506 39
1704595570 40
1704595634 45
1704595698 36
1704595762 38
1704595826 34
1704595890 5



# Sketch: 10
1704595314 51
1704595378 44
1704595442 71
1704595506 57
1704595570 59
1704595634 25
1704595698 32
1704595762 32
1704595826 17
1704595890 14



# Sketch: 11
1704595314 41
1704595378 27
1704595442 72
1704595506 46
1704595570 41
1704595634 30
1704595698 27
1704595762 31
1704595826 23
1704595890 11



# Sketch: 12
1704595314 52
1704595378 27
1704595442 58
1704595506 66
1704595570 35
1704595634 45
1704595698 30
1704595762 31
1704595826 29
1704595890 16



# Sketch: 13
1704595314 41
1704595378 38
1704595442 51
1704595506 46
1704595570 38
1704595634 38
1704595698 29
1704595762 57
1704595826 46
1704595890 5



# Sketch: 14
1704595314 51
1704595378 72
1704595442 99
1704595506 95
1704595570 91
1704595634 71
1704595698 34
1704595762 56
1704595826 43
1704595890 22



# Sketch: 15
1704595314 52
1704595378 48
1704595442 63
1704595506 63
1704595570 38
1704595634 48
1704595698 37
1704595762 30
1704595826 33
1704595890 19



# Sketch: 16
1704595314 80
1704595378 40
1704595442 49
1704595506 47
1704595570 77
1704595634 49
1704595698 21
1704595762 29
1704595826 23
1704595890 11



# Sketch: 17
1704595314 46
1704595378 46
1704595442 58
1704595506 38
1704595570 54
1704595634 41
1704595698 40
1704595762 43
1704595826 31
1704595890 6



# Sketch: 18
1704595314 29
1704595378 48
1704595442 86
1704595506 75
1704595570 105
1704595634 38
1704595698 39
1704595762 27
1704595826 35
1704595890 12



# Sketch: 19
1704595314 39
1704595378 22
1704595442 40
1704595506 43
1704595570 36
1704595634 36
1704595698 24
1704595762 18
1704595826 33
1704595890 23



# Sketch: 20
1704595314 60
1704595378 59
1704595442 31
1704595506 53
1704595570 52
1704595634 55
1704595698 29
1704595762 34
1704595826 21
1704595890 8



# Sketch: 21
1704595314 43
1704595378 28
1704595442 66
1704595506 52
1704595570 39
1704595634 37
1704595698 27
1704595762 37
1704595826 28
1704595890 11



# Sketch: 22
1704595314 32
1704595378 48
1704595442 50
1704595506 74
1704595570 80
1704595634 104
1704595698 35
1704595762 43
1704595826 38
1704595890 19



# Sketch: 23
1704595314 55
1704595378 25
1704595442 38
1704595506 29
1704595570 41
1704595634 42
1704595698 24
1704595762 24
1704595826 18
1704595890 13



# Sketch: 24
1704595314 67
1704595378 44
1704595442 45
1704595506 98
1704595570 42
1704595634 21
1704595698 17
1704595762 29
1704595826 29
1704595890 16



# Sketch: 25
1704595314 51
1704595378 51
1704595442 49
1704595506 39
1704595570 27
1704595634 46
1704595698 33
1704595762 40
1704595826 28
1704595890 20



# Sketch: 26
1704595314 67
1704595378 38
1704595442 40
1704595506 45
1704595570 46
1704595634 42
1704595698 29
1704595762 26
1704595826 31
1704595890 9



# Sketch: 27
1704595314 31
1704595378 30
1704595442 62
1704595506 37
1704595570 58
1704595634 31
1704595698 26
1704595762 31
1704595826 22
1704595890 4



# Sketch: 28
1704595314 55
1704595378 54
1704595442 75
1704595506 50
1704595570 45
1704595634 36
1704595698 33
1704595762 59
1704595826 35
1704595890 13



# Sketch: 29
1704595314 53
1704595378 57
1704595442 76
1704595506 48
1704595570 47
1704595634 30
1704595698 23
1704595762 42
1704595826 27
1704595890 7



# Sketch: 30
1704595314 55
1704595378 54
1704595442 92
1704595506 50
1704595570 56
1704595634 54
1704595698 31
1704595762 49
1704595826 39
1704595890 15



# Sketch: 31
1704595314 70
1704595378 39
1704595442 47
1704595506 45
1704595570 48
1704595634 43
1704595698 25
1704595762 33
1704595826 32
1704595890 13

