

# Sketch: 0
1704595314 53
1704595378 32
1704595442 50
1704595506 29
1704595570 45
1704595634 23
1704595698 31
1704595762 40
1704595826 24
1704595890 11



# Sketch: 1
1704595314 49
1704595378 45
1704595442 56
1704595506 43
1704595570 26
1704595634 30
1704595698 17
1704595762 26
1704595826 53
1704595890 6



# Sketch: 2
1704595314 29
1704595378 42
1704595442 56
1704595506 37
1704595570 45
1704595634 29
1704595698 35
1704595762 29
1704595826 36
1704595890 9



# Sketch: 3
1704595314 57
1704595378 53
1704595442 55
1704595506 46
1704595570 46
1704595634 38
1704595698 40
1704595762 52
1704595826 34
1704595890 32



# Sketch: 4
1704595314 45
1704595378 44
1704595442 48
1704595506 43
1704595570 73
1704595634 25
1704595698 43
1704595762 35
1704595826 37
1704595890 16



# Sketch: 5
1704595314 49
1704595378 46
1704595442 59
1704595506 48
1704595570 35
1704595634 61
1704595698 37
1704595762 36
1704595826 21
1704595890 10



# Sketch: 6
1704595314 52
1704595378 54
1704595442 61
1704595506 63
1704595570 48
1704595634 43
1704595698 26
1704595762 54
1704595826 30
1704595890 11



# Sketch: 7
1704595314 52
1704595378 46
1704595442 46
1704595506 58
1704595570 45
1704595634 63
1704595698 35
1704595762 24
1704595826 20
1704595890 7



# Sketch: 8
1704595314 38
1704595378 46
1704595442 63
1704595506 46
1704595570 39
1704595634 40
1704595698 22
1704595762 36
1704595826 26
1704595890 8



# Sketch: 9
1704595314 74
1704595378 66
1704595442 93
1704595506 50
1704595570 57
1704595634 29
1704595698 37
1704595762 41
1704595826 31
1704595890 8



# Sketch: 10
1704595314 49
1704595378 33
1704595442 65
1704595506 33
1704595570 28
1704595634 45
1704595698 35
1704595762 30
1704595826 13
1704595890 21



# Sketch: 11
1704595314 72
1704595378 40
1704595442 64
1704595506 74
1704595570 45
1704595634 50
1704595698 29
1704595762 31
1704595826 38
1704595890 27



# Sketch: 12
1704595314 35
1704595378 41
1704595442 51
1704595506 30
1704595570 34
1704595634 75
1704595698 38
1704595762 45
1704595826 25
1704595890 13



# Sketch: 13
1704595314 68
1704595378 51
1704595442 60
1704595506 49
1704595570 34
1704595634 37
1704595698 24
1704595762 21
1704595826 31
1704595890 21



# Sketch: 14
1704595314 36
1704595378 58
1704595442 57
1704595506 125
1704595570 69
1704595634 52
1704595698 25
1704595762 37
1704595826 34
1704595890 21



# Sketch: 15
1704595314 46
1704595378 32
1704595442 41
1704595506 73
1704595570 36
1704595634 34
1704595698 21
1704595762 25
1704595826 25
1704595890 17



# Sketch: 16
1704595314 47
1704595378 26
1704595442 63
1704595506 43
1704595570 90
1704595634 52
1704595698 23
1704595762 22
1704595826 21
1704595890 5



# Sketch: 17
1704595314 42
1704595378 28
1704595442 75
1704595506 54
1704595570 42
1704595634 41
1704595698 21
1704595762 50
1704595826 28
1704595890 13



# Sketch: 18
1704595314 53
1704595378 50
1704595442 59
1704595506 43
1704595570 70
1704595634 27
1704595698 25
1704595762 43
1704595826 37
1704595890 14



# Sketch: 19
1704595314 49
1704595378 50
1704595442 55
1704595506 77
1704595570 41
1704595634 33
1704595698 26
1704595762 67
1704595826 41
1704595890 16



# Sketch: 20
1704595314 34
1704595378 47
1704595442 41
1704595506 30
1704595570 40
1704595634 33
1704595698 21
1704595762 26
1704595826 49
1704595890 9



# Sketch: 21
1704595314 52
1704595378 30
1704595442 36
1704595506 30
1704595570 49
1704595634 34
1704595698 21
1704595762 34
1704595826 18
1704595890 14



# Sketch: 22
1704595314 68
1704595378 78
1704595442 69
1704595506 73
1704595570 107
1704595634 73
1704595698 33
1704595762 36
1704595826 41
1704595890 16



# Sketch: 23
1704595314 39
1704595378 41
1704595442 50
1704595506 67
1704595570 49
1704595634 48
1704595698 37
1704595762 21
1704595826 27
1704595890 13



# Sketch: 24
1704595314 36
1704595378 59
1704595442 66
1704595506 54
1704595570 45
1704595634 51
1704595698 21
1704595762 46
1704595826 21
1704595890 5



# Sketch: 25
1704595314 70
1704595378 66
1704595442 81
1704595506 81
1704595570 107
1704595634 66
1704595698 44
1704595762 55
1704595826 41
1704595890 30



# Sketch: 26
1704595314 57
1704595378 50
1704595442 52
1704595506 38
1704595570 33
1704595634 35
1704595698 32
1704595762 44
1704595826 28
1704595890 14



# Sketch: 27
1704595314 26
1704595378 45
1704595442 36
1704595506 35
1704595570 42
1704595634 33
1704595698 19
1704595762 39
1704595826 21
1704595890 20



# Sketch: 28
1704595314 75
1704595378 22
1704595442 60
1704595506 40
1704595570 43
1704595634 30
1704595698 18
1704595762 39
1704595826 22
1704595890 10



# Sketch: 29
1704595314 60
1704595378 37
1704595442 43
1704595506 34
1704595570 54
1704595634 52
1704595698 29
1704595762 29
1704595826 42
1704595890 12



# Sketch: 30
1704595314 33
1704595378 31
1704595442 69
1704595506 33
1704595570 40
1704595634 45
1704595698 29
1704595762 26
1704595826 26
1704595890 6



# Sketch: 31
1704595314 41
1704595378 38
1704595442 77
1704595506 37
1704595570 32
1704595634 51
1704595698 28
1704595762 47
1704595826 22
1704595890 4

