

# Sketch: 0
1704562914 52
1704563042 56
1704563170 61
1704563298 71
1704563426 27



# Sketch: 1
1704562914 53
1704563042 66
1704563170 64
1704563298 59
1704563426 35



# Sketch: 2
1704562914 75
1704563042 93
1704563170 120
1704563298 79
1704563426 62



# Sketch: 3
1704562914 48
1704563042 55
1704563170 72
1704563298 41
1704563426 26



# Sketch: 4
1704562914 53
1704563042 76
1704563170 61
1704563298 73
1704563426 52



# Sketch: 5
1704562914 71
1704563042 83
1704563170 80
1704563298 54
1704563426 88



# Sketch: 6
1704562914 73
1704563042 86
1704563170 94
1704563298 57
1704563426 42



# Sketch: 7
1704562914 86
1704563042 79
1704563170 97
1704563298 49
1704563426 44



# Sketch: 8
1704562914 81
1704563042 153
1704563170 125
1704563298 92
1704563426 46



# Sketch: 9
1704562914 61
1704563042 52
1704563170 71
1704563298 56
1704563426 67



# Sketch: 10
1704562914 83
1704563042 75
1704563170 63
1704563298 50
1704563426 49



# Sketch: 11
1704562914 53
1704563042 64
1704563170 84
1704563298 62
1704563426 45



# Sketch: 12
1704562914 61
1704563042 61
1704563170 98
1704563298 75
1704563426 21



# Sketch: 13
1704562914 84
1704563042 122
1704563170 103
1704563298 63
1704563426 40



# Sketch: 14
1704562914 74
1704563042 78
1704563170 70
1704563298 61
1704563426 49



# Sketch: 15
1704562914 82
1704563042 60
1704563170 85
1704563298 59
1704563426 46



# Sketch: 16
1704562914 75
1704563042 85
1704563170 54
1704563298 68
1704563426 39



# Sketch: 17
1704562914 75
1704563042 71
1704563170 65
1704563298 77
1704563426 46



# Sketch: 18
1704562914 72
1704563042 76
1704563170 82
1704563298 65
1704563426 69



# Sketch: 19
1704562914 91
1704563042 65
1704563170 79
1704563298 94
1704563426 34



# Sketch: 20
1704562914 79
1704563042 105
1704563170 72
1704563298 67
1704563426 47



# Sketch: 21
1704562914 66
1704563042 76
1704563170 75
1704563298 67
1704563426 49



# Sketch: 22
1704562914 45
1704563042 69
1704563170 52
1704563298 53
1704563426 18



# Sketch: 23
1704562914 71
1704563042 95
1704563170 102
1704563298 79
1704563426 62



# Sketch: 24
1704562914 73
1704563042 39
1704563170 68
1704563298 38
1704563426 35



# Sketch: 25
1704562914 72
1704563042 61
1704563170 56
1704563298 51
1704563426 37



# Sketch: 26
1704562914 62
1704563042 42
1704563170 62
1704563298 55
1704563426 37



# Sketch: 27
1704562914 69
1704563042 70
1704563170 65
1704563298 55
1704563426 54



# Sketch: 28
1704562914 81
1704563042 47
1704563170 73
1704563298 94
1704563426 44



# Sketch: 29
1704562914 53
1704563042 48
1704563170 61
1704563298 55
1704563426 47



# Sketch: 30
1704562914 65
1704563042 75
1704563170 73
1704563298 53
1704563426 34



# Sketch: 31
1704562914 58
1704563042 35
1704563170 59
1704563298 52
1704563426 28

