

# Sketch: 0
1704562914 11
1704562946 17
1704562978 11
1704563010 16
1704563042 21
1704563074 17
1704563106 19
1704563138 41
1704563170 28
1704563202 13
1704563234 16
1704563266 17
1704563298 16
1704563330 15
1704563362 13
1704563394 12
1704563426 9
1704563458 20
1704563490 8



# Sketch: 1
1704562914 24
1704562946 15
1704562978 39
1704563010 20
1704563042 40
1704563074 16
1704563106 17
1704563138 34
1704563170 27
1704563202 14
1704563234 18
1704563266 14
1704563298 11
1704563330 7
1704563362 41
1704563394 30
1704563426 20
1704563458 15
1704563490 15



# Sketch: 2
1704562914 14
1704562946 23
1704562978 10
1704563010 8
1704563042 16
1704563074 14
1704563106 6
1704563138 14
1704563170 12
1704563202 10
1704563234 11
1704563266 18
1704563298 20
1704563330 11
1704563362 14
1704563394 12
1704563426 18
1704563458 29
1704563490 8



# Sketch: 3
1704562914 15
1704562946 20
1704562978 19
1704563010 14
1704563042 16
1704563074 16
1704563106 9
1704563138 8
1704563170 23
1704563202 20
1704563234 29
1704563266 6
1704563298 14
1704563330 15
1704563362 8
1704563394 10
1704563426 21
1704563458 5
1704563490 12



# Sketch: 4
1704562914 21
1704562946 31
1704562978 20
1704563010 21
1704563042 17
1704563074 24
1704563106 17
1704563138 34
1704563170 15
1704563202 4
1704563234 28
1704563266 13
1704563298 8
1704563330 35
1704563362 7
1704563394 9
1704563426 15
1704563458 12
1704563490 27



# Sketch: 5
1704562914 11
1704562946 18
1704562978 15
1704563010 12
1704563042 17
1704563074 13
1704563106 18
1704563138 20
1704563170 12
1704563202 13
1704563234 9
1704563266 43
1704563298 18
1704563330 30
1704563362 19
1704563394 17
1704563426 7
1704563458 20
1704563490 11



# Sketch: 6
1704562914 10
1704562946 6
1704562978 23
1704563010 5
1704563042 10
1704563074 5
1704563106 6
1704563138 14
1704563170 31
1704563202 27
1704563234 24
1704563266 10
1704563298 7
1704563330 5
1704563362 12
1704563394 16
1704563426 11
1704563458 9
1704563490 5



# Sketch: 7
1704562914 8
1704562946 7
1704562978 29
1704563010 15
1704563042 17
1704563074 14
1704563106 6
1704563138 12
1704563170 23
1704563202 19
1704563234 10
1704563266 10
1704563298 11
1704563330 14
1704563362 8
1704563394 13
1704563426 11
1704563458 13
1704563490 7



# Sketch: 8
1704562914 15
1704562946 7
1704562978 8
1704563010 7
1704563042 17
1704563074 28
1704563106 24
1704563138 10
1704563170 21
1704563202 13
1704563234 14
1704563266 12
1704563298 8
1704563330 6
1704563362 12
1704563394 11
1704563426 13
1704563458 13
1704563490 11



# Sketch: 9
1704562914 18
1704562946 7
1704562978 26
1704563010 9
1704563042 22
1704563074 31
1704563106 13
1704563138 13
1704563170 14
1704563202 13
1704563234 13
1704563266 19
1704563298 7
1704563330 7
1704563362 8
1704563394 41
1704563426 22
1704563458 11
1704563490 5



# Sketch: 10
1704562914 20
1704562946 15
1704562978 37
1704563010 12
1704563042 16
1704563074 23
1704563106 21
1704563138 21
1704563170 14
1704563202 9
1704563234 7
1704563266 32
1704563298 21
1704563330 10
1704563362 11
1704563394 21
1704563426 14
1704563458 8
1704563490 20



# Sketch: 11
1704562914 17
1704562946 6
1704562978 16
1704563010 11
1704563042 16
1704563074 15
1704563106 15
1704563138 30
1704563170 28
1704563202 19
1704563234 9
1704563266 32
1704563298 23
1704563330 10
1704563362 10
1704563394 31
1704563426 10
1704563458 7
1704563490 6



# Sketch: 12
1704562914 7
1704562946 23
1704562978 8
1704563010 17
1704563042 25
1704563074 24
1704563106 14
1704563138 22
1704563170 32
1704563202 24
1704563234 6
1704563266 18
1704563298 12
1704563330 21
1704563362 19
1704563394 18
1704563426 11
1704563458 56
1704563490 6



# Sketch: 13
1704562914 20
1704562946 17
1704562978 14
1704563010 23
1704563042 16
1704563074 7
1704563106 9
1704563138 13
1704563170 13
1704563202 22
1704563234 14
1704563266 16
1704563298 19
1704563330 8
1704563362 15
1704563394 10
1704563426 15
1704563458 60
1704563490 7



# Sketch: 14
1704562914 19
1704562946 21
1704562978 22
1704563010 17
1704563042 10
1704563074 23
1704563106 9
1704563138 14
1704563170 14
1704563202 17
1704563234 10
1704563266 26
1704563298 27
1704563330 19
1704563362 10
1704563394 12
1704563426 10
1704563458 8
1704563490 7



# Sketch: 15
1704562914 22
1704562946 20
1704562978 25
1704563010 14
1704563042 18
1704563074 25
1704563106 10
1704563138 73
1704563170 24
1704563202 41
1704563234 17
1704563266 25
1704563298 44
1704563330 14
1704563362 18
1704563394 23
1704563426 19
1704563458 18
1704563490 8



# Sketch: 16
1704562914 34
1704562946 22
1704562978 27
1704563010 6
1704563042 36
1704563074 12
1704563106 22
1704563138 9
1704563170 25
1704563202 8
1704563234 14
1704563266 31
1704563298 17
1704563330 3
1704563362 26
1704563394 9
1704563426 19
1704563458 26
1704563490 11



# Sketch: 17
1704562914 31
1704562946 9
1704562978 28
1704563010 31
1704563042 14
1704563074 17
1704563106 6
1704563138 24
1704563170 22
1704563202 26
1704563234 22
1704563266 24
1704563298 19
1704563330 13
1704563362 16
1704563394 8
1704563426 16
1704563458 39
1704563490 7



# Sketch: 18
1704562914 15
1704562946 17
1704562978 20
1704563010 15
1704563042 18
1704563074 10
1704563106 16
1704563138 17
1704563170 25
1704563202 21
1704563234 14
1704563266 22
1704563298 19
1704563330 18
1704563362 13
1704563394 15
1704563426 8
1704563458 3
1704563490 14



# Sketch: 19
1704562914 18
1704562946 12
1704562978 13
1704563010 12
1704563042 10
1704563074 19
1704563106 14
1704563138 12
1704563170 23
1704563202 29
1704563234 31
1704563266 20
1704563298 15
1704563330 13
1704563362 21
1704563394 13
1704563426 11
1704563458 15
1704563490 17



# Sketch: 20
1704562914 24
1704562946 37
1704562978 22
1704563010 13
1704563042 43
1704563074 35
1704563106 13
1704563138 79
1704563170 59
1704563202 67
1704563234 16
1704563266 22
1704563298 29
1704563330 34
1704563362 14
1704563394 24
1704563426 35
1704563458 40
1704563490 9



# Sketch: 21
1704562914 15
1704562946 19
1704562978 19
1704563010 14
1704563042 12
1704563074 18
1704563106 28
1704563138 9
1704563170 10
1704563202 29
1704563234 15
1704563266 28
1704563298 17
1704563330 10
1704563362 27
1704563394 35
1704563426 25
1704563458 5
1704563490 13



# Sketch: 22
1704562914 2
1704562946 14
1704562978 10
1704563010 15
1704563042 15
1704563074 8
1704563106 21
1704563138 12
1704563170 8
1704563202 11
1704563234 8
1704563266 16
1704563298 11
1704563330 2
1704563362 11
1704563394 17
1704563426 18
1704563458 10
1704563490 19



# Sketch: 23
1704562914 40
1704562946 14
1704562978 13
1704563010 20
1704563042 39
1704563074 9
1704563106 15
1704563138 18
1704563170 20
1704563202 14
1704563234 14
1704563266 34
1704563298 17
1704563330 9
1704563362 15
1704563394 28
1704563426 20
1704563458 12
1704563490 22



# Sketch: 24
1704562914 30
1704562946 11
1704562978 17
1704563010 9
1704563042 18
1704563074 12
1704563106 25
1704563138 17
1704563170 27
1704563202 12
1704563234 15
1704563266 18
1704563298 17
1704563330 12
1704563362 5
1704563394 9
1704563426 11
1704563458 8
1704563490 11



# Sketch: 25
1704562914 17
1704562946 16
1704562978 13
1704563010 30
1704563042 9
1704563074 26
1704563106 12
1704563138 12
1704563170 30
1704563202 25
1704563234 17
1704563266 27
1704563298 14
1704563330 11
1704563362 17
1704563394 11
1704563426 24
1704563458 8
1704563490 10



# Sketch: 26
1704562914 14
1704562946 7
1704562978 14
1704563010 13
1704563042 21
1704563074 14
1704563106 10
1704563138 11
1704563170 15
1704563202 7
1704563234 8
1704563266 10
1704563298 14
1704563330 40
1704563362 20
1704563394 16
1704563426 13
1704563458 9
1704563490 13



# Sketch: 27
1704562914 16
1704562946 14
1704562978 31
1704563010 9
1704563042 19
1704563074 36
1704563106 16
1704563138 17
1704563170 20
1704563202 22
1704563234 17
1704563266 13
1704563298 15
1704563330 8
1704563362 13
1704563394 20
1704563426 21
1704563458 14
1704563490 10



# Sketch: 28
1704562914 10
1704562946 11
1704562978 21
1704563010 9
1704563042 14
1704563074 15
1704563106 10
1704563138 20
1704563170 20
1704563202 10
1704563234 6
1704563266 5
1704563298 11
1704563330 2
1704563362 13
1704563394 14
1704563426 13
1704563458 28
1704563490 14



# Sketch: 29
1704562914 26
1704562946 19
1704562978 8
1704563010 17
1704563042 11
1704563074 19
1704563106 12
1704563138 17
1704563170 19
1704563202 22
1704563234 23
1704563266 45
1704563298 15
1704563330 11
1704563362 11
1704563394 16
1704563426 13
1704563458 19
1704563490 4



# Sketch: 30
1704562914 24
1704562946 13
1704562978 10
1704563010 14
1704563042 25
1704563074 18
1704563106 18
1704563138 14
1704563170 36
1704563202 12
1704563234 14
1704563266 5
1704563298 16
1704563330 10
1704563362 11
1704563394 19
1704563426 18
1704563458 10
1704563490 6



# Sketch: 31
1704562914 41
1704562946 18
1704562978 23
1704563010 23
1704563042 9
1704563074 12
1704563106 7
1704563138 17
1704563170 27
1704563202 13
1704563234 10
1704563266 13
1704563298 15
1704563330 3
1704563362 46
1704563394 27
1704563426 16
1704563458 7
1704563490 12

