

# Sketch: 0
0 0.41245
1 0.419116
2 0.479651
3 0.522509
4 0.374347
5 0.575212
6 0.410185
7 0.409014



# Sketch: 1
0 0.388049
1 0.411562
2 0.39474
3 0.3603
4 0.465105
5 0.371203
6 0.372537
7 0.487606



# Sketch: 2
0 1.19404
1 1.10577
2 1.00743
3 0.878678
4 0.390266
5 0.143371
6 0.448563
7 0.261109



# Sketch: 3
0 1.58545
1 1.54512
2 1.4704
3 0.921782
4 0.833668
5 1.04301
6 1.77836
7 1.95865



# Sketch: 4
0 0.357935
1 0.116388
2 0.210525
3 0.457465
4 0.531307
5 0.382597
6 0.251103
7 0.741289



# Sketch: 5
0 0.209029
1 0.211009
2 0.270994
3 0.296679
4 0.402588
5 0.323746
6 0.285742
7 0.420201



# Sketch: 6
0 1.0994
1 1.02191
2 1.05862
3 0.874413
4 0.84433
5 0.658935
6 0.792588
7 0.640346



# Sketch: 7
0 1.73674
1 1.41688
2 1.41666
3 0.939856
4 0.969651
5 0.666671
6 0.994542
7 0.441681



# Sketch: 8
0 0.398998
1 0.431069
2 0.365293
3 0.357792
4 0.330345
5 0.364269
6 0.363239
7 0.696459



# Sketch: 9
0 0.488309
1 0.441851
2 0.536621
3 0.580842
4 0.441211
5 0.438037
6 0.439038
7 0.381161



# Sketch: 10
0 1.21844
1 1.19001
2 1.22242
3 1.09459
4 0.901817
5 0.442738
6 0.402455
7 0.773434



# Sketch: 11
0 0.733716
1 0.735869
2 0.418719
3 0.15093
4 0.176162
5 0.217668
6 0.214044
7 0.731935



# Sketch: 12
0 0.692037
1 0.831794
2 0.727206
3 0.295435
4 0.19424
5 0.171356
6 0.311745
7 0.249384



# Sketch: 13
0 1.22515
1 0.750051
2 0.349817
3 0.419552
4 0.118854
5 0.0129699
6 1.39022
7 2.60278



# Sketch: 14
0 0.106351
1 0.211849
2 0.277419
3 0.0789096
4 0.193151
5 0.391866
6 0.467683
7 0.660287



# Sketch: 15
0 0.894998
1 0.898073
2 0.886978
3 0.817661
4 0.643415
5 0.55652
6 1.91762
7 3.04062



# Sketch: 16
0 1.71807
1 1.73693
2 1.69142
3 1.36491
4 1.27397
5 1.53844
6 1.00938
7 0.978011



# Sketch: 17
0 0.118717
1 0.414185
2 0.273434
3 0.28781
4 0.18041
5 0.212294
6 0.294776
7 0.416828



# Sketch: 18
0 1.13742
1 1.02077
2 1.12128
3 0.956294
4 0.899709
5 0.793047
6 0.800475
7 0.658978



# Sketch: 19
0 0.981436
1 1.20928
2 1.39629
3 1.33137
4 1.39782
5 1.32896
6 0.573398
7 0.600517



# Sketch: 20
0 0.467799
1 0.498519
2 0.563371
3 0.752053
4 0.638073
5 0.580827
6 0.460158
7 0.365341



# Sketch: 21
0 0.767597
1 0.804069
2 0.746198
3 0.810386
4 0.566327
5 0.581475
6 0.681268
7 0.840712



# Sketch: 22
0 0.444673
1 0.694881
2 0.640985
3 0.686051
4 1.26256
5 1.30058
6 0.454997
7 0.376013



# Sketch: 23
0 0.75531
1 0.7689
2 0.742476
3 0.695426
4 0.636394
5 0.626853
6 0.683491
7 0.48533



# Sketch: 24
0 0.962245
1 0.912507
2 0.879295
3 0.829757
4 0.798999
5 0.692703
6 0.646541
7 0.747267



# Sketch: 25
0 0.780566
1 0.996871
2 0.822827
3 0.656553
4 0.790457
5 0.741871
6 1.41465
7 2.43485



# Sketch: 26
0 0.599471
1 0.592072
2 0.623043
3 0.609672
4 0.511856
5 0.44845
6 0.565659
7 0.83625



# Sketch: 27
0 1.32952
1 1.48698
2 1.19318
3 1.15546
4 0.524284
5 0.375382
6 0.155055
7 0.540783



# Sketch: 28
0 0.53231
1 0.537007
2 0.536532
3 0.489448
4 0.438484
5 0.417479
6 0.776184
7 0.427466



# Sketch: 29
0 1.23518
1 0.998145
2 0.983669
3 0.806646
4 0.681713
5 0.543545
6 0.780687
7 0.28106



# Sketch: 30
0 0.481756
1 0.502345
2 0.617673
3 0.564469
4 0.577739
5 0.76833
6 0.606736
7 0.83383



# Sketch: 31
0 0.943268
1 0.963175
2 1.03494
3 0.985116
4 0.62729
5 0.657197
6 0.444261
7 0.271066

