

# Sketch: 0
1704562914 15
1704562930 4
1704562946 12
1704562962 6
1704562978 9
1704562994 14
1704563010 6
1704563026 7
1704563042 12
1704563058 10
1704563074 1
1704563090 20
1704563106 14
1704563122 3
1704563138 6
1704563154 11
1704563170 9
1704563186 16
1704563202 7
1704563218 8
1704563234 3
1704563250 7
1704563266 5
1704563282 11
1704563298 5
1704563314 10
1704563330 3
1704563346 4
1704563362 3
1704563378 6
1704563394 7
1704563410 8
1704563426 5
1704563442 2
1704563458 5
1704563474 8
1704563490 0
1704563506 8



# Sketch: 1
1704562914 3
1704562930 4
1704562946 10
1704562962 9
1704562978 7
1704562994 6
1704563010 6
1704563026 11
1704563042 8
1704563058 6
1704563074 5
1704563090 16
1704563106 8
1704563122 3
1704563138 6
1704563154 23
1704563170 15
1704563186 5
1704563202 8
1704563218 10
1704563234 6
1704563250 10
1704563266 9
1704563282 14
1704563298 4
1704563314 6
1704563330 2
1704563346 3
1704563362 7
1704563378 5
1704563394 7
1704563410 12
1704563426 10
1704563442 6
1704563458 9
1704563474 10
1704563490 6
1704563506 2



# Sketch: 2
1704562914 10
1704562930 15
1704562946 7
1704562962 15
1704562978 4
1704562994 9
1704563010 7
1704563026 5
1704563042 13
1704563058 7
1704563074 6
1704563090 12
1704563106 5
1704563122 7
1704563138 7
1704563154 8
1704563170 6
1704563186 8
1704563202 6
1704563218 14
1704563234 5
1704563250 7
1704563266 4
1704563282 8
1704563298 10
1704563314 4
1704563330 5
1704563346 21
1704563362 19
1704563378 7
1704563394 24
1704563410 18
1704563426 16
1704563442 6
1704563458 14
1704563474 12
1704563490 11
1704563506 1



# Sketch: 3
1704562914 16
1704562930 19
1704562946 11
1704562962 11
1704562978 1
1704562994 19
1704563010 7
1704563026 2
1704563042 18
1704563058 11
1704563074 9
1704563090 14
1704563106 3
1704563122 12
1704563138 21
1704563154 36
1704563170 24
1704563186 17
1704563202 37
1704563218 12
1704563234 15
1704563250 14
1704563266 15
1704563282 19
1704563298 26
1704563314 10
1704563330 17
1704563346 9
1704563362 4
1704563378 3
1704563394 6
1704563410 16
1704563426 13
1704563442 11
1704563458 15
1704563474 8
1704563490 5
1704563506 1



# Sketch: 4
1704562914 10
1704562930 8
1704562946 6
1704562962 1
1704562978 11
1704562994 31
1704563010 3
1704563026 6
1704563042 30
1704563058 5
1704563074 3
1704563090 11
1704563106 11
1704563122 4
1704563138 9
1704563154 4
1704563170 12
1704563186 9
1704563202 7
1704563218 7
1704563234 3
1704563250 16
1704563266 5
1704563282 9
1704563298 9
1704563314 7
1704563330 1
1704563346 6
1704563362 5
1704563378 14
1704563394 6
1704563410 11
1704563426 20
1704563442 5
1704563458 3
1704563474 9
1704563490 6
1704563506 7



# Sketch: 5
1704562914 5
1704562930 7
1704562946 9
1704562962 10
1704562978 6
1704562994 8
1704563010 9
1704563026 12
1704563042 6
1704563058 16
1704563074 22
1704563090 14
1704563106 11
1704563122 7
1704563138 6
1704563154 3
1704563170 11
1704563186 23
1704563202 7
1704563218 6
1704563234 4
1704563250 6
1704563266 6
1704563282 8
1704563298 7
1704563314 14
1704563330 5
1704563346 3
1704563362 3
1704563378 8
1704563394 11
1704563410 6
1704563426 7
1704563442 4
1704563458 6
1704563474 5
1704563490 10
1704563506 7



# Sketch: 6
1704562914 4
1704562930 11
1704562946 19
1704562962 4
1704562978 10
1704562994 4
1704563010 3
1704563026 3
1704563042 9
1704563058 5
1704563074 8
1704563090 4
1704563106 4
1704563122 3
1704563138 4
1704563154 8
1704563170 10
1704563186 2
1704563202 4
1704563218 8
1704563234 2
1704563250 4
1704563266 3
1704563282 12
1704563298 4
1704563314 4
1704563330 2
1704563346 11
1704563362 9
1704563378 8
1704563394 4
1704563410 8
1704563426 4
1704563442 1
1704563458 7
1704563474 8
1704563490 2
1704563506 1



# Sketch: 7
1704562914 9
1704562930 2
1704562946 2
1704562962 2
1704562978 9
1704562994 6
1704563010 11
1704563026 6
1704563042 1
1704563058 6
1704563074 2
1704563090 6
1704563106 7
1704563122 8
1704563138 6
1704563154 1
1704563170 13
1704563186 8
1704563202 7
1704563218 6
1704563234 14
1704563250 3
1704563266 3
1704563282 9
1704563298 17
1704563314 5
1704563330 2
1704563346 34
1704563362 7
1704563378 3
1704563394 7
1704563410 3
1704563426 6
1704563442 9
1704563458 31
1704563474 10
1704563490 10
1704563506 2



# Sketch: 8
1704562914 12
1704562930 4
1704562946 8
1704562962 9
1704562978 6
1704562994 16
1704563010 8
1704563026 1
1704563042 8
1704563058 6
1704563074 6
1704563090 5
1704563106 13
1704563122 4
1704563138 23
1704563154 9
1704563170 5
1704563186 19
1704563202 6
1704563218 7
1704563234 8
1704563250 7
1704563266 11
1704563282 5
1704563298 5
1704563314 2
1704563330 8
1704563346 2
1704563362 13
1704563378 5
1704563394 10
1704563410 3
1704563426 8
1704563442 5
1704563458 13
1704563474 9
1704563490 6
1704563506 4



# Sketch: 9
1704562914 9
1704562930 10
1704562946 5
1704562962 6
1704562978 19
1704562994 13
1704563010 4
1704563026 3
1704563042 13
1704563058 6
1704563074 8
1704563090 5
1704563106 1
1704563122 14
1704563138 6
1704563154 6
1704563170 13
1704563186 15
1704563202 7
1704563218 6
1704563234 5
1704563250 9
1704563266 8
1704563282 10
1704563298 12
1704563314 8
1704563330 3
1704563346 3
1704563362 5
1704563378 7
1704563394 13
1704563410 10
1704563426 3
1704563442 10
1704563458 8
1704563474 1
1704563490 5
1704563506 2



# Sketch: 10
1704562914 0
1704562930 8
1704562946 0
1704562962 12
1704562978 6
1704562994 4
1704563010 0
1704563026 2
1704563042 6
1704563058 1
1704563074 6
1704563090 4
1704563106 9
1704563122 6
1704563138 13
1704563154 10
1704563170 6
1704563186 9
1704563202 4
1704563218 27
1704563234 10
1704563250 0
1704563266 20
1704563282 7
1704563298 9
1704563314 8
1704563330 15
1704563346 7
1704563362 3
1704563378 13
1704563394 34
1704563410 2
1704563426 10
1704563442 6
1704563458 11
1704563474 6
1704563490 16
1704563506 3



# Sketch: 11
1704562914 11
1704562930 7
1704562946 8
1704562962 5
1704562978 13
1704562994 6
1704563010 1
1704563026 9
1704563042 8
1704563058 15
1704563074 6
1704563090 21
1704563106 9
1704563122 8
1704563138 24
1704563154 5
1704563170 21
1704563186 15
1704563202 5
1704563218 4
1704563234 7
1704563250 8
1704563266 7
1704563282 19
1704563298 5
1704563314 13
1704563330 7
1704563346 6
1704563362 5
1704563378 10
1704563394 4
1704563410 5
1704563426 3
1704563442 4
1704563458 2
1704563474 13
1704563490 6
1704563506 7



# Sketch: 12
1704562914 16
1704562930 2
1704562946 3
1704562962 3
1704562978 24
1704562994 4
1704563010 15
1704563026 18
1704563042 7
1704563058 11
1704563074 10
1704563090 14
1704563106 16
1704563122 8
1704563138 13
1704563154 5
1704563170 15
1704563186 9
1704563202 10
1704563218 14
1704563234 5
1704563250 8
1704563266 12
1704563282 34
1704563298 5
1704563314 5
1704563330 1
1704563346 5
1704563362 14
1704563378 5
1704563394 9
1704563410 7
1704563426 16
1704563442 5
1704563458 9
1704563474 13
1704563490 8
1704563506 10



# Sketch: 13
1704562914 8
1704562930 36
1704562946 8
1704562962 6
1704562978 9
1704562994 2
1704563010 7
1704563026 10
1704563042 7
1704563058 9
1704563074 13
1704563090 7
1704563106 8
1704563122 2
1704563138 20
1704563154 9
1704563170 16
1704563186 5
1704563202 7
1704563218 5
1704563234 7
1704563250 5
1704563266 11
1704563282 14
1704563298 14
1704563314 4
1704563330 7
1704563346 3
1704563362 10
1704563378 10
1704563394 13
1704563410 15
1704563426 8
1704563442 12
1704563458 8
1704563474 15
1704563490 21
1704563506 6



# Sketch: 14
1704562914 3
1704562930 6
1704562946 4
1704562962 19
1704562978 16
1704562994 21
1704563010 5
1704563026 8
1704563042 13
1704563058 5
1704563074 5
1704563090 9
1704563106 8
1704563122 2
1704563138 6
1704563154 12
1704563170 19
1704563186 4
1704563202 4
1704563218 18
1704563234 11
1704563250 11
1704563266 6
1704563282 11
1704563298 11
1704563314 4
1704563330 12
1704563346 6
1704563362 7
1704563378 3
1704563394 5
1704563410 11
1704563426 12
1704563442 15
1704563458 2
1704563474 15
1704563490 9
1704563506 4



# Sketch: 15
1704562914 8
1704562930 4
1704562946 7
1704562962 7
1704562978 4
1704562994 8
1704563010 2
1704563026 4
1704563042 0
1704563058 9
1704563074 6
1704563090 5
1704563106 9
1704563122 7
1704563138 2
1704563154 14
1704563170 7
1704563186 6
1704563202 9
1704563218 6
1704563234 2
1704563250 10
1704563266 6
1704563282 2
1704563298 1
1704563314 3
1704563330 6
1704563346 17
1704563362 3
1704563378 4
1704563394 5
1704563410 4
1704563426 6
1704563442 8
1704563458 11
1704563474 2
1704563490 9
1704563506 8



# Sketch: 16
1704562914 30
1704562930 26
1704562946 11
1704562962 12
1704562978 12
1704562994 27
1704563010 6
1704563026 8
1704563042 15
1704563058 7
1704563074 4
1704563090 6
1704563106 7
1704563122 2
1704563138 6
1704563154 47
1704563170 10
1704563186 19
1704563202 9
1704563218 19
1704563234 4
1704563250 7
1704563266 15
1704563282 18
1704563298 8
1704563314 7
1704563330 12
1704563346 9
1704563362 8
1704563378 9
1704563394 3
1704563410 14
1704563426 10
1704563442 6
1704563458 21
1704563474 11
1704563490 4
1704563506 1



# Sketch: 17
1704562914 4
1704562930 22
1704562946 15
1704562962 10
1704562978 5
1704562994 6
1704563010 9
1704563026 4
1704563042 7
1704563058 16
1704563074 6
1704563090 8
1704563106 10
1704563122 6
1704563138 1
1704563154 6
1704563170 5
1704563186 17
1704563202 8
1704563218 7
1704563234 7
1704563250 9
1704563266 6
1704563282 19
1704563298 12
1704563314 22
1704563330 14
1704563346 2
1704563362 4
1704563378 7
1704563394 12
1704563410 13
1704563426 6
1704563442 2
1704563458 10
1704563474 3
1704563490 6
1704563506 3



# Sketch: 18
1704562914 1
1704562930 17
1704562946 5
1704562962 0
1704562978 3
1704562994 12
1704563010 0
1704563026 11
1704563042 8
1704563058 4
1704563074 7
1704563090 8
1704563106 6
1704563122 9
1704563138 3
1704563154 7
1704563170 23
1704563186 8
1704563202 0
1704563218 4
1704563234 11
1704563250 16
1704563266 6
1704563282 3
1704563298 2
1704563314 3
1704563330 0
1704563346 1
1704563362 3
1704563378 5
1704563394 2
1704563410 2
1704563426 14
1704563442 4
1704563458 2
1704563474 4
1704563490 11
1704563506 0



# Sketch: 19
1704562914 8
1704562930 7
1704562946 4
1704562962 5
1704562978 7
1704562994 8
1704563010 5
1704563026 13
1704563042 7
1704563058 11
1704563074 6
1704563090 10
1704563106 4
1704563122 5
1704563138 7
1704563154 13
1704563170 10
1704563186 10
1704563202 10
1704563218 4
1704563234 7
1704563250 9
1704563266 4
1704563282 11
1704563298 3
1704563314 6
1704563330 3
1704563346 2
1704563362 6
1704563378 4
1704563394 4
1704563410 12
1704563426 8
1704563442 4
1704563458 6
1704563474 6
1704563490 9
1704563506 1



# Sketch: 20
1704562914 14
1704562930 5
1704562946 4
1704562962 1
1704562978 6
1704562994 7
1704563010 7
1704563026 6
1704563042 0
1704563058 4
1704563074 21
1704563090 14
1704563106 7
1704563122 5
1704563138 12
1704563154 6
1704563170 8
1704563186 10
1704563202 17
1704563218 3
1704563234 2
1704563250 7
1704563266 10
1704563282 6
1704563298 10
1704563314 7
1704563330 5
1704563346 0
1704563362 4
1704563378 32
1704563394 11
1704563410 6
1704563426 9
1704563442 2
1704563458 3
1704563474 7
1704563490 7
1704563506 3



# Sketch: 21
1704562914 9
1704562930 5
1704562946 5
1704562962 5
1704562978 1
1704562994 14
1704563010 3
1704563026 7
1704563042 8
1704563058 5
1704563074 9
1704563090 12
1704563106 5
1704563122 4
1704563138 2
1704563154 9
1704563170 5
1704563186 5
1704563202 12
1704563218 14
1704563234 3
1704563250 8
1704563266 4
1704563282 6
1704563298 5
1704563314 3
1704563330 1
1704563346 6
1704563362 7
1704563378 14
1704563394 4
1704563410 13
1704563426 8
1704563442 6
1704563458 10
1704563474 6
1704563490 1
1704563506 2



# Sketch: 22
1704562914 18
1704562930 9
1704562946 9
1704562962 3
1704562978 7
1704562994 13
1704563010 6
1704563026 17
1704563042 8
1704563058 8
1704563074 11
1704563090 6
1704563106 13
1704563122 5
1704563138 7
1704563154 3
1704563170 13
1704563186 6
1704563202 9
1704563218 11
1704563234 8
1704563250 8
1704563266 14
1704563282 15
1704563298 6
1704563314 11
1704563330 19
1704563346 10
1704563362 12
1704563378 4
1704563394 7
1704563410 11
1704563426 6
1704563442 14
1704563458 11
1704563474 3
1704563490 6
1704563506 2



# Sketch: 23
1704562914 6
1704562930 5
1704562946 10
1704562962 1
1704562978 9
1704562994 6
1704563010 9
1704563026 18
1704563042 7
1704563058 7
1704563074 2
1704563090 7
1704563106 3
1704563122 3
1704563138 4
1704563154 4
1704563170 9
1704563186 11
1704563202 4
1704563218 13
1704563234 6
1704563250 3
1704563266 5
1704563282 18
1704563298 2
1704563314 9
1704563330 4
1704563346 9
1704563362 7
1704563378 8
1704563394 8
1704563410 7
1704563426 8
1704563442 1
1704563458 2
1704563474 4
1704563490 4
1704563506 3



# Sketch: 24
1704562914 14
1704562930 6
1704562946 4
1704562962 5
1704562978 3
1704562994 1
1704563010 6
1704563026 3
1704563042 3
1704563058 9
1704563074 3
1704563090 11
1704563106 14
1704563122 4
1704563138 5
1704563154 9
1704563170 7
1704563186 14
1704563202 4
1704563218 2
1704563234 5
1704563250 15
1704563266 3
1704563282 6
1704563298 13
1704563314 4
1704563330 7
1704563346 2
1704563362 10
1704563378 3
1704563394 2
1704563410 4
1704563426 10
1704563442 5
1704563458 5
1704563474 2
1704563490 3
1704563506 4



# Sketch: 25
1704562914 3
1704562930 8
1704562946 13
1704562962 3
1704562978 8
1704562994 10
1704563010 5
1704563026 22
1704563042 16
1704563058 11
1704563074 16
1704563090 7
1704563106 17
1704563122 5
1704563138 30
1704563154 17
1704563170 14
1704563186 15
1704563202 9
1704563218 8
1704563234 8
1704563250 5
1704563266 5
1704563282 18
1704563298 9
1704563314 2
1704563330 3
1704563346 11
1704563362 37
1704563378 6
1704563394 8
1704563410 11
1704563426 4
1704563442 4
1704563458 4
1704563474 4
1704563490 2
1704563506 3



# Sketch: 26
1704562914 10
1704562930 2
1704562946 10
1704562962 1
1704562978 4
1704562994 14
1704563010 11
1704563026 14
1704563042 0
1704563058 14
1704563074 2
1704563090 11
1704563106 7
1704563122 10
1704563138 6
1704563154 2
1704563170 5
1704563186 7
1704563202 7
1704563218 2
1704563234 7
1704563250 5
1704563266 12
1704563282 12
1704563298 4
1704563314 9
1704563330 4
1704563346 6
1704563362 5
1704563378 5
1704563394 7
1704563410 12
1704563426 8
1704563442 9
1704563458 17
1704563474 5
1704563490 2
1704563506 0



# Sketch: 27
1704562914 17
1704562930 16
1704562946 11
1704562962 9
1704562978 13
1704562994 16
1704563010 12
1704563026 5
1704563042 22
1704563058 10
1704563074 11
1704563090 8
1704563106 7
1704563122 4
1704563138 6
1704563154 9
1704563170 32
1704563186 8
1704563202 7
1704563218 11
1704563234 6
1704563250 9
1704563266 6
1704563282 19
1704563298 15
1704563314 6
1704563330 4
1704563346 9
1704563362 9
1704563378 6
1704563394 10
1704563410 16
1704563426 19
1704563442 9
1704563458 16
1704563474 9
1704563490 7
1704563506 2



# Sketch: 28
1704562914 2
1704562930 5
1704562946 14
1704562962 5
1704562978 9
1704562994 11
1704563010 5
1704563026 5
1704563042 12
1704563058 10
1704563074 12
1704563090 9
1704563106 5
1704563122 10
1704563138 17
1704563154 5
1704563170 2
1704563186 3
1704563202 13
1704563218 7
1704563234 17
1704563250 2
1704563266 4
1704563282 8
1704563298 9
1704563314 5
1704563330 5
1704563346 5
1704563362 1
1704563378 14
1704563394 4
1704563410 5
1704563426 6
1704563442 5
1704563458 4
1704563474 3
1704563490 9
1704563506 8



# Sketch: 29
1704562914 16
1704562930 7
1704562946 21
1704562962 14
1704562978 5
1704562994 9
1704563010 15
1704563026 16
1704563042 15
1704563058 17
1704563074 7
1704563090 18
1704563106 6
1704563122 8
1704563138 36
1704563154 12
1704563170 6
1704563186 19
1704563202 37
1704563218 17
1704563234 21
1704563250 6
1704563266 6
1704563282 14
1704563298 15
1704563314 14
1704563330 9
1704563346 2
1704563362 8
1704563378 12
1704563394 10
1704563410 9
1704563426 12
1704563442 14
1704563458 5
1704563474 6
1704563490 21
1704563506 7



# Sketch: 30
1704562914 6
1704562930 4
1704562946 7
1704562962 10
1704562978 3
1704562994 12
1704563010 2
1704563026 8
1704563042 11
1704563058 7
1704563074 2
1704563090 15
1704563106 4
1704563122 7
1704563138 6
1704563154 2
1704563170 5
1704563186 5
1704563202 11
1704563218 4
1704563234 6
1704563250 4
1704563266 10
1704563282 14
1704563298 9
1704563314 7
1704563330 3
1704563346 5
1704563362 3
1704563378 3
1704563394 3
1704563410 14
1704563426 7
1704563442 5
1704563458 26
1704563474 24
1704563490 5
1704563506 4



# Sketch: 31
1704562914 12
1704562930 9
1704562946 20
1704562962 15
1704562978 16
1704562994 9
1704563010 3
1704563026 9
1704563042 30
1704563058 11
1704563074 10
1704563090 13
1704563106 15
1704563122 7
1704563138 32
1704563154 11
1704563170 19
1704563186 15
1704563202 27
1704563218 3
1704563234 12
1704563250 4
1704563266 3
1704563282 21
1704563298 18
1704563314 21
1704563330 12
1704563346 6
1704563362 19
1704563378 1
1704563394 8
1704563410 11
1704563426 11
1704563442 15
1704563458 7
1704563474 13
1704563490 8
1704563506 4

