

# Sketch: 0
1704562914 25
1704562978 37
1704563042 33
1704563106 48
1704563170 37
1704563234 40
1704563298 18
1704563362 26
1704563426 33
1704563490 10



# Sketch: 1
1704562914 48
1704562978 34
1704563042 15
1704563106 25
1704563170 34
1704563234 41
1704563298 15
1704563362 35
1704563426 27
1704563490 4



# Sketch: 2
1704562914 25
1704562978 32
1704563042 36
1704563106 24
1704563170 32
1704563234 36
1704563298 34
1704563362 27
1704563426 45
1704563490 11



# Sketch: 3
1704562914 18
1704562978 23
1704563042 46
1704563106 48
1704563170 42
1704563234 27
1704563298 19
1704563362 17
1704563426 26
1704563490 12



# Sketch: 4
1704562914 45
1704562978 43
1704563042 53
1704563106 53
1704563170 76
1704563234 29
1704563298 52
1704563362 39
1704563426 47
1704563490 9



# Sketch: 5
1704562914 37
1704562978 26
1704563042 23
1704563106 30
1704563170 35
1704563234 30
1704563298 20
1704563362 42
1704563426 35
1704563490 9



# Sketch: 6
1704562914 23
1704562978 35
1704563042 29
1704563106 29
1704563170 35
1704563234 43
1704563298 56
1704563362 25
1704563426 44
1704563490 8



# Sketch: 7
1704562914 34
1704562978 37
1704563042 74
1704563106 50
1704563170 31
1704563234 53
1704563298 32
1704563362 36
1704563426 39
1704563490 12



# Sketch: 8
1704562914 29
1704562978 40
1704563042 34
1704563106 33
1704563170 52
1704563234 41
1704563298 50
1704563362 27
1704563426 16
1704563490 11



# Sketch: 9
1704562914 23
1704562978 31
1704563042 49
1704563106 26
1704563170 25
1704563234 31
1704563298 8
1704563362 27
1704563426 11
1704563490 13



# Sketch: 10
1704562914 91
1704562978 27
1704563042 54
1704563106 57
1704563170 92
1704563234 53
1704563298 51
1704563362 36
1704563426 55
1704563490 17



# Sketch: 11
1704562914 25
1704562978 53
1704563042 28
1704563106 32
1704563170 35
1704563234 27
1704563298 32
1704563362 18
1704563426 20
1704563490 12



# Sketch: 12
1704562914 24
1704562978 42
1704563042 36
1704563106 34
1704563170 35
1704563234 52
1704563298 39
1704563362 44
1704563426 29
1704563490 9



# Sketch: 13
1704562914 20
1704562978 45
1704563042 33
1704563106 36
1704563170 44
1704563234 40
1704563298 37
1704563362 50
1704563426 19
1704563490 8



# Sketch: 14
1704562914 32
1704562978 28
1704563042 20
1704563106 22
1704563170 46
1704563234 28
1704563298 12
1704563362 26
1704563426 39
1704563490 1



# Sketch: 15
1704562914 10
1704562978 27
1704563042 38
1704563106 35
1704563170 33
1704563234 36
1704563298 25
1704563362 25
1704563426 22
1704563490 19



# Sketch: 16
1704562914 41
1704562978 43
1704563042 37
1704563106 24
1704563170 29
1704563234 19
1704563298 19
1704563362 35
1704563426 72
1704563490 13



# Sketch: 17
1704562914 38
1704562978 30
1704563042 51
1704563106 23
1704563170 34
1704563234 46
1704563298 32
1704563362 35
1704563426 25
1704563490 17



# Sketch: 18
1704562914 40
1704562978 26
1704563042 22
1704563106 28
1704563170 30
1704563234 24
1704563298 19
1704563362 32
1704563426 30
1704563490 11



# Sketch: 19
1704562914 52
1704562978 35
1704563042 60
1704563106 66
1704563170 88
1704563234 34
1704563298 43
1704563362 19
1704563426 87
1704563490 17



# Sketch: 20
1704562914 60
1704562978 36
1704563042 27
1704563106 32
1704563170 35
1704563234 29
1704563298 23
1704563362 28
1704563426 17
1704563490 14



# Sketch: 21
1704562914 22
1704562978 22
1704563042 25
1704563106 47
1704563170 38
1704563234 67
1704563298 29
1704563362 19
1704563426 24
1704563490 16



# Sketch: 22
1704562914 41
1704562978 30
1704563042 41
1704563106 39
1704563170 40
1704563234 30
1704563298 20
1704563362 48
1704563426 47
1704563490 17



# Sketch: 23
1704562914 18
1704562978 13
1704563042 41
1704563106 26
1704563170 24
1704563234 14
1704563298 18
1704563362 25
1704563426 37
1704563490 7



# Sketch: 24
1704562914 19
1704562978 28
1704563042 28
1704563106 21
1704563170 28
1704563234 35
1704563298 27
1704563362 26
1704563426 34
1704563490 20



# Sketch: 25
1704562914 27
1704562978 42
1704563042 49
1704563106 48
1704563170 36
1704563234 43
1704563298 41
1704563362 31
1704563426 19
1704563490 17



# Sketch: 26
1704562914 58
1704562978 38
1704563042 45
1704563106 21
1704563170 59
1704563234 41
1704563298 30
1704563362 39
1704563426 21
1704563490 11



# Sketch: 27
1704562914 37
1704562978 23
1704563042 29
1704563106 25
1704563170 37
1704563234 29
1704563298 25
1704563362 29
1704563426 23
1704563490 9



# Sketch: 28
1704562914 45
1704562978 46
1704563042 36
1704563106 58
1704563170 38
1704563234 15
1704563298 24
1704563362 42
1704563426 34
1704563490 6



# Sketch: 29
1704562914 41
1704562978 28
1704563042 24
1704563106 31
1704563170 48
1704563234 16
1704563298 40
1704563362 21
1704563426 22
1704563490 3



# Sketch: 30
1704562914 34
1704562978 43
1704563042 33
1704563106 30
1704563170 31
1704563234 31
1704563298 16
1704563362 100
1704563426 31
1704563490 3



# Sketch: 31
1704562914 33
1704562978 39
1704563042 33
1704563106 35
1704563170 44
1704563234 43
1704563298 47
1704563362 42
1704563426 34
1704563490 9

