

# Sketch: 0
1704595914 76
1704596042 90
1704596170 95
1704596298 79
1704596426 59



# Sketch: 1
1704595914 120
1704596042 101
1704596170 108
1704596298 87
1704596426 76



# Sketch: 2
1704595914 62
1704596042 64
1704596170 47
1704596298 91
1704596426 53



# Sketch: 3
1704595914 70
1704596042 77
1704596170 89
1704596298 83
1704596426 64



# Sketch: 4
1704595914 75
1704596042 70
1704596170 85
1704596298 71
1704596426 69



# Sketch: 5
1704595914 72
1704596042 71
1704596170 83
1704596298 67
1704596426 44



# Sketch: 6
1704595914 76
1704596042 94
1704596170 52
1704596298 103
1704596426 74



# Sketch: 7
1704595914 85
1704596042 74
1704596170 75
1704596298 84
1704596426 69



# Sketch: 8
1704595914 63
1704596042 66
1704596170 87
1704596298 71
1704596426 60



# Sketch: 9
1704595914 68
1704596042 103
1704596170 93
1704596298 74
1704596426 56



# Sketch: 10
1704595914 74
1704596042 68
1704596170 61
1704596298 62
1704596426 46



# Sketch: 11
1704595914 83
1704596042 70
1704596170 83
1704596298 69
1704596426 46



# Sketch: 12
1704595914 85
1704596042 78
1704596170 59
1704596298 57
1704596426 83



# Sketch: 13
1704595914 75
1704596042 92
1704596170 68
1704596298 94
1704596426 54



# Sketch: 14
1704595914 93
1704596042 74
1704596170 98
1704596298 81
1704596426 66



# Sketch: 15
1704595914 141
1704596042 110
1704596170 103
1704596298 126
1704596426 77



# Sketch: 16
1704595914 45
1704596042 77
1704596170 78
1704596298 43
1704596426 36



# Sketch: 17
1704595914 88
1704596042 71
1704596170 75
1704596298 92
1704596426 50



# Sketch: 18
1704595914 98
1704596042 88
1704596170 58
1704596298 63
1704596426 78



# Sketch: 19
1704595914 61
1704596042 56
1704596170 72
1704596298 79
1704596426 59



# Sketch: 20
1704595914 82
1704596042 62
1704596170 92
1704596298 65
1704596426 85



# Sketch: 21
1704595914 65
1704596042 105
1704596170 94
1704596298 58
1704596426 55



# Sketch: 22
1704595914 142
1704596042 67
1704596170 86
1704596298 94
1704596426 91



# Sketch: 23
1704595914 79
1704596042 56
1704596170 61
1704596298 70
1704596426 61



# Sketch: 24
1704595914 82
1704596042 91
1704596170 95
1704596298 79
1704596426 37



# Sketch: 25
1704595914 66
1704596042 101
1704596170 63
1704596298 78
1704596426 49



# Sketch: 26
1704595914 84
1704596042 76
1704596170 67
1704596298 76
1704596426 57



# Sketch: 27
1704595914 91
1704596042 74
1704596170 90
1704596298 107
1704596426 126



# Sketch: 28
1704595914 81
1704596042 99
1704596170 80
1704596298 57
1704596426 55



# Sketch: 29
1704595914 102
1704596042 96
1704596170 77
1704596298 92
1704596426 88



# Sketch: 30
1704595914 77
1704596042 71
1704596170 70
1704596298 67
1704596426 70



# Sketch: 31
1704595914 64
1704596042 96
1704596170 87
1704596298 68
1704596426 60

