

# Sketch: 0
0 0.788477
1 1.27376
2 1.51932
3 1.46502
4 0.744134
5 0.872921
6 0.428461
7 1.07814



# Sketch: 1
0 0.432543
1 0.443698
2 0.455487
3 0.483264
4 0.469994
5 0.402635
6 0.40629
7 0.411457



# Sketch: 2
0 0.298883
1 0.135691
2 0.170052
3 0.222786
4 0.575985
5 0.666361
6 0.340434
7 0.49895



# Sketch: 3
0 1.01704
1 0.848582
2 0.948475
3 0.837578
4 1.04196
5 1.00537
6 0.407608
7 0.440826



# Sketch: 4
0 0.212161
1 0.397865
2 0.445472
3 0.99488
4 0.567104
5 0.371526
6 0.278062
7 0.337924



# Sketch: 5
0 0.238828
1 0.135518
2 0.398619
3 0.458196
4 0.116165
5 0.198346
6 0.283129
7 0.451336



# Sketch: 6
0 0.239568
1 0.693498
2 1.01304
3 1.24779
4 1.16468
5 2.1907
6 2.21544
7 1.93458



# Sketch: 7
0 0.633569
1 0.66893
2 0.654463
3 0.670783
4 0.616414
5 0.580285
6 0.571983
7 1.04935



# Sketch: 8
0 0.318548
1 0.403225
2 0.431662
3 0.567358
4 0.358591
5 0.463691
6 0.345692
7 0.685463



# Sketch: 9
0 1.07317
1 0.824158
2 0.773853
3 0.615108
4 0.62035
5 0.961672
6 0.683055
7 0.580135



# Sketch: 10
0 0.936971
1 0.944621
2 0.969335
3 0.824284
4 0.751711
5 0.660062
6 0.653279
7 0.799995



# Sketch: 11
0 0.355171
1 0.360933
2 0.377095
3 0.388849
4 0.380103
5 0.365909
6 0.451987
7 0.372789



# Sketch: 12
0 0.337754
1 0.348397
2 0.36092
3 0.387412
4 0.378739
5 0.380634
6 2.03582
7 0.680813



# Sketch: 13
0 0.56592
1 0.874141
2 0.604735
3 0.624045
4 0.393161
5 0.365382
6 0.830322
7 0.478736



# Sketch: 14
0 0.652849
1 0.870525
2 0.984888
3 0.739147
4 0.201601
5 0.269732
6 0.4077
7 1.08181



# Sketch: 15
0 0.562217
1 0.553468
2 0.559085
3 0.597962
4 0.553935
5 0.521653
6 0.449509
7 0.377902



# Sketch: 16
0 1.37575
1 1.13553
2 0.938396
3 0.678517
4 0.487823
5 0.330823
6 0.376195
7 1.48362



# Sketch: 17
0 0.208991
1 0.0415105
2 0.176936
3 0.76828
4 0.111802
5 0.210859
6 0.23091
7 0.655046



# Sketch: 18
0 0.699955
1 0.747863
2 0.538163
3 0.605227
4 0.538916
5 0.446921
6 0.235611
7 0.423502



# Sketch: 19
0 0.650355
1 0.642885
2 0.728059
3 0.750306
4 0.624774
5 0.612576
6 0.491479
7 0.692442



# Sketch: 20
0 0.283648
1 0.242481
2 0.228934
3 0.2496
4 0.267845
5 0.303237
6 0.612773
7 2.83154



# Sketch: 21
0 0.639749
1 0.672227
2 0.708371
3 0.709249
4 0.584865
5 0.509606
6 0.514387
7 0.361496



# Sketch: 22
0 0.638315
1 0.675879
2 0.730845
3 0.74084
4 0.650847
5 0.607641
6 0.635333
7 0.741488



# Sketch: 23
0 0.93949
1 0.621951
2 0.560044
3 0.24203
4 1.03677
5 2.02693
6 2.78931
7 1.8873



# Sketch: 24
0 0.50583
1 0.522453
2 0.551931
3 0.50144
4 0.465854
5 0.486465
6 0.429248
7 0.475936



# Sketch: 25
0 0.635964
1 0.782721
2 0.891324
3 0.321414
4 0.232982
5 0.265377
6 0.281213
7 0.396692



# Sketch: 26
0 0.502314
1 0.503095
2 0.470153
3 0.562781
4 0.638376
5 1.07441
6 0.584707
7 0.694419



# Sketch: 27
0 0.873172
1 0.782781
2 0.828422
3 0.996783
4 0.79831
5 0.521441
6 0.129245
7 0.513142



# Sketch: 28
0 0.125083
1 0.298425
2 0.1815
3 0.0803854
4 0.28044
5 0.252856
6 0.246586
7 0.401434



# Sketch: 29
0 1.05663
1 1.03385
2 1.00153
3 0.825459
4 0.510568
5 0.21049
6 0.159751
7 0.536284



# Sketch: 30
0 0.827275
1 0.761596
2 0.736308
3 0.647926
4 0.674516
5 0.553683
6 0.528385
7 0.523579



# Sketch: 31
0 0.916807
1 1.0895
2 1.19333
3 1.0415
4 0.970673
5 0.61448
6 0.322007
7 0.22111

