

# Sketch: 0
1704596514 73
1704596642 74
1704596770 71
1704596898 69
1704597026 33



# Sketch: 1
1704596514 100
1704596642 79
1704596770 67
1704596898 47
1704597026 44



# Sketch: 2
1704596514 70
1704596642 84
1704596770 66
1704596898 57
1704597026 41



# Sketch: 3
1704596514 105
1704596642 100
1704596770 79
1704596898 101
1704597026 64



# Sketch: 4
1704596514 114
1704596642 83
1704596770 81
1704596898 59
1704597026 72



# Sketch: 5
1704596514 98
1704596642 87
1704596770 58
1704596898 88
1704597026 66



# Sketch: 6
1704596514 87
1704596642 119
1704596770 59
1704596898 73
1704597026 88



# Sketch: 7
1704596514 77
1704596642 44
1704596770 51
1704596898 57
1704597026 53



# Sketch: 8
1704596514 59
1704596642 48
1704596770 58
1704596898 54
1704597026 62



# Sketch: 9
1704596514 81
1704596642 77
1704596770 68
1704596898 63
1704597026 57



# Sketch: 10
1704596514 92
1704596642 64
1704596770 70
1704596898 74
1704597026 73



# Sketch: 11
1704596514 106
1704596642 56
1704596770 68
1704596898 76
1704597026 56



# Sketch: 12
1704596514 100
1704596642 81
1704596770 55
1704596898 74
1704597026 58



# Sketch: 13
1704596514 77
1704596642 77
1704596770 70
1704596898 104
1704597026 81



# Sketch: 14
1704596514 76
1704596642 68
1704596770 86
1704596898 73
1704597026 60



# Sketch: 15
1704596514 128
1704596642 157
1704596770 95
1704596898 85
1704597026 80



# Sketch: 16
1704596514 99
1704596642 85
1704596770 67
1704596898 94
1704597026 62



# Sketch: 17
1704596514 84
1704596642 79
1704596770 69
1704596898 116
1704597026 37



# Sketch: 18
1704596514 92
1704596642 72
1704596770 52
1704596898 59
1704597026 45



# Sketch: 19
1704596514 59
1704596642 66
1704596770 50
1704596898 73
1704597026 60



# Sketch: 20
1704596514 62
1704596642 58
1704596770 61
1704596898 83
1704597026 48



# Sketch: 21
1704596514 66
1704596642 74
1704596770 85
1704596898 64
1704597026 58



# Sketch: 22
1704596514 81
1704596642 66
1704596770 63
1704596898 71
1704597026 51



# Sketch: 23
1704596514 91
1704596642 95
1704596770 83
1704596898 76
1704597026 61



# Sketch: 24
1704596514 131
1704596642 113
1704596770 125
1704596898 134
1704597026 78



# Sketch: 25
1704596514 99
1704596642 82
1704596770 94
1704596898 86
1704597026 74



# Sketch: 26
1704596514 89
1704596642 77
1704596770 68
1704596898 79
1704597026 44



# Sketch: 27
1704596514 55
1704596642 53
1704596770 72
1704596898 81
1704597026 48



# Sketch: 28
1704596514 88
1704596642 55
1704596770 63
1704596898 137
1704597026 54



# Sketch: 29
1704596514 100
1704596642 105
1704596770 94
1704596898 99
1704597026 38



# Sketch: 30
1704596514 87
1704596642 52
1704596770 78
1704596898 69
1704597026 36



# Sketch: 31
1704596514 112
1704596642 110
1704596770 95
1704596898 93
1704597026 86

