

# Sketch: 0
1704596514 118
1704596642 66
1704596770 66
1704596898 105
1704597026 47



# Sketch: 1
1704596514 90
1704596642 73
1704596770 54
1704596898 85
1704597026 27



# Sketch: 2
1704596514 135
1704596642 96
1704596770 106
1704596898 105
1704597026 69



# Sketch: 3
1704596514 65
1704596642 51
1704596770 49
1704596898 52
1704597026 37



# Sketch: 4
1704596514 70
1704596642 88
1704596770 42
1704596898 68
1704597026 50



# Sketch: 5
1704596514 90
1704596642 71
1704596770 66
1704596898 57
1704597026 40



# Sketch: 6
1704596514 81
1704596642 58
1704596770 75
1704596898 87
1704597026 77



# Sketch: 7
1704596514 67
1704596642 57
1704596770 73
1704596898 107
1704597026 41



# Sketch: 8
1704596514 57
1704596642 111
1704596770 79
1704596898 60
1704597026 35



# Sketch: 9
1704596514 88
1704596642 59
1704596770 41
1704596898 73
1704597026 71



# Sketch: 10
1704596514 154
1704596642 127
1704596770 113
1704596898 86
1704597026 81



# Sketch: 11
1704596514 97
1704596642 90
1704596770 87
1704596898 82
1704597026 52



# Sketch: 12
1704596514 67
1704596642 72
1704596770 61
1704596898 52
1704597026 55



# Sketch: 13
1704596514 93
1704596642 89
1704596770 89
1704596898 96
1704597026 69



# Sketch: 14
1704596514 100
1704596642 115
1704596770 88
1704596898 98
1704597026 58



# Sketch: 15
1704596514 88
1704596642 76
1704596770 51
1704596898 82
1704597026 59



# Sketch: 16
1704596514 124
1704596642 78
1704596770 65
1704596898 82
1704597026 54



# Sketch: 17
1704596514 101
1704596642 77
1704596770 74
1704596898 90
1704597026 86



# Sketch: 18
1704596514 74
1704596642 80
1704596770 64
1704596898 82
1704597026 73



# Sketch: 19
1704596514 67
1704596642 78
1704596770 56
1704596898 70
1704597026 62



# Sketch: 20
1704596514 76
1704596642 57
1704596770 71
1704596898 57
1704597026 65



# Sketch: 21
1704596514 98
1704596642 78
1704596770 92
1704596898 91
1704597026 54



# Sketch: 22
1704596514 73
1704596642 79
1704596770 68
1704596898 77
1704597026 74



# Sketch: 23
1704596514 75
1704596642 77
1704596770 88
1704596898 91
1704597026 40



# Sketch: 24
1704596514 108
1704596642 130
1704596770 86
1704596898 120
1704597026 101



# Sketch: 25
1704596514 108
1704596642 81
1704596770 89
1704596898 63
1704597026 44



# Sketch: 26
1704596514 102
1704596642 97
1704596770 102
1704596898 104
1704597026 72



# Sketch: 27
1704596514 82
1704596642 83
1704596770 75
1704596898 69
1704597026 43



# Sketch: 28
1704596514 75
1704596642 38
1704596770 58
1704596898 52
1704597026 53



# Sketch: 29
1704596514 76
1704596642 58
1704596770 74
1704596898 88
1704597026 54



# Sketch: 30
1704596514 81
1704596642 72
1704596770 77
1704596898 67
1704597026 72



# Sketch: 31
1704596514 58
1704596642 78
1704596770 42
1704596898 70
1704597026 53

