

# Sketch: 0
1704596514 48
1704596578 73
1704596642 23
1704596706 41
1704596770 30
1704596834 51
1704596898 33
1704596962 30
1704597026 53
1704597090 18



# Sketch: 1
1704596514 26
1704596578 50
1704596642 24
1704596706 29
1704596770 33
1704596834 31
1704596898 43
1704596962 39
1704597026 24
1704597090 7



# Sketch: 2
1704596514 39
1704596578 68
1704596642 42
1704596706 80
1704596770 38
1704596834 26
1704596898 28
1704596962 39
1704597026 40
1704597090 16



# Sketch: 3
1704596514 51
1704596578 34
1704596642 40
1704596706 35
1704596770 32
1704596834 45
1704596898 52
1704596962 43
1704597026 40
1704597090 20



# Sketch: 4
1704596514 26
1704596578 41
1704596642 33
1704596706 23
1704596770 23
1704596834 20
1704596898 30
1704596962 22
1704597026 58
1704597090 11



# Sketch: 5
1704596514 34
1704596578 47
1704596642 48
1704596706 39
1704596770 34
1704596834 43
1704596898 39
1704596962 31
1704597026 31
1704597090 12



# Sketch: 6
1704596514 40
1704596578 54
1704596642 46
1704596706 28
1704596770 34
1704596834 37
1704596898 65
1704596962 70
1704597026 46
1704597090 18



# Sketch: 7
1704596514 34
1704596578 68
1704596642 41
1704596706 50
1704596770 35
1704596834 34
1704596898 45
1704596962 61
1704597026 38
1704597090 12



# Sketch: 8
1704596514 48
1704596578 39
1704596642 31
1704596706 14
1704596770 31
1704596834 21
1704596898 63
1704596962 18
1704597026 36
1704597090 11



# Sketch: 9
1704596514 41
1704596578 57
1704596642 42
1704596706 29
1704596770 37
1704596834 43
1704596898 26
1704596962 39
1704597026 54
1704597090 34



# Sketch: 10
1704596514 39
1704596578 53
1704596642 24
1704596706 41
1704596770 46
1704596834 44
1704596898 38
1704596962 46
1704597026 43
1704597090 19



# Sketch: 11
1704596514 27
1704596578 63
1704596642 35
1704596706 27
1704596770 29
1704596834 40
1704596898 70
1704596962 24
1704597026 30
1704597090 6



# Sketch: 12
1704596514 35
1704596578 66
1704596642 38
1704596706 26
1704596770 49
1704596834 57
1704596898 33
1704596962 33
1704597026 39
1704597090 19



# Sketch: 13
1704596514 48
1704596578 66
1704596642 60
1704596706 56
1704596770 55
1704596834 37
1704596898 47
1704596962 58
1704597026 55
1704597090 24



# Sketch: 14
1704596514 27
1704596578 57
1704596642 30
1704596706 31
1704596770 36
1704596834 19
1704596898 31
1704596962 45
1704597026 30
1704597090 23



# Sketch: 15
1704596514 29
1704596578 41
1704596642 48
1704596706 27
1704596770 31
1704596834 35
1704596898 31
1704596962 61
1704597026 37
1704597090 11



# Sketch: 16
1704596514 38
1704596578 46
1704596642 52
1704596706 31
1704596770 47
1704596834 44
1704596898 42
1704596962 33
1704597026 34
1704597090 27



# Sketch: 17
1704596514 27
1704596578 32
1704596642 54
1704596706 28
1704596770 28
1704596834 27
1704596898 25
1704596962 36
1704597026 41
1704597090 14



# Sketch: 18
1704596514 39
1704596578 65
1704596642 40
1704596706 42
1704596770 33
1704596834 20
1704596898 47
1704596962 30
1704597026 38
1704597090 56



# Sketch: 19
1704596514 22
1704596578 29
1704596642 34
1704596706 36
1704596770 43
1704596834 18
1704596898 41
1704596962 31
1704597026 32
1704597090 16



# Sketch: 20
1704596514 36
1704596578 32
1704596642 47
1704596706 23
1704596770 42
1704596834 50
1704596898 31
1704596962 34
1704597026 32
1704597090 12



# Sketch: 21
1704596514 58
1704596578 43
1704596642 35
1704596706 47
1704596770 60
1704596834 35
1704596898 36
1704596962 41
1704597026 62
1704597090 17



# Sketch: 22
1704596514 48
1704596578 79
1704596642 31
1704596706 18
1704596770 23
1704596834 31
1704596898 46
1704596962 39
1704597026 25
1704597090 11



# Sketch: 23
1704596514 51
1704596578 73
1704596642 40
1704596706 37
1704596770 29
1704596834 37
1704596898 53
1704596962 51
1704597026 57
1704597090 17



# Sketch: 24
1704596514 48
1704596578 56
1704596642 41
1704596706 38
1704596770 32
1704596834 50
1704596898 67
1704596962 41
1704597026 40
1704597090 24



# Sketch: 25
1704596514 27
1704596578 44
1704596642 40
1704596706 60
1704596770 35
1704596834 31
1704596898 31
1704596962 33
1704597026 43
1704597090 27



# Sketch: 26
1704596514 32
1704596578 18
1704596642 26
1704596706 20
1704596770 17
1704596834 29
1704596898 42
1704596962 52
1704597026 31
1704597090 9



# Sketch: 27
1704596514 35
1704596578 49
1704596642 30
1704596706 60
1704596770 37
1704596834 26
1704596898 39
1704596962 44
1704597026 50
1704597090 13



# Sketch: 28
1704596514 47
1704596578 32
1704596642 60
1704596706 55
1704596770 36
1704596834 49
1704596898 33
1704596962 32
1704597026 44
1704597090 15



# Sketch: 29
1704596514 28
1704596578 46
1704596642 53
1704596706 37
1704596770 37
1704596834 39
1704596898 27
1704596962 38
1704597026 35
1704597090 18



# Sketch: 30
1704596514 36
1704596578 61
1704596642 87
1704596706 46
1704596770 67
1704596834 43
1704596898 55
1704596962 35
1704597026 55
1704597090 18



# Sketch: 31
1704596514 51
1704596578 41
1704596642 49
1704596706 62
1704596770 31
1704596834 39
1704596898 24
1704596962 26
1704597026 36
1704597090 4

