

# Sketch: 0
0 1.06679
1 0.87599
2 0.827174
3 0.7229
4 0.629479
5 0.517559
6 0.237118
7 0.828071



# Sketch: 1
0 0.772769
1 0.725312
2 0.609898
3 0.608581
4 0.506262
5 0.610659
6 0.567191
7 0.247267



# Sketch: 2
0 0.245227
1 0.205498
2 0.157546
3 0.27257
4 0.310138
5 0.455563
6 1.56463
7 0.272963



# Sketch: 3
0 0.297965
1 0.404874
2 0.346567
3 0.342281
4 0.315581
5 0.666603
6 1.25365
7 0.74455



# Sketch: 4
0 0.63104
1 0.626653
2 0.612095
3 0.466816
4 0.936185
5 0.598794
6 0.156084
7 1.08925



# Sketch: 5
0 0.883166
1 0.902031
2 0.825911
3 0.752428
4 0.724395
5 0.819695
6 0.615904
7 0.933091



# Sketch: 6
0 0.498983
1 0.496202
2 0.48083
3 0.482241
4 0.43808
5 0.53779
6 0.368067
7 0.402733



# Sketch: 7
0 0.642777
1 0.414415
2 0.264889
3 0.208132
4 0.211869
5 0.680256
6 0.352528
7 1.85634



# Sketch: 8
0 0.574511
1 0.660217
2 0.720688
3 0.898191
4 0.409767
5 0.597226
6 0.253885
7 1.33139



# Sketch: 9
0 0.406591
1 0.333675
2 0.340777
3 0.31914
4 0.340602
5 0.307058
6 0.609132
7 1.52569



# Sketch: 10
0 0.409995
1 0.403109
2 0.409109
3 0.42797
4 0.466838
5 0.455307
6 1.77828
7 1.15003



# Sketch: 11
0 0.36485
1 0.278092
2 0.33373
3 0.549712
4 0.812942
5 0.180162
6 0.118172
7 0.336272



# Sketch: 12
0 2.66486
1 2.34358
2 1.80094
3 1.40067
4 0.7811
5 0.719819
6 0.475239
7 1.67629



# Sketch: 13
0 0.763473
1 0.736564
2 0.7243
3 0.712909
4 0.602891
5 0.6855
6 0.596464
7 0.716948



# Sketch: 14
0 0.119423
1 0.129339
2 0.0780298
3 0.0991624
4 0.222778
5 0.225949
6 0.956323
7 4.22224



# Sketch: 15
0 0.557017
1 0.614962
2 0.621225
3 0.476376
4 0.477172
5 0.422874
6 0.394238
7 0.846973



# Sketch: 16
0 0.499412
1 0.485721
2 0.466601
3 0.467783
4 0.441508
5 0.503166
6 0.360308
7 0.753008



# Sketch: 17
0 0.403287
1 0.252452
2 0.255618
3 0.272389
4 0.295
5 0.275218
6 0.335762
7 0.949541



# Sketch: 18
0 0.78269
1 0.832002
2 0.806747
3 0.677156
4 0.69514
5 0.52304
6 0.409199
7 0.449866



# Sketch: 19
0 0.153801
1 0.206544
2 0.228025
3 0.333587
4 0.219759
5 0.235957
6 0.328137
7 0.63643



# Sketch: 20
0 0.54294
1 0.422784
2 0.378539
3 0.494544
4 0.382489
5 0.403381
6 0.538072
7 0.397184



# Sketch: 21
0 0.716179
1 0.806429
2 0.691171
3 0.488931
4 0.280276
5 0.670754
6 0.0437451
7 0.465632



# Sketch: 22
0 0.695146
1 0.618378
2 0.170022
3 0.100886
4 0.142697
5 0.0116863
6 0.374809
7 0.314954



# Sketch: 23
0 0.47428
1 0.649399
2 0.600398
3 0.409922
4 0.384562
5 0.674039
6 0.26974
7 0.234473



# Sketch: 24
0 1.45302
1 1.50054
2 1.15548
3 1.03119
4 0.629047
5 0.549689
6 1.3057
7 0.274862



# Sketch: 25
0 0.400011
1 0.402057
2 0.405499
3 0.446948
4 0.492478
5 0.372014
6 0.566094
7 0.31957



# Sketch: 26
0 0.486092
1 0.566345
2 0.592473
3 0.56497
4 0.596866
5 0.299684
6 0.224938
7 0.234949



# Sketch: 27
0 1.01822
1 0.86469
2 0.798734
3 0.413706
4 0.268807
5 0.10041
6 0.467752
7 0.960039



# Sketch: 28
0 0.78687
1 0.923727
2 0.957762
3 0.649543
4 0.550334
5 0.460205
6 0.410643
7 0.328362



# Sketch: 29
0 0.394666
1 0.417717
2 0.663987
3 1.09249
4 1.29907
5 1.103
6 0.298443
7 0.72581



# Sketch: 30
0 0.233627
1 0.284881
2 0.23583
3 0.27726
4 0.439001
5 0.116547
6 0.375221
7 0.212545



# Sketch: 31
0 0.400457
1 0.397226
2 0.66406
3 0.686111
4 0.566466
5 1.77309
6 0.595348
7 0.62454

