

# Sketch: 0
1704597114 80
1704597178 52
1704597242 32
1704597306 26
1704597370 19
1704597434 30
1704597498 29
1704597562 36
1704597626 23
1704597690 25



# Sketch: 1
1704597114 35
1704597178 35
1704597242 31
1704597306 39
1704597370 33
1704597434 52
1704597498 28
1704597562 24
1704597626 16
1704597690 7



# Sketch: 2
1704597114 40
1704597178 35
1704597242 46
1704597306 31
1704597370 40
1704597434 27
1704597498 36
1704597562 30
1704597626 41
1704597690 13



# Sketch: 3
1704597114 37
1704597178 65
1704597242 67
1704597306 45
1704597370 40
1704597434 47
1704597498 26
1704597562 28
1704597626 16
1704597690 16



# Sketch: 4
1704597114 45
1704597178 43
1704597242 33
1704597306 29
1704597370 51
1704597434 18
1704597498 29
1704597562 49
1704597626 27
1704597690 19



# Sketch: 5
1704597114 39
1704597178 43
1704597242 48
1704597306 26
1704597370 20
1704597434 31
1704597498 29
1704597562 18
1704597626 27
1704597690 17



# Sketch: 6
1704597114 38
1704597178 62
1704597242 31
1704597306 30
1704597370 36
1704597434 21
1704597498 19
1704597562 25
1704597626 25
1704597690 11



# Sketch: 7
1704597114 82
1704597178 44
1704597242 51
1704597306 72
1704597370 46
1704597434 38
1704597498 35
1704597562 24
1704597626 55
1704597690 6



# Sketch: 8
1704597114 66
1704597178 40
1704597242 46
1704597306 26
1704597370 21
1704597434 41
1704597498 31
1704597562 22
1704597626 41
1704597690 25



# Sketch: 9
1704597114 48
1704597178 50
1704597242 50
1704597306 41
1704597370 36
1704597434 35
1704597498 34
1704597562 42
1704597626 34
1704597690 8



# Sketch: 10
1704597114 46
1704597178 53
1704597242 34
1704597306 52
1704597370 71
1704597434 40
1704597498 27
1704597562 40
1704597626 30
1704597690 26



# Sketch: 11
1704597114 63
1704597178 109
1704597242 52
1704597306 31
1704597370 42
1704597434 30
1704597498 44
1704597562 28
1704597626 30
1704597690 13



# Sketch: 12
1704597114 52
1704597178 46
1704597242 49
1704597306 25
1704597370 34
1704597434 19
1704597498 29
1704597562 30
1704597626 45
1704597690 14



# Sketch: 13
1704597114 39
1704597178 70
1704597242 36
1704597306 53
1704597370 81
1704597434 49
1704597498 42
1704597562 27
1704597626 63
1704597690 26



# Sketch: 14
1704597114 40
1704597178 45
1704597242 45
1704597306 28
1704597370 41
1704597434 22
1704597498 31
1704597562 22
1704597626 28
1704597690 36



# Sketch: 15
1704597114 65
1704597178 18
1704597242 46
1704597306 49
1704597370 35
1704597434 29
1704597498 31
1704597562 35
1704597626 42
1704597690 15



# Sketch: 16
1704597114 54
1704597178 74
1704597242 63
1704597306 38
1704597370 63
1704597434 20
1704597498 26
1704597562 40
1704597626 35
1704597690 13



# Sketch: 17
1704597114 57
1704597178 62
1704597242 46
1704597306 46
1704597370 30
1704597434 22
1704597498 27
1704597562 26
1704597626 21
1704597690 12



# Sketch: 18
1704597114 70
1704597178 44
1704597242 41
1704597306 39
1704597370 22
1704597434 34
1704597498 22
1704597562 25
1704597626 22
1704597690 10



# Sketch: 19
1704597114 34
1704597178 67
1704597242 51
1704597306 45
1704597370 21
1704597434 43
1704597498 25
1704597562 50
1704597626 27
1704597690 16



# Sketch: 20
1704597114 53
1704597178 71
1704597242 69
1704597306 24
1704597370 40
1704597434 22
1704597498 17
1704597562 25
1704597626 20
1704597690 19



# Sketch: 21
1704597114 60
1704597178 57
1704597242 41
1704597306 32
1704597370 37
1704597434 30
1704597498 37
1704597562 26
1704597626 23
1704597690 23



# Sketch: 22
1704597114 43
1704597178 53
1704597242 55
1704597306 31
1704597370 36
1704597434 19
1704597498 31
1704597562 43
1704597626 23
1704597690 31



# Sketch: 23
1704597114 61
1704597178 62
1704597242 66
1704597306 42
1704597370 54
1704597434 47
1704597498 58
1704597562 35
1704597626 43
1704597690 22



# Sketch: 24
1704597114 49
1704597178 46
1704597242 68
1704597306 27
1704597370 29
1704597434 32
1704597498 29
1704597562 37
1704597626 51
1704597690 10



# Sketch: 25
1704597114 38
1704597178 31
1704597242 45
1704597306 34
1704597370 27
1704597434 34
1704597498 30
1704597562 18
1704597626 20
1704597690 9



# Sketch: 26
1704597114 38
1704597178 29
1704597242 33
1704597306 29
1704597370 25
1704597434 20
1704597498 18
1704597562 15
1704597626 30
1704597690 9



# Sketch: 27
1704597114 54
1704597178 35
1704597242 34
1704597306 29
1704597370 21
1704597434 27
1704597498 29
1704597562 13
1704597626 36
1704597690 21



# Sketch: 28
1704597114 47
1704597178 66
1704597242 66
1704597306 45
1704597370 48
1704597434 34
1704597498 28
1704597562 25
1704597626 19
1704597690 21



# Sketch: 29
1704597114 42
1704597178 50
1704597242 52
1704597306 56
1704597370 34
1704597434 61
1704597498 32
1704597562 45
1704597626 25
1704597690 30



# Sketch: 30
1704597114 32
1704597178 67
1704597242 68
1704597306 69
1704597370 64
1704597434 53
1704597498 39
1704597562 39
1704597626 29
1704597690 16



# Sketch: 31
1704597114 44
1704597178 42
1704597242 46
1704597306 30
1704597370 36
1704597434 45
1704597498 47
1704597562 38
1704597626 38
1704597690 8

