

# Sketch: 0
1704597114 23
1704597146 30
1704597178 44
1704597210 34
1704597242 19
1704597274 24
1704597306 55
1704597338 37
1704597370 78
1704597402 48
1704597434 34
1704597466 15
1704597498 18
1704597530 32
1704597562 27
1704597594 15
1704597626 6
1704597658 46
1704597690 29



# Sketch: 1
1704597114 21
1704597146 13
1704597178 24
1704597210 16
1704597242 45
1704597274 7
1704597306 19
1704597338 9
1704597370 22
1704597402 13
1704597434 14
1704597466 31
1704597498 16
1704597530 6
1704597562 22
1704597594 11
1704597626 14
1704597658 15
1704597690 8



# Sketch: 2
1704597114 21
1704597146 30
1704597178 19
1704597210 22
1704597242 29
1704597274 22
1704597306 27
1704597338 19
1704597370 30
1704597402 43
1704597434 9
1704597466 8
1704597498 12
1704597530 22
1704597562 18
1704597594 7
1704597626 21
1704597658 22
1704597690 11



# Sketch: 3
1704597114 25
1704597146 25
1704597178 24
1704597210 16
1704597242 32
1704597274 22
1704597306 30
1704597338 26
1704597370 23
1704597402 11
1704597434 23
1704597466 19
1704597498 22
1704597530 11
1704597562 18
1704597594 23
1704597626 32
1704597658 17
1704597690 13



# Sketch: 4
1704597114 34
1704597146 30
1704597178 17
1704597210 30
1704597242 17
1704597274 23
1704597306 25
1704597338 29
1704597370 26
1704597402 14
1704597434 31
1704597466 27
1704597498 6
1704597530 28
1704597562 8
1704597594 15
1704597626 17
1704597658 7
1704597690 15



# Sketch: 5
1704597114 17
1704597146 16
1704597178 31
1704597210 17
1704597242 26
1704597274 15
1704597306 11
1704597338 33
1704597370 11
1704597402 16
1704597434 14
1704597466 9
1704597498 14
1704597530 11
1704597562 8
1704597594 13
1704597626 7
1704597658 21
1704597690 18



# Sketch: 6
1704597114 25
1704597146 16
1704597178 29
1704597210 17
1704597242 34
1704597274 18
1704597306 16
1704597338 11
1704597370 28
1704597402 19
1704597434 11
1704597466 21
1704597498 12
1704597530 16
1704597562 18
1704597594 25
1704597626 19
1704597658 17
1704597690 13



# Sketch: 7
1704597114 29
1704597146 16
1704597178 33
1704597210 17
1704597242 29
1704597274 35
1704597306 14
1704597338 25
1704597370 24
1704597402 20
1704597434 12
1704597466 19
1704597498 24
1704597530 14
1704597562 5
1704597594 16
1704597626 13
1704597658 13
1704597690 8



# Sketch: 8
1704597114 24
1704597146 20
1704597178 23
1704597210 11
1704597242 20
1704597274 18
1704597306 16
1704597338 15
1704597370 20
1704597402 11
1704597434 10
1704597466 22
1704597498 13
1704597530 19
1704597562 11
1704597594 15
1704597626 17
1704597658 22
1704597690 24



# Sketch: 9
1704597114 21
1704597146 25
1704597178 21
1704597210 25
1704597242 15
1704597274 26
1704597306 22
1704597338 18
1704597370 13
1704597402 7
1704597434 7
1704597466 24
1704597498 9
1704597530 16
1704597562 13
1704597594 15
1704597626 14
1704597658 14
1704597690 10



# Sketch: 10
1704597114 12
1704597146 18
1704597178 20
1704597210 27
1704597242 7
1704597274 33
1704597306 19
1704597338 11
1704597370 20
1704597402 10
1704597434 23
1704597466 13
1704597498 13
1704597530 21
1704597562 14
1704597594 19
1704597626 21
1704597658 8
1704597690 10



# Sketch: 11
1704597114 27
1704597146 47
1704597178 58
1704597210 31
1704597242 29
1704597274 23
1704597306 12
1704597338 15
1704597370 24
1704597402 10
1704597434 21
1704597466 29
1704597498 16
1704597530 21
1704597562 15
1704597594 22
1704597626 18
1704597658 16
1704597690 8



# Sketch: 12
1704597114 17
1704597146 41
1704597178 18
1704597210 29
1704597242 30
1704597274 21
1704597306 7
1704597338 16
1704597370 13
1704597402 8
1704597434 13
1704597466 14
1704597498 17
1704597530 26
1704597562 12
1704597594 24
1704597626 16
1704597658 12
1704597690 9



# Sketch: 13
1704597114 28
1704597146 19
1704597178 18
1704597210 20
1704597242 22
1704597274 26
1704597306 12
1704597338 16
1704597370 14
1704597402 14
1704597434 17
1704597466 22
1704597498 10
1704597530 11
1704597562 20
1704597594 8
1704597626 11
1704597658 10
1704597690 42



# Sketch: 14
1704597114 19
1704597146 21
1704597178 29
1704597210 25
1704597242 20
1704597274 21
1704597306 29
1704597338 17
1704597370 15
1704597402 20
1704597434 23
1704597466 24
1704597498 16
1704597530 24
1704597562 12
1704597594 24
1704597626 10
1704597658 25
1704597690 20



# Sketch: 15
1704597114 16
1704597146 30
1704597178 36
1704597210 24
1704597242 49
1704597274 19
1704597306 12
1704597338 26
1704597370 18
1704597402 4
1704597434 9
1704597466 10
1704597498 15
1704597530 16
1704597562 10
1704597594 20
1704597626 21
1704597658 17
1704597690 16



# Sketch: 16
1704597114 10
1704597146 17
1704597178 32
1704597210 10
1704597242 22
1704597274 13
1704597306 16
1704597338 20
1704597370 28
1704597402 15
1704597434 12
1704597466 19
1704597498 14
1704597530 8
1704597562 11
1704597594 6
1704597626 13
1704597658 19
1704597690 10



# Sketch: 17
1704597114 28
1704597146 21
1704597178 9
1704597210 20
1704597242 24
1704597274 16
1704597306 10
1704597338 7
1704597370 19
1704597402 16
1704597434 24
1704597466 20
1704597498 18
1704597530 10
1704597562 11
1704597594 13
1704597626 14
1704597658 10
1704597690 4



# Sketch: 18
1704597114 20
1704597146 13
1704597178 18
1704597210 19
1704597242 38
1704597274 14
1704597306 15
1704597338 10
1704597370 14
1704597402 11
1704597434 5
1704597466 21
1704597498 8
1704597530 26
1704597562 17
1704597594 18
1704597626 11
1704597658 20
1704597690 9



# Sketch: 19
1704597114 16
1704597146 23
1704597178 13
1704597210 22
1704597242 26
1704597274 13
1704597306 12
1704597338 18
1704597370 26
1704597402 16
1704597434 12
1704597466 14
1704597498 8
1704597530 16
1704597562 13
1704597594 16
1704597626 16
1704597658 14
1704597690 22



# Sketch: 20
1704597114 25
1704597146 58
1704597178 26
1704597210 20
1704597242 32
1704597274 19
1704597306 13
1704597338 11
1704597370 14
1704597402 11
1704597434 7
1704597466 13
1704597498 17
1704597530 19
1704597562 10
1704597594 11
1704597626 12
1704597658 12
1704597690 13



# Sketch: 21
1704597114 35
1704597146 44
1704597178 32
1704597210 47
1704597242 43
1704597274 25
1704597306 28
1704597338 21
1704597370 25
1704597402 17
1704597434 19
1704597466 19
1704597498 18
1704597530 19
1704597562 26
1704597594 27
1704597626 7
1704597658 8
1704597690 31



# Sketch: 22
1704597114 40
1704597146 26
1704597178 25
1704597210 28
1704597242 27
1704597274 44
1704597306 12
1704597338 24
1704597370 24
1704597402 16
1704597434 20
1704597466 42
1704597498 16
1704597530 12
1704597562 6
1704597594 19
1704597626 16
1704597658 17
1704597690 32



# Sketch: 23
1704597114 25
1704597146 13
1704597178 25
1704597210 27
1704597242 28
1704597274 16
1704597306 12
1704597338 11
1704597370 23
1704597402 19
1704597434 8
1704597466 13
1704597498 12
1704597530 21
1704597562 12
1704597594 17
1704597626 8
1704597658 17
1704597690 33



# Sketch: 24
1704597114 37
1704597146 28
1704597178 104
1704597210 20
1704597242 26
1704597274 23
1704597306 33
1704597338 32
1704597370 43
1704597402 30
1704597434 20
1704597466 31
1704597498 8
1704597530 21
1704597562 25
1704597594 12
1704597626 20
1704597658 23
1704597690 22



# Sketch: 25
1704597114 17
1704597146 19
1704597178 32
1704597210 25
1704597242 16
1704597274 26
1704597306 15
1704597338 14
1704597370 11
1704597402 7
1704597434 8
1704597466 18
1704597498 11
1704597530 16
1704597562 21
1704597594 25
1704597626 14
1704597658 21
1704597690 7



# Sketch: 26
1704597114 14
1704597146 21
1704597178 24
1704597210 21
1704597242 13
1704597274 13
1704597306 44
1704597338 31
1704597370 8
1704597402 13
1704597434 10
1704597466 13
1704597498 6
1704597530 15
1704597562 16
1704597594 9
1704597626 18
1704597658 8
1704597690 30



# Sketch: 27
1704597114 33
1704597146 96
1704597178 44
1704597210 28
1704597242 39
1704597274 22
1704597306 24
1704597338 22
1704597370 27
1704597402 22
1704597434 11
1704597466 24
1704597498 15
1704597530 17
1704597562 10
1704597594 19
1704597626 15
1704597658 15
1704597690 11



# Sketch: 28
1704597114 16
1704597146 7
1704597178 13
1704597210 28
1704597242 32
1704597274 16
1704597306 13
1704597338 18
1704597370 8
1704597402 7
1704597434 8
1704597466 12
1704597498 21
1704597530 10
1704597562 11
1704597594 12
1704597626 13
1704597658 14
1704597690 23



# Sketch: 29
1704597114 21
1704597146 26
1704597178 25
1704597210 18
1704597242 29
1704597274 13
1704597306 20
1704597338 13
1704597370 36
1704597402 23
1704597434 3
1704597466 20
1704597498 8
1704597530 8
1704597562 12
1704597594 15
1704597626 17
1704597658 21
1704597690 13



# Sketch: 30
1704597114 30
1704597146 26
1704597178 14
1704597210 28
1704597242 29
1704597274 28
1704597306 10
1704597338 21
1704597370 21
1704597402 11
1704597434 13
1704597466 9
1704597498 9
1704597530 25
1704597562 14
1704597594 18
1704597626 14
1704597658 13
1704597690 12



# Sketch: 31
1704597114 23
1704597146 7
1704597178 25
1704597210 39
1704597242 16
1704597274 24
1704597306 4
1704597338 16
1704597370 15
1704597402 10
1704597434 12
1704597466 14
1704597498 23
1704597530 13
1704597562 12
1704597594 13
1704597626 18
1704597658 8
1704597690 21

