

# Sketch: 0
1704597114 51
1704597178 47
1704597242 61
1704597306 21
1704597370 45
1704597434 35
1704597498 15
1704597562 21
1704597626 32
1704597690 12



# Sketch: 1
1704597114 80
1704597178 75
1704597242 70
1704597306 73
1704597370 72
1704597434 48
1704597498 44
1704597562 62
1704597626 53
1704597690 35



# Sketch: 2
1704597114 32
1704597178 26
1704597242 36
1704597306 31
1704597370 22
1704597434 23
1704597498 29
1704597562 29
1704597626 13
1704597690 14



# Sketch: 3
1704597114 51
1704597178 49
1704597242 61
1704597306 36
1704597370 27
1704597434 56
1704597498 39
1704597562 25
1704597626 27
1704597690 23



# Sketch: 4
1704597114 48
1704597178 37
1704597242 40
1704597306 27
1704597370 22
1704597434 11
1704597498 18
1704597562 16
1704597626 31
1704597690 50



# Sketch: 5
1704597114 45
1704597178 29
1704597242 45
1704597306 71
1704597370 41
1704597434 30
1704597498 33
1704597562 25
1704597626 27
1704597690 16



# Sketch: 6
1704597114 52
1704597178 47
1704597242 60
1704597306 35
1704597370 28
1704597434 35
1704597498 24
1704597562 24
1704597626 36
1704597690 23



# Sketch: 7
1704597114 49
1704597178 41
1704597242 64
1704597306 31
1704597370 34
1704597434 49
1704597498 37
1704597562 27
1704597626 17
1704597690 9



# Sketch: 8
1704597114 60
1704597178 64
1704597242 55
1704597306 48
1704597370 37
1704597434 26
1704597498 32
1704597562 28
1704597626 18
1704597690 9



# Sketch: 9
1704597114 56
1704597178 48
1704597242 49
1704597306 37
1704597370 25
1704597434 27
1704597498 44
1704597562 25
1704597626 55
1704597690 19



# Sketch: 10
1704597114 83
1704597178 69
1704597242 27
1704597306 29
1704597370 35
1704597434 25
1704597498 23
1704597562 24
1704597626 30
1704597690 11



# Sketch: 11
1704597114 46
1704597178 45
1704597242 70
1704597306 32
1704597370 30
1704597434 35
1704597498 28
1704597562 27
1704597626 25
1704597690 17



# Sketch: 12
1704597114 42
1704597178 61
1704597242 37
1704597306 48
1704597370 28
1704597434 31
1704597498 12
1704597562 34
1704597626 28
1704597690 14



# Sketch: 13
1704597114 44
1704597178 46
1704597242 59
1704597306 28
1704597370 35
1704597434 20
1704597498 25
1704597562 53
1704597626 42
1704597690 13



# Sketch: 14
1704597114 80
1704597178 47
1704597242 46
1704597306 34
1704597370 36
1704597434 26
1704597498 28
1704597562 46
1704597626 32
1704597690 20



# Sketch: 15
1704597114 56
1704597178 58
1704597242 47
1704597306 73
1704597370 103
1704597434 67
1704597498 53
1704597562 37
1704597626 58
1704597690 19



# Sketch: 16
1704597114 48
1704597178 43
1704597242 36
1704597306 23
1704597370 40
1704597434 47
1704597498 31
1704597562 26
1704597626 33
1704597690 15



# Sketch: 17
1704597114 26
1704597178 16
1704597242 46
1704597306 33
1704597370 27
1704597434 17
1704597498 24
1704597562 24
1704597626 26
1704597690 11



# Sketch: 18
1704597114 50
1704597178 37
1704597242 30
1704597306 30
1704597370 45
1704597434 36
1704597498 34
1704597562 26
1704597626 31
1704597690 7



# Sketch: 19
1704597114 47
1704597178 79
1704597242 40
1704597306 35
1704597370 27
1704597434 18
1704597498 33
1704597562 36
1704597626 22
1704597690 11



# Sketch: 20
1704597114 37
1704597178 60
1704597242 38
1704597306 29
1704597370 43
1704597434 32
1704597498 22
1704597562 33
1704597626 22
1704597690 10



# Sketch: 21
1704597114 72
1704597178 34
1704597242 67
1704597306 25
1704597370 47
1704597434 29
1704597498 44
1704597562 32
1704597626 32
1704597690 21



# Sketch: 22
1704597114 40
1704597178 150
1704597242 53
1704597306 30
1704597370 26
1704597434 47
1704597498 30
1704597562 37
1704597626 21
1704597690 18



# Sketch: 23
1704597114 62
1704597178 58
1704597242 53
1704597306 55
1704597370 45
1704597434 30
1704597498 31
1704597562 24
1704597626 31
1704597690 38



# Sketch: 24
1704597114 48
1704597178 42
1704597242 53
1704597306 29
1704597370 38
1704597434 29
1704597498 42
1704597562 26
1704597626 30
1704597690 14



# Sketch: 25
1704597114 30
1704597178 46
1704597242 46
1704597306 33
1704597370 44
1704597434 22
1704597498 36
1704597562 23
1704597626 31
1704597690 9



# Sketch: 26
1704597114 51
1704597178 33
1704597242 45
1704597306 40
1704597370 22
1704597434 43
1704597498 43
1704597562 33
1704597626 44
1704597690 16



# Sketch: 27
1704597114 47
1704597178 61
1704597242 67
1704597306 56
1704597370 31
1704597434 40
1704597498 26
1704597562 25
1704597626 43
1704597690 24



# Sketch: 28
1704597114 41
1704597178 41
1704597242 34
1704597306 31
1704597370 18
1704597434 31
1704597498 22
1704597562 18
1704597626 21
1704597690 6



# Sketch: 29
1704597114 35
1704597178 64
1704597242 44
1704597306 50
1704597370 95
1704597434 49
1704597498 42
1704597562 48
1704597626 50
1704597690 23



# Sketch: 30
1704597114 41
1704597178 57
1704597242 26
1704597306 30
1704597370 35
1704597434 38
1704597498 24
1704597562 30
1704597626 20
1704597690 10



# Sketch: 31
1704597114 41
1704597178 56
1704597242 36
1704597306 36
1704597370 30
1704597434 20
1704597498 27
1704597562 36
1704597626 24
1704597690 10

