

# Sketch: 0
1704597114 131
1704597242 70
1704597370 63
1704597498 43
1704597626 39



# Sketch: 1
1704597114 108
1704597242 64
1704597370 71
1704597498 63
1704597626 47



# Sketch: 2
1704597114 112
1704597242 100
1704597370 66
1704597498 71
1704597626 43



# Sketch: 3
1704597114 56
1704597242 60
1704597370 85
1704597498 67
1704597626 55



# Sketch: 4
1704597114 66
1704597242 73
1704597370 64
1704597498 67
1704597626 49



# Sketch: 5
1704597114 121
1704597242 126
1704597370 61
1704597498 62
1704597626 54



# Sketch: 6
1704597114 60
1704597242 51
1704597370 48
1704597498 56
1704597626 26



# Sketch: 7
1704597114 180
1704597242 68
1704597370 101
1704597498 36
1704597626 59



# Sketch: 8
1704597114 104
1704597242 83
1704597370 49
1704597498 56
1704597626 57



# Sketch: 9
1704597114 69
1704597242 90
1704597370 57
1704597498 64
1704597626 86



# Sketch: 10
1704597114 118
1704597242 96
1704597370 89
1704597498 57
1704597626 62



# Sketch: 11
1704597114 92
1704597242 93
1704597370 82
1704597498 82
1704597626 41



# Sketch: 12
1704597114 115
1704597242 103
1704597370 53
1704597498 74
1704597626 76



# Sketch: 13
1704597114 90
1704597242 69
1704597370 73
1704597498 34
1704597626 49



# Sketch: 14
1704597114 99
1704597242 79
1704597370 59
1704597498 77
1704597626 28



# Sketch: 15
1704597114 97
1704597242 63
1704597370 70
1704597498 56
1704597626 67



# Sketch: 16
1704597114 82
1704597242 95
1704597370 47
1704597498 63
1704597626 44



# Sketch: 17
1704597114 111
1704597242 74
1704597370 81
1704597498 69
1704597626 26



# Sketch: 18
1704597114 120
1704597242 58
1704597370 84
1704597498 38
1704597626 41



# Sketch: 19
1704597114 119
1704597242 67
1704597370 55
1704597498 47
1704597626 51



# Sketch: 20
1704597114 120
1704597242 59
1704597370 57
1704597498 46
1704597626 44



# Sketch: 21
1704597114 123
1704597242 105
1704597370 103
1704597498 73
1704597626 37



# Sketch: 22
1704597114 135
1704597242 86
1704597370 90
1704597498 75
1704597626 54



# Sketch: 23
1704597114 62
1704597242 80
1704597370 32
1704597498 48
1704597626 31



# Sketch: 24
1704597114 119
1704597242 96
1704597370 108
1704597498 72
1704597626 44



# Sketch: 25
1704597114 93
1704597242 115
1704597370 85
1704597498 53
1704597626 43



# Sketch: 26
1704597114 80
1704597242 112
1704597370 65
1704597498 62
1704597626 57



# Sketch: 27
1704597114 83
1704597242 145
1704597370 75
1704597498 94
1704597626 65



# Sketch: 28
1704597114 86
1704597242 84
1704597370 69
1704597498 76
1704597626 48



# Sketch: 29
1704597114 98
1704597242 71
1704597370 76
1704597498 49
1704597626 54



# Sketch: 30
1704597114 107
1704597242 89
1704597370 88
1704597498 82
1704597626 27



# Sketch: 31
1704597114 101
1704597242 136
1704597370 99
1704597498 63
1704597626 48

