

# Sketch: 0
1704597714 32
1704597778 24
1704597842 38
1704597906 209
1704597970 30
1704598034 39
1704598098 49
1704598162 38
1704598226 16
1704598290 5



# Sketch: 1
1704597714 60
1704597778 26
1704597842 66
1704597906 30
1704597970 34
1704598034 21
1704598098 25
1704598162 43
1704598226 22
1704598290 12



# Sketch: 2
1704597714 20
1704597778 29
1704597842 30
1704597906 64
1704597970 45
1704598034 31
1704598098 22
1704598162 21
1704598226 20
1704598290 12



# Sketch: 3
1704597714 10
1704597778 19
1704597842 30
1704597906 15
1704597970 48
1704598034 25
1704598098 16
1704598162 16
1704598226 18
1704598290 3



# Sketch: 4
1704597714 28
1704597778 32
1704597842 29
1704597906 25
1704597970 47
1704598034 41
1704598098 38
1704598162 31
1704598226 42
1704598290 11



# Sketch: 5
1704597714 30
1704597778 37
1704597842 40
1704597906 31
1704597970 32
1704598034 18
1704598098 26
1704598162 33
1704598226 14
1704598290 9



# Sketch: 6
1704597714 30
1704597778 29
1704597842 32
1704597906 41
1704597970 13
1704598034 13
1704598098 23
1704598162 29
1704598226 30
1704598290 12



# Sketch: 7
1704597714 28
1704597778 27
1704597842 35
1704597906 27
1704597970 21
1704598034 39
1704598098 18
1704598162 27
1704598226 24
1704598290 8



# Sketch: 8
1704597714 34
1704597778 21
1704597842 31
1704597906 24
1704597970 73
1704598034 26
1704598098 34
1704598162 29
1704598226 26
1704598290 16



# Sketch: 9
1704597714 19
1704597778 29
1704597842 32
1704597906 34
1704597970 28
1704598034 24
1704598098 28
1704598162 25
1704598226 50
1704598290 2



# Sketch: 10
1704597714 30
1704597778 21
1704597842 39
1704597906 21
1704597970 30
1704598034 36
1704598098 35
1704598162 30
1704598226 19
1704598290 7



# Sketch: 11
1704597714 31
1704597778 20
1704597842 29
1704597906 34
1704597970 25
1704598034 37
1704598098 29
1704598162 15
1704598226 29
1704598290 10



# Sketch: 12
1704597714 25
1704597778 19
1704597842 34
1704597906 30
1704597970 36
1704598034 30
1704598098 27
1704598162 37
1704598226 26
1704598290 1



# Sketch: 13
1704597714 31
1704597778 33
1704597842 27
1704597906 25
1704597970 40
1704598034 36
1704598098 30
1704598162 36
1704598226 22
1704598290 7



# Sketch: 14
1704597714 42
1704597778 43
1704597842 66
1704597906 63
1704597970 42
1704598034 28
1704598098 34
1704598162 48
1704598226 31
1704598290 23



# Sketch: 15
1704597714 36
1704597778 42
1704597842 41
1704597906 21
1704597970 22
1704598034 17
1704598098 58
1704598162 30
1704598226 32
1704598290 9



# Sketch: 16
1704597714 34
1704597778 29
1704597842 33
1704597906 17
1704597970 24
1704598034 58
1704598098 41
1704598162 33
1704598226 32
1704598290 12



# Sketch: 17
1704597714 53
1704597778 49
1704597842 54
1704597906 28
1704597970 74
1704598034 41
1704598098 25
1704598162 45
1704598226 37
1704598290 13



# Sketch: 18
1704597714 21
1704597778 35
1704597842 35
1704597906 35
1704597970 23
1704598034 38
1704598098 37
1704598162 69
1704598226 37
1704598290 9



# Sketch: 19
1704597714 41
1704597778 34
1704597842 46
1704597906 25
1704597970 18
1704598034 53
1704598098 29
1704598162 19
1704598226 27
1704598290 6



# Sketch: 20
1704597714 36
1704597778 58
1704597842 44
1704597906 37
1704597970 45
1704598034 46
1704598098 71
1704598162 34
1704598226 31
1704598290 16



# Sketch: 21
1704597714 29
1704597778 15
1704597842 47
1704597906 24
1704597970 29
1704598034 58
1704598098 21
1704598162 30
1704598226 35
1704598290 9



# Sketch: 22
1704597714 23
1704597778 42
1704597842 59
1704597906 27
1704597970 47
1704598034 37
1704598098 34
1704598162 26
1704598226 36
1704598290 11



# Sketch: 23
1704597714 46
1704597778 21
1704597842 27
1704597906 18
1704597970 27
1704598034 28
1704598098 25
1704598162 15
1704598226 45
1704598290 24



# Sketch: 24
1704597714 24
1704597778 20
1704597842 39
1704597906 57
1704597970 18
1704598034 25
1704598098 28
1704598162 41
1704598226 23
1704598290 11



# Sketch: 25
1704597714 17
1704597778 52
1704597842 55
1704597906 26
1704597970 16
1704598034 29
1704598098 36
1704598162 16
1704598226 26
1704598290 16



# Sketch: 26
1704597714 28
1704597778 23
1704597842 33
1704597906 19
1704597970 72
1704598034 70
1704598098 28
1704598162 29
1704598226 14
1704598290 9



# Sketch: 27
1704597714 34
1704597778 32
1704597842 17
1704597906 15
1704597970 25
1704598034 26
1704598098 42
1704598162 18
1704598226 34
1704598290 8



# Sketch: 28
1704597714 39
1704597778 31
1704597842 41
1704597906 93
1704597970 35
1704598034 33
1704598098 38
1704598162 50
1704598226 27
1704598290 6



# Sketch: 29
1704597714 46
1704597778 24
1704597842 23
1704597906 30
1704597970 28
1704598034 37
1704598098 28
1704598162 44
1704598226 24
1704598290 8



# Sketch: 30
1704597714 42
1704597778 28
1704597842 61
1704597906 38
1704597970 52
1704598034 25
1704598098 32
1704598162 44
1704598226 18
1704598290 8



# Sketch: 31
1704597714 58
1704597778 21
1704597842 40
1704597906 39
1704597970 46
1704598034 23
1704598098 23
1704598162 21
1704598226 29
1704598290 8

