

# Sketch: 0
0 1.05498
1 0.926574
2 0.946443
3 1.135
4 1.07119
5 0.838338
6 0.50947
7 0.461842



# Sketch: 1
0 0.331156
1 0.324867
2 0.29019
3 0.305707
4 0.20703
5 0.290072
6 0.544801
7 0.447358



# Sketch: 2
0 0.262946
1 0.267344
2 0.364077
3 0.425579
4 0.228695
5 0.381188
6 0.378761
7 0.465526



# Sketch: 3
0 0.227153
1 0.246669
2 0.228806
3 0.211596
4 0.227056
5 0.259497
6 0.414617
7 0.555137



# Sketch: 4
0 0.540275
1 0.765012
2 0.752071
3 0.832517
4 0.809776
5 0.775262
6 0.776318
7 0.458733



# Sketch: 5
0 0.534074
1 0.494882
2 0.552817
3 0.781148
4 1.28001
5 1.39211
6 0.822195
7 0.480972



# Sketch: 6
0 0.267258
1 0.230884
2 0.228781
3 0.204937
4 0.215251
5 0.493435
6 0.396893
7 0.423053



# Sketch: 7
0 1.09925
1 1.86439
2 2.80144
3 3.21852
4 3.33832
5 4.09205
6 3.79335
7 4.29318



# Sketch: 8
0 0.31692
1 0.424013
2 0.434086
3 0.244747
4 0.335013
5 0.322201
6 0.441523
7 0.471417



# Sketch: 9
0 0.170256
1 0.17424
2 0.595109
3 0.332161
4 0.364488
5 0.301081
6 0.27884
7 0.426932



# Sketch: 10
0 0.34172
1 0.422851
2 0.253326
3 0.23257
4 0.374464
5 2.03357
6 1.39173
7 4.51032



# Sketch: 11
0 0.734258
1 0.534947
2 0.621591
3 0.575231
4 0.290351
5 0.399073
6 0.337987
7 0.472225



# Sketch: 12
0 0.330495
1 0.329547
2 0.727034
3 0.8875
4 1.15728
5 1.09307
6 0.914648
7 0.452467



# Sketch: 13
0 0.099619
1 0.181872
2 0.340982
3 0.533455
4 0.463676
5 0.317103
6 0.402065
7 0.923099



# Sketch: 14
0 0.384838
1 0.363428
2 0.247388
3 0.267581
4 0.428321
5 0.494147
6 0.327973
7 0.412211



# Sketch: 15
0 0.459948
1 0.296983
2 0.228315
3 0.19995
4 0.248755
5 0.520163
6 0.102029
7 0.265022



# Sketch: 16
0 1.13632
1 1.21105
2 1.16169
3 0.236463
4 0.264472
5 0.198977
6 0.491678
7 0.610062



# Sketch: 17
0 2.2828
1 1.78861
2 1.21074
3 1.12956
4 1.10077
5 1.02335
6 0.72599
7 0.508068



# Sketch: 18
0 0.143208
1 0.200627
2 0.217254
3 0.217437
4 0.313796
5 0.47258
6 0.554525
7 0.406208



# Sketch: 19
0 0.229716
1 0.249675
2 0.32077
3 0.240247
4 0.447584
5 0.380794
6 0.593302
7 0.434287



# Sketch: 20
0 0.184067
1 0.25496
2 0.235332
3 0.323819
4 0.327801
5 0.55445
6 0.611106
7 0.438337



# Sketch: 21
0 0.744573
1 0.794699
2 0.967233
3 1.14252
4 1.12759
5 0.967605
6 0.819481
7 0.46708



# Sketch: 22
0 0.506547
1 0.351008
2 0.528664
3 1.02633
4 1.12072
5 1.74124
6 2.66414
7 0.853606



# Sketch: 23
0 0.577854
1 0.572531
2 0.416634
3 0.284224
4 0.289824
5 0.441582
6 0.380088
7 0.530022



# Sketch: 24
0 1.09258
1 0.721707
2 0.907874
3 1.20784
4 1.3427
5 0.617208
6 0.237283
7 0.355558



# Sketch: 25
0 0.49797
1 0.53762
2 0.37142
3 0.42466
4 0.336397
5 1.02679
6 1.5683
7 0.510627



# Sketch: 26
0 1.05656
1 1.21337
2 0.957601
3 0.569719
4 0.258906
5 0.833948
6 0.199021
7 0.378024



# Sketch: 27
0 0.266603
1 0.396131
2 0.210341
3 0.117918
4 0.0915147
5 0.577773
6 0.670664
7 1.21595



# Sketch: 28
0 0.86622
1 0.795503
2 0.799445
3 0.677831
4 0.670037
5 0.714953
6 0.31782
7 0.4459



# Sketch: 29
0 0.210883
1 0.519401
2 0.840201
3 1.04366
4 1.20404
5 1.15505
6 1.58139
7 1.24553



# Sketch: 30
0 0.390187
1 0.425695
2 0.344081
3 0.482468
4 0.245803
5 0.304819
6 0.537791
7 0.475472



# Sketch: 31
0 0.601098
1 0.585232
2 0.539388
3 0.454632
4 0.289931
5 0.284906
6 0.448741
7 0.399615

