

# Sketch: 0
1704597714 46
1704597778 24
1704597842 31
1704597906 28
1704597970 34
1704598034 33
1704598098 38
1704598162 34
1704598226 49
1704598290 16



# Sketch: 1
1704597714 36
1704597778 43
1704597842 44
1704597906 26
1704597970 18
1704598034 18
1704598098 16
1704598162 22
1704598226 20
1704598290 2



# Sketch: 2
1704597714 13
1704597778 25
1704597842 27
1704597906 21
1704597970 17
1704598034 48
1704598098 49
1704598162 29
1704598226 35
1704598290 8



# Sketch: 3
1704597714 40
1704597778 36
1704597842 22
1704597906 33
1704597970 32
1704598034 29
1704598098 28
1704598162 39
1704598226 51
1704598290 7



# Sketch: 4
1704597714 32
1704597778 36
1704597842 61
1704597906 46
1704597970 32
1704598034 58
1704598098 54
1704598162 29
1704598226 54
1704598290 6



# Sketch: 5
1704597714 36
1704597778 22
1704597842 46
1704597906 16
1704597970 25
1704598034 32
1704598098 28
1704598162 32
1704598226 28
1704598290 17



# Sketch: 6
1704597714 26
1704597778 32
1704597842 23
1704597906 27
1704597970 10
1704598034 42
1704598098 42
1704598162 17
1704598226 18
1704598290 16



# Sketch: 7
1704597714 31
1704597778 31
1704597842 30
1704597906 24
1704597970 27
1704598034 34
1704598098 20
1704598162 31
1704598226 18
1704598290 8



# Sketch: 8
1704597714 28
1704597778 37
1704597842 24
1704597906 26
1704597970 48
1704598034 26
1704598098 30
1704598162 23
1704598226 31
1704598290 0



# Sketch: 9
1704597714 34
1704597778 20
1704597842 26
1704597906 10
1704597970 34
1704598034 24
1704598098 24
1704598162 23
1704598226 31
1704598290 13



# Sketch: 10
1704597714 39
1704597778 38
1704597842 73
1704597906 99
1704597970 44
1704598034 37
1704598098 34
1704598162 36
1704598226 26
1704598290 12



# Sketch: 11
1704597714 21
1704597778 34
1704597842 39
1704597906 25
1704597970 39
1704598034 28
1704598098 23
1704598162 40
1704598226 20
1704598290 6



# Sketch: 12
1704597714 34
1704597778 25
1704597842 23
1704597906 33
1704597970 67
1704598034 34
1704598098 35
1704598162 35
1704598226 17
1704598290 3



# Sketch: 13
1704597714 30
1704597778 46
1704597842 20
1704597906 17
1704597970 29
1704598034 26
1704598098 17
1704598162 18
1704598226 16
1704598290 7



# Sketch: 14
1704597714 34
1704597778 21
1704597842 38
1704597906 22
1704597970 41
1704598034 52
1704598098 30
1704598162 36
1704598226 45
1704598290 11



# Sketch: 15
1704597714 28
1704597778 29
1704597842 64
1704597906 25
1704597970 72
1704598034 31
1704598098 28
1704598162 33
1704598226 23
1704598290 14



# Sketch: 16
1704597714 14
1704597778 29
1704597842 26
1704597906 25
1704597970 30
1704598034 21
1704598098 17
1704598162 39
1704598226 19
1704598290 7



# Sketch: 17
1704597714 34
1704597778 20
1704597842 64
1704597906 46
1704597970 22
1704598034 30
1704598098 32
1704598162 34
1704598226 26
1704598290 7



# Sketch: 18
1704597714 57
1704597778 32
1704597842 50
1704597906 44
1704597970 62
1704598034 39
1704598098 29
1704598162 30
1704598226 25
1704598290 15



# Sketch: 19
1704597714 24
1704597778 15
1704597842 32
1704597906 15
1704597970 27
1704598034 27
1704598098 25
1704598162 23
1704598226 23
1704598290 5



# Sketch: 20
1704597714 50
1704597778 30
1704597842 39
1704597906 208
1704597970 25
1704598034 32
1704598098 49
1704598162 39
1704598226 37
1704598290 7



# Sketch: 21
1704597714 39
1704597778 29
1704597842 46
1704597906 27
1704597970 38
1704598034 28
1704598098 27
1704598162 41
1704598226 36
1704598290 12



# Sketch: 22
1704597714 19
1704597778 25
1704597842 37
1704597906 75
1704597970 25
1704598034 33
1704598098 29
1704598162 18
1704598226 28
1704598290 10



# Sketch: 23
1704597714 27
1704597778 49
1704597842 42
1704597906 39
1704597970 72
1704598034 31
1704598098 45
1704598162 59
1704598226 33
1704598290 17



# Sketch: 24
1704597714 42
1704597778 16
1704597842 64
1704597906 52
1704597970 49
1704598034 30
1704598098 35
1704598162 12
1704598226 20
1704598290 16



# Sketch: 25
1704597714 25
1704597778 29
1704597842 29
1704597906 20
1704597970 17
1704598034 32
1704598098 24
1704598162 29
1704598226 24
1704598290 13



# Sketch: 26
1704597714 38
1704597778 27
1704597842 33
1704597906 43
1704597970 44
1704598034 39
1704598098 78
1704598162 42
1704598226 16
1704598290 13



# Sketch: 27
1704597714 13
1704597778 21
1704597842 34
1704597906 24
1704597970 37
1704598034 47
1704598098 36
1704598162 38
1704598226 23
1704598290 2



# Sketch: 28
1704597714 48
1704597778 36
1704597842 41
1704597906 36
1704597970 35
1704598034 50
1704598098 26
1704598162 42
1704598226 36
1704598290 16



# Sketch: 29
1704597714 25
1704597778 34
1704597842 43
1704597906 32
1704597970 34
1704598034 22
1704598098 14
1704598162 42
1704598226 21
1704598290 4



# Sketch: 30
1704597714 39
1704597778 25
1704597842 42
1704597906 17
1704597970 22
1704598034 19
1704598098 20
1704598162 20
1704598226 17
1704598290 15



# Sketch: 31
1704597714 55
1704597778 49
1704597842 40
1704597906 41
1704597970 37
1704598034 56
1704598098 48
1704598162 37
1704598226 30
1704598290 16

