

# Sketch: 0
1704597714 45
1704597778 30
1704597842 78
1704597906 29
1704597970 30
1704598034 21
1704598098 24
1704598162 19
1704598226 33
1704598290 5



# Sketch: 1
1704597714 20
1704597778 16
1704597842 20
1704597906 28
1704597970 41
1704598034 30
1704598098 19
1704598162 35
1704598226 29
1704598290 14



# Sketch: 2
1704597714 37
1704597778 29
1704597842 39
1704597906 34
1704597970 26
1704598034 36
1704598098 40
1704598162 35
1704598226 26
1704598290 22



# Sketch: 3
1704597714 28
1704597778 27
1704597842 28
1704597906 18
1704597970 43
1704598034 27
1704598098 35
1704598162 19
1704598226 45
1704598290 1



# Sketch: 4
1704597714 64
1704597778 34
1704597842 30
1704597906 39
1704597970 32
1704598034 37
1704598098 27
1704598162 46
1704598226 31
1704598290 9



# Sketch: 5
1704597714 26
1704597778 24
1704597842 16
1704597906 23
1704597970 33
1704598034 19
1704598098 29
1704598162 24
1704598226 15
1704598290 6



# Sketch: 6
1704597714 27
1704597778 52
1704597842 38
1704597906 17
1704597970 31
1704598034 39
1704598098 38
1704598162 31
1704598226 23
1704598290 6



# Sketch: 7
1704597714 31
1704597778 22
1704597842 64
1704597906 36
1704597970 34
1704598034 35
1704598098 43
1704598162 29
1704598226 30
1704598290 10



# Sketch: 8
1704597714 29
1704597778 34
1704597842 32
1704597906 27
1704597970 63
1704598034 68
1704598098 63
1704598162 37
1704598226 26
1704598290 7



# Sketch: 9
1704597714 33
1704597778 24
1704597842 29
1704597906 18
1704597970 23
1704598034 31
1704598098 21
1704598162 18
1704598226 17
1704598290 4



# Sketch: 10
1704597714 21
1704597778 48
1704597842 67
1704597906 136
1704597970 32
1704598034 41
1704598098 35
1704598162 36
1704598226 29
1704598290 24



# Sketch: 11
1704597714 22
1704597778 22
1704597842 35
1704597906 26
1704597970 20
1704598034 21
1704598098 16
1704598162 21
1704598226 31
1704598290 8



# Sketch: 12
1704597714 41
1704597778 36
1704597842 32
1704597906 24
1704597970 27
1704598034 41
1704598098 33
1704598162 35
1704598226 25
1704598290 5



# Sketch: 13
1704597714 49
1704597778 31
1704597842 39
1704597906 43
1704597970 31
1704598034 32
1704598098 30
1704598162 25
1704598226 25
1704598290 18



# Sketch: 14
1704597714 35
1704597778 62
1704597842 56
1704597906 53
1704597970 29
1704598034 50
1704598098 45
1704598162 57
1704598226 50
1704598290 22



# Sketch: 15
1704597714 31
1704597778 23
1704597842 42
1704597906 30
1704597970 18
1704598034 31
1704598098 32
1704598162 35
1704598226 48
1704598290 7



# Sketch: 16
1704597714 43
1704597778 35
1704597842 42
1704597906 36
1704597970 32
1704598034 55
1704598098 45
1704598162 14
1704598226 10
1704598290 14



# Sketch: 17
1704597714 35
1704597778 25
1704597842 45
1704597906 37
1704597970 37
1704598034 27
1704598098 39
1704598162 33
1704598226 19
1704598290 6



# Sketch: 18
1704597714 19
1704597778 29
1704597842 53
1704597906 19
1704597970 34
1704598034 35
1704598098 40
1704598162 23
1704598226 31
1704598290 8



# Sketch: 19
1704597714 34
1704597778 30
1704597842 42
1704597906 33
1704597970 58
1704598034 18
1704598098 16
1704598162 66
1704598226 33
1704598290 11



# Sketch: 20
1704597714 26
1704597778 19
1704597842 27
1704597906 198
1704597970 21
1704598034 24
1704598098 21
1704598162 16
1704598226 21
1704598290 13



# Sketch: 21
1704597714 50
1704597778 41
1704597842 38
1704597906 24
1704597970 43
1704598034 54
1704598098 39
1704598162 45
1704598226 41
1704598290 13



# Sketch: 22
1704597714 42
1704597778 18
1704597842 34
1704597906 17
1704597970 20
1704598034 24
1704598098 32
1704598162 26
1704598226 17
1704598290 8



# Sketch: 23
1704597714 39
1704597778 14
1704597842 33
1704597906 17
1704597970 35
1704598034 21
1704598098 28
1704598162 25
1704598226 29
1704598290 5



# Sketch: 24
1704597714 20
1704597778 29
1704597842 34
1704597906 33
1704597970 34
1704598034 29
1704598098 39
1704598162 64
1704598226 23
1704598290 7



# Sketch: 25
1704597714 26
1704597778 37
1704597842 31
1704597906 17
1704597970 64
1704598034 40
1704598098 16
1704598162 27
1704598226 11
1704598290 6



# Sketch: 26
1704597714 44
1704597778 36
1704597842 48
1704597906 29
1704597970 27
1704598034 25
1704598098 30
1704598162 30
1704598226 30
1704598290 19



# Sketch: 27
1704597714 39
1704597778 41
1704597842 22
1704597906 16
1704597970 38
1704598034 26
1704598098 32
1704598162 33
1704598226 26
1704598290 7



# Sketch: 28
1704597714 15
1704597778 17
1704597842 26
1704597906 22
1704597970 29
1704598034 25
1704598098 29
1704598162 24
1704598226 16
1704598290 7



# Sketch: 29
1704597714 38
1704597778 18
1704597842 52
1704597906 25
1704597970 78
1704598034 55
1704598098 33
1704598162 28
1704598226 28
1704598290 14



# Sketch: 30
1704597714 15
1704597778 22
1704597842 26
1704597906 26
1704597970 60
1704598034 32
1704598098 23
1704598162 26
1704598226 23
1704598290 7



# Sketch: 31
1704597714 33
1704597778 40
1704597842 55
1704597906 92
1704597970 22
1704598034 39
1704598098 38
1704598162 40
1704598226 55
1704598290 8

