

# Sketch: 0
1704597714 60
1704597842 120
1704597970 77
1704598098 64
1704598226 27



# Sketch: 1
1704597714 52
1704597842 54
1704597970 63
1704598098 58
1704598226 27



# Sketch: 2
1704597714 79
1704597842 78
1704597970 82
1704598098 61
1704598226 77



# Sketch: 3
1704597714 46
1704597842 44
1704597970 72
1704598098 65
1704598226 43



# Sketch: 4
1704597714 65
1704597842 53
1704597970 46
1704598098 63
1704598226 28



# Sketch: 5
1704597714 62
1704597842 80
1704597970 55
1704598098 52
1704598226 23



# Sketch: 6
1704597714 52
1704597842 144
1704597970 133
1704598098 76
1704598226 33



# Sketch: 7
1704597714 39
1704597842 61
1704597970 51
1704598098 52
1704598226 24



# Sketch: 8
1704597714 72
1704597842 61
1704597970 61
1704598098 92
1704598226 43



# Sketch: 9
1704597714 62
1704597842 79
1704597970 105
1704598098 43
1704598226 27



# Sketch: 10
1704597714 57
1704597842 48
1704597970 43
1704598098 59
1704598226 33



# Sketch: 11
1704597714 81
1704597842 69
1704597970 134
1704598098 77
1704598226 46



# Sketch: 12
1704597714 71
1704597842 85
1704597970 89
1704598098 96
1704598226 37



# Sketch: 13
1704597714 90
1704597842 92
1704597970 72
1704598098 107
1704598226 52



# Sketch: 14
1704597714 51
1704597842 260
1704597970 54
1704598098 61
1704598226 30



# Sketch: 15
1704597714 46
1704597842 50
1704597970 60
1704598098 70
1704598226 32



# Sketch: 16
1704597714 104
1704597842 120
1704597970 79
1704598098 63
1704598226 42



# Sketch: 17
1704597714 54
1704597842 52
1704597970 104
1704598098 50
1704598226 59



# Sketch: 18
1704597714 57
1704597842 68
1704597970 51
1704598098 63
1704598226 30



# Sketch: 19
1704597714 48
1704597842 46
1704597970 30
1704598098 51
1704598226 42



# Sketch: 20
1704597714 65
1704597842 62
1704597970 83
1704598098 56
1704598226 38



# Sketch: 21
1704597714 64
1704597842 79
1704597970 72
1704598098 60
1704598226 33



# Sketch: 22
1704597714 64
1704597842 91
1704597970 55
1704598098 61
1704598226 30



# Sketch: 23
1704597714 104
1704597842 69
1704597970 86
1704598098 60
1704598226 65



# Sketch: 24
1704597714 66
1704597842 52
1704597970 35
1704598098 63
1704598226 42



# Sketch: 25
1704597714 62
1704597842 60
1704597970 83
1704598098 55
1704598226 37



# Sketch: 26
1704597714 47
1704597842 34
1704597970 63
1704598098 45
1704598226 35



# Sketch: 27
1704597714 51
1704597842 69
1704597970 38
1704598098 62
1704598226 32



# Sketch: 28
1704597714 67
1704597842 96
1704597970 62
1704598098 73
1704598226 40



# Sketch: 29
1704597714 70
1704597842 60
1704597970 87
1704598098 80
1704598226 37



# Sketch: 30
1704597714 46
1704597842 78
1704597970 58
1704598098 35
1704598226 24



# Sketch: 31
1704597714 68
1704597842 61
1704597970 50
1704598098 79
1704598226 49

