

# Sketch: 0
1704597714 59
1704597842 68
1704597970 50
1704598098 96
1704598226 28



# Sketch: 1
1704597714 66
1704597842 59
1704597970 43
1704598098 39
1704598226 19



# Sketch: 2
1704597714 59
1704597842 79
1704597970 76
1704598098 70
1704598226 36



# Sketch: 3
1704597714 56
1704597842 41
1704597970 37
1704598098 30
1704598226 34



# Sketch: 4
1704597714 77
1704597842 78
1704597970 54
1704598098 56
1704598226 38



# Sketch: 5
1704597714 40
1704597842 71
1704597970 80
1704598098 49
1704598226 24



# Sketch: 6
1704597714 59
1704597842 104
1704597970 109
1704598098 67
1704598226 46



# Sketch: 7
1704597714 54
1704597842 62
1704597970 57
1704598098 54
1704598226 49



# Sketch: 8
1704597714 63
1704597842 55
1704597970 79
1704598098 57
1704598226 39



# Sketch: 9
1704597714 53
1704597842 76
1704597970 52
1704598098 47
1704598226 34



# Sketch: 10
1704597714 80
1704597842 61
1704597970 54
1704598098 58
1704598226 25



# Sketch: 11
1704597714 50
1704597842 81
1704597970 63
1704598098 77
1704598226 45



# Sketch: 12
1704597714 46
1704597842 62
1704597970 35
1704598098 52
1704598226 30



# Sketch: 13
1704597714 65
1704597842 81
1704597970 56
1704598098 75
1704598226 38



# Sketch: 14
1704597714 67
1704597842 307
1704597970 91
1704598098 72
1704598226 32



# Sketch: 15
1704597714 94
1704597842 69
1704597970 67
1704598098 58
1704598226 39



# Sketch: 16
1704597714 61
1704597842 44
1704597970 68
1704598098 61
1704598226 39



# Sketch: 17
1704597714 67
1704597842 57
1704597970 81
1704598098 73
1704598226 29



# Sketch: 18
1704597714 58
1704597842 121
1704597970 118
1704598098 63
1704598226 31



# Sketch: 19
1704597714 61
1704597842 51
1704597970 55
1704598098 48
1704598226 40



# Sketch: 20
1704597714 50
1704597842 102
1704597970 58
1704598098 46
1704598226 42



# Sketch: 21
1704597714 82
1704597842 81
1704597970 106
1704598098 121
1704598226 67



# Sketch: 22
1704597714 73
1704597842 51
1704597970 152
1704598098 50
1704598226 34



# Sketch: 23
1704597714 55
1704597842 73
1704597970 44
1704598098 43
1704598226 49



# Sketch: 24
1704597714 49
1704597842 72
1704597970 66
1704598098 71
1704598226 47



# Sketch: 25
1704597714 83
1704597842 99
1704597970 83
1704598098 103
1704598226 58



# Sketch: 26
1704597714 52
1704597842 56
1704597970 51
1704598098 61
1704598226 33



# Sketch: 27
1704597714 78
1704597842 86
1704597970 82
1704598098 73
1704598226 65



# Sketch: 28
1704597714 63
1704597842 46
1704597970 52
1704598098 60
1704598226 32



# Sketch: 29
1704597714 65
1704597842 65
1704597970 79
1704598098 40
1704598226 34



# Sketch: 30
1704597714 82
1704597842 63
1704597970 84
1704598098 121
1704598226 32



# Sketch: 31
1704597714 55
1704597842 54
1704597970 51
1704598098 61
1704598226 29

