

# Sketch: 0
1704598314 50
1704598378 37
1704598442 46
1704598506 39
1704598570 16
1704598634 37
1704598698 32
1704598762 39
1704598826 32
1704598890 20



# Sketch: 1
1704598314 34
1704598378 46
1704598442 39
1704598506 24
1704598570 34
1704598634 28
1704598698 22
1704598762 48
1704598826 32
1704598890 23



# Sketch: 2
1704598314 21
1704598378 17
1704598442 28
1704598506 30
1704598570 28
1704598634 33
1704598698 29
1704598762 36
1704598826 23
1704598890 9



# Sketch: 3
1704598314 23
1704598378 23
1704598442 35
1704598506 33
1704598570 38
1704598634 67
1704598698 35
1704598762 39
1704598826 64
1704598890 27



# Sketch: 4
1704598314 25
1704598378 14
1704598442 32
1704598506 47
1704598570 23
1704598634 24
1704598698 28
1704598762 47
1704598826 30
1704598890 16



# Sketch: 5
1704598314 47
1704598378 48
1704598442 30
1704598506 50
1704598570 28
1704598634 37
1704598698 34
1704598762 36
1704598826 56
1704598890 17



# Sketch: 6
1704598314 30
1704598378 29
1704598442 33
1704598506 39
1704598570 30
1704598634 22
1704598698 25
1704598762 17
1704598826 30
1704598890 24



# Sketch: 7
1704598314 26
1704598378 19
1704598442 28
1704598506 39
1704598570 33
1704598634 28
1704598698 25
1704598762 34
1704598826 31
1704598890 10



# Sketch: 8
1704598314 69
1704598378 34
1704598442 35
1704598506 48
1704598570 36
1704598634 37
1704598698 29
1704598762 38
1704598826 25
1704598890 11



# Sketch: 9
1704598314 61
1704598378 20
1704598442 38
1704598506 36
1704598570 32
1704598634 51
1704598698 25
1704598762 51
1704598826 25
1704598890 17



# Sketch: 10
1704598314 38
1704598378 21
1704598442 34
1704598506 47
1704598570 43
1704598634 34
1704598698 33
1704598762 51
1704598826 21
1704598890 9



# Sketch: 11
1704598314 35
1704598378 32
1704598442 23
1704598506 20
1704598570 20
1704598634 24
1704598698 24
1704598762 21
1704598826 23
1704598890 14



# Sketch: 12
1704598314 26
1704598378 20
1704598442 31
1704598506 34
1704598570 38
1704598634 38
1704598698 15
1704598762 34
1704598826 24
1704598890 14



# Sketch: 13
1704598314 17
1704598378 40
1704598442 35
1704598506 64
1704598570 26
1704598634 34
1704598698 20
1704598762 24
1704598826 19
1704598890 6



# Sketch: 14
1704598314 70
1704598378 22
1704598442 59
1704598506 60
1704598570 45
1704598634 38
1704598698 37
1704598762 59
1704598826 24
1704598890 15



# Sketch: 15
1704598314 17
1704598378 34
1704598442 29
1704598506 23
1704598570 25
1704598634 42
1704598698 25
1704598762 39
1704598826 21
1704598890 14



# Sketch: 16
1704598314 28
1704598378 37
1704598442 30
1704598506 41
1704598570 28
1704598634 41
1704598698 36
1704598762 29
1704598826 41
1704598890 10



# Sketch: 17
1704598314 25
1704598378 24
1704598442 19
1704598506 26
1704598570 19
1704598634 23
1704598698 26
1704598762 20
1704598826 49
1704598890 4



# Sketch: 18
1704598314 17
1704598378 32
1704598442 24
1704598506 27
1704598570 19
1704598634 28
1704598698 35
1704598762 22
1704598826 49
1704598890 12



# Sketch: 19
1704598314 88
1704598378 23
1704598442 33
1704598506 27
1704598570 28
1704598634 33
1704598698 37
1704598762 27
1704598826 45
1704598890 16



# Sketch: 20
1704598314 46
1704598378 47
1704598442 41
1704598506 34
1704598570 29
1704598634 49
1704598698 35
1704598762 43
1704598826 38
1704598890 19



# Sketch: 21
1704598314 45
1704598378 50
1704598442 38
1704598506 30
1704598570 38
1704598634 36
1704598698 25
1704598762 30
1704598826 23
1704598890 6



# Sketch: 22
1704598314 19
1704598378 22
1704598442 24
1704598506 31
1704598570 24
1704598634 35
1704598698 49
1704598762 55
1704598826 29
1704598890 12



# Sketch: 23
1704598314 32
1704598378 18
1704598442 29
1704598506 36
1704598570 26
1704598634 42
1704598698 13
1704598762 23
1704598826 25
1704598890 14



# Sketch: 24
1704598314 19
1704598378 32
1704598442 28
1704598506 20
1704598570 28
1704598634 52
1704598698 34
1704598762 24
1704598826 29
1704598890 15



# Sketch: 25
1704598314 45
1704598378 24
1704598442 36
1704598506 31
1704598570 33
1704598634 31
1704598698 30
1704598762 42
1704598826 19
1704598890 15



# Sketch: 26
1704598314 27
1704598378 37
1704598442 27
1704598506 53
1704598570 19
1704598634 17
1704598698 53
1704598762 25
1704598826 37
1704598890 10



# Sketch: 27
1704598314 40
1704598378 32
1704598442 26
1704598506 22
1704598570 26
1704598634 32
1704598698 24
1704598762 28
1704598826 18
1704598890 16



# Sketch: 28
1704598314 27
1704598378 37
1704598442 18
1704598506 30
1704598570 36
1704598634 49
1704598698 13
1704598762 45
1704598826 36
1704598890 16



# Sketch: 29
1704598314 20
1704598378 24
1704598442 33
1704598506 17
1704598570 33
1704598634 20
1704598698 42
1704598762 16
1704598826 29
1704598890 13



# Sketch: 30
1704598314 28
1704598378 33
1704598442 23
1704598506 31
1704598570 23
1704598634 26
1704598698 37
1704598762 21
1704598826 10
1704598890 14



# Sketch: 31
1704598314 47
1704598378 16
1704598442 25
1704598506 21
1704598570 21
1704598634 20
1704598698 23
1704598762 22
1704598826 30
1704598890 12

