

# Sketch: 0
0 0.834887
1 0.868409
2 0.815468
3 0.662885
4 0.599479
5 0.658124
6 0.555485
7 0.593779



# Sketch: 1
0 0.977875
1 0.721737
2 0.99421
3 1.1359
4 0.749588
5 0.814553
6 0.257973
7 0.630333



# Sketch: 2
0 0.635883
1 0.647936
2 0.591693
3 0.538248
4 0.508315
5 0.832303
6 2.36231
7 4.19107



# Sketch: 3
0 0.403344
1 0.38634
2 0.23949
3 0.100332
4 0.0443666
5 0.232492
6 0.398395
7 0.911745



# Sketch: 4
0 0.862918
1 0.734451
2 0.648634
3 0.587139
4 0.247551
5 0.196245
6 0.511124
7 0.766268



# Sketch: 5
0 0.694961
1 0.719388
2 0.420315
3 0.099834
4 0.446377
5 0.160098
6 0.165071
7 0.346862



# Sketch: 6
0 0.187193
1 0.19105
2 0.219058
3 0.328553
4 0.373024
5 0.669039
6 0.273544
7 0.333083



# Sketch: 7
0 0.513321
1 0.686669
2 1.20602
3 1.32142
4 1.28005
5 0.846174
6 0.72273
7 0.575325



# Sketch: 8
0 0.673637
1 0.651737
2 0.66163
3 0.567554
4 0.544624
5 0.55516
6 0.558466
7 0.700219



# Sketch: 9
0 0.29442
1 0.256596
2 0.29247
3 0.385381
4 0.723246
5 0.527517
6 0.347779
7 0.542923



# Sketch: 10
0 0.605985
1 0.643684
2 0.605479
3 0.563018
4 0.544874
5 0.574219
6 0.498938
7 0.427077



# Sketch: 11
0 0.578766
1 0.500234
2 0.570058
3 0.999116
4 1.28706
5 1.26097
6 0.266149
7 0.441629



# Sketch: 12
0 1.06902
1 1.21192
2 1.46628
3 1.64279
4 1.45103
5 0.909193
6 2.12542
7 2.47991



# Sketch: 13
0 0.505159
1 0.479643
2 0.471526
3 0.489335
4 0.47218
5 0.461261
6 0.493005
7 0.54693



# Sketch: 14
0 0.407184
1 0.407293
2 0.406306
3 0.452761
4 0.50747
5 0.44769
6 0.456646
7 0.385226



# Sketch: 15
0 0.531265
1 0.697219
2 0.769386
3 0.871389
4 0.950829
5 0.248583
6 0.181577
7 0.269613



# Sketch: 16
0 0.265182
1 0.255446
2 0.285032
3 0.235228
4 0.20516
5 0.188812
6 0.249184
7 0.316426



# Sketch: 17
0 0.22501
1 0.235025
2 0.228715
3 0.311391
4 0.0790313
5 0.195152
6 0.211358
7 0.496403



# Sketch: 18
0 0.932435
1 1.10121
2 1.0028
3 0.663723
4 0.409239
5 0.217384
6 0.407566
7 1.05986



# Sketch: 19
0 0.955769
1 0.95791
2 0.709427
3 0.365383
4 0.240885
5 0.229229
6 0.323452
7 0.78247



# Sketch: 20
0 0.805094
1 0.676228
2 0.493081
3 0.134888
4 0.324394
5 0.314654
6 0.576476
7 0.380341



# Sketch: 21
0 0.0954321
1 0.0938218
2 0.245794
3 0.232104
4 0.394521
5 0.118879
6 0.298236
7 0.367115



# Sketch: 22
0 0.651676
1 0.698341
2 0.695587
3 0.677459
4 0.653809
5 0.699477
6 0.648104
7 0.669843



# Sketch: 23
0 0.398938
1 0.211509
2 0.0933648
3 0.597758
4 1.25828
5 1.25688
6 0.535406
7 1.14081



# Sketch: 24
0 0.530602
1 0.56976
2 0.601208
3 0.533666
4 0.519998
5 0.514922
6 0.446055
7 0.410306



# Sketch: 25
0 0.514489
1 0.40638
2 0.301557
3 0.3028
4 0.427939
5 0.499235
6 0.264053
7 0.361164



# Sketch: 26
0 0.733926
1 0.755473
2 0.737116
3 0.642413
4 0.638545
5 0.725185
6 0.666415
7 0.69676



# Sketch: 27
0 1.49007
1 1.21742
2 1.43354
3 1.62132
4 1.2162
5 0.879899
6 0.70252
7 1.66218



# Sketch: 28
0 0.454682
1 0.535866
2 0.463825
3 0.410202
4 0.356992
5 0.301781
6 0.556105
7 0.601901



# Sketch: 29
0 0.653681
1 0.475441
2 0.50706
3 0.33069
4 0.21941
5 0.333799
6 0.243331
7 0.347416



# Sketch: 30
0 0.639155
1 0.665413
2 0.689457
3 0.6166
4 0.608452
5 0.635055
6 0.650116
7 0.680898



# Sketch: 31
0 0.500224
1 0.35997
2 0.246058
3 0.28697
4 0.291496
5 0.268238
6 0.413115
7 1.49669

