

# Sketch: 0
1704598314 7
1704598330 6
1704598346 12
1704598362 9
1704598378 5
1704598394 5
1704598410 3
1704598426 5
1704598442 8
1704598458 10
1704598474 6
1704598490 10
1704598506 4
1704598522 4
1704598538 6
1704598554 11
1704598570 8
1704598586 8
1704598602 3
1704598618 2
1704598634 7
1704598650 3
1704598666 11
1704598682 7
1704598698 9
1704598714 2
1704598730 5
1704598746 10
1704598762 4
1704598778 13
1704598794 12
1704598810 8
1704598826 4
1704598842 1
1704598858 4
1704598874 8
1704598890 18
1704598906 1



# Sketch: 1
1704598314 7
1704598330 12
1704598346 7
1704598362 7
1704598378 1
1704598394 10
1704598410 6
1704598426 3
1704598442 6
1704598458 5
1704598474 8
1704598490 3
1704598506 14
1704598522 3
1704598538 8
1704598554 3
1704598570 12
1704598586 7
1704598602 8
1704598618 4
1704598634 10
1704598650 4
1704598666 14
1704598682 14
1704598698 12
1704598714 2
1704598730 8
1704598746 7
1704598762 4
1704598778 6
1704598794 2
1704598810 2
1704598826 26
1704598842 1
1704598858 6
1704598874 5
1704598890 8
1704598906 3



# Sketch: 2
1704598314 1
1704598330 4
1704598346 9
1704598362 6
1704598378 3
1704598394 2
1704598410 4
1704598426 4
1704598442 6
1704598458 6
1704598474 12
1704598490 9
1704598506 3
1704598522 12
1704598538 2
1704598554 6
1704598570 5
1704598586 4
1704598602 2
1704598618 2
1704598634 6
1704598650 4
1704598666 4
1704598682 7
1704598698 5
1704598714 2
1704598730 16
1704598746 9
1704598762 8
1704598778 8
1704598794 8
1704598810 9
1704598826 12
1704598842 0
1704598858 7
1704598874 4
1704598890 12
1704598906 2



# Sketch: 3
1704598314 8
1704598330 13
1704598346 13
1704598362 7
1704598378 7
1704598394 11
1704598410 3
1704598426 1
1704598442 8
1704598458 9
1704598474 12
1704598490 7
1704598506 5
1704598522 7
1704598538 6
1704598554 8
1704598570 10
1704598586 4
1704598602 7
1704598618 5
1704598634 14
1704598650 3
1704598666 4
1704598682 11
1704598698 16
1704598714 6
1704598730 2
1704598746 7
1704598762 10
1704598778 7
1704598794 15
1704598810 11
1704598826 5
1704598842 1
1704598858 12
1704598874 2
1704598890 5
1704598906 6



# Sketch: 4
1704598314 10
1704598330 6
1704598346 7
1704598362 12
1704598378 5
1704598394 10
1704598410 5
1704598426 10
1704598442 6
1704598458 9
1704598474 9
1704598490 11
1704598506 12
1704598522 4
1704598538 18
1704598554 4
1704598570 3
1704598586 19
1704598602 8
1704598618 4
1704598634 3
1704598650 7
1704598666 28
1704598682 10
1704598698 8
1704598714 5
1704598730 2
1704598746 5
1704598762 5
1704598778 6
1704598794 8
1704598810 20
1704598826 9
1704598842 2
1704598858 10
1704598874 10
1704598890 7
1704598906 5



# Sketch: 5
1704598314 8
1704598330 13
1704598346 9
1704598362 6
1704598378 10
1704598394 5
1704598410 2
1704598426 0
1704598442 4
1704598458 5
1704598474 9
1704598490 14
1704598506 5
1704598522 1
1704598538 50
1704598554 8
1704598570 4
1704598586 3
1704598602 6
1704598618 9
1704598634 13
1704598650 2
1704598666 7
1704598682 12
1704598698 13
1704598714 3
1704598730 6
1704598746 5
1704598762 6
1704598778 2
1704598794 0
1704598810 6
1704598826 12
1704598842 7
1704598858 12
1704598874 16
1704598890 11
1704598906 2



# Sketch: 6
1704598314 3
1704598330 9
1704598346 11
1704598362 4
1704598378 17
1704598394 6
1704598410 3
1704598426 15
1704598442 14
1704598458 8
1704598474 10
1704598490 6
1704598506 13
1704598522 4
1704598538 9
1704598554 9
1704598570 11
1704598586 9
1704598602 3
1704598618 5
1704598634 10
1704598650 6
1704598666 7
1704598682 19
1704598698 5
1704598714 6
1704598730 8
1704598746 7
1704598762 11
1704598778 10
1704598794 7
1704598810 13
1704598826 15
1704598842 5
1704598858 7
1704598874 5
1704598890 3
1704598906 5



# Sketch: 7
1704598314 7
1704598330 6
1704598346 6
1704598362 10
1704598378 6
1704598394 7
1704598410 7
1704598426 10
1704598442 5
1704598458 6
1704598474 9
1704598490 5
1704598506 4
1704598522 7
1704598538 7
1704598554 7
1704598570 15
1704598586 1
1704598602 9
1704598618 9
1704598634 18
1704598650 7
1704598666 7
1704598682 7
1704598698 5
1704598714 4
1704598730 3
1704598746 6
1704598762 3
1704598778 7
1704598794 3
1704598810 11
1704598826 14
1704598842 13
1704598858 8
1704598874 4
1704598890 13
1704598906 9



# Sketch: 8
1704598314 12
1704598330 8
1704598346 3
1704598362 4
1704598378 15
1704598394 8
1704598410 3
1704598426 8
1704598442 8
1704598458 13
1704598474 7
1704598490 6
1704598506 1
1704598522 4
1704598538 16
1704598554 3
1704598570 7
1704598586 9
1704598602 5
1704598618 13
1704598634 8
1704598650 5
1704598666 5
1704598682 10
1704598698 4
1704598714 9
1704598730 19
1704598746 12
1704598762 12
1704598778 4
1704598794 6
1704598810 11
1704598826 5
1704598842 5
1704598858 5
1704598874 10
1704598890 10
1704598906 3



# Sketch: 9
1704598314 4
1704598330 12
1704598346 8
1704598362 21
1704598378 8
1704598394 7
1704598410 6
1704598426 6
1704598442 5
1704598458 7
1704598474 7
1704598490 4
1704598506 15
1704598522 3
1704598538 6
1704598554 4
1704598570 10
1704598586 2
1704598602 9
1704598618 8
1704598634 10
1704598650 7
1704598666 6
1704598682 4
1704598698 1
1704598714 11
1704598730 14
1704598746 10
1704598762 7
1704598778 3
1704598794 7
1704598810 8
1704598826 10
1704598842 6
1704598858 8
1704598874 9
1704598890 11
1704598906 2



# Sketch: 10
1704598314 3
1704598330 19
1704598346 7
1704598362 6
1704598378 6
1704598394 5
1704598410 8
1704598426 2
1704598442 3
1704598458 7
1704598474 14
1704598490 2
1704598506 15
1704598522 12
1704598538 7
1704598554 3
1704598570 6
1704598586 5
1704598602 11
1704598618 4
1704598634 7
1704598650 6
1704598666 4
1704598682 13
1704598698 3
1704598714 6
1704598730 5
1704598746 7
1704598762 8
1704598778 3
1704598794 9
1704598810 10
1704598826 16
1704598842 0
1704598858 4
1704598874 3
1704598890 11
1704598906 6



# Sketch: 11
1704598314 5
1704598330 16
1704598346 3
1704598362 14
1704598378 9
1704598394 12
1704598410 18
1704598426 5
1704598442 13
1704598458 16
1704598474 7
1704598490 6
1704598506 9
1704598522 13
1704598538 13
1704598554 18
1704598570 7
1704598586 9
1704598602 2
1704598618 10
1704598634 15
1704598650 9
1704598666 3
1704598682 8
1704598698 9
1704598714 6
1704598730 2
1704598746 5
1704598762 15
1704598778 1
1704598794 9
1704598810 12
1704598826 20
1704598842 5
1704598858 8
1704598874 9
1704598890 9
1704598906 7



# Sketch: 12
1704598314 2
1704598330 7
1704598346 1
1704598362 3
1704598378 2
1704598394 2
1704598410 5
1704598426 3
1704598442 3
1704598458 4
1704598474 6
1704598490 5
1704598506 5
1704598522 5
1704598538 13
1704598554 6
1704598570 10
1704598586 2
1704598602 8
1704598618 7
1704598634 9
1704598650 17
1704598666 9
1704598682 6
1704598698 9
1704598714 4
1704598730 5
1704598746 4
1704598762 6
1704598778 8
1704598794 18
1704598810 16
1704598826 7
1704598842 6
1704598858 0
1704598874 9
1704598890 14
1704598906 7



# Sketch: 13
1704598314 4
1704598330 8
1704598346 10
1704598362 4
1704598378 6
1704598394 2
1704598410 5
1704598426 4
1704598442 8
1704598458 8
1704598474 4
1704598490 6
1704598506 7
1704598522 2
1704598538 1
1704598554 6
1704598570 8
1704598586 4
1704598602 8
1704598618 6
1704598634 6
1704598650 15
1704598666 5
1704598682 12
1704598698 18
1704598714 2
1704598730 3
1704598746 2
1704598762 4
1704598778 11
1704598794 5
1704598810 9
1704598826 18
1704598842 2
1704598858 4
1704598874 8
1704598890 5
1704598906 5



# Sketch: 14
1704598314 10
1704598330 5
1704598346 2
1704598362 3
1704598378 10
1704598394 26
1704598410 7
1704598426 12
1704598442 13
1704598458 12
1704598474 8
1704598490 11
1704598506 6
1704598522 12
1704598538 4
1704598554 12
1704598570 7
1704598586 6
1704598602 3
1704598618 11
1704598634 9
1704598650 10
1704598666 9
1704598682 9
1704598698 6
1704598714 5
1704598730 27
1704598746 14
1704598762 16
1704598778 7
1704598794 8
1704598810 10
1704598826 15
1704598842 1
1704598858 13
1704598874 8
1704598890 15
1704598906 1



# Sketch: 15
1704598314 49
1704598330 4
1704598346 33
1704598362 8
1704598378 5
1704598394 23
1704598410 7
1704598426 6
1704598442 5
1704598458 14
1704598474 12
1704598490 5
1704598506 7
1704598522 5
1704598538 9
1704598554 5
1704598570 3
1704598586 4
1704598602 3
1704598618 13
1704598634 7
1704598650 7
1704598666 6
1704598682 7
1704598698 8
1704598714 1
1704598730 3
1704598746 8
1704598762 4
1704598778 5
1704598794 13
1704598810 4
1704598826 4
1704598842 25
1704598858 5
1704598874 1
1704598890 7
1704598906 2



# Sketch: 16
1704598314 7
1704598330 10
1704598346 12
1704598362 5
1704598378 8
1704598394 10
1704598410 7
1704598426 4
1704598442 1
1704598458 5
1704598474 10
1704598490 4
1704598506 6
1704598522 7
1704598538 11
1704598554 4
1704598570 1
1704598586 13
1704598602 19
1704598618 7
1704598634 5
1704598650 10
1704598666 2
1704598682 2
1704598698 3
1704598714 8
1704598730 2
1704598746 5
1704598762 11
1704598778 2
1704598794 4
1704598810 5
1704598826 7
1704598842 1
1704598858 10
1704598874 6
1704598890 13
1704598906 4



# Sketch: 17
1704598314 7
1704598330 9
1704598346 19
1704598362 4
1704598378 5
1704598394 7
1704598410 5
1704598426 0
1704598442 6
1704598458 14
1704598474 4
1704598490 9
1704598506 10
1704598522 3
1704598538 21
1704598554 6
1704598570 10
1704598586 8
1704598602 8
1704598618 5
1704598634 9
1704598650 8
1704598666 15
1704598682 5
1704598698 7
1704598714 5
1704598730 5
1704598746 3
1704598762 8
1704598778 6
1704598794 12
1704598810 8
1704598826 12
1704598842 14
1704598858 22
1704598874 2
1704598890 16
1704598906 10



# Sketch: 18
1704598314 3
1704598330 10
1704598346 12
1704598362 3
1704598378 4
1704598394 11
1704598410 13
1704598426 11
1704598442 11
1704598458 6
1704598474 3
1704598490 3
1704598506 12
1704598522 5
1704598538 8
1704598554 5
1704598570 14
1704598586 12
1704598602 5
1704598618 4
1704598634 13
1704598650 10
1704598666 7
1704598682 13
1704598698 12
1704598714 20
1704598730 9
1704598746 1
1704598762 12
1704598778 9
1704598794 12
1704598810 6
1704598826 16
1704598842 3
1704598858 8
1704598874 2
1704598890 2
1704598906 4



# Sketch: 19
1704598314 21
1704598330 17
1704598346 23
1704598362 6
1704598378 11
1704598394 12
1704598410 5
1704598426 7
1704598442 12
1704598458 7
1704598474 5
1704598490 8
1704598506 3
1704598522 5
1704598538 7
1704598554 14
1704598570 21
1704598586 9
1704598602 4
1704598618 5
1704598634 6
1704598650 7
1704598666 6
1704598682 26
1704598698 7
1704598714 20
1704598730 12
1704598746 5
1704598762 6
1704598778 3
1704598794 3
1704598810 13
1704598826 10
1704598842 5
1704598858 4
1704598874 32
1704598890 5
1704598906 3



# Sketch: 20
1704598314 19
1704598330 4
1704598346 3
1704598362 21
1704598378 5
1704598394 3
1704598410 1
1704598426 5
1704598442 5
1704598458 10
1704598474 6
1704598490 9
1704598506 11
1704598522 1
1704598538 13
1704598554 14
1704598570 5
1704598586 9
1704598602 8
1704598618 8
1704598634 7
1704598650 9
1704598666 5
1704598682 3
1704598698 8
1704598714 4
1704598730 3
1704598746 12
1704598762 18
1704598778 6
1704598794 4
1704598810 9
1704598826 6
1704598842 16
1704598858 5
1704598874 10
1704598890 9
1704598906 3



# Sketch: 21
1704598314 5
1704598330 3
1704598346 4
1704598362 3
1704598378 6
1704598394 6
1704598410 10
1704598426 4
1704598442 10
1704598458 0
1704598474 7
1704598490 8
1704598506 7
1704598522 3
1704598538 16
1704598554 9
1704598570 2
1704598586 13
1704598602 6
1704598618 6
1704598634 4
1704598650 5
1704598666 3
1704598682 6
1704598698 3
1704598714 4
1704598730 1
1704598746 16
1704598762 7
1704598778 16
1704598794 7
1704598810 15
1704598826 6
1704598842 16
1704598858 4
1704598874 9
1704598890 8
1704598906 5



# Sketch: 22
1704598314 15
1704598330 9
1704598346 10
1704598362 16
1704598378 7
1704598394 18
1704598410 17
1704598426 14
1704598442 10
1704598458 22
1704598474 18
1704598490 16
1704598506 7
1704598522 10
1704598538 2
1704598554 25
1704598570 11
1704598586 9
1704598602 11
1704598618 18
1704598634 17
1704598650 15
1704598666 7
1704598682 25
1704598698 11
1704598714 9
1704598730 10
1704598746 7
1704598762 14
1704598778 5
1704598794 13
1704598810 12
1704598826 9
1704598842 3
1704598858 15
1704598874 5
1704598890 15
1704598906 4



# Sketch: 23
1704598314 13
1704598330 11
1704598346 14
1704598362 3
1704598378 4
1704598394 1
1704598410 3
1704598426 7
1704598442 3
1704598458 12
1704598474 7
1704598490 13
1704598506 3
1704598522 19
1704598538 16
1704598554 8
1704598570 7
1704598586 5
1704598602 13
1704598618 7
1704598634 12
1704598650 9
1704598666 1
1704598682 10
1704598698 1
1704598714 4
1704598730 35
1704598746 7
1704598762 4
1704598778 5
1704598794 9
1704598810 9
1704598826 7
1704598842 5
1704598858 4
1704598874 3
1704598890 13
1704598906 3



# Sketch: 24
1704598314 15
1704598330 12
1704598346 14
1704598362 1
1704598378 5
1704598394 19
1704598410 9
1704598426 7
1704598442 9
1704598458 8
1704598474 6
1704598490 8
1704598506 8
1704598522 6
1704598538 11
1704598554 10
1704598570 3
1704598586 4
1704598602 7
1704598618 6
1704598634 12
1704598650 1
1704598666 12
1704598682 4
1704598698 5
1704598714 12
1704598730 9
1704598746 4
1704598762 5
1704598778 11
1704598794 17
1704598810 11
1704598826 6
1704598842 6
1704598858 3
1704598874 6
1704598890 8
1704598906 10



# Sketch: 25
1704598314 17
1704598330 19
1704598346 8
1704598362 9
1704598378 12
1704598394 13
1704598410 17
1704598426 4
1704598442 16
1704598458 17
1704598474 10
1704598490 16
1704598506 39
1704598522 16
1704598538 9
1704598554 6
1704598570 12
1704598586 4
1704598602 3
1704598618 11
1704598634 19
1704598650 10
1704598666 11
1704598682 6
1704598698 14
1704598714 6
1704598730 14
1704598746 12
1704598762 22
1704598778 7
1704598794 10
1704598810 5
1704598826 27
1704598842 3
1704598858 16
1704598874 13
1704598890 21
1704598906 3



# Sketch: 26
1704598314 5
1704598330 12
1704598346 6
1704598362 4
1704598378 6
1704598394 10
1704598410 3
1704598426 5
1704598442 9
1704598458 7
1704598474 6
1704598490 7
1704598506 5
1704598522 19
1704598538 10
1704598554 5
1704598570 12
1704598586 8
1704598602 5
1704598618 5
1704598634 10
1704598650 0
1704598666 12
1704598682 6
1704598698 8
1704598714 6
1704598730 5
1704598746 4
1704598762 3
1704598778 1
1704598794 3
1704598810 10
1704598826 9
1704598842 4
1704598858 3
1704598874 7
1704598890 11
1704598906 2



# Sketch: 27
1704598314 3
1704598330 11
1704598346 11
1704598362 5
1704598378 6
1704598394 4
1704598410 9
1704598426 4
1704598442 2
1704598458 7
1704598474 2
1704598490 4
1704598506 3
1704598522 3
1704598538 23
1704598554 4
1704598570 5
1704598586 2
1704598602 7
1704598618 7
1704598634 5
1704598650 2
1704598666 6
1704598682 4
1704598698 11
1704598714 4
1704598730 11
1704598746 10
1704598762 10
1704598778 10
1704598794 6
1704598810 7
1704598826 6
1704598842 4
1704598858 3
1704598874 10
1704598890 6
1704598906 5



# Sketch: 28
1704598314 10
1704598330 2
1704598346 6
1704598362 5
1704598378 3
1704598394 6
1704598410 6
1704598426 31
1704598442 12
1704598458 9
1704598474 5
1704598490 3
1704598506 7
1704598522 8
1704598538 19
1704598554 9
1704598570 6
1704598586 3
1704598602 8
1704598618 22
1704598634 7
1704598650 7
1704598666 6
1704598682 12
1704598698 4
1704598714 1
1704598730 7
1704598746 3
1704598762 19
1704598778 9
1704598794 2
1704598810 12
1704598826 2
1704598842 2
1704598858 7
1704598874 4
1704598890 7
1704598906 2



# Sketch: 29
1704598314 9
1704598330 9
1704598346 11
1704598362 6
1704598378 7
1704598394 4
1704598410 8
1704598426 9
1704598442 10
1704598458 11
1704598474 8
1704598490 7
1704598506 11
1704598522 9
1704598538 6
1704598554 16
1704598570 10
1704598586 4
1704598602 3
1704598618 4
1704598634 29
1704598650 17
1704598666 13
1704598682 5
1704598698 12
1704598714 5
1704598730 5
1704598746 13
1704598762 8
1704598778 17
1704598794 9
1704598810 9
1704598826 6
1704598842 8
1704598858 7
1704598874 7
1704598890 17
1704598906 1



# Sketch: 30
1704598314 7
1704598330 4
1704598346 13
1704598362 11
1704598378 1
1704598394 5
1704598410 11
1704598426 9
1704598442 9
1704598458 6
1704598474 3
1704598490 5
1704598506 3
1704598522 5
1704598538 6
1704598554 4
1704598570 2
1704598586 4
1704598602 11
1704598618 2
1704598634 17
1704598650 3
1704598666 5
1704598682 11
1704598698 5
1704598714 6
1704598730 7
1704598746 11
1704598762 11
1704598778 14
1704598794 8
1704598810 1
1704598826 3
1704598842 4
1704598858 10
1704598874 2
1704598890 8
1704598906 4



# Sketch: 31
1704598314 3
1704598330 5
1704598346 8
1704598362 7
1704598378 12
1704598394 11
1704598410 11
1704598426 4
1704598442 6
1704598458 3
1704598474 3
1704598490 7
1704598506 7
1704598522 2
1704598538 10
1704598554 9
1704598570 8
1704598586 7
1704598602 8
1704598618 10
1704598634 4
1704598650 6
1704598666 6
1704598682 9
1704598698 7
1704598714 7
1704598730 2
1704598746 10
1704598762 4
1704598778 10
1704598794 1
1704598810 26
1704598826 2
1704598842 3
1704598858 8
1704598874 13
1704598890 1
1704598906 2

