

# Sketch: 0
1704598314 16
1704598346 14
1704598378 13
1704598410 13
1704598442 15
1704598474 20
1704598506 16
1704598538 18
1704598570 13
1704598602 20
1704598634 23
1704598666 12
1704598698 19
1704598730 14
1704598762 14
1704598794 16
1704598826 11
1704598858 17
1704598890 24



# Sketch: 1
1704598314 24
1704598346 19
1704598378 19
1704598410 7
1704598442 23
1704598474 27
1704598506 6
1704598538 25
1704598570 13
1704598602 23
1704598634 10
1704598666 18
1704598698 17
1704598730 12
1704598762 9
1704598794 13
1704598826 22
1704598858 4
1704598890 12



# Sketch: 2
1704598314 18
1704598346 17
1704598378 20
1704598410 10
1704598442 14
1704598474 11
1704598506 21
1704598538 30
1704598570 9
1704598602 17
1704598634 16
1704598666 53
1704598698 9
1704598730 6
1704598762 11
1704598794 23
1704598826 15
1704598858 14
1704598890 26



# Sketch: 3
1704598314 21
1704598346 10
1704598378 22
1704598410 16
1704598442 17
1704598474 9
1704598506 10
1704598538 29
1704598570 15
1704598602 8
1704598634 26
1704598666 10
1704598698 20
1704598730 18
1704598762 18
1704598794 15
1704598826 20
1704598858 16
1704598890 18



# Sketch: 4
1704598314 25
1704598346 12
1704598378 27
1704598410 31
1704598442 26
1704598474 19
1704598506 25
1704598538 40
1704598570 16
1704598602 19
1704598634 30
1704598666 17
1704598698 20
1704598730 34
1704598762 30
1704598794 40
1704598826 20
1704598858 30
1704598890 15



# Sketch: 5
1704598314 10
1704598346 14
1704598378 15
1704598410 8
1704598442 16
1704598474 19
1704598506 7
1704598538 6
1704598570 7
1704598602 15
1704598634 17
1704598666 14
1704598698 15
1704598730 8
1704598762 23
1704598794 19
1704598826 16
1704598858 4
1704598890 7



# Sketch: 6
1704598314 19
1704598346 16
1704598378 9
1704598410 6
1704598442 17
1704598474 11
1704598506 19
1704598538 18
1704598570 9
1704598602 13
1704598634 19
1704598666 16
1704598698 19
1704598730 5
1704598762 14
1704598794 23
1704598826 19
1704598858 15
1704598890 12



# Sketch: 7
1704598314 21
1704598346 30
1704598378 17
1704598410 5
1704598442 17
1704598474 27
1704598506 3
1704598538 21
1704598570 13
1704598602 12
1704598634 12
1704598666 20
1704598698 11
1704598730 12
1704598762 13
1704598794 22
1704598826 15
1704598858 28
1704598890 13



# Sketch: 8
1704598314 21
1704598346 10
1704598378 19
1704598410 19
1704598442 29
1704598474 19
1704598506 15
1704598538 16
1704598570 26
1704598602 12
1704598634 22
1704598666 12
1704598698 14
1704598730 7
1704598762 13
1704598794 15
1704598826 8
1704598858 12
1704598890 9



# Sketch: 9
1704598314 9
1704598346 30
1704598378 18
1704598410 15
1704598442 8
1704598474 10
1704598506 14
1704598538 21
1704598570 11
1704598602 10
1704598634 19
1704598666 22
1704598698 6
1704598730 12
1704598762 12
1704598794 16
1704598826 32
1704598858 11
1704598890 14



# Sketch: 10
1704598314 12
1704598346 24
1704598378 9
1704598410 9
1704598442 25
1704598474 14
1704598506 16
1704598538 21
1704598570 18
1704598602 10
1704598634 8
1704598666 22
1704598698 10
1704598730 13
1704598762 23
1704598794 16
1704598826 8
1704598858 11
1704598890 11



# Sketch: 11
1704598314 11
1704598346 15
1704598378 11
1704598410 11
1704598442 11
1704598474 9
1704598506 11
1704598538 7
1704598570 3
1704598602 12
1704598634 14
1704598666 9
1704598698 14
1704598730 8
1704598762 10
1704598794 11
1704598826 3
1704598858 7
1704598890 15



# Sketch: 12
1704598314 23
1704598346 17
1704598378 13
1704598410 12
1704598442 13
1704598474 17
1704598506 14
1704598538 17
1704598570 16
1704598602 13
1704598634 21
1704598666 18
1704598698 23
1704598730 5
1704598762 21
1704598794 13
1704598826 10
1704598858 17
1704598890 13



# Sketch: 13
1704598314 16
1704598346 10
1704598378 10
1704598410 25
1704598442 14
1704598474 11
1704598506 17
1704598538 11
1704598570 11
1704598602 26
1704598634 13
1704598666 14
1704598698 14
1704598730 32
1704598762 8
1704598794 14
1704598826 26
1704598858 9
1704598890 11



# Sketch: 14
1704598314 16
1704598346 8
1704598378 11
1704598410 12
1704598442 14
1704598474 15
1704598506 13
1704598538 23
1704598570 23
1704598602 10
1704598634 16
1704598666 19
1704598698 12
1704598730 12
1704598762 9
1704598794 12
1704598826 14
1704598858 20
1704598890 5



# Sketch: 15
1704598314 15
1704598346 7
1704598378 10
1704598410 18
1704598442 12
1704598474 7
1704598506 9
1704598538 17
1704598570 8
1704598602 18
1704598634 15
1704598666 10
1704598698 13
1704598730 4
1704598762 13
1704598794 11
1704598826 25
1704598858 6
1704598890 5



# Sketch: 16
1704598314 36
1704598346 37
1704598378 18
1704598410 16
1704598442 29
1704598474 26
1704598506 23
1704598538 27
1704598570 24
1704598602 22
1704598634 17
1704598666 25
1704598698 12
1704598730 13
1704598762 26
1704598794 23
1704598826 14
1704598858 14
1704598890 10



# Sketch: 17
1704598314 15
1704598346 24
1704598378 8
1704598410 14
1704598442 10
1704598474 12
1704598506 10
1704598538 23
1704598570 10
1704598602 10
1704598634 6
1704598666 9
1704598698 12
1704598730 12
1704598762 15
1704598794 3
1704598826 9
1704598858 32
1704598890 12



# Sketch: 18
1704598314 4
1704598346 11
1704598378 16
1704598410 1
1704598442 8
1704598474 14
1704598506 8
1704598538 13
1704598570 17
1704598602 13
1704598634 9
1704598666 10
1704598698 9
1704598730 16
1704598762 18
1704598794 3
1704598826 21
1704598858 13
1704598890 17



# Sketch: 19
1704598314 19
1704598346 9
1704598378 14
1704598410 19
1704598442 15
1704598474 12
1704598506 7
1704598538 4
1704598570 11
1704598602 16
1704598634 23
1704598666 15
1704598698 12
1704598730 15
1704598762 9
1704598794 16
1704598826 11
1704598858 11
1704598890 12



# Sketch: 20
1704598314 22
1704598346 16
1704598378 28
1704598410 36
1704598442 7
1704598474 25
1704598506 30
1704598538 26
1704598570 9
1704598602 17
1704598634 18
1704598666 14
1704598698 7
1704598730 31
1704598762 8
1704598794 43
1704598826 11
1704598858 19
1704598890 17



# Sketch: 21
1704598314 22
1704598346 12
1704598378 13
1704598410 16
1704598442 7
1704598474 11
1704598506 11
1704598538 18
1704598570 21
1704598602 8
1704598634 12
1704598666 9
1704598698 12
1704598730 8
1704598762 19
1704598794 24
1704598826 25
1704598858 19
1704598890 26



# Sketch: 22
1704598314 17
1704598346 18
1704598378 3
1704598410 10
1704598442 10
1704598474 6
1704598506 9
1704598538 13
1704598570 14
1704598602 15
1704598634 26
1704598666 16
1704598698 14
1704598730 13
1704598762 9
1704598794 18
1704598826 4
1704598858 6
1704598890 11



# Sketch: 23
1704598314 27
1704598346 21
1704598378 8
1704598410 12
1704598442 13
1704598474 5
1704598506 4
1704598538 32
1704598570 13
1704598602 12
1704598634 12
1704598666 20
1704598698 12
1704598730 25
1704598762 13
1704598794 24
1704598826 14
1704598858 12
1704598890 12



# Sketch: 24
1704598314 10
1704598346 11
1704598378 6
1704598410 19
1704598442 13
1704598474 18
1704598506 12
1704598538 4
1704598570 14
1704598602 9
1704598634 16
1704598666 8
1704598698 8
1704598730 24
1704598762 19
1704598794 12
1704598826 25
1704598858 9
1704598890 16



# Sketch: 25
1704598314 19
1704598346 14
1704598378 27
1704598410 20
1704598442 21
1704598474 22
1704598506 39
1704598538 16
1704598570 22
1704598602 17
1704598634 29
1704598666 23
1704598698 11
1704598730 18
1704598762 36
1704598794 21
1704598826 8
1704598858 52
1704598890 16



# Sketch: 26
1704598314 14
1704598346 19
1704598378 20
1704598410 17
1704598442 16
1704598474 18
1704598506 15
1704598538 43
1704598570 23
1704598602 15
1704598634 28
1704598666 29
1704598698 30
1704598730 10
1704598762 19
1704598794 10
1704598826 7
1704598858 15
1704598890 27



# Sketch: 27
1704598314 11
1704598346 13
1704598378 25
1704598410 13
1704598442 14
1704598474 12
1704598506 12
1704598538 11
1704598570 13
1704598602 15
1704598634 24
1704598666 16
1704598698 10
1704598730 19
1704598762 12
1704598794 15
1704598826 22
1704598858 20
1704598890 9



# Sketch: 28
1704598314 8
1704598346 32
1704598378 18
1704598410 5
1704598442 24
1704598474 16
1704598506 14
1704598538 16
1704598570 14
1704598602 8
1704598634 12
1704598666 15
1704598698 12
1704598730 46
1704598762 15
1704598794 28
1704598826 12
1704598858 12
1704598890 13



# Sketch: 29
1704598314 51
1704598346 32
1704598378 12
1704598410 6
1704598442 20
1704598474 13
1704598506 17
1704598538 25
1704598570 24
1704598602 19
1704598634 7
1704598666 13
1704598698 12
1704598730 10
1704598762 14
1704598794 18
1704598826 29
1704598858 11
1704598890 11



# Sketch: 30
1704598314 26
1704598346 12
1704598378 20
1704598410 15
1704598442 24
1704598474 12
1704598506 41
1704598538 9
1704598570 8
1704598602 15
1704598634 25
1704598666 17
1704598698 16
1704598730 12
1704598762 21
1704598794 12
1704598826 15
1704598858 5
1704598890 12



# Sketch: 31
1704598314 16
1704598346 14
1704598378 19
1704598410 10
1704598442 27
1704598474 13
1704598506 18
1704598538 24
1704598570 17
1704598602 11
1704598634 14
1704598666 24
1704598698 19
1704598730 32
1704598762 23
1704598794 19
1704598826 12
1704598858 13
1704598890 19

