

# Sketch: 0
1704598314 56
1704598442 69
1704598570 68
1704598698 63
1704598826 52



# Sketch: 1
1704598314 69
1704598442 81
1704598570 64
1704598698 51
1704598826 38



# Sketch: 2
1704598314 65
1704598442 76
1704598570 95
1704598698 49
1704598826 55



# Sketch: 3
1704598314 69
1704598442 65
1704598570 59
1704598698 71
1704598826 54



# Sketch: 4
1704598314 95
1704598442 110
1704598570 82
1704598698 124
1704598826 65



# Sketch: 5
1704598314 47
1704598442 48
1704598570 53
1704598698 65
1704598826 27



# Sketch: 6
1704598314 50
1704598442 65
1704598570 57
1704598698 61
1704598826 46



# Sketch: 7
1704598314 73
1704598442 68
1704598570 57
1704598698 58
1704598826 56



# Sketch: 8
1704598314 69
1704598442 79
1704598570 72
1704598698 49
1704598826 29



# Sketch: 9
1704598314 72
1704598442 53
1704598570 62
1704598698 46
1704598826 57



# Sketch: 10
1704598314 54
1704598442 76
1704598570 58
1704598698 62
1704598826 30



# Sketch: 11
1704598314 48
1704598442 38
1704598570 38
1704598698 43
1704598826 25



# Sketch: 12
1704598314 65
1704598442 61
1704598570 68
1704598698 62
1704598826 40



# Sketch: 13
1704598314 61
1704598442 53
1704598570 64
1704598698 68
1704598826 46



# Sketch: 14
1704598314 47
1704598442 65
1704598570 68
1704598698 45
1704598826 39



# Sketch: 15
1704598314 50
1704598442 45
1704598570 51
1704598698 41
1704598826 36



# Sketch: 16
1704598314 107
1704598442 105
1704598570 88
1704598698 74
1704598826 38



# Sketch: 17
1704598314 61
1704598442 55
1704598570 35
1704598698 42
1704598826 53



# Sketch: 18
1704598314 32
1704598442 43
1704598570 49
1704598698 46
1704598826 51



# Sketch: 19
1704598314 61
1704598442 38
1704598570 65
1704598698 52
1704598826 34



# Sketch: 20
1704598314 102
1704598442 88
1704598570 58
1704598698 89
1704598826 47



# Sketch: 21
1704598314 63
1704598442 47
1704598570 50
1704598698 63
1704598826 70



# Sketch: 22
1704598314 48
1704598442 38
1704598570 71
1704598698 54
1704598826 21



# Sketch: 23
1704598314 68
1704598442 54
1704598570 57
1704598698 74
1704598826 38



# Sketch: 24
1704598314 46
1704598442 47
1704598570 47
1704598698 63
1704598826 50



# Sketch: 25
1704598314 80
1704598442 98
1704598570 91
1704598698 86
1704598826 76



# Sketch: 26
1704598314 70
1704598442 92
1704598570 95
1704598698 69
1704598826 49



# Sketch: 27
1704598314 62
1704598442 49
1704598570 68
1704598698 56
1704598826 51



# Sketch: 28
1704598314 63
1704598442 70
1704598570 49
1704598698 101
1704598826 37



# Sketch: 29
1704598314 101
1704598442 75
1704598570 63
1704598698 54
1704598826 51



# Sketch: 30
1704598314 73
1704598442 86
1704598570 65
1704598698 61
1704598826 32



# Sketch: 31
1704598314 59
1704598442 82
1704598570 66
1704598698 93
1704598826 44

