

# Sketch: 0
1704598314 70
1704598442 65
1704598570 66
1704598698 49
1704598826 52



# Sketch: 1
1704598314 50
1704598442 75
1704598570 62
1704598698 65
1704598826 44



# Sketch: 2
1704598314 59
1704598442 95
1704598570 62
1704598698 63
1704598826 38



# Sketch: 3
1704598314 82
1704598442 84
1704598570 72
1704598698 81
1704598826 50



# Sketch: 4
1704598314 54
1704598442 53
1704598570 70
1704598698 51
1704598826 28



# Sketch: 5
1704598314 55
1704598442 78
1704598570 48
1704598698 74
1704598826 49



# Sketch: 6
1704598314 55
1704598442 79
1704598570 67
1704598698 70
1704598826 52



# Sketch: 7
1704598314 65
1704598442 30
1704598570 52
1704598698 63
1704598826 34



# Sketch: 8
1704598314 73
1704598442 52
1704598570 77
1704598698 49
1704598826 31



# Sketch: 9
1704598314 67
1704598442 50
1704598570 51
1704598698 83
1704598826 55



# Sketch: 10
1704598314 42
1704598442 44
1704598570 31
1704598698 46
1704598826 29



# Sketch: 11
1704598314 52
1704598442 86
1704598570 58
1704598698 72
1704598826 65



# Sketch: 12
1704598314 63
1704598442 69
1704598570 88
1704598698 92
1704598826 36



# Sketch: 13
1704598314 42
1704598442 74
1704598570 49
1704598698 71
1704598826 42



# Sketch: 14
1704598314 78
1704598442 93
1704598570 98
1704598698 93
1704598826 83



# Sketch: 15
1704598314 43
1704598442 72
1704598570 46
1704598698 36
1704598826 32



# Sketch: 16
1704598314 76
1704598442 64
1704598570 98
1704598698 73
1704598826 24



# Sketch: 17
1704598314 69
1704598442 71
1704598570 65
1704598698 59
1704598826 27



# Sketch: 18
1704598314 59
1704598442 41
1704598570 53
1704598698 63
1704598826 42



# Sketch: 19
1704598314 71
1704598442 63
1704598570 64
1704598698 68
1704598826 35



# Sketch: 20
1704598314 61
1704598442 62
1704598570 57
1704598698 50
1704598826 42



# Sketch: 21
1704598314 62
1704598442 38
1704598570 52
1704598698 43
1704598826 32



# Sketch: 22
1704598314 77
1704598442 58
1704598570 59
1704598698 55
1704598826 49



# Sketch: 23
1704598314 51
1704598442 62
1704598570 50
1704598698 58
1704598826 72



# Sketch: 24
1704598314 60
1704598442 51
1704598570 57
1704598698 64
1704598826 37



# Sketch: 25
1704598314 99
1704598442 63
1704598570 77
1704598698 73
1704598826 28



# Sketch: 26
1704598314 56
1704598442 58
1704598570 29
1704598698 37
1704598826 30



# Sketch: 27
1704598314 56
1704598442 85
1704598570 62
1704598698 75
1704598826 49



# Sketch: 28
1704598314 60
1704598442 62
1704598570 61
1704598698 66
1704598826 60



# Sketch: 29
1704598314 79
1704598442 79
1704598570 91
1704598698 63
1704598826 67



# Sketch: 30
1704598314 52
1704598442 66
1704598570 60
1704598698 54
1704598826 40



# Sketch: 31
1704598314 148
1704598442 97
1704598570 101
1704598698 76
1704598826 83

