

# Sketch: 0
1704598914 40
1704598978 22
1704599042 28
1704599106 28
1704599170 38
1704599234 26
1704599298 16
1704599362 31
1704599426 25
1704599490 2



# Sketch: 1
1704598914 45
1704598978 23
1704599042 25
1704599106 58
1704599170 22
1704599234 24
1704599298 33
1704599362 59
1704599426 25
1704599490 5



# Sketch: 2
1704598914 30
1704598978 35
1704599042 27
1704599106 78
1704599170 62
1704599234 48
1704599298 32
1704599362 31
1704599426 33
1704599490 17



# Sketch: 3
1704598914 26
1704598978 39
1704599042 21
1704599106 20
1704599170 40
1704599234 16
1704599298 20
1704599362 31
1704599426 27
1704599490 11



# Sketch: 4
1704598914 18
1704598978 32
1704599042 26
1704599106 17
1704599170 25
1704599234 44
1704599298 31
1704599362 16
1704599426 22
1704599490 16



# Sketch: 5
1704598914 20
1704598978 33
1704599042 45
1704599106 40
1704599170 23
1704599234 46
1704599298 39
1704599362 19
1704599426 32
1704599490 8



# Sketch: 6
1704598914 32
1704598978 31
1704599042 50
1704599106 33
1704599170 35
1704599234 37
1704599298 35
1704599362 74
1704599426 42
1704599490 17



# Sketch: 7
1704598914 23
1704598978 41
1704599042 36
1704599106 28
1704599170 26
1704599234 28
1704599298 27
1704599362 19
1704599426 13
1704599490 14



# Sketch: 8
1704598914 45
1704598978 20
1704599042 48
1704599106 46
1704599170 27
1704599234 36
1704599298 32
1704599362 44
1704599426 50
1704599490 13



# Sketch: 9
1704598914 39
1704598978 37
1704599042 23
1704599106 25
1704599170 28
1704599234 21
1704599298 49
1704599362 31
1704599426 21
1704599490 12



# Sketch: 10
1704598914 38
1704598978 18
1704599042 23
1704599106 25
1704599170 36
1704599234 28
1704599298 34
1704599362 34
1704599426 22
1704599490 14



# Sketch: 11
1704598914 39
1704598978 37
1704599042 41
1704599106 29
1704599170 29
1704599234 41
1704599298 41
1704599362 30
1704599426 37
1704599490 18



# Sketch: 12
1704598914 48
1704598978 38
1704599042 16
1704599106 32
1704599170 26
1704599234 24
1704599298 30
1704599362 39
1704599426 24
1704599490 12



# Sketch: 13
1704598914 50
1704598978 19
1704599042 38
1704599106 25
1704599170 23
1704599234 37
1704599298 45
1704599362 38
1704599426 35
1704599490 4



# Sketch: 14
1704598914 38
1704598978 34
1704599042 33
1704599106 31
1704599170 40
1704599234 54
1704599298 30
1704599362 41
1704599426 24
1704599490 10



# Sketch: 15
1704598914 30
1704598978 40
1704599042 45
1704599106 60
1704599170 39
1704599234 35
1704599298 31
1704599362 41
1704599426 37
1704599490 22



# Sketch: 16
1704598914 28
1704598978 47
1704599042 18
1704599106 23
1704599170 21
1704599234 24
1704599298 26
1704599362 50
1704599426 35
1704599490 6



# Sketch: 17
1704598914 34
1704598978 27
1704599042 22
1704599106 13
1704599170 36
1704599234 30
1704599298 59
1704599362 32
1704599426 32
1704599490 8



# Sketch: 18
1704598914 43
1704598978 34
1704599042 36
1704599106 42
1704599170 53
1704599234 32
1704599298 25
1704599362 32
1704599426 45
1704599490 10



# Sketch: 19
1704598914 44
1704598978 29
1704599042 34
1704599106 26
1704599170 28
1704599234 16
1704599298 37
1704599362 30
1704599426 42
1704599490 15



# Sketch: 20
1704598914 26
1704598978 35
1704599042 26
1704599106 28
1704599170 27
1704599234 24
1704599298 43
1704599362 28
1704599426 34
1704599490 11



# Sketch: 21
1704598914 30
1704598978 66
1704599042 39
1704599106 56
1704599170 78
1704599234 61
1704599298 40
1704599362 41
1704599426 66
1704599490 15



# Sketch: 22
1704598914 36
1704598978 21
1704599042 25
1704599106 32
1704599170 23
1704599234 49
1704599298 31
1704599362 40
1704599426 29
1704599490 15



# Sketch: 23
1704598914 37
1704598978 22
1704599042 31
1704599106 27
1704599170 25
1704599234 27
1704599298 22
1704599362 25
1704599426 24
1704599490 6



# Sketch: 24
1704598914 39
1704598978 24
1704599042 8
1704599106 22
1704599170 27
1704599234 39
1704599298 35
1704599362 27
1704599426 42
1704599490 9



# Sketch: 25
1704598914 40
1704598978 34
1704599042 42
1704599106 33
1704599170 52
1704599234 39
1704599298 35
1704599362 42
1704599426 32
1704599490 16



# Sketch: 26
1704598914 34
1704598978 31
1704599042 34
1704599106 21
1704599170 34
1704599234 20
1704599298 61
1704599362 50
1704599426 16
1704599490 8



# Sketch: 27
1704598914 41
1704598978 63
1704599042 34
1704599106 47
1704599170 52
1704599234 53
1704599298 33
1704599362 30
1704599426 28
1704599490 10



# Sketch: 28
1704598914 32
1704598978 30
1704599042 33
1704599106 31
1704599170 29
1704599234 41
1704599298 25
1704599362 25
1704599426 31
1704599490 6



# Sketch: 29
1704598914 27
1704598978 20
1704599042 57
1704599106 33
1704599170 38
1704599234 50
1704599298 26
1704599362 34
1704599426 33
1704599490 9



# Sketch: 30
1704598914 47
1704598978 46
1704599042 35
1704599106 53
1704599170 26
1704599234 69
1704599298 30
1704599362 27
1704599426 28
1704599490 12



# Sketch: 31
1704598914 17
1704598978 36
1704599042 25
1704599106 26
1704599170 30
1704599234 31
1704599298 32
1704599362 26
1704599426 21
1704599490 12

