

# Sketch: 0
1704598914 11
1704598946 9
1704598978 15
1704599010 26
1704599042 19
1704599074 7
1704599106 8
1704599138 14
1704599170 7
1704599202 4
1704599234 10
1704599266 8
1704599298 9
1704599330 35
1704599362 9
1704599394 8
1704599426 20
1704599458 6
1704599490 9



# Sketch: 1
1704598914 39
1704598946 12
1704598978 30
1704599010 26
1704599042 26
1704599074 16
1704599106 23
1704599138 41
1704599170 28
1704599202 62
1704599234 30
1704599266 15
1704599298 27
1704599330 34
1704599362 46
1704599394 29
1704599426 22
1704599458 22
1704599490 22



# Sketch: 2
1704598914 8
1704598946 12
1704598978 20
1704599010 11
1704599042 14
1704599074 9
1704599106 11
1704599138 16
1704599170 11
1704599202 18
1704599234 12
1704599266 23
1704599298 5
1704599330 12
1704599362 11
1704599394 13
1704599426 16
1704599458 13
1704599490 6



# Sketch: 3
1704598914 27
1704598946 17
1704598978 14
1704599010 9
1704599042 12
1704599074 9
1704599106 17
1704599138 20
1704599170 13
1704599202 16
1704599234 15
1704599266 35
1704599298 15
1704599330 14
1704599362 11
1704599394 23
1704599426 15
1704599458 13
1704599490 2



# Sketch: 4
1704598914 21
1704598946 28
1704598978 8
1704599010 21
1704599042 9
1704599074 18
1704599106 17
1704599138 8
1704599170 8
1704599202 6
1704599234 11
1704599266 16
1704599298 11
1704599330 9
1704599362 19
1704599394 9
1704599426 30
1704599458 20
1704599490 14



# Sketch: 5
1704598914 15
1704598946 11
1704598978 11
1704599010 5
1704599042 13
1704599074 10
1704599106 8
1704599138 26
1704599170 16
1704599202 26
1704599234 7
1704599266 9
1704599298 27
1704599330 17
1704599362 18
1704599394 16
1704599426 17
1704599458 7
1704599490 21



# Sketch: 6
1704598914 45
1704598946 17
1704598978 23
1704599010 12
1704599042 7
1704599074 17
1704599106 13
1704599138 23
1704599170 16
1704599202 15
1704599234 28
1704599266 18
1704599298 14
1704599330 15
1704599362 11
1704599394 15
1704599426 16
1704599458 15
1704599490 5



# Sketch: 7
1704598914 9
1704598946 9
1704598978 23
1704599010 14
1704599042 25
1704599074 19
1704599106 23
1704599138 21
1704599170 19
1704599202 15
1704599234 15
1704599266 23
1704599298 17
1704599330 6
1704599362 10
1704599394 22
1704599426 10
1704599458 9
1704599490 14



# Sketch: 8
1704598914 12
1704598946 22
1704598978 14
1704599010 16
1704599042 19
1704599074 8
1704599106 7
1704599138 22
1704599170 15
1704599202 12
1704599234 16
1704599266 18
1704599298 6
1704599330 19
1704599362 12
1704599394 21
1704599426 15
1704599458 14
1704599490 6



# Sketch: 9
1704598914 17
1704598946 14
1704598978 22
1704599010 10
1704599042 12
1704599074 28
1704599106 17
1704599138 11
1704599170 16
1704599202 16
1704599234 24
1704599266 12
1704599298 14
1704599330 11
1704599362 5
1704599394 3
1704599426 22
1704599458 61
1704599490 12



# Sketch: 10
1704598914 16
1704598946 18
1704598978 19
1704599010 13
1704599042 11
1704599074 6
1704599106 15
1704599138 16
1704599170 10
1704599202 17
1704599234 17
1704599266 24
1704599298 14
1704599330 10
1704599362 25
1704599394 20
1704599426 10
1704599458 4
1704599490 12



# Sketch: 11
1704598914 20
1704598946 9
1704598978 30
1704599010 11
1704599042 40
1704599074 21
1704599106 15
1704599138 21
1704599170 25
1704599202 21
1704599234 7
1704599266 23
1704599298 7
1704599330 39
1704599362 16
1704599394 21
1704599426 8
1704599458 14
1704599490 7



# Sketch: 12
1704598914 29
1704598946 18
1704598978 15
1704599010 32
1704599042 7
1704599074 12
1704599106 18
1704599138 16
1704599170 20
1704599202 16
1704599234 19
1704599266 8
1704599298 16
1704599330 27
1704599362 21
1704599394 7
1704599426 25
1704599458 10
1704599490 17



# Sketch: 13
1704598914 19
1704598946 3
1704598978 15
1704599010 8
1704599042 14
1704599074 19
1704599106 17
1704599138 20
1704599170 16
1704599202 6
1704599234 13
1704599266 17
1704599298 20
1704599330 20
1704599362 23
1704599394 14
1704599426 10
1704599458 7
1704599490 16



# Sketch: 14
1704598914 10
1704598946 16
1704598978 20
1704599010 18
1704599042 21
1704599074 17
1704599106 17
1704599138 15
1704599170 14
1704599202 17
1704599234 7
1704599266 17
1704599298 9
1704599330 20
1704599362 8
1704599394 47
1704599426 15
1704599458 17
1704599490 26



# Sketch: 15
1704598914 27
1704598946 18
1704598978 23
1704599010 21
1704599042 13
1704599074 18
1704599106 30
1704599138 29
1704599170 23
1704599202 40
1704599234 24
1704599266 37
1704599298 21
1704599330 37
1704599362 57
1704599394 31
1704599426 24
1704599458 22
1704599490 16



# Sketch: 16
1704598914 30
1704598946 31
1704598978 16
1704599010 10
1704599042 15
1704599074 17
1704599106 24
1704599138 9
1704599170 15
1704599202 16
1704599234 10
1704599266 11
1704599298 12
1704599330 21
1704599362 12
1704599394 16
1704599426 11
1704599458 8
1704599490 18



# Sketch: 17
1704598914 17
1704598946 18
1704598978 17
1704599010 12
1704599042 9
1704599074 8
1704599106 5
1704599138 20
1704599170 16
1704599202 7
1704599234 10
1704599266 16
1704599298 19
1704599330 13
1704599362 8
1704599394 8
1704599426 20
1704599458 25
1704599490 6



# Sketch: 18
1704598914 20
1704598946 7
1704598978 15
1704599010 14
1704599042 9
1704599074 12
1704599106 8
1704599138 18
1704599170 8
1704599202 13
1704599234 10
1704599266 33
1704599298 15
1704599330 12
1704599362 13
1704599394 11
1704599426 22
1704599458 14
1704599490 11



# Sketch: 19
1704598914 13
1704598946 18
1704598978 14
1704599010 15
1704599042 9
1704599074 18
1704599106 19
1704599138 6
1704599170 9
1704599202 19
1704599234 15
1704599266 11
1704599298 16
1704599330 10
1704599362 12
1704599394 19
1704599426 15
1704599458 11
1704599490 6



# Sketch: 20
1704598914 25
1704598946 12
1704598978 19
1704599010 15
1704599042 24
1704599074 15
1704599106 12
1704599138 24
1704599170 34
1704599202 11
1704599234 23
1704599266 17
1704599298 12
1704599330 16
1704599362 8
1704599394 26
1704599426 18
1704599458 6
1704599490 9



# Sketch: 21
1704598914 17
1704598946 10
1704598978 16
1704599010 16
1704599042 22
1704599074 19
1704599106 17
1704599138 11
1704599170 17
1704599202 15
1704599234 26
1704599266 26
1704599298 25
1704599330 7
1704599362 19
1704599394 22
1704599426 19
1704599458 11
1704599490 9



# Sketch: 22
1704598914 9
1704598946 10
1704598978 35
1704599010 37
1704599042 47
1704599074 25
1704599106 13
1704599138 39
1704599170 21
1704599202 14
1704599234 37
1704599266 16
1704599298 32
1704599330 7
1704599362 24
1704599394 27
1704599426 16
1704599458 3
1704599490 11



# Sketch: 23
1704598914 19
1704598946 12
1704598978 5
1704599010 24
1704599042 11
1704599074 19
1704599106 26
1704599138 14
1704599170 10
1704599202 14
1704599234 12
1704599266 13
1704599298 9
1704599330 35
1704599362 14
1704599394 17
1704599426 25
1704599458 16
1704599490 18



# Sketch: 24
1704598914 27
1704598946 14
1704598978 17
1704599010 15
1704599042 14
1704599074 10
1704599106 12
1704599138 17
1704599170 15
1704599202 5
1704599234 23
1704599266 30
1704599298 17
1704599330 23
1704599362 17
1704599394 9
1704599426 26
1704599458 10
1704599490 13



# Sketch: 25
1704598914 29
1704598946 20
1704598978 6
1704599010 12
1704599042 21
1704599074 14
1704599106 30
1704599138 12
1704599170 14
1704599202 16
1704599234 20
1704599266 22
1704599298 14
1704599330 12
1704599362 26
1704599394 10
1704599426 6
1704599458 19
1704599490 8



# Sketch: 26
1704598914 24
1704598946 26
1704598978 16
1704599010 13
1704599042 19
1704599074 19
1704599106 14
1704599138 13
1704599170 18
1704599202 13
1704599234 13
1704599266 27
1704599298 12
1704599330 8
1704599362 12
1704599394 10
1704599426 13
1704599458 16
1704599490 8



# Sketch: 27
1704598914 16
1704598946 10
1704598978 16
1704599010 13
1704599042 14
1704599074 27
1704599106 6
1704599138 12
1704599170 15
1704599202 14
1704599234 8
1704599266 26
1704599298 30
1704599330 20
1704599362 13
1704599394 30
1704599426 24
1704599458 17
1704599490 8



# Sketch: 28
1704598914 14
1704598946 19
1704598978 14
1704599010 7
1704599042 9
1704599074 13
1704599106 12
1704599138 22
1704599170 36
1704599202 7
1704599234 14
1704599266 13
1704599298 13
1704599330 8
1704599362 15
1704599394 21
1704599426 12
1704599458 8
1704599490 7



# Sketch: 29
1704598914 18
1704598946 10
1704598978 31
1704599010 33
1704599042 10
1704599074 24
1704599106 26
1704599138 27
1704599170 33
1704599202 44
1704599234 29
1704599266 18
1704599298 7
1704599330 27
1704599362 15
1704599394 17
1704599426 5
1704599458 20
1704599490 12



# Sketch: 30
1704598914 20
1704598946 17
1704598978 5
1704599010 8
1704599042 20
1704599074 7
1704599106 6
1704599138 10
1704599170 30
1704599202 14
1704599234 13
1704599266 27
1704599298 16
1704599330 16
1704599362 15
1704599394 12
1704599426 15
1704599458 15
1704599490 3



# Sketch: 31
1704598914 19
1704598946 7
1704598978 9
1704599010 14
1704599042 17
1704599074 11
1704599106 15
1704599138 14
1704599170 10
1704599202 11
1704599234 7
1704599266 16
1704599298 19
1704599330 25
1704599362 25
1704599394 13
1704599426 21
1704599458 11
1704599490 11

