

# Sketch: 0
1704598914 44
1704599042 62
1704599170 66
1704599298 64
1704599426 28



# Sketch: 1
1704598914 66
1704599042 58
1704599170 52
1704599298 54
1704599426 39



# Sketch: 2
1704598914 67
1704599042 85
1704599170 66
1704599298 69
1704599426 38



# Sketch: 3
1704598914 88
1704599042 78
1704599170 87
1704599298 68
1704599426 48



# Sketch: 4
1704598914 74
1704599042 54
1704599170 55
1704599298 93
1704599426 50



# Sketch: 5
1704598914 97
1704599042 79
1704599170 46
1704599298 50
1704599426 46



# Sketch: 6
1704598914 44
1704599042 64
1704599170 69
1704599298 54
1704599426 33



# Sketch: 7
1704598914 66
1704599042 67
1704599170 68
1704599298 70
1704599426 44



# Sketch: 8
1704598914 72
1704599042 47
1704599170 39
1704599298 55
1704599426 30



# Sketch: 9
1704598914 76
1704599042 87
1704599170 78
1704599298 107
1704599426 38



# Sketch: 10
1704598914 58
1704599042 80
1704599170 117
1704599298 77
1704599426 51



# Sketch: 11
1704598914 71
1704599042 64
1704599170 67
1704599298 46
1704599426 43



# Sketch: 12
1704598914 48
1704599042 72
1704599170 51
1704599298 72
1704599426 33



# Sketch: 13
1704598914 70
1704599042 90
1704599170 122
1704599298 84
1704599426 60



# Sketch: 14
1704598914 62
1704599042 69
1704599170 56
1704599298 86
1704599426 36



# Sketch: 15
1704598914 83
1704599042 62
1704599170 54
1704599298 67
1704599426 50



# Sketch: 16
1704598914 81
1704599042 76
1704599170 69
1704599298 68
1704599426 28



# Sketch: 17
1704598914 64
1704599042 35
1704599170 64
1704599298 44
1704599426 37



# Sketch: 18
1704598914 41
1704599042 63
1704599170 52
1704599298 55
1704599426 35



# Sketch: 19
1704598914 78
1704599042 46
1704599170 40
1704599298 87
1704599426 27



# Sketch: 20
1704598914 75
1704599042 54
1704599170 41
1704599298 59
1704599426 31



# Sketch: 21
1704598914 65
1704599042 66
1704599170 123
1704599298 70
1704599426 46



# Sketch: 22
1704598914 69
1704599042 51
1704599170 77
1704599298 57
1704599426 50



# Sketch: 23
1704598914 89
1704599042 53
1704599170 89
1704599298 87
1704599426 45



# Sketch: 24
1704598914 113
1704599042 85
1704599170 64
1704599298 59
1704599426 61



# Sketch: 25
1704598914 50
1704599042 48
1704599170 88
1704599298 49
1704599426 31



# Sketch: 26
1704598914 52
1704599042 50
1704599170 54
1704599298 71
1704599426 81



# Sketch: 27
1704598914 53
1704599042 52
1704599170 44
1704599298 56
1704599426 26



# Sketch: 28
1704598914 45
1704599042 50
1704599170 68
1704599298 81
1704599426 50



# Sketch: 29
1704598914 81
1704599042 66
1704599170 79
1704599298 91
1704599426 54



# Sketch: 30
1704598914 76
1704599042 124
1704599170 119
1704599298 80
1704599426 58



# Sketch: 31
1704598914 62
1704599042 75
1704599170 84
1704599298 72
1704599426 43

