

# Sketch: 0
1704599514 21
1704599546 27
1704599578 17
1704599610 12
1704599642 16
1704599674 8
1704599706 19
1704599738 27
1704599770 9
1704599802 12
1704599834 12
1704599866 15
1704599898 17
1704599930 13
1704599962 17
1704599994 29
1704600026 20
1704600058 22
1704600090 30



# Sketch: 1
1704599514 16
1704599546 25
1704599578 13
1704599610 27
1704599642 24
1704599674 11
1704599706 19
1704599738 19
1704599770 30
1704599802 14
1704599834 12
1704599866 19
1704599898 18
1704599930 16
1704599962 5
1704599994 34
1704600026 11
1704600058 20
1704600090 5



# Sketch: 2
1704599514 16
1704599546 11
1704599578 14
1704599610 13
1704599642 34
1704599674 19
1704599706 10
1704599738 15
1704599770 12
1704599802 16
1704599834 18
1704599866 12
1704599898 16
1704599930 12
1704599962 12
1704599994 14
1704600026 15
1704600058 16
1704600090 11



# Sketch: 3
1704599514 27
1704599546 10
1704599578 14
1704599610 20
1704599642 39
1704599674 9
1704599706 22
1704599738 9
1704599770 13
1704599802 22
1704599834 27
1704599866 13
1704599898 13
1704599930 16
1704599962 17
1704599994 16
1704600026 9
1704600058 35
1704600090 15



# Sketch: 4
1704599514 16
1704599546 8
1704599578 18
1704599610 27
1704599642 21
1704599674 18
1704599706 14
1704599738 13
1704599770 76
1704599802 17
1704599834 15
1704599866 14
1704599898 21
1704599930 8
1704599962 12
1704599994 21
1704600026 7
1704600058 18
1704600090 19



# Sketch: 5
1704599514 19
1704599546 14
1704599578 34
1704599610 13
1704599642 15
1704599674 8
1704599706 11
1704599738 15
1704599770 16
1704599802 25
1704599834 22
1704599866 31
1704599898 13
1704599930 12
1704599962 12
1704599994 13
1704600026 21
1704600058 25
1704600090 8



# Sketch: 6
1704599514 14
1704599546 21
1704599578 6
1704599610 11
1704599642 15
1704599674 28
1704599706 14
1704599738 27
1704599770 12
1704599802 7
1704599834 8
1704599866 14
1704599898 11
1704599930 4
1704599962 16
1704599994 25
1704600026 11
1704600058 18
1704600090 8



# Sketch: 7
1704599514 12
1704599546 10
1704599578 18
1704599610 16
1704599642 56
1704599674 21
1704599706 17
1704599738 12
1704599770 27
1704599802 25
1704599834 15
1704599866 29
1704599898 12
1704599930 12
1704599962 13
1704599994 13
1704600026 12
1704600058 30
1704600090 13



# Sketch: 8
1704599514 17
1704599546 14
1704599578 13
1704599610 30
1704599642 9
1704599674 6
1704599706 21
1704599738 8
1704599770 10
1704599802 30
1704599834 21
1704599866 11
1704599898 27
1704599930 30
1704599962 17
1704599994 7
1704600026 14
1704600058 12
1704600090 10



# Sketch: 9
1704599514 16
1704599546 11
1704599578 18
1704599610 11
1704599642 14
1704599674 3
1704599706 16
1704599738 7
1704599770 18
1704599802 29
1704599834 16
1704599866 14
1704599898 7
1704599930 13
1704599962 22
1704599994 14
1704600026 18
1704600058 11
1704600090 3



# Sketch: 10
1704599514 17
1704599546 33
1704599578 12
1704599610 19
1704599642 22
1704599674 14
1704599706 17
1704599738 22
1704599770 16
1704599802 12
1704599834 30
1704599866 22
1704599898 9
1704599930 22
1704599962 13
1704599994 24
1704600026 20
1704600058 25
1704600090 18



# Sketch: 11
1704599514 16
1704599546 13
1704599578 11
1704599610 15
1704599642 15
1704599674 32
1704599706 5
1704599738 20
1704599770 17
1704599802 22
1704599834 6
1704599866 8
1704599898 20
1704599930 15
1704599962 19
1704599994 24
1704600026 6
1704600058 21
1704600090 9



# Sketch: 12
1704599514 21
1704599546 23
1704599578 8
1704599610 23
1704599642 23
1704599674 8
1704599706 17
1704599738 15
1704599770 13
1704599802 27
1704599834 23
1704599866 14
1704599898 8
1704599930 31
1704599962 19
1704599994 7
1704600026 19
1704600058 26
1704600090 18



# Sketch: 13
1704599514 14
1704599546 12
1704599578 3
1704599610 15
1704599642 23
1704599674 8
1704599706 10
1704599738 15
1704599770 21
1704599802 17
1704599834 16
1704599866 17
1704599898 13
1704599930 20
1704599962 8
1704599994 25
1704600026 17
1704600058 12
1704600090 12



# Sketch: 14
1704599514 10
1704599546 16
1704599578 13
1704599610 15
1704599642 10
1704599674 9
1704599706 10
1704599738 11
1704599770 10
1704599802 14
1704599834 15
1704599866 26
1704599898 13
1704599930 12
1704599962 20
1704599994 13
1704600026 16
1704600058 8
1704600090 9



# Sketch: 15
1704599514 21
1704599546 16
1704599578 17
1704599610 21
1704599642 23
1704599674 16
1704599706 28
1704599738 28
1704599770 10
1704599802 23
1704599834 27
1704599866 12
1704599898 17
1704599930 21
1704599962 15
1704599994 14
1704600026 17
1704600058 18
1704600090 16



# Sketch: 16
1704599514 58
1704599546 16
1704599578 7
1704599610 15
1704599642 12
1704599674 17
1704599706 13
1704599738 17
1704599770 12
1704599802 33
1704599834 15
1704599866 16
1704599898 25
1704599930 15
1704599962 14
1704599994 40
1704600026 12
1704600058 15
1704600090 17



# Sketch: 17
1704599514 31
1704599546 18
1704599578 18
1704599610 17
1704599642 19
1704599674 13
1704599706 15
1704599738 13
1704599770 37
1704599802 18
1704599834 14
1704599866 20
1704599898 32
1704599930 13
1704599962 21
1704599994 20
1704600026 23
1704600058 29
1704600090 8



# Sketch: 18
1704599514 29
1704599546 17
1704599578 12
1704599610 19
1704599642 20
1704599674 14
1704599706 15
1704599738 13
1704599770 14
1704599802 14
1704599834 16
1704599866 17
1704599898 13
1704599930 32
1704599962 9
1704599994 24
1704600026 14
1704600058 37
1704600090 13



# Sketch: 19
1704599514 5
1704599546 4
1704599578 8
1704599610 24
1704599642 8
1704599674 61
1704599706 23
1704599738 16
1704599770 6
1704599802 17
1704599834 16
1704599866 19
1704599898 15
1704599930 6
1704599962 11
1704599994 12
1704600026 7
1704600058 16
1704600090 6



# Sketch: 20
1704599514 14
1704599546 19
1704599578 39
1704599610 31
1704599642 14
1704599674 17
1704599706 35
1704599738 22
1704599770 23
1704599802 33
1704599834 39
1704599866 16
1704599898 17
1704599930 42
1704599962 38
1704599994 47
1704600026 6
1704600058 49
1704600090 13



# Sketch: 21
1704599514 14
1704599546 7
1704599578 11
1704599610 16
1704599642 15
1704599674 15
1704599706 22
1704599738 18
1704599770 17
1704599802 20
1704599834 15
1704599866 14
1704599898 12
1704599930 22
1704599962 12
1704599994 22
1704600026 13
1704600058 33
1704600090 7



# Sketch: 22
1704599514 19
1704599546 16
1704599578 9
1704599610 11
1704599642 16
1704599674 5
1704599706 10
1704599738 10
1704599770 12
1704599802 17
1704599834 17
1704599866 12
1704599898 18
1704599930 15
1704599962 16
1704599994 8
1704600026 21
1704600058 31
1704600090 11



# Sketch: 23
1704599514 18
1704599546 13
1704599578 15
1704599610 22
1704599642 3
1704599674 23
1704599706 16
1704599738 31
1704599770 22
1704599802 5
1704599834 11
1704599866 10
1704599898 16
1704599930 11
1704599962 11
1704599994 18
1704600026 10
1704600058 12
1704600090 28



# Sketch: 24
1704599514 16
1704599546 14
1704599578 13
1704599610 13
1704599642 14
1704599674 10
1704599706 6
1704599738 22
1704599770 9
1704599802 17
1704599834 9
1704599866 19
1704599898 22
1704599930 10
1704599962 15
1704599994 9
1704600026 15
1704600058 18
1704600090 13



# Sketch: 25
1704599514 24
1704599546 20
1704599578 10
1704599610 20
1704599642 28
1704599674 22
1704599706 13
1704599738 26
1704599770 58
1704599802 7
1704599834 15
1704599866 32
1704599898 16
1704599930 15
1704599962 23
1704599994 21
1704600026 17
1704600058 13
1704600090 16



# Sketch: 26
1704599514 22
1704599546 15
1704599578 24
1704599610 26
1704599642 25
1704599674 8
1704599706 11
1704599738 15
1704599770 19
1704599802 9
1704599834 12
1704599866 18
1704599898 20
1704599930 12
1704599962 17
1704599994 9
1704600026 11
1704600058 7
1704600090 31



# Sketch: 27
1704599514 17
1704599546 16
1704599578 10
1704599610 5
1704599642 13
1704599674 9
1704599706 13
1704599738 15
1704599770 18
1704599802 34
1704599834 19
1704599866 11
1704599898 18
1704599930 15
1704599962 12
1704599994 23
1704600026 12
1704600058 18
1704600090 6



# Sketch: 28
1704599514 13
1704599546 14
1704599578 10
1704599610 9
1704599642 12
1704599674 11
1704599706 13
1704599738 24
1704599770 11
1704599802 7
1704599834 16
1704599866 23
1704599898 12
1704599930 5
1704599962 22
1704599994 2
1704600026 16
1704600058 22
1704600090 9



# Sketch: 29
1704599514 20
1704599546 15
1704599578 17
1704599610 7
1704599642 17
1704599674 18
1704599706 16
1704599738 13
1704599770 16
1704599802 12
1704599834 21
1704599866 22
1704599898 30
1704599930 17
1704599962 15
1704599994 11
1704600026 15
1704600058 16
1704600090 15



# Sketch: 30
1704599514 18
1704599546 7
1704599578 28
1704599610 12
1704599642 16
1704599674 10
1704599706 6
1704599738 19
1704599770 41
1704599802 13
1704599834 16
1704599866 17
1704599898 11
1704599930 16
1704599962 21
1704599994 23
1704600026 14
1704600058 25
1704600090 12



# Sketch: 31
1704599514 21
1704599546 10
1704599578 16
1704599610 11
1704599642 25
1704599674 17
1704599706 13
1704599738 20
1704599770 15
1704599802 14
1704599834 15
1704599866 15
1704599898 23
1704599930 5
1704599962 18
1704599994 31
1704600026 16
1704600058 16
1704600090 9

