

# Sketch: 0
1704600114 46
1704600178 27
1704600242 28
1704600306 33
1704600370 23
1704600434 35
1704600498 33
1704600562 55
1704600626 36
1704600690 11



# Sketch: 1
1704600114 18
1704600178 17
1704600242 25
1704600306 21
1704600370 67
1704600434 30
1704600498 26
1704600562 38
1704600626 26
1704600690 12



# Sketch: 2
1704600114 27
1704600178 42
1704600242 44
1704600306 40
1704600370 51
1704600434 43
1704600498 41
1704600562 51
1704600626 43
1704600690 10



# Sketch: 3
1704600114 22
1704600178 37
1704600242 28
1704600306 30
1704600370 108
1704600434 19
1704600498 24
1704600562 53
1704600626 25
1704600690 14



# Sketch: 4
1704600114 18
1704600178 25
1704600242 19
1704600306 21
1704600370 40
1704600434 19
1704600498 19
1704600562 41
1704600626 22
1704600690 8



# Sketch: 5
1704600114 25
1704600178 40
1704600242 33
1704600306 25
1704600370 38
1704600434 29
1704600498 30
1704600562 29
1704600626 36
1704600690 6



# Sketch: 6
1704600114 44
1704600178 24
1704600242 36
1704600306 21
1704600370 37
1704600434 27
1704600498 23
1704600562 28
1704600626 36
1704600690 15



# Sketch: 7
1704600114 32
1704600178 30
1704600242 54
1704600306 16
1704600370 28
1704600434 34
1704600498 21
1704600562 46
1704600626 22
1704600690 9



# Sketch: 8
1704600114 27
1704600178 39
1704600242 39
1704600306 12
1704600370 41
1704600434 20
1704600498 27
1704600562 22
1704600626 25
1704600690 15



# Sketch: 9
1704600114 24
1704600178 17
1704600242 37
1704600306 41
1704600370 52
1704600434 40
1704600498 37
1704600562 35
1704600626 29
1704600690 8



# Sketch: 10
1704600114 20
1704600178 50
1704600242 41
1704600306 71
1704600370 42
1704600434 52
1704600498 38
1704600562 62
1704600626 108
1704600690 12



# Sketch: 11
1704600114 27
1704600178 26
1704600242 15
1704600306 25
1704600370 40
1704600434 25
1704600498 26
1704600562 39
1704600626 41
1704600690 13



# Sketch: 12
1704600114 36
1704600178 27
1704600242 58
1704600306 16
1704600370 35
1704600434 38
1704600498 34
1704600562 48
1704600626 16
1704600690 6



# Sketch: 13
1704600114 15
1704600178 22
1704600242 27
1704600306 15
1704600370 36
1704600434 37
1704600498 50
1704600562 14
1704600626 30
1704600690 23



# Sketch: 14
1704600114 52
1704600178 30
1704600242 49
1704600306 26
1704600370 37
1704600434 39
1704600498 22
1704600562 51
1704600626 33
1704600690 24



# Sketch: 15
1704600114 24
1704600178 49
1704600242 23
1704600306 23
1704600370 20
1704600434 29
1704600498 24
1704600562 37
1704600626 36
1704600690 10



# Sketch: 16
1704600114 16
1704600178 12
1704600242 26
1704600306 43
1704600370 40
1704600434 22
1704600498 13
1704600562 25
1704600626 32
1704600690 3



# Sketch: 17
1704600114 19
1704600178 34
1704600242 34
1704600306 19
1704600370 51
1704600434 87
1704600498 17
1704600562 21
1704600626 27
1704600690 6



# Sketch: 18
1704600114 33
1704600178 28
1704600242 33
1704600306 22
1704600370 48
1704600434 33
1704600498 40
1704600562 16
1704600626 21
1704600690 6



# Sketch: 19
1704600114 31
1704600178 49
1704600242 25
1704600306 22
1704600370 35
1704600434 41
1704600498 26
1704600562 82
1704600626 31
1704600690 13



# Sketch: 20
1704600114 16
1704600178 23
1704600242 27
1704600306 12
1704600370 56
1704600434 46
1704600498 44
1704600562 32
1704600626 15
1704600690 15



# Sketch: 21
1704600114 17
1704600178 46
1704600242 34
1704600306 27
1704600370 34
1704600434 34
1704600498 21
1704600562 46
1704600626 37
1704600690 7



# Sketch: 22
1704600114 30
1704600178 33
1704600242 43
1704600306 27
1704600370 37
1704600434 38
1704600498 51
1704600562 47
1704600626 42
1704600690 17



# Sketch: 23
1704600114 48
1704600178 30
1704600242 27
1704600306 35
1704600370 59
1704600434 38
1704600498 28
1704600562 51
1704600626 29
1704600690 12



# Sketch: 24
1704600114 26
1704600178 73
1704600242 45
1704600306 39
1704600370 49
1704600434 58
1704600498 39
1704600562 56
1704600626 52
1704600690 29



# Sketch: 25
1704600114 26
1704600178 23
1704600242 43
1704600306 24
1704600370 55
1704600434 26
1704600498 59
1704600562 38
1704600626 50
1704600690 9



# Sketch: 26
1704600114 46
1704600178 30
1704600242 32
1704600306 40
1704600370 46
1704600434 48
1704600498 53
1704600562 59
1704600626 48
1704600690 11



# Sketch: 27
1704600114 39
1704600178 21
1704600242 36
1704600306 44
1704600370 12
1704600434 45
1704600498 25
1704600562 46
1704600626 40
1704600690 5



# Sketch: 28
1704600114 16
1704600178 19
1704600242 41
1704600306 45
1704600370 29
1704600434 28
1704600498 12
1704600562 41
1704600626 26
1704600690 7



# Sketch: 29
1704600114 13
1704600178 17
1704600242 24
1704600306 20
1704600370 26
1704600434 41
1704600498 49
1704600562 41
1704600626 25
1704600690 5



# Sketch: 30
1704600114 38
1704600178 38
1704600242 63
1704600306 53
1704600370 40
1704600434 29
1704600498 63
1704600562 34
1704600626 28
1704600690 8



# Sketch: 31
1704600114 19
1704600178 32
1704600242 22
1704600306 17
1704600370 31
1704600434 45
1704600498 24
1704600562 26
1704600626 25
1704600690 8

