

# Sketch: 0
1704600114 5
1704600146 5
1704600178 5
1704600210 9
1704600242 9
1704600274 21
1704600306 5
1704600338 16
1704600370 33
1704600402 15
1704600434 9
1704600466 12
1704600498 10
1704600530 8
1704600562 8
1704600594 15
1704600626 7
1704600658 8
1704600690 2



# Sketch: 1
1704600114 24
1704600146 12
1704600178 28
1704600210 19
1704600242 13
1704600274 7
1704600306 20
1704600338 21
1704600370 17
1704600402 20
1704600434 23
1704600466 20
1704600498 20
1704600530 25
1704600562 18
1704600594 23
1704600626 20
1704600658 15
1704600690 16



# Sketch: 2
1704600114 12
1704600146 15
1704600178 12
1704600210 12
1704600242 29
1704600274 10
1704600306 10
1704600338 11
1704600370 20
1704600402 20
1704600434 57
1704600466 42
1704600498 19
1704600530 23
1704600562 17
1704600594 22
1704600626 11
1704600658 10
1704600690 10



# Sketch: 3
1704600114 8
1704600146 17
1704600178 10
1704600210 14
1704600242 24
1704600274 20
1704600306 7
1704600338 14
1704600370 32
1704600402 14
1704600434 24
1704600466 26
1704600498 6
1704600530 12
1704600562 11
1704600594 28
1704600626 24
1704600658 14
1704600690 9



# Sketch: 4
1704600114 18
1704600146 12
1704600178 27
1704600210 17
1704600242 14
1704600274 13
1704600306 6
1704600338 11
1704600370 12
1704600402 25
1704600434 14
1704600466 27
1704600498 7
1704600530 14
1704600562 21
1704600594 27
1704600626 13
1704600658 16
1704600690 9



# Sketch: 5
1704600114 16
1704600146 6
1704600178 30
1704600210 21
1704600242 33
1704600274 14
1704600306 18
1704600338 12
1704600370 19
1704600402 44
1704600434 21
1704600466 20
1704600498 12
1704600530 26
1704600562 21
1704600594 27
1704600626 10
1704600658 38
1704600690 16



# Sketch: 6
1704600114 9
1704600146 33
1704600178 7
1704600210 26
1704600242 27
1704600274 11
1704600306 15
1704600338 22
1704600370 12
1704600402 21
1704600434 20
1704600466 7
1704600498 15
1704600530 22
1704600562 9
1704600594 22
1704600626 32
1704600658 6
1704600690 7



# Sketch: 7
1704600114 25
1704600146 11
1704600178 15
1704600210 17
1704600242 22
1704600274 10
1704600306 16
1704600338 27
1704600370 23
1704600402 12
1704600434 15
1704600466 7
1704600498 13
1704600530 16
1704600562 26
1704600594 17
1704600626 17
1704600658 16
1704600690 9



# Sketch: 8
1704600114 14
1704600146 13
1704600178 11
1704600210 8
1704600242 16
1704600274 11
1704600306 12
1704600338 11
1704600370 18
1704600402 15
1704600434 25
1704600466 28
1704600498 12
1704600530 27
1704600562 9
1704600594 44
1704600626 18
1704600658 10
1704600690 9



# Sketch: 9
1704600114 16
1704600146 21
1704600178 9
1704600210 14
1704600242 17
1704600274 11
1704600306 30
1704600338 17
1704600370 12
1704600402 14
1704600434 12
1704600466 18
1704600498 16
1704600530 14
1704600562 11
1704600594 23
1704600626 20
1704600658 9
1704600690 3



# Sketch: 10
1704600114 28
1704600146 13
1704600178 7
1704600210 19
1704600242 13
1704600274 24
1704600306 11
1704600338 12
1704600370 14
1704600402 15
1704600434 9
1704600466 23
1704600498 15
1704600530 20
1704600562 12
1704600594 35
1704600626 8
1704600658 11
1704600690 6



# Sketch: 11
1704600114 7
1704600146 17
1704600178 16
1704600210 10
1704600242 21
1704600274 20
1704600306 19
1704600338 8
1704600370 8
1704600402 8
1704600434 12
1704600466 25
1704600498 14
1704600530 12
1704600562 20
1704600594 28
1704600626 23
1704600658 15
1704600690 11



# Sketch: 12
1704600114 18
1704600146 16
1704600178 33
1704600210 13
1704600242 38
1704600274 28
1704600306 23
1704600338 21
1704600370 24
1704600402 19
1704600434 24
1704600466 16
1704600498 8
1704600530 43
1704600562 44
1704600594 22
1704600626 22
1704600658 33
1704600690 18



# Sketch: 13
1704600114 22
1704600146 6
1704600178 7
1704600210 14
1704600242 14
1704600274 16
1704600306 13
1704600338 12
1704600370 35
1704600402 17
1704600434 14
1704600466 21
1704600498 15
1704600530 14
1704600562 16
1704600594 12
1704600626 14
1704600658 7
1704600690 9



# Sketch: 14
1704600114 20
1704600146 6
1704600178 9
1704600210 15
1704600242 14
1704600274 34
1704600306 12
1704600338 20
1704600370 28
1704600402 29
1704600434 17
1704600466 20
1704600498 58
1704600530 16
1704600562 34
1704600594 31
1704600626 14
1704600658 17
1704600690 4



# Sketch: 15
1704600114 28
1704600146 8
1704600178 8
1704600210 18
1704600242 29
1704600274 10
1704600306 8
1704600338 4
1704600370 9
1704600402 27
1704600434 10
1704600466 9
1704600498 12
1704600530 20
1704600562 10
1704600594 18
1704600626 18
1704600658 17
1704600690 8



# Sketch: 16
1704600114 20
1704600146 8
1704600178 12
1704600210 23
1704600242 19
1704600274 21
1704600306 20
1704600338 6
1704600370 19
1704600402 12
1704600434 11
1704600466 16
1704600498 13
1704600530 12
1704600562 20
1704600594 16
1704600626 17
1704600658 16
1704600690 16



# Sketch: 17
1704600114 19
1704600146 12
1704600178 13
1704600210 15
1704600242 26
1704600274 25
1704600306 17
1704600338 20
1704600370 13
1704600402 33
1704600434 16
1704600466 19
1704600498 31
1704600530 13
1704600562 11
1704600594 17
1704600626 14
1704600658 11
1704600690 26



# Sketch: 18
1704600114 7
1704600146 8
1704600178 7
1704600210 10
1704600242 11
1704600274 14
1704600306 9
1704600338 40
1704600370 20
1704600402 30
1704600434 23
1704600466 21
1704600498 7
1704600530 19
1704600562 7
1704600594 28
1704600626 14
1704600658 80
1704600690 2



# Sketch: 19
1704600114 15
1704600146 14
1704600178 10
1704600210 18
1704600242 23
1704600274 12
1704600306 6
1704600338 11
1704600370 20
1704600402 12
1704600434 11
1704600466 20
1704600498 31
1704600530 16
1704600562 29
1704600594 24
1704600626 14
1704600658 16
1704600690 16



# Sketch: 20
1704600114 23
1704600146 6
1704600178 33
1704600210 19
1704600242 34
1704600274 15
1704600306 25
1704600338 12
1704600370 10
1704600402 45
1704600434 49
1704600466 15
1704600498 19
1704600530 18
1704600562 27
1704600594 23
1704600626 10
1704600658 30
1704600690 19



# Sketch: 21
1704600114 18
1704600146 10
1704600178 17
1704600210 14
1704600242 15
1704600274 11
1704600306 14
1704600338 11
1704600370 100
1704600402 22
1704600434 5
1704600466 34
1704600498 25
1704600530 14
1704600562 19
1704600594 22
1704600626 7
1704600658 16
1704600690 5



# Sketch: 22
1704600114 11
1704600146 17
1704600178 28
1704600210 12
1704600242 6
1704600274 19
1704600306 16
1704600338 12
1704600370 21
1704600402 17
1704600434 8
1704600466 12
1704600498 9
1704600530 6
1704600562 12
1704600594 22
1704600626 13
1704600658 20
1704600690 9



# Sketch: 23
1704600114 12
1704600146 16
1704600178 8
1704600210 15
1704600242 25
1704600274 13
1704600306 12
1704600338 29
1704600370 20
1704600402 17
1704600434 13
1704600466 26
1704600498 8
1704600530 16
1704600562 15
1704600594 12
1704600626 36
1704600658 12
1704600690 13



# Sketch: 24
1704600114 16
1704600146 13
1704600178 9
1704600210 15
1704600242 11
1704600274 22
1704600306 16
1704600338 18
1704600370 18
1704600402 44
1704600434 16
1704600466 11
1704600498 18
1704600530 19
1704600562 33
1704600594 27
1704600626 9
1704600658 12
1704600690 15



# Sketch: 25
1704600114 15
1704600146 12
1704600178 24
1704600210 10
1704600242 12
1704600274 12
1704600306 8
1704600338 16
1704600370 10
1704600402 18
1704600434 19
1704600466 17
1704600498 9
1704600530 8
1704600562 17
1704600594 15
1704600626 9
1704600658 16
1704600690 14



# Sketch: 26
1704600114 7
1704600146 15
1704600178 17
1704600210 17
1704600242 16
1704600274 18
1704600306 15
1704600338 16
1704600370 12
1704600402 12
1704600434 20
1704600466 12
1704600498 8
1704600530 6
1704600562 20
1704600594 17
1704600626 20
1704600658 21
1704600690 14



# Sketch: 27
1704600114 14
1704600146 13
1704600178 12
1704600210 24
1704600242 12
1704600274 8
1704600306 5
1704600338 20
1704600370 19
1704600402 16
1704600434 9
1704600466 32
1704600498 19
1704600530 16
1704600562 15
1704600594 21
1704600626 18
1704600658 16
1704600690 8



# Sketch: 28
1704600114 12
1704600146 8
1704600178 8
1704600210 14
1704600242 14
1704600274 14
1704600306 10
1704600338 12
1704600370 15
1704600402 21
1704600434 11
1704600466 21
1704600498 22
1704600530 13
1704600562 15
1704600594 24
1704600626 15
1704600658 19
1704600690 11



# Sketch: 29
1704600114 14
1704600146 14
1704600178 24
1704600210 10
1704600242 31
1704600274 4
1704600306 4
1704600338 8
1704600370 18
1704600402 17
1704600434 4
1704600466 15
1704600498 17
1704600530 16
1704600562 22
1704600594 12
1704600626 21
1704600658 10
1704600690 19



# Sketch: 30
1704600114 24
1704600146 7
1704600178 13
1704600210 41
1704600242 17
1704600274 16
1704600306 13
1704600338 16
1704600370 31
1704600402 19
1704600434 11
1704600466 13
1704600498 13
1704600530 9
1704600562 22
1704600594 27
1704600626 20
1704600658 16
1704600690 9



# Sketch: 31
1704600114 4
1704600146 5
1704600178 6
1704600210 32
1704600242 11
1704600274 11
1704600306 11
1704600338 13
1704600370 18
1704600402 13
1704600434 22
1704600466 16
1704600498 11
1704600530 14
1704600562 14
1704600594 24
1704600626 15
1704600658 16
1704600690 15

