

# Sketch: 0
1704600114 81
1704600242 62
1704600370 83
1704600498 116
1704600626 41



# Sketch: 1
1704600114 76
1704600242 84
1704600370 82
1704600498 83
1704600626 46



# Sketch: 2
1704600114 66
1704600242 110
1704600370 118
1704600498 70
1704600626 52



# Sketch: 3
1704600114 71
1704600242 47
1704600370 134
1704600498 76
1704600626 37



# Sketch: 4
1704600114 42
1704600242 64
1704600370 103
1704600498 90
1704600626 48



# Sketch: 5
1704600114 54
1704600242 65
1704600370 67
1704600498 49
1704600626 44



# Sketch: 6
1704600114 60
1704600242 38
1704600370 85
1704600498 46
1704600626 39



# Sketch: 7
1704600114 66
1704600242 38
1704600370 64
1704600498 59
1704600626 33



# Sketch: 8
1704600114 35
1704600242 62
1704600370 69
1704600498 50
1704600626 37



# Sketch: 9
1704600114 65
1704600242 53
1704600370 50
1704600498 62
1704600626 39



# Sketch: 10
1704600114 49
1704600242 55
1704600370 60
1704600498 53
1704600626 25



# Sketch: 11
1704600114 54
1704600242 70
1704600370 85
1704600498 81
1704600626 44



# Sketch: 12
1704600114 77
1704600242 63
1704600370 59
1704600498 55
1704600626 30



# Sketch: 13
1704600114 44
1704600242 54
1704600370 81
1704600498 56
1704600626 46



# Sketch: 14
1704600114 76
1704600242 64
1704600370 60
1704600498 95
1704600626 33



# Sketch: 15
1704600114 37
1704600242 47
1704600370 41
1704600498 52
1704600626 49



# Sketch: 16
1704600114 49
1704600242 40
1704600370 70
1704600498 41
1704600626 40



# Sketch: 17
1704600114 61
1704600242 79
1704600370 76
1704600498 111
1704600626 53



# Sketch: 18
1704600114 65
1704600242 80
1704600370 103
1704600498 92
1704600626 39



# Sketch: 19
1704600114 89
1704600242 84
1704600370 96
1704600498 98
1704600626 65



# Sketch: 20
1704600114 57
1704600242 65
1704600370 55
1704600498 48
1704600626 28



# Sketch: 21
1704600114 64
1704600242 110
1704600370 65
1704600498 78
1704600626 67



# Sketch: 22
1704600114 44
1704600242 63
1704600370 95
1704600498 57
1704600626 39



# Sketch: 23
1704600114 54
1704600242 65
1704600370 145
1704600498 69
1704600626 24



# Sketch: 24
1704600114 40
1704600242 40
1704600370 58
1704600498 112
1704600626 56



# Sketch: 25
1704600114 75
1704600242 52
1704600370 69
1704600498 103
1704600626 54



# Sketch: 26
1704600114 53
1704600242 94
1704600370 77
1704600498 57
1704600626 55



# Sketch: 27
1704600114 50
1704600242 68
1704600370 79
1704600498 87
1704600626 62



# Sketch: 28
1704600114 48
1704600242 55
1704600370 58
1704600498 64
1704600626 33



# Sketch: 29
1704600114 86
1704600242 50
1704600370 76
1704600498 86
1704600626 109



# Sketch: 30
1704600114 62
1704600242 62
1704600370 89
1704600498 78
1704600626 35



# Sketch: 31
1704600114 50
1704600242 53
1704600370 66
1704600498 75
1704600626 47

