

# Sketch: 0
0 0.659863
1 0.740658
2 0.763023
3 0.77572
4 0.716958
5 0.622916
6 0.680382
7 0.630412



# Sketch: 1
0 0.76753
1 0.764939
2 0.688877
3 0.67525
4 0.672275
5 0.614552
6 0.671251
7 0.734629



# Sketch: 2
0 0.705061
1 1.03892
2 0.648013
3 0.528754
4 0.220777
5 0.421368
6 0.342654
7 0.481911



# Sketch: 3
0 0.501889
1 0.751591
2 0.734764
3 0.683827
4 0.619684
5 0.535245
6 0.580407
7 0.452968



# Sketch: 4
0 0.44071
1 0.620604
2 0.810739
3 0.901493
4 1.02584
5 0.514297
6 0.285178
7 0.489764



# Sketch: 5
0 1.20639
1 1.16157
2 1.11371
3 0.933776
4 0.825686
5 1.04746
6 1.72191
7 2.64255



# Sketch: 6
0 0.278544
1 0.293973
2 0.313181
3 0.423395
4 0.407515
5 0.439224
6 1.11261
7 0.567923



# Sketch: 7
0 1.0026
1 1.0555
2 1.53693
3 1.8301
4 1.92888
5 2.45956
6 0.773085
7 0.577223



# Sketch: 8
0 0.788297
1 0.710205
2 0.606368
3 0.545038
4 0.508063
5 0.46894
6 0.52316
7 0.462484



# Sketch: 9
0 0.480581
1 0.411005
2 0.551431
3 0.489207
4 0.480899
5 0.451402
6 0.517483
7 0.604918



# Sketch: 10
0 0.365134
1 0.261271
2 0.257703
3 0.279051
4 0.340767
5 0.450321
6 0.423595
7 0.54752



# Sketch: 11
0 0.926662
1 0.909471
2 0.832159
3 0.724777
4 0.635843
5 0.500127
6 0.59009
7 0.63332



# Sketch: 12
0 0.230255
1 0.331487
2 0.249511
3 0.312803
4 0.282201
5 0.46607
6 0.320163
7 0.525297



# Sketch: 13
0 0.313751
1 0.370729
2 0.209268
3 0.367489
4 0.204759
5 0.374849
6 0.241527
7 0.453121



# Sketch: 14
0 0.688666
1 0.788649
2 0.899474
3 0.826506
4 0.738241
5 0.686633
6 0.302632
7 0.449361



# Sketch: 15
0 1.22642
1 0.896673
2 0.647348
3 0.532924
4 0.680417
5 0.220018
6 0.553677
7 0.917041



# Sketch: 16
0 0.440757
1 0.536498
2 0.579605
3 0.659085
4 0.615604
5 0.72972
6 0.550282
7 1.13361



# Sketch: 17
0 0.253206
1 0.303164
2 0.429767
3 0.506822
4 0.455064
5 0.452128
6 0.415477
7 0.560153



# Sketch: 18
0 0.440341
1 0.381265
2 0.652216
3 0.38844
4 0.280396
5 0.413508
6 0.48669
7 0.426667



# Sketch: 19
0 0.297246
1 0.315348
2 0.245213
3 0.405382
4 0.49455
5 0.593885
6 1.14255
7 0.721083



# Sketch: 20
0 0.851351
1 0.748034
2 0.719486
3 0.858028
4 0.269588
5 0.293755
6 0.349624
7 0.431836



# Sketch: 21
0 0.145532
1 0.146684
2 0.219998
3 0.263594
4 0.334882
5 0.341456
6 0.338393
7 0.468705



# Sketch: 22
0 0.139251
1 0.137359
2 0.155833
3 0.208882
4 0.290234
5 0.321988
6 0.405057
7 0.471018



# Sketch: 23
0 0.440193
1 0.448123
2 0.405346
3 0.438299
4 0.526291
5 0.655803
6 0.51832
7 1.98392



# Sketch: 24
0 0.21529
1 0.412382
2 0.380935
3 0.523348
4 0.710172
5 1.2633
6 0.943674
7 0.498837



# Sketch: 25
0 0.261466
1 0.240012
2 0.231923
3 0.348059
4 0.98853
5 1.70033
6 0.385178
7 0.523957



# Sketch: 26
0 1.01322
1 0.996484
2 1.02006
3 2.10149
4 1.93783
5 1.4676
6 0.709594
7 0.397558



# Sketch: 27
0 0.174273
1 0.115159
2 0.20706
3 0.332905
4 0.394359
5 0.499992
6 0.387874
7 0.380329



# Sketch: 28
0 2.58253
1 2.74761
2 2.6618
3 2.11205
4 2.24757
5 2.8722
6 1.75107
7 1.44126



# Sketch: 29
0 0.311021
1 0.277587
2 0.2596
3 0.333304
4 0.324235
5 0.41968
6 0.437097
7 0.430303



# Sketch: 30
0 0.213042
1 0.279911
2 0.262553
3 0.263979
4 0.302203
5 0.386604
6 0.567142
7 0.788776



# Sketch: 31
0 0.474824
1 0.319958
2 0.351995
3 0.378308
4 0.413825
5 0.369549
6 1.74597
7 2.76301

