

# Sketch: 0
1704600714 13
1704600746 14
1704600778 28
1704600810 23
1704600842 40
1704600874 22
1704600906 28
1704600938 26
1704600970 33
1704601002 19
1704601034 29
1704601066 17
1704601098 20
1704601130 36
1704601162 30
1704601194 24
1704601226 23
1704601258 18
1704601290 20



# Sketch: 1
1704600714 20
1704600746 17
1704600778 18
1704600810 21
1704600842 11
1704600874 13
1704600906 14
1704600938 24
1704600970 23
1704601002 14
1704601034 13
1704601066 16
1704601098 24
1704601130 22
1704601162 9
1704601194 35
1704601226 18
1704601258 14
1704601290 10



# Sketch: 2
1704600714 21
1704600746 23
1704600778 26
1704600810 40
1704600842 27
1704600874 30
1704600906 28
1704600938 33
1704600970 47
1704601002 42
1704601034 36
1704601066 25
1704601098 17
1704601130 55
1704601162 24
1704601194 25
1704601226 22
1704601258 55
1704601290 25



# Sketch: 3
1704600714 23
1704600746 12
1704600778 15
1704600810 17
1704600842 32
1704600874 33
1704600906 18
1704600938 14
1704600970 20
1704601002 28
1704601034 19
1704601066 17
1704601098 23
1704601130 14
1704601162 17
1704601194 22
1704601226 16
1704601258 11
1704601290 58



# Sketch: 4
1704600714 27
1704600746 29
1704600778 24
1704600810 20
1704600842 29
1704600874 28
1704600906 14
1704600938 20
1704600970 15
1704601002 19
1704601034 17
1704601066 28
1704601098 14
1704601130 13
1704601162 13
1704601194 29
1704601226 9
1704601258 10
1704601290 11



# Sketch: 5
1704600714 17
1704600746 17
1704600778 22
1704600810 27
1704600842 20
1704600874 28
1704600906 24
1704600938 22
1704600970 11
1704601002 21
1704601034 53
1704601066 10
1704601098 10
1704601130 27
1704601162 43
1704601194 24
1704601226 20
1704601258 25
1704601290 19



# Sketch: 6
1704600714 11
1704600746 21
1704600778 22
1704600810 20
1704600842 29
1704600874 17
1704600906 15
1704600938 22
1704600970 18
1704601002 10
1704601034 12
1704601066 15
1704601098 13
1704601130 24
1704601162 21
1704601194 28
1704601226 22
1704601258 18
1704601290 30



# Sketch: 7
1704600714 13
1704600746 17
1704600778 13
1704600810 22
1704600842 41
1704600874 12
1704600906 20
1704600938 19
1704600970 15
1704601002 16
1704601034 25
1704601066 18
1704601098 14
1704601130 41
1704601162 27
1704601194 22
1704601226 10
1704601258 18
1704601290 14



# Sketch: 8
1704600714 19
1704600746 19
1704600778 29
1704600810 22
1704600842 31
1704600874 30
1704600906 16
1704600938 36
1704600970 27
1704601002 15
1704601034 29
1704601066 7
1704601098 6
1704601130 22
1704601162 22
1704601194 12
1704601226 16
1704601258 24
1704601290 10



# Sketch: 9
1704600714 12
1704600746 25
1704600778 14
1704600810 34
1704600842 37
1704600874 37
1704600906 18
1704600938 18
1704600970 22
1704601002 16
1704601034 21
1704601066 15
1704601098 11
1704601130 25
1704601162 25
1704601194 26
1704601226 37
1704601258 15
1704601290 20



# Sketch: 10
1704600714 23
1704600746 15
1704600778 30
1704600810 34
1704600842 25
1704600874 45
1704600906 30
1704600938 43
1704600970 27
1704601002 60
1704601034 53
1704601066 22
1704601098 22
1704601130 25
1704601162 19
1704601194 36
1704601226 7
1704601258 45
1704601290 34



# Sketch: 11
1704600714 17
1704600746 18
1704600778 24
1704600810 25
1704600842 27
1704600874 28
1704600906 39
1704600938 24
1704600970 20
1704601002 26
1704601034 23
1704601066 31
1704601098 8
1704601130 12
1704601162 35
1704601194 28
1704601226 17
1704601258 21
1704601290 22



# Sketch: 12
1704600714 14
1704600746 14
1704600778 30
1704600810 39
1704600842 17
1704600874 12
1704600906 13
1704600938 18
1704600970 32
1704601002 21
1704601034 14
1704601066 26
1704601098 26
1704601130 18
1704601162 24
1704601194 15
1704601226 35
1704601258 32
1704601290 12



# Sketch: 13
1704600714 11
1704600746 23
1704600778 23
1704600810 34
1704600842 39
1704600874 25
1704600906 28
1704600938 22
1704600970 22
1704601002 15
1704601034 25
1704601066 24
1704601098 16
1704601130 21
1704601162 22
1704601194 25
1704601226 23
1704601258 22
1704601290 14



# Sketch: 14
1704600714 19
1704600746 17
1704600778 18
1704600810 30
1704600842 39
1704600874 35
1704600906 33
1704600938 24
1704600970 42
1704601002 18
1704601034 20
1704601066 33
1704601098 30
1704601130 31
1704601162 18
1704601194 39
1704601226 16
1704601258 15
1704601290 11



# Sketch: 15
1704600714 18
1704600746 20
1704600778 11
1704600810 28
1704600842 56
1704600874 33
1704600906 23
1704600938 16
1704600970 27
1704601002 12
1704601034 32
1704601066 17
1704601098 19
1704601130 17
1704601162 19
1704601194 29
1704601226 23
1704601258 17
1704601290 14



# Sketch: 16
1704600714 23
1704600746 27
1704600778 20
1704600810 21
1704600842 35
1704600874 10
1704600906 12
1704600938 20
1704600970 20
1704601002 15
1704601034 20
1704601066 22
1704601098 20
1704601130 20
1704601162 39
1704601194 20
1704601226 16
1704601258 23
1704601290 19



# Sketch: 17
1704600714 13
1704600746 11
1704600778 32
1704600810 46
1704600842 17
1704600874 25
1704600906 17
1704600938 32
1704600970 44
1704601002 22
1704601034 21
1704601066 45
1704601098 18
1704601130 18
1704601162 35
1704601194 28
1704601226 100
1704601258 19
1704601290 5



# Sketch: 18
1704600714 5
1704600746 13
1704600778 22
1704600810 20
1704600842 31
1704600874 24
1704600906 17
1704600938 23
1704600970 34
1704601002 17
1704601034 21
1704601066 38
1704601098 19
1704601130 21
1704601162 34
1704601194 31
1704601226 23
1704601258 21
1704601290 11



# Sketch: 19
1704600714 19
1704600746 16
1704600778 30
1704600810 35
1704600842 22
1704600874 30
1704600906 30
1704600938 15
1704600970 22
1704601002 11
1704601034 31
1704601066 8
1704601098 14
1704601130 11
1704601162 15
1704601194 15
1704601226 16
1704601258 22
1704601290 13



# Sketch: 20
1704600714 4
1704600746 20
1704600778 15
1704600810 14
1704600842 14
1704600874 23
1704600906 24
1704600938 16
1704600970 29
1704601002 17
1704601034 16
1704601066 9
1704601098 31
1704601130 27
1704601162 29
1704601194 21
1704601226 17
1704601258 20
1704601290 15



# Sketch: 21
1704600714 18
1704600746 23
1704600778 23
1704600810 37
1704600842 15
1704600874 28
1704600906 44
1704600938 24
1704600970 30
1704601002 10
1704601034 38
1704601066 36
1704601098 18
1704601130 35
1704601162 16
1704601194 20
1704601226 17
1704601258 20
1704601290 11



# Sketch: 22
1704600714 19
1704600746 16
1704600778 20
1704600810 33
1704600842 31
1704600874 29
1704600906 28
1704600938 28
1704600970 28
1704601002 19
1704601034 19
1704601066 12
1704601098 24
1704601130 17
1704601162 24
1704601194 27
1704601226 23
1704601258 18
1704601290 30



# Sketch: 23
1704600714 11
1704600746 14
1704600778 21
1704600810 27
1704600842 30
1704600874 31
1704600906 40
1704600938 19
1704600970 30
1704601002 17
1704601034 25
1704601066 29
1704601098 10
1704601130 37
1704601162 12
1704601194 21
1704601226 15
1704601258 26
1704601290 18



# Sketch: 24
1704600714 20
1704600746 23
1704600778 25
1704600810 22
1704600842 24
1704600874 38
1704600906 56
1704600938 37
1704600970 42
1704601002 49
1704601034 35
1704601066 10
1704601098 29
1704601130 39
1704601162 25
1704601194 25
1704601226 18
1704601258 36
1704601290 29



# Sketch: 25
1704600714 19
1704600746 32
1704600778 26
1704600810 36
1704600842 41
1704600874 29
1704600906 14
1704600938 31
1704600970 24
1704601002 14
1704601034 54
1704601066 34
1704601098 22
1704601130 17
1704601162 32
1704601194 28
1704601226 31
1704601258 66
1704601290 28



# Sketch: 26
1704600714 17
1704600746 19
1704600778 21
1704600810 37
1704600842 47
1704600874 23
1704600906 22
1704600938 45
1704600970 31
1704601002 17
1704601034 28
1704601066 24
1704601098 41
1704601130 17
1704601162 25
1704601194 20
1704601226 23
1704601258 32
1704601290 15



# Sketch: 27
1704600714 6
1704600746 33
1704600778 15
1704600810 15
1704600842 44
1704600874 27
1704600906 17
1704600938 15
1704600970 50
1704601002 14
1704601034 29
1704601066 30
1704601098 18
1704601130 20
1704601162 24
1704601194 35
1704601226 18
1704601258 13
1704601290 16



# Sketch: 28
1704600714 12
1704600746 10
1704600778 10
1704600810 20
1704600842 23
1704600874 28
1704600906 21
1704600938 24
1704600970 17
1704601002 32
1704601034 12
1704601066 24
1704601098 9
1704601130 14
1704601162 18
1704601194 13
1704601226 22
1704601258 16
1704601290 15



# Sketch: 29
1704600714 12
1704600746 9
1704600778 24
1704600810 25
1704600842 18
1704600874 24
1704600906 22
1704600938 12
1704600970 19
1704601002 23
1704601034 18
1704601066 11
1704601098 19
1704601130 25
1704601162 21
1704601194 20
1704601226 27
1704601258 18
1704601290 13



# Sketch: 30
1704600714 16
1704600746 23
1704600778 30
1704600810 52
1704600842 21
1704600874 19
1704600906 35
1704600938 29
1704600970 21
1704601002 18
1704601034 19
1704601066 22
1704601098 23
1704601130 23
1704601162 25
1704601194 28
1704601226 40
1704601258 23
1704601290 29



# Sketch: 31
1704600714 8
1704600746 7
1704600778 16
1704600810 20
1704600842 38
1704600874 22
1704600906 20
1704600938 37
1704600970 22
1704601002 12
1704601034 20
1704601066 17
1704601098 33
1704601130 31
1704601162 19
1704601194 19
1704601226 10
1704601258 19
1704601290 12

