

# Sketch: 0
1704600714 31
1704600778 85
1704600842 64
1704600906 50
1704600970 52
1704601034 75
1704601098 39
1704601162 36
1704601226 41
1704601290 13



# Sketch: 1
1704600714 26
1704600778 51
1704600842 61
1704600906 49
1704600970 49
1704601034 53
1704601098 31
1704601162 43
1704601226 35
1704601290 15



# Sketch: 2
1704600714 43
1704600778 52
1704600842 91
1704600906 72
1704600970 93
1704601034 46
1704601098 57
1704601162 54
1704601226 50
1704601290 64



# Sketch: 3
1704600714 52
1704600778 50
1704600842 43
1704600906 34
1704600970 18
1704601034 25
1704601098 59
1704601162 54
1704601226 57
1704601290 19



# Sketch: 4
1704600714 30
1704600778 53
1704600842 35
1704600906 41
1704600970 41
1704601034 45
1704601098 47
1704601162 44
1704601226 41
1704601290 9



# Sketch: 5
1704600714 23
1704600778 48
1704600842 52
1704600906 54
1704600970 39
1704601034 43
1704601098 31
1704601162 36
1704601226 48
1704601290 12



# Sketch: 6
1704600714 52
1704600778 53
1704600842 60
1704600906 50
1704600970 37
1704601034 60
1704601098 81
1704601162 57
1704601226 55
1704601290 24



# Sketch: 7
1704600714 28
1704600778 60
1704600842 50
1704600906 41
1704600970 46
1704601034 46
1704601098 47
1704601162 39
1704601226 57
1704601290 10



# Sketch: 8
1704600714 27
1704600778 42
1704600842 45
1704600906 28
1704600970 36
1704601034 49
1704601098 41
1704601162 85
1704601226 37
1704601290 14



# Sketch: 9
1704600714 18
1704600778 45
1704600842 55
1704600906 42
1704600970 69
1704601034 51
1704601098 32
1704601162 57
1704601226 37
1704601290 26



# Sketch: 10
1704600714 44
1704600778 60
1704600842 54
1704600906 42
1704600970 41
1704601034 50
1704601098 37
1704601162 39
1704601226 35
1704601290 10



# Sketch: 11
1704600714 34
1704600778 42
1704600842 50
1704600906 55
1704600970 41
1704601034 28
1704601098 28
1704601162 72
1704601226 31
1704601290 17



# Sketch: 12
1704600714 45
1704600778 71
1704600842 67
1704600906 85
1704600970 100
1704601034 53
1704601098 58
1704601162 56
1704601226 70
1704601290 28



# Sketch: 13
1704600714 34
1704600778 72
1704600842 60
1704600906 64
1704600970 80
1704601034 71
1704601098 64
1704601162 79
1704601226 45
1704601290 20



# Sketch: 14
1704600714 41
1704600778 30
1704600842 47
1704600906 44
1704600970 46
1704601034 42
1704601098 28
1704601162 44
1704601226 48
1704601290 11



# Sketch: 15
1704600714 30
1704600778 38
1704600842 50
1704600906 28
1704600970 42
1704601034 25
1704601098 31
1704601162 49
1704601226 28
1704601290 13



# Sketch: 16
1704600714 24
1704600778 57
1704600842 45
1704600906 69
1704600970 49
1704601034 40
1704601098 34
1704601162 35
1704601226 21
1704601290 20



# Sketch: 17
1704600714 20
1704600778 40
1704600842 58
1704600906 42
1704600970 35
1704601034 37
1704601098 41
1704601162 30
1704601226 32
1704601290 13



# Sketch: 18
1704600714 29
1704600778 45
1704600842 47
1704600906 36
1704600970 31
1704601034 29
1704601098 33
1704601162 43
1704601226 52
1704601290 15



# Sketch: 19
1704600714 31
1704600778 47
1704600842 62
1704600906 47
1704600970 30
1704601034 54
1704601098 32
1704601162 52
1704601226 126
1704601290 17



# Sketch: 20
1704600714 47
1704600778 56
1704600842 46
1704600906 40
1704600970 35
1704601034 30
1704601098 28
1704601162 21
1704601226 63
1704601290 27



# Sketch: 21
1704600714 40
1704600778 43
1704600842 41
1704600906 35
1704600970 65
1704601034 75
1704601098 57
1704601162 62
1704601226 22
1704601290 12



# Sketch: 22
1704600714 38
1704600778 32
1704600842 52
1704600906 56
1704600970 59
1704601034 56
1704601098 44
1704601162 53
1704601226 54
1704601290 18



# Sketch: 23
1704600714 30
1704600778 53
1704600842 76
1704600906 45
1704600970 43
1704601034 59
1704601098 45
1704601162 58
1704601226 51
1704601290 25



# Sketch: 24
1704600714 34
1704600778 31
1704600842 49
1704600906 76
1704600970 41
1704601034 52
1704601098 31
1704601162 58
1704601226 61
1704601290 36



# Sketch: 25
1704600714 41
1704600778 59
1704600842 71
1704600906 48
1704600970 52
1704601034 44
1704601098 53
1704601162 51
1704601226 44
1704601290 13



# Sketch: 26
1704600714 33
1704600778 53
1704600842 61
1704600906 37
1704600970 61
1704601034 49
1704601098 28
1704601162 33
1704601226 41
1704601290 18



# Sketch: 27
1704600714 28
1704600778 41
1704600842 52
1704600906 55
1704600970 38
1704601034 49
1704601098 55
1704601162 58
1704601226 34
1704601290 16



# Sketch: 28
1704600714 47
1704600778 39
1704600842 76
1704600906 36
1704600970 57
1704601034 81
1704601098 71
1704601162 41
1704601226 43
1704601290 16



# Sketch: 29
1704600714 30
1704600778 39
1704600842 63
1704600906 76
1704600970 40
1704601034 29
1704601098 27
1704601162 47
1704601226 53
1704601290 23



# Sketch: 30
1704600714 26
1704600778 58
1704600842 43
1704600906 35
1704600970 26
1704601034 44
1704601098 36
1704601162 40
1704601226 23
1704601290 11



# Sketch: 31
1704600714 41
1704600778 48
1704600842 63
1704600906 56
1704600970 31
1704601034 29
1704601098 70
1704601162 25
1704601226 47
1704601290 18

