

# Sketch: 0
0 0.797904
1 0.756471
2 0.447949
3 1.40565
4 1.06627
5 0.642836
6 0.339055
7 0.504062



# Sketch: 1
0 0.373331
1 0.406312
2 0.416766
3 0.547155
4 0.341347
5 0.349914
6 0.658177
7 0.598



# Sketch: 2
0 0.585684
1 0.4909
2 0.33063
3 0.339323
4 0.568884
5 0.645428
6 0.913762
7 0.510434



# Sketch: 3
0 0.735249
1 0.762366
2 0.689764
3 0.415596
4 0.389476
5 0.380831
6 0.465645
7 0.498896



# Sketch: 4
0 0.434363
1 0.523183
2 0.469457
3 0.247613
4 0.369443
5 0.618038
6 0.548206
7 0.544139



# Sketch: 5
0 0.550173
1 0.561201
2 0.851042
3 1.27055
4 1.70311
5 0.807207
6 0.532538
7 0.806542



# Sketch: 6
0 0.661563
1 0.619398
2 0.704325
3 0.742153
4 0.721752
5 0.877221
6 0.523308
7 0.988532



# Sketch: 7
0 0.175751
1 0.122938
2 0.100957
3 0.273959
4 0.44653
5 0.578845
6 0.420396
7 0.582733



# Sketch: 8
0 0.240882
1 0.451393
2 0.563123
3 0.269772
4 0.351236
5 0.604458
6 0.401096
7 0.558322



# Sketch: 9
0 0.273415
1 0.31031
2 0.249827
3 0.303479
4 0.241052
5 0.230963
6 0.486318
7 0.470147



# Sketch: 10
0 0.194234
1 0.193756
2 0.303992
3 0.466344
4 0.267593
5 0.347511
6 0.500203
7 0.56891



# Sketch: 11
0 0.51658
1 0.225973
2 0.381716
3 0.234477
4 0.437459
5 0.633814
6 0.433026
7 0.563805



# Sketch: 12
0 1.44403
1 1.04752
2 0.89564
3 0.735543
4 1.00667
5 0.362594
6 0.483196
7 0.425415



# Sketch: 13
0 0.336976
1 0.402626
2 0.560378
3 0.40801
4 0.160756
5 0.381329
6 0.26546
7 0.460529



# Sketch: 14
0 0.415173
1 0.456123
2 0.437089
3 0.390445
4 0.18289
5 0.276271
6 0.529293
7 0.524158



# Sketch: 15
0 0.61578
1 0.895436
2 0.532994
3 0.30719
4 0.327557
5 0.227509
6 2.93416
7 1.26664



# Sketch: 16
0 1.07364
1 1.07345
2 0.936378
3 0.856513
4 1.03078
5 0.906949
6 0.704148
7 0.548229



# Sketch: 17
0 0.407471
1 0.363055
2 0.336756
3 0.402883
4 0.3494
5 0.378335
6 0.442054
7 1.86382



# Sketch: 18
0 0.259156
1 0.384471
2 0.433813
3 0.473222
4 0.743964
5 0.783254
6 0.572368
7 0.500617



# Sketch: 19
0 0.475871
1 0.446444
2 0.586458
3 0.421951
4 0.617357
5 0.609163
6 0.545689
7 0.539359



# Sketch: 20
0 0.806699
1 0.740572
2 0.70081
3 0.624379
4 0.469404
5 0.529966
6 0.600374
7 1.38622



# Sketch: 21
0 1.12701
1 1.12352
2 1.33522
3 0.429933
4 0.44888
5 0.1436
6 0.289774
7 0.423673



# Sketch: 22
0 1.07817
1 1.12977
2 1.21061
3 1.4227
4 1.37361
5 1.46239
6 1.81461
7 0.931078



# Sketch: 23
0 0.742559
1 0.647381
2 0.465599
3 0.545728
4 0.423401
5 0.331594
6 0.32562
7 0.498409



# Sketch: 24
0 0.208407
1 0.217885
2 0.430408
3 0.449204
4 0.225688
5 0.344536
6 0.971204
7 0.910411



# Sketch: 25
0 0.236146
1 0.331354
2 0.557236
3 1.10369
4 0.295518
5 0.380831
6 0.449622
7 0.512924



# Sketch: 26
0 0.705178
1 0.526532
2 0.456247
3 0.222333
4 0.363707
5 0.846493
6 0.232854
7 0.581331



# Sketch: 27
0 0.193694
1 0.186788
2 0.161455
3 0.733163
4 0.70098
5 0.509421
6 0.524385
7 0.481867



# Sketch: 28
0 0.704794
1 0.522589
2 0.567729
3 0.491443
4 0.557757
5 0.524097
6 0.34262
7 0.431771



# Sketch: 29
0 0.35001
1 0.330686
2 0.36967
3 0.351106
4 0.348495
5 0.710403
6 0.447065
7 0.680455



# Sketch: 30
0 0.314665
1 0.291915
2 0.339118
3 0.48921
4 0.246141
5 0.382363
6 0.492108
7 0.473771



# Sketch: 31
0 3.17448
1 2.87934
2 2.73073
3 2.71836
4 2.82521
5 2.35371
6 2.75686
7 2.63162

