

# Sketch: 0
1704601314 57
1704601442 42
1704601570 79
1704601698 155
1704601826 31



# Sketch: 1
1704601314 116
1704601442 84
1704601570 92
1704601698 106
1704601826 67



# Sketch: 2
1704601314 90
1704601442 51
1704601570 48
1704601698 44
1704601826 48



# Sketch: 3
1704601314 69
1704601442 87
1704601570 68
1704601698 59
1704601826 49



# Sketch: 4
1704601314 49
1704601442 40
1704601570 43
1704601698 41
1704601826 40



# Sketch: 5
1704601314 52
1704601442 45
1704601570 91
1704601698 66
1704601826 62



# Sketch: 6
1704601314 93
1704601442 65
1704601570 88
1704601698 73
1704601826 68



# Sketch: 7
1704601314 88
1704601442 76
1704601570 101
1704601698 62
1704601826 64



# Sketch: 8
1704601314 78
1704601442 52
1704601570 81
1704601698 49
1704601826 74



# Sketch: 9
1704601314 86
1704601442 54
1704601570 60
1704601698 60
1704601826 37



# Sketch: 10
1704601314 53
1704601442 49
1704601570 48
1704601698 55
1704601826 67



# Sketch: 11
1704601314 70
1704601442 56
1704601570 59
1704601698 59
1704601826 35



# Sketch: 12
1704601314 70
1704601442 57
1704601570 58
1704601698 58
1704601826 48



# Sketch: 13
1704601314 65
1704601442 108
1704601570 58
1704601698 58
1704601826 59



# Sketch: 14
1704601314 56
1704601442 70
1704601570 58
1704601698 70
1704601826 46



# Sketch: 15
1704601314 128
1704601442 82
1704601570 76
1704601698 112
1704601826 107



# Sketch: 16
1704601314 106
1704601442 67
1704601570 64
1704601698 71
1704601826 49



# Sketch: 17
1704601314 43
1704601442 84
1704601570 44
1704601698 67
1704601826 31



# Sketch: 18
1704601314 66
1704601442 79
1704601570 76
1704601698 35
1704601826 48



# Sketch: 19
1704601314 69
1704601442 70
1704601570 53
1704601698 70
1704601826 57



# Sketch: 20
1704601314 114
1704601442 54
1704601570 88
1704601698 63
1704601826 38



# Sketch: 21
1704601314 111
1704601442 93
1704601570 49
1704601698 70
1704601826 52



# Sketch: 22
1704601314 79
1704601442 80
1704601570 79
1704601698 107
1704601826 41



# Sketch: 23
1704601314 69
1704601442 39
1704601570 53
1704601698 42
1704601826 38



# Sketch: 24
1704601314 46
1704601442 48
1704601570 64
1704601698 51
1704601826 46



# Sketch: 25
1704601314 67
1704601442 56
1704601570 69
1704601698 54
1704601826 45



# Sketch: 26
1704601314 78
1704601442 75
1704601570 40
1704601698 59
1704601826 48



# Sketch: 27
1704601314 85
1704601442 88
1704601570 102
1704601698 64
1704601826 34



# Sketch: 28
1704601314 48
1704601442 51
1704601570 60
1704601698 76
1704601826 44



# Sketch: 29
1704601314 91
1704601442 81
1704601570 78
1704601698 99
1704601826 45



# Sketch: 30
1704601314 75
1704601442 45
1704601570 82
1704601698 65
1704601826 43



# Sketch: 31
1704601314 71
1704601442 78
1704601570 52
1704601698 58
1704601826 35

