

# Sketch: 0
1704601314 28
1704601378 27
1704601442 30
1704601506 16
1704601570 46
1704601634 59
1704601698 30
1704601762 23
1704601826 34
1704601890 13



# Sketch: 1
1704601314 28
1704601378 21
1704601442 34
1704601506 38
1704601570 43
1704601634 16
1704601698 17
1704601762 19
1704601826 28
1704601890 9



# Sketch: 2
1704601314 41
1704601378 71
1704601442 29
1704601506 28
1704601570 48
1704601634 25
1704601698 43
1704601762 31
1704601826 47
1704601890 24



# Sketch: 3
1704601314 38
1704601378 34
1704601442 20
1704601506 22
1704601570 22
1704601634 10
1704601698 31
1704601762 8
1704601826 17
1704601890 13



# Sketch: 4
1704601314 82
1704601378 28
1704601442 33
1704601506 34
1704601570 41
1704601634 28
1704601698 43
1704601762 38
1704601826 37
1704601890 14



# Sketch: 5
1704601314 77
1704601378 35
1704601442 32
1704601506 32
1704601570 53
1704601634 42
1704601698 31
1704601762 32
1704601826 38
1704601890 16



# Sketch: 6
1704601314 38
1704601378 31
1704601442 61
1704601506 34
1704601570 33
1704601634 59
1704601698 110
1704601762 34
1704601826 28
1704601890 11



# Sketch: 7
1704601314 42
1704601378 24
1704601442 33
1704601506 22
1704601570 35
1704601634 45
1704601698 48
1704601762 37
1704601826 40
1704601890 15



# Sketch: 8
1704601314 29
1704601378 51
1704601442 20
1704601506 29
1704601570 32
1704601634 24
1704601698 30
1704601762 34
1704601826 44
1704601890 35



# Sketch: 9
1704601314 54
1704601378 35
1704601442 33
1704601506 30
1704601570 40
1704601634 52
1704601698 39
1704601762 26
1704601826 43
1704601890 10



# Sketch: 10
1704601314 33
1704601378 36
1704601442 31
1704601506 48
1704601570 34
1704601634 36
1704601698 17
1704601762 23
1704601826 37
1704601890 10



# Sketch: 11
1704601314 26
1704601378 53
1704601442 45
1704601506 38
1704601570 39
1704601634 46
1704601698 45
1704601762 26
1704601826 33
1704601890 16



# Sketch: 12
1704601314 53
1704601378 22
1704601442 51
1704601506 33
1704601570 39
1704601634 32
1704601698 39
1704601762 46
1704601826 29
1704601890 35



# Sketch: 13
1704601314 49
1704601378 39
1704601442 39
1704601506 40
1704601570 20
1704601634 48
1704601698 64
1704601762 28
1704601826 40
1704601890 23



# Sketch: 14
1704601314 30
1704601378 53
1704601442 41
1704601506 41
1704601570 55
1704601634 31
1704601698 37
1704601762 50
1704601826 28
1704601890 29



# Sketch: 15
1704601314 38
1704601378 24
1704601442 36
1704601506 26
1704601570 32
1704601634 33
1704601698 31
1704601762 44
1704601826 25
1704601890 12



# Sketch: 16
1704601314 72
1704601378 61
1704601442 18
1704601506 27
1704601570 28
1704601634 12
1704601698 23
1704601762 24
1704601826 64
1704601890 16



# Sketch: 17
1704601314 48
1704601378 29
1704601442 32
1704601506 43
1704601570 40
1704601634 22
1704601698 30
1704601762 50
1704601826 22
1704601890 25



# Sketch: 18
1704601314 41
1704601378 42
1704601442 58
1704601506 35
1704601570 37
1704601634 40
1704601698 33
1704601762 23
1704601826 49
1704601890 17



# Sketch: 19
1704601314 23
1704601378 29
1704601442 15
1704601506 28
1704601570 22
1704601634 30
1704601698 24
1704601762 36
1704601826 26
1704601890 7



# Sketch: 20
1704601314 34
1704601378 18
1704601442 29
1704601506 19
1704601570 27
1704601634 35
1704601698 33
1704601762 43
1704601826 23
1704601890 21



# Sketch: 21
1704601314 38
1704601378 25
1704601442 46
1704601506 46
1704601570 43
1704601634 23
1704601698 34
1704601762 47
1704601826 25
1704601890 36



# Sketch: 22
1704601314 35
1704601378 31
1704601442 18
1704601506 22
1704601570 33
1704601634 31
1704601698 22
1704601762 27
1704601826 42
1704601890 14



# Sketch: 23
1704601314 52
1704601378 53
1704601442 46
1704601506 40
1704601570 46
1704601634 29
1704601698 78
1704601762 27
1704601826 30
1704601890 13



# Sketch: 24
1704601314 46
1704601378 29
1704601442 19
1704601506 40
1704601570 25
1704601634 31
1704601698 19
1704601762 33
1704601826 17
1704601890 20



# Sketch: 25
1704601314 35
1704601378 36
1704601442 27
1704601506 30
1704601570 27
1704601634 33
1704601698 26
1704601762 24
1704601826 26
1704601890 26



# Sketch: 26
1704601314 43
1704601378 31
1704601442 35
1704601506 19
1704601570 39
1704601634 29
1704601698 28
1704601762 26
1704601826 22
1704601890 9



# Sketch: 27
1704601314 29
1704601378 17
1704601442 30
1704601506 27
1704601570 27
1704601634 36
1704601698 38
1704601762 18
1704601826 24
1704601890 15



# Sketch: 28
1704601314 20
1704601378 31
1704601442 36
1704601506 26
1704601570 30
1704601634 33
1704601698 46
1704601762 40
1704601826 32
1704601890 19



# Sketch: 29
1704601314 36
1704601378 32
1704601442 50
1704601506 25
1704601570 28
1704601634 33
1704601698 41
1704601762 22
1704601826 35
1704601890 16



# Sketch: 30
1704601314 43
1704601378 43
1704601442 29
1704601506 30
1704601570 32
1704601634 12
1704601698 38
1704601762 34
1704601826 29
1704601890 12



# Sketch: 31
1704601314 40
1704601378 26
1704601442 21
1704601506 61
1704601570 26
1704601634 24
1704601698 17
1704601762 20
1704601826 20
1704601890 11

