

# Sketch: 0
1704563514 51
1704563578 55
1704563642 48
1704563706 51
1704563770 73
1704563834 55
1704563898 50
1704563962 35
1704564026 61
1704564090 33



# Sketch: 1
1704563514 40
1704563578 41
1704563642 21
1704563706 24
1704563770 47
1704563834 29
1704563898 21
1704563962 36
1704564026 37
1704564090 1



# Sketch: 2
1704563514 35
1704563578 24
1704563642 38
1704563706 25
1704563770 28
1704563834 22
1704563898 47
1704563962 15
1704564026 28
1704564090 11



# Sketch: 3
1704563514 30
1704563578 23
1704563642 25
1704563706 32
1704563770 22
1704563834 29
1704563898 41
1704563962 36
1704564026 36
1704564090 10



# Sketch: 4
1704563514 57
1704563578 45
1704563642 45
1704563706 51
1704563770 49
1704563834 43
1704563898 58
1704563962 59
1704564026 64
1704564090 15



# Sketch: 5
1704563514 50
1704563578 21
1704563642 52
1704563706 29
1704563770 48
1704563834 35
1704563898 54
1704563962 42
1704564026 52
1704564090 15



# Sketch: 6
1704563514 42
1704563578 23
1704563642 28
1704563706 19
1704563770 19
1704563834 37
1704563898 33
1704563962 24
1704564026 31
1704564090 5



# Sketch: 7
1704563514 29
1704563578 11
1704563642 46
1704563706 35
1704563770 32
1704563834 25
1704563898 24
1704563962 29
1704564026 17
1704564090 17



# Sketch: 8
1704563514 39
1704563578 38
1704563642 27
1704563706 17
1704563770 34
1704563834 27
1704563898 20
1704563962 26
1704564026 14
1704564090 8



# Sketch: 9
1704563514 36
1704563578 27
1704563642 23
1704563706 32
1704563770 28
1704563834 42
1704563898 36
1704563962 44
1704564026 36
1704564090 15



# Sketch: 10
1704563514 39
1704563578 43
1704563642 24
1704563706 45
1704563770 55
1704563834 33
1704563898 42
1704563962 27
1704564026 40
1704564090 14



# Sketch: 11
1704563514 45
1704563578 21
1704563642 19
1704563706 23
1704563770 35
1704563834 45
1704563898 31
1704563962 37
1704564026 20
1704564090 1



# Sketch: 12
1704563514 41
1704563578 39
1704563642 19
1704563706 28
1704563770 23
1704563834 39
1704563898 49
1704563962 31
1704564026 29
1704564090 13



# Sketch: 13
1704563514 30
1704563578 31
1704563642 35
1704563706 14
1704563770 24
1704563834 37
1704563898 27
1704563962 33
1704564026 33
1704564090 13



# Sketch: 14
1704563514 23
1704563578 27
1704563642 24
1704563706 28
1704563770 46
1704563834 28
1704563898 42
1704563962 33
1704564026 35
1704564090 34



# Sketch: 15
1704563514 29
1704563578 39
1704563642 30
1704563706 26
1704563770 50
1704563834 68
1704563898 35
1704563962 38
1704564026 49
1704564090 5



# Sketch: 16
1704563514 22
1704563578 36
1704563642 30
1704563706 26
1704563770 26
1704563834 24
1704563898 23
1704563962 21
1704564026 54
1704564090 68



# Sketch: 17
1704563514 39
1704563578 24
1704563642 35
1704563706 33
1704563770 41
1704563834 23
1704563898 25
1704563962 35
1704564026 34
1704564090 7



# Sketch: 18
1704563514 37
1704563578 26
1704563642 23
1704563706 60
1704563770 34
1704563834 47
1704563898 36
1704563962 32
1704564026 30
1704564090 6



# Sketch: 19
1704563514 30
1704563578 19
1704563642 30
1704563706 30
1704563770 62
1704563834 34
1704563898 42
1704563962 31
1704564026 50
1704564090 4



# Sketch: 20
1704563514 40
1704563578 32
1704563642 44
1704563706 30
1704563770 27
1704563834 34
1704563898 44
1704563962 46
1704564026 25
1704564090 14



# Sketch: 21
1704563514 32
1704563578 26
1704563642 14
1704563706 25
1704563770 27
1704563834 45
1704563898 30
1704563962 18
1704564026 19
1704564090 15



# Sketch: 22
1704563514 43
1704563578 19
1704563642 27
1704563706 28
1704563770 31
1704563834 25
1704563898 22
1704563962 38
1704564026 23
1704564090 28



# Sketch: 23
1704563514 27
1704563578 24
1704563642 35
1704563706 47
1704563770 30
1704563834 23
1704563898 89
1704563962 52
1704564026 42
1704564090 22



# Sketch: 24
1704563514 36
1704563578 47
1704563642 31
1704563706 22
1704563770 23
1704563834 23
1704563898 26
1704563962 68
1704564026 40
1704564090 14



# Sketch: 25
1704563514 36
1704563578 35
1704563642 27
1704563706 31
1704563770 34
1704563834 51
1704563898 32
1704563962 20
1704564026 28
1704564090 10



# Sketch: 26
1704563514 42
1704563578 23
1704563642 71
1704563706 45
1704563770 53
1704563834 53
1704563898 43
1704563962 47
1704564026 53
1704564090 24



# Sketch: 27
1704563514 22
1704563578 65
1704563642 32
1704563706 29
1704563770 26
1704563834 40
1704563898 41
1704563962 28
1704564026 24
1704564090 4



# Sketch: 28
1704563514 32
1704563578 23
1704563642 26
1704563706 35
1704563770 37
1704563834 37
1704563898 47
1704563962 27
1704564026 40
1704564090 10



# Sketch: 29
1704563514 21
1704563578 32
1704563642 26
1704563706 23
1704563770 44
1704563834 33
1704563898 36
1704563962 36
1704564026 30
1704564090 8



# Sketch: 30
1704563514 55
1704563578 71
1704563642 40
1704563706 33
1704563770 37
1704563834 20
1704563898 35
1704563962 29
1704564026 21
1704564090 11



# Sketch: 31
1704563514 44
1704563578 25
1704563642 47
1704563706 35
1704563770 28
1704563834 43
1704563898 45
1704563962 70
1704564026 19
1704564090 10

