

# Sketch: 0
1704563514 42
1704563578 34
1704563642 44
1704563706 40
1704563770 63
1704563834 35
1704563898 42
1704563962 46
1704564026 38
1704564090 4



# Sketch: 1
1704563514 40
1704563578 23
1704563642 45
1704563706 35
1704563770 22
1704563834 53
1704563898 65
1704563962 25
1704564026 53
1704564090 17



# Sketch: 2
1704563514 15
1704563578 40
1704563642 13
1704563706 37
1704563770 32
1704563834 44
1704563898 40
1704563962 45
1704564026 18
1704564090 8



# Sketch: 3
1704563514 20
1704563578 36
1704563642 24
1704563706 19
1704563770 39
1704563834 46
1704563898 57
1704563962 27
1704564026 17
1704564090 12



# Sketch: 4
1704563514 36
1704563578 37
1704563642 42
1704563706 52
1704563770 36
1704563834 43
1704563898 33
1704563962 47
1704564026 26
1704564090 4



# Sketch: 5
1704563514 41
1704563578 37
1704563642 21
1704563706 31
1704563770 55
1704563834 35
1704563898 22
1704563962 43
1704564026 34
1704564090 11



# Sketch: 6
1704563514 58
1704563578 59
1704563642 39
1704563706 43
1704563770 48
1704563834 36
1704563898 32
1704563962 46
1704564026 30
1704564090 20



# Sketch: 7
1704563514 47
1704563578 24
1704563642 14
1704563706 43
1704563770 46
1704563834 28
1704563898 55
1704563962 23
1704564026 20
1704564090 3



# Sketch: 8
1704563514 23
1704563578 23
1704563642 15
1704563706 14
1704563770 30
1704563834 49
1704563898 22
1704563962 35
1704564026 56
1704564090 61



# Sketch: 9
1704563514 24
1704563578 28
1704563642 21
1704563706 38
1704563770 15
1704563834 30
1704563898 37
1704563962 24
1704564026 38
1704564090 19



# Sketch: 10
1704563514 56
1704563578 30
1704563642 39
1704563706 33
1704563770 25
1704563834 32
1704563898 33
1704563962 28
1704564026 27
1704564090 12



# Sketch: 11
1704563514 24
1704563578 26
1704563642 23
1704563706 28
1704563770 17
1704563834 19
1704563898 26
1704563962 34
1704564026 40
1704564090 11



# Sketch: 12
1704563514 24
1704563578 79
1704563642 49
1704563706 31
1704563770 42
1704563834 48
1704563898 45
1704563962 34
1704564026 34
1704564090 21



# Sketch: 13
1704563514 43
1704563578 27
1704563642 16
1704563706 23
1704563770 24
1704563834 54
1704563898 54
1704563962 30
1704564026 22
1704564090 14



# Sketch: 14
1704563514 32
1704563578 34
1704563642 54
1704563706 32
1704563770 29
1704563834 32
1704563898 30
1704563962 45
1704564026 36
1704564090 12



# Sketch: 15
1704563514 29
1704563578 41
1704563642 25
1704563706 34
1704563770 40
1704563834 39
1704563898 31
1704563962 47
1704564026 31
1704564090 7



# Sketch: 16
1704563514 33
1704563578 29
1704563642 26
1704563706 21
1704563770 22
1704563834 36
1704563898 40
1704563962 37
1704564026 50
1704564090 18



# Sketch: 17
1704563514 46
1704563578 32
1704563642 21
1704563706 27
1704563770 36
1704563834 23
1704563898 60
1704563962 31
1704564026 36
1704564090 4



# Sketch: 18
1704563514 55
1704563578 32
1704563642 62
1704563706 33
1704563770 55
1704563834 38
1704563898 67
1704563962 43
1704564026 44
1704564090 6



# Sketch: 19
1704563514 58
1704563578 31
1704563642 37
1704563706 29
1704563770 43
1704563834 28
1704563898 36
1704563962 35
1704564026 41
1704564090 11



# Sketch: 20
1704563514 32
1704563578 15
1704563642 34
1704563706 37
1704563770 53
1704563834 41
1704563898 43
1704563962 47
1704564026 46
1704564090 11



# Sketch: 21
1704563514 29
1704563578 20
1704563642 22
1704563706 36
1704563770 42
1704563834 33
1704563898 23
1704563962 34
1704564026 26
1704564090 18



# Sketch: 22
1704563514 23
1704563578 27
1704563642 36
1704563706 34
1704563770 17
1704563834 19
1704563898 28
1704563962 32
1704564026 19
1704564090 9



# Sketch: 23
1704563514 64
1704563578 30
1704563642 31
1704563706 38
1704563770 32
1704563834 22
1704563898 43
1704563962 22
1704564026 37
1704564090 35



# Sketch: 24
1704563514 49
1704563578 25
1704563642 25
1704563706 26
1704563770 43
1704563834 26
1704563898 23
1704563962 37
1704564026 18
1704564090 14



# Sketch: 25
1704563514 31
1704563578 35
1704563642 48
1704563706 29
1704563770 25
1704563834 56
1704563898 48
1704563962 29
1704564026 45
1704564090 7



# Sketch: 26
1704563514 30
1704563578 25
1704563642 38
1704563706 39
1704563770 18
1704563834 31
1704563898 35
1704563962 41
1704564026 28
1704564090 22



# Sketch: 27
1704563514 51
1704563578 40
1704563642 46
1704563706 22
1704563770 46
1704563834 38
1704563898 36
1704563962 52
1704564026 60
1704564090 24



# Sketch: 28
1704563514 35
1704563578 30
1704563642 33
1704563706 32
1704563770 43
1704563834 30
1704563898 27
1704563962 29
1704564026 32
1704564090 10



# Sketch: 29
1704563514 34
1704563578 21
1704563642 20
1704563706 29
1704563770 34
1704563834 26
1704563898 43
1704563962 34
1704564026 32
1704564090 6



# Sketch: 30
1704563514 26
1704563578 45
1704563642 37
1704563706 26
1704563770 47
1704563834 25
1704563898 22
1704563962 31
1704564026 41
1704564090 12



# Sketch: 31
1704563514 24
1704563578 20
1704563642 42
1704563706 20
1704563770 54
1704563834 54
1704563898 28
1704563962 30
1704564026 39
1704564090 22

