

# Sketch: 0
0 0.362803
1 0.236374
2 0.045855
3 0.105552
4 0.247906
5 0.24192
6 0.85937
7 0.544202



# Sketch: 1
0 0.471749
1 0.378297
2 0.327262
3 0.317893
4 0.2932
5 0.303784
6 0.387542
7 0.472244



# Sketch: 2
0 0.534259
1 0.561074
2 0.45382
3 0.419913
4 0.375583
5 0.346574
6 0.480903
7 0.545548



# Sketch: 3
0 1.59374
1 1.58329
2 1.69171
3 1.75693
4 0.853434
5 0.648387
6 2.01674
7 0.314388



# Sketch: 4
0 0.861486
1 1.07957
2 1.17869
3 1.12623
4 0.853413
5 1.07558
6 0.718758
7 0.477233



# Sketch: 5
0 0.368293
1 0.474957
2 0.365492
3 0.408753
4 0.464844
5 0.603965
6 0.408877
7 0.449522



# Sketch: 6
0 0.835675
1 0.963724
2 0.784238
3 0.66889
4 0.645382
5 0.728655
6 1.19408
7 1.40197



# Sketch: 7
0 0.098595
1 0.447066
2 0.498258
3 0.24444
4 0.332746
5 0.401463
6 0.92045
7 0.47394



# Sketch: 8
0 0.332535
1 0.54225
2 0.614502
3 0.451773
4 0.49155
5 0.373428
6 0.4274
7 0.445284



# Sketch: 9
0 0.215719
1 0.605402
2 0.840415
3 0.709912
4 0.607315
5 0.163328
6 0.243047
7 0.365131



# Sketch: 10
0 0.168709
1 0.198471
2 0.228536
3 0.351225
4 0.228747
5 0.391104
6 0.485396
7 0.40662



# Sketch: 11
0 1.30187
1 1.48166
2 1.51241
3 1.33634
4 0.876219
5 0.955381
6 0.883395
7 2.04309



# Sketch: 12
0 0.116786
1 0.152018
2 0.166894
3 0.231338
4 0.38525
5 0.498488
6 0.754512
7 1.52717



# Sketch: 13
0 1.02083
1 0.870654
2 0.733944
3 0.632449
4 0.576672
5 0.471869
6 0.658312
7 0.547962



# Sketch: 14
0 0.552843
1 0.419943
2 0.671912
3 0.448461
4 0.27015
5 0.149948
6 0.071906
7 0.525423



# Sketch: 15
0 2.51065
1 1.58002
2 0.820942
3 0.553243
4 0.873293
5 0.521547
6 0.832839
7 0.999046



# Sketch: 16
0 1.0343
1 0.855238
2 0.631911
3 0.616021
4 0.471964
5 0.791551
6 0.594748
7 0.602163



# Sketch: 17
0 0.279683
1 0.554351
2 0.788233
3 1.02391
4 1.69249
5 1.409
6 1.42311
7 2.92755



# Sketch: 18
0 0.164346
1 0.351495
2 0.236579
3 0.506225
4 0.99488
5 0.394304
6 0.449185
7 0.383888



# Sketch: 19
0 0.154523
1 0.51162
2 0.651365
3 0.541005
4 0.562026
5 0.82217
6 0.266776
7 0.370408



# Sketch: 20
0 1.00449
1 0.933688
2 0.896472
3 0.90414
4 0.880762
5 0.666138
6 0.711243
7 0.641506



# Sketch: 21
0 1.00449
1 0.929126
2 0.902127
3 0.903418
4 0.856999
5 0.659966
6 0.699085
7 0.589564



# Sketch: 22
0 1.76673
1 1.37061
2 0.915096
3 0.903286
4 0.409702
5 0.437695
6 0.762041
7 0.846276



# Sketch: 23
0 0.897137
1 0.745718
2 0.82117
3 0.571335
4 0.419148
5 0.576152
6 0.318607
7 0.360583



# Sketch: 24
0 0.795667
1 0.719125
2 0.637827
3 0.66711
4 0.462947
5 0.458435
6 0.566785
7 2.21859



# Sketch: 25
0 3.41904
1 2.59189
2 1.8391
3 1.47808
4 1.26181
5 0.772429
6 1.67397
7 1.02892



# Sketch: 26
0 0.304092
1 0.352845
2 0.390888
3 0.446844
4 0.366321
5 0.318702
6 0.39698
7 0.46865



# Sketch: 27
0 0.803769
1 0.788841
2 0.780198
3 0.783342
4 0.796157
5 0.722673
6 0.623928
7 0.592333



# Sketch: 28
0 1.60293
1 1.2562
2 0.766494
3 0.581854
4 0.393327
5 0.258823
6 0.256585
7 0.61661



# Sketch: 29
0 0.778108
1 0.686498
2 0.616971
3 0.552738
4 0.599178
5 0.689258
6 0.689167
7 0.580117



# Sketch: 30
0 1.0899
1 0.975772
2 0.802836
3 0.7296
4 0.602525
5 0.671104
6 0.746436
7 0.600495



# Sketch: 31
0 0.608766
1 0.767037
2 0.839654
3 0.737928
4 0.619427
5 0.543711
6 0.276214
7 0.37918

