

# Sketch: 0
1704563514 2
1704563522 4
1704563530 4
1704563538 5
1704563546 11
1704563554 11
1704563562 4
1704563570 17
1704563578 3
1704563586 2
1704563594 7
1704563602 5
1704563610 2
1704563618 4
1704563626 3
1704563634 1
1704563642 2
1704563650 2
1704563658 6
1704563666 9
1704563674 6
1704563682 7
1704563690 15
1704563698 5
1704563706 9
1704563714 1
1704563722 6
1704563730 4
1704563738 5
1704563746 2
1704563754 3
1704563762 1
1704563770 15
1704563778 7
1704563786 14
1704563794 9
1704563802 7
1704563810 18
1704563818 2
1704563826 7
1704563834 2
1704563842 1
1704563850 7
1704563858 3
1704563866 1
1704563874 2
1704563882 6
1704563890 5
1704563898 7
1704563906 7
1704563914 9
1704563922 6
1704563930 16
1704563938 9
1704563946 1
1704563954 2
1704563962 3
1704563970 10
1704563978 4
1704563986 3
1704563994 2
1704564002 9
1704564010 2
1704564018 9
1704564026 10
1704564034 14
1704564042 11
1704564050 17
1704564058 3
1704564066 4
1704564074 4
1704564082 6
1704564090 5
1704564098 9
1704564106 2



# Sketch: 1
1704563514 2
1704563522 3
1704563530 3
1704563538 2
1704563546 2
1704563554 3
1704563562 1
1704563570 9
1704563578 1
1704563586 5
1704563594 8
1704563602 10
1704563610 3
1704563618 1
1704563626 3
1704563634 0
1704563642 8
1704563650 2
1704563658 6
1704563666 1
1704563674 2
1704563682 5
1704563690 1
1704563698 4
1704563706 3
1704563714 2
1704563722 4
1704563730 1
1704563738 0
1704563746 0
1704563754 14
1704563762 2
1704563770 4
1704563778 1
1704563786 2
1704563794 0
1704563802 2
1704563810 0
1704563818 7
1704563826 4
1704563834 2
1704563842 3
1704563850 3
1704563858 5
1704563866 3
1704563874 1
1704563882 3
1704563890 8
1704563898 8
1704563906 2
1704563914 6
1704563922 3
1704563930 4
1704563938 10
1704563946 3
1704563954 11
1704563962 3
1704563970 0
1704563978 1
1704563986 1
1704563994 8
1704564002 0
1704564010 6
1704564018 2
1704564026 18
1704564034 3
1704564042 2
1704564050 5
1704564058 3
1704564066 0
1704564074 4
1704564082 4
1704564090 12
1704564098 9
1704564106 2



# Sketch: 2
1704563514 2
1704563522 0
1704563530 11
1704563538 5
1704563546 6
1704563554 6
1704563562 11
1704563570 10
1704563578 2
1704563586 2
1704563594 11
1704563602 1
1704563610 8
1704563618 4
1704563626 1
1704563634 2
1704563642 6
1704563650 0
1704563658 3
1704563666 0
1704563674 2
1704563682 0
1704563690 1
1704563698 4
1704563706 0
1704563714 7
1704563722 6
1704563730 21
1704563738 5
1704563746 1
1704563754 6
1704563762 5
1704563770 6
1704563778 5
1704563786 3
1704563794 6
1704563802 2
1704563810 7
1704563818 4
1704563826 5
1704563834 3
1704563842 6
1704563850 2
1704563858 2
1704563866 0
1704563874 2
1704563882 3
1704563890 3
1704563898 4
1704563906 3
1704563914 17
1704563922 5
1704563930 0
1704563938 4
1704563946 15
1704563954 15
1704563962 12
1704563970 13
1704563978 1
1704563986 1
1704563994 2
1704564002 1
1704564010 4
1704564018 1
1704564026 4
1704564034 3
1704564042 1
1704564050 5
1704564058 1
1704564066 3
1704564074 4
1704564082 3
1704564090 0
1704564098 1
1704564106 3



# Sketch: 3
1704563514 1
1704563522 8
1704563530 4
1704563538 7
1704563546 5
1704563554 3
1704563562 2
1704563570 5
1704563578 2
1704563586 2
1704563594 12
1704563602 17
1704563610 7
1704563618 1
1704563626 1
1704563634 5
1704563642 17
1704563650 7
1704563658 13
1704563666 4
1704563674 9
1704563682 3
1704563690 3
1704563698 1
1704563706 2
1704563714 7
1704563722 6
1704563730 3
1704563738 2
1704563746 1
1704563754 3
1704563762 6
1704563770 6
1704563778 7
1704563786 2
1704563794 4
1704563802 2
1704563810 2
1704563818 1
1704563826 3
1704563834 4
1704563842 2
1704563850 11
1704563858 3
1704563866 3
1704563874 3
1704563882 9
1704563890 5
1704563898 15
1704563906 7
1704563914 7
1704563922 8
1704563930 7
1704563938 11
1704563946 3
1704563954 2
1704563962 3
1704563970 1
1704563978 6
1704563986 3
1704563994 5
1704564002 6
1704564010 8
1704564018 6
1704564026 2
1704564034 3
1704564042 0
1704564050 4
1704564058 5
1704564066 4
1704564074 3
1704564082 7
1704564090 7
1704564098 1
1704564106 3



# Sketch: 4
1704563514 6
1704563522 3
1704563530 2
1704563538 3
1704563546 2
1704563554 4
1704563562 3
1704563570 9
1704563578 7
1704563586 1
1704563594 3
1704563602 3
1704563610 1
1704563618 3
1704563626 7
1704563634 6
1704563642 6
1704563650 5
1704563658 3
1704563666 3
1704563674 2
1704563682 3
1704563690 2
1704563698 7
1704563706 4
1704563714 3
1704563722 3
1704563730 10
1704563738 14
1704563746 1
1704563754 13
1704563762 2
1704563770 6
1704563778 0
1704563786 5
1704563794 5
1704563802 1
1704563810 3
1704563818 5
1704563826 4
1704563834 2
1704563842 10
1704563850 10
1704563858 2
1704563866 0
1704563874 4
1704563882 1
1704563890 3
1704563898 4
1704563906 2
1704563914 10
1704563922 5
1704563930 6
1704563938 7
1704563946 7
1704563954 1
1704563962 5
1704563970 5
1704563978 3
1704563986 7
1704563994 12
1704564002 6
1704564010 3
1704564018 1
1704564026 3
1704564034 5
1704564042 3
1704564050 10
1704564058 6
1704564066 4
1704564074 2
1704564082 2
1704564090 5
1704564098 2
1704564106 2



# Sketch: 5
1704563514 2
1704563522 5
1704563530 2
1704563538 3
1704563546 2
1704563554 7
1704563562 6
1704563570 7
1704563578 8
1704563586 2
1704563594 2
1704563602 3
1704563610 0
1704563618 4
1704563626 5
1704563634 8
1704563642 4
1704563650 2
1704563658 1
1704563666 0
1704563674 3
1704563682 2
1704563690 7
1704563698 5
1704563706 5
1704563714 0
1704563722 5
1704563730 3
1704563738 0
1704563746 2
1704563754 1
1704563762 2
1704563770 3
1704563778 4
1704563786 6
1704563794 0
1704563802 7
1704563810 3
1704563818 10
1704563826 4
1704563834 4
1704563842 0
1704563850 5
1704563858 4
1704563866 1
1704563874 1
1704563882 0
1704563890 4
1704563898 4
1704563906 0
1704563914 32
1704563922 7
1704563930 8
1704563938 1
1704563946 2
1704563954 4
1704563962 0
1704563970 4
1704563978 1
1704563986 11
1704563994 2
1704564002 3
1704564010 1
1704564018 4
1704564026 0
1704564034 4
1704564042 19
1704564050 0
1704564058 2
1704564066 1
1704564074 2
1704564082 1
1704564090 6
1704564098 2
1704564106 3



# Sketch: 6
1704563514 1
1704563522 4
1704563530 4
1704563538 2
1704563546 6
1704563554 1
1704563562 0
1704563570 9
1704563578 1
1704563586 0
1704563594 15
1704563602 1
1704563610 1
1704563618 2
1704563626 3
1704563634 7
1704563642 1
1704563650 3
1704563658 9
1704563666 2
1704563674 4
1704563682 4
1704563690 4
1704563698 2
1704563706 2
1704563714 3
1704563722 1
1704563730 3
1704563738 2
1704563746 1
1704563754 9
1704563762 6
1704563770 8
1704563778 2
1704563786 3
1704563794 4
1704563802 4
1704563810 2
1704563818 4
1704563826 1
1704563834 8
1704563842 3
1704563850 1
1704563858 0
1704563866 2
1704563874 0
1704563882 5
1704563890 9
1704563898 2
1704563906 4
1704563914 2
1704563922 0
1704563930 4
1704563938 3
1704563946 8
1704563954 8
1704563962 6
1704563970 11
1704563978 2
1704563986 1
1704563994 3
1704564002 8
1704564010 3
1704564018 17
1704564026 6
1704564034 7
1704564042 2
1704564050 8
1704564058 4
1704564066 2
1704564074 3
1704564082 3
1704564090 3
1704564098 3
1704564106 3



# Sketch: 7
1704563514 6
1704563522 6
1704563530 8
1704563538 0
1704563546 3
1704563554 3
1704563562 1
1704563570 4
1704563578 5
1704563586 0
1704563594 0
1704563602 3
1704563610 20
1704563618 0
1704563626 1
1704563634 4
1704563642 7
1704563650 3
1704563658 6
1704563666 7
1704563674 3
1704563682 1
1704563690 1
1704563698 9
1704563706 6
1704563714 1
1704563722 1
1704563730 2
1704563738 5
1704563746 3
1704563754 6
1704563762 10
1704563770 3
1704563778 12
1704563786 7
1704563794 4
1704563802 2
1704563810 0
1704563818 3
1704563826 3
1704563834 3
1704563842 6
1704563850 1
1704563858 8
1704563866 2
1704563874 4
1704563882 1
1704563890 3
1704563898 3
1704563906 6
1704563914 3
1704563922 3
1704563930 0
1704563938 8
1704563946 12
1704563954 4
1704563962 1
1704563970 4
1704563978 0
1704563986 2
1704563994 6
1704564002 6
1704564010 9
1704564018 5
1704564026 4
1704564034 8
1704564042 2
1704564050 9
1704564058 1
1704564066 3
1704564074 1
1704564082 1
1704564090 16
1704564098 0
1704564106 7



# Sketch: 8
1704563514 1
1704563522 6
1704563530 1
1704563538 2
1704563546 1
1704563554 5
1704563562 4
1704563570 0
1704563578 4
1704563586 3
1704563594 2
1704563602 1
1704563610 4
1704563618 2
1704563626 2
1704563634 4
1704563642 3
1704563650 5
1704563658 0
1704563666 2
1704563674 3
1704563682 1
1704563690 3
1704563698 3
1704563706 7
1704563714 6
1704563722 2
1704563730 1
1704563738 5
1704563746 2
1704563754 4
1704563762 0
1704563770 2
1704563778 1
1704563786 2
1704563794 2
1704563802 2
1704563810 6
1704563818 5
1704563826 6
1704563834 9
1704563842 2
1704563850 4
1704563858 4
1704563866 8
1704563874 0
1704563882 9
1704563890 7
1704563898 2
1704563906 3
1704563914 4
1704563922 3
1704563930 3
1704563938 7
1704563946 4
1704563954 2
1704563962 1
1704563970 7
1704563978 3
1704563986 5
1704563994 4
1704564002 4
1704564010 1
1704564018 3
1704564026 2
1704564034 4
1704564042 2
1704564050 1
1704564058 4
1704564066 5
1704564074 4
1704564082 2
1704564090 1
1704564098 3
1704564106 1



# Sketch: 9
1704563514 0
1704563522 9
1704563530 1
1704563538 4
1704563546 1
1704563554 1
1704563562 5
1704563570 4
1704563578 3
1704563586 6
1704563594 6
1704563602 0
1704563610 0
1704563618 2
1704563626 2
1704563634 4
1704563642 2
1704563650 12
1704563658 6
1704563666 2
1704563674 0
1704563682 1
1704563690 12
1704563698 5
1704563706 1
1704563714 0
1704563722 1
1704563730 9
1704563738 3
1704563746 6
1704563754 2
1704563762 9
1704563770 1
1704563778 0
1704563786 2
1704563794 8
1704563802 3
1704563810 3
1704563818 2
1704563826 6
1704563834 10
1704563842 2
1704563850 1
1704563858 4
1704563866 3
1704563874 2
1704563882 3
1704563890 11
1704563898 1
1704563906 2
1704563914 0
1704563922 7
1704563930 2
1704563938 1
1704563946 4
1704563954 2
1704563962 3
1704563970 8
1704563978 2
1704563986 6
1704563994 6
1704564002 2
1704564010 1
1704564018 1
1704564026 3
1704564034 3
1704564042 4
1704564050 14
1704564058 9
1704564066 5
1704564074 6
1704564082 6
1704564090 3
1704564098 1
1704564106 2



# Sketch: 10
1704563514 1
1704563522 6
1704563530 1
1704563538 3
1704563546 1
1704563554 5
1704563562 0
1704563570 5
1704563578 3
1704563586 4
1704563594 5
1704563602 5
1704563610 6
1704563618 1
1704563626 3
1704563634 1
1704563642 3
1704563650 9
1704563658 2
1704563666 8
1704563674 3
1704563682 1
1704563690 0
1704563698 2
1704563706 1
1704563714 3
1704563722 2
1704563730 1
1704563738 4
1704563746 0
1704563754 3
1704563762 0
1704563770 3
1704563778 3
1704563786 2
1704563794 0
1704563802 3
1704563810 1
1704563818 4
1704563826 7
1704563834 13
1704563842 3
1704563850 7
1704563858 4
1704563866 7
1704563874 1
1704563882 4
1704563890 7
1704563898 3
1704563906 6
1704563914 4
1704563922 2
1704563930 5
1704563938 2
1704563946 2
1704563954 1
1704563962 4
1704563970 3
1704563978 2
1704563986 6
1704563994 2
1704564002 3
1704564010 1
1704564018 3
1704564026 3
1704564034 3
1704564042 1
1704564050 2
1704564058 1
1704564066 14
1704564074 0
1704564082 0
1704564090 3
1704564098 11
1704564106 1



# Sketch: 11
1704563514 10
1704563522 5
1704563530 9
1704563538 13
1704563546 6
1704563554 3
1704563562 1
1704563570 5
1704563578 3
1704563586 3
1704563594 1
1704563602 1
1704563610 3
1704563618 2
1704563626 34
1704563634 11
1704563642 3
1704563650 5
1704563658 4
1704563666 7
1704563674 3
1704563682 18
1704563690 3
1704563698 3
1704563706 4
1704563714 4
1704563722 5
1704563730 0
1704563738 7
1704563746 2
1704563754 3
1704563762 4
1704563770 16
1704563778 3
1704563786 5
1704563794 9
1704563802 1
1704563810 5
1704563818 24
1704563826 0
1704563834 3
1704563842 2
1704563850 11
1704563858 6
1704563866 1
1704563874 3
1704563882 16
1704563890 6
1704563898 5
1704563906 32
1704563914 1
1704563922 6
1704563930 5
1704563938 1
1704563946 2
1704563954 5
1704563962 1
1704563970 4
1704563978 1
1704563986 2
1704563994 8
1704564002 9
1704564010 10
1704564018 5
1704564026 6
1704564034 1
1704564042 2
1704564050 10
1704564058 5
1704564066 10
1704564074 11
1704564082 34
1704564090 51
1704564098 7
1704564106 11



# Sketch: 12
1704563514 3
1704563522 5
1704563530 5
1704563538 0
1704563546 4
1704563554 4
1704563562 1
1704563570 14
1704563578 2
1704563586 3
1704563594 2
1704563602 8
1704563610 5
1704563618 1
1704563626 0
1704563634 6
1704563642 3
1704563650 2
1704563658 1
1704563666 2
1704563674 1
1704563682 8
1704563690 4
1704563698 2
1704563706 2
1704563714 0
1704563722 7
1704563730 1
1704563738 3
1704563746 1
1704563754 4
1704563762 2
1704563770 9
1704563778 9
1704563786 4
1704563794 2
1704563802 8
1704563810 1
1704563818 2
1704563826 10
1704563834 3
1704563842 0
1704563850 4
1704563858 1
1704563866 3
1704563874 2
1704563882 2
1704563890 3
1704563898 5
1704563906 2
1704563914 6
1704563922 6
1704563930 4
1704563938 1
1704563946 1
1704563954 13
1704563962 4
1704563970 4
1704563978 2
1704563986 4
1704563994 7
1704564002 3
1704564010 1
1704564018 3
1704564026 5
1704564034 2
1704564042 2
1704564050 5
1704564058 21
1704564066 7
1704564074 4
1704564082 8
1704564090 6
1704564098 7
1704564106 5



# Sketch: 13
1704563514 8
1704563522 7
1704563530 2
1704563538 2
1704563546 6
1704563554 12
1704563562 5
1704563570 3
1704563578 5
1704563586 4
1704563594 1
1704563602 3
1704563610 4
1704563618 8
1704563626 8
1704563634 5
1704563642 6
1704563650 4
1704563658 0
1704563666 0
1704563674 3
1704563682 2
1704563690 2
1704563698 7
1704563706 7
1704563714 16
1704563722 3
1704563730 3
1704563738 5
1704563746 0
1704563754 4
1704563762 2
1704563770 0
1704563778 6
1704563786 1
1704563794 10
1704563802 4
1704563810 3
1704563818 4
1704563826 5
1704563834 9
1704563842 2
1704563850 9
1704563858 1
1704563866 2
1704563874 1
1704563882 1
1704563890 3
1704563898 1
1704563906 5
1704563914 2
1704563922 2
1704563930 6
1704563938 2
1704563946 2
1704563954 2
1704563962 1
1704563970 0
1704563978 1
1704563986 4
1704563994 5
1704564002 5
1704564010 4
1704564018 0
1704564026 7
1704564034 4
1704564042 1
1704564050 3
1704564058 1
1704564066 2
1704564074 1
1704564082 3
1704564090 1
1704564098 1
1704564106 4



# Sketch: 14
1704563514 12
1704563522 8
1704563530 3
1704563538 4
1704563546 2
1704563554 1
1704563562 2
1704563570 1
1704563578 5
1704563586 4
1704563594 3
1704563602 3
1704563610 6
1704563618 6
1704563626 4
1704563634 8
1704563642 2
1704563650 2
1704563658 3
1704563666 3
1704563674 0
1704563682 0
1704563690 2
1704563698 4
1704563706 6
1704563714 5
1704563722 1
1704563730 6
1704563738 4
1704563746 4
1704563754 8
1704563762 5
1704563770 8
1704563778 3
1704563786 0
1704563794 3
1704563802 0
1704563810 2
1704563818 5
1704563826 1
1704563834 8
1704563842 5
1704563850 2
1704563858 7
1704563866 2
1704563874 3
1704563882 3
1704563890 14
1704563898 10
1704563906 0
1704563914 1
1704563922 2
1704563930 2
1704563938 7
1704563946 9
1704563954 4
1704563962 1
1704563970 2
1704563978 4
1704563986 5
1704563994 3
1704564002 10
1704564010 4
1704564018 8
1704564026 1
1704564034 4
1704564042 4
1704564050 4
1704564058 3
1704564066 10
1704564074 3
1704564082 3
1704564090 3
1704564098 9
1704564106 1



# Sketch: 15
1704563514 0
1704563522 0
1704563530 4
1704563538 11
1704563546 4
1704563554 3
1704563562 7
1704563570 2
1704563578 3
1704563586 1
1704563594 7
1704563602 4
1704563610 3
1704563618 2
1704563626 4
1704563634 0
1704563642 3
1704563650 5
1704563658 3
1704563666 3
1704563674 5
1704563682 8
1704563690 1
1704563698 4
1704563706 1
1704563714 4
1704563722 5
1704563730 0
1704563738 7
1704563746 1
1704563754 3
1704563762 5
1704563770 5
1704563778 10
1704563786 8
1704563794 2
1704563802 2
1704563810 1
1704563818 3
1704563826 3
1704563834 6
1704563842 5
1704563850 5
1704563858 3
1704563866 2
1704563874 3
1704563882 1
1704563890 4
1704563898 1
1704563906 1
1704563914 3
1704563922 1
1704563930 8
1704563938 2
1704563946 4
1704563954 5
1704563962 9
1704563970 4
1704563978 6
1704563986 3
1704563994 1
1704564002 6
1704564010 14
1704564018 5
1704564026 3
1704564034 6
1704564042 3
1704564050 4
1704564058 0
1704564066 3
1704564074 12
1704564082 1
1704564090 3
1704564098 13
1704564106 8



# Sketch: 16
1704563514 4
1704563522 2
1704563530 2
1704563538 3
1704563546 0
1704563554 3
1704563562 8
1704563570 3
1704563578 1
1704563586 12
1704563594 8
1704563602 1
1704563610 3
1704563618 1
1704563626 4
1704563634 4
1704563642 2
1704563650 0
1704563658 2
1704563666 0
1704563674 6
1704563682 2
1704563690 5
1704563698 4
1704563706 2
1704563714 3
1704563722 8
1704563730 2
1704563738 6
1704563746 4
1704563754 6
1704563762 3
1704563770 1
1704563778 11
1704563786 1
1704563794 6
1704563802 5
1704563810 2
1704563818 11
1704563826 3
1704563834 7
1704563842 8
1704563850 1
1704563858 1
1704563866 1
1704563874 2
1704563882 5
1704563890 5
1704563898 3
1704563906 5
1704563914 8
1704563922 2
1704563930 3
1704563938 2
1704563946 4
1704563954 12
1704563962 6
1704563970 2
1704563978 1
1704563986 4
1704563994 6
1704564002 7
1704564010 3
1704564018 3
1704564026 6
1704564034 1
1704564042 0
1704564050 5
1704564058 5
1704564066 0
1704564074 3
1704564082 15
1704564090 14
1704564098 10
1704564106 2



# Sketch: 17
1704563514 4
1704563522 5
1704563530 3
1704563538 5
1704563546 0
1704563554 9
1704563562 2
1704563570 6
1704563578 7
1704563586 2
1704563594 1
1704563602 8
1704563610 4
1704563618 22
1704563626 5
1704563634 3
1704563642 13
1704563650 4
1704563658 3
1704563666 3
1704563674 4
1704563682 6
1704563690 3
1704563698 5
1704563706 2
1704563714 3
1704563722 6
1704563730 4
1704563738 4
1704563746 2
1704563754 5
1704563762 6
1704563770 1
1704563778 8
1704563786 6
1704563794 6
1704563802 4
1704563810 3
1704563818 7
1704563826 2
1704563834 9
1704563842 3
1704563850 3
1704563858 10
1704563866 3
1704563874 2
1704563882 5
1704563890 2
1704563898 2
1704563906 3
1704563914 10
1704563922 3
1704563930 4
1704563938 1
1704563946 3
1704563954 3
1704563962 3
1704563970 4
1704563978 0
1704563986 2
1704563994 6
1704564002 4
1704564010 9
1704564018 9
1704564026 0
1704564034 1
1704564042 4
1704564050 2
1704564058 2
1704564066 7
1704564074 2
1704564082 4
1704564090 4
1704564098 0
1704564106 0



# Sketch: 18
1704563514 4
1704563522 9
1704563530 0
1704563538 1
1704563546 3
1704563554 0
1704563562 10
1704563570 6
1704563578 4
1704563586 5
1704563594 3
1704563602 3
1704563610 0
1704563618 1
1704563626 4
1704563634 3
1704563642 6
1704563650 1
1704563658 0
1704563666 1
1704563674 4
1704563682 2
1704563690 4
1704563698 0
1704563706 1
1704563714 0
1704563722 3
1704563730 3
1704563738 3
1704563746 1
1704563754 3
1704563762 7
1704563770 1
1704563778 2
1704563786 2
1704563794 10
1704563802 2
1704563810 5
1704563818 3
1704563826 0
1704563834 5
1704563842 5
1704563850 3
1704563858 10
1704563866 1
1704563874 1
1704563882 5
1704563890 4
1704563898 2
1704563906 2
1704563914 5
1704563922 4
1704563930 9
1704563938 3
1704563946 4
1704563954 9
1704563962 19
1704563970 3
1704563978 1
1704563986 1
1704563994 9
1704564002 12
1704564010 2
1704564018 1
1704564026 3
1704564034 4
1704564042 2
1704564050 1
1704564058 8
1704564066 2
1704564074 4
1704564082 17
1704564090 1
1704564098 4
1704564106 2



# Sketch: 19
1704563514 0
1704563522 3
1704563530 9
1704563538 3
1704563546 2
1704563554 3
1704563562 4
1704563570 7
1704563578 2
1704563586 0
1704563594 2
1704563602 4
1704563610 5
1704563618 9
1704563626 11
1704563634 2
1704563642 2
1704563650 4
1704563658 5
1704563666 2
1704563674 4
1704563682 3
1704563690 0
1704563698 11
1704563706 1
1704563714 5
1704563722 2
1704563730 0
1704563738 12
1704563746 0
1704563754 1
1704563762 2
1704563770 4
1704563778 11
1704563786 10
1704563794 3
1704563802 2
1704563810 7
1704563818 4
1704563826 4
1704563834 6
1704563842 3
1704563850 3
1704563858 7
1704563866 2
1704563874 2
1704563882 0
1704563890 3
1704563898 5
1704563906 2
1704563914 1
1704563922 4
1704563930 2
1704563938 1
1704563946 1
1704563954 9
1704563962 1
1704563970 2
1704563978 12
1704563986 4
1704563994 10
1704564002 7
1704564010 5
1704564018 5
1704564026 4
1704564034 5
1704564042 2
1704564050 2
1704564058 5
1704564066 0
1704564074 4
1704564082 1
1704564090 4
1704564098 4
1704564106 6



# Sketch: 20
1704563514 13
1704563522 5
1704563530 21
1704563538 3
1704563546 1
1704563554 1
1704563562 2
1704563570 3
1704563578 4
1704563586 1
1704563594 0
1704563602 3
1704563610 2
1704563618 1
1704563626 4
1704563634 2
1704563642 8
1704563650 3
1704563658 2
1704563666 1
1704563674 3
1704563682 1
1704563690 2
1704563698 7
1704563706 2
1704563714 3
1704563722 4
1704563730 3
1704563738 7
1704563746 2
1704563754 1
1704563762 1
1704563770 5
1704563778 3
1704563786 6
1704563794 4
1704563802 5
1704563810 1
1704563818 3
1704563826 7
1704563834 3
1704563842 4
1704563850 2
1704563858 1
1704563866 1
1704563874 3
1704563882 4
1704563890 6
1704563898 6
1704563906 3
1704563914 5
1704563922 14
1704563930 1
1704563938 1
1704563946 6
1704563954 0
1704563962 6
1704563970 1
1704563978 1
1704563986 6
1704563994 3
1704564002 5
1704564010 3
1704564018 5
1704564026 5
1704564034 5
1704564042 1
1704564050 0
1704564058 4
1704564066 1
1704564074 18
1704564082 2
1704564090 0
1704564098 4
1704564106 2



# Sketch: 21
1704563514 5
1704563522 8
1704563530 8
1704563538 7
1704563546 5
1704563554 0
1704563562 6
1704563570 1
1704563578 11
1704563586 6
1704563594 10
1704563602 1
1704563610 8
1704563618 3
1704563626 4
1704563634 0
1704563642 5
1704563650 12
1704563658 3
1704563666 3
1704563674 0
1704563682 1
1704563690 1
1704563698 6
1704563706 1
1704563714 1
1704563722 6
1704563730 5
1704563738 2
1704563746 2
1704563754 4
1704563762 6
1704563770 11
1704563778 6
1704563786 5
1704563794 0
1704563802 7
1704563810 2
1704563818 14
1704563826 5
1704563834 4
1704563842 2
1704563850 2
1704563858 3
1704563866 4
1704563874 12
1704563882 11
1704563890 13
1704563898 4
1704563906 3
1704563914 1
1704563922 3
1704563930 10
1704563938 2
1704563946 2
1704563954 1
1704563962 3
1704563970 2
1704563978 9
1704563986 2
1704563994 2
1704564002 8
1704564010 2
1704564018 7
1704564026 1
1704564034 1
1704564042 3
1704564050 17
1704564058 7
1704564066 7
1704564074 5
1704564082 1
1704564090 9
1704564098 6
1704564106 2



# Sketch: 22
1704563514 2
1704563522 6
1704563530 4
1704563538 1
1704563546 14
1704563554 10
1704563562 2
1704563570 12
1704563578 5
1704563586 6
1704563594 7
1704563602 4
1704563610 1
1704563618 3
1704563626 4
1704563634 5
1704563642 8
1704563650 3
1704563658 6
1704563666 9
1704563674 0
1704563682 1
1704563690 11
1704563698 17
1704563706 13
1704563714 3
1704563722 4
1704563730 3
1704563738 2
1704563746 2
1704563754 6
1704563762 0
1704563770 4
1704563778 3
1704563786 1
1704563794 2
1704563802 4
1704563810 8
1704563818 5
1704563826 4
1704563834 3
1704563842 11
1704563850 2
1704563858 17
1704563866 6
1704563874 6
1704563882 10
1704563890 6
1704563898 2
1704563906 7
1704563914 12
1704563922 2
1704563930 1
1704563938 2
1704563946 7
1704563954 12
1704563962 5
1704563970 5
1704563978 10
1704563986 6
1704563994 0
1704564002 5
1704564010 5
1704564018 14
1704564026 2
1704564034 1
1704564042 3
1704564050 3
1704564058 5
1704564066 4
1704564074 2
1704564082 7
1704564090 2
1704564098 3
1704564106 6



# Sketch: 23
1704563514 13
1704563522 6
1704563530 5
1704563538 2
1704563546 2
1704563554 4
1704563562 0
1704563570 1
1704563578 2
1704563586 1
1704563594 1
1704563602 4
1704563610 0
1704563618 3
1704563626 3
1704563634 5
1704563642 7
1704563650 5
1704563658 2
1704563666 3
1704563674 1
1704563682 1
1704563690 0
1704563698 3
1704563706 1
1704563714 4
1704563722 3
1704563730 5
1704563738 5
1704563746 1
1704563754 6
1704563762 3
1704563770 7
1704563778 9
1704563786 1
1704563794 3
1704563802 3
1704563810 2
1704563818 6
1704563826 2
1704563834 11
1704563842 6
1704563850 7
1704563858 9
1704563866 2
1704563874 0
1704563882 5
1704563890 20
1704563898 11
1704563906 0
1704563914 2
1704563922 2
1704563930 3
1704563938 2
1704563946 3
1704563954 3
1704563962 5
1704563970 5
1704563978 0
1704563986 2
1704563994 1
1704564002 7
1704564010 3
1704564018 6
1704564026 3
1704564034 2
1704564042 3
1704564050 5
1704564058 3
1704564066 5
1704564074 1
1704564082 7
1704564090 8
1704564098 9
1704564106 0



# Sketch: 24
1704563514 6
1704563522 4
1704563530 7
1704563538 4
1704563546 16
1704563554 13
1704563562 5
1704563570 14
1704563578 0
1704563586 3
1704563594 7
1704563602 6
1704563610 1
1704563618 3
1704563626 4
1704563634 3
1704563642 4
1704563650 10
1704563658 4
1704563666 7
1704563674 6
1704563682 3
1704563690 16
1704563698 3
1704563706 3
1704563714 5
1704563722 8
1704563730 5
1704563738 14
1704563746 6
1704563754 7
1704563762 3
1704563770 3
1704563778 6
1704563786 10
1704563794 16
1704563802 5
1704563810 10
1704563818 2
1704563826 2
1704563834 1
1704563842 9
1704563850 7
1704563858 4
1704563866 2
1704563874 4
1704563882 3
1704563890 5
1704563898 6
1704563906 9
1704563914 13
1704563922 2
1704563930 17
1704563938 3
1704563946 3
1704563954 7
1704563962 10
1704563970 1
1704563978 1
1704563986 3
1704563994 6
1704564002 7
1704564010 8
1704564018 8
1704564026 12
1704564034 9
1704564042 1
1704564050 22
1704564058 3
1704564066 8
1704564074 5
1704564082 11
1704564090 2
1704564098 7
1704564106 6



# Sketch: 25
1704563514 1
1704563522 2
1704563530 3
1704563538 2
1704563546 1
1704563554 4
1704563562 12
1704563570 3
1704563578 4
1704563586 2
1704563594 0
1704563602 3
1704563610 4
1704563618 1
1704563626 4
1704563634 3
1704563642 2
1704563650 5
1704563658 1
1704563666 4
1704563674 3
1704563682 3
1704563690 1
1704563698 10
1704563706 4
1704563714 4
1704563722 8
1704563730 5
1704563738 3
1704563746 2
1704563754 8
1704563762 2
1704563770 0
1704563778 6
1704563786 2
1704563794 3
1704563802 2
1704563810 20
1704563818 4
1704563826 2
1704563834 6
1704563842 9
1704563850 6
1704563858 1
1704563866 4
1704563874 1
1704563882 2
1704563890 2
1704563898 4
1704563906 1
1704563914 4
1704563922 1
1704563930 1
1704563938 3
1704563946 5
1704563954 4
1704563962 8
1704563970 5
1704563978 5
1704563986 6
1704563994 4
1704564002 6
1704564010 3
1704564018 5
1704564026 6
1704564034 0
1704564042 4
1704564050 2
1704564058 3
1704564066 6
1704564074 1
1704564082 5
1704564090 3
1704564098 16
1704564106 2



# Sketch: 26
1704563514 8
1704563522 2
1704563530 7
1704563538 2
1704563546 2
1704563554 3
1704563562 2
1704563570 8
1704563578 2
1704563586 15
1704563594 0
1704563602 0
1704563610 2
1704563618 0
1704563626 2
1704563634 4
1704563642 11
1704563650 4
1704563658 5
1704563666 6
1704563674 1
1704563682 0
1704563690 3
1704563698 1
1704563706 3
1704563714 8
1704563722 6
1704563730 1
1704563738 9
1704563746 2
1704563754 4
1704563762 4
1704563770 2
1704563778 5
1704563786 1
1704563794 6
1704563802 2
1704563810 1
1704563818 21
1704563826 15
1704563834 0
1704563842 5
1704563850 5
1704563858 3
1704563866 5
1704563874 1
1704563882 5
1704563890 25
1704563898 5
1704563906 6
1704563914 4
1704563922 1
1704563930 8
1704563938 3
1704563946 9
1704563954 6
1704563962 1
1704563970 1
1704563978 3
1704563986 2
1704563994 2
1704564002 1
1704564010 11
1704564018 1
1704564026 2
1704564034 3
1704564042 3
1704564050 1
1704564058 5
1704564066 1
1704564074 3
1704564082 5
1704564090 2
1704564098 1
1704564106 3



# Sketch: 27
1704563514 2
1704563522 14
1704563530 18
1704563538 7
1704563546 4
1704563554 3
1704563562 0
1704563570 7
1704563578 1
1704563586 4
1704563594 6
1704563602 1
1704563610 6
1704563618 7
1704563626 6
1704563634 10
1704563642 11
1704563650 6
1704563658 7
1704563666 6
1704563674 9
1704563682 7
1704563690 4
1704563698 3
1704563706 2
1704563714 8
1704563722 6
1704563730 2
1704563738 2
1704563746 1
1704563754 4
1704563762 9
1704563770 7
1704563778 4
1704563786 3
1704563794 2
1704563802 16
1704563810 8
1704563818 4
1704563826 5
1704563834 8
1704563842 1
1704563850 14
1704563858 4
1704563866 1
1704563874 1
1704563882 11
1704563890 12
1704563898 8
1704563906 4
1704563914 15
1704563922 4
1704563930 4
1704563938 10
1704563946 5
1704563954 8
1704563962 3
1704563970 4
1704563978 4
1704563986 3
1704563994 4
1704564002 8
1704564010 8
1704564018 3
1704564026 9
1704564034 4
1704564042 2
1704564050 5
1704564058 1
1704564066 8
1704564074 5
1704564082 1
1704564090 3
1704564098 3
1704564106 5



# Sketch: 28
1704563514 3
1704563522 2
1704563530 7
1704563538 6
1704563546 9
1704563554 5
1704563562 7
1704563570 3
1704563578 5
1704563586 1
1704563594 1
1704563602 4
1704563610 7
1704563618 3
1704563626 1
1704563634 5
1704563642 2
1704563650 4
1704563658 3
1704563666 3
1704563674 2
1704563682 2
1704563690 1
1704563698 2
1704563706 3
1704563714 1
1704563722 1
1704563730 5
1704563738 15
1704563746 1
1704563754 0
1704563762 9
1704563770 0
1704563778 4
1704563786 1
1704563794 16
1704563802 4
1704563810 5
1704563818 3
1704563826 0
1704563834 13
1704563842 2
1704563850 1
1704563858 4
1704563866 2
1704563874 0
1704563882 5
1704563890 1
1704563898 0
1704563906 5
1704563914 8
1704563922 5
1704563930 4
1704563938 3
1704563946 4
1704563954 2
1704563962 5
1704563970 4
1704563978 8
1704563986 5
1704563994 0
1704564002 6
1704564010 1
1704564018 4
1704564026 2
1704564034 2
1704564042 5
1704564050 7
1704564058 1
1704564066 5
1704564074 0
1704564082 3
1704564090 6
1704564098 6
1704564106 19



# Sketch: 29
1704563514 4
1704563522 2
1704563530 4
1704563538 3
1704563546 3
1704563554 0
1704563562 3
1704563570 1
1704563578 0
1704563586 4
1704563594 7
1704563602 2
1704563610 0
1704563618 2
1704563626 1
1704563634 4
1704563642 11
1704563650 10
1704563658 12
1704563666 15
1704563674 2
1704563682 5
1704563690 1
1704563698 4
1704563706 0
1704563714 5
1704563722 6
1704563730 4
1704563738 7
1704563746 4
1704563754 4
1704563762 7
1704563770 5
1704563778 3
1704563786 4
1704563794 3
1704563802 2
1704563810 5
1704563818 5
1704563826 3
1704563834 5
1704563842 8
1704563850 7
1704563858 3
1704563866 14
1704563874 2
1704563882 8
1704563890 6
1704563898 3
1704563906 5
1704563914 9
1704563922 4
1704563930 8
1704563938 4
1704563946 12
1704563954 4
1704563962 1
1704563970 3
1704563978 1
1704563986 4
1704563994 3
1704564002 11
1704564010 1
1704564018 10
1704564026 3
1704564034 7
1704564042 3
1704564050 3
1704564058 0
1704564066 1
1704564074 0
1704564082 4
1704564090 2
1704564098 0
1704564106 2



# Sketch: 30
1704563514 4
1704563522 3
1704563530 5
1704563538 3
1704563546 3
1704563554 5
1704563562 3
1704563570 2
1704563578 0
1704563586 10
1704563594 40
1704563602 3
1704563610 4
1704563618 8
1704563626 7
1704563634 3
1704563642 5
1704563650 6
1704563658 7
1704563666 1
1704563674 3
1704563682 1
1704563690 3
1704563698 5
1704563706 9
1704563714 1
1704563722 4
1704563730 2
1704563738 5
1704563746 2
1704563754 3
1704563762 0
1704563770 4
1704563778 3
1704563786 0
1704563794 2
1704563802 2
1704563810 7
1704563818 5
1704563826 4
1704563834 0
1704563842 3
1704563850 2
1704563858 2
1704563866 4
1704563874 0
1704563882 6
1704563890 8
1704563898 2
1704563906 1
1704563914 2
1704563922 2
1704563930 7
1704563938 3
1704563946 3
1704563954 9
1704563962 7
1704563970 5
1704563978 3
1704563986 1
1704563994 2
1704564002 14
1704564010 5
1704564018 6
1704564026 5
1704564034 7
1704564042 0
1704564050 3
1704564058 5
1704564066 4
1704564074 5
1704564082 6
1704564090 2
1704564098 1
1704564106 2



# Sketch: 31
1704563514 12
1704563522 2
1704563530 5
1704563538 4
1704563546 4
1704563554 8
1704563562 5
1704563570 5
1704563578 0
1704563586 6
1704563594 2
1704563602 3
1704563610 2
1704563618 4
1704563626 3
1704563634 0
1704563642 3
1704563650 0
1704563658 2
1704563666 4
1704563674 1
1704563682 2
1704563690 2
1704563698 2
1704563706 3
1704563714 11
1704563722 15
1704563730 2
1704563738 0
1704563746 0
1704563754 5
1704563762 5
1704563770 11
1704563778 3
1704563786 3
1704563794 4
1704563802 0
1704563810 4
1704563818 3
1704563826 2
1704563834 7
1704563842 6
1704563850 12
1704563858 4
1704563866 1
1704563874 0
1704563882 3
1704563890 5
1704563898 6
1704563906 0
1704563914 1
1704563922 1
1704563930 5
1704563938 3
1704563946 3
1704563954 5
1704563962 1
1704563970 1
1704563978 4
1704563986 4
1704563994 10
1704564002 5
1704564010 10
1704564018 4
1704564026 6
1704564034 3
1704564042 2
1704564050 3
1704564058 1
1704564066 1
1704564074 1
1704564082 0
1704564090 2
1704564098 1
1704564106 5

