

# Sketch: 0
0 2.15977
1 1.40596
2 0.989681
3 0.781163
4 0.677012
5 0.58642
6 0.536544
7 0.581165



# Sketch: 1
0 0.589023
1 0.474927
2 0.466087
3 0.519483
4 0.454447
5 0.450693
6 0.440801
7 1.80067



# Sketch: 2
0 0.795834
1 0.525965
2 0.356935
3 0.477556
4 0.26166
5 0.33565
6 0.347601
7 0.478411



# Sketch: 3
0 1.00222
1 0.727761
2 0.506396
3 0.434945
4 0.784438
5 0.273654
6 0.096667
7 0.237112



# Sketch: 4
0 0.678955
1 0.520519
2 0.565629
3 0.39173
4 0.411651
5 0.520555
6 0.521342
7 0.696104



# Sketch: 5
0 0.236415
1 0.260423
2 0.365089
3 0.381324
4 0.282687
5 0.336934
6 0.364469
7 0.441461



# Sketch: 6
0 0.392492
1 0.6784
2 0.827088
3 0.987367
4 0.785982
5 0.519818
6 0.560905
7 0.561022



# Sketch: 7
0 0.239309
1 0.0936717
2 0.23526
3 0.431473
4 0.275909
5 0.268275
6 0.295128
7 0.451936



# Sketch: 8
0 1.6493
1 1.73494
2 1.68204
3 1.2331
4 1.33889
5 0.612743
6 0.309
7 3.66705



# Sketch: 9
0 0.604377
1 0.415201
2 0.260951
3 0.297726
4 0.34338
5 0.294779
6 0.322133
7 0.595359



# Sketch: 10
0 0.187994
1 0.15825
2 0.0808359
3 0.169763
4 0.267543
5 0.509653
6 1.17116
7 2.39693



# Sketch: 11
0 0.931297
1 0.747763
2 0.649873
3 0.617661
4 0.470218
5 0.553691
6 0.459422
7 0.624453



# Sketch: 12
0 0.519427
1 0.546297
2 0.329236
3 0.228291
4 0.161949
5 0.226195
6 0.34488
7 0.445593



# Sketch: 13
0 0.60976
1 0.237259
2 0.0927296
3 0.11618
4 0.283534
5 0.718466
6 0.237546
7 0.844574



# Sketch: 14
0 0.106033
1 0.176777
2 0.222607
3 0.25738
4 0.239206
5 0.254899
6 0.283319
7 0.586466



# Sketch: 15
0 1.28492
1 0.816413
2 0.956457
3 1.09054
4 0.717512
5 0.206289
6 0.058642
7 0.481283



# Sketch: 16
0 0.545763
1 0.449049
2 0.412477
3 0.413132
4 0.410655
5 0.437319
6 0.406476
7 0.707203



# Sketch: 17
0 0.814841
1 0.637028
2 0.552575
3 0.53308
4 0.596047
5 0.40337
6 0.548618
7 0.567342



# Sketch: 18
0 0.310859
1 0.113496
2 0.147221
3 0.188747
4 0.163102
5 0.33639
6 0.837428
7 0.613144



# Sketch: 19
0 0.926968
1 1.15646
2 1.74701
3 1.65812
4 1.25934
5 0.396182
6 0.334446
7 0.357984



# Sketch: 20
0 0.320594
1 0.356616
2 0.612122
3 0.400159
4 0.401655
5 0.351028
6 0.337802
7 0.447759



# Sketch: 21
0 0.160914
1 0.198696
2 0.275243
3 0.230767
4 0.323262
5 0.252513
6 0.435507
7 1.24906



# Sketch: 22
0 0.355992
1 0.424003
2 0.269152
3 0.262091
4 0.0552726
5 0.166705
6 0.216311
7 0.337633



# Sketch: 23
0 0.993755
1 0.824957
2 0.686397
3 0.469169
4 0.583704
5 0.736752
6 0.768477
7 0.624241



# Sketch: 24
0 0.642197
1 0.708255
2 0.773854
3 1.06466
4 0.869831
5 0.363117
6 0.305678
7 0.405971



# Sketch: 25
0 0.878683
1 0.643175
2 0.544318
3 0.443974
4 0.50948
5 1.26123
6 0.966032
7 0.655696



# Sketch: 26
0 0.170646
1 0.284391
2 0.072695
3 0.13227
4 0.163667
5 0.361508
6 1.26087
7 1.01232



# Sketch: 27
0 1.51454
1 1.00972
2 0.681851
3 0.549269
4 0.615526
5 0.543617
6 0.265107
7 0.144968



# Sketch: 28
0 0.402255
1 0.410267
2 0.339506
3 0.291774
4 0.339617
5 0.401802
6 0.407507
7 0.477757



# Sketch: 29
0 0.992932
1 0.760881
2 0.61856
3 0.506201
4 0.490195
5 0.566731
6 0.614076
7 0.656396



# Sketch: 30
0 0.281644
1 0.247857
2 0.236654
3 0.287335
4 0.312126
5 0.291704
6 0.31677
7 0.428467



# Sketch: 31
0 0.273044
1 0.307427
2 0.456923
3 0.400048
4 0.625481
5 1.0254
6 0.608939
7 0.523283

