

# Sketch: 0
1704563514 8
1704563518 1
1704563522 3
1704563526 0
1704563530 5
1704563534 3
1704563538 1
1704563542 3
1704563546 0
1704563550 1
1704563554 1
1704563558 0
1704563562 6
1704563566 0
1704563570 1
1704563574 2
1704563578 4
1704563582 2
1704563586 0
1704563590 2
1704563594 0
1704563598 0
1704563602 1
1704563606 1
1704563610 0
1704563614 0
1704563618 1
1704563622 2
1704563626 2
1704563630 0
1704563634 0
1704563638 1
1704563642 2
1704563646 1
1704563650 2
1704563654 2
1704563658 0
1704563662 1
1704563666 2
1704563670 2
1704563674 1
1704563678 0
1704563682 0
1704563686 1
1704563690 5
1704563694 1
1704563698 0
1704563702 1
1704563706 1
1704563710 2
1704563714 2
1704563718 8
1704563722 3
1704563726 2
1704563730 3
1704563734 2
1704563738 3
1704563742 0
1704563746 0
1704563750 1
1704563754 0
1704563758 7
1704563762 5
1704563766 2
1704563770 1
1704563774 1
1704563778 9
1704563782 5
1704563786 0
1704563790 1
1704563794 1
1704563798 0
1704563802 2
1704563806 3
1704563810 0
1704563814 1
1704563818 5
1704563822 7
1704563826 1
1704563830 2
1704563834 4
1704563838 0
1704563842 7
1704563846 6
1704563850 0
1704563854 3
1704563858 4
1704563862 0
1704563866 2
1704563870 2
1704563874 0
1704563878 2
1704563882 5
1704563886 3
1704563890 3
1704563894 7
1704563898 3
1704563902 2
1704563906 2
1704563910 1
1704563914 5
1704563918 1
1704563922 2
1704563926 2
1704563930 2
1704563934 0
1704563938 2
1704563942 2
1704563946 2
1704563950 6
1704563954 2
1704563958 8
1704563962 2
1704563966 2
1704563970 0
1704563974 3
1704563978 1
1704563982 0
1704563986 0
1704563990 4
1704563994 5
1704563998 6
1704564002 10
1704564006 1
1704564010 3
1704564014 1
1704564018 7
1704564022 1
1704564026 1
1704564030 0
1704564034 2
1704564038 9
1704564042 1
1704564046 3
1704564050 4
1704564054 1
1704564058 1
1704564062 2
1704564066 3
1704564070 0
1704564074 1
1704564078 2
1704564082 13
1704564086 7
1704564090 6
1704564094 2
1704564098 4
1704564102 4
1704564106 2
1704564110 0



# Sketch: 1
1704563514 1
1704563518 0
1704563522 8
1704563526 4
1704563530 2
1704563534 2
1704563538 1
1704563542 4
1704563546 1
1704563550 0
1704563554 2
1704563558 2
1704563562 1
1704563566 1
1704563570 1
1704563574 3
1704563578 0
1704563582 1
1704563586 1
1704563590 0
1704563594 0
1704563598 2
1704563602 0
1704563606 0
1704563610 5
1704563614 1
1704563618 3
1704563622 3
1704563626 5
1704563630 0
1704563634 1
1704563638 0
1704563642 2
1704563646 8
1704563650 1
1704563654 1
1704563658 1
1704563662 1
1704563666 1
1704563670 1
1704563674 3
1704563678 1
1704563682 4
1704563686 1
1704563690 3
1704563694 0
1704563698 3
1704563702 4
1704563706 0
1704563710 1
1704563714 2
1704563718 3
1704563722 5
1704563726 4
1704563730 2
1704563734 6
1704563738 2
1704563742 2
1704563746 0
1704563750 0
1704563754 1
1704563758 4
1704563762 5
1704563766 0
1704563770 2
1704563774 3
1704563778 1
1704563782 2
1704563786 2
1704563790 2
1704563794 0
1704563798 0
1704563802 6
1704563806 1
1704563810 2
1704563814 6
1704563818 2
1704563822 4
1704563826 2
1704563830 6
1704563834 4
1704563838 2
1704563842 0
1704563846 2
1704563850 0
1704563854 2
1704563858 2
1704563862 1
1704563866 2
1704563870 1
1704563874 4
1704563878 2
1704563882 0
1704563886 0
1704563890 1
1704563894 2
1704563898 2
1704563902 3
1704563906 1
1704563910 2
1704563914 1
1704563918 0
1704563922 1
1704563926 0
1704563930 3
1704563934 1
1704563938 0
1704563942 0
1704563946 3
1704563950 1
1704563954 2
1704563958 1
1704563962 2
1704563966 1
1704563970 1
1704563974 0
1704563978 2
1704563982 1
1704563986 4
1704563990 3
1704563994 2
1704563998 3
1704564002 2
1704564006 0
1704564010 1
1704564014 2
1704564018 3
1704564022 1
1704564026 4
1704564030 5
1704564034 2
1704564038 0
1704564042 4
1704564046 3
1704564050 7
1704564054 0
1704564058 6
1704564062 0
1704564066 2
1704564070 2
1704564074 5
1704564078 1
1704564082 1
1704564086 1
1704564090 2
1704564094 4
1704564098 3
1704564102 2
1704564106 1
1704564110 3



# Sketch: 2
1704563514 0
1704563518 1
1704563522 3
1704563526 0
1704563530 7
1704563534 1
1704563538 6
1704563542 1
1704563546 1
1704563550 1
1704563554 0
1704563558 0
1704563562 1
1704563566 2
1704563570 2
1704563574 2
1704563578 0
1704563582 1
1704563586 0
1704563590 3
1704563594 3
1704563598 0
1704563602 0
1704563606 0
1704563610 2
1704563614 0
1704563618 1
1704563622 1
1704563626 0
1704563630 3
1704563634 4
1704563638 6
1704563642 2
1704563646 1
1704563650 8
1704563654 0
1704563658 6
1704563662 10
1704563666 3
1704563670 4
1704563674 1
1704563678 1
1704563682 2
1704563686 3
1704563690 1
1704563694 0
1704563698 2
1704563702 0
1704563706 1
1704563710 3
1704563714 0
1704563718 1
1704563722 1
1704563726 2
1704563730 14
1704563734 0
1704563738 4
1704563742 1
1704563746 0
1704563750 1
1704563754 1
1704563758 0
1704563762 4
1704563766 1
1704563770 7
1704563774 9
1704563778 5
1704563782 6
1704563786 1
1704563790 3
1704563794 0
1704563798 3
1704563802 0
1704563806 0
1704563810 3
1704563814 1
1704563818 0
1704563822 4
1704563826 0
1704563830 8
1704563834 1
1704563838 4
1704563842 3
1704563846 5
1704563850 0
1704563854 5
1704563858 3
1704563862 1
1704563866 2
1704563870 0
1704563874 1
1704563878 0
1704563882 1
1704563886 5
1704563890 7
1704563894 3
1704563898 6
1704563902 1
1704563906 5
1704563910 3
1704563914 4
1704563918 3
1704563922 1
1704563926 2
1704563930 0
1704563934 1
1704563938 2
1704563942 0
1704563946 3
1704563950 2
1704563954 1
1704563958 2
1704563962 1
1704563966 0
1704563970 0
1704563974 1
1704563978 1
1704563982 0
1704563986 0
1704563990 3
1704563994 1
1704563998 0
1704564002 5
1704564006 0
1704564010 6
1704564014 2
1704564018 2
1704564022 2
1704564026 5
1704564030 0
1704564034 1
1704564038 2
1704564042 0
1704564046 2
1704564050 4
1704564054 1
1704564058 3
1704564062 3
1704564066 3
1704564070 3
1704564074 3
1704564078 1
1704564082 3
1704564086 1
1704564090 1
1704564094 2
1704564098 4
1704564102 0
1704564106 5
1704564110 1



# Sketch: 3
1704563514 2
1704563518 1
1704563522 3
1704563526 0
1704563530 7
1704563534 2
1704563538 0
1704563542 3
1704563546 5
1704563550 3
1704563554 4
1704563558 2
1704563562 6
1704563566 1
1704563570 3
1704563574 5
1704563578 0
1704563582 1
1704563586 1
1704563590 2
1704563594 1
1704563598 0
1704563602 2
1704563606 1
1704563610 3
1704563614 1
1704563618 1
1704563622 4
1704563626 0
1704563630 2
1704563634 1
1704563638 0
1704563642 6
1704563646 4
1704563650 0
1704563654 1
1704563658 1
1704563662 1
1704563666 5
1704563670 1
1704563674 2
1704563678 0
1704563682 0
1704563686 2
1704563690 0
1704563694 1
1704563698 6
1704563702 1
1704563706 1
1704563710 0
1704563714 1
1704563718 1
1704563722 3
1704563726 0
1704563730 1
1704563734 0
1704563738 2
1704563742 3
1704563746 1
1704563750 0
1704563754 4
1704563758 1
1704563762 2
1704563766 2
1704563770 3
1704563774 1
1704563778 2
1704563782 3
1704563786 0
1704563790 0
1704563794 2
1704563798 0
1704563802 4
1704563806 3
1704563810 1
1704563814 0
1704563818 7
1704563822 4
1704563826 1
1704563830 3
1704563834 2
1704563838 4
1704563842 5
1704563846 3
1704563850 2
1704563854 0
1704563858 1
1704563862 1
1704563866 5
1704563870 1
1704563874 0
1704563878 1
1704563882 4
1704563886 2
1704563890 4
1704563894 4
1704563898 0
1704563902 5
1704563906 1
1704563910 0
1704563914 1
1704563918 1
1704563922 3
1704563926 1
1704563930 5
1704563934 10
1704563938 0
1704563942 0
1704563946 0
1704563950 4
1704563954 2
1704563958 0
1704563962 1
1704563966 1
1704563970 1
1704563974 3
1704563978 1
1704563982 1
1704563986 1
1704563990 4
1704563994 2
1704563998 1
1704564002 0
1704564006 2
1704564010 3
1704564014 1
1704564018 1
1704564022 3
1704564026 0
1704564030 2
1704564034 0
1704564038 0
1704564042 0
1704564046 1
1704564050 1
1704564054 18
1704564058 1
1704564062 3
1704564066 0
1704564070 0
1704564074 0
1704564078 1
1704564082 1
1704564086 2
1704564090 1
1704564094 1
1704564098 0
1704564102 2
1704564106 8
1704564110 10



# Sketch: 4
1704563514 5
1704563518 2
1704563522 1
1704563526 1
1704563530 2
1704563534 3
1704563538 1
1704563542 2
1704563546 1
1704563550 0
1704563554 0
1704563558 1
1704563562 1
1704563566 1
1704563570 2
1704563574 2
1704563578 0
1704563582 0
1704563586 6
1704563590 6
1704563594 1
1704563598 2
1704563602 6
1704563606 2
1704563610 2
1704563614 11
1704563618 0
1704563622 1
1704563626 6
1704563630 0
1704563634 1
1704563638 3
1704563642 4
1704563646 1
1704563650 1
1704563654 1
1704563658 3
1704563662 2
1704563666 1
1704563670 0
1704563674 2
1704563678 4
1704563682 1
1704563686 0
1704563690 0
1704563694 2
1704563698 1
1704563702 0
1704563706 5
1704563710 1
1704563714 1
1704563718 0
1704563722 4
1704563726 3
1704563730 1
1704563734 2
1704563738 4
1704563742 1
1704563746 2
1704563750 0
1704563754 0
1704563758 1
1704563762 1
1704563766 2
1704563770 1
1704563774 0
1704563778 3
1704563782 1
1704563786 7
1704563790 2
1704563794 2
1704563798 2
1704563802 0
1704563806 0
1704563810 3
1704563814 0
1704563818 3
1704563822 1
1704563826 0
1704563830 4
1704563834 1
1704563838 1
1704563842 1
1704563846 1
1704563850 0
1704563854 2
1704563858 1
1704563862 1
1704563866 1
1704563870 0
1704563874 1
1704563878 0
1704563882 2
1704563886 3
1704563890 1
1704563894 3
1704563898 1
1704563902 0
1704563906 0
1704563910 0
1704563914 5
1704563918 3
1704563922 1
1704563926 5
1704563930 3
1704563934 2
1704563938 7
1704563942 0
1704563946 1
1704563950 0
1704563954 1
1704563958 7
1704563962 5
1704563966 2
1704563970 0
1704563974 1
1704563978 3
1704563982 1
1704563986 0
1704563990 1
1704563994 4
1704563998 0
1704564002 3
1704564006 0
1704564010 3
1704564014 1
1704564018 2
1704564022 4
1704564026 5
1704564030 0
1704564034 0
1704564038 2
1704564042 0
1704564046 0
1704564050 0
1704564054 0
1704564058 7
1704564062 0
1704564066 0
1704564070 0
1704564074 2
1704564078 0
1704564082 0
1704564086 0
1704564090 10
1704564094 3
1704564098 3
1704564102 0
1704564106 6
1704564110 2



# Sketch: 5
1704563514 0
1704563518 3
1704563522 2
1704563526 1
1704563530 17
1704563534 3
1704563538 1
1704563542 1
1704563546 1
1704563550 0
1704563554 2
1704563558 0
1704563562 9
1704563566 7
1704563570 3
1704563574 1
1704563578 4
1704563582 2
1704563586 0
1704563590 4
1704563594 2
1704563598 1
1704563602 1
1704563606 3
1704563610 1
1704563614 3
1704563618 1
1704563622 0
1704563626 1
1704563630 1
1704563634 5
1704563638 2
1704563642 1
1704563646 1
1704563650 9
1704563654 6
1704563658 3
1704563662 3
1704563666 2
1704563670 2
1704563674 1
1704563678 1
1704563682 0
1704563686 1
1704563690 2
1704563694 0
1704563698 0
1704563702 4
1704563706 0
1704563710 4
1704563714 4
1704563718 1
1704563722 0
1704563726 0
1704563730 1
1704563734 0
1704563738 3
1704563742 0
1704563746 0
1704563750 0
1704563754 0
1704563758 1
1704563762 1
1704563766 1
1704563770 1
1704563774 0
1704563778 2
1704563782 3
1704563786 2
1704563790 0
1704563794 1
1704563798 7
1704563802 2
1704563806 1
1704563810 0
1704563814 1
1704563818 0
1704563822 1
1704563826 1
1704563830 0
1704563834 2
1704563838 7
1704563842 0
1704563846 2
1704563850 1
1704563854 1
1704563858 1
1704563862 1
1704563866 2
1704563870 0
1704563874 1
1704563878 3
1704563882 2
1704563886 2
1704563890 0
1704563894 2
1704563898 1
1704563902 1
1704563906 1
1704563910 4
1704563914 6
1704563918 8
1704563922 1
1704563926 1
1704563930 0
1704563934 0
1704563938 2
1704563942 5
1704563946 2
1704563950 6
1704563954 1
1704563958 4
1704563962 4
1704563966 0
1704563970 2
1704563974 5
1704563978 0
1704563982 1
1704563986 3
1704563990 0
1704563994 0
1704563998 0
1704564002 1
1704564006 5
1704564010 1
1704564014 2
1704564018 7
1704564022 2
1704564026 3
1704564030 0
1704564034 1
1704564038 0
1704564042 0
1704564046 0
1704564050 3
1704564054 2
1704564058 0
1704564062 0
1704564066 0
1704564070 0
1704564074 0
1704564078 0
1704564082 1
1704564086 5
1704564090 4
1704564094 0
1704564098 1
1704564102 0
1704564106 0
1704564110 0



# Sketch: 6
1704563514 0
1704563518 4
1704563522 1
1704563526 1
1704563530 2
1704563534 0
1704563538 3
1704563542 1
1704563546 0
1704563550 1
1704563554 0
1704563558 5
1704563562 0
1704563566 0
1704563570 1
1704563574 2
1704563578 1
1704563582 0
1704563586 0
1704563590 3
1704563594 0
1704563598 2
1704563602 1
1704563606 2
1704563610 1
1704563614 2
1704563618 4
1704563622 1
1704563626 0
1704563630 0
1704563634 2
1704563638 1
1704563642 0
1704563646 3
1704563650 2
1704563654 1
1704563658 0
1704563662 1
1704563666 2
1704563670 7
1704563674 1
1704563678 0
1704563682 0
1704563686 0
1704563690 1
1704563694 1
1704563698 0
1704563702 1
1704563706 1
1704563710 1
1704563714 1
1704563718 2
1704563722 0
1704563726 5
1704563730 3
1704563734 1
1704563738 2
1704563742 1
1704563746 1
1704563750 1
1704563754 1
1704563758 8
1704563762 2
1704563766 2
1704563770 2
1704563774 3
1704563778 4
1704563782 1
1704563786 0
1704563790 2
1704563794 0
1704563798 3
1704563802 0
1704563806 1
1704563810 3
1704563814 2
1704563818 1
1704563822 3
1704563826 0
1704563830 3
1704563834 0
1704563838 0
1704563842 0
1704563846 2
1704563850 5
1704563854 0
1704563858 0
1704563862 0
1704563866 1
1704563870 5
1704563874 6
1704563878 0
1704563882 9
1704563886 3
1704563890 0
1704563894 5
1704563898 4
1704563902 3
1704563906 3
1704563910 1
1704563914 2
1704563918 1
1704563922 0
1704563926 1
1704563930 1
1704563934 3
1704563938 1
1704563942 1
1704563946 1
1704563950 1
1704563954 2
1704563958 0
1704563962 0
1704563966 3
1704563970 3
1704563974 0
1704563978 0
1704563982 1
1704563986 1
1704563990 1
1704563994 2
1704563998 0
1704564002 1
1704564006 2
1704564010 1
1704564014 9
1704564018 9
1704564022 1
1704564026 1
1704564030 1
1704564034 1
1704564038 1
1704564042 2
1704564046 1
1704564050 5
1704564054 9
1704564058 15
1704564062 0
1704564066 4
1704564070 1
1704564074 0
1704564078 1
1704564082 0
1704564086 1
1704564090 0
1704564094 0
1704564098 1
1704564102 0
1704564106 0
1704564110 1



# Sketch: 7
1704563514 10
1704563518 3
1704563522 1
1704563526 0
1704563530 4
1704563534 2
1704563538 3
1704563542 1
1704563546 8
1704563550 1
1704563554 3
1704563558 1
1704563562 3
1704563566 2
1704563570 0
1704563574 17
1704563578 0
1704563582 1
1704563586 1
1704563590 0
1704563594 9
1704563598 0
1704563602 1
1704563606 5
1704563610 1
1704563614 1
1704563618 0
1704563622 1
1704563626 1
1704563630 3
1704563634 3
1704563638 0
1704563642 2
1704563646 1
1704563650 3
1704563654 0
1704563658 0
1704563662 1
1704563666 0
1704563670 1
1704563674 3
1704563678 1
1704563682 6
1704563686 3
1704563690 0
1704563694 10
1704563698 0
1704563702 3
1704563706 4
1704563710 1
1704563714 1
1704563718 2
1704563722 1
1704563726 4
1704563730 2
1704563734 0
1704563738 6
1704563742 2
1704563746 1
1704563750 0
1704563754 1
1704563758 2
1704563762 2
1704563766 1
1704563770 1
1704563774 3
1704563778 1
1704563782 1
1704563786 1
1704563790 3
1704563794 0
1704563798 5
1704563802 1
1704563806 1
1704563810 2
1704563814 4
1704563818 0
1704563822 2
1704563826 2
1704563830 1
1704563834 0
1704563838 3
1704563842 0
1704563846 0
1704563850 0
1704563854 2
1704563858 1
1704563862 6
1704563866 0
1704563870 0
1704563874 1
1704563878 0
1704563882 3
1704563886 1
1704563890 6
1704563894 5
1704563898 1
1704563902 0
1704563906 0
1704563910 1
1704563914 2
1704563918 0
1704563922 1
1704563926 0
1704563930 8
1704563934 3
1704563938 2
1704563942 9
1704563946 0
1704563950 0
1704563954 7
1704563958 0
1704563962 4
1704563966 3
1704563970 3
1704563974 3
1704563978 5
1704563982 0
1704563986 1
1704563990 0
1704563994 7
1704563998 2
1704564002 4
1704564006 1
1704564010 3
1704564014 1
1704564018 1
1704564022 0
1704564026 6
1704564030 2
1704564034 5
1704564038 4
1704564042 3
1704564046 3
1704564050 4
1704564054 2
1704564058 0
1704564062 3
1704564066 1
1704564070 3
1704564074 0
1704564078 1
1704564082 0
1704564086 2
1704564090 1
1704564094 1
1704564098 7
1704564102 4
1704564106 2
1704564110 2



# Sketch: 8
1704563514 6
1704563518 1
1704563522 1
1704563526 0
1704563530 2
1704563534 0
1704563538 0
1704563542 0
1704563546 0
1704563550 0
1704563554 3
1704563558 0
1704563562 0
1704563566 0
1704563570 0
1704563574 3
1704563578 3
1704563582 2
1704563586 0
1704563590 3
1704563594 4
1704563598 0
1704563602 1
1704563606 2
1704563610 1
1704563614 1
1704563618 0
1704563622 1
1704563626 2
1704563630 2
1704563634 0
1704563638 1
1704563642 2
1704563646 1
1704563650 3
1704563654 0
1704563658 1
1704563662 0
1704563666 2
1704563670 1
1704563674 0
1704563678 0
1704563682 0
1704563686 2
1704563690 0
1704563694 1
1704563698 0
1704563702 3
1704563706 0
1704563710 0
1704563714 0
1704563718 3
1704563722 2
1704563726 3
1704563730 1
1704563734 0
1704563738 9
1704563742 1
1704563746 0
1704563750 0
1704563754 1
1704563758 4
1704563762 0
1704563766 3
1704563770 2
1704563774 0
1704563778 1
1704563782 1
1704563786 1
1704563790 1
1704563794 1
1704563798 2
1704563802 0
1704563806 0
1704563810 1
1704563814 2
1704563818 0
1704563822 17
1704563826 11
1704563830 1
1704563834 0
1704563838 4
1704563842 0
1704563846 4
1704563850 2
1704563854 0
1704563858 0
1704563862 1
1704563866 0
1704563870 2
1704563874 0
1704563878 0
1704563882 1
1704563886 0
1704563890 0
1704563894 0
1704563898 4
1704563902 2
1704563906 0
1704563910 4
1704563914 3
1704563918 7
1704563922 3
1704563926 10
1704563930 0
1704563934 0
1704563938 0
1704563942 2
1704563946 4
1704563950 0
1704563954 0
1704563958 1
1704563962 0
1704563966 4
1704563970 3
1704563974 3
1704563978 1
1704563982 0
1704563986 2
1704563990 0
1704563994 0
1704563998 3
1704564002 10
1704564006 2
1704564010 0
1704564014 7
1704564018 0
1704564022 1
1704564026 3
1704564030 2
1704564034 3
1704564038 1
1704564042 12
1704564046 8
1704564050 2
1704564054 3
1704564058 0
1704564062 2
1704564066 2
1704564070 2
1704564074 7
1704564078 2
1704564082 1
1704564086 1
1704564090 1
1704564094 0
1704564098 3
1704564102 12
1704564106 2
1704564110 1



# Sketch: 9
1704563514 0
1704563518 0
1704563522 0
1704563526 3
1704563530 1
1704563534 0
1704563538 3
1704563542 0
1704563546 2
1704563550 1
1704563554 2
1704563558 1
1704563562 1
1704563566 3
1704563570 4
1704563574 0
1704563578 2
1704563582 3
1704563586 0
1704563590 2
1704563594 1
1704563598 3
1704563602 2
1704563606 1
1704563610 1
1704563614 1
1704563618 0
1704563622 2
1704563626 2
1704563630 3
1704563634 1
1704563638 2
1704563642 0
1704563646 0
1704563650 0
1704563654 7
1704563658 3
1704563662 2
1704563666 0
1704563670 0
1704563674 0
1704563678 2
1704563682 0
1704563686 1
1704563690 0
1704563694 1
1704563698 6
1704563702 1
1704563706 5
1704563710 2
1704563714 3
1704563718 5
1704563722 1
1704563726 0
1704563730 2
1704563734 1
1704563738 3
1704563742 6
1704563746 1
1704563750 3
1704563754 0
1704563758 8
1704563762 1
1704563766 1
1704563770 3
1704563774 2
1704563778 3
1704563782 6
1704563786 0
1704563790 2
1704563794 3
1704563798 0
1704563802 1
1704563806 4
1704563810 0
1704563814 0
1704563818 2
1704563822 7
1704563826 0
1704563830 1
1704563834 2
1704563838 1
1704563842 2
1704563846 0
1704563850 0
1704563854 1
1704563858 0
1704563862 2
1704563866 0
1704563870 0
1704563874 3
1704563878 0
1704563882 0
1704563886 0
1704563890 1
1704563894 1
1704563898 2
1704563902 0
1704563906 1
1704563910 0
1704563914 2
1704563918 0
1704563922 2
1704563926 1
1704563930 1
1704563934 0
1704563938 2
1704563942 3
1704563946 2
1704563950 0
1704563954 2
1704563958 1
1704563962 4
1704563966 1
1704563970 0
1704563974 1
1704563978 0
1704563982 0
1704563986 0
1704563990 0
1704563994 2
1704563998 1
1704564002 1
1704564006 2
1704564010 5
1704564014 1
1704564018 2
1704564022 3
1704564026 1
1704564030 17
1704564034 0
1704564038 2
1704564042 3
1704564046 0
1704564050 2
1704564054 4
1704564058 0
1704564062 1
1704564066 3
1704564070 0
1704564074 0
1704564078 0
1704564082 2
1704564086 2
1704564090 2
1704564094 2
1704564098 3
1704564102 2
1704564106 1
1704564110 2



# Sketch: 10
1704563514 2
1704563518 4
1704563522 5
1704563526 0
1704563530 1
1704563534 2
1704563538 3
1704563542 2
1704563546 2
1704563550 1
1704563554 6
1704563558 0
1704563562 1
1704563566 3
1704563570 1
1704563574 6
1704563578 11
1704563582 5
1704563586 2
1704563590 4
1704563594 3
1704563598 3
1704563602 0
1704563606 0
1704563610 0
1704563614 0
1704563618 1
1704563622 2
1704563626 0
1704563630 3
1704563634 4
1704563638 0
1704563642 4
1704563646 0
1704563650 0
1704563654 0
1704563658 0
1704563662 7
1704563666 0
1704563670 1
1704563674 2
1704563678 0
1704563682 0
1704563686 0
1704563690 1
1704563694 2
1704563698 1
1704563702 1
1704563706 2
1704563710 0
1704563714 0
1704563718 0
1704563722 0
1704563726 1
1704563730 0
1704563734 0
1704563738 4
1704563742 0
1704563746 2
1704563750 0
1704563754 1
1704563758 3
1704563762 2
1704563766 1
1704563770 2
1704563774 0
1704563778 0
1704563782 3
1704563786 7
1704563790 1
1704563794 0
1704563798 1
1704563802 3
1704563806 1
1704563810 4
1704563814 9
1704563818 1
1704563822 3
1704563826 2
1704563830 1
1704563834 0
1704563838 9
1704563842 1
1704563846 1
1704563850 0
1704563854 8
1704563858 3
1704563862 2
1704563866 6
1704563870 0
1704563874 2
1704563878 3
1704563882 2
1704563886 0
1704563890 0
1704563894 1
1704563898 4
1704563902 2
1704563906 5
1704563910 0
1704563914 2
1704563918 2
1704563922 0
1704563926 2
1704563930 0
1704563934 0
1704563938 0
1704563942 0
1704563946 2
1704563950 3
1704563954 5
1704563958 0
1704563962 19
1704563966 3
1704563970 1
1704563974 0
1704563978 0
1704563982 11
1704563986 0
1704563990 0
1704563994 1
1704563998 0
1704564002 4
1704564006 2
1704564010 0
1704564014 0
1704564018 2
1704564022 3
1704564026 2
1704564030 2
1704564034 0
1704564038 3
1704564042 1
1704564046 3
1704564050 0
1704564054 2
1704564058 4
1704564062 1
1704564066 0
1704564070 1
1704564074 0
1704564078 3
1704564082 0
1704564086 1
1704564090 8
1704564094 1
1704564098 1
1704564102 1
1704564106 1
1704564110 1



# Sketch: 11
1704563514 1
1704563518 1
1704563522 5
1704563526 1
1704563530 4
1704563534 5
1704563538 5
1704563542 5
1704563546 9
1704563550 6
1704563554 3
1704563558 0
1704563562 9
1704563566 2
1704563570 2
1704563574 0
1704563578 0
1704563582 0
1704563586 1
1704563590 0
1704563594 7
1704563598 0
1704563602 5
1704563606 5
1704563610 4
1704563614 2
1704563618 5
1704563622 0
1704563626 0
1704563630 4
1704563634 1
1704563638 7
1704563642 3
1704563646 4
1704563650 5
1704563654 1
1704563658 2
1704563662 0
1704563666 3
1704563670 1
1704563674 2
1704563678 1
1704563682 0
1704563686 5
1704563690 0
1704563694 1
1704563698 3
1704563702 2
1704563706 0
1704563710 0
1704563714 5
1704563718 1
1704563722 2
1704563726 3
1704563730 0
1704563734 2
1704563738 12
1704563742 2
1704563746 0
1704563750 0
1704563754 2
1704563758 2
1704563762 3
1704563766 4
1704563770 1
1704563774 5
1704563778 2
1704563782 1
1704563786 1
1704563790 1
1704563794 6
1704563798 0
1704563802 0
1704563806 2
1704563810 1
1704563814 3
1704563818 1
1704563822 2
1704563826 3
1704563830 1
1704563834 2
1704563838 4
1704563842 3
1704563846 0
1704563850 2
1704563854 2
1704563858 2
1704563862 2
1704563866 1
1704563870 1
1704563874 1
1704563878 1
1704563882 3
1704563886 2
1704563890 4
1704563894 3
1704563898 0
1704563902 1
1704563906 2
1704563910 2
1704563914 1
1704563918 3
1704563922 3
1704563926 3
1704563930 1
1704563934 1
1704563938 1
1704563942 0
1704563946 1
1704563950 4
1704563954 1
1704563958 3
1704563962 1
1704563966 5
1704563970 1
1704563974 16
1704563978 0
1704563982 2
1704563986 3
1704563990 1
1704563994 9
1704563998 2
1704564002 12
1704564006 5
1704564010 9
1704564014 2
1704564018 2
1704564022 6
1704564026 2
1704564030 4
1704564034 1
1704564038 1
1704564042 4
1704564046 1
1704564050 1
1704564054 1
1704564058 2
1704564062 0
1704564066 0
1704564070 0
1704564074 2
1704564078 1
1704564082 1
1704564086 0
1704564090 2
1704564094 2
1704564098 0
1704564102 3
1704564106 0
1704564110 0



# Sketch: 12
1704563514 2
1704563518 0
1704563522 1
1704563526 1
1704563530 3
1704563534 1
1704563538 3
1704563542 2
1704563546 4
1704563550 3
1704563554 7
1704563558 2
1704563562 7
1704563566 3
1704563570 2
1704563574 1
1704563578 1
1704563582 0
1704563586 1
1704563590 5
1704563594 0
1704563598 7
1704563602 10
1704563606 1
1704563610 1
1704563614 1
1704563618 0
1704563622 1
1704563626 3
1704563630 1
1704563634 1
1704563638 2
1704563642 2
1704563646 7
1704563650 3
1704563654 2
1704563658 1
1704563662 1
1704563666 2
1704563670 4
1704563674 3
1704563678 1
1704563682 0
1704563686 1
1704563690 2
1704563694 0
1704563698 3
1704563702 1
1704563706 1
1704563710 1
1704563714 1
1704563718 11
1704563722 2
1704563726 0
1704563730 1
1704563734 2
1704563738 3
1704563742 2
1704563746 0
1704563750 0
1704563754 0
1704563758 0
1704563762 1
1704563766 0
1704563770 0
1704563774 0
1704563778 0
1704563782 7
1704563786 0
1704563790 0
1704563794 1
1704563798 6
1704563802 1
1704563806 1
1704563810 1
1704563814 0
1704563818 13
1704563822 9
1704563826 2
1704563830 1
1704563834 0
1704563838 1
1704563842 3
1704563846 2
1704563850 0
1704563854 5
1704563858 1
1704563862 0
1704563866 3
1704563870 2
1704563874 0
1704563878 2
1704563882 3
1704563886 3
1704563890 0
1704563894 15
1704563898 14
1704563902 1
1704563906 2
1704563910 2
1704563914 2
1704563918 2
1704563922 4
1704563926 2
1704563930 1
1704563934 4
1704563938 0
1704563942 3
1704563946 6
1704563950 4
1704563954 0
1704563958 3
1704563962 0
1704563966 3
1704563970 0
1704563974 1
1704563978 5
1704563982 1
1704563986 2
1704563990 0
1704563994 0
1704563998 1
1704564002 6
1704564006 2
1704564010 0
1704564014 2
1704564018 1
1704564022 2
1704564026 3
1704564030 0
1704564034 1
1704564038 2
1704564042 0
1704564046 0
1704564050 1
1704564054 1
1704564058 0
1704564062 1
1704564066 1
1704564070 1
1704564074 0
1704564078 1
1704564082 0
1704564086 2
1704564090 1
1704564094 3
1704564098 0
1704564102 6
1704564106 0
1704564110 1



# Sketch: 13
1704563514 2
1704563518 3
1704563522 1
1704563526 2
1704563530 3
1704563534 0
1704563538 0
1704563542 1
1704563546 4
1704563550 1
1704563554 1
1704563558 3
1704563562 1
1704563566 3
1704563570 0
1704563574 1
1704563578 0
1704563582 3
1704563586 2
1704563590 1
1704563594 1
1704563598 5
1704563602 3
1704563606 2
1704563610 0
1704563614 1
1704563618 0
1704563622 4
1704563626 0
1704563630 0
1704563634 5
1704563638 1
1704563642 1
1704563646 9
1704563650 3
1704563654 1
1704563658 0
1704563662 3
1704563666 2
1704563670 2
1704563674 2
1704563678 0
1704563682 0
1704563686 2
1704563690 1
1704563694 3
1704563698 0
1704563702 1
1704563706 2
1704563710 2
1704563714 1
1704563718 3
1704563722 6
1704563726 4
1704563730 0
1704563734 0
1704563738 6
1704563742 0
1704563746 0
1704563750 0
1704563754 1
1704563758 2
1704563762 4
1704563766 4
1704563770 7
1704563774 4
1704563778 1
1704563782 1
1704563786 1
1704563790 2
1704563794 1
1704563798 11
1704563802 0
1704563806 0
1704563810 0
1704563814 0
1704563818 0
1704563822 4
1704563826 0
1704563830 4
1704563834 1
1704563838 0
1704563842 3
1704563846 1
1704563850 1
1704563854 12
1704563858 4
1704563862 6
1704563866 3
1704563870 0
1704563874 0
1704563878 0
1704563882 5
1704563886 5
1704563890 7
1704563894 23
1704563898 3
1704563902 0
1704563906 4
1704563910 0
1704563914 0
1704563918 8
1704563922 1
1704563926 1
1704563930 1
1704563934 2
1704563938 0
1704563942 0
1704563946 0
1704563950 3
1704563954 3
1704563958 0
1704563962 2
1704563966 1
1704563970 0
1704563974 1
1704563978 5
1704563982 2
1704563986 1
1704563990 3
1704563994 2
1704563998 2
1704564002 5
1704564006 0
1704564010 0
1704564014 3
1704564018 1
1704564022 2
1704564026 1
1704564030 1
1704564034 1
1704564038 0
1704564042 0
1704564046 2
1704564050 5
1704564054 1
1704564058 1
1704564062 3
1704564066 7
1704564070 2
1704564074 0
1704564078 1
1704564082 1
1704564086 3
1704564090 3
1704564094 2
1704564098 2
1704564102 0
1704564106 0
1704564110 1



# Sketch: 14
1704563514 1
1704563518 0
1704563522 5
1704563526 0
1704563530 6
1704563534 1
1704563538 3
1704563542 1
1704563546 1
1704563550 12
1704563554 4
1704563558 3
1704563562 1
1704563566 0
1704563570 8
1704563574 2
1704563578 2
1704563582 2
1704563586 0
1704563590 3
1704563594 4
1704563598 8
1704563602 0
1704563606 3
1704563610 4
1704563614 5
1704563618 2
1704563622 2
1704563626 7
1704563630 1
1704563634 4
1704563638 2
1704563642 1
1704563646 1
1704563650 2
1704563654 0
1704563658 2
1704563662 4
1704563666 1
1704563670 12
1704563674 0
1704563678 2
1704563682 0
1704563686 2
1704563690 0
1704563694 11
1704563698 3
1704563702 22
1704563706 8
1704563710 3
1704563714 1
1704563718 3
1704563722 3
1704563726 1
1704563730 3
1704563734 2
1704563738 1
1704563742 2
1704563746 1
1704563750 1
1704563754 3
1704563758 2
1704563762 2
1704563766 4
1704563770 6
1704563774 3
1704563778 1
1704563782 6
1704563786 1
1704563790 4
1704563794 2
1704563798 1
1704563802 0
1704563806 9
1704563810 1
1704563814 3
1704563818 2
1704563822 0
1704563826 1
1704563830 5
1704563834 2
1704563838 1
1704563842 3
1704563846 0
1704563850 0
1704563854 1
1704563858 18
1704563862 4
1704563866 1
1704563870 1
1704563874 0
1704563878 1
1704563882 2
1704563886 0
1704563890 7
1704563894 1
1704563898 2
1704563902 3
1704563906 2
1704563910 3
1704563914 10
1704563918 5
1704563922 1
1704563926 2
1704563930 1
1704563934 7
1704563938 2
1704563942 10
1704563946 4
1704563950 4
1704563954 6
1704563958 1
1704563962 3
1704563966 0
1704563970 1
1704563974 5
1704563978 2
1704563982 1
1704563986 2
1704563990 4
1704563994 1
1704563998 4
1704564002 11
1704564006 0
1704564010 8
1704564014 2
1704564018 5
1704564022 3
1704564026 3
1704564030 2
1704564034 2
1704564038 6
1704564042 3
1704564046 1
1704564050 3
1704564054 0
1704564058 6
1704564062 3
1704564066 7
1704564070 0
1704564074 1
1704564078 1
1704564082 3
1704564086 4
1704564090 0
1704564094 1
1704564098 0
1704564102 2
1704564106 1
1704564110 0



# Sketch: 15
1704563514 5
1704563518 1
1704563522 3
1704563526 1
1704563530 4
1704563534 0
1704563538 0
1704563542 0
1704563546 0
1704563550 1
1704563554 0
1704563558 3
1704563562 2
1704563566 0
1704563570 1
1704563574 2
1704563578 5
1704563582 0
1704563586 3
1704563590 4
1704563594 0
1704563598 0
1704563602 0
1704563606 1
1704563610 9
1704563614 2
1704563618 0
1704563622 6
1704563626 1
1704563630 1
1704563634 0
1704563638 1
1704563642 0
1704563646 3
1704563650 4
1704563654 2
1704563658 0
1704563662 2
1704563666 3
1704563670 0
1704563674 1
1704563678 9
1704563682 3
1704563686 1
1704563690 2
1704563694 0
1704563698 2
1704563702 3
1704563706 0
1704563710 1
1704563714 0
1704563718 1
1704563722 2
1704563726 2
1704563730 3
1704563734 0
1704563738 2
1704563742 1
1704563746 0
1704563750 0
1704563754 2
1704563758 0
1704563762 2
1704563766 2
1704563770 1
1704563774 1
1704563778 0
1704563782 0
1704563786 1
1704563790 3
1704563794 1
1704563798 0
1704563802 5
1704563806 1
1704563810 2
1704563814 1
1704563818 0
1704563822 1
1704563826 1
1704563830 5
1704563834 0
1704563838 4
1704563842 2
1704563846 2
1704563850 3
1704563854 5
1704563858 0
1704563862 0
1704563866 0
1704563870 2
1704563874 1
1704563878 3
1704563882 0
1704563886 2
1704563890 5
1704563894 3
1704563898 3
1704563902 0
1704563906 1
1704563910 2
1704563914 2
1704563918 1
1704563922 0
1704563926 2
1704563930 2
1704563934 4
1704563938 3
1704563942 1
1704563946 0
1704563950 3
1704563954 1
1704563958 11
1704563962 0
1704563966 1
1704563970 1
1704563974 0
1704563978 2
1704563982 0
1704563986 0
1704563990 3
1704563994 1
1704563998 3
1704564002 1
1704564006 0
1704564010 5
1704564014 2
1704564018 0
1704564022 2
1704564026 0
1704564030 1
1704564034 8
1704564038 8
1704564042 6
1704564046 1
1704564050 0
1704564054 8
1704564058 3
1704564062 0
1704564066 1
1704564070 1
1704564074 0
1704564078 2
1704564082 1
1704564086 0
1704564090 0
1704564094 0
1704564098 1
1704564102 0
1704564106 2
1704564110 0



# Sketch: 16
1704563514 12
1704563518 3
1704563522 2
1704563526 2
1704563530 1
1704563534 1
1704563538 0
1704563542 3
1704563546 0
1704563550 1
1704563554 6
1704563558 2
1704563562 1
1704563566 0
1704563570 3
1704563574 2
1704563578 6
1704563582 2
1704563586 1
1704563590 0
1704563594 11
1704563598 32
1704563602 0
1704563606 3
1704563610 0
1704563614 2
1704563618 2
1704563622 0
1704563626 11
1704563630 29
1704563634 8
1704563638 1
1704563642 1
1704563646 6
1704563650 0
1704563654 1
1704563658 2
1704563662 2
1704563666 0
1704563670 1
1704563674 2
1704563678 1
1704563682 4
1704563686 0
1704563690 1
1704563694 1
1704563698 0
1704563702 2
1704563706 2
1704563710 4
1704563714 2
1704563718 3
1704563722 2
1704563726 1
1704563730 2
1704563734 0
1704563738 9
1704563742 2
1704563746 0
1704563750 0
1704563754 1
1704563758 1
1704563762 0
1704563766 1
1704563770 1
1704563774 0
1704563778 0
1704563782 1
1704563786 1
1704563790 0
1704563794 4
1704563798 0
1704563802 2
1704563806 1
1704563810 14
1704563814 0
1704563818 0
1704563822 2
1704563826 2
1704563830 1
1704563834 5
1704563838 3
1704563842 3
1704563846 0
1704563850 1
1704563854 0
1704563858 2
1704563862 1
1704563866 4
1704563870 0
1704563874 0
1704563878 2
1704563882 0
1704563886 5
1704563890 0
1704563894 2
1704563898 1
1704563902 0
1704563906 3
1704563910 3
1704563914 5
1704563918 1
1704563922 6
1704563926 4
1704563930 3
1704563934 4
1704563938 0
1704563942 5
1704563946 0
1704563950 4
1704563954 6
1704563958 4
1704563962 4
1704563966 2
1704563970 1
1704563974 1
1704563978 3
1704563982 1
1704563986 3
1704563990 0
1704563994 3
1704563998 3
1704564002 2
1704564006 0
1704564010 0
1704564014 0
1704564018 0
1704564022 1
1704564026 0
1704564030 5
1704564034 4
1704564038 3
1704564042 1
1704564046 0
1704564050 2
1704564054 1
1704564058 0
1704564062 0
1704564066 1
1704564070 4
1704564074 2
1704564078 0
1704564082 0
1704564086 1
1704564090 5
1704564094 1
1704564098 11
1704564102 2
1704564106 0
1704564110 0



# Sketch: 17
1704563514 0
1704563518 2
1704563522 7
1704563526 2
1704563530 7
1704563534 4
1704563538 0
1704563542 1
1704563546 4
1704563550 0
1704563554 3
1704563558 2
1704563562 0
1704563566 2
1704563570 2
1704563574 2
1704563578 1
1704563582 1
1704563586 0
1704563590 3
1704563594 2
1704563598 0
1704563602 0
1704563606 3
1704563610 7
1704563614 1
1704563618 0
1704563622 8
1704563626 0
1704563630 1
1704563634 0
1704563638 6
1704563642 7
1704563646 2
1704563650 3
1704563654 2
1704563658 2
1704563662 2
1704563666 9
1704563670 0
1704563674 3
1704563678 0
1704563682 2
1704563686 4
1704563690 0
1704563694 3
1704563698 2
1704563702 0
1704563706 0
1704563710 1
1704563714 7
1704563718 2
1704563722 1
1704563726 6
1704563730 5
1704563734 1
1704563738 4
1704563742 2
1704563746 0
1704563750 0
1704563754 2
1704563758 1
1704563762 2
1704563766 2
1704563770 8
1704563774 1
1704563778 6
1704563782 2
1704563786 1
1704563790 3
1704563794 0
1704563798 1
1704563802 1
1704563806 0
1704563810 0
1704563814 3
1704563818 0
1704563822 4
1704563826 2
1704563830 5
1704563834 2
1704563838 0
1704563842 1
1704563846 6
1704563850 0
1704563854 9
1704563858 2
1704563862 1
1704563866 1
1704563870 0
1704563874 2
1704563878 1
1704563882 7
1704563886 1
1704563890 1
1704563894 9
1704563898 4
1704563902 2
1704563906 3
1704563910 1
1704563914 1
1704563918 2
1704563922 1
1704563926 5
1704563930 3
1704563934 3
1704563938 1
1704563942 2
1704563946 1
1704563950 1
1704563954 1
1704563958 6
1704563962 0
1704563966 3
1704563970 4
1704563974 0
1704563978 2
1704563982 3
1704563986 7
1704563990 1
1704563994 0
1704563998 1
1704564002 7
1704564006 2
1704564010 8
1704564014 1
1704564018 2
1704564022 3
1704564026 5
1704564030 2
1704564034 2
1704564038 2
1704564042 0
1704564046 0
1704564050 3
1704564054 3
1704564058 2
1704564062 3
1704564066 1
1704564070 2
1704564074 0
1704564078 3
1704564082 3
1704564086 4
1704564090 1
1704564094 1
1704564098 2
1704564102 2
1704564106 1
1704564110 1



# Sketch: 18
1704563514 0
1704563518 3
1704563522 9
1704563526 7
1704563530 4
1704563534 4
1704563538 2
1704563542 4
1704563546 1
1704563550 3
1704563554 1
1704563558 1
1704563562 2
1704563566 1
1704563570 1
1704563574 8
1704563578 2
1704563582 2
1704563586 1
1704563590 2
1704563594 12
1704563598 2
1704563602 0
1704563606 0
1704563610 0
1704563614 2
1704563618 0
1704563622 2
1704563626 2
1704563630 0
1704563634 1
1704563638 3
1704563642 3
1704563646 13
1704563650 6
1704563654 10
1704563658 7
1704563662 6
1704563666 0
1704563670 2
1704563674 1
1704563678 0
1704563682 3
1704563686 2
1704563690 1
1704563694 0
1704563698 3
1704563702 0
1704563706 3
1704563710 1
1704563714 2
1704563718 5
1704563722 4
1704563726 1
1704563730 0
1704563734 1
1704563738 2
1704563742 1
1704563746 2
1704563750 0
1704563754 6
1704563758 11
1704563762 8
1704563766 3
1704563770 4
1704563774 4
1704563778 2
1704563782 5
1704563786 3
1704563790 0
1704563794 0
1704563798 1
1704563802 0
1704563806 0
1704563810 4
1704563814 4
1704563818 1
1704563822 3
1704563826 0
1704563830 1
1704563834 5
1704563838 11
1704563842 0
1704563846 1
1704563850 2
1704563854 5
1704563858 1
1704563862 2
1704563866 0
1704563870 3
1704563874 2
1704563878 0
1704563882 7
1704563886 2
1704563890 6
1704563894 7
1704563898 3
1704563902 4
1704563906 3
1704563910 2
1704563914 8
1704563918 3
1704563922 2
1704563926 1
1704563930 5
1704563934 2
1704563938 0
1704563942 1
1704563946 2
1704563950 4
1704563954 2
1704563958 5
1704563962 2
1704563966 4
1704563970 3
1704563974 1
1704563978 4
1704563982 1
1704563986 7
1704563990 4
1704563994 0
1704563998 0
1704564002 7
1704564006 1
1704564010 1
1704564014 2
1704564018 0
1704564022 4
1704564026 1
1704564030 0
1704564034 0
1704564038 2
1704564042 0
1704564046 2
1704564050 3
1704564054 0
1704564058 7
1704564062 0
1704564066 3
1704564070 0
1704564074 6
1704564078 1
1704564082 0
1704564086 0
1704564090 1
1704564094 2
1704564098 0
1704564102 6
1704564106 0
1704564110 6



# Sketch: 19
1704563514 1
1704563518 0
1704563522 8
1704563526 1
1704563530 3
1704563534 3
1704563538 4
1704563542 2
1704563546 3
1704563550 5
1704563554 2
1704563558 3
1704563562 4
1704563566 1
1704563570 12
1704563574 4
1704563578 1
1704563582 3
1704563586 4
1704563590 0
1704563594 1
1704563598 1
1704563602 1
1704563606 10
1704563610 2
1704563614 2
1704563618 0
1704563622 1
1704563626 6
1704563630 1
1704563634 0
1704563638 2
1704563642 2
1704563646 1
1704563650 7
1704563654 4
1704563658 2
1704563662 3
1704563666 4
1704563670 3
1704563674 2
1704563678 6
1704563682 1
1704563686 4
1704563690 6
1704563694 3
1704563698 0
1704563702 0
1704563706 0
1704563710 1
1704563714 2
1704563718 2
1704563722 1
1704563726 5
1704563730 4
1704563734 2
1704563738 2
1704563742 2
1704563746 2
1704563750 2
1704563754 2
1704563758 5
1704563762 2
1704563766 1
1704563770 1
1704563774 10
1704563778 3
1704563782 5
1704563786 6
1704563790 4
1704563794 2
1704563798 4
1704563802 2
1704563806 1
1704563810 9
1704563814 5
1704563818 3
1704563822 6
1704563826 3
1704563830 2
1704563834 6
1704563838 4
1704563842 5
1704563846 5
1704563850 3
1704563854 1
1704563858 1
1704563862 0
1704563866 2
1704563870 3
1704563874 0
1704563878 0
1704563882 2
1704563886 1
1704563890 4
1704563894 6
1704563898 2
1704563902 4
1704563906 4
1704563910 2
1704563914 5
1704563918 8
1704563922 5
1704563926 1
1704563930 11
1704563934 10
1704563938 2
1704563942 2
1704563946 1
1704563950 6
1704563954 3
1704563958 3
1704563962 0
1704563966 4
1704563970 2
1704563974 2
1704563978 1
1704563982 2
1704563986 1
1704563990 3
1704563994 0
1704563998 2
1704564002 8
1704564006 0
1704564010 6
1704564014 2
1704564018 10
1704564022 6
1704564026 5
1704564030 3
1704564034 1
1704564038 7
1704564042 1
1704564046 1
1704564050 7
1704564054 5
1704564058 0
1704564062 2
1704564066 4
1704564070 3
1704564074 3
1704564078 1
1704564082 6
1704564086 3
1704564090 3
1704564094 3
1704564098 0
1704564102 3
1704564106 1
1704564110 2



# Sketch: 20
1704563514 2
1704563518 4
1704563522 2
1704563526 0
1704563530 2
1704563534 3
1704563538 4
1704563542 0
1704563546 1
1704563550 6
1704563554 1
1704563558 3
1704563562 0
1704563566 0
1704563570 2
1704563574 1
1704563578 0
1704563582 0
1704563586 0
1704563590 2
1704563594 7
1704563598 1
1704563602 0
1704563606 0
1704563610 2
1704563614 0
1704563618 0
1704563622 1
1704563626 1
1704563630 3
1704563634 3
1704563638 6
1704563642 3
1704563646 0
1704563650 3
1704563654 1
1704563658 2
1704563662 2
1704563666 1
1704563670 3
1704563674 2
1704563678 1
1704563682 0
1704563686 1
1704563690 1
1704563694 0
1704563698 0
1704563702 4
1704563706 1
1704563710 4
1704563714 0
1704563718 5
1704563722 0
1704563726 0
1704563730 3
1704563734 3
1704563738 2
1704563742 0
1704563746 1
1704563750 8
1704563754 4
1704563758 2
1704563762 3
1704563766 1
1704563770 2
1704563774 6
1704563778 1
1704563782 3
1704563786 1
1704563790 6
1704563794 1
1704563798 0
1704563802 3
1704563806 0
1704563810 0
1704563814 0
1704563818 0
1704563822 2
1704563826 0
1704563830 4
1704563834 1
1704563838 2
1704563842 4
1704563846 10
1704563850 0
1704563854 5
1704563858 0
1704563862 4
1704563866 2
1704563870 1
1704563874 1
1704563878 1
1704563882 2
1704563886 3
1704563890 4
1704563894 2
1704563898 0
1704563902 3
1704563906 1
1704563910 1
1704563914 5
1704563918 1
1704563922 3
1704563926 0
1704563930 0
1704563934 2
1704563938 0
1704563942 1
1704563946 2
1704563950 1
1704563954 0
1704563958 5
1704563962 1
1704563966 3
1704563970 0
1704563974 2
1704563978 1
1704563982 0
1704563986 1
1704563990 2
1704563994 1
1704563998 1
1704564002 4
1704564006 5
1704564010 1
1704564014 2
1704564018 0
1704564022 0
1704564026 0
1704564030 1
1704564034 1
1704564038 1
1704564042 0
1704564046 1
1704564050 7
1704564054 3
1704564058 1
1704564062 3
1704564066 5
1704564070 3
1704564074 3
1704564078 5
1704564082 19
1704564086 26
1704564090 37
1704564094 9
1704564098 3
1704564102 1
1704564106 1
1704564110 4



# Sketch: 21
1704563514 0
1704563518 2
1704563522 2
1704563526 1
1704563530 1
1704563534 5
1704563538 3
1704563542 2
1704563546 5
1704563550 5
1704563554 3
1704563558 5
1704563562 8
1704563566 0
1704563570 10
1704563574 6
1704563578 2
1704563582 0
1704563586 3
1704563590 5
1704563594 1
1704563598 0
1704563602 2
1704563606 1
1704563610 0
1704563614 2
1704563618 0
1704563622 0
1704563626 5
1704563630 0
1704563634 5
1704563638 0
1704563642 1
1704563646 3
1704563650 4
1704563654 4
1704563658 4
1704563662 0
1704563666 4
1704563670 3
1704563674 2
1704563678 3
1704563682 16
1704563686 0
1704563690 5
1704563694 2
1704563698 2
1704563702 2
1704563706 0
1704563710 0
1704563714 1
1704563718 2
1704563722 0
1704563726 1
1704563730 2
1704563734 0
1704563738 0
1704563742 0
1704563746 3
1704563750 1
1704563754 1
1704563758 11
1704563762 6
1704563766 1
1704563770 6
1704563774 2
1704563778 1
1704563782 2
1704563786 1
1704563790 3
1704563794 7
1704563798 1
1704563802 5
1704563806 1
1704563810 4
1704563814 4
1704563818 1
1704563822 3
1704563826 2
1704563830 1
1704563834 0
1704563838 3
1704563842 2
1704563846 2
1704563850 2
1704563854 1
1704563858 2
1704563862 3
1704563866 3
1704563870 0
1704563874 0
1704563878 2
1704563882 2
1704563886 3
1704563890 0
1704563894 3
1704563898 2
1704563902 3
1704563906 2
1704563910 5
1704563914 4
1704563918 6
1704563922 2
1704563926 0
1704563930 3
1704563934 6
1704563938 2
1704563942 3
1704563946 6
1704563950 4
1704563954 2
1704563958 4
1704563962 2
1704563966 2
1704563970 1
1704563974 0
1704563978 0
1704563982 3
1704563986 1
1704563990 0
1704563994 2
1704563998 2
1704564002 5
1704564006 7
1704564010 3
1704564014 4
1704564018 5
1704564022 1
1704564026 2
1704564030 2
1704564034 2
1704564038 2
1704564042 4
1704564046 0
1704564050 10
1704564054 3
1704564058 9
1704564062 2
1704564066 2
1704564070 1
1704564074 1
1704564078 4
1704564082 3
1704564086 5
1704564090 4
1704564094 2
1704564098 2
1704564102 3
1704564106 6
1704564110 9



# Sketch: 22
1704563514 0
1704563518 4
1704563522 3
1704563526 2
1704563530 2
1704563534 0
1704563538 1
1704563542 1
1704563546 0
1704563550 0
1704563554 5
1704563558 2
1704563562 2
1704563566 2
1704563570 2
1704563574 2
1704563578 0
1704563582 1
1704563586 0
1704563590 1
1704563594 0
1704563598 1
1704563602 1
1704563606 1
1704563610 0
1704563614 1
1704563618 3
1704563622 1
1704563626 2
1704563630 6
1704563634 3
1704563638 0
1704563642 3
1704563646 1
1704563650 2
1704563654 3
1704563658 2
1704563662 4
1704563666 0
1704563670 2
1704563674 3
1704563678 1
1704563682 0
1704563686 0
1704563690 0
1704563694 0
1704563698 2
1704563702 3
1704563706 8
1704563710 0
1704563714 2
1704563718 0
1704563722 1
1704563726 11
1704563730 2
1704563734 0
1704563738 4
1704563742 0
1704563746 0
1704563750 1
1704563754 3
1704563758 2
1704563762 0
1704563766 1
1704563770 2
1704563774 9
1704563778 1
1704563782 0
1704563786 0
1704563790 1
1704563794 0
1704563798 11
1704563802 4
1704563806 6
1704563810 3
1704563814 4
1704563818 2
1704563822 6
1704563826 2
1704563830 1
1704563834 1
1704563838 1
1704563842 2
1704563846 3
1704563850 1
1704563854 4
1704563858 1
1704563862 0
1704563866 2
1704563870 0
1704563874 4
1704563878 2
1704563882 2
1704563886 3
1704563890 0
1704563894 1
1704563898 0
1704563902 2
1704563906 2
1704563910 4
1704563914 3
1704563918 0
1704563922 2
1704563926 1
1704563930 3
1704563934 2
1704563938 0
1704563942 1
1704563946 1
1704563950 0
1704563954 2
1704563958 0
1704563962 2
1704563966 1
1704563970 0
1704563974 1
1704563978 2
1704563982 1
1704563986 2
1704563990 2
1704563994 1
1704563998 0
1704564002 0
1704564006 0
1704564010 2
1704564014 1
1704564018 0
1704564022 2
1704564026 1
1704564030 1
1704564034 2
1704564038 0
1704564042 0
1704564046 0
1704564050 7
1704564054 1
1704564058 2
1704564062 2
1704564066 4
1704564070 6
1704564074 11
1704564078 10
1704564082 7
1704564086 0
1704564090 0
1704564094 6
1704564098 6
1704564102 4
1704564106 0
1704564110 8



# Sketch: 23
1704563514 1
1704563518 0
1704563522 1
1704563526 1
1704563530 1
1704563534 0
1704563538 1
1704563542 0
1704563546 2
1704563550 0
1704563554 0
1704563558 0
1704563562 1
1704563566 2
1704563570 3
1704563574 1
1704563578 3
1704563582 5
1704563586 5
1704563590 6
1704563594 3
1704563598 4
1704563602 3
1704563606 1
1704563610 3
1704563614 2
1704563618 2
1704563622 2
1704563626 2
1704563630 2
1704563634 0
1704563638 0
1704563642 3
1704563646 6
1704563650 0
1704563654 1
1704563658 1
1704563662 1
1704563666 0
1704563670 1
1704563674 1
1704563678 0
1704563682 0
1704563686 2
1704563690 0
1704563694 6
1704563698 2
1704563702 3
1704563706 0
1704563710 0
1704563714 3
1704563718 0
1704563722 1
1704563726 1
1704563730 2
1704563734 2
1704563738 5
1704563742 2
1704563746 2
1704563750 4
1704563754 3
1704563758 0
1704563762 1
1704563766 1
1704563770 1
1704563774 0
1704563778 3
1704563782 0
1704563786 2
1704563790 0
1704563794 3
1704563798 5
1704563802 1
1704563806 1
1704563810 1
1704563814 1
1704563818 5
1704563822 2
1704563826 1
1704563830 0
1704563834 0
1704563838 0
1704563842 3
1704563846 1
1704563850 2
1704563854 14
1704563858 1
1704563862 1
1704563866 0
1704563870 0
1704563874 0
1704563878 0
1704563882 1
1704563886 9
1704563890 0
1704563894 7
1704563898 7
1704563902 0
1704563906 1
1704563910 0
1704563914 1
1704563918 1
1704563922 0
1704563926 0
1704563930 3
1704563934 4
1704563938 10
1704563942 4
1704563946 2
1704563950 0
1704563954 1
1704563958 2
1704563962 4
1704563966 3
1704563970 3
1704563974 1
1704563978 2
1704563982 0
1704563986 2
1704563990 3
1704563994 2
1704563998 2
1704564002 2
1704564006 0
1704564010 0
1704564014 1
1704564018 2
1704564022 6
1704564026 1
1704564030 2
1704564034 6
1704564038 0
1704564042 1
1704564046 1
1704564050 1
1704564054 2
1704564058 1
1704564062 0
1704564066 3
1704564070 3
1704564074 0
1704564078 4
1704564082 2
1704564086 1
1704564090 2
1704564094 2
1704564098 2
1704564102 1
1704564106 2
1704564110 2



# Sketch: 24
1704563514 0
1704563518 3
1704563522 2
1704563526 0
1704563530 5
1704563534 4
1704563538 1
1704563542 2
1704563546 1
1704563550 0
1704563554 5
1704563558 2
1704563562 1
1704563566 0
1704563570 0
1704563574 1
1704563578 0
1704563582 0
1704563586 1
1704563590 0
1704563594 1
1704563598 0
1704563602 10
1704563606 2
1704563610 1
1704563614 1
1704563618 1
1704563622 3
1704563626 0
1704563630 2
1704563634 0
1704563638 1
1704563642 1
1704563646 0
1704563650 3
1704563654 1
1704563658 1
1704563662 0
1704563666 0
1704563670 0
1704563674 1
1704563678 2
1704563682 0
1704563686 1
1704563690 4
1704563694 4
1704563698 6
1704563702 2
1704563706 1
1704563710 3
1704563714 2
1704563718 3
1704563722 4
1704563726 1
1704563730 0
1704563734 1
1704563738 7
1704563742 4
1704563746 0
1704563750 2
1704563754 3
1704563758 2
1704563762 2
1704563766 5
1704563770 2
1704563774 0
1704563778 0
1704563782 1
1704563786 3
1704563790 3
1704563794 1
1704563798 1
1704563802 1
1704563806 4
1704563810 0
1704563814 9
1704563818 2
1704563822 1
1704563826 2
1704563830 1
1704563834 7
1704563838 5
1704563842 0
1704563846 1
1704563850 3
1704563854 0
1704563858 3
1704563862 4
1704563866 1
1704563870 1
1704563874 0
1704563878 0
1704563882 1
1704563886 3
1704563890 3
1704563894 5
1704563898 3
1704563902 1
1704563906 0
1704563910 0
1704563914 0
1704563918 0
1704563922 0
1704563926 0
1704563930 1
1704563934 0
1704563938 3
1704563942 4
1704563946 1
1704563950 7
1704563954 2
1704563958 1
1704563962 5
1704563966 2
1704563970 0
1704563974 0
1704563978 3
1704563982 2
1704563986 9
1704563990 0
1704563994 4
1704563998 3
1704564002 12
1704564006 1
1704564010 2
1704564014 2
1704564018 0
1704564022 10
1704564026 4
1704564030 0
1704564034 2
1704564038 0
1704564042 2
1704564046 0
1704564050 2
1704564054 6
1704564058 0
1704564062 4
1704564066 3
1704564070 1
1704564074 1
1704564078 8
1704564082 2
1704564086 3
1704564090 3
1704564094 6
1704564098 0
1704564102 2
1704564106 0
1704564110 0



# Sketch: 25
1704563514 6
1704563518 3
1704563522 7
1704563526 1
1704563530 2
1704563534 1
1704563538 0
1704563542 2
1704563546 0
1704563550 1
1704563554 5
1704563558 4
1704563562 0
1704563566 0
1704563570 2
1704563574 2
1704563578 1
1704563582 1
1704563586 1
1704563590 0
1704563594 0
1704563598 0
1704563602 2
1704563606 1
1704563610 3
1704563614 5
1704563618 0
1704563622 1
1704563626 0
1704563630 0
1704563634 2
1704563638 6
1704563642 4
1704563646 0
1704563650 4
1704563654 1
1704563658 0
1704563662 6
1704563666 5
1704563670 1
1704563674 0
1704563678 0
1704563682 0
1704563686 0
1704563690 1
1704563694 7
1704563698 7
1704563702 2
1704563706 9
1704563710 1
1704563714 0
1704563718 2
1704563722 1
1704563726 2
1704563730 6
1704563734 1
1704563738 0
1704563742 1
1704563746 0
1704563750 0
1704563754 0
1704563758 3
1704563762 2
1704563766 1
1704563770 2
1704563774 1
1704563778 8
1704563782 4
1704563786 2
1704563790 0
1704563794 2
1704563798 0
1704563802 0
1704563806 2
1704563810 1
1704563814 1
1704563818 0
1704563822 6
1704563826 2
1704563830 0
1704563834 0
1704563838 2
1704563842 4
1704563846 0
1704563850 2
1704563854 1
1704563858 4
1704563862 2
1704563866 2
1704563870 0
1704563874 1
1704563878 2
1704563882 3
1704563886 1
1704563890 3
1704563894 3
1704563898 3
1704563902 3
1704563906 1
1704563910 0
1704563914 5
1704563918 4
1704563922 1
1704563926 0
1704563930 2
1704563934 6
1704563938 0
1704563942 1
1704563946 2
1704563950 3
1704563954 6
1704563958 7
1704563962 0
1704563966 1
1704563970 1
1704563974 5
1704563978 5
1704563982 0
1704563986 2
1704563990 4
1704563994 11
1704563998 4
1704564002 3
1704564006 2
1704564010 3
1704564014 0
1704564018 4
1704564022 3
1704564026 3
1704564030 1
1704564034 0
1704564038 2
1704564042 0
1704564046 1
1704564050 2
1704564054 0
1704564058 0
1704564062 1
1704564066 10
1704564070 1
1704564074 1
1704564078 2
1704564082 0
1704564086 1
1704564090 0
1704564094 6
1704564098 1
1704564102 2
1704564106 0
1704564110 3



# Sketch: 26
1704563514 0
1704563518 0
1704563522 1
1704563526 2
1704563530 0
1704563534 2
1704563538 1
1704563542 10
1704563546 2
1704563550 4
1704563554 6
1704563558 2
1704563562 0
1704563566 1
1704563570 4
1704563574 0
1704563578 0
1704563582 1
1704563586 0
1704563590 2
1704563594 0
1704563598 2
1704563602 2
1704563606 0
1704563610 1
1704563614 0
1704563618 1
1704563622 1
1704563626 1
1704563630 4
1704563634 0
1704563638 2
1704563642 6
1704563646 2
1704563650 2
1704563654 0
1704563658 2
1704563662 0
1704563666 0
1704563670 1
1704563674 0
1704563678 0
1704563682 1
1704563686 1
1704563690 0
1704563694 2
1704563698 4
1704563702 2
1704563706 3
1704563710 2
1704563714 0
1704563718 0
1704563722 0
1704563726 4
1704563730 3
1704563734 1
1704563738 1
1704563742 2
1704563746 1
1704563750 0
1704563754 0
1704563758 0
1704563762 3
1704563766 1
1704563770 5
1704563774 2
1704563778 1
1704563782 8
1704563786 2
1704563790 4
1704563794 11
1704563798 0
1704563802 0
1704563806 1
1704563810 1
1704563814 1
1704563818 2
1704563822 2
1704563826 2
1704563830 0
1704563834 0
1704563838 1
1704563842 2
1704563846 2
1704563850 1
1704563854 5
1704563858 2
1704563862 5
1704563866 2
1704563870 8
1704563874 3
1704563878 0
1704563882 0
1704563886 2
1704563890 0
1704563894 4
1704563898 0
1704563902 0
1704563906 1
1704563910 0
1704563914 0
1704563918 1
1704563922 0
1704563926 3
1704563930 0
1704563934 3
1704563938 0
1704563942 0
1704563946 0
1704563950 13
1704563954 5
1704563958 4
1704563962 5
1704563966 0
1704563970 15
1704563974 1
1704563978 2
1704563982 3
1704563986 0
1704563990 1
1704563994 2
1704563998 1
1704564002 7
1704564006 1
1704564010 1
1704564014 4
1704564018 2
1704564022 0
1704564026 9
1704564030 2
1704564034 0
1704564038 2
1704564042 3
1704564046 0
1704564050 0
1704564054 0
1704564058 2
1704564062 2
1704564066 2
1704564070 1
1704564074 1
1704564078 6
1704564082 5
1704564086 1
1704564090 0
1704564094 1
1704564098 1
1704564102 2
1704564106 0
1704564110 2



# Sketch: 27
1704563514 3
1704563518 0
1704563522 1
1704563526 4
1704563530 0
1704563534 1
1704563538 3
1704563542 4
1704563546 2
1704563550 2
1704563554 1
1704563558 3
1704563562 5
1704563566 3
1704563570 7
1704563574 5
1704563578 2
1704563582 5
1704563586 0
1704563590 2
1704563594 2
1704563598 3
1704563602 2
1704563606 3
1704563610 1
1704563614 5
1704563618 0
1704563622 3
1704563626 3
1704563630 3
1704563634 0
1704563638 1
1704563642 0
1704563646 2
1704563650 0
1704563654 2
1704563658 7
1704563662 4
1704563666 0
1704563670 4
1704563674 4
1704563678 2
1704563682 2
1704563686 1
1704563690 6
1704563694 6
1704563698 0
1704563702 6
1704563706 0
1704563710 0
1704563714 2
1704563718 0
1704563722 4
1704563726 10
1704563730 3
1704563734 3
1704563738 2
1704563742 3
1704563746 3
1704563750 2
1704563754 2
1704563758 5
1704563762 2
1704563766 4
1704563770 0
1704563774 1
1704563778 3
1704563782 3
1704563786 3
1704563790 4
1704563794 6
1704563798 3
1704563802 5
1704563806 1
1704563810 5
1704563814 7
1704563818 6
1704563822 0
1704563826 0
1704563830 2
1704563834 5
1704563838 11
1704563842 0
1704563846 3
1704563850 1
1704563854 2
1704563858 1
1704563862 3
1704563866 1
1704563870 1
1704563874 0
1704563878 0
1704563882 1
1704563886 2
1704563890 4
1704563894 2
1704563898 7
1704563902 0
1704563906 3
1704563910 1
1704563914 2
1704563918 2
1704563922 3
1704563926 0
1704563930 3
1704563934 7
1704563938 1
1704563942 1
1704563946 0
1704563950 1
1704563954 1
1704563958 1
1704563962 0
1704563966 2
1704563970 4
1704563974 4
1704563978 0
1704563982 2
1704563986 3
1704563990 3
1704563994 0
1704563998 2
1704564002 2
1704564006 0
1704564010 0
1704564014 4
1704564018 5
1704564022 1
1704564026 5
1704564030 5
1704564034 2
1704564038 1
1704564042 4
1704564046 0
1704564050 6
1704564054 4
1704564058 2
1704564062 0
1704564066 4
1704564070 3
1704564074 0
1704564078 4
1704564082 1
1704564086 3
1704564090 1
1704564094 11
1704564098 0
1704564102 3
1704564106 1
1704564110 2



# Sketch: 28
1704563514 0
1704563518 1
1704563522 9
1704563526 2
1704563530 0
1704563534 0
1704563538 4
1704563542 2
1704563546 1
1704563550 0
1704563554 1
1704563558 4
1704563562 1
1704563566 1
1704563570 6
1704563574 2
1704563578 1
1704563582 1
1704563586 7
1704563590 5
1704563594 3
1704563598 1
1704563602 0
1704563606 1
1704563610 1
1704563614 3
1704563618 18
1704563622 3
1704563626 0
1704563630 1
1704563634 3
1704563638 7
1704563642 0
1704563646 2
1704563650 0
1704563654 0
1704563658 0
1704563662 4
1704563666 0
1704563670 0
1704563674 0
1704563678 1
1704563682 1
1704563686 0
1704563690 0
1704563694 2
1704563698 3
1704563702 2
1704563706 1
1704563710 1
1704563714 0
1704563718 4
1704563722 6
1704563726 0
1704563730 1
1704563734 3
1704563738 12
1704563742 1
1704563746 2
1704563750 0
1704563754 0
1704563758 4
1704563762 3
1704563766 2
1704563770 1
1704563774 0
1704563778 0
1704563782 0
1704563786 2
1704563790 4
1704563794 1
1704563798 3
1704563802 1
1704563806 2
1704563810 1
1704563814 2
1704563818 2
1704563822 2
1704563826 0
1704563830 3
1704563834 2
1704563838 8
1704563842 0
1704563846 2
1704563850 1
1704563854 0
1704563858 2
1704563862 4
1704563866 0
1704563870 0
1704563874 2
1704563878 0
1704563882 3
1704563886 2
1704563890 0
1704563894 4
1704563898 1
1704563902 1
1704563906 2
1704563910 1
1704563914 2
1704563918 4
1704563922 0
1704563926 3
1704563930 1
1704563934 0
1704563938 4
1704563942 1
1704563946 0
1704563950 2
1704563954 1
1704563958 1
1704563962 1
1704563966 1
1704563970 1
1704563974 0
1704563978 1
1704563982 0
1704563986 2
1704563990 1
1704563994 2
1704563998 6
1704564002 0
1704564006 0
1704564010 5
1704564014 0
1704564018 0
1704564022 7
1704564026 1
1704564030 1
1704564034 4
1704564038 3
1704564042 1
1704564046 1
1704564050 4
1704564054 0
1704564058 2
1704564062 0
1704564066 1
1704564070 2
1704564074 2
1704564078 5
1704564082 2
1704564086 5
1704564090 2
1704564094 2
1704564098 2
1704564102 5
1704564106 1
1704564110 4



# Sketch: 29
1704563514 1
1704563518 0
1704563522 8
1704563526 2
1704563530 2
1704563534 3
1704563538 1
1704563542 0
1704563546 1
1704563550 5
1704563554 0
1704563558 2
1704563562 2
1704563566 3
1704563570 4
1704563574 3
1704563578 1
1704563582 1
1704563586 3
1704563590 2
1704563594 6
1704563598 3
1704563602 1
1704563606 0
1704563610 1
1704563614 1
1704563618 3
1704563622 3
1704563626 1
1704563630 4
1704563634 0
1704563638 1
1704563642 3
1704563646 11
1704563650 5
1704563654 2
1704563658 1
1704563662 0
1704563666 1
1704563670 1
1704563674 3
1704563678 2
1704563682 0
1704563686 6
1704563690 1
1704563694 0
1704563698 0
1704563702 0
1704563706 3
1704563710 0
1704563714 2
1704563718 1
1704563722 2
1704563726 5
1704563730 2
1704563734 5
1704563738 0
1704563742 0
1704563746 4
1704563750 1
1704563754 1
1704563758 0
1704563762 0
1704563766 2
1704563770 2
1704563774 6
1704563778 1
1704563782 5
1704563786 0
1704563790 2
1704563794 3
1704563798 11
1704563802 2
1704563806 6
1704563810 1
1704563814 1
1704563818 0
1704563822 5
1704563826 2
1704563830 3
1704563834 2
1704563838 2
1704563842 0
1704563846 0
1704563850 2
1704563854 9
1704563858 1
1704563862 8
1704563866 1
1704563870 1
1704563874 1
1704563878 1
1704563882 2
1704563886 3
1704563890 4
1704563894 2
1704563898 2
1704563902 6
1704563906 4
1704563910 0
1704563914 28
1704563918 2
1704563922 1
1704563926 6
1704563930 3
1704563934 5
1704563938 2
1704563942 4
1704563946 0
1704563950 1
1704563954 2
1704563958 3
1704563962 2
1704563966 2
1704563970 2
1704563974 1
1704563978 3
1704563982 0
1704563986 2
1704563990 2
1704563994 3
1704563998 0
1704564002 4
1704564006 3
1704564010 1
1704564014 3
1704564018 2
1704564022 0
1704564026 1
1704564030 0
1704564034 1
1704564038 4
1704564042 0
1704564046 0
1704564050 0
1704564054 1
1704564058 1
1704564062 0
1704564066 5
1704564070 3
1704564074 0
1704564078 0
1704564082 1
1704564086 0
1704564090 2
1704564094 3
1704564098 2
1704564102 8
1704564106 1
1704564110 3



# Sketch: 30
1704563514 8
1704563518 2
1704563522 2
1704563526 0
1704563530 2
1704563534 12
1704563538 0
1704563542 0
1704563546 2
1704563550 3
1704563554 2
1704563558 0
1704563562 2
1704563566 1
1704563570 4
1704563574 0
1704563578 1
1704563582 4
1704563586 1
1704563590 1
1704563594 4
1704563598 3
1704563602 1
1704563606 2
1704563610 1
1704563614 2
1704563618 2
1704563622 0
1704563626 1
1704563630 0
1704563634 3
1704563638 0
1704563642 3
1704563646 0
1704563650 1
1704563654 0
1704563658 0
1704563662 1
1704563666 0
1704563670 2
1704563674 7
1704563678 0
1704563682 6
1704563686 0
1704563690 1
1704563694 1
1704563698 2
1704563702 3
1704563706 3
1704563710 1
1704563714 3
1704563718 1
1704563722 0
1704563726 1
1704563730 0
1704563734 3
1704563738 1
1704563742 4
1704563746 0
1704563750 1
1704563754 3
1704563758 4
1704563762 1
1704563766 0
1704563770 0
1704563774 1
1704563778 5
1704563782 2
1704563786 3
1704563790 0
1704563794 4
1704563798 1
1704563802 2
1704563806 3
1704563810 1
1704563814 2
1704563818 5
1704563822 1
1704563826 2
1704563830 1
1704563834 1
1704563838 1
1704563842 4
1704563846 0
1704563850 1
1704563854 14
1704563858 3
1704563862 3
1704563866 0
1704563870 2
1704563874 0
1704563878 1
1704563882 7
1704563886 0
1704563890 0
1704563894 4
1704563898 1
1704563902 1
1704563906 1
1704563910 2
1704563914 3
1704563918 5
1704563922 1
1704563926 3
1704563930 0
1704563934 2
1704563938 4
1704563942 0
1704563946 5
1704563950 4
1704563954 0
1704563958 13
1704563962 0
1704563966 2
1704563970 5
1704563974 3
1704563978 4
1704563982 1
1704563986 0
1704563990 0
1704563994 7
1704563998 7
1704564002 5
1704564006 0
1704564010 1
1704564014 0
1704564018 3
1704564022 2
1704564026 2
1704564030 0
1704564034 0
1704564038 1
1704564042 1
1704564046 0
1704564050 0
1704564054 4
1704564058 4
1704564062 0
1704564066 0
1704564070 1
1704564074 0
1704564078 0
1704564082 1
1704564086 3
1704564090 1
1704564094 0
1704564098 0
1704564102 1
1704564106 0
1704564110 2



# Sketch: 31
1704563514 11
1704563518 0
1704563522 2
1704563526 3
1704563530 2
1704563534 0
1704563538 1
1704563542 3
1704563546 0
1704563550 0
1704563554 1
1704563558 5
1704563562 1
1704563566 0
1704563570 2
1704563574 3
1704563578 1
1704563582 0
1704563586 0
1704563590 2
1704563594 0
1704563598 5
1704563602 2
1704563606 1
1704563610 2
1704563614 1
1704563618 2
1704563622 1
1704563626 2
1704563630 1
1704563634 1
1704563638 1
1704563642 0
1704563646 10
1704563650 2
1704563654 0
1704563658 0
1704563662 0
1704563666 4
1704563670 1
1704563674 0
1704563678 1
1704563682 0
1704563686 5
1704563690 0
1704563694 2
1704563698 3
1704563702 5
1704563706 1
1704563710 3
1704563714 0
1704563718 1
1704563722 3
1704563726 0
1704563730 1
1704563734 2
1704563738 2
1704563742 0
1704563746 1
1704563750 0
1704563754 4
1704563758 4
1704563762 0
1704563766 0
1704563770 3
1704563774 3
1704563778 0
1704563782 2
1704563786 1
1704563790 5
1704563794 4
1704563798 1
1704563802 0
1704563806 4
1704563810 1
1704563814 0
1704563818 1
1704563822 4
1704563826 3
1704563830 6
1704563834 11
1704563838 9
1704563842 6
1704563846 1
1704563850 2
1704563854 1
1704563858 4
1704563862 0
1704563866 4
1704563870 2
1704563874 0
1704563878 2
1704563882 1
1704563886 1
1704563890 4
1704563894 0
1704563898 4
1704563902 0
1704563906 0
1704563910 30
1704563914 2
1704563918 0
1704563922 3
1704563926 4
1704563930 3
1704563934 0
1704563938 1
1704563942 2
1704563946 1
1704563950 6
1704563954 2
1704563958 2
1704563962 0
1704563966 3
1704563970 1
1704563974 3
1704563978 0
1704563982 0
1704563986 0
1704563990 4
1704563994 3
1704563998 2
1704564002 2
1704564006 2
1704564010 5
1704564014 0
1704564018 1
1704564022 1
1704564026 0
1704564030 2
1704564034 2
1704564038 1
1704564042 2
1704564046 2
1704564050 0
1704564054 0
1704564058 2
1704564062 2
1704564066 0
1704564070 5
1704564074 0
1704564078 0
1704564082 1
1704564086 4
1704564090 4
1704564094 2
1704564098 5
1704564102 1
1704564106 2
1704564110 2

