

# Sketch: 0
1704563514 63
1704563642 73
1704563770 84
1704563898 110
1704564026 47



# Sketch: 1
1704563514 72
1704563642 86
1704563770 95
1704563898 122
1704564026 28



# Sketch: 2
1704563514 63
1704563642 61
1704563770 88
1704563898 81
1704564026 128



# Sketch: 3
1704563514 86
1704563642 111
1704563770 76
1704563898 60
1704564026 25



# Sketch: 4
1704563514 45
1704563642 61
1704563770 85
1704563898 56
1704564026 44



# Sketch: 5
1704563514 118
1704563642 35
1704563770 82
1704563898 89
1704564026 32



# Sketch: 6
1704563514 66
1704563642 82
1704563770 61
1704563898 68
1704564026 35



# Sketch: 7
1704563514 71
1704563642 49
1704563770 60
1704563898 73
1704564026 55



# Sketch: 8
1704563514 84
1704563642 41
1704563770 94
1704563898 53
1704564026 90



# Sketch: 9
1704563514 33
1704563642 69
1704563770 51
1704563898 57
1704564026 52



# Sketch: 10
1704563514 52
1704563642 73
1704563770 66
1704563898 50
1704564026 63



# Sketch: 11
1704563514 60
1704563642 67
1704563770 50
1704563898 73
1704564026 27



# Sketch: 12
1704563514 59
1704563642 36
1704563770 108
1704563898 62
1704564026 25



# Sketch: 13
1704563514 92
1704563642 62
1704563770 57
1704563898 93
1704564026 50



# Sketch: 14
1704563514 51
1704563642 33
1704563770 55
1704563898 77
1704564026 44



# Sketch: 15
1704563514 87
1704563642 68
1704563770 95
1704563898 77
1704564026 57



# Sketch: 16
1704563514 57
1704563642 101
1704563770 80
1704563898 76
1704564026 30



# Sketch: 17
1704563514 66
1704563642 90
1704563770 70
1704563898 110
1704564026 67



# Sketch: 18
1704563514 45
1704563642 50
1704563770 86
1704563898 70
1704564026 30



# Sketch: 19
1704563514 47
1704563642 36
1704563770 40
1704563898 57
1704564026 45



# Sketch: 20
1704563514 105
1704563642 110
1704563770 107
1704563898 126
1704564026 65



# Sketch: 21
1704563514 51
1704563642 45
1704563770 74
1704563898 67
1704564026 94



# Sketch: 22
1704563514 84
1704563642 73
1704563770 36
1704563898 60
1704564026 34



# Sketch: 23
1704563514 83
1704563642 68
1704563770 99
1704563898 50
1704564026 72



# Sketch: 24
1704563514 53
1704563642 72
1704563770 57
1704563898 73
1704564026 53



# Sketch: 25
1704563514 71
1704563642 79
1704563770 93
1704563898 71
1704564026 39



# Sketch: 26
1704563514 77
1704563642 61
1704563770 71
1704563898 81
1704564026 37



# Sketch: 27
1704563514 59
1704563642 52
1704563770 64
1704563898 46
1704564026 52



# Sketch: 28
1704563514 73
1704563642 33
1704563770 62
1704563898 67
1704564026 27



# Sketch: 29
1704563514 104
1704563642 59
1704563770 68
1704563898 88
1704564026 54



# Sketch: 30
1704563514 76
1704563642 67
1704563770 58
1704563898 71
1704564026 47



# Sketch: 31
1704563514 56
1704563642 50
1704563770 50
1704563898 55
1704564026 31

