

# Sketch: 0
1704563514 43
1704563578 38
1704563642 39
1704563706 31
1704563770 40
1704563834 35
1704563898 52
1704563962 50
1704564026 32
1704564090 4



# Sketch: 1
1704563514 43
1704563578 59
1704563642 23
1704563706 34
1704563770 35
1704563834 29
1704563898 30
1704563962 31
1704564026 39
1704564090 12



# Sketch: 2
1704563514 54
1704563578 23
1704563642 38
1704563706 34
1704563770 70
1704563834 34
1704563898 50
1704563962 49
1704564026 56
1704564090 28



# Sketch: 3
1704563514 36
1704563578 31
1704563642 18
1704563706 31
1704563770 40
1704563834 34
1704563898 61
1704563962 30
1704564026 27
1704564090 9



# Sketch: 4
1704563514 33
1704563578 19
1704563642 31
1704563706 28
1704563770 33
1704563834 26
1704563898 33
1704563962 17
1704564026 21
1704564090 16



# Sketch: 5
1704563514 32
1704563578 32
1704563642 17
1704563706 28
1704563770 25
1704563834 23
1704563898 23
1704563962 31
1704564026 36
1704564090 18



# Sketch: 6
1704563514 50
1704563578 41
1704563642 36
1704563706 41
1704563770 24
1704563834 33
1704563898 63
1704563962 28
1704564026 40
1704564090 5



# Sketch: 7
1704563514 43
1704563578 32
1704563642 20
1704563706 28
1704563770 37
1704563834 30
1704563898 24
1704563962 30
1704564026 33
1704564090 5



# Sketch: 8
1704563514 33
1704563578 10
1704563642 17
1704563706 27
1704563770 17
1704563834 41
1704563898 54
1704563962 37
1704564026 26
1704564090 4



# Sketch: 9
1704563514 19
1704563578 16
1704563642 25
1704563706 24
1704563770 41
1704563834 21
1704563898 37
1704563962 17
1704564026 18
1704564090 8



# Sketch: 10
1704563514 48
1704563578 22
1704563642 46
1704563706 22
1704563770 74
1704563834 42
1704563898 56
1704563962 35
1704564026 73
1704564090 29



# Sketch: 11
1704563514 39
1704563578 41
1704563642 32
1704563706 25
1704563770 26
1704563834 26
1704563898 29
1704563962 41
1704564026 56
1704564090 77



# Sketch: 12
1704563514 20
1704563578 46
1704563642 25
1704563706 20
1704563770 30
1704563834 25
1704563898 32
1704563962 32
1704564026 28
1704564090 11



# Sketch: 13
1704563514 39
1704563578 30
1704563642 54
1704563706 40
1704563770 28
1704563834 64
1704563898 39
1704563962 31
1704564026 37
1704564090 8



# Sketch: 14
1704563514 51
1704563578 28
1704563642 43
1704563706 29
1704563770 31
1704563834 39
1704563898 34
1704563962 66
1704564026 50
1704564090 22



# Sketch: 15
1704563514 22
1704563578 73
1704563642 19
1704563706 26
1704563770 35
1704563834 35
1704563898 22
1704563962 28
1704564026 41
1704564090 5



# Sketch: 16
1704563514 33
1704563578 18
1704563642 44
1704563706 16
1704563770 25
1704563834 32
1704563898 18
1704563962 19
1704564026 16
1704564090 10



# Sketch: 17
1704563514 36
1704563578 36
1704563642 22
1704563706 36
1704563770 49
1704563834 32
1704563898 24
1704563962 33
1704564026 30
1704564090 7



# Sketch: 18
1704563514 52
1704563578 36
1704563642 53
1704563706 32
1704563770 28
1704563834 62
1704563898 27
1704563962 29
1704564026 36
1704564090 8



# Sketch: 19
1704563514 22
1704563578 24
1704563642 24
1704563706 25
1704563770 45
1704563834 36
1704563898 40
1704563962 26
1704564026 38
1704564090 12



# Sketch: 20
1704563514 32
1704563578 51
1704563642 39
1704563706 41
1704563770 31
1704563834 37
1704563898 24
1704563962 48
1704564026 22
1704564090 17



# Sketch: 21
1704563514 49
1704563578 41
1704563642 42
1704563706 44
1704563770 32
1704563834 23
1704563898 42
1704563962 41
1704564026 59
1704564090 9



# Sketch: 22
1704563514 39
1704563578 21
1704563642 42
1704563706 28
1704563770 30
1704563834 48
1704563898 29
1704563962 42
1704564026 26
1704564090 12



# Sketch: 23
1704563514 20
1704563578 18
1704563642 28
1704563706 40
1704563770 50
1704563834 49
1704563898 42
1704563962 31
1704564026 48
1704564090 24



# Sketch: 24
1704563514 49
1704563578 26
1704563642 68
1704563706 41
1704563770 41
1704563834 33
1704563898 77
1704563962 48
1704564026 58
1704564090 31



# Sketch: 25
1704563514 34
1704563578 30
1704563642 30
1704563706 40
1704563770 38
1704563834 36
1704563898 40
1704563962 36
1704564026 35
1704564090 16



# Sketch: 26
1704563514 40
1704563578 35
1704563642 36
1704563706 31
1704563770 37
1704563834 59
1704563898 65
1704563962 50
1704564026 24
1704564090 18



# Sketch: 27
1704563514 34
1704563578 20
1704563642 37
1704563706 43
1704563770 33
1704563834 34
1704563898 32
1704563962 52
1704564026 26
1704564090 5



# Sketch: 28
1704563514 20
1704563578 20
1704563642 11
1704563706 32
1704563770 27
1704563834 36
1704563898 20
1704563962 29
1704564026 17
1704564090 5



# Sketch: 29
1704563514 36
1704563578 35
1704563642 31
1704563706 22
1704563770 45
1704563834 19
1704563898 38
1704563962 33
1704564026 24
1704564090 7



# Sketch: 30
1704563514 49
1704563578 43
1704563642 39
1704563706 39
1704563770 55
1704563834 53
1704563898 40
1704563962 47
1704564026 29
1704564090 4



# Sketch: 31
1704563514 24
1704563578 40
1704563642 13
1704563706 33
1704563770 21
1704563834 23
1704563898 29
1704563962 26
1704564026 13
1704564090 19

