

# Sketch: 0
1704601914 42
1704601946 13
1704601978 30
1704602010 13
1704602042 6
1704602074 19
1704602106 18
1704602138 17
1704602170 20
1704602202 19
1704602234 17
1704602266 12
1704602298 9
1704602330 34
1704602362 36
1704602394 22
1704602426 10
1704602458 32
1704602490 15



# Sketch: 1
1704601914 17
1704601946 24
1704601978 12
1704602010 18
1704602042 18
1704602074 31
1704602106 6
1704602138 24
1704602170 27
1704602202 12
1704602234 12
1704602266 14
1704602298 18
1704602330 19
1704602362 20
1704602394 22
1704602426 12
1704602458 11
1704602490 13



# Sketch: 2
1704601914 22
1704601946 13
1704601978 23
1704602010 15
1704602042 15
1704602074 19
1704602106 37
1704602138 25
1704602170 12
1704602202 15
1704602234 9
1704602266 12
1704602298 10
1704602330 14
1704602362 13
1704602394 19
1704602426 14
1704602458 6
1704602490 14



# Sketch: 3
1704601914 25
1704601946 14
1704601978 23
1704602010 6
1704602042 13
1704602074 15
1704602106 12
1704602138 13
1704602170 9
1704602202 4
1704602234 15
1704602266 7
1704602298 12
1704602330 19
1704602362 6
1704602394 17
1704602426 6
1704602458 12
1704602490 16



# Sketch: 4
1704601914 23
1704601946 15
1704601978 24
1704602010 17
1704602042 10
1704602074 25
1704602106 21
1704602138 12
1704602170 23
1704602202 22
1704602234 22
1704602266 18
1704602298 13
1704602330 11
1704602362 11
1704602394 23
1704602426 14
1704602458 27
1704602490 8



# Sketch: 5
1704601914 7
1704601946 15
1704601978 15
1704602010 19
1704602042 10
1704602074 12
1704602106 39
1704602138 7
1704602170 22
1704602202 7
1704602234 13
1704602266 22
1704602298 19
1704602330 16
1704602362 11
1704602394 24
1704602426 13
1704602458 11
1704602490 8



# Sketch: 6
1704601914 13
1704601946 18
1704601978 10
1704602010 2
1704602042 15
1704602074 19
1704602106 25
1704602138 10
1704602170 35
1704602202 25
1704602234 10
1704602266 26
1704602298 21
1704602330 24
1704602362 19
1704602394 21
1704602426 18
1704602458 8
1704602490 6



# Sketch: 7
1704601914 15
1704601946 30
1704601978 10
1704602010 13
1704602042 22
1704602074 21
1704602106 11
1704602138 10
1704602170 14
1704602202 27
1704602234 11
1704602266 13
1704602298 28
1704602330 29
1704602362 16
1704602394 19
1704602426 9
1704602458 13
1704602490 14



# Sketch: 8
1704601914 21
1704601946 24
1704601978 9
1704602010 10
1704602042 11
1704602074 14
1704602106 33
1704602138 11
1704602170 15
1704602202 10
1704602234 12
1704602266 13
1704602298 9
1704602330 4
1704602362 20
1704602394 18
1704602426 12
1704602458 24
1704602490 5



# Sketch: 9
1704601914 13
1704601946 10
1704601978 13
1704602010 12
1704602042 11
1704602074 13
1704602106 8
1704602138 17
1704602170 21
1704602202 16
1704602234 18
1704602266 27
1704602298 11
1704602330 11
1704602362 12
1704602394 24
1704602426 8
1704602458 21
1704602490 37



# Sketch: 10
1704601914 32
1704601946 17
1704601978 7
1704602010 8
1704602042 45
1704602074 16
1704602106 50
1704602138 15
1704602170 17
1704602202 14
1704602234 9
1704602266 20
1704602298 25
1704602330 18
1704602362 12
1704602394 44
1704602426 16
1704602458 8
1704602490 9



# Sketch: 11
1704601914 20
1704601946 16
1704601978 17
1704602010 21
1704602042 16
1704602074 16
1704602106 21
1704602138 12
1704602170 14
1704602202 14
1704602234 19
1704602266 15
1704602298 14
1704602330 24
1704602362 2
1704602394 15
1704602426 15
1704602458 12
1704602490 6



# Sketch: 12
1704601914 18
1704601946 17
1704601978 20
1704602010 18
1704602042 21
1704602074 24
1704602106 19
1704602138 10
1704602170 20
1704602202 20
1704602234 14
1704602266 15
1704602298 25
1704602330 45
1704602362 10
1704602394 20
1704602426 10
1704602458 20
1704602490 23



# Sketch: 13
1704601914 9
1704601946 16
1704601978 17
1704602010 12
1704602042 9
1704602074 14
1704602106 14
1704602138 41
1704602170 13
1704602202 25
1704602234 49
1704602266 17
1704602298 14
1704602330 15
1704602362 7
1704602394 19
1704602426 11
1704602458 5
1704602490 22



# Sketch: 14
1704601914 18
1704601946 13
1704601978 18
1704602010 9
1704602042 21
1704602074 20
1704602106 14
1704602138 16
1704602170 19
1704602202 28
1704602234 24
1704602266 33
1704602298 23
1704602330 16
1704602362 17
1704602394 27
1704602426 11
1704602458 4
1704602490 21



# Sketch: 15
1704601914 58
1704601946 26
1704601978 17
1704602010 13
1704602042 13
1704602074 14
1704602106 9
1704602138 8
1704602170 17
1704602202 8
1704602234 12
1704602266 29
1704602298 14
1704602330 13
1704602362 22
1704602394 16
1704602426 8
1704602458 29
1704602490 8



# Sketch: 16
1704601914 34
1704601946 13
1704601978 19
1704602010 17
1704602042 20
1704602074 24
1704602106 26
1704602138 16
1704602170 13
1704602202 17
1704602234 22
1704602266 15
1704602298 16
1704602330 24
1704602362 10
1704602394 52
1704602426 14
1704602458 17
1704602490 6



# Sketch: 17
1704601914 26
1704601946 24
1704601978 14
1704602010 4
1704602042 17
1704602074 29
1704602106 31
1704602138 17
1704602170 9
1704602202 31
1704602234 45
1704602266 18
1704602298 22
1704602330 15
1704602362 10
1704602394 13
1704602426 19
1704602458 10
1704602490 9



# Sketch: 18
1704601914 25
1704601946 16
1704601978 18
1704602010 20
1704602042 28
1704602074 28
1704602106 22
1704602138 21
1704602170 17
1704602202 31
1704602234 20
1704602266 29
1704602298 21
1704602330 23
1704602362 18
1704602394 37
1704602426 7
1704602458 21
1704602490 27



# Sketch: 19
1704601914 27
1704601946 30
1704601978 31
1704602010 22
1704602042 21
1704602074 15
1704602106 25
1704602138 14
1704602170 16
1704602202 15
1704602234 10
1704602266 24
1704602298 17
1704602330 6
1704602362 9
1704602394 21
1704602426 27
1704602458 23
1704602490 6



# Sketch: 20
1704601914 18
1704601946 27
1704601978 10
1704602010 11
1704602042 20
1704602074 18
1704602106 32
1704602138 12
1704602170 24
1704602202 22
1704602234 20
1704602266 22
1704602298 9
1704602330 22
1704602362 15
1704602394 21
1704602426 15
1704602458 34
1704602490 8



# Sketch: 21
1704601914 15
1704601946 18
1704601978 3
1704602010 12
1704602042 11
1704602074 16
1704602106 17
1704602138 18
1704602170 14
1704602202 12
1704602234 25
1704602266 23
1704602298 10
1704602330 16
1704602362 16
1704602394 25
1704602426 12
1704602458 11
1704602490 8



# Sketch: 22
1704601914 30
1704601946 23
1704601978 11
1704602010 13
1704602042 15
1704602074 31
1704602106 33
1704602138 14
1704602170 12
1704602202 14
1704602234 31
1704602266 14
1704602298 21
1704602330 29
1704602362 14
1704602394 16
1704602426 14
1704602458 14
1704602490 17



# Sketch: 23
1704601914 24
1704601946 25
1704601978 17
1704602010 7
1704602042 19
1704602074 9
1704602106 38
1704602138 18
1704602170 31
1704602202 16
1704602234 16
1704602266 30
1704602298 25
1704602330 9
1704602362 11
1704602394 45
1704602426 15
1704602458 16
1704602490 7



# Sketch: 24
1704601914 20
1704601946 13
1704601978 13
1704602010 9
1704602042 10
1704602074 15
1704602106 20
1704602138 12
1704602170 16
1704602202 10
1704602234 17
1704602266 22
1704602298 11
1704602330 5
1704602362 6
1704602394 10
1704602426 14
1704602458 6
1704602490 23



# Sketch: 25
1704601914 5
1704601946 11
1704601978 20
1704602010 19
1704602042 9
1704602074 16
1704602106 57
1704602138 12
1704602170 43
1704602202 15
1704602234 7
1704602266 8
1704602298 11
1704602330 24
1704602362 12
1704602394 18
1704602426 9
1704602458 5
1704602490 26



# Sketch: 26
1704601914 10
1704601946 16
1704601978 7
1704602010 19
1704602042 26
1704602074 37
1704602106 28
1704602138 22
1704602170 18
1704602202 11
1704602234 14
1704602266 22
1704602298 18
1704602330 19
1704602362 15
1704602394 27
1704602426 10
1704602458 15
1704602490 12



# Sketch: 27
1704601914 19
1704601946 20
1704601978 24
1704602010 14
1704602042 16
1704602074 33
1704602106 31
1704602138 20
1704602170 21
1704602202 20
1704602234 17
1704602266 17
1704602298 18
1704602330 22
1704602362 23
1704602394 24
1704602426 27
1704602458 30
1704602490 14



# Sketch: 28
1704601914 12
1704601946 15
1704601978 6
1704602010 12
1704602042 28
1704602074 22
1704602106 10
1704602138 16
1704602170 13
1704602202 15
1704602234 14
1704602266 8
1704602298 17
1704602330 11
1704602362 16
1704602394 34
1704602426 24
1704602458 18
1704602490 9



# Sketch: 29
1704601914 13
1704601946 10
1704601978 18
1704602010 15
1704602042 9
1704602074 19
1704602106 11
1704602138 26
1704602170 18
1704602202 20
1704602234 13
1704602266 19
1704602298 7
1704602330 16
1704602362 4
1704602394 17
1704602426 22
1704602458 16
1704602490 11



# Sketch: 30
1704601914 26
1704601946 11
1704601978 11
1704602010 8
1704602042 14
1704602074 8
1704602106 16
1704602138 14
1704602170 30
1704602202 7
1704602234 14
1704602266 21
1704602298 12
1704602330 28
1704602362 26
1704602394 13
1704602426 17
1704602458 13
1704602490 11



# Sketch: 31
1704601914 32
1704601946 11
1704601978 32
1704602010 5
1704602042 17
1704602074 21
1704602106 21
1704602138 16
1704602170 16
1704602202 16
1704602234 24
1704602266 22
1704602298 10
1704602330 9
1704602362 18
1704602394 27
1704602426 10
1704602458 14
1704602490 9

