

# Sketch: 0
1704601914 22
1704601946 21
1704601978 25
1704602010 18
1704602042 18
1704602074 20
1704602106 19
1704602138 31
1704602170 16
1704602202 12
1704602234 17
1704602266 26
1704602298 25
1704602330 12
1704602362 19
1704602394 30
1704602426 16
1704602458 12
1704602490 14



# Sketch: 1
1704601914 34
1704601946 10
1704601978 11
1704602010 13
1704602042 28
1704602074 30
1704602106 40
1704602138 10
1704602170 25
1704602202 24
1704602234 37
1704602266 18
1704602298 8
1704602330 12
1704602362 10
1704602394 23
1704602426 16
1704602458 10
1704602490 3



# Sketch: 2
1704601914 15
1704601946 16
1704601978 22
1704602010 14
1704602042 13
1704602074 24
1704602106 28
1704602138 15
1704602170 20
1704602202 27
1704602234 17
1704602266 27
1704602298 13
1704602330 18
1704602362 13
1704602394 30
1704602426 9
1704602458 25
1704602490 13



# Sketch: 3
1704601914 12
1704601946 8
1704601978 16
1704602010 3
1704602042 16
1704602074 12
1704602106 29
1704602138 20
1704602170 17
1704602202 13
1704602234 8
1704602266 17
1704602298 2
1704602330 10
1704602362 10
1704602394 11
1704602426 13
1704602458 15
1704602490 10



# Sketch: 4
1704601914 9
1704601946 16
1704601978 19
1704602010 6
1704602042 3
1704602074 26
1704602106 19
1704602138 13
1704602170 25
1704602202 16
1704602234 12
1704602266 12
1704602298 11
1704602330 18
1704602362 12
1704602394 9
1704602426 8
1704602458 16
1704602490 11



# Sketch: 5
1704601914 16
1704601946 14
1704601978 6
1704602010 11
1704602042 21
1704602074 19
1704602106 17
1704602138 16
1704602170 16
1704602202 22
1704602234 9
1704602266 17
1704602298 18
1704602330 20
1704602362 7
1704602394 27
1704602426 15
1704602458 20
1704602490 13



# Sketch: 6
1704601914 25
1704601946 33
1704601978 11
1704602010 15
1704602042 22
1704602074 9
1704602106 50
1704602138 18
1704602170 25
1704602202 17
1704602234 56
1704602266 24
1704602298 33
1704602330 17
1704602362 16
1704602394 33
1704602426 20
1704602458 24
1704602490 5



# Sketch: 7
1704601914 17
1704601946 10
1704601978 8
1704602010 10
1704602042 4
1704602074 14
1704602106 17
1704602138 14
1704602170 10
1704602202 18
1704602234 19
1704602266 23
1704602298 8
1704602330 17
1704602362 12
1704602394 29
1704602426 8
1704602458 7
1704602490 13



# Sketch: 8
1704601914 25
1704601946 29
1704601978 17
1704602010 9
1704602042 16
1704602074 27
1704602106 28
1704602138 9
1704602170 17
1704602202 20
1704602234 6
1704602266 28
1704602298 4
1704602330 9
1704602362 23
1704602394 20
1704602426 24
1704602458 6
1704602490 12



# Sketch: 9
1704601914 23
1704601946 23
1704601978 16
1704602010 22
1704602042 11
1704602074 14
1704602106 31
1704602138 46
1704602170 15
1704602202 21
1704602234 24
1704602266 24
1704602298 18
1704602330 25
1704602362 21
1704602394 22
1704602426 8
1704602458 17
1704602490 24



# Sketch: 10
1704601914 18
1704601946 10
1704601978 14
1704602010 13
1704602042 6
1704602074 30
1704602106 34
1704602138 9
1704602170 11
1704602202 18
1704602234 8
1704602266 9
1704602298 15
1704602330 10
1704602362 23
1704602394 14
1704602426 12
1704602458 17
1704602490 6



# Sketch: 11
1704601914 16
1704601946 7
1704601978 23
1704602010 6
1704602042 15
1704602074 11
1704602106 34
1704602138 11
1704602170 17
1704602202 14
1704602234 8
1704602266 9
1704602298 10
1704602330 16
1704602362 24
1704602394 32
1704602426 12
1704602458 15
1704602490 10



# Sketch: 12
1704601914 26
1704601946 24
1704601978 26
1704602010 21
1704602042 24
1704602074 37
1704602106 37
1704602138 17
1704602170 20
1704602202 26
1704602234 27
1704602266 22
1704602298 18
1704602330 26
1704602362 18
1704602394 18
1704602426 7
1704602458 27
1704602490 19



# Sketch: 13
1704601914 43
1704601946 25
1704601978 31
1704602010 22
1704602042 22
1704602074 15
1704602106 29
1704602138 14
1704602170 38
1704602202 25
1704602234 18
1704602266 24
1704602298 23
1704602330 36
1704602362 19
1704602394 20
1704602426 29
1704602458 26
1704602490 13



# Sketch: 14
1704601914 19
1704601946 14
1704601978 15
1704602010 10
1704602042 10
1704602074 18
1704602106 19
1704602138 9
1704602170 22
1704602202 16
1704602234 11
1704602266 13
1704602298 16
1704602330 18
1704602362 5
1704602394 12
1704602426 16
1704602458 15
1704602490 20



# Sketch: 15
1704601914 34
1704601946 9
1704601978 18
1704602010 8
1704602042 8
1704602074 15
1704602106 12
1704602138 13
1704602170 9
1704602202 13
1704602234 9
1704602266 13
1704602298 7
1704602330 14
1704602362 8
1704602394 11
1704602426 9
1704602458 13
1704602490 14



# Sketch: 16
1704601914 24
1704601946 15
1704601978 40
1704602010 7
1704602042 13
1704602074 20
1704602106 18
1704602138 9
1704602170 9
1704602202 11
1704602234 20
1704602266 16
1704602298 18
1704602330 33
1704602362 21
1704602394 16
1704602426 7
1704602458 12
1704602490 17



# Sketch: 17
1704601914 16
1704601946 15
1704601978 17
1704602010 15
1704602042 7
1704602074 10
1704602106 19
1704602138 10
1704602170 9
1704602202 7
1704602234 5
1704602266 11
1704602298 16
1704602330 23
1704602362 7
1704602394 15
1704602426 12
1704602458 18
1704602490 19



# Sketch: 18
1704601914 20
1704601946 18
1704601978 16
1704602010 8
1704602042 11
1704602074 21
1704602106 21
1704602138 18
1704602170 9
1704602202 11
1704602234 16
1704602266 17
1704602298 28
1704602330 12
1704602362 11
1704602394 22
1704602426 14
1704602458 15
1704602490 8



# Sketch: 19
1704601914 21
1704601946 10
1704601978 12
1704602010 11
1704602042 8
1704602074 23
1704602106 7
1704602138 7
1704602170 21
1704602202 11
1704602234 12
1704602266 20
1704602298 16
1704602330 14
1704602362 10
1704602394 19
1704602426 5
1704602458 15
1704602490 30



# Sketch: 20
1704601914 22
1704601946 20
1704601978 9
1704602010 12
1704602042 21
1704602074 12
1704602106 53
1704602138 17
1704602170 17
1704602202 17
1704602234 29
1704602266 15
1704602298 14
1704602330 16
1704602362 8
1704602394 37
1704602426 16
1704602458 9
1704602490 2



# Sketch: 21
1704601914 25
1704601946 11
1704601978 28
1704602010 9
1704602042 21
1704602074 10
1704602106 17
1704602138 12
1704602170 20
1704602202 8
1704602234 11
1704602266 19
1704602298 8
1704602330 22
1704602362 16
1704602394 42
1704602426 9
1704602458 15
1704602490 12



# Sketch: 22
1704601914 13
1704601946 22
1704601978 3
1704602010 17
1704602042 22
1704602074 14
1704602106 9
1704602138 10
1704602170 18
1704602202 19
1704602234 28
1704602266 17
1704602298 23
1704602330 28
1704602362 12
1704602394 17
1704602426 17
1704602458 27
1704602490 25



# Sketch: 23
1704601914 16
1704601946 17
1704601978 21
1704602010 12
1704602042 23
1704602074 33
1704602106 18
1704602138 12
1704602170 22
1704602202 31
1704602234 17
1704602266 37
1704602298 38
1704602330 19
1704602362 18
1704602394 40
1704602426 21
1704602458 8
1704602490 23



# Sketch: 24
1704601914 18
1704601946 22
1704601978 16
1704602010 4
1704602042 16
1704602074 23
1704602106 3
1704602138 20
1704602170 36
1704602202 28
1704602234 9
1704602266 19
1704602298 17
1704602330 21
1704602362 4
1704602394 35
1704602426 13
1704602458 10
1704602490 22



# Sketch: 25
1704601914 35
1704601946 22
1704601978 17
1704602010 16
1704602042 34
1704602074 12
1704602106 31
1704602138 27
1704602170 18
1704602202 22
1704602234 33
1704602266 23
1704602298 24
1704602330 12
1704602362 21
1704602394 27
1704602426 20
1704602458 14
1704602490 4



# Sketch: 26
1704601914 19
1704601946 20
1704601978 21
1704602010 9
1704602042 22
1704602074 27
1704602106 3
1704602138 15
1704602170 11
1704602202 14
1704602234 16
1704602266 6
1704602298 12
1704602330 11
1704602362 4
1704602394 11
1704602426 5
1704602458 14
1704602490 8



# Sketch: 27
1704601914 37
1704601946 28
1704601978 9
1704602010 34
1704602042 22
1704602074 22
1704602106 26
1704602138 23
1704602170 28
1704602202 13
1704602234 18
1704602266 23
1704602298 16
1704602330 24
1704602362 5
1704602394 21
1704602426 25
1704602458 11
1704602490 14



# Sketch: 28
1704601914 17
1704601946 19
1704601978 11
1704602010 12
1704602042 27
1704602074 13
1704602106 14
1704602138 14
1704602170 24
1704602202 12
1704602234 14
1704602266 12
1704602298 10
1704602330 17
1704602362 13
1704602394 20
1704602426 15
1704602458 26
1704602490 13



# Sketch: 29
1704601914 15
1704601946 10
1704601978 8
1704602010 14
1704602042 24
1704602074 17
1704602106 19
1704602138 20
1704602170 26
1704602202 6
1704602234 10
1704602266 19
1704602298 10
1704602330 12
1704602362 35
1704602394 32
1704602426 8
1704602458 17
1704602490 12



# Sketch: 30
1704601914 10
1704601946 27
1704601978 9
1704602010 15
1704602042 13
1704602074 22
1704602106 30
1704602138 17
1704602170 23
1704602202 17
1704602234 13
1704602266 21
1704602298 7
1704602330 14
1704602362 5
1704602394 24
1704602426 17
1704602458 11
1704602490 11



# Sketch: 31
1704601914 27
1704601946 19
1704601978 4
1704602010 17
1704602042 15
1704602074 33
1704602106 24
1704602138 20
1704602170 15
1704602202 9
1704602234 38
1704602266 26
1704602298 24
1704602330 34
1704602362 27
1704602394 31
1704602426 17
1704602458 19
1704602490 8

