

# Sketch: 0
1704601914 10
1704601930 10
1704601946 18
1704601962 10
1704601978 7
1704601994 11
1704602010 4
1704602026 2
1704602042 6
1704602058 11
1704602074 4
1704602090 12
1704602106 8
1704602122 9
1704602138 11
1704602154 8
1704602170 5
1704602186 4
1704602202 8
1704602218 9
1704602234 12
1704602250 4
1704602266 9
1704602282 13
1704602298 10
1704602314 9
1704602330 6
1704602346 18
1704602362 3
1704602378 16
1704602394 11
1704602410 21
1704602426 3
1704602442 2
1704602458 14
1704602474 10
1704602490 10
1704602506 2



# Sketch: 1
1704601914 8
1704601930 5
1704601946 8
1704601962 14
1704601978 14
1704601994 11
1704602010 4
1704602026 4
1704602042 5
1704602058 16
1704602074 5
1704602090 4
1704602106 13
1704602122 5
1704602138 7
1704602154 8
1704602170 6
1704602186 4
1704602202 3
1704602218 14
1704602234 15
1704602250 4
1704602266 4
1704602282 8
1704602298 5
1704602314 3
1704602330 8
1704602346 5
1704602362 9
1704602378 2
1704602394 3
1704602410 11
1704602426 5
1704602442 19
1704602458 6
1704602474 3
1704602490 3
1704602506 1



# Sketch: 2
1704601914 6
1704601930 8
1704601946 4
1704601962 8
1704601978 18
1704601994 8
1704602010 9
1704602026 11
1704602042 7
1704602058 3
1704602074 2
1704602090 14
1704602106 23
1704602122 26
1704602138 9
1704602154 8
1704602170 9
1704602186 6
1704602202 7
1704602218 18
1704602234 12
1704602250 9
1704602266 9
1704602282 5
1704602298 6
1704602314 2
1704602330 11
1704602346 27
1704602362 21
1704602378 9
1704602394 9
1704602410 22
1704602426 6
1704602442 4
1704602458 11
1704602474 5
1704602490 9
1704602506 0



# Sketch: 3
1704601914 14
1704601930 7
1704601946 5
1704601962 9
1704601978 7
1704601994 4
1704602010 7
1704602026 4
1704602042 11
1704602058 10
1704602074 6
1704602090 3
1704602106 11
1704602122 13
1704602138 5
1704602154 7
1704602170 8
1704602186 5
1704602202 1
1704602218 31
1704602234 1
1704602250 1
1704602266 7
1704602282 4
1704602298 6
1704602314 4
1704602330 7
1704602346 20
1704602362 2
1704602378 6
1704602394 6
1704602410 13
1704602426 4
1704602442 11
1704602458 12
1704602474 8
1704602490 6
1704602506 2



# Sketch: 4
1704601914 12
1704601930 17
1704601946 4
1704601962 10
1704601978 4
1704601994 29
1704602010 8
1704602026 3
1704602042 8
1704602058 10
1704602074 18
1704602090 4
1704602106 12
1704602122 8
1704602138 3
1704602154 6
1704602170 13
1704602186 8
1704602202 7
1704602218 6
1704602234 6
1704602250 8
1704602266 8
1704602282 14
1704602298 9
1704602314 8
1704602330 10
1704602346 14
1704602362 28
1704602378 18
1704602394 21
1704602410 30
1704602426 8
1704602442 6
1704602458 6
1704602474 10
1704602490 5
1704602506 0



# Sketch: 5
1704601914 15
1704601930 22
1704601946 8
1704601962 7
1704601978 10
1704601994 8
1704602010 4
1704602026 10
1704602042 14
1704602058 17
1704602074 16
1704602090 11
1704602106 13
1704602122 10
1704602138 15
1704602154 6
1704602170 17
1704602186 5
1704602202 7
1704602218 7
1704602234 8
1704602250 5
1704602266 9
1704602282 10
1704602298 11
1704602314 5
1704602330 8
1704602346 8
1704602362 7
1704602378 2
1704602394 4
1704602410 5
1704602426 3
1704602442 8
1704602458 3
1704602474 6
1704602490 13
1704602506 2



# Sketch: 6
1704601914 19
1704601930 12
1704601946 15
1704601962 13
1704601978 8
1704601994 4
1704602010 7
1704602026 5
1704602042 15
1704602058 6
1704602074 17
1704602090 16
1704602106 23
1704602122 11
1704602138 7
1704602154 10
1704602170 10
1704602186 20
1704602202 4
1704602218 11
1704602234 5
1704602250 43
1704602266 5
1704602282 17
1704602298 20
1704602314 6
1704602330 6
1704602346 20
1704602362 8
1704602378 6
1704602394 12
1704602410 17
1704602426 18
1704602442 11
1704602458 9
1704602474 7
1704602490 8
1704602506 4



# Sketch: 7
1704601914 8
1704601930 9
1704601946 12
1704601962 18
1704601978 8
1704601994 5
1704602010 6
1704602026 7
1704602042 7
1704602058 9
1704602074 28
1704602090 9
1704602106 9
1704602122 3
1704602138 3
1704602154 2
1704602170 11
1704602186 8
1704602202 6
1704602218 12
1704602234 17
1704602250 10
1704602266 2
1704602282 18
1704602298 11
1704602314 2
1704602330 5
1704602346 12
1704602362 5
1704602378 7
1704602394 14
1704602410 14
1704602426 11
1704602442 3
1704602458 11
1704602474 10
1704602490 13
1704602506 7



# Sketch: 8
1704601914 22
1704601930 3
1704601946 5
1704601962 6
1704601978 10
1704601994 7
1704602010 10
1704602026 9
1704602042 3
1704602058 13
1704602074 5
1704602090 11
1704602106 10
1704602122 41
1704602138 8
1704602154 8
1704602170 5
1704602186 8
1704602202 6
1704602218 17
1704602234 13
1704602250 24
1704602266 10
1704602282 7
1704602298 5
1704602314 3
1704602330 7
1704602346 14
1704602362 10
1704602378 3
1704602394 8
1704602410 6
1704602426 13
1704602442 4
1704602458 24
1704602474 8
1704602490 10
1704602506 1



# Sketch: 9
1704601914 10
1704601930 18
1704601946 9
1704601962 16
1704601978 9
1704601994 7
1704602010 13
1704602026 5
1704602042 4
1704602058 6
1704602074 4
1704602090 15
1704602106 9
1704602122 7
1704602138 2
1704602154 7
1704602170 3
1704602186 14
1704602202 8
1704602218 3
1704602234 25
1704602250 4
1704602266 4
1704602282 8
1704602298 3
1704602314 7
1704602330 7
1704602346 7
1704602362 2
1704602378 7
1704602394 2
1704602410 8
1704602426 10
1704602442 8
1704602458 4
1704602474 5
1704602490 6
1704602506 10



# Sketch: 10
1704601914 6
1704601930 8
1704601946 9
1704601962 5
1704601978 7
1704601994 7
1704602010 7
1704602026 3
1704602042 6
1704602058 5
1704602074 6
1704602090 6
1704602106 6
1704602122 15
1704602138 4
1704602154 12
1704602170 6
1704602186 6
1704602202 8
1704602218 5
1704602234 7
1704602250 10
1704602266 18
1704602282 9
1704602298 6
1704602314 4
1704602330 4
1704602346 7
1704602362 8
1704602378 4
1704602394 10
1704602410 16
1704602426 6
1704602442 13
1704602458 1
1704602474 9
1704602490 5
1704602506 3



# Sketch: 11
1704601914 22
1704601930 18
1704601946 5
1704601962 13
1704601978 10
1704601994 7
1704602010 2
1704602026 3
1704602042 8
1704602058 6
1704602074 1
1704602090 12
1704602106 6
1704602122 19
1704602138 10
1704602154 8
1704602170 24
1704602186 23
1704602202 4
1704602218 12
1704602234 4
1704602250 8
1704602266 5
1704602282 8
1704602298 14
1704602314 6
1704602330 3
1704602346 11
1704602362 3
1704602378 16
1704602394 9
1704602410 18
1704602426 1
1704602442 5
1704602458 4
1704602474 5
1704602490 12
1704602506 1



# Sketch: 12
1704601914 24
1704601930 7
1704601946 6
1704601962 7
1704601978 6
1704601994 7
1704602010 5
1704602026 6
1704602042 5
1704602058 8
1704602074 6
1704602090 16
1704602106 10
1704602122 4
1704602138 7
1704602154 15
1704602170 9
1704602186 11
1704602202 15
1704602218 7
1704602234 7
1704602250 5
1704602266 2
1704602282 28
1704602298 19
1704602314 16
1704602330 8
1704602346 10
1704602362 4
1704602378 9
1704602394 3
1704602410 7
1704602426 5
1704602442 8
1704602458 13
1704602474 5
1704602490 2
1704602506 1



# Sketch: 13
1704601914 18
1704601930 7
1704601946 6
1704601962 5
1704601978 13
1704601994 13
1704602010 13
1704602026 5
1704602042 15
1704602058 3
1704602074 15
1704602090 15
1704602106 11
1704602122 10
1704602138 3
1704602154 7
1704602170 8
1704602186 6
1704602202 9
1704602218 15
1704602234 33
1704602250 7
1704602266 5
1704602282 13
1704602298 10
1704602314 5
1704602330 18
1704602346 6
1704602362 12
1704602378 3
1704602394 21
1704602410 7
1704602426 2
1704602442 3
1704602458 23
1704602474 19
1704602490 11
1704602506 2



# Sketch: 14
1704601914 6
1704601930 5
1704601946 6
1704601962 5
1704601978 7
1704601994 11
1704602010 8
1704602026 6
1704602042 8
1704602058 10
1704602074 9
1704602090 12
1704602106 20
1704602122 20
1704602138 7
1704602154 13
1704602170 14
1704602186 8
1704602202 5
1704602218 9
1704602234 3
1704602250 3
1704602266 6
1704602282 19
1704602298 12
1704602314 8
1704602330 6
1704602346 17
1704602362 16
1704602378 5
1704602394 39
1704602410 7
1704602426 5
1704602442 3
1704602458 17
1704602474 6
1704602490 11
1704602506 6



# Sketch: 15
1704601914 9
1704601930 4
1704601946 18
1704601962 6
1704601978 7
1704601994 3
1704602010 2
1704602026 5
1704602042 10
1704602058 3
1704602074 7
1704602090 12
1704602106 5
1704602122 14
1704602138 7
1704602154 4
1704602170 9
1704602186 27
1704602202 4
1704602218 5
1704602234 7
1704602250 3
1704602266 9
1704602282 15
1704602298 9
1704602314 5
1704602330 8
1704602346 11
1704602362 7
1704602378 1
1704602394 16
1704602410 11
1704602426 3
1704602442 8
1704602458 8
1704602474 3
1704602490 11
1704602506 1



# Sketch: 16
1704601914 10
1704601930 10
1704601946 13
1704601962 3
1704601978 5
1704601994 12
1704602010 3
1704602026 3
1704602042 2
1704602058 16
1704602074 23
1704602090 3
1704602106 15
1704602122 11
1704602138 3
1704602154 11
1704602170 8
1704602186 8
1704602202 6
1704602218 4
1704602234 6
1704602250 11
1704602266 7
1704602282 5
1704602298 13
1704602314 14
1704602330 5
1704602346 5
1704602362 4
1704602378 8
1704602394 18
1704602410 10
1704602426 5
1704602442 2
1704602458 8
1704602474 5
1704602490 25
1704602506 1



# Sketch: 17
1704601914 17
1704601930 5
1704601946 13
1704601962 7
1704601978 4
1704601994 3
1704602010 4
1704602026 4
1704602042 17
1704602058 14
1704602074 5
1704602090 5
1704602106 8
1704602122 14
1704602138 7
1704602154 4
1704602170 8
1704602186 5
1704602202 12
1704602218 18
1704602234 11
1704602250 6
1704602266 3
1704602282 8
1704602298 8
1704602314 13
1704602330 11
1704602346 19
1704602362 6
1704602378 4
1704602394 6
1704602410 14
1704602426 4
1704602442 4
1704602458 5
1704602474 4
1704602490 21
1704602506 3



# Sketch: 18
1704601914 13
1704601930 24
1704601946 5
1704601962 9
1704601978 7
1704601994 9
1704602010 11
1704602026 8
1704602042 17
1704602058 5
1704602074 17
1704602090 6
1704602106 3
1704602122 11
1704602138 7
1704602154 3
1704602170 12
1704602186 11
1704602202 6
1704602218 4
1704602234 5
1704602250 18
1704602266 5
1704602282 25
1704602298 6
1704602314 3
1704602330 4
1704602346 15
1704602362 4
1704602378 7
1704602394 16
1704602410 8
1704602426 9
1704602442 6
1704602458 7
1704602474 10
1704602490 1
1704602506 5



# Sketch: 19
1704601914 9
1704601930 7
1704601946 4
1704601962 6
1704601978 3
1704601994 4
1704602010 4
1704602026 3
1704602042 6
1704602058 8
1704602074 8
1704602090 11
1704602106 8
1704602122 33
1704602138 10
1704602154 23
1704602170 15
1704602186 6
1704602202 6
1704602218 7
1704602234 3
1704602250 7
1704602266 13
1704602282 4
1704602298 5
1704602314 5
1704602330 8
1704602346 12
1704602362 5
1704602378 6
1704602394 11
1704602410 9
1704602426 3
1704602442 3
1704602458 2
1704602474 5
1704602490 8
1704602506 1



# Sketch: 20
1704601914 6
1704601930 10
1704601946 9
1704601962 8
1704601978 6
1704601994 4
1704602010 6
1704602026 6
1704602042 9
1704602058 9
1704602074 12
1704602090 10
1704602106 19
1704602122 8
1704602138 7
1704602154 13
1704602170 25
1704602186 6
1704602202 19
1704602218 12
1704602234 6
1704602250 10
1704602266 3
1704602282 8
1704602298 12
1704602314 6
1704602330 3
1704602346 11
1704602362 10
1704602378 8
1704602394 8
1704602410 15
1704602426 6
1704602442 5
1704602458 12
1704602474 3
1704602490 9
1704602506 1



# Sketch: 21
1704601914 10
1704601930 7
1704601946 9
1704601962 9
1704601978 10
1704601994 4
1704602010 5
1704602026 4
1704602042 7
1704602058 4
1704602074 2
1704602090 8
1704602106 6
1704602122 19
1704602138 5
1704602154 2
1704602170 6
1704602186 2
1704602202 8
1704602218 16
1704602234 4
1704602250 8
1704602266 0
1704602282 21
1704602298 8
1704602314 2
1704602330 15
1704602346 6
1704602362 2
1704602378 17
1704602394 11
1704602410 9
1704602426 13
1704602442 6
1704602458 10
1704602474 12
1704602490 7
1704602506 2



# Sketch: 22
1704601914 14
1704601930 6
1704601946 3
1704601962 11
1704601978 14
1704601994 8
1704602010 4
1704602026 3
1704602042 5
1704602058 13
1704602074 10
1704602090 18
1704602106 5
1704602122 21
1704602138 4
1704602154 2
1704602170 13
1704602186 4
1704602202 4
1704602218 7
1704602234 9
1704602250 5
1704602266 5
1704602282 17
1704602298 18
1704602314 2
1704602330 2
1704602346 6
1704602362 4
1704602378 11
1704602394 13
1704602410 8
1704602426 2
1704602442 8
1704602458 8
1704602474 6
1704602490 4
1704602506 5



# Sketch: 23
1704601914 6
1704601930 11
1704601946 13
1704601962 11
1704601978 11
1704601994 10
1704602010 7
1704602026 14
1704602042 8
1704602058 14
1704602074 18
1704602090 12
1704602106 7
1704602122 9
1704602138 4
1704602154 16
1704602170 25
1704602186 6
1704602202 8
1704602218 6
1704602234 11
1704602250 9
1704602266 9
1704602282 23
1704602298 14
1704602314 7
1704602330 8
1704602346 13
1704602362 4
1704602378 0
1704602394 13
1704602410 8
1704602426 7
1704602442 13
1704602458 4
1704602474 7
1704602490 26
1704602506 3



# Sketch: 24
1704601914 6
1704601930 4
1704601946 13
1704601962 8
1704601978 1
1704601994 12
1704602010 11
1704602026 2
1704602042 6
1704602058 1
1704602074 4
1704602090 10
1704602106 6
1704602122 6
1704602138 25
1704602154 13
1704602170 5
1704602186 9
1704602202 9
1704602218 3
1704602234 7
1704602250 2
1704602266 4
1704602282 10
1704602298 16
1704602314 10
1704602330 9
1704602346 3
1704602362 5
1704602378 1
1704602394 4
1704602410 3
1704602426 8
1704602442 4
1704602458 7
1704602474 3
1704602490 3
1704602506 9



# Sketch: 25
1704601914 8
1704601930 7
1704601946 8
1704601962 11
1704601978 19
1704601994 5
1704602010 7
1704602026 10
1704602042 8
1704602058 8
1704602074 12
1704602090 6
1704602106 9
1704602122 9
1704602138 6
1704602154 5
1704602170 7
1704602186 5
1704602202 11
1704602218 10
1704602234 15
1704602250 6
1704602266 10
1704602282 6
1704602298 7
1704602314 6
1704602330 10
1704602346 10
1704602362 10
1704602378 5
1704602394 5
1704602410 30
1704602426 9
1704602442 11
1704602458 1
1704602474 5
1704602490 16
1704602506 16



# Sketch: 26
1704601914 17
1704601930 12
1704601946 9
1704601962 4
1704601978 13
1704601994 3
1704602010 3
1704602026 3
1704602042 9
1704602058 13
1704602074 10
1704602090 7
1704602106 8
1704602122 14
1704602138 8
1704602154 7
1704602170 2
1704602186 12
1704602202 6
1704602218 16
1704602234 6
1704602250 8
1704602266 13
1704602282 12
1704602298 10
1704602314 3
1704602330 5
1704602346 8
1704602362 5
1704602378 15
1704602394 8
1704602410 7
1704602426 3
1704602442 5
1704602458 4
1704602474 13
1704602490 6
1704602506 6



# Sketch: 27
1704601914 6
1704601930 3
1704601946 8
1704601962 14
1704601978 6
1704601994 5
1704602010 7
1704602026 18
1704602042 5
1704602058 14
1704602074 5
1704602090 0
1704602106 7
1704602122 7
1704602138 6
1704602154 5
1704602170 12
1704602186 0
1704602202 5
1704602218 4
1704602234 3
1704602250 2
1704602266 2
1704602282 6
1704602298 7
1704602314 1
1704602330 9
1704602346 6
1704602362 6
1704602378 8
1704602394 2
1704602410 17
1704602426 5
1704602442 26
1704602458 24
1704602474 8
1704602490 7
1704602506 1



# Sketch: 28
1704601914 18
1704601930 4
1704601946 8
1704601962 10
1704601978 11
1704601994 7
1704602010 7
1704602026 7
1704602042 4
1704602058 8
1704602074 10
1704602090 15
1704602106 15
1704602122 12
1704602138 11
1704602154 18
1704602170 5
1704602186 18
1704602202 9
1704602218 6
1704602234 22
1704602250 7
1704602266 5
1704602282 14
1704602298 8
1704602314 9
1704602330 2
1704602346 5
1704602362 5
1704602378 3
1704602394 7
1704602410 17
1704602426 13
1704602442 8
1704602458 9
1704602474 5
1704602490 9
1704602506 5



# Sketch: 29
1704601914 20
1704601930 8
1704601946 8
1704601962 10
1704601978 8
1704601994 4
1704602010 10
1704602026 10
1704602042 11
1704602058 5
1704602074 13
1704602090 29
1704602106 10
1704602122 21
1704602138 5
1704602154 14
1704602170 17
1704602186 7
1704602202 13
1704602218 2
1704602234 2
1704602250 1
1704602266 11
1704602282 13
1704602298 9
1704602314 10
1704602330 5
1704602346 0
1704602362 3
1704602378 5
1704602394 7
1704602410 16
1704602426 5
1704602442 6
1704602458 3
1704602474 8
1704602490 8
1704602506 4



# Sketch: 30
1704601914 12
1704601930 14
1704601946 8
1704601962 15
1704601978 6
1704601994 8
1704602010 5
1704602026 13
1704602042 10
1704602058 7
1704602074 6
1704602090 5
1704602106 6
1704602122 3
1704602138 13
1704602154 11
1704602170 7
1704602186 8
1704602202 4
1704602218 11
1704602234 6
1704602250 16
1704602266 7
1704602282 9
1704602298 4
1704602314 5
1704602330 8
1704602346 11
1704602362 4
1704602378 8
1704602394 8
1704602410 8
1704602426 6
1704602442 7
1704602458 5
1704602474 12
1704602490 7
1704602506 3



# Sketch: 31
1704601914 13
1704601930 3
1704601946 1
1704601962 6
1704601978 6
1704601994 4
1704602010 11
1704602026 3
1704602042 0
1704602058 5
1704602074 8
1704602090 4
1704602106 5
1704602122 16
1704602138 3
1704602154 8
1704602170 8
1704602186 7
1704602202 2
1704602218 1
1704602234 15
1704602250 5
1704602266 15
1704602282 6
1704602298 11
1704602314 9
1704602330 17
1704602346 10
1704602362 10
1704602378 5
1704602394 7
1704602410 26
1704602426 5
1704602442 7
1704602458 3
1704602474 3
1704602490 24
1704602506 4

