

# Sketch: 0
0 0.522346
1 0.432035
2 0.396845
3 0.301948
4 0.230215
5 0.340341
6 0.145879
7 0.318904



# Sketch: 1
0 1.36516
1 1.17352
2 0.8604
3 0.923893
4 0.885294
5 0.802224
6 0.726666
7 0.794733



# Sketch: 2
0 0.560892
1 0.51795
2 0.256063
3 0.734787
4 0.494484
5 0.574867
6 0.389071
7 0.45007



# Sketch: 3
0 0.624304
1 0.632224
2 0.761424
3 0.786232
4 0.671278
5 0.647832
6 0.685193
7 1.35991



# Sketch: 4
0 1.22286
1 1.06378
2 0.746996
3 0.825473
4 0.997142
5 1.17796
6 2.7132
7 1.54402



# Sketch: 5
0 0.543947
1 0.58949
2 0.590465
3 0.532414
4 0.449055
5 0.593063
6 0.532207
7 0.634655



# Sketch: 6
0 0.48886
1 0.359509
2 0.425802
3 0.266861
4 0.299547
5 0.298949
6 0.334963
7 0.625077



# Sketch: 7
0 2.7174
1 2.37987
2 2.70262
3 2.51618
4 2.59526
5 1.2096
6 0.590008
7 0.810498



# Sketch: 8
0 0.712628
1 0.785249
2 0.402329
3 0.958695
4 0.417013
5 0.183171
6 0.382387
7 0.546411



# Sketch: 9
0 0.83228
1 0.83674
2 0.602706
3 0.59857
4 0.565778
5 0.485903
6 0.534169
7 0.691303



# Sketch: 10
0 1.96078
1 1.54641
2 1.37801
3 1.18483
4 1.3321
5 0.472695
6 0.98499
7 1.46502



# Sketch: 11
0 1.05098
1 0.96354
2 0.772268
3 0.711412
4 0.766016
5 0.593406
6 0.638551
7 0.757573



# Sketch: 12
0 0.897028
1 1.69863
2 1.46471
3 1.11041
4 0.918817
5 1.93305
6 0.886304
7 0.531951



# Sketch: 13
0 0.7539
1 0.771417
2 0.746787
3 0.756098
4 0.660136
5 0.684858
6 0.672628
7 0.519032



# Sketch: 14
0 0.747821
1 0.808673
2 0.70516
3 0.972007
4 0.593343
5 0.42557
6 0.394273
7 0.551924



# Sketch: 15
0 0.678116
1 0.629975
2 0.622575
3 0.739871
4 0.532986
5 0.587135
6 0.555585
7 0.553767



# Sketch: 16
0 0.387728
1 0.0527346
2 0.114176
3 0.271763
4 0.33498
5 0.527362
6 0.439918
7 0.582054



# Sketch: 17
0 0.381079
1 0.417677
2 0.227027
3 0.116724
4 0.349146
5 0.453465
6 0.240169
7 0.284784



# Sketch: 18
0 0.45919
1 0.419833
2 0.440343
3 0.372526
4 0.357881
5 0.445527
6 0.359724
7 0.408082



# Sketch: 19
0 1.57987
1 1.57378
2 1.6364
3 1.5687
4 1.38692
5 1.03316
6 0.648969
7 1.64114



# Sketch: 20
0 0.448296
1 0.461225
2 0.607463
3 0.788917
4 1.56021
5 1.63736
6 0.532164
7 0.570726



# Sketch: 21
0 0.6399
1 0.675766
2 0.580353
3 0.442749
4 0.376865
5 0.454132
6 0.510425
7 0.383463



# Sketch: 22
0 0.457923
1 0.482373
2 0.530194
3 0.848149
4 1.16796
5 0.333377
6 1.33775
7 0.548711



# Sketch: 23
0 0.516247
1 0.535136
2 0.500919
3 0.390779
4 0.551738
5 0.347846
6 0.51951
7 0.411784



# Sketch: 24
0 0.30487
1 0.343503
2 0.323604
3 0.279105
4 0.409354
5 0.619925
6 2.0749
7 0.665808



# Sketch: 25
0 1.0817
1 0.794114
2 0.411376
3 0.297661
4 0.544535
5 0.321584
6 0.22096
7 0.509534



# Sketch: 26
0 0.943496
1 0.68913
2 0.655705
3 0.773457
4 0.281173
5 0.0639783
6 0.324602
7 0.350722



# Sketch: 27
0 0.706855
1 0.619795
2 0.634467
3 0.56978
4 0.676916
5 0.500777
6 0.573784
7 1.06646



# Sketch: 28
0 1.51677
1 1.13779
2 1.11651
3 0.978939
4 0.738977
5 0.69651
6 0.6905
7 0.536645



# Sketch: 29
0 0.285671
1 0.144087
2 0.107743
3 0.138449
4 0.218249
5 0.261565
6 0.198319
7 3.10884



# Sketch: 30
0 0.345287
1 0.332969
2 0.285867
3 0.304989
4 0.345534
5 0.387901
6 0.329423
7 0.425325



# Sketch: 31
0 0.973591
1 1.08311
2 0.717477
3 0.275921
4 0.0501545
5 0.256627
6 0.216462
7 0.288917

