

# Sketch: 0
1704602514 18
1704602578 19
1704602642 28
1704602706 47
1704602770 32
1704602834 17
1704602898 27
1704602962 37
1704603026 30
1704603090 11



# Sketch: 1
1704602514 20
1704602578 12
1704602642 28
1704602706 30
1704602770 38
1704602834 31
1704602898 19
1704602962 33
1704603026 20
1704603090 16



# Sketch: 2
1704602514 43
1704602578 25
1704602642 25
1704602706 39
1704602770 40
1704602834 49
1704602898 27
1704602962 29
1704603026 38
1704603090 12



# Sketch: 3
1704602514 18
1704602578 33
1704602642 24
1704602706 35
1704602770 26
1704602834 17
1704602898 28
1704602962 31
1704603026 30
1704603090 20



# Sketch: 4
1704602514 47
1704602578 28
1704602642 31
1704602706 37
1704602770 34
1704602834 29
1704602898 28
1704602962 24
1704603026 29
1704603090 5



# Sketch: 5
1704602514 29
1704602578 28
1704602642 14
1704602706 30
1704602770 26
1704602834 20
1704602898 25
1704602962 37
1704603026 25
1704603090 17



# Sketch: 6
1704602514 34
1704602578 28
1704602642 35
1704602706 30
1704602770 28
1704602834 17
1704602898 35
1704602962 36
1704603026 40
1704603090 6



# Sketch: 7
1704602514 40
1704602578 27
1704602642 33
1704602706 37
1704602770 37
1704602834 41
1704602898 32
1704602962 31
1704603026 40
1704603090 9



# Sketch: 8
1704602514 51
1704602578 34
1704602642 19
1704602706 28
1704602770 44
1704602834 37
1704602898 27
1704602962 31
1704603026 28
1704603090 9



# Sketch: 9
1704602514 29
1704602578 21
1704602642 53
1704602706 49
1704602770 30
1704602834 20
1704602898 27
1704602962 25
1704603026 29
1704603090 17



# Sketch: 10
1704602514 21
1704602578 9
1704602642 42
1704602706 34
1704602770 29
1704602834 38
1704602898 26
1704602962 40
1704603026 22
1704603090 11



# Sketch: 11
1704602514 22
1704602578 34
1704602642 32
1704602706 32
1704602770 22
1704602834 24
1704602898 22
1704602962 33
1704603026 40
1704603090 6



# Sketch: 12
1704602514 32
1704602578 38
1704602642 33
1704602706 32
1704602770 31
1704602834 36
1704602898 30
1704602962 32
1704603026 69
1704603090 20



# Sketch: 13
1704602514 45
1704602578 28
1704602642 46
1704602706 23
1704602770 26
1704602834 32
1704602898 27
1704602962 35
1704603026 33
1704603090 5



# Sketch: 14
1704602514 28
1704602578 24
1704602642 38
1704602706 23
1704602770 33
1704602834 29
1704602898 36
1704602962 44
1704603026 25
1704603090 20



# Sketch: 15
1704602514 43
1704602578 57
1704602642 48
1704602706 66
1704602770 84
1704602834 29
1704602898 36
1704602962 52
1704603026 32
1704603090 15



# Sketch: 16
1704602514 19
1704602578 22
1704602642 24
1704602706 28
1704602770 37
1704602834 25
1704602898 32
1704602962 34
1704603026 25
1704603090 8



# Sketch: 17
1704602514 25
1704602578 16
1704602642 32
1704602706 20
1704602770 20
1704602834 11
1704602898 10
1704602962 29
1704603026 43
1704603090 11



# Sketch: 18
1704602514 33
1704602578 34
1704602642 40
1704602706 27
1704602770 50
1704602834 29
1704602898 13
1704602962 37
1704603026 38
1704603090 34



# Sketch: 19
1704602514 43
1704602578 37
1704602642 31
1704602706 21
1704602770 33
1704602834 15
1704602898 50
1704602962 39
1704603026 29
1704603090 13



# Sketch: 20
1704602514 26
1704602578 21
1704602642 37
1704602706 25
1704602770 21
1704602834 26
1704602898 36
1704602962 36
1704603026 25
1704603090 12



# Sketch: 21
1704602514 24
1704602578 36
1704602642 28
1704602706 42
1704602770 31
1704602834 20
1704602898 47
1704602962 25
1704603026 25
1704603090 11



# Sketch: 22
1704602514 27
1704602578 43
1704602642 45
1704602706 45
1704602770 68
1704602834 23
1704602898 32
1704602962 35
1704603026 42
1704603090 14



# Sketch: 23
1704602514 48
1704602578 11
1704602642 31
1704602706 25
1704602770 19
1704602834 13
1704602898 27
1704602962 17
1704603026 26
1704603090 10



# Sketch: 24
1704602514 36
1704602578 36
1704602642 20
1704602706 29
1704602770 42
1704602834 22
1704602898 31
1704602962 31
1704603026 54
1704603090 18



# Sketch: 25
1704602514 18
1704602578 24
1704602642 18
1704602706 30
1704602770 33
1704602834 24
1704602898 19
1704602962 20
1704603026 28
1704603090 11



# Sketch: 26
1704602514 30
1704602578 27
1704602642 46
1704602706 27
1704602770 41
1704602834 31
1704602898 36
1704602962 35
1704603026 38
1704603090 9



# Sketch: 27
1704602514 29
1704602578 39
1704602642 56
1704602706 73
1704602770 54
1704602834 30
1704602898 73
1704602962 33
1704603026 38
1704603090 14



# Sketch: 28
1704602514 22
1704602578 12
1704602642 24
1704602706 28
1704602770 37
1704602834 14
1704602898 40
1704602962 25
1704603026 39
1704603090 11



# Sketch: 29
1704602514 21
1704602578 18
1704602642 20
1704602706 26
1704602770 51
1704602834 40
1704602898 32
1704602962 29
1704603026 19
1704603090 15



# Sketch: 30
1704602514 39
1704602578 27
1704602642 32
1704602706 33
1704602770 27
1704602834 39
1704602898 36
1704602962 34
1704603026 26
1704603090 7



# Sketch: 31
1704602514 27
1704602578 31
1704602642 33
1704602706 23
1704602770 28
1704602834 26
1704602898 26
1704602962 56
1704603026 28
1704603090 14

