

# Sketch: 0
0 0.372289
1 0.333769
2 0.321788
3 0.500984
4 0.574608
5 0.550488
6 0.422454
7 1.64212



# Sketch: 1
0 0.983948
1 0.527152
2 0.231088
3 0.395872
4 0.19459
5 0.676768
6 0.259043
7 0.260125



# Sketch: 2
0 1.83622
1 2.3026
2 2.15921
3 2.17179
4 1.61308
5 1.74352
6 0.871285
7 0.482913



# Sketch: 3
0 0.835081
1 0.820226
2 0.911486
3 0.817025
4 0.724283
5 0.689403
6 0.622467
7 0.350767



# Sketch: 4
0 1.06078
1 0.754716
2 0.716374
3 0.608451
4 0.506287
5 0.443649
6 0.450114
7 0.372329



# Sketch: 5
0 0.300168
1 0.264005
2 0.227659
3 0.240784
4 0.281105
5 0.345168
6 0.340076
7 0.419627



# Sketch: 6
0 1.22871
1 1.08005
2 0.837231
3 0.82506
4 0.473035
5 0.608175
6 0.93474
7 0.857322



# Sketch: 7
0 0.752106
1 0.600096
2 0.426663
3 0.391157
4 0.369536
5 0.511613
6 1.19179
7 0.929616



# Sketch: 8
0 0.532841
1 0.529696
2 0.370647
3 0.319142
4 1.16683
5 0.451276
6 0.358547
7 0.730495



# Sketch: 9
0 0.455651
1 0.418202
2 0.28075
3 0.29575
4 0.588939
5 0.403624
6 0.348666
7 0.767357



# Sketch: 10
0 0.425011
1 0.320829
2 0.211594
3 0.268179
4 0.398078
5 0.398454
6 0.41114
7 0.846735



# Sketch: 11
0 0.317757
1 0.771277
2 0.37828
3 0.394495
4 0.251077
5 0.284389
6 0.298359
7 0.724987



# Sketch: 12
0 0.783401
1 0.778095
2 0.538857
3 0.385035
4 0.649349
5 0.497265
6 0.404143
7 0.672334



# Sketch: 13
0 0.363216
1 0.276087
2 0.241417
3 0.354679
4 0.501992
5 0.389734
6 0.325212
7 0.830786



# Sketch: 14
0 1.64156
1 1.13905
2 1.44874
3 1.40121
4 1.74138
5 1.26036
6 1.0611
7 1.16494



# Sketch: 15
0 1.54459
1 1.33222
2 1.8424
3 1.95692
4 1.17414
5 1.64461
6 0.639654
7 0.572025



# Sketch: 16
0 0.120409
1 0.140894
2 0.306021
3 0.234842
4 0.18914
5 0.356689
6 0.322097
7 1.99928



# Sketch: 17
0 0.420166
1 0.461965
2 0.278444
3 0.2264
4 0.1509
5 0.281638
6 0.289395
7 0.723451



# Sketch: 18
0 0.860868
1 0.673489
2 0.190889
3 0.356633
4 0.389433
5 0.295492
6 0.266664
7 1.09826



# Sketch: 19
0 0.382289
1 0.300001
2 0.262068
3 0.979214
4 0.858855
5 0.442801
6 0.430171
7 0.520829



# Sketch: 20
0 0.73215
1 0.839437
2 0.971216
3 0.699395
4 0.444235
5 0.243243
6 0.266579
7 4.47055



# Sketch: 21
0 0.712279
1 0.535131
2 0.469344
3 0.44465
4 0.433167
5 0.509052
6 0.502684
7 1.08252



# Sketch: 22
0 0.683728
1 0.513759
2 0.174482
3 0.347349
4 0.158395
5 0.231973
6 0.696693
7 1.21331



# Sketch: 23
0 0.703579
1 0.669044
2 0.695422
3 0.632365
4 0.683268
5 0.55478
6 0.570979
7 0.825845



# Sketch: 24
0 0.199808
1 0.335013
2 0.22024
3 0.111965
4 0.21011
5 0.281449
6 0.264482
7 1.07028



# Sketch: 25
0 0.450498
1 0.337028
2 0.583893
3 0.267065
4 0.198641
5 0.407755
6 0.333404
7 0.83211



# Sketch: 26
0 0.352931
1 0.614767
2 0.497576
3 0.442305
4 0.312865
5 0.331208
6 0.238656
7 0.279705



# Sketch: 27
0 0.512958
1 0.234348
2 0.217311
3 0.376317
4 0.228892
5 0.324869
6 0.388911
7 0.829547



# Sketch: 28
0 0.393419
1 0.237263
2 0.16419
3 0.453918
4 0.469237
5 0.871747
6 0.647234
7 0.459683



# Sketch: 29
0 0.423597
1 0.15344
2 0.0600323
3 0.135777
4 0.408539
5 0.360902
6 0.256801
7 0.512316



# Sketch: 30
0 0.454243
1 0.269908
2 0.206146
3 0.20348
4 0.13679
5 0.259258
6 0.0807244
7 0.532328



# Sketch: 31
0 0.852897
1 0.73876
2 0.678999
3 0.383207
4 0.36522
5 0.698396
6 0.306211
7 0.70904

