

# Sketch: 0
1704602514 67
1704602642 68
1704602770 52
1704602898 79
1704603026 63



# Sketch: 1
1704602514 71
1704602642 56
1704602770 58
1704602898 53
1704603026 30



# Sketch: 2
1704602514 45
1704602642 68
1704602770 51
1704602898 32
1704603026 58



# Sketch: 3
1704602514 32
1704602642 54
1704602770 62
1704602898 66
1704603026 34



# Sketch: 4
1704602514 27
1704602642 74
1704602770 67
1704602898 83
1704603026 35



# Sketch: 5
1704602514 85
1704602642 113
1704602770 140
1704602898 106
1704603026 78



# Sketch: 6
1704602514 54
1704602642 57
1704602770 75
1704602898 78
1704603026 39



# Sketch: 7
1704602514 68
1704602642 53
1704602770 65
1704602898 60
1704603026 47



# Sketch: 8
1704602514 102
1704602642 95
1704602770 84
1704602898 83
1704603026 53



# Sketch: 9
1704602514 38
1704602642 49
1704602770 59
1704602898 53
1704603026 69



# Sketch: 10
1704602514 63
1704602642 71
1704602770 76
1704602898 84
1704603026 47



# Sketch: 11
1704602514 48
1704602642 64
1704602770 40
1704602898 61
1704603026 27



# Sketch: 12
1704602514 54
1704602642 66
1704602770 67
1704602898 53
1704603026 26



# Sketch: 13
1704602514 53
1704602642 47
1704602770 61
1704602898 59
1704603026 39



# Sketch: 14
1704602514 56
1704602642 51
1704602770 46
1704602898 52
1704603026 49



# Sketch: 15
1704602514 74
1704602642 57
1704602770 46
1704602898 52
1704603026 40



# Sketch: 16
1704602514 75
1704602642 67
1704602770 80
1704602898 69
1704603026 58



# Sketch: 17
1704602514 34
1704602642 38
1704602770 32
1704602898 60
1704603026 43



# Sketch: 18
1704602514 64
1704602642 58
1704602770 46
1704602898 51
1704603026 48



# Sketch: 19
1704602514 65
1704602642 107
1704602770 59
1704602898 105
1704603026 42



# Sketch: 20
1704602514 78
1704602642 105
1704602770 108
1704602898 80
1704603026 50



# Sketch: 21
1704602514 60
1704602642 71
1704602770 63
1704602898 67
1704603026 61



# Sketch: 22
1704602514 65
1704602642 43
1704602770 70
1704602898 74
1704603026 48



# Sketch: 23
1704602514 46
1704602642 82
1704602770 53
1704602898 88
1704603026 38



# Sketch: 24
1704602514 58
1704602642 62
1704602770 70
1704602898 49
1704603026 49



# Sketch: 25
1704602514 41
1704602642 64
1704602770 35
1704602898 36
1704603026 29



# Sketch: 26
1704602514 78
1704602642 68
1704602770 64
1704602898 59
1704603026 42



# Sketch: 27
1704602514 62
1704602642 62
1704602770 48
1704602898 63
1704603026 50



# Sketch: 28
1704602514 63
1704602642 96
1704602770 70
1704602898 56
1704603026 37



# Sketch: 29
1704602514 43
1704602642 52
1704602770 49
1704602898 37
1704603026 37



# Sketch: 30
1704602514 51
1704602642 61
1704602770 67
1704602898 40
1704603026 40



# Sketch: 31
1704602514 46
1704602642 41
1704602770 43
1704602898 69
1704603026 58

