

# Sketch: 0
1704602514 67
1704602642 93
1704602770 113
1704602898 57
1704603026 52



# Sketch: 1
1704602514 47
1704602642 53
1704602770 54
1704602898 63
1704603026 26



# Sketch: 2
1704602514 53
1704602642 41
1704602770 78
1704602898 87
1704603026 36



# Sketch: 3
1704602514 47
1704602642 34
1704602770 43
1704602898 43
1704603026 46



# Sketch: 4
1704602514 56
1704602642 43
1704602770 67
1704602898 64
1704603026 38



# Sketch: 5
1704602514 60
1704602642 64
1704602770 58
1704602898 48
1704603026 42



# Sketch: 6
1704602514 40
1704602642 58
1704602770 40
1704602898 43
1704603026 42



# Sketch: 7
1704602514 69
1704602642 61
1704602770 65
1704602898 78
1704603026 43



# Sketch: 8
1704602514 44
1704602642 75
1704602770 40
1704602898 55
1704603026 34



# Sketch: 9
1704602514 75
1704602642 49
1704602770 38
1704602898 42
1704603026 62



# Sketch: 10
1704602514 55
1704602642 75
1704602770 60
1704602898 66
1704603026 47



# Sketch: 11
1704602514 71
1704602642 56
1704602770 59
1704602898 69
1704603026 32



# Sketch: 12
1704602514 59
1704602642 78
1704602770 56
1704602898 105
1704603026 54



# Sketch: 13
1704602514 62
1704602642 65
1704602770 56
1704602898 61
1704603026 43



# Sketch: 14
1704602514 67
1704602642 91
1704602770 68
1704602898 50
1704603026 69



# Sketch: 15
1704602514 67
1704602642 56
1704602770 60
1704602898 61
1704603026 39



# Sketch: 16
1704602514 72
1704602642 46
1704602770 58
1704602898 69
1704603026 30



# Sketch: 17
1704602514 68
1704602642 75
1704602770 55
1704602898 63
1704603026 54



# Sketch: 18
1704602514 66
1704602642 82
1704602770 115
1704602898 51
1704603026 52



# Sketch: 19
1704602514 57
1704602642 88
1704602770 55
1704602898 69
1704603026 55



# Sketch: 20
1704602514 68
1704602642 65
1704602770 65
1704602898 78
1704603026 48



# Sketch: 21
1704602514 55
1704602642 81
1704602770 78
1704602898 68
1704603026 31



# Sketch: 22
1704602514 44
1704602642 75
1704602770 47
1704602898 55
1704603026 37



# Sketch: 23
1704602514 66
1704602642 74
1704602770 82
1704602898 41
1704603026 60



# Sketch: 24
1704602514 50
1704602642 51
1704602770 49
1704602898 45
1704603026 48



# Sketch: 25
1704602514 50
1704602642 81
1704602770 51
1704602898 114
1704603026 34



# Sketch: 26
1704602514 63
1704602642 61
1704602770 48
1704602898 85
1704603026 41



# Sketch: 27
1704602514 64
1704602642 107
1704602770 99
1704602898 76
1704603026 75



# Sketch: 28
1704602514 51
1704602642 68
1704602770 58
1704602898 76
1704603026 44



# Sketch: 29
1704602514 36
1704602642 45
1704602770 60
1704602898 55
1704603026 40



# Sketch: 30
1704602514 69
1704602642 78
1704602770 63
1704602898 56
1704603026 57



# Sketch: 31
1704602514 48
1704602642 51
1704602770 68
1704602898 64
1704603026 53

