

# Sketch: 0
1704603714 13
1704603730 11
1704603746 5
1704603762 3
1704603778 7
1704603794 16
1704603810 16
1704603826 15
1704603842 10
1704603858 6
1704603874 8
1704603890 5
1704603906 14
1704603922 8
1704603938 15
1704603954 8
1704603970 4
1704603986 16
1704604002 10
1704604018 6
1704604034 3
1704604050 10
1704604066 36
1704604082 12
1704604098 17
1704604114 7
1704604130 8
1704604146 9
1704604162 46
1704604178 6
1704604194 6
1704604210 8
1704604226 7
1704604242 9
1704604258 4
1704604274 2
1704604290 18
1704604306 3



# Sketch: 1
1704603714 9
1704603730 14
1704603746 8
1704603762 9
1704603778 14
1704603794 4
1704603810 4
1704603826 7
1704603842 6
1704603858 6
1704603874 3
1704603890 11
1704603906 10
1704603922 7
1704603938 11
1704603954 8
1704603970 4
1704603986 7
1704604002 6
1704604018 7
1704604034 11
1704604050 7
1704604066 4
1704604082 10
1704604098 5
1704604114 2
1704604130 7
1704604146 12
1704604162 2
1704604178 4
1704604194 15
1704604210 5
1704604226 6
1704604242 10
1704604258 6
1704604274 2
1704604290 1
1704604306 5



# Sketch: 2
1704603714 13
1704603730 1
1704603746 3
1704603762 10
1704603778 12
1704603794 12
1704603810 9
1704603826 7
1704603842 5
1704603858 6
1704603874 3
1704603890 10
1704603906 12
1704603922 7
1704603938 8
1704603954 3
1704603970 6
1704603986 7
1704604002 5
1704604018 18
1704604034 10
1704604050 10
1704604066 11
1704604082 5
1704604098 4
1704604114 11
1704604130 8
1704604146 50
1704604162 14
1704604178 5
1704604194 4
1704604210 16
1704604226 17
1704604242 10
1704604258 10
1704604274 7
1704604290 6
1704604306 4



# Sketch: 3
1704603714 26
1704603730 1
1704603746 15
1704603762 1
1704603778 9
1704603794 9
1704603810 21
1704603826 3
1704603842 3
1704603858 15
1704603874 4
1704603890 12
1704603906 2
1704603922 4
1704603938 10
1704603954 4
1704603970 1
1704603986 10
1704604002 19
1704604018 9
1704604034 15
1704604050 22
1704604066 1
1704604082 12
1704604098 7
1704604114 5
1704604130 4
1704604146 12
1704604162 12
1704604178 5
1704604194 3
1704604210 5
1704604226 6
1704604242 6
1704604258 5
1704604274 6
1704604290 9
1704604306 2



# Sketch: 4
1704603714 10
1704603730 11
1704603746 9
1704603762 7
1704603778 10
1704603794 4
1704603810 4
1704603826 3
1704603842 8
1704603858 2
1704603874 14
1704603890 23
1704603906 11
1704603922 8
1704603938 10
1704603954 6
1704603970 9
1704603986 7
1704604002 4
1704604018 7
1704604034 12
1704604050 16
1704604066 8
1704604082 7
1704604098 3
1704604114 10
1704604130 16
1704604146 10
1704604162 1
1704604178 4
1704604194 7
1704604210 6
1704604226 13
1704604242 10
1704604258 5
1704604274 4
1704604290 3
1704604306 3



# Sketch: 5
1704603714 10
1704603730 6
1704603746 7
1704603762 8
1704603778 9
1704603794 13
1704603810 7
1704603826 10
1704603842 6
1704603858 2
1704603874 8
1704603890 17
1704603906 7
1704603922 8
1704603938 2
1704603954 6
1704603970 11
1704603986 11
1704604002 5
1704604018 3
1704604034 3
1704604050 4
1704604066 7
1704604082 11
1704604098 15
1704604114 3
1704604130 11
1704604146 5
1704604162 6
1704604178 17
1704604194 14
1704604210 7
1704604226 6
1704604242 11
1704604258 4
1704604274 1
1704604290 3
1704604306 1



# Sketch: 6
1704603714 9
1704603730 6
1704603746 4
1704603762 8
1704603778 14
1704603794 15
1704603810 5
1704603826 6
1704603842 12
1704603858 7
1704603874 23
1704603890 4
1704603906 5
1704603922 11
1704603938 12
1704603954 8
1704603970 3
1704603986 3
1704604002 1
1704604018 3
1704604034 7
1704604050 3
1704604066 20
1704604082 18
1704604098 6
1704604114 8
1704604130 3
1704604146 4
1704604162 3
1704604178 5
1704604194 8
1704604210 3
1704604226 4
1704604242 6
1704604258 3
1704604274 1
1704604290 11
1704604306 5



# Sketch: 7
1704603714 16
1704603730 13
1704603746 11
1704603762 9
1704603778 12
1704603794 6
1704603810 8
1704603826 9
1704603842 9
1704603858 6
1704603874 10
1704603890 9
1704603906 14
1704603922 13
1704603938 12
1704603954 13
1704603970 10
1704603986 8
1704604002 4
1704604018 4
1704604034 6
1704604050 18
1704604066 8
1704604082 16
1704604098 8
1704604114 5
1704604130 11
1704604146 14
1704604162 5
1704604178 4
1704604194 9
1704604210 19
1704604226 6
1704604242 5
1704604258 12
1704604274 11
1704604290 8
1704604306 3



# Sketch: 8
1704603714 12
1704603730 6
1704603746 10
1704603762 9
1704603778 14
1704603794 35
1704603810 30
1704603826 8
1704603842 23
1704603858 22
1704603874 8
1704603890 7
1704603906 11
1704603922 11
1704603938 7
1704603954 13
1704603970 5
1704603986 10
1704604002 2
1704604018 12
1704604034 10
1704604050 20
1704604066 3
1704604082 8
1704604098 5
1704604114 4
1704604130 7
1704604146 4
1704604162 8
1704604178 5
1704604194 10
1704604210 6
1704604226 5
1704604242 10
1704604258 14
1704604274 6
1704604290 10
1704604306 5



# Sketch: 9
1704603714 15
1704603730 4
1704603746 14
1704603762 9
1704603778 19
1704603794 9
1704603810 7
1704603826 4
1704603842 5
1704603858 3
1704603874 7
1704603890 5
1704603906 4
1704603922 19
1704603938 5
1704603954 5
1704603970 5
1704603986 9
1704604002 5
1704604018 2
1704604034 17
1704604050 20
1704604066 5
1704604082 8
1704604098 16
1704604114 15
1704604130 0
1704604146 8
1704604162 10
1704604178 5
1704604194 9
1704604210 8
1704604226 6
1704604242 12
1704604258 15
1704604274 4
1704604290 5
1704604306 2



# Sketch: 10
1704603714 4
1704603730 7
1704603746 7
1704603762 3
1704603778 19
1704603794 12
1704603810 6
1704603826 7
1704603842 5
1704603858 2
1704603874 33
1704603890 7
1704603906 15
1704603922 21
1704603938 12
1704603954 6
1704603970 3
1704603986 4
1704604002 2
1704604018 12
1704604034 9
1704604050 12
1704604066 7
1704604082 16
1704604098 24
1704604114 6
1704604130 9
1704604146 10
1704604162 29
1704604178 11
1704604194 10
1704604210 2
1704604226 12
1704604242 2
1704604258 21
1704604274 13
1704604290 11
1704604306 2



# Sketch: 11
1704603714 15
1704603730 6
1704603746 12
1704603762 22
1704603778 5
1704603794 21
1704603810 21
1704603826 6
1704603842 13
1704603858 5
1704603874 6
1704603890 2
1704603906 6
1704603922 8
1704603938 31
1704603954 3
1704603970 5
1704603986 3
1704604002 5
1704604018 8
1704604034 4
1704604050 2
1704604066 8
1704604082 9
1704604098 10
1704604114 9
1704604130 3
1704604146 3
1704604162 2
1704604178 4
1704604194 9
1704604210 5
1704604226 12
1704604242 3
1704604258 14
1704604274 1
1704604290 9
1704604306 1



# Sketch: 12
1704603714 15
1704603730 10
1704603746 13
1704603762 3
1704603778 15
1704603794 9
1704603810 3
1704603826 14
1704603842 10
1704603858 5
1704603874 8
1704603890 4
1704603906 4
1704603922 9
1704603938 13
1704603954 7
1704603970 12
1704603986 3
1704604002 6
1704604018 5
1704604034 12
1704604050 7
1704604066 7
1704604082 10
1704604098 5
1704604114 14
1704604130 11
1704604146 7
1704604162 6
1704604178 4
1704604194 14
1704604210 16
1704604226 4
1704604242 8
1704604258 5
1704604274 10
1704604290 5
1704604306 2



# Sketch: 13
1704603714 15
1704603730 11
1704603746 9
1704603762 11
1704603778 14
1704603794 4
1704603810 19
1704603826 6
1704603842 7
1704603858 5
1704603874 16
1704603890 11
1704603906 10
1704603922 7
1704603938 12
1704603954 9
1704603970 14
1704603986 5
1704604002 3
1704604018 2
1704604034 7
1704604050 15
1704604066 19
1704604082 15
1704604098 8
1704604114 12
1704604130 19
1704604146 9
1704604162 6
1704604178 10
1704604194 14
1704604210 16
1704604226 14
1704604242 18
1704604258 20
1704604274 16
1704604290 11
1704604306 5



# Sketch: 14
1704603714 4
1704603730 14
1704603746 12
1704603762 8
1704603778 18
1704603794 13
1704603810 12
1704603826 4
1704603842 12
1704603858 4
1704603874 8
1704603890 7
1704603906 15
1704603922 16
1704603938 15
1704603954 26
1704603970 14
1704603986 9
1704604002 1
1704604018 12
1704604034 7
1704604050 16
1704604066 11
1704604082 10
1704604098 12
1704604114 4
1704604130 7
1704604146 14
1704604162 11
1704604178 4
1704604194 14
1704604210 11
1704604226 10
1704604242 7
1704604258 16
1704604274 8
1704604290 28
1704604306 5



# Sketch: 15
1704603714 8
1704603730 16
1704603746 8
1704603762 10
1704603778 10
1704603794 8
1704603810 8
1704603826 4
1704603842 6
1704603858 10
1704603874 20
1704603890 11
1704603906 2
1704603922 2
1704603938 13
1704603954 2
1704603970 11
1704603986 17
1704604002 5
1704604018 5
1704604034 23
1704604050 3
1704604066 11
1704604082 7
1704604098 6
1704604114 6
1704604130 4
1704604146 58
1704604162 9
1704604178 3
1704604194 9
1704604210 10
1704604226 5
1704604242 6
1704604258 11
1704604274 5
1704604290 6
1704604306 5



# Sketch: 16
1704603714 16
1704603730 14
1704603746 13
1704603762 5
1704603778 15
1704603794 17
1704603810 19
1704603826 5
1704603842 12
1704603858 9
1704603874 7
1704603890 8
1704603906 8
1704603922 6
1704603938 6
1704603954 4
1704603970 13
1704603986 14
1704604002 6
1704604018 2
1704604034 8
1704604050 7
1704604066 3
1704604082 7
1704604098 6
1704604114 8
1704604130 2
1704604146 1
1704604162 5
1704604178 7
1704604194 4
1704604210 14
1704604226 4
1704604242 3
1704604258 8
1704604274 8
1704604290 8
1704604306 2



# Sketch: 17
1704603714 12
1704603730 12
1704603746 7
1704603762 4
1704603778 4
1704603794 4
1704603810 3
1704603826 4
1704603842 7
1704603858 5
1704603874 21
1704603890 10
1704603906 2
1704603922 13
1704603938 14
1704603954 7
1704603970 9
1704603986 3
1704604002 2
1704604018 4
1704604034 6
1704604050 12
1704604066 2
1704604082 13
1704604098 15
1704604114 7
1704604130 1
1704604146 1
1704604162 5
1704604178 4
1704604194 3
1704604210 55
1704604226 8
1704604242 3
1704604258 17
1704604274 3
1704604290 9
1704604306 0



# Sketch: 18
1704603714 10
1704603730 9
1704603746 10
1704603762 5
1704603778 7
1704603794 6
1704603810 2
1704603826 6
1704603842 10
1704603858 2
1704603874 17
1704603890 7
1704603906 0
1704603922 11
1704603938 2
1704603954 6
1704603970 7
1704603986 2
1704604002 15
1704604018 3
1704604034 5
1704604050 15
1704604066 10
1704604082 5
1704604098 2
1704604114 6
1704604130 11
1704604146 4
1704604162 10
1704604178 9
1704604194 1
1704604210 6
1704604226 8
1704604242 10
1704604258 19
1704604274 1
1704604290 12
1704604306 11



# Sketch: 19
1704603714 17
1704603730 5
1704603746 4
1704603762 18
1704603778 9
1704603794 11
1704603810 8
1704603826 4
1704603842 3
1704603858 24
1704603874 7
1704603890 13
1704603906 10
1704603922 11
1704603938 9
1704603954 15
1704603970 11
1704603986 6
1704604002 3
1704604018 9
1704604034 28
1704604050 14
1704604066 10
1704604082 17
1704604098 2
1704604114 7
1704604130 9
1704604146 10
1704604162 41
1704604178 3
1704604194 13
1704604210 3
1704604226 9
1704604242 6
1704604258 4
1704604274 12
1704604290 3
1704604306 8



# Sketch: 20
1704603714 8
1704603730 20
1704603746 2
1704603762 3
1704603778 5
1704603794 5
1704603810 6
1704603826 1
1704603842 6
1704603858 9
1704603874 15
1704603890 6
1704603906 9
1704603922 4
1704603938 4
1704603954 6
1704603970 5
1704603986 8
1704604002 2
1704604018 1
1704604034 6
1704604050 9
1704604066 2
1704604082 8
1704604098 3
1704604114 10
1704604130 89
1704604146 34
1704604162 8
1704604178 11
1704604194 10
1704604210 1
1704604226 6
1704604242 3
1704604258 4
1704604274 8
1704604290 4
1704604306 4



# Sketch: 21
1704603714 13
1704603730 10
1704603746 11
1704603762 4
1704603778 10
1704603794 10
1704603810 1
1704603826 5
1704603842 17
1704603858 10
1704603874 13
1704603890 9
1704603906 4
1704603922 10
1704603938 10
1704603954 2
1704603970 11
1704603986 12
1704604002 4
1704604018 10
1704604034 5
1704604050 5
1704604066 10
1704604082 18
1704604098 12
1704604114 5
1704604130 10
1704604146 5
1704604162 9
1704604178 3
1704604194 21
1704604210 8
1704604226 12
1704604242 5
1704604258 3
1704604274 13
1704604290 2
1704604306 1



# Sketch: 22
1704603714 8
1704603730 2
1704603746 8
1704603762 11
1704603778 8
1704603794 9
1704603810 1
1704603826 5
1704603842 16
1704603858 7
1704603874 7
1704603890 4
1704603906 13
1704603922 5
1704603938 5
1704603954 17
1704603970 9
1704603986 5
1704604002 2
1704604018 5
1704604034 1
1704604050 10
1704604066 3
1704604082 4
1704604098 2
1704604114 10
1704604130 9
1704604146 11
1704604162 8
1704604178 2
1704604194 8
1704604210 2
1704604226 7
1704604242 9
1704604258 4
1704604274 2
1704604290 3
1704604306 3



# Sketch: 23
1704603714 7
1704603730 14
1704603746 9
1704603762 11
1704603778 14
1704603794 8
1704603810 5
1704603826 15
1704603842 6
1704603858 7
1704603874 2
1704603890 7
1704603906 8
1704603922 13
1704603938 7
1704603954 11
1704603970 3
1704603986 6
1704604002 4
1704604018 9
1704604034 4
1704604050 9
1704604066 4
1704604082 1
1704604098 10
1704604114 6
1704604130 7
1704604146 18
1704604162 6
1704604178 4
1704604194 9
1704604210 9
1704604226 10
1704604242 10
1704604258 4
1704604274 4
1704604290 9
1704604306 3



# Sketch: 24
1704603714 14
1704603730 4
1704603746 11
1704603762 15
1704603778 4
1704603794 5
1704603810 16
1704603826 6
1704603842 8
1704603858 9
1704603874 9
1704603890 10
1704603906 6
1704603922 7
1704603938 10
1704603954 14
1704603970 9
1704603986 16
1704604002 14
1704604018 17
1704604034 7
1704604050 2
1704604066 5
1704604082 5
1704604098 3
1704604114 5
1704604130 9
1704604146 5
1704604162 4
1704604178 8
1704604194 13
1704604210 11
1704604226 11
1704604242 10
1704604258 11
1704604274 7
1704604290 6
1704604306 8



# Sketch: 25
1704603714 33
1704603730 5
1704603746 10
1704603762 4
1704603778 8
1704603794 11
1704603810 1
1704603826 6
1704603842 7
1704603858 8
1704603874 5
1704603890 9
1704603906 11
1704603922 9
1704603938 7
1704603954 7
1704603970 4
1704603986 8
1704604002 7
1704604018 39
1704604034 16
1704604050 15
1704604066 9
1704604082 10
1704604098 13
1704604114 4
1704604130 16
1704604146 21
1704604162 45
1704604178 9
1704604194 10
1704604210 1
1704604226 3
1704604242 5
1704604258 6
1704604274 4
1704604290 1
1704604306 2



# Sketch: 26
1704603714 20
1704603730 12
1704603746 12
1704603762 10
1704603778 10
1704603794 15
1704603810 12
1704603826 12
1704603842 16
1704603858 19
1704603874 5
1704603890 5
1704603906 9
1704603922 15
1704603938 8
1704603954 21
1704603970 12
1704603986 8
1704604002 11
1704604018 7
1704604034 16
1704604050 10
1704604066 4
1704604082 16
1704604098 5
1704604114 9
1704604130 9
1704604146 9
1704604162 11
1704604178 8
1704604194 13
1704604210 12
1704604226 20
1704604242 6
1704604258 3
1704604274 6
1704604290 4
1704604306 2



# Sketch: 27
1704603714 6
1704603730 7
1704603746 10
1704603762 4
1704603778 1
1704603794 15
1704603810 4
1704603826 6
1704603842 8
1704603858 5
1704603874 17
1704603890 8
1704603906 8
1704603922 3
1704603938 9
1704603954 9
1704603970 8
1704603986 9
1704604002 9
1704604018 7
1704604034 6
1704604050 12
1704604066 9
1704604082 10
1704604098 8
1704604114 3
1704604130 10
1704604146 13
1704604162 6
1704604178 3
1704604194 4
1704604210 17
1704604226 5
1704604242 4
1704604258 10
1704604274 2
1704604290 9
1704604306 5



# Sketch: 28
1704603714 8
1704603730 9
1704603746 10
1704603762 14
1704603778 14
1704603794 9
1704603810 22
1704603826 7
1704603842 8
1704603858 8
1704603874 7
1704603890 7
1704603906 11
1704603922 4
1704603938 5
1704603954 5
1704603970 6
1704603986 8
1704604002 4
1704604018 12
1704604034 4
1704604050 17
1704604066 11
1704604082 5
1704604098 2
1704604114 9
1704604130 8
1704604146 8
1704604162 9
1704604178 3
1704604194 11
1704604210 3
1704604226 0
1704604242 7
1704604258 7
1704604274 5
1704604290 2
1704604306 3



# Sketch: 29
1704603714 13
1704603730 15
1704603746 12
1704603762 2
1704603778 2
1704603794 16
1704603810 5
1704603826 5
1704603842 7
1704603858 17
1704603874 7
1704603890 8
1704603906 13
1704603922 7
1704603938 7
1704603954 19
1704603970 13
1704603986 16
1704604002 9
1704604018 35
1704604034 15
1704604050 14
1704604066 12
1704604082 9
1704604098 15
1704604114 17
1704604130 12
1704604146 12
1704604162 9
1704604178 4
1704604194 7
1704604210 5
1704604226 11
1704604242 3
1704604258 3
1704604274 8
1704604290 8
1704604306 2



# Sketch: 30
1704603714 10
1704603730 8
1704603746 5
1704603762 3
1704603778 6
1704603794 2
1704603810 6
1704603826 11
1704603842 6
1704603858 7
1704603874 8
1704603890 10
1704603906 3
1704603922 7
1704603938 8
1704603954 6
1704603970 6
1704603986 12
1704604002 5
1704604018 1
1704604034 6
1704604050 11
1704604066 4
1704604082 2
1704604098 3
1704604114 8
1704604130 6
1704604146 6
1704604162 15
1704604178 4
1704604194 5
1704604210 7
1704604226 6
1704604242 1
1704604258 3
1704604274 3
1704604290 8
1704604306 1



# Sketch: 31
1704603714 9
1704603730 10
1704603746 7
1704603762 4
1704603778 13
1704603794 11
1704603810 13
1704603826 10
1704603842 9
1704603858 10
1704603874 5
1704603890 12
1704603906 10
1704603922 13
1704603938 46
1704603954 11
1704603970 8
1704603986 5
1704604002 3
1704604018 23
1704604034 18
1704604050 16
1704604066 11
1704604082 20
1704604098 11
1704604114 10
1704604130 12
1704604146 12
1704604162 17
1704604178 7
1704604194 22
1704604210 7
1704604226 6
1704604242 9
1704604258 18
1704604274 14
1704604290 18
1704604306 8

