

# Sketch: 0
1704603714 83
1704603842 64
1704603970 88
1704604098 167
1704604226 23



# Sketch: 1
1704603714 88
1704603842 86
1704603970 72
1704604098 79
1704604226 51



# Sketch: 2
1704603714 51
1704603842 54
1704603970 54
1704604098 65
1704604226 42



# Sketch: 3
1704603714 47
1704603842 59
1704603970 86
1704604098 61
1704604226 29



# Sketch: 4
1704603714 53
1704603842 69
1704603970 83
1704604098 54
1704604226 35



# Sketch: 5
1704603714 69
1704603842 58
1704603970 53
1704604098 103
1704604226 43



# Sketch: 6
1704603714 52
1704603842 72
1704603970 67
1704604098 91
1704604226 29



# Sketch: 7
1704603714 77
1704603842 65
1704603970 69
1704604098 44
1704604226 44



# Sketch: 8
1704603714 83
1704603842 88
1704603970 57
1704604098 58
1704604226 52



# Sketch: 9
1704603714 69
1704603842 57
1704603970 56
1704604098 71
1704604226 43



# Sketch: 10
1704603714 76
1704603842 74
1704603970 46
1704604098 80
1704604226 44



# Sketch: 11
1704603714 68
1704603842 81
1704603970 73
1704604098 61
1704604226 38



# Sketch: 12
1704603714 53
1704603842 52
1704603970 44
1704604098 54
1704604226 41



# Sketch: 13
1704603714 90
1704603842 64
1704603970 56
1704604098 117
1704604226 50



# Sketch: 14
1704603714 86
1704603842 116
1704603970 78
1704604098 118
1704604226 76



# Sketch: 15
1704603714 128
1704603842 59
1704603970 101
1704604098 111
1704604226 30



# Sketch: 16
1704603714 75
1704603842 65
1704603970 62
1704604098 54
1704604226 44



# Sketch: 17
1704603714 95
1704603842 84
1704603970 144
1704604098 72
1704604226 46



# Sketch: 18
1704603714 101
1704603842 63
1704603970 79
1704604098 92
1704604226 38



# Sketch: 19
1704603714 58
1704603842 87
1704603970 58
1704604098 64
1704604226 41



# Sketch: 20
1704603714 82
1704603842 71
1704603970 60
1704604098 65
1704604226 41



# Sketch: 21
1704603714 52
1704603842 67
1704603970 64
1704604098 56
1704604226 27



# Sketch: 22
1704603714 75
1704603842 135
1704603970 92
1704604098 80
1704604226 46



# Sketch: 23
1704603714 83
1704603842 80
1704603970 56
1704604098 55
1704604226 33



# Sketch: 24
1704603714 95
1704603842 72
1704603970 49
1704604098 100
1704604226 31



# Sketch: 25
1704603714 66
1704603842 76
1704603970 82
1704604098 65
1704604226 49



# Sketch: 26
1704603714 67
1704603842 60
1704603970 75
1704604098 57
1704604226 32



# Sketch: 27
1704603714 71
1704603842 43
1704603970 67
1704604098 56
1704604226 36



# Sketch: 28
1704603714 101
1704603842 103
1704603970 83
1704604098 90
1704604226 69



# Sketch: 29
1704603714 78
1704603842 78
1704603970 67
1704604098 54
1704604226 32



# Sketch: 30
1704603714 87
1704603842 107
1704603970 92
1704604098 75
1704604226 44



# Sketch: 31
1704603714 67
1704603842 44
1704603970 56
1704604098 62
1704604226 59

