

# Sketch: 0
1704604314 48
1704604442 128
1704604570 79
1704604698 69
1704604826 41



# Sketch: 1
1704604314 59
1704604442 111
1704604570 93
1704604698 44
1704604826 40



# Sketch: 2
1704604314 59
1704604442 111
1704604570 105
1704604698 68
1704604826 48



# Sketch: 3
1704604314 48
1704604442 102
1704604570 44
1704604698 77
1704604826 24



# Sketch: 4
1704604314 41
1704604442 75
1704604570 120
1704604698 57
1704604826 57



# Sketch: 5
1704604314 59
1704604442 86
1704604570 56
1704604698 76
1704604826 37



# Sketch: 6
1704604314 86
1704604442 77
1704604570 78
1704604698 81
1704604826 59



# Sketch: 7
1704604314 60
1704604442 45
1704604570 82
1704604698 94
1704604826 41



# Sketch: 8
1704604314 110
1704604442 82
1704604570 104
1704604698 85
1704604826 55



# Sketch: 9
1704604314 93
1704604442 132
1704604570 97
1704604698 74
1704604826 46



# Sketch: 10
1704604314 70
1704604442 66
1704604570 66
1704604698 54
1704604826 37



# Sketch: 11
1704604314 60
1704604442 69
1704604570 111
1704604698 70
1704604826 34



# Sketch: 12
1704604314 62
1704604442 53
1704604570 63
1704604698 59
1704604826 49



# Sketch: 13
1704604314 57
1704604442 79
1704604570 115
1704604698 68
1704604826 56



# Sketch: 14
1704604314 63
1704604442 91
1704604570 132
1704604698 88
1704604826 54



# Sketch: 15
1704604314 82
1704604442 80
1704604570 69
1704604698 86
1704604826 52



# Sketch: 16
1704604314 68
1704604442 57
1704604570 38
1704604698 48
1704604826 24



# Sketch: 17
1704604314 69
1704604442 61
1704604570 55
1704604698 71
1704604826 42



# Sketch: 18
1704604314 70
1704604442 84
1704604570 37
1704604698 62
1704604826 33



# Sketch: 19
1704604314 78
1704604442 69
1704604570 67
1704604698 50
1704604826 91



# Sketch: 20
1704604314 51
1704604442 67
1704604570 64
1704604698 75
1704604826 50



# Sketch: 21
1704604314 83
1704604442 79
1704604570 113
1704604698 98
1704604826 51



# Sketch: 22
1704604314 68
1704604442 66
1704604570 48
1704604698 70
1704604826 47



# Sketch: 23
1704604314 64
1704604442 59
1704604570 60
1704604698 53
1704604826 44



# Sketch: 24
1704604314 56
1704604442 63
1704604570 67
1704604698 56
1704604826 41



# Sketch: 25
1704604314 84
1704604442 103
1704604570 101
1704604698 142
1704604826 46



# Sketch: 26
1704604314 65
1704604442 63
1704604570 58
1704604698 54
1704604826 49



# Sketch: 27
1704604314 92
1704604442 107
1704604570 137
1704604698 90
1704604826 71



# Sketch: 28
1704604314 73
1704604442 63
1704604570 75
1704604698 63
1704604826 46



# Sketch: 29
1704604314 45
1704604442 59
1704604570 50
1704604698 52
1704604826 52



# Sketch: 30
1704604314 65
1704604442 58
1704604570 71
1704604698 55
1704604826 60



# Sketch: 31
1704604314 45
1704604442 76
1704604570 54
1704604698 55
1704604826 54

