

# Sketch: 0
1704604314 59
1704604442 104
1704604570 54
1704604698 74
1704604826 37



# Sketch: 1
1704604314 51
1704604442 36
1704604570 50
1704604698 35
1704604826 45



# Sketch: 2
1704604314 72
1704604442 90
1704604570 98
1704604698 86
1704604826 50



# Sketch: 3
1704604314 50
1704604442 140
1704604570 89
1704604698 65
1704604826 51



# Sketch: 4
1704604314 50
1704604442 85
1704604570 110
1704604698 75
1704604826 41



# Sketch: 5
1704604314 61
1704604442 52
1704604570 76
1704604698 84
1704604826 41



# Sketch: 6
1704604314 58
1704604442 82
1704604570 81
1704604698 65
1704604826 70



# Sketch: 7
1704604314 73
1704604442 58
1704604570 58
1704604698 64
1704604826 38



# Sketch: 8
1704604314 59
1704604442 70
1704604570 91
1704604698 79
1704604826 65



# Sketch: 9
1704604314 49
1704604442 50
1704604570 52
1704604698 67
1704604826 56



# Sketch: 10
1704604314 57
1704604442 78
1704604570 66
1704604698 75
1704604826 39



# Sketch: 11
1704604314 80
1704604442 57
1704604570 78
1704604698 81
1704604826 51



# Sketch: 12
1704604314 86
1704604442 67
1704604570 66
1704604698 63
1704604826 60



# Sketch: 13
1704604314 67
1704604442 67
1704604570 57
1704604698 55
1704604826 32



# Sketch: 14
1704604314 57
1704604442 67
1704604570 101
1704604698 52
1704604826 38



# Sketch: 15
1704604314 29
1704604442 70
1704604570 47
1704604698 59
1704604826 26



# Sketch: 16
1704604314 84
1704604442 51
1704604570 95
1704604698 64
1704604826 69



# Sketch: 17
1704604314 57
1704604442 79
1704604570 66
1704604698 67
1704604826 39



# Sketch: 18
1704604314 57
1704604442 72
1704604570 57
1704604698 68
1704604826 67



# Sketch: 19
1704604314 113
1704604442 93
1704604570 77
1704604698 74
1704604826 43



# Sketch: 20
1704604314 99
1704604442 96
1704604570 77
1704604698 73
1704604826 41



# Sketch: 21
1704604314 87
1704604442 120
1704604570 102
1704604698 119
1704604826 34



# Sketch: 22
1704604314 71
1704604442 73
1704604570 74
1704604698 92
1704604826 40



# Sketch: 23
1704604314 68
1704604442 76
1704604570 61
1704604698 60
1704604826 37



# Sketch: 24
1704604314 67
1704604442 78
1704604570 115
1704604698 67
1704604826 33



# Sketch: 25
1704604314 73
1704604442 144
1704604570 126
1704604698 74
1704604826 90



# Sketch: 26
1704604314 65
1704604442 126
1704604570 122
1704604698 63
1704604826 46



# Sketch: 27
1704604314 71
1704604442 61
1704604570 85
1704604698 60
1704604826 64



# Sketch: 28
1704604314 61
1704604442 85
1704604570 65
1704604698 63
1704604826 48



# Sketch: 29
1704604314 44
1704604442 66
1704604570 45
1704604698 47
1704604826 60



# Sketch: 30
1704604314 77
1704604442 56
1704604570 58
1704604698 52
1704604826 40



# Sketch: 31
1704604314 81
1704604442 72
1704604570 110
1704604698 122
1704604826 40

