

# Sketch: 0
0 0.321444
1 0.317876
2 0.468432
3 0.452993
4 0.466681
5 0.469666
6 0.465917
7 0.400051



# Sketch: 1
0 0.694566
1 0.710718
2 0.656681
3 0.834081
4 0.970302
5 0.203045
6 0.62511
7 0.508925



# Sketch: 2
0 0.623564
1 0.739586
2 0.543489
3 0.502644
4 0.443162
5 0.29004
6 1.62947
7 0.764633



# Sketch: 3
0 0.704864
1 0.591321
2 0.608475
3 0.43328
4 0.101133
5 0.560314
6 0.191772
7 0.177325



# Sketch: 4
0 0.114775
1 0.260948
2 0.346903
3 0.288804
4 0.269674
5 0.170657
6 0.305221
7 0.494294



# Sketch: 5
0 0.125929
1 0.17944
2 0.201751
3 0.278711
4 0.369632
5 0.394778
6 0.392605
7 0.497386



# Sketch: 6
0 0.399879
1 0.495304
2 0.656843
3 0.369786
4 0.3027
5 0.351366
6 0.298495
7 0.417614



# Sketch: 7
0 0.669807
1 0.723212
2 0.645869
3 0.625772
4 0.548474
5 0.577571
6 0.577735
7 0.464184



# Sketch: 8
0 0.606377
1 0.509701
2 0.483304
3 0.539147
4 0.332731
5 0.387498
6 0.413384
7 0.550174



# Sketch: 9
0 0.619547
1 0.72447
2 0.771589
3 0.670033
4 1.16964
5 1.23577
6 1.11392
7 0.581177



# Sketch: 10
0 0.560989
1 0.642352
2 0.684088
3 0.973131
4 0.329203
5 0.264119
6 0.281893
7 0.427992



# Sketch: 11
0 0.120157
1 0.226664
2 0.149944
3 0.214177
4 0.406552
5 0.41236
6 0.254288
7 0.510144



# Sketch: 12
0 0.274229
1 0.395438
2 0.547585
3 0.593699
4 0.642432
5 0.885348
6 1.41574
7 0.406123



# Sketch: 13
0 3.39643
1 2.76696
2 1.61515
3 0.922003
4 0.457337
5 0.507596
6 0.663166
7 0.380788



# Sketch: 14
0 0.964638
1 0.728178
2 0.628771
3 0.636805
4 0.647933
5 0.640552
6 0.58835
7 0.575846



# Sketch: 15
0 0.44956
1 0.913345
2 1.37911
3 2.04219
4 1.5531
5 1.93261
6 1.68157
7 2.66904



# Sketch: 16
0 0.658166
1 0.614981
2 0.497805
3 0.410947
4 0.347385
5 0.367421
6 0.521594
7 0.646636



# Sketch: 17
0 0.555721
1 0.440925
2 0.39551
3 0.335867
4 0.33486
5 0.702127
6 0.369149
7 0.48853



# Sketch: 18
0 0.300377
1 0.623283
2 0.473554
3 0.416932
4 0.411128
5 0.51514
6 0.373725
7 0.587136



# Sketch: 19
0 0.843215
1 0.616472
2 0.551874
3 0.41545
4 0.473555
5 0.463042
6 0.529768
7 0.918148



# Sketch: 20
0 0.686075
1 0.63383
2 0.657741
3 0.435815
4 0.395462
5 0.424977
6 0.5029
7 0.609947



# Sketch: 21
0 0.482372
1 0.478214
2 0.44518
3 0.438691
4 0.306605
5 0.340742
6 0.460528
7 0.45875



# Sketch: 22
0 0.296795
1 0.328444
2 0.324488
3 0.453161
4 0.496509
5 0.536105
6 0.42445
7 0.479225



# Sketch: 23
0 0.370495
1 0.354957
2 0.663327
3 0.71379
4 1.03559
5 0.738705
6 0.859644
7 1.98498



# Sketch: 24
0 1.8693
1 1.45667
2 1.11841
3 0.737362
4 0.473047
5 0.599227
6 0.840555
7 0.319855



# Sketch: 25
0 0.842719
1 0.768823
2 0.818443
3 0.61158
4 0.627037
5 0.495462
6 0.364929
7 0.373876



# Sketch: 26
0 0.262301
1 0.293696
2 0.298117
3 0.354304
4 0.405009
5 0.314539
6 0.43926
7 0.394941



# Sketch: 27
0 0.320016
1 0.299259
2 0.396685
3 0.585445
4 0.404034
5 0.354995
6 0.480322
7 0.855925



# Sketch: 28
0 0.808898
1 0.792822
2 0.602848
3 0.458391
4 0.389205
5 0.697789
6 0.570978
7 0.640214



# Sketch: 29
0 1.21181
1 1.0694
2 0.533741
3 0.52585
4 0.202921
5 0.499231
6 0.128066
7 0.505951



# Sketch: 30
0 0.685338
1 0.551917
2 0.565837
3 0.609015
4 0.472201
5 0.495433
6 0.428243
7 3.72083



# Sketch: 31
0 1.87986
1 1.92803
2 1.47737
3 1.1195
4 0.354847
5 0.736587
6 0.421896
7 0.733395

