

# Sketch: 0
0 0.547374
1 0.498404
2 0.480585
3 0.412659
4 0.385353
5 0.62334
6 0.504828
7 0.612516



# Sketch: 1
0 0.424494
1 0.423768
2 0.378369
3 0.442018
4 0.479299
5 0.482116
6 0.397097
7 0.321127



# Sketch: 2
0 0.332132
1 0.225008
2 0.206609
3 0.224446
4 0.250181
5 0.33491
6 0.648591
7 0.291958



# Sketch: 3
0 0.484448
1 0.438272
2 0.405732
3 0.464657
4 0.455724
5 0.351619
6 0.369341
7 0.343192



# Sketch: 4
0 0.651372
1 0.457013
2 0.836473
3 0.802015
4 0.591848
5 0.330868
6 0.366042
7 0.308079



# Sketch: 5
0 0.732163
1 0.675773
2 0.594689
3 0.644604
4 0.613891
5 0.624739
6 0.493831
7 0.649969



# Sketch: 6
0 0.52706
1 0.42411
2 0.434744
3 0.634185
4 0.545376
5 0.472741
6 0.405529
7 0.47082



# Sketch: 7
0 0.602922
1 0.458461
2 0.326422
3 0.800301
4 1.90672
5 1.58784
6 0.738366
7 0.58796



# Sketch: 8
0 0.712794
1 0.889018
2 0.636989
3 0.459805
4 0.236067
5 0.385349
6 0.245221
7 0.584399



# Sketch: 9
0 0.849622
1 0.642455
2 0.38543
3 0.1669
4 0.189944
5 0.241273
6 0.256543
7 0.297736



# Sketch: 10
0 0.460057
1 0.514592
2 0.428594
3 0.366094
4 0.36057
5 0.419426
6 0.624954
7 0.484226



# Sketch: 11
0 0.78669
1 0.788154
2 0.723798
3 0.609278
4 0.478133
5 0.5682
6 0.588291
7 0.598152



# Sketch: 12
0 0.104678
1 0.197475
2 0.121083
3 0.222969
4 0.179554
5 0.74479
6 2.82519
7 0.549937



# Sketch: 13
0 0.12309
1 0.0960739
2 0.175646
3 0.166511
4 0.329883
5 0.314294
6 0.312265
7 0.539739



# Sketch: 14
0 0.369903
1 0.426549
2 0.337141
3 0.337359
4 0.37584
5 0.406145
6 0.396606
7 0.596115



# Sketch: 15
0 1.7114
1 1.28067
2 1.07011
3 0.739657
4 0.223777
5 1.21679
6 0.583959
7 0.852196



# Sketch: 16
0 0.58279
1 0.53578
2 0.469645
3 0.491753
4 0.603196
5 0.547022
6 0.641809
7 0.434704



# Sketch: 17
0 0.633285
1 0.615607
2 0.608823
3 0.606039
4 0.682244
5 0.778416
6 0.597947
7 0.456559



# Sketch: 18
0 0.350219
1 0.360573
2 0.455259
3 0.451948
4 0.424545
5 0.412362
6 0.374586
7 4.94929



# Sketch: 19
0 0.0852462
1 0.149791
2 0.110127
3 0.113544
4 0.164681
5 0.194336
6 0.228973
7 0.54494



# Sketch: 20
0 0.521793
1 0.633939
2 0.883159
3 1.0627
4 0.741426
5 0.781704
6 1.57828
7 2.62772



# Sketch: 21
0 0.398004
1 0.421979
2 0.291707
3 0.309011
4 0.296865
5 0.375186
6 0.427733
7 0.333713



# Sketch: 22
0 0.551382
1 0.643227
2 0.836436
3 1.17735
4 0.954237
5 0.568115
6 0.87891
7 0.604673



# Sketch: 23
0 1.02592
1 0.924183
2 0.826958
3 0.720817
4 0.706715
5 0.538008
6 0.690296
7 0.54545



# Sketch: 24
0 1.20289
1 1.50821
2 1.64546
3 1.19062
4 0.980921
5 0.224728
6 0.464743
7 0.608513



# Sketch: 25
0 0.286788
1 0.351017
2 0.279983
3 0.318701
4 0.599442
5 0.420869
6 0.372014
7 0.46748



# Sketch: 26
0 1.19775
1 1.23277
2 1.08045
3 0.892177
4 0.830372
5 0.782467
6 0.0535688
7 0.454892



# Sketch: 27
0 0.943816
1 0.877437
2 0.671691
3 0.452433
4 0.454282
5 0.261708
6 0.10432
7 0.284219



# Sketch: 28
0 2.51355
1 2.21439
2 1.80183
3 1.25262
4 0.968513
5 1.09501
6 1.15794
7 0.361021



# Sketch: 29
0 0.794981
1 0.795488
2 0.716057
3 0.610445
4 0.623258
5 0.611535
6 0.575395
7 0.464253



# Sketch: 30
0 0.724606
1 1.24268
2 1.79757
3 1.94485
4 2.63516
5 2.10414
6 2.00509
7 3.76888



# Sketch: 31
0 0.772597
1 0.459277
2 0.336709
3 0.466542
4 0.455858
5 0.370414
6 0.266795
7 0.31123

