

# Sketch: 0
0 0.59645
1 0.586066
2 0.808672
3 0.609077
4 0.536451
5 0.521284
6 0.502687
7 0.697188



# Sketch: 1
0 0.586205
1 0.574358
2 0.516202
3 0.445264
4 0.454465
5 0.535343
6 0.461435
7 0.550567



# Sketch: 2
0 0.360682
1 0.469744
2 0.639742
3 0.752083
4 1.03232
5 0.848325
6 1.35701
7 1.97284



# Sketch: 3
0 0.642536
1 0.821615
2 0.663824
3 0.142983
4 0.092036
5 0.205651
6 0.582758
7 0.225059



# Sketch: 4
0 1.33693
1 0.894553
2 0.712578
3 0.496361
4 0.265762
5 0.708773
6 0.369678
7 1.34442



# Sketch: 5
0 0.904514
1 0.62821
2 0.611282
3 0.595217
4 0.462684
5 0.448842
6 0.405036
7 0.910153



# Sketch: 6
0 0.253185
1 0.177401
2 0.115164
3 0.277071
4 0.0236338
5 0.665253
6 0.362197
7 0.571474



# Sketch: 7
0 0.435732
1 0.426942
2 0.387521
3 0.372436
4 0.345663
5 0.44806
6 0.408384
7 0.63421



# Sketch: 8
0 0.703163
1 0.852159
2 0.659789
3 0.451392
4 0.401725
5 0.432114
6 0.277855
7 0.8548



# Sketch: 9
0 0.37095
1 0.37706
2 0.196653
3 0.219739
4 0.12429
5 0.22353
6 0.716256
7 0.248609



# Sketch: 10
0 0.194249
1 0.321839
2 0.249889
3 0.309139
4 0.389043
5 0.361017
6 0.333484
7 0.371765



# Sketch: 11
0 0.407015
1 0.549744
2 0.601115
3 0.506524
4 0.534326
5 0.56453
6 0.756034
7 2.84368



# Sketch: 12
0 2.48974
1 2.39527
2 2.15586
3 2.08272
4 1.7372
5 1.12181
6 0.534897
7 0.246358



# Sketch: 13
0 0.295414
1 0.261652
2 0.215832
3 0.328109
4 0.402722
5 0.483349
6 0.684382
7 0.559453



# Sketch: 14
0 1.11654
1 0.753759
2 0.665429
3 0.277701
4 0.398133
5 0.346689
6 0.372778
7 0.929539



# Sketch: 15
0 0.951906
1 1.01952
2 0.733977
3 0.590508
4 0.557065
5 1.29322
6 1.12313
7 1.02757



# Sketch: 16
0 0.776625
1 0.734543
2 0.615515
3 0.493454
4 0.602103
5 0.585949
6 0.633069
7 0.555903



# Sketch: 17
0 0.278599
1 0.30874
2 0.197991
3 0.447299
4 0.573204
5 0.548179
6 0.18052
7 0.306942



# Sketch: 18
0 0.304962
1 0.12952
2 0.168859
3 0.411231
4 0.789278
5 0.855277
6 0.686214
7 0.775246



# Sketch: 19
0 0.265842
1 0.507091
2 0.340594
3 0.764855
4 0.263565
5 0.186379
6 0.237599
7 0.241224



# Sketch: 20
0 0.604041
1 0.609539
2 0.509382
3 0.535015
4 0.428288
5 0.548602
6 1.07357
7 0.943166



# Sketch: 21
0 0.74233
1 0.73252
2 0.688244
3 0.689095
4 0.517976
5 0.590491
6 0.598024
7 0.596541



# Sketch: 22
0 1.16929
1 1.22627
2 1.22757
3 0.878533
4 1.07812
5 0.694765
6 0.207182
7 0.233213



# Sketch: 23
0 0.494812
1 0.537436
2 0.409416
3 0.353624
4 0.277896
5 0.360971
6 0.383793
7 0.417965



# Sketch: 24
0 0.593112
1 0.581523
2 0.527951
3 0.45538
4 0.555666
5 0.546725
6 0.565698
7 0.73384



# Sketch: 25
0 2.59569
1 2.39343
2 1.93603
3 1.64803
4 1.65165
5 2.14362
6 1.65472
7 0.539925



# Sketch: 26
0 0.294537
1 0.221234
2 0.332014
3 0.435332
4 0.344232
5 0.341898
6 0.338696
7 0.278



# Sketch: 27
0 0.79759
1 0.751601
2 0.640808
3 0.62394
4 0.508167
5 0.608095
6 0.709857
7 0.732534



# Sketch: 28
0 0.939442
1 0.888239
2 0.93914
3 0.849828
4 0.739448
5 0.513411
6 0.586741
7 0.664083



# Sketch: 29
0 0.31371
1 0.247029
2 0.285908
3 0.371098
4 0.368996
5 0.333674
6 0.300742
7 0.719956



# Sketch: 30
0 0.473336
1 0.535803
2 0.400838
3 0.375346
4 0.363718
5 0.672649
6 0.495645
7 4.62798



# Sketch: 31
0 0.735148
1 0.695346
2 0.599065
3 0.476589
4 0.489375
5 0.656473
6 0.645144
7 0.562043

