

# Sketch: 0
1704604914 51
1704604978 36
1704605042 23
1704605106 39
1704605170 36
1704605234 48
1704605298 29
1704605362 27
1704605426 59
1704605490 11



# Sketch: 1
1704604914 37
1704604978 30
1704605042 26
1704605106 29
1704605170 17
1704605234 33
1704605298 29
1704605362 37
1704605426 29
1704605490 13



# Sketch: 2
1704604914 44
1704604978 28
1704605042 53
1704605106 35
1704605170 38
1704605234 25
1704605298 31
1704605362 17
1704605426 22
1704605490 11



# Sketch: 3
1704604914 61
1704604978 17
1704605042 28
1704605106 33
1704605170 18
1704605234 41
1704605298 15
1704605362 21
1704605426 30
1704605490 5



# Sketch: 4
1704604914 46
1704604978 53
1704605042 41
1704605106 33
1704605170 38
1704605234 30
1704605298 39
1704605362 27
1704605426 40
1704605490 10



# Sketch: 5
1704604914 32
1704604978 106
1704605042 26
1704605106 42
1704605170 24
1704605234 27
1704605298 35
1704605362 21
1704605426 38
1704605490 8



# Sketch: 6
1704604914 44
1704604978 52
1704605042 57
1704605106 24
1704605170 38
1704605234 25
1704605298 34
1704605362 26
1704605426 27
1704605490 6



# Sketch: 7
1704604914 41
1704604978 22
1704605042 27
1704605106 28
1704605170 33
1704605234 24
1704605298 31
1704605362 28
1704605426 34
1704605490 5



# Sketch: 8
1704604914 30
1704604978 29
1704605042 15
1704605106 40
1704605170 31
1704605234 17
1704605298 22
1704605362 13
1704605426 35
1704605490 19



# Sketch: 9
1704604914 34
1704604978 25
1704605042 39
1704605106 21
1704605170 27
1704605234 19
1704605298 25
1704605362 32
1704605426 23
1704605490 6



# Sketch: 10
1704604914 62
1704604978 68
1704605042 36
1704605106 25
1704605170 45
1704605234 39
1704605298 30
1704605362 29
1704605426 29
1704605490 9



# Sketch: 11
1704604914 38
1704604978 22
1704605042 32
1704605106 19
1704605170 22
1704605234 28
1704605298 33
1704605362 46
1704605426 35
1704605490 0



# Sketch: 12
1704604914 49
1704604978 34
1704605042 23
1704605106 56
1704605170 29
1704605234 40
1704605298 40
1704605362 43
1704605426 61
1704605490 22



# Sketch: 13
1704604914 36
1704604978 25
1704605042 20
1704605106 19
1704605170 39
1704605234 30
1704605298 26
1704605362 20
1704605426 32
1704605490 21



# Sketch: 14
1704604914 46
1704604978 23
1704605042 39
1704605106 39
1704605170 48
1704605234 28
1704605298 42
1704605362 44
1704605426 42
1704605490 17



# Sketch: 15
1704604914 37
1704604978 33
1704605042 27
1704605106 38
1704605170 40
1704605234 31
1704605298 31
1704605362 24
1704605426 46
1704605490 7



# Sketch: 16
1704604914 47
1704604978 21
1704605042 36
1704605106 21
1704605170 36
1704605234 45
1704605298 45
1704605362 26
1704605426 47
1704605490 8



# Sketch: 17
1704604914 37
1704604978 22
1704605042 22
1704605106 31
1704605170 40
1704605234 28
1704605298 31
1704605362 42
1704605426 31
1704605490 5



# Sketch: 18
1704604914 42
1704604978 60
1704605042 46
1704605106 39
1704605170 27
1704605234 27
1704605298 37
1704605362 25
1704605426 45
1704605490 13



# Sketch: 19
1704604914 45
1704604978 31
1704605042 62
1704605106 41
1704605170 39
1704605234 42
1704605298 38
1704605362 28
1704605426 39
1704605490 7



# Sketch: 20
1704604914 36
1704604978 28
1704605042 37
1704605106 41
1704605170 42
1704605234 43
1704605298 54
1704605362 36
1704605426 46
1704605490 9



# Sketch: 21
1704604914 69
1704604978 20
1704605042 32
1704605106 42
1704605170 34
1704605234 35
1704605298 42
1704605362 20
1704605426 36
1704605490 16



# Sketch: 22
1704604914 35
1704604978 19
1704605042 36
1704605106 40
1704605170 31
1704605234 41
1704605298 31
1704605362 32
1704605426 43
1704605490 10



# Sketch: 23
1704604914 31
1704604978 36
1704605042 30
1704605106 28
1704605170 30
1704605234 25
1704605298 50
1704605362 57
1704605426 20
1704605490 20



# Sketch: 24
1704604914 34
1704604978 28
1704605042 31
1704605106 28
1704605170 33
1704605234 19
1704605298 30
1704605362 23
1704605426 23
1704605490 9



# Sketch: 25
1704604914 28
1704604978 47
1704605042 45
1704605106 36
1704605170 26
1704605234 15
1704605298 53
1704605362 14
1704605426 38
1704605490 9



# Sketch: 26
1704604914 47
1704604978 24
1704605042 44
1704605106 19
1704605170 19
1704605234 28
1704605298 34
1704605362 35
1704605426 55
1704605490 5



# Sketch: 27
1704604914 38
1704604978 63
1704605042 34
1704605106 38
1704605170 32
1704605234 72
1704605298 36
1704605362 32
1704605426 38
1704605490 24



# Sketch: 28
1704604914 88
1704604978 32
1704605042 35
1704605106 27
1704605170 27
1704605234 31
1704605298 10
1704605362 38
1704605426 28
1704605490 10



# Sketch: 29
1704604914 26
1704604978 74
1704605042 26
1704605106 43
1704605170 34
1704605234 13
1704605298 22
1704605362 13
1704605426 27
1704605490 8



# Sketch: 30
1704604914 53
1704604978 34
1704605042 39
1704605106 34
1704605170 38
1704605234 43
1704605298 43
1704605362 39
1704605426 43
1704605490 4



# Sketch: 31
1704604914 37
1704604978 29
1704605042 42
1704605106 47
1704605170 33
1704605234 29
1704605298 30
1704605362 33
1704605426 32
1704605490 14

