

# Sketch: 0
1704604914 15
1704604946 11
1704604978 8
1704605010 17
1704605042 16
1704605074 10
1704605106 12
1704605138 7
1704605170 20
1704605202 12
1704605234 28
1704605266 10
1704605298 12
1704605330 15
1704605362 11
1704605394 19
1704605426 18
1704605458 18
1704605490 5



# Sketch: 1
1704604914 20
1704604946 13
1704604978 9
1704605010 15
1704605042 9
1704605074 13
1704605106 25
1704605138 3
1704605170 16
1704605202 13
1704605234 18
1704605266 25
1704605298 21
1704605330 9
1704605362 10
1704605394 12
1704605426 10
1704605458 16
1704605490 9



# Sketch: 2
1704604914 20
1704604946 20
1704604978 29
1704605010 45
1704605042 18
1704605074 7
1704605106 20
1704605138 16
1704605170 6
1704605202 20
1704605234 17
1704605266 3
1704605298 13
1704605330 14
1704605362 8
1704605394 9
1704605426 29
1704605458 16
1704605490 5



# Sketch: 3
1704604914 46
1704604946 9
1704604978 22
1704605010 33
1704605042 28
1704605074 15
1704605106 25
1704605138 11
1704605170 19
1704605202 16
1704605234 8
1704605266 22
1704605298 17
1704605330 19
1704605362 14
1704605394 24
1704605426 14
1704605458 27
1704605490 16



# Sketch: 4
1704604914 43
1704604946 15
1704604978 24
1704605010 38
1704605042 41
1704605074 11
1704605106 33
1704605138 21
1704605170 13
1704605202 27
1704605234 16
1704605266 19
1704605298 20
1704605330 5
1704605362 33
1704605394 19
1704605426 22
1704605458 12
1704605490 8



# Sketch: 5
1704604914 14
1704604946 12
1704604978 13
1704605010 10
1704605042 24
1704605074 14
1704605106 17
1704605138 8
1704605170 16
1704605202 13
1704605234 6
1704605266 15
1704605298 11
1704605330 31
1704605362 9
1704605394 16
1704605426 30
1704605458 13
1704605490 15



# Sketch: 6
1704604914 24
1704604946 10
1704604978 20
1704605010 15
1704605042 16
1704605074 20
1704605106 15
1704605138 27
1704605170 32
1704605202 14
1704605234 24
1704605266 20
1704605298 24
1704605330 21
1704605362 26
1704605394 23
1704605426 9
1704605458 14
1704605490 12



# Sketch: 7
1704604914 29
1704604946 14
1704604978 20
1704605010 11
1704605042 16
1704605074 15
1704605106 13
1704605138 15
1704605170 7
1704605202 15
1704605234 16
1704605266 4
1704605298 27
1704605330 11
1704605362 12
1704605394 12
1704605426 23
1704605458 13
1704605490 12



# Sketch: 8
1704604914 30
1704604946 30
1704604978 29
1704605010 9
1704605042 16
1704605074 11
1704605106 9
1704605138 10
1704605170 19
1704605202 19
1704605234 8
1704605266 35
1704605298 15
1704605330 8
1704605362 6
1704605394 12
1704605426 19
1704605458 14
1704605490 27



# Sketch: 9
1704604914 29
1704604946 23
1704604978 21
1704605010 16
1704605042 13
1704605074 28
1704605106 36
1704605138 7
1704605170 21
1704605202 10
1704605234 15
1704605266 18
1704605298 14
1704605330 22
1704605362 20
1704605394 20
1704605426 11
1704605458 15
1704605490 15



# Sketch: 10
1704604914 20
1704604946 16
1704604978 9
1704605010 8
1704605042 28
1704605074 22
1704605106 18
1704605138 23
1704605170 25
1704605202 19
1704605234 10
1704605266 14
1704605298 18
1704605330 16
1704605362 10
1704605394 8
1704605426 19
1704605458 25
1704605490 12



# Sketch: 11
1704604914 22
1704604946 36
1704604978 37
1704605010 20
1704605042 21
1704605074 24
1704605106 27
1704605138 15
1704605170 6
1704605202 8
1704605234 26
1704605266 14
1704605298 7
1704605330 10
1704605362 6
1704605394 13
1704605426 14
1704605458 7
1704605490 19



# Sketch: 12
1704604914 9
1704604946 27
1704604978 49
1704605010 15
1704605042 26
1704605074 26
1704605106 11
1704605138 18
1704605170 5
1704605202 13
1704605234 39
1704605266 10
1704605298 22
1704605330 10
1704605362 11
1704605394 10
1704605426 17
1704605458 28
1704605490 12



# Sketch: 13
1704604914 23
1704604946 10
1704604978 8
1704605010 17
1704605042 40
1704605074 28
1704605106 8
1704605138 10
1704605170 21
1704605202 15
1704605234 14
1704605266 17
1704605298 8
1704605330 18
1704605362 16
1704605394 15
1704605426 33
1704605458 11
1704605490 6



# Sketch: 14
1704604914 41
1704604946 18
1704604978 39
1704605010 32
1704605042 21
1704605074 12
1704605106 35
1704605138 16
1704605170 15
1704605202 14
1704605234 26
1704605266 18
1704605298 7
1704605330 20
1704605362 26
1704605394 21
1704605426 11
1704605458 33
1704605490 13



# Sketch: 15
1704604914 33
1704604946 16
1704604978 16
1704605010 25
1704605042 29
1704605074 11
1704605106 14
1704605138 6
1704605170 20
1704605202 13
1704605234 7
1704605266 11
1704605298 48
1704605330 22
1704605362 6
1704605394 17
1704605426 5
1704605458 26
1704605490 4



# Sketch: 16
1704604914 17
1704604946 19
1704604978 7
1704605010 11
1704605042 15
1704605074 12
1704605106 17
1704605138 17
1704605170 12
1704605202 15
1704605234 4
1704605266 20
1704605298 10
1704605330 8
1704605362 15
1704605394 13
1704605426 9
1704605458 12
1704605490 6



# Sketch: 17
1704604914 49
1704604946 7
1704604978 26
1704605010 20
1704605042 23
1704605074 17
1704605106 12
1704605138 19
1704605170 15
1704605202 20
1704605234 6
1704605266 21
1704605298 17
1704605330 15
1704605362 19
1704605394 11
1704605426 28
1704605458 12
1704605490 7



# Sketch: 18
1704604914 23
1704604946 11
1704604978 7
1704605010 18
1704605042 15
1704605074 11
1704605106 20
1704605138 21
1704605170 17
1704605202 15
1704605234 28
1704605266 11
1704605298 21
1704605330 20
1704605362 23
1704605394 15
1704605426 21
1704605458 19
1704605490 12



# Sketch: 19
1704604914 24
1704604946 32
1704604978 19
1704605010 8
1704605042 14
1704605074 14
1704605106 14
1704605138 21
1704605170 37
1704605202 13
1704605234 12
1704605266 21
1704605298 34
1704605330 12
1704605362 22
1704605394 24
1704605426 22
1704605458 18
1704605490 4



# Sketch: 20
1704604914 11
1704604946 20
1704604978 19
1704605010 5
1704605042 15
1704605074 8
1704605106 20
1704605138 7
1704605170 21
1704605202 10
1704605234 14
1704605266 16
1704605298 11
1704605330 15
1704605362 11
1704605394 18
1704605426 17
1704605458 16
1704605490 9



# Sketch: 21
1704604914 21
1704604946 10
1704604978 17
1704605010 17
1704605042 6
1704605074 13
1704605106 9
1704605138 22
1704605170 12
1704605202 13
1704605234 12
1704605266 14
1704605298 18
1704605330 17
1704605362 4
1704605394 11
1704605426 7
1704605458 16
1704605490 7



# Sketch: 22
1704604914 32
1704604946 26
1704604978 20
1704605010 34
1704605042 23
1704605074 13
1704605106 24
1704605138 17
1704605170 14
1704605202 12
1704605234 26
1704605266 24
1704605298 28
1704605330 15
1704605362 27
1704605394 28
1704605426 28
1704605458 26
1704605490 8



# Sketch: 23
1704604914 29
1704604946 17
1704604978 20
1704605010 14
1704605042 15
1704605074 24
1704605106 21
1704605138 11
1704605170 11
1704605202 6
1704605234 14
1704605266 3
1704605298 20
1704605330 16
1704605362 20
1704605394 19
1704605426 16
1704605458 22
1704605490 7



# Sketch: 24
1704604914 18
1704604946 19
1704604978 10
1704605010 11
1704605042 8
1704605074 8
1704605106 11
1704605138 10
1704605170 18
1704605202 22
1704605234 13
1704605266 13
1704605298 17
1704605330 6
1704605362 7
1704605394 26
1704605426 19
1704605458 25
1704605490 6



# Sketch: 25
1704604914 28
1704604946 32
1704604978 47
1704605010 23
1704605042 38
1704605074 18
1704605106 30
1704605138 37
1704605170 37
1704605202 24
1704605234 28
1704605266 19
1704605298 25
1704605330 20
1704605362 28
1704605394 28
1704605426 30
1704605458 34
1704605490 23



# Sketch: 26
1704604914 31
1704604946 8
1704604978 10
1704605010 10
1704605042 28
1704605074 20
1704605106 19
1704605138 19
1704605170 17
1704605202 14
1704605234 16
1704605266 30
1704605298 21
1704605330 10
1704605362 2
1704605394 6
1704605426 13
1704605458 23
1704605490 18



# Sketch: 27
1704604914 22
1704604946 14
1704604978 12
1704605010 13
1704605042 9
1704605074 16
1704605106 14
1704605138 16
1704605170 6
1704605202 16
1704605234 11
1704605266 11
1704605298 13
1704605330 7
1704605362 6
1704605394 9
1704605426 19
1704605458 17
1704605490 5



# Sketch: 28
1704604914 28
1704604946 18
1704604978 11
1704605010 9
1704605042 9
1704605074 15
1704605106 7
1704605138 19
1704605170 20
1704605202 13
1704605234 9
1704605266 8
1704605298 35
1704605330 20
1704605362 2
1704605394 10
1704605426 8
1704605458 20
1704605490 11



# Sketch: 29
1704604914 35
1704604946 11
1704604978 11
1704605010 9
1704605042 19
1704605074 6
1704605106 17
1704605138 16
1704605170 24
1704605202 16
1704605234 24
1704605266 14
1704605298 25
1704605330 18
1704605362 12
1704605394 9
1704605426 26
1704605458 7
1704605490 14



# Sketch: 30
1704604914 17
1704604946 17
1704604978 16
1704605010 11
1704605042 7
1704605074 17
1704605106 19
1704605138 13
1704605170 11
1704605202 27
1704605234 12
1704605266 9
1704605298 15
1704605330 16
1704605362 10
1704605394 17
1704605426 21
1704605458 20
1704605490 11



# Sketch: 31
1704604914 22
1704604946 15
1704604978 20
1704605010 7
1704605042 12
1704605074 12
1704605106 13
1704605138 12
1704605170 7
1704605202 27
1704605234 14
1704605266 11
1704605298 8
1704605330 10
1704605362 8
1704605394 14
1704605426 19
1704605458 11
1704605490 3

