

# Sketch: 0
1704605514 60
1704605642 58
1704605770 68
1704605898 58
1704606026 29



# Sketch: 1
1704605514 60
1704605642 42
1704605770 46
1704605898 96
1704606026 34



# Sketch: 2
1704605514 98
1704605642 51
1704605770 67
1704605898 57
1704606026 37



# Sketch: 3
1704605514 55
1704605642 38
1704605770 57
1704605898 78
1704606026 17



# Sketch: 4
1704605514 77
1704605642 46
1704605770 92
1704605898 72
1704606026 30



# Sketch: 5
1704605514 70
1704605642 52
1704605770 52
1704605898 58
1704606026 31



# Sketch: 6
1704605514 82
1704605642 68
1704605770 92
1704605898 45
1704606026 32



# Sketch: 7
1704605514 71
1704605642 80
1704605770 72
1704605898 65
1704606026 47



# Sketch: 8
1704605514 61
1704605642 79
1704605770 80
1704605898 59
1704606026 40



# Sketch: 9
1704605514 91
1704605642 55
1704605770 57
1704605898 87
1704606026 45



# Sketch: 10
1704605514 89
1704605642 66
1704605770 60
1704605898 60
1704606026 46



# Sketch: 11
1704605514 75
1704605642 60
1704605770 61
1704605898 55
1704606026 56



# Sketch: 12
1704605514 103
1704605642 73
1704605770 58
1704605898 58
1704606026 45



# Sketch: 13
1704605514 87
1704605642 58
1704605770 71
1704605898 89
1704606026 58



# Sketch: 14
1704605514 118
1704605642 70
1704605770 66
1704605898 57
1704606026 32



# Sketch: 15
1704605514 68
1704605642 106
1704605770 59
1704605898 77
1704606026 70



# Sketch: 16
1704605514 114
1704605642 63
1704605770 76
1704605898 96
1704606026 34



# Sketch: 17
1704605514 47
1704605642 80
1704605770 70
1704605898 146
1704606026 44



# Sketch: 18
1704605514 62
1704605642 55
1704605770 66
1704605898 66
1704606026 18



# Sketch: 19
1704605514 68
1704605642 56
1704605770 61
1704605898 91
1704606026 33



# Sketch: 20
1704605514 63
1704605642 59
1704605770 68
1704605898 68
1704606026 25



# Sketch: 21
1704605514 81
1704605642 48
1704605770 57
1704605898 73
1704606026 43



# Sketch: 22
1704605514 79
1704605642 32
1704605770 76
1704605898 75
1704606026 37



# Sketch: 23
1704605514 85
1704605642 63
1704605770 69
1704605898 78
1704606026 41



# Sketch: 24
1704605514 61
1704605642 67
1704605770 73
1704605898 69
1704606026 44



# Sketch: 25
1704605514 63
1704605642 36
1704605770 86
1704605898 66
1704606026 62



# Sketch: 26
1704605514 70
1704605642 55
1704605770 42
1704605898 63
1704606026 33



# Sketch: 27
1704605514 47
1704605642 43
1704605770 79
1704605898 60
1704606026 35



# Sketch: 28
1704605514 54
1704605642 50
1704605770 68
1704605898 56
1704606026 39



# Sketch: 29
1704605514 43
1704605642 61
1704605770 127
1704605898 63
1704606026 31



# Sketch: 30
1704605514 93
1704605642 76
1704605770 80
1704605898 90
1704606026 76



# Sketch: 31
1704605514 71
1704605642 61
1704605770 58
1704605898 74
1704606026 37

