

# Sketch: 0
1704605514 11
1704605546 13
1704605578 15
1704605610 22
1704605642 9
1704605674 16
1704605706 13
1704605738 19
1704605770 18
1704605802 28
1704605834 10
1704605866 9
1704605898 13
1704605930 14
1704605962 22
1704605994 14
1704606026 16
1704606058 10
1704606090 7



# Sketch: 1
1704605514 17
1704605546 9
1704605578 19
1704605610 34
1704605642 18
1704605674 9
1704605706 10
1704605738 21
1704605770 27
1704605802 15
1704605834 22
1704605866 17
1704605898 11
1704605930 16
1704605962 21
1704605994 18
1704606026 6
1704606058 22
1704606090 17



# Sketch: 2
1704605514 17
1704605546 21
1704605578 14
1704605610 21
1704605642 21
1704605674 14
1704605706 12
1704605738 11
1704605770 7
1704605802 9
1704605834 17
1704605866 18
1704605898 22
1704605930 20
1704605962 11
1704605994 20
1704606026 12
1704606058 18
1704606090 6



# Sketch: 3
1704605514 18
1704605546 21
1704605578 22
1704605610 13
1704605642 23
1704605674 18
1704605706 13
1704605738 16
1704605770 33
1704605802 26
1704605834 17
1704605866 27
1704605898 23
1704605930 12
1704605962 15
1704605994 12
1704606026 9
1704606058 12
1704606090 7



# Sketch: 4
1704605514 28
1704605546 24
1704605578 34
1704605610 32
1704605642 15
1704605674 20
1704605706 28
1704605738 29
1704605770 19
1704605802 21
1704605834 28
1704605866 28
1704605898 15
1704605930 27
1704605962 22
1704605994 23
1704606026 14
1704606058 28
1704606090 17



# Sketch: 5
1704605514 10
1704605546 14
1704605578 13
1704605610 19
1704605642 18
1704605674 11
1704605706 15
1704605738 32
1704605770 6
1704605802 9
1704605834 10
1704605866 16
1704605898 3
1704605930 15
1704605962 21
1704605994 15
1704606026 7
1704606058 7
1704606090 5



# Sketch: 6
1704605514 27
1704605546 13
1704605578 17
1704605610 18
1704605642 16
1704605674 19
1704605706 15
1704605738 10
1704605770 27
1704605802 11
1704605834 17
1704605866 26
1704605898 8
1704605930 23
1704605962 9
1704605994 17
1704606026 11
1704606058 11
1704606090 5



# Sketch: 7
1704605514 14
1704605546 19
1704605578 19
1704605610 15
1704605642 18
1704605674 18
1704605706 17
1704605738 11
1704605770 17
1704605802 21
1704605834 23
1704605866 26
1704605898 19
1704605930 17
1704605962 20
1704605994 17
1704606026 13
1704606058 10
1704606090 11



# Sketch: 8
1704605514 26
1704605546 12
1704605578 18
1704605610 15
1704605642 15
1704605674 8
1704605706 15
1704605738 22
1704605770 28
1704605802 8
1704605834 11
1704605866 16
1704605898 16
1704605930 15
1704605962 25
1704605994 16
1704606026 20
1704606058 17
1704606090 16



# Sketch: 9
1704605514 26
1704605546 25
1704605578 16
1704605610 12
1704605642 11
1704605674 24
1704605706 34
1704605738 20
1704605770 5
1704605802 9
1704605834 5
1704605866 25
1704605898 14
1704605930 11
1704605962 21
1704605994 18
1704606026 8
1704606058 6
1704606090 8



# Sketch: 10
1704605514 25
1704605546 15
1704605578 18
1704605610 22
1704605642 24
1704605674 15
1704605706 16
1704605738 11
1704605770 23
1704605802 16
1704605834 30
1704605866 21
1704605898 15
1704605930 18
1704605962 35
1704605994 16
1704606026 7
1704606058 10
1704606090 18



# Sketch: 11
1704605514 26
1704605546 12
1704605578 7
1704605610 14
1704605642 15
1704605674 13
1704605706 7
1704605738 12
1704605770 5
1704605802 18
1704605834 18
1704605866 14
1704605898 10
1704605930 20
1704605962 18
1704605994 16
1704606026 7
1704606058 16
1704606090 20



# Sketch: 12
1704605514 33
1704605546 6
1704605578 10
1704605610 10
1704605642 8
1704605674 9
1704605706 8
1704605738 7
1704605770 16
1704605802 13
1704605834 11
1704605866 29
1704605898 10
1704605930 12
1704605962 17
1704605994 17
1704606026 10
1704606058 14
1704606090 7



# Sketch: 13
1704605514 27
1704605546 10
1704605578 14
1704605610 15
1704605642 16
1704605674 11
1704605706 12
1704605738 5
1704605770 9
1704605802 13
1704605834 11
1704605866 22
1704605898 4
1704605930 19
1704605962 13
1704605994 17
1704606026 28
1704606058 17
1704606090 12



# Sketch: 14
1704605514 16
1704605546 10
1704605578 23
1704605610 13
1704605642 10
1704605674 12
1704605706 25
1704605738 5
1704605770 18
1704605802 9
1704605834 15
1704605866 18
1704605898 14
1704605930 16
1704605962 24
1704605994 21
1704606026 4
1704606058 13
1704606090 7



# Sketch: 15
1704605514 49
1704605546 12
1704605578 12
1704605610 21
1704605642 25
1704605674 16
1704605706 19
1704605738 7
1704605770 6
1704605802 2
1704605834 15
1704605866 9
1704605898 13
1704605930 9
1704605962 15
1704605994 15
1704606026 12
1704606058 7
1704606090 13



# Sketch: 16
1704605514 23
1704605546 36
1704605578 16
1704605610 29
1704605642 22
1704605674 21
1704605706 24
1704605738 22
1704605770 17
1704605802 13
1704605834 15
1704605866 21
1704605898 18
1704605930 21
1704605962 29
1704605994 33
1704606026 14
1704606058 32
1704606090 9



# Sketch: 17
1704605514 18
1704605546 15
1704605578 10
1704605610 10
1704605642 18
1704605674 12
1704605706 11
1704605738 19
1704605770 10
1704605802 20
1704605834 9
1704605866 15
1704605898 15
1704605930 33
1704605962 15
1704605994 9
1704606026 7
1704606058 12
1704606090 8



# Sketch: 18
1704605514 7
1704605546 10
1704605578 12
1704605610 30
1704605642 10
1704605674 18
1704605706 6
1704605738 10
1704605770 15
1704605802 10
1704605834 21
1704605866 13
1704605898 7
1704605930 55
1704605962 12
1704605994 15
1704606026 9
1704606058 30
1704606090 4



# Sketch: 19
1704605514 11
1704605546 14
1704605578 24
1704605610 9
1704605642 5
1704605674 9
1704605706 15
1704605738 11
1704605770 16
1704605802 21
1704605834 24
1704605866 11
1704605898 11
1704605930 13
1704605962 15
1704605994 19
1704606026 8
1704606058 18
1704606090 13



# Sketch: 20
1704605514 28
1704605546 27
1704605578 20
1704605610 30
1704605642 27
1704605674 11
1704605706 20
1704605738 11
1704605770 19
1704605802 20
1704605834 17
1704605866 17
1704605898 7
1704605930 27
1704605962 21
1704605994 19
1704606026 13
1704606058 22
1704606090 17



# Sketch: 21
1704605514 23
1704605546 11
1704605578 16
1704605610 31
1704605642 16
1704605674 19
1704605706 7
1704605738 19
1704605770 18
1704605802 8
1704605834 9
1704605866 23
1704605898 23
1704605930 16
1704605962 15
1704605994 58
1704606026 17
1704606058 10
1704606090 19



# Sketch: 22
1704605514 23
1704605546 4
1704605578 11
1704605610 12
1704605642 13
1704605674 13
1704605706 26
1704605738 6
1704605770 9
1704605802 11
1704605834 21
1704605866 11
1704605898 10
1704605930 17
1704605962 16
1704605994 16
1704606026 16
1704606058 11
1704606090 8



# Sketch: 23
1704605514 40
1704605546 10
1704605578 9
1704605610 9
1704605642 15
1704605674 8
1704605706 23
1704605738 6
1704605770 36
1704605802 22
1704605834 4
1704605866 18
1704605898 15
1704605930 9
1704605962 13
1704605994 28
1704606026 7
1704606058 13
1704606090 14



# Sketch: 24
1704605514 25
1704605546 22
1704605578 18
1704605610 19
1704605642 13
1704605674 16
1704605706 15
1704605738 8
1704605770 9
1704605802 12
1704605834 51
1704605866 16
1704605898 10
1704605930 11
1704605962 12
1704605994 8
1704606026 7
1704606058 13
1704606090 13



# Sketch: 25
1704605514 24
1704605546 10
1704605578 25
1704605610 27
1704605642 14
1704605674 17
1704605706 22
1704605738 28
1704605770 18
1704605802 21
1704605834 31
1704605866 16
1704605898 15
1704605930 23
1704605962 29
1704605994 21
1704606026 12
1704606058 20
1704606090 14



# Sketch: 26
1704605514 34
1704605546 5
1704605578 11
1704605610 14
1704605642 13
1704605674 6
1704605706 3
1704605738 9
1704605770 14
1704605802 12
1704605834 10
1704605866 12
1704605898 24
1704605930 21
1704605962 9
1704605994 15
1704606026 20
1704606058 19
1704606090 12



# Sketch: 27
1704605514 58
1704605546 17
1704605578 16
1704605610 5
1704605642 10
1704605674 12
1704605706 20
1704605738 23
1704605770 21
1704605802 7
1704605834 16
1704605866 25
1704605898 8
1704605930 16
1704605962 12
1704605994 13
1704606026 10
1704606058 32
1704606090 8



# Sketch: 28
1704605514 19
1704605546 12
1704605578 18
1704605610 6
1704605642 7
1704605674 16
1704605706 16
1704605738 7
1704605770 13
1704605802 18
1704605834 15
1704605866 22
1704605898 14
1704605930 72
1704605962 23
1704605994 29
1704606026 18
1704606058 16
1704606090 10



# Sketch: 29
1704605514 18
1704605546 25
1704605578 15
1704605610 29
1704605642 14
1704605674 8
1704605706 13
1704605738 12
1704605770 15
1704605802 9
1704605834 11
1704605866 27
1704605898 13
1704605930 34
1704605962 24
1704605994 11
1704606026 11
1704606058 39
1704606090 16



# Sketch: 30
1704605514 14
1704605546 8
1704605578 15
1704605610 17
1704605642 13
1704605674 14
1704605706 9
1704605738 12
1704605770 47
1704605802 14
1704605834 12
1704605866 10
1704605898 8
1704605930 21
1704605962 7
1704605994 10
1704606026 12
1704606058 31
1704606090 12



# Sketch: 31
1704605514 27
1704605546 26
1704605578 17
1704605610 19
1704605642 22
1704605674 14
1704605706 19
1704605738 17
1704605770 20
1704605802 32
1704605834 13
1704605866 58
1704605898 31
1704605930 35
1704605962 13
1704605994 28
1704606026 3
1704606058 10
1704606090 14

