

# Sketch: 0
0 0.448073
1 0.427831
2 0.359508
3 0.484901
4 0.243369
5 0.30838
6 0.337242
7 0.443869



# Sketch: 1
0 0.557111
1 0.462492
2 0.679028
3 0.57775
4 0.561725
5 0.611849
6 0.570664
7 0.398864



# Sketch: 2
0 0.36649
1 0.516386
2 0.580413
3 0.273557
4 0.421987
5 0.474014
6 0.417464
7 0.458103



# Sketch: 3
0 0.597391
1 0.634184
2 0.627688
3 0.676638
4 0.72468
5 0.544611
6 0.390939
7 0.492207



# Sketch: 4
0 0.363575
1 0.315432
2 0.418665
3 0.296025
4 0.263797
5 0.336518
6 0.58209
7 0.475852



# Sketch: 5
0 0.28848
1 0.260808
2 0.223456
3 0.284783
4 0.411698
5 1.70765
6 0.350928
7 0.451229



# Sketch: 6
0 0.610599
1 0.510955
2 0.652235
3 0.712115
4 0.492855
5 0.695808
6 0.576752
7 0.544041



# Sketch: 7
0 0.286614
1 0.266993
2 0.325113
3 0.362379
4 0.510558
5 0.342567
6 0.426594
7 0.437664



# Sketch: 8
0 0.255572
1 0.256738
2 0.216526
3 0.231424
4 0.244315
5 0.48364
6 0.336376
7 1.00387



# Sketch: 9
0 0.674939
1 0.674731
2 0.628887
3 0.47539
4 0.401359
5 0.44742
6 1.28088
7 0.513038



# Sketch: 10
0 0.0409137
1 0.138816
2 0.0556901
3 0.19371
4 0.29069
5 0.153353
6 0.161531
7 0.25213



# Sketch: 11
0 0.309927
1 0.271313
2 0.261728
3 0.321834
4 0.275377
5 0.411534
6 0.47109
7 0.451307



# Sketch: 12
0 0.588011
1 0.43346
2 0.598311
3 0.843178
4 0.680256
5 0.241578
6 0.385939
7 0.223587



# Sketch: 13
0 0.888154
1 0.444546
2 0.49765
3 0.613061
4 0.110087
5 0.153274
6 0.349131
7 1.91694



# Sketch: 14
0 0.937395
1 0.674853
2 0.568009
3 0.604071
4 0.553294
5 0.637933
6 0.935133
7 0.633418



# Sketch: 15
0 0.177572
1 0.215594
2 0.352278
3 0.318023
4 0.548284
5 0.646159
6 0.652621
7 1.3331



# Sketch: 16
0 0.745662
1 0.48183
2 0.322353
3 0.0972577
4 0.335328
5 1.10775
6 0.548929
7 1.27372



# Sketch: 17
0 0.36687
1 0.328682
2 0.438967
3 0.344831
4 0.314043
5 0.475138
6 0.539756
7 0.483638



# Sketch: 18
0 2.01343
1 1.42255
2 1.1275
3 1.0885
4 1.00046
5 0.98901
6 1.00275
7 1.93019



# Sketch: 19
0 0.353143
1 0.366844
2 0.38576
3 0.422069
4 0.328224
5 0.19884
6 0.23636
7 0.300481



# Sketch: 20
0 0.838397
1 0.924587
2 0.979779
3 0.904302
4 0.928119
5 0.824551
6 0.527833
7 0.467727



# Sketch: 21
0 0.662922
1 0.738568
2 0.751481
3 0.969017
4 1.11648
5 0.474658
6 0.226939
7 0.501979



# Sketch: 22
0 0.640116
1 0.438253
2 0.38491
3 0.408257
4 0.426364
5 0.509885
6 0.585413
7 0.571692



# Sketch: 23
0 0.235745
1 0.169718
2 0.166645
3 0.298582
4 0.236599
5 0.299769
6 0.327541
7 0.428562



# Sketch: 24
0 0.574778
1 0.507248
2 0.341197
3 0.402324
4 0.493924
5 0.320328
6 0.380054
7 0.482051



# Sketch: 25
0 1.47814
1 1.89505
2 2.41426
3 2.39532
4 2.60353
5 2.76983
6 1.4704
7 0.820091



# Sketch: 26
0 0.324723
1 0.370215
2 0.671721
3 0.700354
4 0.165273
5 0.212706
6 0.275004
7 0.338724



# Sketch: 27
0 0.267391
1 0.246326
2 0.456596
3 0.894006
4 1.13264
5 0.997394
6 1.03135
7 0.444522



# Sketch: 28
0 0.713818
1 0.660264
2 0.831458
3 0.73705
4 0.469696
5 0.469284
6 0.510832
7 0.528728



# Sketch: 29
0 0.438859
1 0.387709
2 0.388716
3 0.251405
4 0.354907
5 0.276442
6 0.369317
7 0.419417



# Sketch: 30
0 0.452013
1 0.514829
2 0.366775
3 0.342875
4 0.482624
5 0.380357
6 0.495551
7 0.500143



# Sketch: 31
0 1.20571
1 1.24413
2 0.865383
3 0.910895
4 1.43772
5 1.08415
6 0.319287
7 0.600429

