

# Sketch: 0
1704605514 41
1704605578 28
1704605642 19
1704605706 25
1704605770 38
1704605834 76
1704605898 34
1704605962 23
1704606026 26
1704606090 26



# Sketch: 1
1704605514 36
1704605578 21
1704605642 26
1704605706 34
1704605770 66
1704605834 27
1704605898 36
1704605962 24
1704606026 17
1704606090 1



# Sketch: 2
1704605514 23
1704605578 54
1704605642 24
1704605706 37
1704605770 19
1704605834 44
1704605898 41
1704605962 55
1704606026 27
1704606090 19



# Sketch: 3
1704605514 60
1704605578 40
1704605642 41
1704605706 13
1704605770 39
1704605834 23
1704605898 23
1704605962 29
1704606026 27
1704606090 11



# Sketch: 4
1704605514 44
1704605578 42
1704605642 21
1704605706 32
1704605770 50
1704605834 30
1704605898 26
1704605962 27
1704606026 29
1704606090 16



# Sketch: 5
1704605514 35
1704605578 33
1704605642 20
1704605706 24
1704605770 21
1704605834 29
1704605898 35
1704605962 45
1704606026 27
1704606090 8



# Sketch: 6
1704605514 36
1704605578 35
1704605642 22
1704605706 40
1704605770 29
1704605834 40
1704605898 61
1704605962 50
1704606026 47
1704606090 7



# Sketch: 7
1704605514 41
1704605578 41
1704605642 19
1704605706 30
1704605770 15
1704605834 35
1704605898 31
1704605962 38
1704606026 13
1704606090 12



# Sketch: 8
1704605514 53
1704605578 27
1704605642 22
1704605706 22
1704605770 35
1704605834 29
1704605898 39
1704605962 24
1704606026 24
1704606090 16



# Sketch: 9
1704605514 24
1704605578 39
1704605642 26
1704605706 27
1704605770 25
1704605834 33
1704605898 22
1704605962 39
1704606026 30
1704606090 5



# Sketch: 10
1704605514 52
1704605578 30
1704605642 29
1704605706 35
1704605770 46
1704605834 33
1704605898 26
1704605962 25
1704606026 30
1704606090 13



# Sketch: 11
1704605514 51
1704605578 48
1704605642 24
1704605706 36
1704605770 22
1704605834 36
1704605898 54
1704605962 21
1704606026 33
1704606090 10



# Sketch: 12
1704605514 23
1704605578 25
1704605642 20
1704605706 32
1704605770 28
1704605834 46
1704605898 36
1704605962 24
1704606026 15
1704606090 8



# Sketch: 13
1704605514 38
1704605578 43
1704605642 46
1704605706 47
1704605770 23
1704605834 33
1704605898 40
1704605962 55
1704606026 12
1704606090 2



# Sketch: 14
1704605514 22
1704605578 38
1704605642 19
1704605706 36
1704605770 40
1704605834 30
1704605898 38
1704605962 40
1704606026 30
1704606090 26



# Sketch: 15
1704605514 29
1704605578 36
1704605642 33
1704605706 22
1704605770 21
1704605834 20
1704605898 26
1704605962 32
1704606026 30
1704606090 6



# Sketch: 16
1704605514 44
1704605578 31
1704605642 23
1704605706 25
1704605770 30
1704605834 29
1704605898 25
1704605962 30
1704606026 52
1704606090 16



# Sketch: 17
1704605514 32
1704605578 18
1704605642 35
1704605706 16
1704605770 39
1704605834 36
1704605898 39
1704605962 50
1704606026 31
1704606090 10



# Sketch: 18
1704605514 64
1704605578 34
1704605642 46
1704605706 42
1704605770 30
1704605834 37
1704605898 30
1704605962 53
1704606026 17
1704606090 6



# Sketch: 19
1704605514 57
1704605578 48
1704605642 40
1704605706 61
1704605770 23
1704605834 70
1704605898 53
1704605962 32
1704606026 36
1704606090 6



# Sketch: 20
1704605514 43
1704605578 38
1704605642 53
1704605706 21
1704605770 27
1704605834 52
1704605898 71
1704605962 43
1704606026 25
1704606090 5



# Sketch: 21
1704605514 55
1704605578 47
1704605642 30
1704605706 40
1704605770 44
1704605834 40
1704605898 45
1704605962 45
1704606026 51
1704606090 14



# Sketch: 22
1704605514 45
1704605578 23
1704605642 23
1704605706 23
1704605770 22
1704605834 35
1704605898 24
1704605962 17
1704606026 20
1704606090 8



# Sketch: 23
1704605514 23
1704605578 33
1704605642 22
1704605706 26
1704605770 33
1704605834 22
1704605898 25
1704605962 35
1704606026 14
1704606090 13



# Sketch: 24
1704605514 33
1704605578 29
1704605642 27
1704605706 31
1704605770 42
1704605834 35
1704605898 33
1704605962 29
1704606026 30
1704606090 17



# Sketch: 25
1704605514 31
1704605578 40
1704605642 26
1704605706 54
1704605770 48
1704605834 28
1704605898 37
1704605962 48
1704606026 32
1704606090 20



# Sketch: 26
1704605514 34
1704605578 40
1704605642 29
1704605706 22
1704605770 13
1704605834 31
1704605898 26
1704605962 57
1704606026 39
1704606090 9



# Sketch: 27
1704605514 31
1704605578 36
1704605642 40
1704605706 23
1704605770 31
1704605834 36
1704605898 22
1704605962 36
1704606026 32
1704606090 13



# Sketch: 28
1704605514 42
1704605578 33
1704605642 35
1704605706 26
1704605770 37
1704605834 48
1704605898 22
1704605962 48
1704606026 35
1704606090 10



# Sketch: 29
1704605514 36
1704605578 24
1704605642 25
1704605706 25
1704605770 29
1704605834 49
1704605898 25
1704605962 43
1704606026 20
1704606090 12



# Sketch: 30
1704605514 40
1704605578 26
1704605642 21
1704605706 13
1704605770 35
1704605834 28
1704605898 31
1704605962 27
1704606026 16
1704606090 18



# Sketch: 31
1704605514 32
1704605578 36
1704605642 55
1704605706 26
1704605770 39
1704605834 35
1704605898 51
1704605962 34
1704606026 47
1704606090 4

