

# Sketch: 0
1704606114 12
1704606146 13
1704606178 27
1704606210 15
1704606242 16
1704606274 6
1704606306 10
1704606338 15
1704606370 18
1704606402 24
1704606434 16
1704606466 7
1704606498 19
1704606530 20
1704606562 13
1704606594 7
1704606626 25
1704606658 14
1704606690 5



# Sketch: 1
1704606114 12
1704606146 9
1704606178 11
1704606210 12
1704606242 26
1704606274 20
1704606306 19
1704606338 17
1704606370 18
1704606402 12
1704606434 7
1704606466 24
1704606498 8
1704606530 25
1704606562 6
1704606594 29
1704606626 15
1704606658 9
1704606690 20



# Sketch: 2
1704606114 15
1704606146 11
1704606178 10
1704606210 16
1704606242 12
1704606274 11
1704606306 9
1704606338 10
1704606370 16
1704606402 10
1704606434 8
1704606466 4
1704606498 17
1704606530 11
1704606562 9
1704606594 17
1704606626 26
1704606658 12
1704606690 14



# Sketch: 3
1704606114 72
1704606146 10
1704606178 14
1704606210 13
1704606242 25
1704606274 22
1704606306 10
1704606338 11
1704606370 31
1704606402 14
1704606434 19
1704606466 19
1704606498 15
1704606530 17
1704606562 13
1704606594 25
1704606626 14
1704606658 30
1704606690 9



# Sketch: 4
1704606114 12
1704606146 20
1704606178 17
1704606210 10
1704606242 17
1704606274 32
1704606306 28
1704606338 10
1704606370 19
1704606402 18
1704606434 21
1704606466 10
1704606498 8
1704606530 13
1704606562 9
1704606594 22
1704606626 17
1704606658 40
1704606690 11



# Sketch: 5
1704606114 15
1704606146 23
1704606178 14
1704606210 10
1704606242 17
1704606274 16
1704606306 9
1704606338 7
1704606370 16
1704606402 32
1704606434 20
1704606466 15
1704606498 18
1704606530 26
1704606562 24
1704606594 14
1704606626 9
1704606658 18
1704606690 10



# Sketch: 6
1704606114 18
1704606146 17
1704606178 15
1704606210 14
1704606242 11
1704606274 22
1704606306 9
1704606338 25
1704606370 15
1704606402 7
1704606434 16
1704606466 19
1704606498 16
1704606530 9
1704606562 17
1704606594 22
1704606626 14
1704606658 9
1704606690 10



# Sketch: 7
1704606114 18
1704606146 19
1704606178 8
1704606210 10
1704606242 11
1704606274 20
1704606306 17
1704606338 14
1704606370 20
1704606402 9
1704606434 26
1704606466 17
1704606498 5
1704606530 11
1704606562 12
1704606594 14
1704606626 5
1704606658 16
1704606690 10



# Sketch: 8
1704606114 9
1704606146 31
1704606178 15
1704606210 19
1704606242 16
1704606274 8
1704606306 8
1704606338 13
1704606370 9
1704606402 11
1704606434 13
1704606466 12
1704606498 24
1704606530 4
1704606562 6
1704606594 23
1704606626 8
1704606658 15
1704606690 12



# Sketch: 9
1704606114 9
1704606146 13
1704606178 10
1704606210 15
1704606242 11
1704606274 17
1704606306 8
1704606338 18
1704606370 13
1704606402 26
1704606434 12
1704606466 18
1704606498 13
1704606530 11
1704606562 16
1704606594 30
1704606626 5
1704606658 13
1704606690 8



# Sketch: 10
1704606114 11
1704606146 12
1704606178 13
1704606210 30
1704606242 19
1704606274 19
1704606306 8
1704606338 16
1704606370 24
1704606402 15
1704606434 14
1704606466 8
1704606498 6
1704606530 11
1704606562 7
1704606594 17
1704606626 11
1704606658 17
1704606690 16



# Sketch: 11
1704606114 14
1704606146 30
1704606178 14
1704606210 24
1704606242 29
1704606274 16
1704606306 20
1704606338 15
1704606370 7
1704606402 18
1704606434 17
1704606466 19
1704606498 14
1704606530 60
1704606562 9
1704606594 15
1704606626 8
1704606658 15
1704606690 15



# Sketch: 12
1704606114 15
1704606146 13
1704606178 19
1704606210 16
1704606242 19
1704606274 13
1704606306 21
1704606338 23
1704606370 16
1704606402 15
1704606434 13
1704606466 13
1704606498 22
1704606530 19
1704606562 5
1704606594 22
1704606626 13
1704606658 12
1704606690 11



# Sketch: 13
1704606114 10
1704606146 36
1704606178 15
1704606210 11
1704606242 41
1704606274 28
1704606306 14
1704606338 23
1704606370 4
1704606402 12
1704606434 16
1704606466 8
1704606498 15
1704606530 21
1704606562 21
1704606594 13
1704606626 15
1704606658 12
1704606690 4



# Sketch: 14
1704606114 16
1704606146 11
1704606178 23
1704606210 12
1704606242 20
1704606274 4
1704606306 10
1704606338 22
1704606370 11
1704606402 15
1704606434 17
1704606466 20
1704606498 9
1704606530 6
1704606562 9
1704606594 15
1704606626 13
1704606658 6
1704606690 26



# Sketch: 15
1704606114 33
1704606146 23
1704606178 21
1704606210 9
1704606242 17
1704606274 10
1704606306 12
1704606338 10
1704606370 25
1704606402 4
1704606434 8
1704606466 25
1704606498 17
1704606530 10
1704606562 5
1704606594 14
1704606626 20
1704606658 12
1704606690 17



# Sketch: 16
1704606114 16
1704606146 9
1704606178 22
1704606210 20
1704606242 12
1704606274 18
1704606306 12
1704606338 18
1704606370 23
1704606402 20
1704606434 4
1704606466 25
1704606498 10
1704606530 19
1704606562 16
1704606594 10
1704606626 59
1704606658 20
1704606690 12



# Sketch: 17
1704606114 23
1704606146 6
1704606178 12
1704606210 10
1704606242 26
1704606274 13
1704606306 25
1704606338 21
1704606370 17
1704606402 19
1704606434 21
1704606466 17
1704606498 8
1704606530 39
1704606562 15
1704606594 14
1704606626 29
1704606658 19
1704606690 13



# Sketch: 18
1704606114 17
1704606146 8
1704606178 4
1704606210 21
1704606242 13
1704606274 11
1704606306 28
1704606338 8
1704606370 36
1704606402 16
1704606434 9
1704606466 13
1704606498 15
1704606530 13
1704606562 13
1704606594 36
1704606626 14
1704606658 8
1704606690 14



# Sketch: 19
1704606114 6
1704606146 11
1704606178 10
1704606210 23
1704606242 34
1704606274 15
1704606306 16
1704606338 14
1704606370 13
1704606402 12
1704606434 8
1704606466 8
1704606498 12
1704606530 16
1704606562 19
1704606594 13
1704606626 14
1704606658 5
1704606690 24



# Sketch: 20
1704606114 18
1704606146 31
1704606178 15
1704606210 24
1704606242 10
1704606274 4
1704606306 15
1704606338 8
1704606370 11
1704606402 22
1704606434 11
1704606466 9
1704606498 7
1704606530 7
1704606562 31
1704606594 12
1704606626 13
1704606658 9
1704606690 3



# Sketch: 21
1704606114 8
1704606146 23
1704606178 19
1704606210 12
1704606242 9
1704606274 8
1704606306 13
1704606338 13
1704606370 33
1704606402 35
1704606434 14
1704606466 24
1704606498 8
1704606530 12
1704606562 16
1704606594 12
1704606626 6
1704606658 12
1704606690 9



# Sketch: 22
1704606114 7
1704606146 6
1704606178 8
1704606210 9
1704606242 16
1704606274 24
1704606306 20
1704606338 9
1704606370 17
1704606402 17
1704606434 22
1704606466 8
1704606498 11
1704606530 7
1704606562 14
1704606594 28
1704606626 11
1704606658 7
1704606690 18



# Sketch: 23
1704606114 25
1704606146 3
1704606178 24
1704606210 13
1704606242 11
1704606274 16
1704606306 26
1704606338 28
1704606370 15
1704606402 19
1704606434 25
1704606466 9
1704606498 28
1704606530 24
1704606562 24
1704606594 12
1704606626 15
1704606658 14
1704606690 17



# Sketch: 24
1704606114 40
1704606146 25
1704606178 32
1704606210 21
1704606242 30
1704606274 15
1704606306 20
1704606338 34
1704606370 40
1704606402 49
1704606434 30
1704606466 25
1704606498 15
1704606530 28
1704606562 17
1704606594 25
1704606626 14
1704606658 26
1704606690 31



# Sketch: 25
1704606114 30
1704606146 11
1704606178 20
1704606210 10
1704606242 27
1704606274 19
1704606306 13
1704606338 15
1704606370 12
1704606402 10
1704606434 21
1704606466 8
1704606498 10
1704606530 56
1704606562 21
1704606594 12
1704606626 18
1704606658 32
1704606690 13



# Sketch: 26
1704606114 17
1704606146 8
1704606178 11
1704606210 21
1704606242 14
1704606274 8
1704606306 15
1704606338 13
1704606370 19
1704606402 18
1704606434 16
1704606466 9
1704606498 12
1704606530 17
1704606562 40
1704606594 20
1704606626 12
1704606658 10
1704606690 6



# Sketch: 27
1704606114 14
1704606146 10
1704606178 33
1704606210 16
1704606242 17
1704606274 15
1704606306 14
1704606338 5
1704606370 28
1704606402 12
1704606434 14
1704606466 12
1704606498 13
1704606530 13
1704606562 13
1704606594 12
1704606626 14
1704606658 14
1704606690 9



# Sketch: 28
1704606114 25
1704606146 25
1704606178 13
1704606210 19
1704606242 12
1704606274 15
1704606306 4
1704606338 10
1704606370 12
1704606402 21
1704606434 13
1704606466 33
1704606498 14
1704606530 11
1704606562 4
1704606594 13
1704606626 18
1704606658 20
1704606690 16



# Sketch: 29
1704606114 28
1704606146 15
1704606178 24
1704606210 19
1704606242 21
1704606274 7
1704606306 8
1704606338 15
1704606370 21
1704606402 4
1704606434 5
1704606466 24
1704606498 15
1704606530 21
1704606562 8
1704606594 17
1704606626 25
1704606658 14
1704606690 7



# Sketch: 30
1704606114 15
1704606146 6
1704606178 8
1704606210 14
1704606242 24
1704606274 10
1704606306 6
1704606338 3
1704606370 17
1704606402 13
1704606434 10
1704606466 5
1704606498 6
1704606530 12
1704606562 6
1704606594 11
1704606626 11
1704606658 15
1704606690 8



# Sketch: 31
1704606114 27
1704606146 18
1704606178 22
1704606210 27
1704606242 28
1704606274 16
1704606306 32
1704606338 17
1704606370 17
1704606402 33
1704606434 22
1704606466 15
1704606498 23
1704606530 19
1704606562 31
1704606594 23
1704606626 21
1704606658 24
1704606690 9

