

# Sketch: 0
1704606114 106
1704606242 110
1704606370 120
1704606498 92
1704606626 65



# Sketch: 1
1704606114 33
1704606242 53
1704606370 47
1704606498 47
1704606626 41



# Sketch: 2
1704606114 78
1704606242 63
1704606370 62
1704606498 64
1704606626 29



# Sketch: 3
1704606114 84
1704606242 77
1704606370 69
1704606498 49
1704606626 59



# Sketch: 4
1704606114 118
1704606242 53
1704606370 84
1704606498 79
1704606626 42



# Sketch: 5
1704606114 60
1704606242 43
1704606370 56
1704606498 60
1704606626 36



# Sketch: 6
1704606114 73
1704606242 67
1704606370 58
1704606498 62
1704606626 43



# Sketch: 7
1704606114 63
1704606242 73
1704606370 61
1704606498 64
1704606626 34



# Sketch: 8
1704606114 60
1704606242 48
1704606370 52
1704606498 59
1704606626 32



# Sketch: 9
1704606114 26
1704606242 46
1704606370 67
1704606498 55
1704606626 39



# Sketch: 10
1704606114 60
1704606242 60
1704606370 65
1704606498 47
1704606626 33



# Sketch: 11
1704606114 72
1704606242 89
1704606370 77
1704606498 57
1704606626 50



# Sketch: 12
1704606114 67
1704606242 75
1704606370 41
1704606498 49
1704606626 33



# Sketch: 13
1704606114 53
1704606242 44
1704606370 42
1704606498 49
1704606626 38



# Sketch: 14
1704606114 77
1704606242 57
1704606370 90
1704606498 66
1704606626 39



# Sketch: 15
1704606114 77
1704606242 65
1704606370 57
1704606498 35
1704606626 42



# Sketch: 16
1704606114 49
1704606242 49
1704606370 54
1704606498 60
1704606626 33



# Sketch: 17
1704606114 56
1704606242 72
1704606370 54
1704606498 52
1704606626 90



# Sketch: 18
1704606114 41
1704606242 53
1704606370 65
1704606498 43
1704606626 34



# Sketch: 19
1704606114 57
1704606242 48
1704606370 60
1704606498 61
1704606626 61



# Sketch: 20
1704606114 75
1704606242 58
1704606370 67
1704606498 77
1704606626 45



# Sketch: 21
1704606114 53
1704606242 69
1704606370 82
1704606498 80
1704606626 37



# Sketch: 22
1704606114 84
1704606242 67
1704606370 64
1704606498 90
1704606626 49



# Sketch: 23
1704606114 64
1704606242 67
1704606370 48
1704606498 45
1704606626 50



# Sketch: 24
1704606114 74
1704606242 110
1704606370 117
1704606498 85
1704606626 65



# Sketch: 25
1704606114 60
1704606242 59
1704606370 52
1704606498 57
1704606626 37



# Sketch: 26
1704606114 66
1704606242 42
1704606370 55
1704606498 77
1704606626 34



# Sketch: 27
1704606114 113
1704606242 97
1704606370 95
1704606498 72
1704606626 52



# Sketch: 28
1704606114 64
1704606242 46
1704606370 56
1704606498 90
1704606626 37



# Sketch: 29
1704606114 86
1704606242 60
1704606370 67
1704606498 82
1704606626 52



# Sketch: 30
1704606114 39
1704606242 70
1704606370 83
1704606498 102
1704606626 58



# Sketch: 31
1704606114 63
1704606242 58
1704606370 58
1704606498 52
1704606626 29

