

# Sketch: 0
1704606114 13
1704606178 46
1704606242 19
1704606306 49
1704606370 71
1704606434 32
1704606498 35
1704606562 27
1704606626 33
1704606690 26



# Sketch: 1
1704606114 19
1704606178 50
1704606242 31
1704606306 33
1704606370 30
1704606434 34
1704606498 32
1704606562 34
1704606626 35
1704606690 11



# Sketch: 2
1704606114 24
1704606178 27
1704606242 33
1704606306 31
1704606370 46
1704606434 22
1704606498 38
1704606562 46
1704606626 20
1704606690 10



# Sketch: 3
1704606114 40
1704606178 29
1704606242 20
1704606306 42
1704606370 44
1704606434 42
1704606498 37
1704606562 57
1704606626 27
1704606690 9



# Sketch: 4
1704606114 22
1704606178 35
1704606242 47
1704606306 21
1704606370 23
1704606434 33
1704606498 30
1704606562 24
1704606626 30
1704606690 12



# Sketch: 5
1704606114 25
1704606178 28
1704606242 31
1704606306 21
1704606370 29
1704606434 36
1704606498 22
1704606562 20
1704606626 91
1704606690 12



# Sketch: 6
1704606114 89
1704606178 10
1704606242 41
1704606306 36
1704606370 33
1704606434 37
1704606498 15
1704606562 21
1704606626 19
1704606690 11



# Sketch: 7
1704606114 28
1704606178 57
1704606242 22
1704606306 11
1704606370 30
1704606434 17
1704606498 63
1704606562 26
1704606626 29
1704606690 9



# Sketch: 8
1704606114 24
1704606178 21
1704606242 29
1704606306 14
1704606370 33
1704606434 26
1704606498 14
1704606562 26
1704606626 25
1704606690 10



# Sketch: 9
1704606114 39
1704606178 41
1704606242 46
1704606306 27
1704606370 24
1704606434 21
1704606498 16
1704606562 35
1704606626 34
1704606690 11



# Sketch: 10
1704606114 31
1704606178 34
1704606242 47
1704606306 37
1704606370 43
1704606434 31
1704606498 20
1704606562 28
1704606626 29
1704606690 3



# Sketch: 11
1704606114 21
1704606178 28
1704606242 21
1704606306 16
1704606370 24
1704606434 16
1704606498 22
1704606562 60
1704606626 31
1704606690 8



# Sketch: 12
1704606114 53
1704606178 36
1704606242 44
1704606306 15
1704606370 32
1704606434 42
1704606498 29
1704606562 26
1704606626 39
1704606690 20



# Sketch: 13
1704606114 33
1704606178 47
1704606242 42
1704606306 21
1704606370 24
1704606434 26
1704606498 33
1704606562 26
1704606626 19
1704606690 5



# Sketch: 14
1704606114 35
1704606178 38
1704606242 34
1704606306 30
1704606370 45
1704606434 29
1704606498 25
1704606562 29
1704606626 30
1704606690 18



# Sketch: 15
1704606114 20
1704606178 30
1704606242 30
1704606306 30
1704606370 48
1704606434 28
1704606498 23
1704606562 17
1704606626 36
1704606690 11



# Sketch: 16
1704606114 56
1704606178 31
1704606242 42
1704606306 30
1704606370 41
1704606434 29
1704606498 25
1704606562 33
1704606626 20
1704606690 7



# Sketch: 17
1704606114 24
1704606178 35
1704606242 33
1704606306 32
1704606370 35
1704606434 35
1704606498 35
1704606562 39
1704606626 30
1704606690 9



# Sketch: 18
1704606114 52
1704606178 38
1704606242 33
1704606306 41
1704606370 52
1704606434 43
1704606498 46
1704606562 34
1704606626 49
1704606690 22



# Sketch: 19
1704606114 43
1704606178 49
1704606242 40
1704606306 29
1704606370 32
1704606434 40
1704606498 45
1704606562 35
1704606626 27
1704606690 20



# Sketch: 20
1704606114 33
1704606178 31
1704606242 53
1704606306 28
1704606370 39
1704606434 24
1704606498 42
1704606562 41
1704606626 26
1704606690 40



# Sketch: 21
1704606114 35
1704606178 34
1704606242 44
1704606306 33
1704606370 36
1704606434 18
1704606498 39
1704606562 31
1704606626 31
1704606690 10



# Sketch: 22
1704606114 36
1704606178 28
1704606242 13
1704606306 25
1704606370 17
1704606434 26
1704606498 25
1704606562 13
1704606626 31
1704606690 6



# Sketch: 23
1704606114 27
1704606178 23
1704606242 39
1704606306 29
1704606370 38
1704606434 26
1704606498 34
1704606562 31
1704606626 26
1704606690 12



# Sketch: 24
1704606114 18
1704606178 16
1704606242 22
1704606306 19
1704606370 26
1704606434 19
1704606498 23
1704606562 34
1704606626 21
1704606690 5



# Sketch: 25
1704606114 74
1704606178 36
1704606242 30
1704606306 40
1704606370 31
1704606434 26
1704606498 54
1704606562 32
1704606626 39
1704606690 11



# Sketch: 26
1704606114 46
1704606178 24
1704606242 37
1704606306 32
1704606370 20
1704606434 34
1704606498 30
1704606562 31
1704606626 31
1704606690 12



# Sketch: 27
1704606114 39
1704606178 36
1704606242 35
1704606306 96
1704606370 78
1704606434 38
1704606498 24
1704606562 36
1704606626 35
1704606690 15



# Sketch: 28
1704606114 15
1704606178 21
1704606242 41
1704606306 16
1704606370 30
1704606434 19
1704606498 23
1704606562 39
1704606626 32
1704606690 11



# Sketch: 29
1704606114 29
1704606178 29
1704606242 33
1704606306 24
1704606370 28
1704606434 23
1704606498 49
1704606562 32
1704606626 29
1704606690 12



# Sketch: 30
1704606114 29
1704606178 28
1704606242 36
1704606306 26
1704606370 35
1704606434 32
1704606498 39
1704606562 39
1704606626 30
1704606690 17



# Sketch: 31
1704606114 41
1704606178 22
1704606242 21
1704606306 25
1704606370 38
1704606434 66
1704606498 34
1704606562 36
1704606626 27
1704606690 12

