

# Sketch: 0
1704606114 66
1704606242 65
1704606370 58
1704606498 89
1704606626 39



# Sketch: 1
1704606114 71
1704606242 70
1704606370 73
1704606498 66
1704606626 24



# Sketch: 2
1704606114 72
1704606242 44
1704606370 41
1704606498 43
1704606626 23



# Sketch: 3
1704606114 92
1704606242 55
1704606370 90
1704606498 49
1704606626 37



# Sketch: 4
1704606114 61
1704606242 57
1704606370 57
1704606498 52
1704606626 60



# Sketch: 5
1704606114 34
1704606242 35
1704606370 64
1704606498 37
1704606626 31



# Sketch: 6
1704606114 40
1704606242 52
1704606370 45
1704606498 63
1704606626 37



# Sketch: 7
1704606114 148
1704606242 90
1704606370 79
1704606498 75
1704606626 53



# Sketch: 8
1704606114 78
1704606242 79
1704606370 87
1704606498 60
1704606626 23



# Sketch: 9
1704606114 58
1704606242 69
1704606370 42
1704606498 62
1704606626 28



# Sketch: 10
1704606114 77
1704606242 76
1704606370 89
1704606498 92
1704606626 101



# Sketch: 11
1704606114 35
1704606242 57
1704606370 83
1704606498 53
1704606626 54



# Sketch: 12
1704606114 64
1704606242 63
1704606370 72
1704606498 58
1704606626 40



# Sketch: 13
1704606114 89
1704606242 47
1704606370 89
1704606498 78
1704606626 43



# Sketch: 14
1704606114 75
1704606242 100
1704606370 104
1704606498 141
1704606626 65



# Sketch: 15
1704606114 64
1704606242 63
1704606370 58
1704606498 78
1704606626 43



# Sketch: 16
1704606114 61
1704606242 74
1704606370 54
1704606498 52
1704606626 93



# Sketch: 17
1704606114 66
1704606242 53
1704606370 64
1704606498 63
1704606626 24



# Sketch: 18
1704606114 81
1704606242 63
1704606370 69
1704606498 55
1704606626 53



# Sketch: 19
1704606114 50
1704606242 77
1704606370 57
1704606498 72
1704606626 67



# Sketch: 20
1704606114 33
1704606242 61
1704606370 52
1704606498 55
1704606626 43



# Sketch: 21
1704606114 84
1704606242 86
1704606370 83
1704606498 79
1704606626 30



# Sketch: 22
1704606114 25
1704606242 50
1704606370 59
1704606498 63
1704606626 24



# Sketch: 23
1704606114 84
1704606242 66
1704606370 83
1704606498 43
1704606626 37



# Sketch: 24
1704606114 50
1704606242 77
1704606370 41
1704606498 88
1704606626 48



# Sketch: 25
1704606114 40
1704606242 57
1704606370 41
1704606498 41
1704606626 36



# Sketch: 26
1704606114 73
1704606242 66
1704606370 65
1704606498 64
1704606626 52



# Sketch: 27
1704606114 72
1704606242 46
1704606370 40
1704606498 52
1704606626 45



# Sketch: 28
1704606114 57
1704606242 63
1704606370 33
1704606498 56
1704606626 31



# Sketch: 29
1704606114 92
1704606242 55
1704606370 68
1704606498 61
1704606626 49



# Sketch: 30
1704606114 61
1704606242 36
1704606370 48
1704606498 38
1704606626 19



# Sketch: 31
1704606114 98
1704606242 96
1704606370 137
1704606498 81
1704606626 66

