

# Sketch: 0
1704606114 26
1704606178 25
1704606242 26
1704606306 27
1704606370 47
1704606434 17
1704606498 32
1704606562 36
1704606626 19
1704606690 7



# Sketch: 1
1704606114 18
1704606178 31
1704606242 26
1704606306 21
1704606370 32
1704606434 17
1704606498 35
1704606562 62
1704606626 55
1704606690 9



# Sketch: 2
1704606114 49
1704606178 48
1704606242 36
1704606306 55
1704606370 76
1704606434 56
1704606498 32
1704606562 27
1704606626 89
1704606690 21



# Sketch: 3
1704606114 28
1704606178 19
1704606242 29
1704606306 31
1704606370 24
1704606434 33
1704606498 32
1704606562 29
1704606626 28
1704606690 7



# Sketch: 4
1704606114 40
1704606178 33
1704606242 22
1704606306 29
1704606370 23
1704606434 24
1704606498 57
1704606562 20
1704606626 19
1704606690 8



# Sketch: 5
1704606114 38
1704606178 34
1704606242 50
1704606306 24
1704606370 36
1704606434 29
1704606498 23
1704606562 49
1704606626 21
1704606690 9



# Sketch: 6
1704606114 26
1704606178 22
1704606242 35
1704606306 24
1704606370 51
1704606434 25
1704606498 45
1704606562 36
1704606626 29
1704606690 9



# Sketch: 7
1704606114 46
1704606178 15
1704606242 20
1704606306 27
1704606370 45
1704606434 19
1704606498 12
1704606562 16
1704606626 38
1704606690 8



# Sketch: 8
1704606114 21
1704606178 38
1704606242 24
1704606306 14
1704606370 34
1704606434 25
1704606498 28
1704606562 29
1704606626 44
1704606690 4



# Sketch: 9
1704606114 17
1704606178 41
1704606242 40
1704606306 28
1704606370 15
1704606434 37
1704606498 31
1704606562 22
1704606626 33
1704606690 21



# Sketch: 10
1704606114 23
1704606178 23
1704606242 41
1704606306 34
1704606370 22
1704606434 23
1704606498 20
1704606562 17
1704606626 31
1704606690 3



# Sketch: 11
1704606114 50
1704606178 41
1704606242 35
1704606306 21
1704606370 25
1704606434 31
1704606498 65
1704606562 43
1704606626 43
1704606690 7



# Sketch: 12
1704606114 29
1704606178 23
1704606242 44
1704606306 18
1704606370 24
1704606434 28
1704606498 25
1704606562 29
1704606626 18
1704606690 13



# Sketch: 13
1704606114 25
1704606178 25
1704606242 33
1704606306 26
1704606370 31
1704606434 34
1704606498 39
1704606562 26
1704606626 28
1704606690 8



# Sketch: 14
1704606114 23
1704606178 32
1704606242 21
1704606306 67
1704606370 63
1704606434 37
1704606498 28
1704606562 32
1704606626 29
1704606690 29



# Sketch: 15
1704606114 22
1704606178 26
1704606242 17
1704606306 23
1704606370 26
1704606434 18
1704606498 28
1704606562 64
1704606626 22
1704606690 13



# Sketch: 16
1704606114 35
1704606178 25
1704606242 27
1704606306 32
1704606370 17
1704606434 34
1704606498 28
1704606562 24
1704606626 19
1704606690 18



# Sketch: 17
1704606114 35
1704606178 21
1704606242 54
1704606306 37
1704606370 21
1704606434 28
1704606498 22
1704606562 40
1704606626 21
1704606690 7



# Sketch: 18
1704606114 27
1704606178 39
1704606242 19
1704606306 39
1704606370 50
1704606434 32
1704606498 31
1704606562 41
1704606626 30
1704606690 20



# Sketch: 19
1704606114 59
1704606178 40
1704606242 52
1704606306 35
1704606370 32
1704606434 31
1704606498 28
1704606562 29
1704606626 27
1704606690 7



# Sketch: 20
1704606114 55
1704606178 39
1704606242 28
1704606306 35
1704606370 42
1704606434 17
1704606498 15
1704606562 33
1704606626 19
1704606690 4



# Sketch: 21
1704606114 39
1704606178 50
1704606242 50
1704606306 27
1704606370 54
1704606434 44
1704606498 36
1704606562 36
1704606626 36
1704606690 26



# Sketch: 22
1704606114 71
1704606178 37
1704606242 25
1704606306 27
1704606370 38
1704606434 28
1704606498 21
1704606562 23
1704606626 15
1704606690 4



# Sketch: 23
1704606114 15
1704606178 14
1704606242 34
1704606306 22
1704606370 47
1704606434 24
1704606498 30
1704606562 20
1704606626 49
1704606690 17



# Sketch: 24
1704606114 97
1704606178 19
1704606242 26
1704606306 30
1704606370 22
1704606434 30
1704606498 19
1704606562 36
1704606626 31
1704606690 12



# Sketch: 25
1704606114 31
1704606178 57
1704606242 28
1704606306 47
1704606370 66
1704606434 39
1704606498 49
1704606562 47
1704606626 48
1704606690 25



# Sketch: 26
1704606114 39
1704606178 48
1704606242 35
1704606306 25
1704606370 38
1704606434 29
1704606498 32
1704606562 32
1704606626 19
1704606690 14



# Sketch: 27
1704606114 27
1704606178 37
1704606242 46
1704606306 16
1704606370 18
1704606434 38
1704606498 28
1704606562 25
1704606626 18
1704606690 26



# Sketch: 28
1704606114 32
1704606178 38
1704606242 47
1704606306 39
1704606370 37
1704606434 42
1704606498 49
1704606562 33
1704606626 28
1704606690 10



# Sketch: 29
1704606114 17
1704606178 34
1704606242 38
1704606306 12
1704606370 26
1704606434 31
1704606498 17
1704606562 17
1704606626 20
1704606690 11



# Sketch: 30
1704606114 12
1704606178 27
1704606242 34
1704606306 27
1704606370 37
1704606434 20
1704606498 25
1704606562 19
1704606626 28
1704606690 9



# Sketch: 31
1704606114 41
1704606178 37
1704606242 47
1704606306 40
1704606370 36
1704606434 50
1704606498 59
1704606562 46
1704606626 57
1704606690 21

