

# Sketch: 0
1704606714 79
1704606842 49
1704606970 61
1704607098 98
1704607226 39



# Sketch: 1
1704606714 86
1704606842 88
1704606970 77
1704607098 58
1704607226 42



# Sketch: 2
1704606714 60
1704606842 67
1704606970 73
1704607098 46
1704607226 45



# Sketch: 3
1704606714 80
1704606842 64
1704606970 65
1704607098 65
1704607226 71



# Sketch: 4
1704606714 50
1704606842 52
1704606970 110
1704607098 55
1704607226 39



# Sketch: 5
1704606714 66
1704606842 62
1704606970 65
1704607098 65
1704607226 60



# Sketch: 6
1704606714 56
1704606842 68
1704606970 86
1704607098 77
1704607226 41



# Sketch: 7
1704606714 72
1704606842 75
1704606970 71
1704607098 71
1704607226 68



# Sketch: 8
1704606714 56
1704606842 51
1704606970 47
1704607098 72
1704607226 27



# Sketch: 9
1704606714 51
1704606842 68
1704606970 70
1704607098 71
1704607226 58



# Sketch: 10
1704606714 77
1704606842 65
1704606970 89
1704607098 91
1704607226 49



# Sketch: 11
1704606714 65
1704606842 54
1704606970 111
1704607098 51
1704607226 39



# Sketch: 12
1704606714 60
1704606842 84
1704606970 70
1704607098 72
1704607226 63



# Sketch: 13
1704606714 75
1704606842 96
1704606970 86
1704607098 82
1704607226 61



# Sketch: 14
1704606714 47
1704606842 100
1704606970 74
1704607098 62
1704607226 26



# Sketch: 15
1704606714 80
1704606842 50
1704606970 61
1704607098 63
1704607226 30



# Sketch: 16
1704606714 72
1704606842 74
1704606970 64
1704607098 62
1704607226 78



# Sketch: 17
1704606714 53
1704606842 69
1704606970 58
1704607098 54
1704607226 41



# Sketch: 18
1704606714 49
1704606842 48
1704606970 56
1704607098 51
1704607226 40



# Sketch: 19
1704606714 63
1704606842 95
1704606970 78
1704607098 77
1704607226 48



# Sketch: 20
1704606714 58
1704606842 44
1704606970 50
1704607098 50
1704607226 30



# Sketch: 21
1704606714 77
1704606842 61
1704606970 99
1704607098 49
1704607226 49



# Sketch: 22
1704606714 79
1704606842 88
1704606970 69
1704607098 88
1704607226 35



# Sketch: 23
1704606714 70
1704606842 91
1704606970 82
1704607098 57
1704607226 56



# Sketch: 24
1704606714 66
1704606842 104
1704606970 86
1704607098 57
1704607226 48



# Sketch: 25
1704606714 50
1704606842 95
1704606970 57
1704607098 49
1704607226 62



# Sketch: 26
1704606714 46
1704606842 50
1704606970 66
1704607098 57
1704607226 54



# Sketch: 27
1704606714 49
1704606842 48
1704606970 89
1704607098 51
1704607226 41



# Sketch: 28
1704606714 38
1704606842 128
1704606970 103
1704607098 80
1704607226 43



# Sketch: 29
1704606714 70
1704606842 68
1704606970 83
1704607098 82
1704607226 52



# Sketch: 30
1704606714 73
1704606842 61
1704606970 94
1704607098 73
1704607226 60



# Sketch: 31
1704606714 77
1704606842 77
1704606970 82
1704607098 82
1704607226 60

