

# Sketch: 0
1704606714 34
1704606778 14
1704606842 43
1704606906 19
1704606970 39
1704607034 14
1704607098 27
1704607162 25
1704607226 33
1704607290 7



# Sketch: 1
1704606714 21
1704606778 33
1704606842 21
1704606906 26
1704606970 28
1704607034 32
1704607098 11
1704607162 33
1704607226 56
1704607290 6



# Sketch: 2
1704606714 25
1704606778 38
1704606842 43
1704606906 44
1704606970 36
1704607034 32
1704607098 36
1704607162 41
1704607226 35
1704607290 14



# Sketch: 3
1704606714 19
1704606778 32
1704606842 31
1704606906 30
1704606970 31
1704607034 26
1704607098 24
1704607162 25
1704607226 28
1704607290 6



# Sketch: 4
1704606714 29
1704606778 28
1704606842 29
1704606906 37
1704606970 34
1704607034 29
1704607098 20
1704607162 37
1704607226 36
1704607290 9



# Sketch: 5
1704606714 25
1704606778 27
1704606842 28
1704606906 33
1704606970 46
1704607034 27
1704607098 35
1704607162 37
1704607226 52
1704607290 8



# Sketch: 6
1704606714 35
1704606778 33
1704606842 34
1704606906 26
1704606970 34
1704607034 38
1704607098 34
1704607162 45
1704607226 26
1704607290 16



# Sketch: 7
1704606714 29
1704606778 18
1704606842 33
1704606906 26
1704606970 46
1704607034 27
1704607098 46
1704607162 24
1704607226 33
1704607290 12



# Sketch: 8
1704606714 38
1704606778 26
1704606842 39
1704606906 14
1704606970 77
1704607034 62
1704607098 24
1704607162 52
1704607226 18
1704607290 3



# Sketch: 9
1704606714 47
1704606778 20
1704606842 79
1704606906 34
1704606970 34
1704607034 30
1704607098 18
1704607162 54
1704607226 17
1704607290 1



# Sketch: 10
1704606714 17
1704606778 27
1704606842 27
1704606906 26
1704606970 31
1704607034 30
1704607098 27
1704607162 20
1704607226 22
1704607290 5



# Sketch: 11
1704606714 46
1704606778 66
1704606842 61
1704606906 45
1704606970 47
1704607034 83
1704607098 40
1704607162 28
1704607226 75
1704607290 13



# Sketch: 12
1704606714 31
1704606778 22
1704606842 31
1704606906 54
1704606970 52
1704607034 32
1704607098 33
1704607162 27
1704607226 24
1704607290 8



# Sketch: 13
1704606714 36
1704606778 21
1704606842 37
1704606906 39
1704606970 25
1704607034 42
1704607098 31
1704607162 27
1704607226 29
1704607290 28



# Sketch: 14
1704606714 36
1704606778 40
1704606842 24
1704606906 41
1704606970 41
1704607034 74
1704607098 30
1704607162 29
1704607226 42
1704607290 16



# Sketch: 15
1704606714 15
1704606778 17
1704606842 20
1704606906 55
1704606970 32
1704607034 47
1704607098 45
1704607162 27
1704607226 42
1704607290 11



# Sketch: 16
1704606714 23
1704606778 26
1704606842 68
1704606906 23
1704606970 30
1704607034 45
1704607098 32
1704607162 26
1704607226 25
1704607290 22



# Sketch: 17
1704606714 35
1704606778 20
1704606842 41
1704606906 37
1704606970 33
1704607034 32
1704607098 52
1704607162 24
1704607226 60
1704607290 13



# Sketch: 18
1704606714 26
1704606778 29
1704606842 35
1704606906 41
1704606970 38
1704607034 38
1704607098 23
1704607162 22
1704607226 47
1704607290 15



# Sketch: 19
1704606714 53
1704606778 43
1704606842 56
1704606906 66
1704606970 58
1704607034 37
1704607098 27
1704607162 49
1704607226 54
1704607290 17



# Sketch: 20
1704606714 34
1704606778 34
1704606842 24
1704606906 39
1704606970 40
1704607034 29
1704607098 30
1704607162 30
1704607226 34
1704607290 7



# Sketch: 21
1704606714 47
1704606778 29
1704606842 41
1704606906 60
1704606970 44
1704607034 45
1704607098 31
1704607162 47
1704607226 48
1704607290 25



# Sketch: 22
1704606714 38
1704606778 48
1704606842 28
1704606906 38
1704606970 41
1704607034 30
1704607098 36
1704607162 19
1704607226 21
1704607290 14



# Sketch: 23
1704606714 20
1704606778 41
1704606842 19
1704606906 33
1704606970 32
1704607034 23
1704607098 28
1704607162 37
1704607226 35
1704607290 22



# Sketch: 24
1704606714 42
1704606778 31
1704606842 40
1704606906 25
1704606970 44
1704607034 39
1704607098 36
1704607162 34
1704607226 51
1704607290 10



# Sketch: 25
1704606714 41
1704606778 47
1704606842 35
1704606906 39
1704606970 45
1704607034 32
1704607098 40
1704607162 36
1704607226 49
1704607290 18



# Sketch: 26
1704606714 28
1704606778 41
1704606842 21
1704606906 28
1704606970 59
1704607034 34
1704607098 32
1704607162 33
1704607226 28
1704607290 11



# Sketch: 27
1704606714 37
1704606778 39
1704606842 43
1704606906 16
1704606970 29
1704607034 34
1704607098 26
1704607162 30
1704607226 26
1704607290 4



# Sketch: 28
1704606714 44
1704606778 32
1704606842 76
1704606906 26
1704606970 27
1704607034 27
1704607098 39
1704607162 40
1704607226 32
1704607290 6



# Sketch: 29
1704606714 35
1704606778 20
1704606842 27
1704606906 19
1704606970 14
1704607034 19
1704607098 41
1704607162 61
1704607226 28
1704607290 10



# Sketch: 30
1704606714 23
1704606778 21
1704606842 11
1704606906 36
1704606970 26
1704607034 35
1704607098 25
1704607162 24
1704607226 36
1704607290 13



# Sketch: 31
1704606714 46
1704606778 32
1704606842 45
1704606906 29
1704606970 65
1704607034 50
1704607098 49
1704607162 47
1704607226 37
1704607290 6

