

# Sketch: 0
1704606714 47
1704606778 33
1704606842 41
1704606906 52
1704606970 75
1704607034 31
1704607098 25
1704607162 27
1704607226 51
1704607290 10



# Sketch: 1
1704606714 42
1704606778 22
1704606842 26
1704606906 24
1704606970 31
1704607034 76
1704607098 39
1704607162 34
1704607226 24
1704607290 20



# Sketch: 2
1704606714 35
1704606778 61
1704606842 58
1704606906 45
1704606970 50
1704607034 78
1704607098 68
1704607162 36
1704607226 48
1704607290 11



# Sketch: 3
1704606714 20
1704606778 20
1704606842 33
1704606906 21
1704606970 22
1704607034 19
1704607098 30
1704607162 46
1704607226 23
1704607290 7



# Sketch: 4
1704606714 13
1704606778 32
1704606842 17
1704606906 19
1704606970 32
1704607034 21
1704607098 20
1704607162 17
1704607226 29
1704607290 5



# Sketch: 5
1704606714 41
1704606778 15
1704606842 43
1704606906 39
1704606970 19
1704607034 21
1704607098 10
1704607162 27
1704607226 22
1704607290 16



# Sketch: 6
1704606714 38
1704606778 21
1704606842 35
1704606906 36
1704606970 27
1704607034 33
1704607098 14
1704607162 24
1704607226 46
1704607290 20



# Sketch: 7
1704606714 15
1704606778 20
1704606842 34
1704606906 29
1704606970 46
1704607034 19
1704607098 80
1704607162 37
1704607226 30
1704607290 4



# Sketch: 8
1704606714 26
1704606778 45
1704606842 18
1704606906 25
1704606970 34
1704607034 31
1704607098 13
1704607162 22
1704607226 23
1704607290 8



# Sketch: 9
1704606714 27
1704606778 24
1704606842 16
1704606906 35
1704606970 33
1704607034 27
1704607098 26
1704607162 32
1704607226 23
1704607290 11



# Sketch: 10
1704606714 33
1704606778 60
1704606842 33
1704606906 36
1704606970 67
1704607034 43
1704607098 26
1704607162 46
1704607226 32
1704607290 16



# Sketch: 11
1704606714 41
1704606778 81
1704606842 31
1704606906 20
1704606970 45
1704607034 78
1704607098 39
1704607162 30
1704607226 42
1704607290 13



# Sketch: 12
1704606714 23
1704606778 35
1704606842 30
1704606906 43
1704606970 57
1704607034 46
1704607098 25
1704607162 37
1704607226 39
1704607290 7



# Sketch: 13
1704606714 43
1704606778 28
1704606842 33
1704606906 29
1704606970 30
1704607034 20
1704607098 34
1704607162 57
1704607226 27
1704607290 8



# Sketch: 14
1704606714 42
1704606778 38
1704606842 27
1704606906 32
1704606970 33
1704607034 41
1704607098 32
1704607162 48
1704607226 44
1704607290 8



# Sketch: 15
1704606714 24
1704606778 28
1704606842 30
1704606906 25
1704606970 39
1704607034 52
1704607098 29
1704607162 39
1704607226 33
1704607290 12



# Sketch: 16
1704606714 28
1704606778 19
1704606842 35
1704606906 27
1704606970 30
1704607034 23
1704607098 34
1704607162 39
1704607226 48
1704607290 13



# Sketch: 17
1704606714 30
1704606778 32
1704606842 90
1704606906 39
1704606970 53
1704607034 41
1704607098 41
1704607162 19
1704607226 28
1704607290 17



# Sketch: 18
1704606714 29
1704606778 32
1704606842 25
1704606906 28
1704606970 29
1704607034 58
1704607098 30
1704607162 30
1704607226 34
1704607290 12



# Sketch: 19
1704606714 23
1704606778 20
1704606842 24
1704606906 64
1704606970 68
1704607034 32
1704607098 32
1704607162 15
1704607226 18
1704607290 13



# Sketch: 20
1704606714 24
1704606778 21
1704606842 28
1704606906 35
1704606970 33
1704607034 28
1704607098 25
1704607162 24
1704607226 21
1704607290 12



# Sketch: 21
1704606714 45
1704606778 23
1704606842 51
1704606906 46
1704606970 33
1704607034 31
1704607098 42
1704607162 31
1704607226 24
1704607290 18



# Sketch: 22
1704606714 27
1704606778 26
1704606842 41
1704606906 21
1704606970 45
1704607034 49
1704607098 21
1704607162 36
1704607226 41
1704607290 13



# Sketch: 23
1704606714 36
1704606778 30
1704606842 61
1704606906 32
1704606970 28
1704607034 27
1704607098 29
1704607162 27
1704607226 27
1704607290 6



# Sketch: 24
1704606714 40
1704606778 45
1704606842 81
1704606906 47
1704606970 41
1704607034 39
1704607098 37
1704607162 44
1704607226 124
1704607290 14



# Sketch: 25
1704606714 31
1704606778 43
1704606842 38
1704606906 38
1704606970 47
1704607034 25
1704607098 39
1704607162 53
1704607226 36
1704607290 7



# Sketch: 26
1704606714 48
1704606778 30
1704606842 50
1704606906 36
1704606970 60
1704607034 37
1704607098 45
1704607162 38
1704607226 58
1704607290 17



# Sketch: 27
1704606714 51
1704606778 18
1704606842 43
1704606906 41
1704606970 40
1704607034 33
1704607098 22
1704607162 30
1704607226 30
1704607290 8



# Sketch: 28
1704606714 16
1704606778 20
1704606842 16
1704606906 47
1704606970 25
1704607034 32
1704607098 26
1704607162 25
1704607226 37
1704607290 7



# Sketch: 29
1704606714 35
1704606778 25
1704606842 32
1704606906 37
1704606970 21
1704607034 23
1704607098 32
1704607162 33
1704607226 54
1704607290 6



# Sketch: 30
1704606714 45
1704606778 31
1704606842 42
1704606906 27
1704606970 49
1704607034 26
1704607098 29
1704607162 61
1704607226 23
1704607290 29



# Sketch: 31
1704606714 37
1704606778 17
1704606842 28
1704606906 29
1704606970 16
1704607034 34
1704607098 34
1704607162 26
1704607226 40
1704607290 8

