

# Sketch: 0
1704606714 80
1704606842 93
1704606970 106
1704607098 52
1704607226 61



# Sketch: 1
1704606714 64
1704606842 50
1704606970 107
1704607098 73
1704607226 44



# Sketch: 2
1704606714 96
1704606842 103
1704606970 128
1704607098 104
1704607226 59



# Sketch: 3
1704606714 40
1704606842 54
1704606970 41
1704607098 76
1704607226 30



# Sketch: 4
1704606714 45
1704606842 36
1704606970 53
1704607098 37
1704607226 34



# Sketch: 5
1704606714 56
1704606842 82
1704606970 40
1704607098 37
1704607226 38



# Sketch: 6
1704606714 59
1704606842 71
1704606970 60
1704607098 38
1704607226 66



# Sketch: 7
1704606714 35
1704606842 63
1704606970 65
1704607098 117
1704607226 34



# Sketch: 8
1704606714 71
1704606842 43
1704606970 65
1704607098 35
1704607226 31



# Sketch: 9
1704606714 51
1704606842 51
1704606970 60
1704607098 58
1704607226 34



# Sketch: 10
1704606714 93
1704606842 69
1704606970 110
1704607098 72
1704607226 48



# Sketch: 11
1704606714 122
1704606842 51
1704606970 123
1704607098 69
1704607226 55



# Sketch: 12
1704606714 58
1704606842 73
1704606970 103
1704607098 62
1704607226 46



# Sketch: 13
1704606714 71
1704606842 62
1704606970 50
1704607098 91
1704607226 35



# Sketch: 14
1704606714 80
1704606842 59
1704606970 74
1704607098 80
1704607226 52



# Sketch: 15
1704606714 52
1704606842 55
1704606970 91
1704607098 68
1704607226 45



# Sketch: 16
1704606714 47
1704606842 62
1704606970 53
1704607098 73
1704607226 61



# Sketch: 17
1704606714 62
1704606842 129
1704606970 94
1704607098 60
1704607226 45



# Sketch: 18
1704606714 61
1704606842 53
1704606970 87
1704607098 60
1704607226 46



# Sketch: 19
1704606714 43
1704606842 88
1704606970 100
1704607098 47
1704607226 31



# Sketch: 20
1704606714 45
1704606842 63
1704606970 61
1704607098 49
1704607226 33



# Sketch: 21
1704606714 68
1704606842 97
1704606970 64
1704607098 73
1704607226 42



# Sketch: 22
1704606714 53
1704606842 62
1704606970 94
1704607098 57
1704607226 54



# Sketch: 23
1704606714 66
1704606842 93
1704606970 55
1704607098 56
1704607226 33



# Sketch: 24
1704606714 85
1704606842 128
1704606970 80
1704607098 81
1704607226 138



# Sketch: 25
1704606714 74
1704606842 76
1704606970 72
1704607098 92
1704607226 43



# Sketch: 26
1704606714 78
1704606842 86
1704606970 97
1704607098 83
1704607226 75



# Sketch: 27
1704606714 69
1704606842 84
1704606970 73
1704607098 52
1704607226 38



# Sketch: 28
1704606714 36
1704606842 63
1704606970 57
1704607098 51
1704607226 44



# Sketch: 29
1704606714 60
1704606842 69
1704606970 44
1704607098 65
1704607226 60



# Sketch: 30
1704606714 76
1704606842 69
1704606970 75
1704607098 90
1704607226 52



# Sketch: 31
1704606714 54
1704606842 57
1704606970 50
1704607098 60
1704607226 48

