

# Sketch: 0
1704606714 74
1704606842 67
1704606970 61
1704607098 73
1704607226 41



# Sketch: 1
1704606714 82
1704606842 74
1704606970 70
1704607098 78
1704607226 74



# Sketch: 2
1704606714 56
1704606842 110
1704606970 81
1704607098 72
1704607226 40



# Sketch: 3
1704606714 58
1704606842 57
1704606970 88
1704607098 49
1704607226 34



# Sketch: 4
1704606714 78
1704606842 63
1704606970 70
1704607098 50
1704607226 43



# Sketch: 5
1704606714 60
1704606842 52
1704606970 86
1704607098 70
1704607226 31



# Sketch: 6
1704606714 52
1704606842 73
1704606970 96
1704607098 74
1704607226 55



# Sketch: 7
1704606714 55
1704606842 58
1704606970 73
1704607098 39
1704607226 56



# Sketch: 8
1704606714 88
1704606842 51
1704606970 82
1704607098 83
1704607226 33



# Sketch: 9
1704606714 63
1704606842 72
1704606970 44
1704607098 56
1704607226 57



# Sketch: 10
1704606714 46
1704606842 56
1704606970 62
1704607098 59
1704607226 28



# Sketch: 11
1704606714 62
1704606842 49
1704606970 45
1704607098 63
1704607226 33



# Sketch: 12
1704606714 45
1704606842 50
1704606970 45
1704607098 65
1704607226 43



# Sketch: 13
1704606714 58
1704606842 64
1704606970 114
1704607098 97
1704607226 37



# Sketch: 14
1704606714 55
1704606842 63
1704606970 79
1704607098 60
1704607226 59



# Sketch: 15
1704606714 108
1704606842 139
1704606970 78
1704607098 101
1704607226 95



# Sketch: 16
1704606714 65
1704606842 131
1704606970 67
1704607098 48
1704607226 84



# Sketch: 17
1704606714 54
1704606842 56
1704606970 59
1704607098 48
1704607226 50



# Sketch: 18
1704606714 33
1704606842 48
1704606970 65
1704607098 33
1704607226 36



# Sketch: 19
1704606714 60
1704606842 62
1704606970 76
1704607098 70
1704607226 64



# Sketch: 20
1704606714 96
1704606842 60
1704606970 63
1704607098 70
1704607226 40



# Sketch: 21
1704606714 56
1704606842 69
1704606970 74
1704607098 58
1704607226 27



# Sketch: 22
1704606714 54
1704606842 70
1704606970 56
1704607098 74
1704607226 43



# Sketch: 23
1704606714 49
1704606842 59
1704606970 55
1704607098 69
1704607226 53



# Sketch: 24
1704606714 56
1704606842 89
1704606970 98
1704607098 89
1704607226 35



# Sketch: 25
1704606714 67
1704606842 79
1704606970 104
1704607098 76
1704607226 53



# Sketch: 26
1704606714 60
1704606842 66
1704606970 127
1704607098 68
1704607226 42



# Sketch: 27
1704606714 60
1704606842 64
1704606970 90
1704607098 64
1704607226 82



# Sketch: 28
1704606714 71
1704606842 89
1704606970 82
1704607098 63
1704607226 26



# Sketch: 29
1704606714 94
1704606842 97
1704606970 75
1704607098 93
1704607226 61



# Sketch: 30
1704606714 96
1704606842 107
1704606970 92
1704607098 52
1704607226 64



# Sketch: 31
1704606714 39
1704606842 50
1704606970 75
1704607098 54
1704607226 36

