

# Sketch: 0
1704607314 28
1704607378 41
1704607442 38
1704607506 32
1704607570 47
1704607634 36
1704607698 27
1704607762 23
1704607826 23
1704607890 34



# Sketch: 1
1704607314 34
1704607378 29
1704607442 33
1704607506 16
1704607570 23
1704607634 35
1704607698 33
1704607762 30
1704607826 50
1704607890 9



# Sketch: 2
1704607314 23
1704607378 21
1704607442 19
1704607506 34
1704607570 23
1704607634 68
1704607698 20
1704607762 45
1704607826 18
1704607890 4



# Sketch: 3
1704607314 19
1704607378 26
1704607442 23
1704607506 24
1704607570 35
1704607634 39
1704607698 47
1704607762 32
1704607826 43
1704607890 6



# Sketch: 4
1704607314 32
1704607378 34
1704607442 39
1704607506 32
1704607570 43
1704607634 19
1704607698 93
1704607762 27
1704607826 44
1704607890 12



# Sketch: 5
1704607314 50
1704607378 83
1704607442 45
1704607506 88
1704607570 41
1704607634 86
1704607698 49
1704607762 46
1704607826 40
1704607890 24



# Sketch: 6
1704607314 33
1704607378 14
1704607442 57
1704607506 49
1704607570 38
1704607634 29
1704607698 62
1704607762 35
1704607826 27
1704607890 45



# Sketch: 7
1704607314 69
1704607378 20
1704607442 31
1704607506 36
1704607570 29
1704607634 21
1704607698 26
1704607762 31
1704607826 23
1704607890 6



# Sketch: 8
1704607314 54
1704607378 20
1704607442 43
1704607506 54
1704607570 41
1704607634 36
1704607698 41
1704607762 27
1704607826 22
1704607890 11



# Sketch: 9
1704607314 42
1704607378 47
1704607442 48
1704607506 51
1704607570 33
1704607634 38
1704607698 35
1704607762 23
1704607826 31
1704607890 31



# Sketch: 10
1704607314 44
1704607378 43
1704607442 42
1704607506 33
1704607570 89
1704607634 34
1704607698 48
1704607762 31
1704607826 33
1704607890 12



# Sketch: 11
1704607314 16
1704607378 22
1704607442 32
1704607506 22
1704607570 24
1704607634 28
1704607698 34
1704607762 29
1704607826 18
1704607890 6



# Sketch: 12
1704607314 28
1704607378 20
1704607442 33
1704607506 31
1704607570 28
1704607634 24
1704607698 22
1704607762 31
1704607826 28
1704607890 11



# Sketch: 13
1704607314 31
1704607378 27
1704607442 25
1704607506 26
1704607570 42
1704607634 41
1704607698 32
1704607762 18
1704607826 23
1704607890 13



# Sketch: 14
1704607314 66
1704607378 36
1704607442 32
1704607506 34
1704607570 36
1704607634 27
1704607698 44
1704607762 26
1704607826 35
1704607890 8



# Sketch: 15
1704607314 40
1704607378 34
1704607442 28
1704607506 28
1704607570 31
1704607634 32
1704607698 27
1704607762 40
1704607826 59
1704607890 3



# Sketch: 16
1704607314 32
1704607378 47
1704607442 24
1704607506 38
1704607570 50
1704607634 48
1704607698 36
1704607762 34
1704607826 42
1704607890 13



# Sketch: 17
1704607314 26
1704607378 25
1704607442 21
1704607506 20
1704607570 59
1704607634 30
1704607698 26
1704607762 28
1704607826 26
1704607890 23



# Sketch: 18
1704607314 23
1704607378 39
1704607442 21
1704607506 25
1704607570 29
1704607634 22
1704607698 26
1704607762 20
1704607826 29
1704607890 10



# Sketch: 19
1704607314 34
1704607378 43
1704607442 55
1704607506 53
1704607570 38
1704607634 46
1704607698 27
1704607762 44
1704607826 36
1704607890 7



# Sketch: 20
1704607314 36
1704607378 50
1704607442 38
1704607506 39
1704607570 41
1704607634 43
1704607698 32
1704607762 51
1704607826 35
1704607890 22



# Sketch: 21
1704607314 56
1704607378 37
1704607442 49
1704607506 36
1704607570 45
1704607634 42
1704607698 25
1704607762 30
1704607826 32
1704607890 25



# Sketch: 22
1704607314 47
1704607378 49
1704607442 24
1704607506 24
1704607570 37
1704607634 40
1704607698 33
1704607762 37
1704607826 34
1704607890 5



# Sketch: 23
1704607314 25
1704607378 36
1704607442 38
1704607506 52
1704607570 24
1704607634 26
1704607698 29
1704607762 34
1704607826 38
1704607890 11



# Sketch: 24
1704607314 45
1704607378 40
1704607442 26
1704607506 46
1704607570 27
1704607634 43
1704607698 43
1704607762 38
1704607826 28
1704607890 38



# Sketch: 25
1704607314 26
1704607378 64
1704607442 53
1704607506 39
1704607570 45
1704607634 33
1704607698 30
1704607762 26
1704607826 19
1704607890 61



# Sketch: 26
1704607314 38
1704607378 24
1704607442 28
1704607506 25
1704607570 37
1704607634 27
1704607698 48
1704607762 48
1704607826 31
1704607890 5



# Sketch: 27
1704607314 29
1704607378 33
1704607442 30
1704607506 41
1704607570 35
1704607634 26
1704607698 31
1704607762 33
1704607826 33
1704607890 10



# Sketch: 28
1704607314 25
1704607378 40
1704607442 35
1704607506 37
1704607570 36
1704607634 41
1704607698 48
1704607762 33
1704607826 47
1704607890 10



# Sketch: 29
1704607314 21
1704607378 19
1704607442 31
1704607506 21
1704607570 26
1704607634 25
1704607698 23
1704607762 33
1704607826 24
1704607890 14



# Sketch: 30
1704607314 31
1704607378 32
1704607442 21
1704607506 21
1704607570 38
1704607634 24
1704607698 10
1704607762 35
1704607826 30
1704607890 8



# Sketch: 31
1704607314 30
1704607378 34
1704607442 21
1704607506 40
1704607570 33
1704607634 29
1704607698 24
1704607762 18
1704607826 13
1704607890 7

