

# Sketch: 0
0 0.634142
1 0.754259
2 0.659416
3 0.978168
4 0.853882
5 0.300111
6 0.281411
7 0.353088



# Sketch: 1
0 0.307328
1 0.302909
2 0.348395
3 0.534047
4 0.432634
5 0.332079
6 0.290512
7 0.330685



# Sketch: 2
0 0.612491
1 0.482936
2 0.496647
3 0.324774
4 0.373106
5 0.324347
6 0.529088
7 1.12883



# Sketch: 3
0 1.15136
1 0.950163
2 0.700291
3 0.757525
4 0.672171
5 0.907613
6 0.858507
7 0.30652



# Sketch: 4
0 0.650151
1 0.627814
2 0.581445
3 0.536223
4 0.487707
5 0.494503
6 0.31918
7 0.492929



# Sketch: 5
0 1.12905
1 1.10227
2 0.883615
3 0.837185
4 0.789634
5 0.7206
6 0.612879
7 0.674533



# Sketch: 6
0 0.668251
1 0.663314
2 0.576061
3 0.56529
4 0.548708
5 0.493812
6 0.409094
7 1.29036



# Sketch: 7
0 0.727592
1 0.744242
2 0.402633
3 0.627573
4 0.609963
5 0.85032
6 0.227462
7 0.301317



# Sketch: 8
0 0.714279
1 0.738897
2 0.66822
3 0.646056
4 0.738071
5 0.665234
6 0.727614
7 0.659813



# Sketch: 9
0 0.302686
1 0.438477
2 0.119963
3 0.0660093
4 0.346331
5 0.80517
6 0.635856
7 0.335452



# Sketch: 10
0 1.52792
1 1.07609
2 0.894743
3 0.625894
4 0.554879
5 0.42412
6 1.20655
7 0.330967



# Sketch: 11
0 0.189602
1 0.119765
2 0.076573
3 0.231501
4 0.369384
5 0.781367
6 0.779596
7 1.10545



# Sketch: 12
0 1.19598
1 1.319
2 1.34476
3 0.884753
4 0.381161
5 0.433475
6 0.223306
7 0.41312



# Sketch: 13
0 0.590366
1 0.600323
2 0.517954
3 0.513694
4 0.520728
5 0.495528
6 0.34198
7 0.37657



# Sketch: 14
0 0.38032
1 0.408791
2 0.298437
3 0.350217
4 0.231995
5 0.263961
6 0.471351
7 0.813911



# Sketch: 15
0 1.00008
1 0.881063
2 0.754041
3 0.723139
4 0.702485
5 0.562114
6 0.412303
7 0.391007



# Sketch: 16
0 0.804504
1 1.01236
2 0.874431
3 0.599412
4 0.5596
5 0.592445
6 0.70247
7 1.60467



# Sketch: 17
0 0.637072
1 0.669663
2 0.204637
3 0.566548
4 0.988745
5 0.53414
6 0.193847
7 0.203013



# Sketch: 18
0 0.620067
1 0.856909
2 0.629099
3 0.715896
4 0.563017
5 0.44825
6 0.53238
7 0.473024



# Sketch: 19
0 0.751667
1 0.719706
2 0.58941
3 0.470272
4 0.491819
5 0.422387
6 0.506942
7 1.3557



# Sketch: 20
0 0.508912
1 0.480695
2 0.388701
3 0.403743
4 0.437654
5 0.408372
6 0.425501
7 0.40117



# Sketch: 21
0 0.503896
1 0.477985
2 0.494877
3 0.425758
4 0.409769
5 0.4067
6 0.36796
7 0.546254



# Sketch: 22
0 0.474651
1 0.445665
2 0.41701
3 0.418048
4 0.620571
5 0.917244
6 0.276923
7 0.334238



# Sketch: 23
0 0.943996
1 0.954077
2 0.74537
3 0.714148
4 0.674779
5 0.996614
6 0.526688
7 0.603207



# Sketch: 24
0 0.844067
1 0.731923
2 0.544642
3 0.291196
4 0.443131
5 0.319599
6 0.253215
7 0.430273



# Sketch: 25
0 1.23511
1 1.50304
2 1.75835
3 0.989695
4 1.21327
5 1.14501
6 1.15989
7 1.5893



# Sketch: 26
0 0.472861
1 0.544477
2 0.447505
3 0.414084
4 0.449578
5 0.407391
6 0.5455
7 0.514872



# Sketch: 27
0 1.40673
1 1.28835
2 1.5811
3 1.46326
4 1.32904
5 0.236892
6 0.637044
7 0.263564



# Sketch: 28
0 0.356367
1 0.346799
2 0.395201
3 0.355095
4 0.395551
5 0.371367
6 0.332973
7 0.318683



# Sketch: 29
0 1.56558
1 1.28359
2 0.740592
3 0.648339
4 1.1489
5 0.754332
6 0.562807
7 0.0174434



# Sketch: 30
0 0.798842
1 0.839818
2 0.713401
3 0.52338
4 0.337785
5 0.256244
6 0.177919
7 1.06733



# Sketch: 31
0 1.45298
1 1.38464
2 1.04788
3 0.980191
4 1.06634
5 0.732616
6 0.582643
7 0.509665

