

# Sketch: 0
1704607914 100
1704608042 56
1704608170 59
1704608298 70
1704608426 42



# Sketch: 1
1704607914 48
1704608042 56
1704608170 49
1704608298 83
1704608426 55



# Sketch: 2
1704607914 91
1704608042 64
1704608170 107
1704608298 75
1704608426 62



# Sketch: 3
1704607914 62
1704608042 52
1704608170 65
1704608298 54
1704608426 35



# Sketch: 4
1704607914 66
1704608042 66
1704608170 99
1704608298 84
1704608426 43



# Sketch: 5
1704607914 60
1704608042 75
1704608170 66
1704608298 50
1704608426 51



# Sketch: 6
1704607914 59
1704608042 76
1704608170 88
1704608298 67
1704608426 48



# Sketch: 7
1704607914 101
1704608042 66
1704608170 100
1704608298 53
1704608426 36



# Sketch: 8
1704607914 104
1704608042 80
1704608170 122
1704608298 51
1704608426 64



# Sketch: 9
1704607914 58
1704608042 55
1704608170 60
1704608298 66
1704608426 36



# Sketch: 10
1704607914 53
1704608042 79
1704608170 72
1704608298 71
1704608426 37



# Sketch: 11
1704607914 56
1704608042 75
1704608170 81
1704608298 56
1704608426 52



# Sketch: 12
1704607914 71
1704608042 103
1704608170 68
1704608298 63
1704608426 47



# Sketch: 13
1704607914 78
1704608042 112
1704608170 128
1704608298 69
1704608426 46



# Sketch: 14
1704607914 84
1704608042 82
1704608170 80
1704608298 61
1704608426 34



# Sketch: 15
1704607914 85
1704608042 82
1704608170 111
1704608298 85
1704608426 39



# Sketch: 16
1704607914 112
1704608042 119
1704608170 95
1704608298 87
1704608426 32



# Sketch: 17
1704607914 57
1704608042 65
1704608170 65
1704608298 43
1704608426 48



# Sketch: 18
1704607914 86
1704608042 55
1704608170 92
1704608298 95
1704608426 61



# Sketch: 19
1704607914 60
1704608042 47
1704608170 57
1704608298 72
1704608426 26



# Sketch: 20
1704607914 69
1704608042 42
1704608170 69
1704608298 59
1704608426 56



# Sketch: 21
1704607914 65
1704608042 75
1704608170 66
1704608298 62
1704608426 48



# Sketch: 22
1704607914 65
1704608042 64
1704608170 66
1704608298 44
1704608426 44



# Sketch: 23
1704607914 82
1704608042 96
1704608170 108
1704608298 78
1704608426 48



# Sketch: 24
1704607914 51
1704608042 56
1704608170 60
1704608298 54
1704608426 35



# Sketch: 25
1704607914 63
1704608042 51
1704608170 56
1704608298 60
1704608426 68



# Sketch: 26
1704607914 85
1704608042 65
1704608170 80
1704608298 64
1704608426 33



# Sketch: 27
1704607914 87
1704608042 51
1704608170 82
1704608298 71
1704608426 48



# Sketch: 28
1704607914 72
1704608042 89
1704608170 62
1704608298 69
1704608426 51



# Sketch: 29
1704607914 46
1704608042 59
1704608170 69
1704608298 60
1704608426 58



# Sketch: 30
1704607914 71
1704608042 65
1704608170 79
1704608298 53
1704608426 30



# Sketch: 31
1704607914 69
1704608042 59
1704608170 67
1704608298 63
1704608426 20

