

# Sketch: 0
0 1.33426
1 1.32031
2 1.06702
3 1.37351
4 1.35842
5 0.988167
6 1.35963
7 1.45697



# Sketch: 1
0 0.815979
1 1.16253
2 1.2226
3 1.41233
4 1.42998
5 1.24637
6 0.523053
7 1.68753



# Sketch: 2
0 0.529534
1 0.396737
2 0.370711
3 0.276435
4 0.28946
5 0.287429
6 0.272544
7 0.21466



# Sketch: 3
0 0.964382
1 0.676769
2 0.566708
3 0.675715
4 0.0929953
5 0.0748851
6 0.138776
7 0.181027



# Sketch: 4
0 0.938484
1 0.885219
2 0.764255
3 0.631938
4 1.41617
5 1.33743
6 0.465836
7 0.622772



# Sketch: 5
0 1.15985
1 1.11544
2 0.877766
3 0.879682
4 0.627201
5 0.674664
6 0.677253
7 0.40559



# Sketch: 6
0 0.321442
1 0.718169
2 0.662786
3 0.538805
4 0.256816
5 0.489409
6 0.877404
7 5.01177



# Sketch: 7
0 0.657674
1 0.883872
2 0.786542
3 0.821554
4 1.46901
5 1.86316
6 2.672
7 1.54999



# Sketch: 8
0 0.402105
1 0.318484
2 0.357005
3 0.394791
4 0.458105
5 0.63239
6 0.714293
7 1.51483



# Sketch: 9
0 0.364022
1 0.399063
2 0.406555
3 0.185192
4 0.200904
5 0.371396
6 0.500439
7 1.1462



# Sketch: 10
0 0.457127
1 0.583964
2 0.436398
3 0.336218
4 0.408817
5 0.543483
6 0.847555
7 0.926577



# Sketch: 11
0 3.1262
1 2.42949
2 1.51989
3 0.908115
4 0.646308
5 0.566284
6 0.430823
7 0.791171



# Sketch: 12
0 0.458816
1 0.596062
2 0.901782
3 0.528775
4 0.929212
5 0.721784
6 2.24871
7 0.740613



# Sketch: 13
0 1.18735
1 1.09345
2 0.952013
3 0.920729
4 0.959794
5 0.843852
6 0.583028
7 1.27431



# Sketch: 14
0 0.3866
1 0.537791
2 0.384195
3 0.0446719
4 0.0709435
5 0.0451739
6 0.472524
7 1.11305



# Sketch: 15
0 0.791653
1 0.776757
2 0.755037
3 0.624745
4 0.650517
5 0.520884
6 0.460369
7 0.448912



# Sketch: 16
0 0.408563
1 0.289148
2 0.295396
3 0.578655
4 0.507707
5 0.297081
6 0.885066
7 1.29564



# Sketch: 17
0 1.20844
1 1.1272
2 0.875707
3 0.815885
4 0.780201
5 0.505122
6 0.548756
7 0.486338



# Sketch: 18
0 0.608721
1 0.6138
2 0.457653
3 0.459446
4 0.41525
5 0.58798
6 0.695889
7 0.776934



# Sketch: 19
0 0.684578
1 0.507325
2 0.659532
3 1.07763
4 0.945171
5 1.45462
6 0.507021
7 1.2982



# Sketch: 20
0 0.735582
1 0.82781
2 0.565472
3 0.46148
4 0.429239
5 0.536724
6 0.631884
7 0.323236



# Sketch: 21
0 0.653982
1 0.635109
2 0.471831
3 0.46915
4 0.403902
5 0.472388
6 0.671287
7 0.390465



# Sketch: 22
0 1.18385
1 0.812029
2 0.591186
3 0.475371
4 0.27233
5 0.610746
6 0.510349
7 1.0639



# Sketch: 23
0 0.430205
1 0.428818
2 0.373658
3 0.373472
4 0.307504
5 0.361672
6 0.462572
7 0.61624



# Sketch: 24
0 1.2004
1 1.18602
2 0.614257
3 0.502833
4 0.479993
5 0.708717
6 0.820871
7 0.487253



# Sketch: 25
0 0.418974
1 0.378651
2 0.323539
3 0.341502
4 0.306908
5 0.465731
6 0.379516
7 0.291976



# Sketch: 26
0 0.722824
1 0.72009
2 0.529546
3 0.535325
4 0.252972
5 0.489057
6 0.406108
7 0.944987



# Sketch: 27
0 1.97071
1 1.56498
2 1.11682
3 1.0646
4 1.03073
5 0.52361
6 0.528324
7 1.55671



# Sketch: 28
0 0.48924
1 0.463953
2 0.396457
3 0.425827
4 0.341778
5 0.412558
6 0.567289
7 0.323953



# Sketch: 29
0 0.479118
1 0.502
2 0.0567865
3 0.105578
4 0.150877
5 0.204576
6 0.224808
7 0.513826



# Sketch: 30
0 0.58203
1 0.424149
2 0.384358
3 0.47861
4 0.414907
5 0.0875088
6 0.291414
7 0.201458



# Sketch: 31
0 0.324913
1 0.38096
2 0.246628
3 0.284526
4 0.295871
5 0.724884
6 0.309722
7 0.200373

