

# Sketch: 0
1704607914 58
1704608042 86
1704608170 98
1704608298 61
1704608426 57



# Sketch: 1
1704607914 50
1704608042 77
1704608170 65
1704608298 81
1704608426 35



# Sketch: 2
1704607914 73
1704608042 85
1704608170 78
1704608298 72
1704608426 33



# Sketch: 3
1704607914 47
1704608042 43
1704608170 60
1704608298 43
1704608426 34



# Sketch: 4
1704607914 89
1704608042 49
1704608170 90
1704608298 74
1704608426 41



# Sketch: 5
1704607914 84
1704608042 70
1704608170 74
1704608298 44
1704608426 50



# Sketch: 6
1704607914 68
1704608042 57
1704608170 72
1704608298 49
1704608426 66



# Sketch: 7
1704607914 59
1704608042 80
1704608170 93
1704608298 51
1704608426 33



# Sketch: 8
1704607914 80
1704608042 50
1704608170 51
1704608298 54
1704608426 31



# Sketch: 9
1704607914 63
1704608042 37
1704608170 46
1704608298 75
1704608426 44



# Sketch: 10
1704607914 91
1704608042 85
1704608170 76
1704608298 72
1704608426 37



# Sketch: 11
1704607914 50
1704608042 42
1704608170 73
1704608298 37
1704608426 37



# Sketch: 12
1704607914 68
1704608042 95
1704608170 99
1704608298 104
1704608426 58



# Sketch: 13
1704607914 56
1704608042 68
1704608170 50
1704608298 68
1704608426 28



# Sketch: 14
1704607914 57
1704608042 78
1704608170 133
1704608298 118
1704608426 32



# Sketch: 15
1704607914 76
1704608042 65
1704608170 82
1704608298 49
1704608426 30



# Sketch: 16
1704607914 78
1704608042 68
1704608170 81
1704608298 70
1704608426 39



# Sketch: 17
1704607914 53
1704608042 48
1704608170 75
1704608298 69
1704608426 35



# Sketch: 18
1704607914 88
1704608042 87
1704608170 122
1704608298 98
1704608426 63



# Sketch: 19
1704607914 87
1704608042 103
1704608170 81
1704608298 106
1704608426 49



# Sketch: 20
1704607914 86
1704608042 71
1704608170 90
1704608298 74
1704608426 33



# Sketch: 21
1704607914 78
1704608042 92
1704608170 71
1704608298 56
1704608426 36



# Sketch: 22
1704607914 64
1704608042 69
1704608170 63
1704608298 54
1704608426 49



# Sketch: 23
1704607914 49
1704608042 54
1704608170 83
1704608298 59
1704608426 43



# Sketch: 24
1704607914 72
1704608042 46
1704608170 65
1704608298 40
1704608426 34



# Sketch: 25
1704607914 94
1704608042 55
1704608170 92
1704608298 65
1704608426 32



# Sketch: 26
1704607914 70
1704608042 69
1704608170 73
1704608298 48
1704608426 63



# Sketch: 27
1704607914 91
1704608042 121
1704608170 108
1704608298 66
1704608426 75



# Sketch: 28
1704607914 96
1704608042 57
1704608170 64
1704608298 67
1704608426 76



# Sketch: 29
1704607914 76
1704608042 67
1704608170 65
1704608298 40
1704608426 48



# Sketch: 30
1704607914 65
1704608042 86
1704608170 85
1704608298 60
1704608426 47



# Sketch: 31
1704607914 100
1704608042 77
1704608170 70
1704608298 68
1704608426 65

