

# Sketch: 0
1704607914 12
1704607946 9
1704607978 14
1704608010 9
1704608042 21
1704608074 22
1704608106 9
1704608138 21
1704608170 5
1704608202 13
1704608234 13
1704608266 4
1704608298 23
1704608330 12
1704608362 10
1704608394 15
1704608426 9
1704608458 30
1704608490 7



# Sketch: 1
1704607914 17
1704607946 9
1704607978 22
1704608010 15
1704608042 12
1704608074 6
1704608106 12
1704608138 13
1704608170 17
1704608202 14
1704608234 19
1704608266 10
1704608298 15
1704608330 5
1704608362 4
1704608394 12
1704608426 10
1704608458 8
1704608490 11



# Sketch: 2
1704607914 15
1704607946 12
1704607978 7
1704608010 12
1704608042 32
1704608074 15
1704608106 14
1704608138 24
1704608170 17
1704608202 34
1704608234 19
1704608266 18
1704608298 27
1704608330 25
1704608362 32
1704608394 16
1704608426 12
1704608458 21
1704608490 11



# Sketch: 3
1704607914 17
1704607946 23
1704607978 12
1704608010 13
1704608042 12
1704608074 14
1704608106 24
1704608138 18
1704608170 21
1704608202 31
1704608234 19
1704608266 12
1704608298 11
1704608330 8
1704608362 31
1704608394 20
1704608426 27
1704608458 15
1704608490 12



# Sketch: 4
1704607914 39
1704607946 15
1704607978 18
1704608010 18
1704608042 28
1704608074 19
1704608106 12
1704608138 15
1704608170 23
1704608202 12
1704608234 17
1704608266 12
1704608298 52
1704608330 15
1704608362 14
1704608394 24
1704608426 5
1704608458 33
1704608490 9



# Sketch: 5
1704607914 15
1704607946 10
1704607978 18
1704608010 8
1704608042 14
1704608074 19
1704608106 18
1704608138 22
1704608170 17
1704608202 31
1704608234 9
1704608266 29
1704608298 11
1704608330 10
1704608362 45
1704608394 14
1704608426 18
1704608458 21
1704608490 11



# Sketch: 6
1704607914 16
1704607946 60
1704607978 20
1704608010 10
1704608042 24
1704608074 5
1704608106 11
1704608138 20
1704608170 22
1704608202 19
1704608234 20
1704608266 24
1704608298 10
1704608330 18
1704608362 12
1704608394 11
1704608426 10
1704608458 27
1704608490 13



# Sketch: 7
1704607914 23
1704607946 22
1704607978 19
1704608010 20
1704608042 18
1704608074 13
1704608106 24
1704608138 26
1704608170 20
1704608202 16
1704608234 25
1704608266 18
1704608298 15
1704608330 28
1704608362 19
1704608394 13
1704608426 19
1704608458 19
1704608490 21



# Sketch: 8
1704607914 11
1704607946 18
1704607978 22
1704608010 22
1704608042 13
1704608074 12
1704608106 15
1704608138 15
1704608170 27
1704608202 24
1704608234 24
1704608266 11
1704608298 8
1704608330 11
1704608362 17
1704608394 17
1704608426 17
1704608458 20
1704608490 14



# Sketch: 9
1704607914 23
1704607946 14
1704607978 19
1704608010 19
1704608042 10
1704608074 25
1704608106 17
1704608138 23
1704608170 22
1704608202 13
1704608234 38
1704608266 9
1704608298 13
1704608330 15
1704608362 16
1704608394 9
1704608426 18
1704608458 7
1704608490 3



# Sketch: 10
1704607914 16
1704607946 22
1704607978 6
1704608010 21
1704608042 14
1704608074 18
1704608106 19
1704608138 16
1704608170 13
1704608202 15
1704608234 9
1704608266 17
1704608298 27
1704608330 17
1704608362 4
1704608394 15
1704608426 10
1704608458 21
1704608490 16



# Sketch: 11
1704607914 10
1704607946 21
1704607978 10
1704608010 14
1704608042 5
1704608074 8
1704608106 4
1704608138 24
1704608170 12
1704608202 11
1704608234 16
1704608266 27
1704608298 20
1704608330 13
1704608362 10
1704608394 15
1704608426 11
1704608458 11
1704608490 13



# Sketch: 12
1704607914 16
1704607946 21
1704607978 12
1704608010 23
1704608042 11
1704608074 13
1704608106 17
1704608138 18
1704608170 17
1704608202 17
1704608234 21
1704608266 28
1704608298 17
1704608330 9
1704608362 6
1704608394 22
1704608426 17
1704608458 12
1704608490 4



# Sketch: 13
1704607914 24
1704607946 16
1704607978 16
1704608010 21
1704608042 23
1704608074 8
1704608106 7
1704608138 20
1704608170 24
1704608202 27
1704608234 18
1704608266 27
1704608298 17
1704608330 7
1704608362 14
1704608394 15
1704608426 17
1704608458 20
1704608490 9



# Sketch: 14
1704607914 18
1704607946 11
1704607978 20
1704608010 17
1704608042 16
1704608074 22
1704608106 9
1704608138 20
1704608170 21
1704608202 12
1704608234 19
1704608266 18
1704608298 11
1704608330 10
1704608362 8
1704608394 21
1704608426 23
1704608458 10
1704608490 11



# Sketch: 15
1704607914 16
1704607946 19
1704607978 39
1704608010 15
1704608042 23
1704608074 26
1704608106 34
1704608138 24
1704608170 31
1704608202 36
1704608234 15
1704608266 22
1704608298 10
1704608330 23
1704608362 19
1704608394 22
1704608426 22
1704608458 25
1704608490 6



# Sketch: 16
1704607914 22
1704607946 6
1704607978 9
1704608010 11
1704608042 9
1704608074 20
1704608106 9
1704608138 18
1704608170 22
1704608202 19
1704608234 28
1704608266 32
1704608298 13
1704608330 9
1704608362 4
1704608394 32
1704608426 11
1704608458 26
1704608490 26



# Sketch: 17
1704607914 39
1704607946 20
1704607978 13
1704608010 12
1704608042 13
1704608074 39
1704608106 10
1704608138 15
1704608170 27
1704608202 14
1704608234 20
1704608266 9
1704608298 15
1704608330 16
1704608362 9
1704608394 22
1704608426 11
1704608458 35
1704608490 7



# Sketch: 18
1704607914 15
1704607946 18
1704607978 13
1704608010 15
1704608042 14
1704608074 31
1704608106 3
1704608138 11
1704608170 28
1704608202 15
1704608234 26
1704608266 39
1704608298 27
1704608330 5
1704608362 26
1704608394 14
1704608426 13
1704608458 9
1704608490 17



# Sketch: 19
1704607914 19
1704607946 12
1704607978 48
1704608010 8
1704608042 19
1704608074 11
1704608106 38
1704608138 22
1704608170 16
1704608202 25
1704608234 24
1704608266 17
1704608298 28
1704608330 24
1704608362 14
1704608394 15
1704608426 26
1704608458 7
1704608490 12



# Sketch: 20
1704607914 25
1704607946 15
1704607978 58
1704608010 15
1704608042 11
1704608074 26
1704608106 16
1704608138 16
1704608170 24
1704608202 21
1704608234 20
1704608266 16
1704608298 21
1704608330 8
1704608362 12
1704608394 33
1704608426 4
1704608458 11
1704608490 2



# Sketch: 21
1704607914 35
1704607946 29
1704607978 11
1704608010 17
1704608042 19
1704608074 15
1704608106 21
1704608138 14
1704608170 28
1704608202 13
1704608234 10
1704608266 16
1704608298 13
1704608330 11
1704608362 16
1704608394 11
1704608426 24
1704608458 34
1704608490 20



# Sketch: 22
1704607914 16
1704607946 18
1704607978 29
1704608010 27
1704608042 16
1704608074 24
1704608106 27
1704608138 18
1704608170 32
1704608202 29
1704608234 27
1704608266 23
1704608298 12
1704608330 25
1704608362 18
1704608394 11
1704608426 3
1704608458 24
1704608490 11



# Sketch: 23
1704607914 24
1704607946 11
1704607978 7
1704608010 15
1704608042 14
1704608074 15
1704608106 27
1704608138 9
1704608170 10
1704608202 12
1704608234 9
1704608266 22
1704608298 14
1704608330 8
1704608362 9
1704608394 12
1704608426 6
1704608458 8
1704608490 14



# Sketch: 24
1704607914 16
1704607946 26
1704607978 8
1704608010 16
1704608042 23
1704608074 18
1704608106 15
1704608138 20
1704608170 23
1704608202 36
1704608234 26
1704608266 28
1704608298 25
1704608330 12
1704608362 12
1704608394 11
1704608426 12
1704608458 20
1704608490 18



# Sketch: 25
1704607914 16
1704607946 15
1704607978 18
1704608010 9
1704608042 10
1704608074 6
1704608106 14
1704608138 12
1704608170 8
1704608202 16
1704608234 15
1704608266 17
1704608298 11
1704608330 22
1704608362 10
1704608394 13
1704608426 14
1704608458 18
1704608490 6



# Sketch: 26
1704607914 10
1704607946 17
1704607978 26
1704608010 13
1704608042 17
1704608074 10
1704608106 9
1704608138 12
1704608170 18
1704608202 10
1704608234 22
1704608266 7
1704608298 18
1704608330 9
1704608362 16
1704608394 27
1704608426 12
1704608458 41
1704608490 7



# Sketch: 27
1704607914 18
1704607946 17
1704607978 31
1704608010 20
1704608042 15
1704608074 15
1704608106 41
1704608138 37
1704608170 39
1704608202 31
1704608234 34
1704608266 21
1704608298 24
1704608330 22
1704608362 21
1704608394 6
1704608426 10
1704608458 27
1704608490 13



# Sketch: 28
1704607914 8
1704607946 20
1704607978 26
1704608010 16
1704608042 24
1704608074 23
1704608106 32
1704608138 14
1704608170 33
1704608202 21
1704608234 10
1704608266 14
1704608298 18
1704608330 20
1704608362 7
1704608394 22
1704608426 8
1704608458 15
1704608490 11



# Sketch: 29
1704607914 17
1704607946 13
1704607978 13
1704608010 22
1704608042 13
1704608074 17
1704608106 14
1704608138 15
1704608170 18
1704608202 15
1704608234 20
1704608266 12
1704608298 19
1704608330 25
1704608362 12
1704608394 16
1704608426 11
1704608458 16
1704608490 21



# Sketch: 30
1704607914 21
1704607946 31
1704607978 16
1704608010 9
1704608042 26
1704608074 14
1704608106 13
1704608138 15
1704608170 25
1704608202 10
1704608234 16
1704608266 14
1704608298 21
1704608330 7
1704608362 35
1704608394 22
1704608426 17
1704608458 7
1704608490 12



# Sketch: 31
1704607914 28
1704607946 23
1704607978 15
1704608010 9
1704608042 22
1704608074 7
1704608106 42
1704608138 16
1704608170 27
1704608202 10
1704608234 15
1704608266 23
1704608298 18
1704608330 16
1704608362 14
1704608394 19
1704608426 11
1704608458 19
1704608490 10

