

# Sketch: 0
1704607914 6
1704607930 9
1704607946 12
1704607962 13
1704607978 6
1704607994 4
1704608010 4
1704608026 6
1704608042 8
1704608058 3
1704608074 4
1704608090 2
1704608106 4
1704608122 10
1704608138 4
1704608154 6
1704608170 13
1704608186 10
1704608202 5
1704608218 7
1704608234 11
1704608250 13
1704608266 1
1704608282 8
1704608298 10
1704608314 14
1704608330 11
1704608346 10
1704608362 6
1704608378 8
1704608394 4
1704608410 5
1704608426 11
1704608442 7
1704608458 2
1704608474 11
1704608490 5
1704608506 5



# Sketch: 1
1704607914 10
1704607930 13
1704607946 3
1704607962 6
1704607978 54
1704607994 8
1704608010 2
1704608026 11
1704608042 6
1704608058 2
1704608074 9
1704608090 18
1704608106 6
1704608122 4
1704608138 5
1704608154 5
1704608170 35
1704608186 14
1704608202 12
1704608218 3
1704608234 7
1704608250 6
1704608266 2
1704608282 13
1704608298 6
1704608314 9
1704608330 10
1704608346 4
1704608362 12
1704608378 4
1704608394 3
1704608410 1
1704608426 4
1704608442 7
1704608458 37
1704608474 13
1704608490 6
1704608506 5



# Sketch: 2
1704607914 8
1704607930 5
1704607946 14
1704607962 8
1704607978 18
1704607994 7
1704608010 12
1704608026 9
1704608042 4
1704608058 5
1704608074 2
1704608090 6
1704608106 7
1704608122 11
1704608138 6
1704608154 32
1704608170 14
1704608186 5
1704608202 9
1704608218 23
1704608234 9
1704608250 19
1704608266 8
1704608282 3
1704608298 9
1704608314 3
1704608330 17
1704608346 15
1704608362 16
1704608378 19
1704608394 12
1704608410 3
1704608426 6
1704608442 4
1704608458 17
1704608474 16
1704608490 17
1704608506 1



# Sketch: 3
1704607914 11
1704607930 8
1704607946 5
1704607962 8
1704607978 9
1704607994 5
1704608010 9
1704608026 15
1704608042 14
1704608058 21
1704608074 9
1704608090 8
1704608106 14
1704608122 9
1704608138 14
1704608154 10
1704608170 8
1704608186 6
1704608202 8
1704608218 13
1704608234 14
1704608250 9
1704608266 9
1704608282 7
1704608298 4
1704608314 2
1704608330 4
1704608346 3
1704608362 9
1704608378 4
1704608394 7
1704608410 8
1704608426 14
1704608442 6
1704608458 8
1704608474 10
1704608490 5
1704608506 2



# Sketch: 4
1704607914 9
1704607930 9
1704607946 3
1704607962 11
1704607978 11
1704607994 8
1704608010 6
1704608026 5
1704608042 13
1704608058 9
1704608074 9
1704608090 4
1704608106 17
1704608122 12
1704608138 7
1704608154 9
1704608170 11
1704608186 9
1704608202 4
1704608218 18
1704608234 5
1704608250 8
1704608266 5
1704608282 8
1704608298 4
1704608314 10
1704608330 9
1704608346 9
1704608362 7
1704608378 5
1704608394 6
1704608410 2
1704608426 9
1704608442 10
1704608458 10
1704608474 12
1704608490 5
1704608506 2



# Sketch: 5
1704607914 13
1704607930 10
1704607946 6
1704607962 3
1704607978 7
1704607994 12
1704608010 12
1704608026 7
1704608042 12
1704608058 5
1704608074 6
1704608090 3
1704608106 9
1704608122 2
1704608138 3
1704608154 10
1704608170 3
1704608186 22
1704608202 6
1704608218 9
1704608234 10
1704608250 7
1704608266 9
1704608282 11
1704608298 10
1704608314 6
1704608330 7
1704608346 4
1704608362 20
1704608378 5
1704608394 7
1704608410 2
1704608426 0
1704608442 4
1704608458 16
1704608474 4
1704608490 3
1704608506 3



# Sketch: 6
1704607914 9
1704607930 6
1704607946 6
1704607962 10
1704607978 4
1704607994 3
1704608010 5
1704608026 16
1704608042 18
1704608058 18
1704608074 9
1704608090 4
1704608106 6
1704608122 5
1704608138 13
1704608154 15
1704608170 19
1704608186 3
1704608202 8
1704608218 13
1704608234 16
1704608250 14
1704608266 10
1704608282 8
1704608298 5
1704608314 10
1704608330 6
1704608346 3
1704608362 1
1704608378 10
1704608394 11
1704608410 7
1704608426 3
1704608442 9
1704608458 5
1704608474 21
1704608490 7
1704608506 1



# Sketch: 7
1704607914 5
1704607930 11
1704607946 5
1704607962 9
1704607978 15
1704607994 18
1704608010 9
1704608026 6
1704608042 7
1704608058 14
1704608074 1
1704608090 13
1704608106 4
1704608122 12
1704608138 6
1704608154 12
1704608170 8
1704608186 10
1704608202 22
1704608218 11
1704608234 12
1704608250 6
1704608266 10
1704608282 17
1704608298 14
1704608314 26
1704608330 7
1704608346 12
1704608362 17
1704608378 5
1704608394 8
1704608410 7
1704608426 4
1704608442 4
1704608458 4
1704608474 6
1704608490 9
1704608506 8



# Sketch: 8
1704607914 16
1704607930 12
1704607946 7
1704607962 5
1704607978 7
1704607994 8
1704608010 7
1704608026 5
1704608042 12
1704608058 1
1704608074 7
1704608090 16
1704608106 5
1704608122 5
1704608138 5
1704608154 6
1704608170 17
1704608186 11
1704608202 10
1704608218 6
1704608234 8
1704608250 10
1704608266 4
1704608282 6
1704608298 10
1704608314 9
1704608330 2
1704608346 2
1704608362 6
1704608378 6
1704608394 20
1704608410 9
1704608426 11
1704608442 7
1704608458 14
1704608474 2
1704608490 8
1704608506 3



# Sketch: 9
1704607914 14
1704607930 13
1704607946 6
1704607962 14
1704607978 6
1704607994 8
1704608010 5
1704608026 13
1704608042 10
1704608058 9
1704608074 1
1704608090 2
1704608106 6
1704608122 1
1704608138 4
1704608154 7
1704608170 4
1704608186 5
1704608202 9
1704608218 5
1704608234 6
1704608250 9
1704608266 3
1704608282 8
1704608298 6
1704608314 12
1704608330 8
1704608346 2
1704608362 46
1704608378 5
1704608394 6
1704608410 7
1704608426 6
1704608442 7
1704608458 4
1704608474 2
1704608490 8
1704608506 0



# Sketch: 10
1704607914 6
1704607930 24
1704607946 9
1704607962 6
1704607978 10
1704607994 13
1704608010 1
1704608026 4
1704608042 7
1704608058 7
1704608074 0
1704608090 7
1704608106 6
1704608122 14
1704608138 8
1704608154 12
1704608170 3
1704608186 8
1704608202 8
1704608218 8
1704608234 10
1704608250 8
1704608266 10
1704608282 6
1704608298 6
1704608314 3
1704608330 7
1704608346 3
1704608362 3
1704608378 11
1704608394 2
1704608410 5
1704608426 12
1704608442 15
1704608458 4
1704608474 10
1704608490 8
1704608506 1



# Sketch: 11
1704607914 9
1704607930 14
1704607946 5
1704607962 6
1704607978 30
1704607994 10
1704608010 5
1704608026 8
1704608042 10
1704608058 8
1704608074 6
1704608090 9
1704608106 20
1704608122 13
1704608138 8
1704608154 15
1704608170 22
1704608186 4
1704608202 11
1704608218 9
1704608234 9
1704608250 6
1704608266 8
1704608282 19
1704608298 5
1704608314 8
1704608330 10
1704608346 10
1704608362 6
1704608378 4
1704608394 15
1704608410 12
1704608426 9
1704608442 10
1704608458 6
1704608474 6
1704608490 7
1704608506 0



# Sketch: 12
1704607914 3
1704607930 7
1704607946 7
1704607962 17
1704607978 4
1704607994 6
1704608010 7
1704608026 7
1704608042 11
1704608058 5
1704608074 13
1704608090 9
1704608106 15
1704608122 11
1704608138 4
1704608154 13
1704608170 12
1704608186 9
1704608202 4
1704608218 15
1704608234 14
1704608250 5
1704608266 2
1704608282 8
1704608298 4
1704608314 7
1704608330 6
1704608346 8
1704608362 7
1704608378 3
1704608394 9
1704608410 8
1704608426 3
1704608442 5
1704608458 2
1704608474 10
1704608490 16
1704608506 0



# Sketch: 13
1704607914 5
1704607930 13
1704607946 9
1704607962 3
1704607978 4
1704607994 5
1704608010 18
1704608026 2
1704608042 7
1704608058 11
1704608074 10
1704608090 4
1704608106 8
1704608122 5
1704608138 2
1704608154 9
1704608170 9
1704608186 5
1704608202 3
1704608218 2
1704608234 8
1704608250 5
1704608266 2
1704608282 10
1704608298 8
1704608314 12
1704608330 6
1704608346 5
1704608362 8
1704608378 4
1704608394 11
1704608410 6
1704608426 8
1704608442 6
1704608458 5
1704608474 18
1704608490 4
1704608506 0



# Sketch: 14
1704607914 9
1704607930 5
1704607946 4
1704607962 23
1704607978 21
1704607994 11
1704608010 10
1704608026 7
1704608042 3
1704608058 4
1704608074 3
1704608090 14
1704608106 19
1704608122 8
1704608138 2
1704608154 20
1704608170 26
1704608186 7
1704608202 13
1704608218 26
1704608234 14
1704608250 8
1704608266 5
1704608282 12
1704608298 10
1704608314 10
1704608330 10
1704608346 7
1704608362 7
1704608378 6
1704608394 8
1704608410 13
1704608426 1
1704608442 4
1704608458 15
1704608474 13
1704608490 13
1704608506 2



# Sketch: 15
1704607914 4
1704607930 6
1704607946 4
1704607962 2
1704607978 8
1704607994 1
1704608010 2
1704608026 7
1704608042 5
1704608058 6
1704608074 4
1704608090 6
1704608106 5
1704608122 4
1704608138 9
1704608154 5
1704608170 17
1704608186 6
1704608202 5
1704608218 11
1704608234 13
1704608250 5
1704608266 5
1704608282 6
1704608298 11
1704608314 6
1704608330 8
1704608346 8
1704608362 17
1704608378 11
1704608394 5
1704608410 7
1704608426 6
1704608442 4
1704608458 4
1704608474 16
1704608490 14
1704608506 0



# Sketch: 16
1704607914 5
1704607930 7
1704607946 10
1704607962 6
1704607978 24
1704607994 4
1704608010 9
1704608026 3
1704608042 8
1704608058 5
1704608074 3
1704608090 6
1704608106 14
1704608122 11
1704608138 4
1704608154 14
1704608170 10
1704608186 11
1704608202 11
1704608218 4
1704608234 8
1704608250 8
1704608266 4
1704608282 14
1704608298 12
1704608314 6
1704608330 7
1704608346 9
1704608362 2
1704608378 3
1704608394 8
1704608410 13
1704608426 5
1704608442 7
1704608458 3
1704608474 5
1704608490 4
1704608506 6



# Sketch: 17
1704607914 7
1704607930 23
1704607946 7
1704607962 14
1704607978 8
1704607994 7
1704608010 13
1704608026 16
1704608042 9
1704608058 5
1704608074 4
1704608090 34
1704608106 10
1704608122 7
1704608138 3
1704608154 5
1704608170 11
1704608186 6
1704608202 2
1704608218 15
1704608234 23
1704608250 9
1704608266 6
1704608282 19
1704608298 25
1704608314 5
1704608330 1
1704608346 7
1704608362 3
1704608378 14
1704608394 11
1704608410 8
1704608426 4
1704608442 4
1704608458 3
1704608474 13
1704608490 13
1704608506 2



# Sketch: 18
1704607914 8
1704607930 15
1704607946 10
1704607962 11
1704607978 10
1704607994 8
1704608010 4
1704608026 13
1704608042 14
1704608058 7
1704608074 7
1704608090 16
1704608106 2
1704608122 7
1704608138 11
1704608154 11
1704608170 12
1704608186 8
1704608202 11
1704608218 19
1704608234 23
1704608250 6
1704608266 7
1704608282 5
1704608298 4
1704608314 3
1704608330 4
1704608346 8
1704608362 10
1704608378 2
1704608394 5
1704608410 28
1704608426 6
1704608442 5
1704608458 5
1704608474 6
1704608490 7
1704608506 2



# Sketch: 19
1704607914 15
1704607930 13
1704607946 8
1704607962 13
1704607978 10
1704607994 13
1704608010 7
1704608026 3
1704608042 9
1704608058 22
1704608074 6
1704608090 9
1704608106 3
1704608122 26
1704608138 3
1704608154 18
1704608170 19
1704608186 10
1704608202 4
1704608218 8
1704608234 4
1704608250 11
1704608266 6
1704608282 28
1704608298 10
1704608314 6
1704608330 13
1704608346 17
1704608362 9
1704608378 3
1704608394 9
1704608410 11
1704608426 12
1704608442 8
1704608458 8
1704608474 9
1704608490 20
1704608506 7



# Sketch: 20
1704607914 1
1704607930 10
1704607946 7
1704607962 5
1704607978 3
1704607994 12
1704608010 7
1704608026 4
1704608042 7
1704608058 12
1704608074 7
1704608090 6
1704608106 6
1704608122 12
1704608138 15
1704608154 7
1704608170 13
1704608186 5
1704608202 14
1704608218 7
1704608234 16
1704608250 7
1704608266 3
1704608282 8
1704608298 13
1704608314 15
1704608330 15
1704608346 9
1704608362 6
1704608378 14
1704608394 3
1704608410 5
1704608426 2
1704608442 3
1704608458 9
1704608474 9
1704608490 4
1704608506 9



# Sketch: 21
1704607914 3
1704607930 9
1704607946 5
1704607962 10
1704607978 6
1704607994 14
1704608010 12
1704608026 10
1704608042 8
1704608058 9
1704608074 12
1704608090 22
1704608106 10
1704608122 18
1704608138 19
1704608154 16
1704608170 9
1704608186 19
1704608202 9
1704608218 4
1704608234 8
1704608250 9
1704608266 14
1704608282 22
1704608298 22
1704608314 17
1704608330 5
1704608346 13
1704608362 16
1704608378 7
1704608394 9
1704608410 9
1704608426 18
1704608442 10
1704608458 7
1704608474 16
1704608490 18
1704608506 1



# Sketch: 22
1704607914 8
1704607930 15
1704607946 4
1704607962 19
1704607978 9
1704607994 8
1704608010 5
1704608026 6
1704608042 7
1704608058 6
1704608074 6
1704608090 17
1704608106 5
1704608122 4
1704608138 4
1704608154 16
1704608170 16
1704608186 9
1704608202 6
1704608218 9
1704608234 4
1704608250 6
1704608266 4
1704608282 9
1704608298 9
1704608314 6
1704608330 5
1704608346 2
1704608362 6
1704608378 4
1704608394 17
1704608410 6
1704608426 16
1704608442 18
1704608458 11
1704608474 15
1704608490 1
1704608506 3



# Sketch: 23
1704607914 9
1704607930 17
1704607946 7
1704607962 23
1704607978 4
1704607994 6
1704608010 9
1704608026 4
1704608042 1
1704608058 6
1704608074 1
1704608090 10
1704608106 11
1704608122 1
1704608138 7
1704608154 7
1704608170 9
1704608186 4
1704608202 5
1704608218 12
1704608234 18
1704608250 6
1704608266 9
1704608282 6
1704608298 14
1704608314 7
1704608330 5
1704608346 13
1704608362 4
1704608378 11
1704608394 5
1704608410 9
1704608426 7
1704608442 3
1704608458 5
1704608474 17
1704608490 10
1704608506 1



# Sketch: 24
1704607914 0
1704607930 9
1704607946 4
1704607962 13
1704607978 3
1704607994 3
1704608010 3
1704608026 9
1704608042 8
1704608058 6
1704608074 6
1704608090 10
1704608106 11
1704608122 3
1704608138 2
1704608154 11
1704608170 4
1704608186 1
1704608202 7
1704608218 4
1704608234 9
1704608250 8
1704608266 24
1704608282 21
1704608298 9
1704608314 6
1704608330 2
1704608346 4
1704608362 6
1704608378 8
1704608394 9
1704608410 5
1704608426 6
1704608442 8
1704608458 4
1704608474 7
1704608490 4
1704608506 2



# Sketch: 25
1704607914 8
1704607930 25
1704607946 4
1704607962 7
1704607978 16
1704607994 12
1704608010 21
1704608026 16
1704608042 7
1704608058 12
1704608074 6
1704608090 19
1704608106 19
1704608122 9
1704608138 7
1704608154 19
1704608170 24
1704608186 13
1704608202 5
1704608218 31
1704608234 11
1704608250 11
1704608266 10
1704608282 7
1704608298 5
1704608314 13
1704608330 9
1704608346 11
1704608362 11
1704608378 5
1704608394 16
1704608410 6
1704608426 11
1704608442 4
1704608458 15
1704608474 9
1704608490 14
1704608506 4



# Sketch: 26
1704607914 4
1704607930 10
1704607946 2
1704607962 14
1704607978 18
1704607994 6
1704608010 3
1704608026 10
1704608042 4
1704608058 5
1704608074 3
1704608090 1
1704608106 8
1704608122 13
1704608138 3
1704608154 3
1704608170 8
1704608186 5
1704608202 5
1704608218 5
1704608234 13
1704608250 4
1704608266 13
1704608282 18
1704608298 7
1704608314 7
1704608330 4
1704608346 6
1704608362 11
1704608378 2
1704608394 7
1704608410 9
1704608426 6
1704608442 7
1704608458 7
1704608474 20
1704608490 5
1704608506 4



# Sketch: 27
1704607914 20
1704607930 12
1704607946 13
1704607962 11
1704607978 2
1704607994 6
1704608010 0
1704608026 5
1704608042 9
1704608058 10
1704608074 3
1704608090 11
1704608106 5
1704608122 33
1704608138 6
1704608154 11
1704608170 11
1704608186 2
1704608202 14
1704608218 16
1704608234 6
1704608250 8
1704608266 6
1704608282 7
1704608298 11
1704608314 15
1704608330 10
1704608346 2
1704608362 8
1704608378 2
1704608394 18
1704608410 4
1704608426 3
1704608442 4
1704608458 6
1704608474 7
1704608490 6
1704608506 8



# Sketch: 28
1704607914 8
1704607930 7
1704607946 9
1704607962 15
1704607978 5
1704607994 16
1704608010 8
1704608026 6
1704608042 6
1704608058 8
1704608074 5
1704608090 23
1704608106 12
1704608122 12
1704608138 8
1704608154 13
1704608170 9
1704608186 8
1704608202 12
1704608218 6
1704608234 10
1704608250 5
1704608266 4
1704608282 24
1704608298 12
1704608314 14
1704608330 4
1704608346 5
1704608362 3
1704608378 4
1704608394 13
1704608410 14
1704608426 12
1704608442 0
1704608458 17
1704608474 14
1704608490 9
1704608506 6



# Sketch: 29
1704607914 1
1704607930 8
1704607946 6
1704607962 6
1704607978 3
1704607994 2
1704608010 6
1704608026 5
1704608042 20
1704608058 7
1704608074 8
1704608090 21
1704608106 9
1704608122 4
1704608138 6
1704608154 7
1704608170 10
1704608186 7
1704608202 5
1704608218 5
1704608234 10
1704608250 11
1704608266 8
1704608282 6
1704608298 15
1704608314 3
1704608330 7
1704608346 4
1704608362 9
1704608378 3
1704608394 2
1704608410 6
1704608426 2
1704608442 4
1704608458 4
1704608474 11
1704608490 4
1704608506 8



# Sketch: 30
1704607914 2
1704607930 4
1704607946 10
1704607962 4
1704607978 3
1704607994 5
1704608010 6
1704608026 13
1704608042 1
1704608058 5
1704608074 6
1704608090 6
1704608106 3
1704608122 3
1704608138 5
1704608154 10
1704608170 11
1704608186 7
1704608202 9
1704608218 10
1704608234 17
1704608250 4
1704608266 4
1704608282 4
1704608298 0
1704608314 5
1704608330 9
1704608346 9
1704608362 2
1704608378 2
1704608394 9
1704608410 13
1704608426 3
1704608442 7
1704608458 4
1704608474 11
1704608490 3
1704608506 3



# Sketch: 31
1704607914 10
1704607930 22
1704607946 13
1704607962 54
1704607978 16
1704607994 12
1704608010 2
1704608026 11
1704608042 14
1704608058 9
1704608074 6
1704608090 18
1704608106 4
1704608122 5
1704608138 15
1704608154 11
1704608170 11
1704608186 30
1704608202 11
1704608218 21
1704608234 11
1704608250 15
1704608266 10
1704608282 23
1704608298 12
1704608314 7
1704608330 6
1704608346 7
1704608362 4
1704608378 4
1704608394 10
1704608410 14
1704608426 12
1704608442 5
1704608458 5
1704608474 12
1704608490 15
1704608506 7

