

# Sketch: 0
1704608514 55
1704608642 95
1704608770 99
1704608898 55
1704609026 37



# Sketch: 1
1704608514 36
1704608642 74
1704608770 52
1704608898 118
1704609026 35



# Sketch: 2
1704608514 71
1704608642 77
1704608770 88
1704608898 83
1704609026 82



# Sketch: 3
1704608514 71
1704608642 44
1704608770 41
1704608898 58
1704609026 41



# Sketch: 4
1704608514 79
1704608642 89
1704608770 80
1704608898 92
1704609026 60



# Sketch: 5
1704608514 67
1704608642 46
1704608770 111
1704608898 72
1704609026 39



# Sketch: 6
1704608514 67
1704608642 76
1704608770 91
1704608898 91
1704609026 28



# Sketch: 7
1704608514 61
1704608642 87
1704608770 68
1704608898 101
1704609026 48



# Sketch: 8
1704608514 87
1704608642 90
1704608770 61
1704608898 71
1704609026 70



# Sketch: 9
1704608514 47
1704608642 56
1704608770 59
1704608898 80
1704609026 56



# Sketch: 10
1704608514 63
1704608642 81
1704608770 68
1704608898 61
1704609026 54



# Sketch: 11
1704608514 49
1704608642 67
1704608770 59
1704608898 60
1704609026 34



# Sketch: 12
1704608514 63
1704608642 64
1704608770 83
1704608898 94
1704609026 49



# Sketch: 13
1704608514 64
1704608642 85
1704608770 84
1704608898 100
1704609026 49



# Sketch: 14
1704608514 53
1704608642 135
1704608770 67
1704608898 76
1704609026 91



# Sketch: 15
1704608514 65
1704608642 99
1704608770 76
1704608898 97
1704609026 72



# Sketch: 16
1704608514 90
1704608642 58
1704608770 62
1704608898 73
1704609026 50



# Sketch: 17
1704608514 66
1704608642 80
1704608770 60
1704608898 83
1704609026 36



# Sketch: 18
1704608514 59
1704608642 93
1704608770 65
1704608898 104
1704609026 58



# Sketch: 19
1704608514 76
1704608642 57
1704608770 75
1704608898 58
1704609026 29



# Sketch: 20
1704608514 56
1704608642 92
1704608770 75
1704608898 95
1704609026 37



# Sketch: 21
1704608514 69
1704608642 77
1704608770 79
1704608898 117
1704609026 44



# Sketch: 22
1704608514 57
1704608642 52
1704608770 49
1704608898 84
1704609026 37



# Sketch: 23
1704608514 72
1704608642 69
1704608770 137
1704608898 119
1704609026 67



# Sketch: 24
1704608514 35
1704608642 50
1704608770 59
1704608898 64
1704609026 53



# Sketch: 25
1704608514 57
1704608642 90
1704608770 86
1704608898 92
1704609026 71



# Sketch: 26
1704608514 59
1704608642 108
1704608770 64
1704608898 104
1704609026 30



# Sketch: 27
1704608514 38
1704608642 76
1704608770 43
1704608898 70
1704609026 75



# Sketch: 28
1704608514 72
1704608642 62
1704608770 92
1704608898 65
1704609026 61



# Sketch: 29
1704608514 58
1704608642 58
1704608770 83
1704608898 95
1704609026 37



# Sketch: 30
1704608514 58
1704608642 60
1704608770 64
1704608898 59
1704609026 31



# Sketch: 31
1704608514 49
1704608642 51
1704608770 53
1704608898 82
1704609026 34

