

# Sketch: 0
1704609114 35
1704609178 29
1704609242 21
1704609306 37
1704609370 20
1704609434 42
1704609498 31
1704609562 22
1704609626 15
1704609690 9



# Sketch: 1
1704609114 21
1704609178 45
1704609242 33
1704609306 71
1704609370 65
1704609434 30
1704609498 32
1704609562 29
1704609626 37
1704609690 14



# Sketch: 2
1704609114 22
1704609178 27
1704609242 19
1704609306 32
1704609370 39
1704609434 51
1704609498 88
1704609562 21
1704609626 17
1704609690 2



# Sketch: 3
1704609114 33
1704609178 15
1704609242 20
1704609306 21
1704609370 27
1704609434 45
1704609498 36
1704609562 31
1704609626 41
1704609690 8



# Sketch: 4
1704609114 42
1704609178 25
1704609242 30
1704609306 24
1704609370 58
1704609434 20
1704609498 35
1704609562 24
1704609626 39
1704609690 5



# Sketch: 5
1704609114 30
1704609178 60
1704609242 25
1704609306 36
1704609370 28
1704609434 31
1704609498 40
1704609562 39
1704609626 39
1704609690 18



# Sketch: 6
1704609114 30
1704609178 31
1704609242 23
1704609306 28
1704609370 24
1704609434 45
1704609498 48
1704609562 45
1704609626 20
1704609690 12



# Sketch: 7
1704609114 35
1704609178 27
1704609242 41
1704609306 40
1704609370 23
1704609434 56
1704609498 35
1704609562 37
1704609626 35
1704609690 24



# Sketch: 8
1704609114 27
1704609178 20
1704609242 29
1704609306 34
1704609370 61
1704609434 30
1704609498 36
1704609562 33
1704609626 25
1704609690 7



# Sketch: 9
1704609114 17
1704609178 43
1704609242 24
1704609306 36
1704609370 24
1704609434 28
1704609498 30
1704609562 40
1704609626 24
1704609690 20



# Sketch: 10
1704609114 22
1704609178 18
1704609242 24
1704609306 42
1704609370 19
1704609434 25
1704609498 35
1704609562 32
1704609626 27
1704609690 7



# Sketch: 11
1704609114 15
1704609178 15
1704609242 32
1704609306 29
1704609370 27
1704609434 36
1704609498 39
1704609562 41
1704609626 32
1704609690 8



# Sketch: 12
1704609114 24
1704609178 33
1704609242 58
1704609306 50
1704609370 46
1704609434 48
1704609498 48
1704609562 66
1704609626 38
1704609690 10



# Sketch: 13
1704609114 28
1704609178 21
1704609242 27
1704609306 17
1704609370 29
1704609434 19
1704609498 44
1704609562 25
1704609626 21
1704609690 13



# Sketch: 14
1704609114 41
1704609178 29
1704609242 43
1704609306 26
1704609370 41
1704609434 37
1704609498 43
1704609562 53
1704609626 29
1704609690 21



# Sketch: 15
1704609114 18
1704609178 43
1704609242 14
1704609306 32
1704609370 53
1704609434 26
1704609498 40
1704609562 21
1704609626 39
1704609690 15



# Sketch: 16
1704609114 29
1704609178 34
1704609242 25
1704609306 27
1704609370 39
1704609434 54
1704609498 49
1704609562 58
1704609626 42
1704609690 8



# Sketch: 17
1704609114 41
1704609178 19
1704609242 38
1704609306 22
1704609370 38
1704609434 64
1704609498 35
1704609562 37
1704609626 28
1704609690 13



# Sketch: 18
1704609114 15
1704609178 29
1704609242 23
1704609306 41
1704609370 21
1704609434 36
1704609498 35
1704609562 45
1704609626 30
1704609690 16



# Sketch: 19
1704609114 39
1704609178 26
1704609242 41
1704609306 39
1704609370 61
1704609434 44
1704609498 64
1704609562 33
1704609626 41
1704609690 8



# Sketch: 20
1704609114 35
1704609178 47
1704609242 32
1704609306 41
1704609370 24
1704609434 36
1704609498 39
1704609562 30
1704609626 53
1704609690 10



# Sketch: 21
1704609114 35
1704609178 29
1704609242 46
1704609306 39
1704609370 40
1704609434 40
1704609498 52
1704609562 48
1704609626 32
1704609690 5



# Sketch: 22
1704609114 34
1704609178 30
1704609242 21
1704609306 18
1704609370 31
1704609434 32
1704609498 34
1704609562 34
1704609626 28
1704609690 14



# Sketch: 23
1704609114 27
1704609178 22
1704609242 23
1704609306 34
1704609370 47
1704609434 39
1704609498 39
1704609562 51
1704609626 32
1704609690 2



# Sketch: 24
1704609114 35
1704609178 76
1704609242 49
1704609306 33
1704609370 42
1704609434 30
1704609498 31
1704609562 48
1704609626 36
1704609690 12



# Sketch: 25
1704609114 37
1704609178 21
1704609242 25
1704609306 39
1704609370 36
1704609434 23
1704609498 31
1704609562 29
1704609626 17
1704609690 8



# Sketch: 26
1704609114 35
1704609178 16
1704609242 13
1704609306 21
1704609370 36
1704609434 18
1704609498 25
1704609562 52
1704609626 19
1704609690 11



# Sketch: 27
1704609114 22
1704609178 40
1704609242 38
1704609306 19
1704609370 51
1704609434 36
1704609498 32
1704609562 27
1704609626 35
1704609690 9



# Sketch: 28
1704609114 34
1704609178 25
1704609242 54
1704609306 24
1704609370 21
1704609434 41
1704609498 34
1704609562 28
1704609626 17
1704609690 4



# Sketch: 29
1704609114 22
1704609178 35
1704609242 18
1704609306 19
1704609370 19
1704609434 60
1704609498 34
1704609562 31
1704609626 24
1704609690 13



# Sketch: 30
1704609114 18
1704609178 27
1704609242 23
1704609306 19
1704609370 40
1704609434 63
1704609498 53
1704609562 15
1704609626 13
1704609690 3



# Sketch: 31
1704609114 31
1704609178 21
1704609242 42
1704609306 36
1704609370 42
1704609434 42
1704609498 15
1704609562 33
1704609626 23
1704609690 9

