

# Sketch: 0
1704609114 89
1704609242 70
1704609370 61
1704609498 68
1704609626 43



# Sketch: 1
1704609114 63
1704609242 61
1704609370 71
1704609498 64
1704609626 42



# Sketch: 2
1704609114 52
1704609242 50
1704609370 79
1704609498 65
1704609626 41



# Sketch: 3
1704609114 54
1704609242 50
1704609370 71
1704609498 84
1704609626 35



# Sketch: 4
1704609114 64
1704609242 58
1704609370 58
1704609498 79
1704609626 40



# Sketch: 5
1704609114 68
1704609242 69
1704609370 80
1704609498 74
1704609626 29



# Sketch: 6
1704609114 55
1704609242 57
1704609370 61
1704609498 79
1704609626 40



# Sketch: 7
1704609114 51
1704609242 61
1704609370 68
1704609498 59
1704609626 41



# Sketch: 8
1704609114 44
1704609242 54
1704609370 105
1704609498 69
1704609626 32



# Sketch: 9
1704609114 55
1704609242 49
1704609370 97
1704609498 42
1704609626 25



# Sketch: 10
1704609114 57
1704609242 109
1704609370 90
1704609498 67
1704609626 41



# Sketch: 11
1704609114 40
1704609242 59
1704609370 53
1704609498 59
1704609626 30



# Sketch: 12
1704609114 84
1704609242 78
1704609370 78
1704609498 106
1704609626 75



# Sketch: 13
1704609114 49
1704609242 56
1704609370 71
1704609498 62
1704609626 52



# Sketch: 14
1704609114 59
1704609242 69
1704609370 84
1704609498 117
1704609626 37



# Sketch: 15
1704609114 59
1704609242 61
1704609370 89
1704609498 94
1704609626 50



# Sketch: 16
1704609114 57
1704609242 51
1704609370 83
1704609498 63
1704609626 39



# Sketch: 17
1704609114 57
1704609242 57
1704609370 57
1704609498 46
1704609626 51



# Sketch: 18
1704609114 75
1704609242 92
1704609370 108
1704609498 111
1704609626 76



# Sketch: 19
1704609114 78
1704609242 65
1704609370 113
1704609498 70
1704609626 41



# Sketch: 20
1704609114 56
1704609242 67
1704609370 79
1704609498 113
1704609626 33



# Sketch: 21
1704609114 50
1704609242 57
1704609370 50
1704609498 69
1704609626 33



# Sketch: 22
1704609114 53
1704609242 47
1704609370 54
1704609498 80
1704609626 31



# Sketch: 23
1704609114 51
1704609242 49
1704609370 67
1704609498 92
1704609626 38



# Sketch: 24
1704609114 37
1704609242 45
1704609370 84
1704609498 113
1704609626 40



# Sketch: 25
1704609114 94
1704609242 59
1704609370 83
1704609498 58
1704609626 39



# Sketch: 26
1704609114 67
1704609242 78
1704609370 71
1704609498 62
1704609626 27



# Sketch: 27
1704609114 66
1704609242 78
1704609370 80
1704609498 80
1704609626 56



# Sketch: 28
1704609114 46
1704609242 76
1704609370 63
1704609498 48
1704609626 31



# Sketch: 29
1704609114 46
1704609242 44
1704609370 37
1704609498 77
1704609626 35



# Sketch: 30
1704609114 82
1704609242 80
1704609370 82
1704609498 57
1704609626 30



# Sketch: 31
1704609114 49
1704609242 44
1704609370 72
1704609498 93
1704609626 33

