

# Sketch: 0
1704609714 7
1704609730 22
1704609746 3
1704609762 13
1704609778 8
1704609794 10
1704609810 19
1704609826 10
1704609842 20
1704609858 8
1704609874 14
1704609890 12
1704609906 6
1704609922 11
1704609938 11
1704609954 10
1704609970 15
1704609986 9
1704610002 9
1704610018 17
1704610034 19
1704610050 13
1704610066 23
1704610082 16
1704610098 8
1704610114 14
1704610130 33
1704610146 18
1704610162 6
1704610178 7
1704610194 28
1704610210 31
1704610226 17
1704610242 10
1704610258 7
1704610274 5
1704610290 5
1704610306 13



# Sketch: 1
1704609714 13
1704609730 8
1704609746 18
1704609762 2
1704609778 4
1704609794 3
1704609810 4
1704609826 4
1704609842 7
1704609858 5
1704609874 5
1704609890 18
1704609906 2
1704609922 4
1704609938 11
1704609954 5
1704609970 21
1704609986 4
1704610002 6
1704610018 12
1704610034 8
1704610050 7
1704610066 7
1704610082 21
1704610098 6
1704610114 22
1704610130 8
1704610146 9
1704610162 10
1704610178 14
1704610194 19
1704610210 21
1704610226 14
1704610242 9
1704610258 5
1704610274 11
1704610290 8
1704610306 9



# Sketch: 2
1704609714 4
1704609730 22
1704609746 1
1704609762 5
1704609778 5
1704609794 8
1704609810 5
1704609826 4
1704609842 4
1704609858 7
1704609874 3
1704609890 3
1704609906 11
1704609922 8
1704609938 7
1704609954 7
1704609970 9
1704609986 4
1704610002 1
1704610018 29
1704610034 7
1704610050 13
1704610066 14
1704610082 6
1704610098 14
1704610114 17
1704610130 13
1704610146 12
1704610162 8
1704610178 7
1704610194 8
1704610210 14
1704610226 10
1704610242 21
1704610258 13
1704610274 6
1704610290 12
1704610306 8



# Sketch: 3
1704609714 6
1704609730 11
1704609746 4
1704609762 2
1704609778 4
1704609794 3
1704609810 7
1704609826 6
1704609842 8
1704609858 10
1704609874 6
1704609890 10
1704609906 3
1704609922 7
1704609938 12
1704609954 16
1704609970 13
1704609986 4
1704610002 18
1704610018 5
1704610034 24
1704610050 11
1704610066 11
1704610082 19
1704610098 14
1704610114 7
1704610130 20
1704610146 17
1704610162 10
1704610178 6
1704610194 9
1704610210 20
1704610226 20
1704610242 8
1704610258 9
1704610274 4
1704610290 8
1704610306 3



# Sketch: 4
1704609714 22
1704609730 19
1704609746 4
1704609762 2
1704609778 12
1704609794 6
1704609810 3
1704609826 3
1704609842 18
1704609858 7
1704609874 20
1704609890 7
1704609906 11
1704609922 13
1704609938 6
1704609954 9
1704609970 16
1704609986 6
1704610002 9
1704610018 14
1704610034 14
1704610050 6
1704610066 45
1704610082 25
1704610098 19
1704610114 14
1704610130 6
1704610146 25
1704610162 12
1704610178 16
1704610194 14
1704610210 19
1704610226 13
1704610242 10
1704610258 1
1704610274 16
1704610290 21
1704610306 1



# Sketch: 5
1704609714 10
1704609730 5
1704609746 7
1704609762 3
1704609778 4
1704609794 2
1704609810 5
1704609826 15
1704609842 9
1704609858 5
1704609874 7
1704609890 7
1704609906 6
1704609922 25
1704609938 10
1704609954 6
1704609970 9
1704609986 2
1704610002 9
1704610018 14
1704610034 19
1704610050 10
1704610066 13
1704610082 16
1704610098 7
1704610114 2
1704610130 17
1704610146 6
1704610162 17
1704610178 10
1704610194 35
1704610210 15
1704610226 13
1704610242 9
1704610258 12
1704610274 5
1704610290 9
1704610306 4



# Sketch: 6
1704609714 3
1704609730 12
1704609746 6
1704609762 6
1704609778 3
1704609794 5
1704609810 5
1704609826 5
1704609842 10
1704609858 4
1704609874 7
1704609890 7
1704609906 7
1704609922 20
1704609938 22
1704609954 13
1704609970 6
1704609986 12
1704610002 5
1704610018 5
1704610034 7
1704610050 14
1704610066 15
1704610082 12
1704610098 6
1704610114 14
1704610130 14
1704610146 9
1704610162 16
1704610178 18
1704610194 18
1704610210 12
1704610226 15
1704610242 11
1704610258 11
1704610274 12
1704610290 2
1704610306 10



# Sketch: 7
1704609714 3
1704609730 6
1704609746 12
1704609762 6
1704609778 5
1704609794 6
1704609810 5
1704609826 4
1704609842 3
1704609858 7
1704609874 9
1704609890 11
1704609906 6
1704609922 8
1704609938 5
1704609954 4
1704609970 10
1704609986 0
1704610002 9
1704610018 11
1704610034 11
1704610050 5
1704610066 12
1704610082 12
1704610098 10
1704610114 10
1704610130 26
1704610146 7
1704610162 12
1704610178 16
1704610194 10
1704610210 22
1704610226 21
1704610242 8
1704610258 6
1704610274 3
1704610290 7
1704610306 5



# Sketch: 8
1704609714 7
1704609730 4
1704609746 1
1704609762 7
1704609778 6
1704609794 6
1704609810 2
1704609826 7
1704609842 0
1704609858 6
1704609874 3
1704609890 3
1704609906 6
1704609922 8
1704609938 3
1704609954 1
1704609970 5
1704609986 3
1704610002 8
1704610018 9
1704610034 10
1704610050 19
1704610066 20
1704610082 11
1704610098 20
1704610114 24
1704610130 25
1704610146 6
1704610162 12
1704610178 18
1704610194 15
1704610210 6
1704610226 14
1704610242 10
1704610258 8
1704610274 11
1704610290 15
1704610306 2



# Sketch: 9
1704609714 9
1704609730 10
1704609746 10
1704609762 6
1704609778 2
1704609794 6
1704609810 10
1704609826 5
1704609842 18
1704609858 20
1704609874 19
1704609890 15
1704609906 7
1704609922 7
1704609938 5
1704609954 10
1704609970 6
1704609986 6
1704610002 6
1704610018 15
1704610034 11
1704610050 15
1704610066 9
1704610082 16
1704610098 4
1704610114 1
1704610130 17
1704610146 5
1704610162 10
1704610178 4
1704610194 22
1704610210 22
1704610226 13
1704610242 5
1704610258 12
1704610274 7
1704610290 8
1704610306 11



# Sketch: 10
1704609714 5
1704609730 7
1704609746 6
1704609762 5
1704609778 17
1704609794 6
1704609810 8
1704609826 7
1704609842 14
1704609858 10
1704609874 8
1704609890 18
1704609906 14
1704609922 14
1704609938 15
1704609954 20
1704609970 50
1704609986 13
1704610002 11
1704610018 36
1704610034 13
1704610050 17
1704610066 13
1704610082 15
1704610098 16
1704610114 11
1704610130 18
1704610146 13
1704610162 11
1704610178 13
1704610194 17
1704610210 17
1704610226 10
1704610242 12
1704610258 18
1704610274 12
1704610290 10
1704610306 2



# Sketch: 11
1704609714 9
1704609730 7
1704609746 7
1704609762 10
1704609778 9
1704609794 0
1704609810 10
1704609826 3
1704609842 5
1704609858 2
1704609874 4
1704609890 5
1704609906 7
1704609922 9
1704609938 12
1704609954 21
1704609970 3
1704609986 7
1704610002 7
1704610018 13
1704610034 20
1704610050 20
1704610066 17
1704610082 13
1704610098 12
1704610114 10
1704610130 15
1704610146 12
1704610162 16
1704610178 12
1704610194 10
1704610210 23
1704610226 19
1704610242 12
1704610258 2
1704610274 4
1704610290 10
1704610306 16



# Sketch: 12
1704609714 8
1704609730 6
1704609746 3
1704609762 5
1704609778 17
1704609794 6
1704609810 8
1704609826 4
1704609842 15
1704609858 3
1704609874 14
1704609890 1
1704609906 3
1704609922 16
1704609938 34
1704609954 18
1704609970 16
1704609986 12
1704610002 11
1704610018 10
1704610034 17
1704610050 3
1704610066 10
1704610082 13
1704610098 11
1704610114 8
1704610130 6
1704610146 9
1704610162 15
1704610178 11
1704610194 8
1704610210 13
1704610226 25
1704610242 7
1704610258 3
1704610274 6
1704610290 8
1704610306 4



# Sketch: 13
1704609714 11
1704609730 6
1704609746 3
1704609762 6
1704609778 5
1704609794 5
1704609810 4
1704609826 4
1704609842 4
1704609858 4
1704609874 16
1704609890 2
1704609906 5
1704609922 7
1704609938 6
1704609954 11
1704609970 11
1704609986 14
1704610002 7
1704610018 5
1704610034 4
1704610050 8
1704610066 8
1704610082 19
1704610098 11
1704610114 13
1704610130 31
1704610146 22
1704610162 19
1704610178 7
1704610194 7
1704610210 11
1704610226 20
1704610242 8
1704610258 20
1704610274 9
1704610290 13
1704610306 2



# Sketch: 14
1704609714 8
1704609730 5
1704609746 4
1704609762 8
1704609778 9
1704609794 12
1704609810 7
1704609826 4
1704609842 5
1704609858 5
1704609874 7
1704609890 10
1704609906 12
1704609922 6
1704609938 11
1704609954 4
1704609970 6
1704609986 12
1704610002 6
1704610018 18
1704610034 8
1704610050 19
1704610066 16
1704610082 24
1704610098 23
1704610114 15
1704610130 8
1704610146 10
1704610162 10
1704610178 9
1704610194 2
1704610210 25
1704610226 12
1704610242 4
1704610258 8
1704610274 9
1704610290 5
1704610306 5



# Sketch: 15
1704609714 3
1704609730 7
1704609746 7
1704609762 13
1704609778 3
1704609794 9
1704609810 7
1704609826 12
1704609842 3
1704609858 9
1704609874 6
1704609890 7
1704609906 7
1704609922 9
1704609938 6
1704609954 9
1704609970 8
1704609986 4
1704610002 8
1704610018 4
1704610034 11
1704610050 13
1704610066 11
1704610082 15
1704610098 23
1704610114 15
1704610130 26
1704610146 10
1704610162 11
1704610178 17
1704610194 10
1704610210 6
1704610226 8
1704610242 12
1704610258 5
1704610274 2
1704610290 15
1704610306 14



# Sketch: 16
1704609714 6
1704609730 5
1704609746 4
1704609762 8
1704609778 4
1704609794 3
1704609810 4
1704609826 0
1704609842 10
1704609858 11
1704609874 8
1704609890 12
1704609906 9
1704609922 2
1704609938 5
1704609954 1
1704609970 11
1704609986 12
1704610002 10
1704610018 20
1704610034 10
1704610050 18
1704610066 13
1704610082 8
1704610098 10
1704610114 7
1704610130 14
1704610146 10
1704610162 12
1704610178 15
1704610194 14
1704610210 14
1704610226 8
1704610242 6
1704610258 17
1704610274 15
1704610290 7
1704610306 5



# Sketch: 17
1704609714 9
1704609730 12
1704609746 3
1704609762 6
1704609778 13
1704609794 10
1704609810 8
1704609826 11
1704609842 10
1704609858 8
1704609874 3
1704609890 9
1704609906 5
1704609922 9
1704609938 24
1704609954 7
1704609970 6
1704609986 6
1704610002 7
1704610018 12
1704610034 11
1704610050 12
1704610066 9
1704610082 18
1704610098 9
1704610114 15
1704610130 14
1704610146 11
1704610162 17
1704610178 9
1704610194 13
1704610210 12
1704610226 16
1704610242 16
1704610258 5
1704610274 14
1704610290 10
1704610306 3



# Sketch: 18
1704609714 14
1704609730 14
1704609746 6
1704609762 5
1704609778 6
1704609794 24
1704609810 1
1704609826 2
1704609842 3
1704609858 4
1704609874 14
1704609890 15
1704609906 8
1704609922 5
1704609938 9
1704609954 3
1704609970 17
1704609986 2
1704610002 1
1704610018 18
1704610034 8
1704610050 17
1704610066 31
1704610082 33
1704610098 6
1704610114 9
1704610130 7
1704610146 18
1704610162 8
1704610178 1
1704610194 13
1704610210 20
1704610226 16
1704610242 8
1704610258 9
1704610274 5
1704610290 16
1704610306 3



# Sketch: 19
1704609714 7
1704609730 9
1704609746 1
1704609762 0
1704609778 6
1704609794 10
1704609810 8
1704609826 5
1704609842 2
1704609858 6
1704609874 2
1704609890 10
1704609906 7
1704609922 7
1704609938 5
1704609954 5
1704609970 13
1704609986 3
1704610002 9
1704610018 11
1704610034 10
1704610050 22
1704610066 11
1704610082 16
1704610098 10
1704610114 21
1704610130 13
1704610146 9
1704610162 14
1704610178 5
1704610194 7
1704610210 22
1704610226 8
1704610242 11
1704610258 3
1704610274 5
1704610290 6
1704610306 5



# Sketch: 20
1704609714 13
1704609730 18
1704609746 12
1704609762 2
1704609778 8
1704609794 6
1704609810 7
1704609826 3
1704609842 22
1704609858 3
1704609874 6
1704609890 16
1704609906 4
1704609922 34
1704609938 8
1704609954 9
1704609970 8
1704609986 7
1704610002 7
1704610018 22
1704610034 12
1704610050 5
1704610066 18
1704610082 16
1704610098 15
1704610114 14
1704610130 20
1704610146 15
1704610162 16
1704610178 7
1704610194 10
1704610210 13
1704610226 13
1704610242 13
1704610258 15
1704610274 8
1704610290 10
1704610306 2



# Sketch: 21
1704609714 5
1704609730 4
1704609746 13
1704609762 6
1704609778 2
1704609794 6
1704609810 4
1704609826 8
1704609842 3
1704609858 4
1704609874 22
1704609890 6
1704609906 8
1704609922 9
1704609938 8
1704609954 6
1704609970 6
1704609986 10
1704610002 5
1704610018 14
1704610034 7
1704610050 8
1704610066 19
1704610082 17
1704610098 13
1704610114 20
1704610130 10
1704610146 16
1704610162 12
1704610178 18
1704610194 12
1704610210 13
1704610226 8
1704610242 3
1704610258 13
1704610274 11
1704610290 4
1704610306 2



# Sketch: 22
1704609714 9
1704609730 4
1704609746 2
1704609762 9
1704609778 3
1704609794 0
1704609810 5
1704609826 4
1704609842 12
1704609858 7
1704609874 13
1704609890 11
1704609906 7
1704609922 20
1704609938 7
1704609954 14
1704609970 8
1704609986 4
1704610002 14
1704610018 17
1704610034 18
1704610050 13
1704610066 17
1704610082 16
1704610098 26
1704610114 17
1704610130 30
1704610146 14
1704610162 21
1704610178 22
1704610194 12
1704610210 8
1704610226 15
1704610242 14
1704610258 6
1704610274 4
1704610290 13
1704610306 29



# Sketch: 23
1704609714 11
1704609730 8
1704609746 4
1704609762 6
1704609778 15
1704609794 8
1704609810 10
1704609826 3
1704609842 9
1704609858 8
1704609874 1
1704609890 9
1704609906 9
1704609922 18
1704609938 4
1704609954 22
1704609970 14
1704609986 6
1704610002 15
1704610018 43
1704610034 25
1704610050 23
1704610066 11
1704610082 23
1704610098 15
1704610114 20
1704610130 23
1704610146 25
1704610162 21
1704610178 18
1704610194 17
1704610210 8
1704610226 8
1704610242 11
1704610258 17
1704610274 13
1704610290 28
1704610306 5



# Sketch: 24
1704609714 9
1704609730 11
1704609746 11
1704609762 5
1704609778 4
1704609794 8
1704609810 10
1704609826 6
1704609842 9
1704609858 8
1704609874 13
1704609890 19
1704609906 28
1704609922 10
1704609938 6
1704609954 8
1704609970 23
1704609986 10
1704610002 10
1704610018 12
1704610034 15
1704610050 17
1704610066 5
1704610082 17
1704610098 14
1704610114 14
1704610130 18
1704610146 10
1704610162 12
1704610178 20
1704610194 6
1704610210 20
1704610226 15
1704610242 9
1704610258 5
1704610274 6
1704610290 7
1704610306 3



# Sketch: 25
1704609714 8
1704609730 6
1704609746 5
1704609762 2
1704609778 2
1704609794 2
1704609810 7
1704609826 10
1704609842 1
1704609858 9
1704609874 5
1704609890 3
1704609906 6
1704609922 5
1704609938 7
1704609954 4
1704609970 8
1704609986 10
1704610002 9
1704610018 10
1704610034 4
1704610050 10
1704610066 15
1704610082 13
1704610098 11
1704610114 10
1704610130 15
1704610146 12
1704610162 16
1704610178 7
1704610194 12
1704610210 18
1704610226 17
1704610242 7
1704610258 6
1704610274 7
1704610290 12
1704610306 6



# Sketch: 26
1704609714 7
1704609730 14
1704609746 12
1704609762 5
1704609778 5
1704609794 6
1704609810 1
1704609826 4
1704609842 20
1704609858 14
1704609874 8
1704609890 8
1704609906 6
1704609922 9
1704609938 11
1704609954 10
1704609970 5
1704609986 8
1704610002 5
1704610018 11
1704610034 23
1704610050 16
1704610066 11
1704610082 22
1704610098 17
1704610114 31
1704610130 18
1704610146 8
1704610162 9
1704610178 13
1704610194 10
1704610210 27
1704610226 12
1704610242 11
1704610258 6
1704610274 9
1704610290 15
1704610306 5



# Sketch: 27
1704609714 4
1704609730 10
1704609746 8
1704609762 4
1704609778 11
1704609794 11
1704609810 5
1704609826 9
1704609842 4
1704609858 4
1704609874 5
1704609890 3
1704609906 4
1704609922 3
1704609938 10
1704609954 7
1704609970 13
1704609986 5
1704610002 5
1704610018 20
1704610034 16
1704610050 14
1704610066 15
1704610082 9
1704610098 12
1704610114 11
1704610130 7
1704610146 7
1704610162 10
1704610178 8
1704610194 12
1704610210 12
1704610226 7
1704610242 10
1704610258 20
1704610274 3
1704610290 16
1704610306 9



# Sketch: 28
1704609714 7
1704609730 15
1704609746 6
1704609762 4
1704609778 3
1704609794 7
1704609810 4
1704609826 3
1704609842 14
1704609858 12
1704609874 14
1704609890 9
1704609906 12
1704609922 13
1704609938 6
1704609954 11
1704609970 6
1704609986 6
1704610002 15
1704610018 16
1704610034 8
1704610050 11
1704610066 9
1704610082 24
1704610098 11
1704610114 7
1704610130 17
1704610146 16
1704610162 7
1704610178 5
1704610194 49
1704610210 25
1704610226 22
1704610242 8
1704610258 8
1704610274 9
1704610290 8
1704610306 21



# Sketch: 29
1704609714 5
1704609730 5
1704609746 2
1704609762 9
1704609778 16
1704609794 4
1704609810 8
1704609826 12
1704609842 8
1704609858 3
1704609874 4
1704609890 24
1704609906 11
1704609922 11
1704609938 4
1704609954 4
1704609970 10
1704609986 4
1704610002 16
1704610018 7
1704610034 9
1704610050 7
1704610066 4
1704610082 10
1704610098 14
1704610114 13
1704610130 12
1704610146 8
1704610162 9
1704610178 12
1704610194 11
1704610210 23
1704610226 13
1704610242 18
1704610258 23
1704610274 10
1704610290 12
1704610306 6



# Sketch: 30
1704609714 4
1704609730 4
1704609746 2
1704609762 5
1704609778 3
1704609794 6
1704609810 5
1704609826 9
1704609842 21
1704609858 2
1704609874 9
1704609890 6
1704609906 2
1704609922 7
1704609938 14
1704609954 3
1704609970 1
1704609986 6
1704610002 11
1704610018 15
1704610034 8
1704610050 17
1704610066 7
1704610082 19
1704610098 19
1704610114 3
1704610130 5
1704610146 12
1704610162 11
1704610178 25
1704610194 13
1704610210 12
1704610226 23
1704610242 7
1704610258 13
1704610274 13
1704610290 13
1704610306 7



# Sketch: 31
1704609714 11
1704609730 4
1704609746 6
1704609762 2
1704609778 12
1704609794 14
1704609810 14
1704609826 10
1704609842 10
1704609858 9
1704609874 5
1704609890 11
1704609906 14
1704609922 18
1704609938 9
1704609954 19
1704609970 24
1704609986 6
1704610002 6
1704610018 33
1704610034 30
1704610050 22
1704610066 13
1704610082 13
1704610098 13
1704610114 16
1704610130 17
1704610146 19
1704610162 15
1704610178 31
1704610194 22
1704610210 18
1704610226 18
1704610242 7
1704610258 12
1704610274 8
1704610290 14
1704610306 3

