

# Sketch: 0
1704609714 25
1704609746 8
1704609778 12
1704609810 8
1704609842 6
1704609874 17
1704609906 16
1704609938 13
1704609970 17
1704610002 24
1704610034 12
1704610066 19
1704610098 22
1704610130 29
1704610162 32
1704610194 18
1704610226 25
1704610258 17
1704610290 19



# Sketch: 1
1704609714 16
1704609746 6
1704609778 9
1704609810 13
1704609842 6
1704609874 25
1704609906 28
1704609938 12
1704609970 19
1704610002 15
1704610034 31
1704610066 25
1704610098 46
1704610130 30
1704610162 22
1704610194 33
1704610226 21
1704610258 18
1704610290 12



# Sketch: 2
1704609714 22
1704609746 10
1704609778 25
1704609810 12
1704609842 7
1704609874 14
1704609906 29
1704609938 31
1704609970 20
1704610002 53
1704610034 39
1704610066 30
1704610098 54
1704610130 30
1704610162 27
1704610194 37
1704610226 25
1704610258 27
1704610290 17



# Sketch: 3
1704609714 15
1704609746 5
1704609778 5
1704609810 8
1704609842 10
1704609874 16
1704609906 15
1704609938 10
1704609970 12
1704610002 16
1704610034 37
1704610066 31
1704610098 31
1704610130 16
1704610162 18
1704610194 21
1704610226 19
1704610258 13
1704610290 19



# Sketch: 4
1704609714 11
1704609746 9
1704609778 8
1704609810 28
1704609842 13
1704609874 11
1704609906 14
1704609938 8
1704609970 12
1704610002 21
1704610034 22
1704610066 22
1704610098 20
1704610130 25
1704610162 16
1704610194 31
1704610226 20
1704610258 8
1704610290 14



# Sketch: 5
1704609714 17
1704609746 10
1704609778 3
1704609810 3
1704609842 10
1704609874 22
1704609906 12
1704609938 24
1704609970 32
1704610002 14
1704610034 27
1704610066 24
1704610098 25
1704610130 19
1704610162 27
1704610194 22
1704610226 31
1704610258 12
1704610290 12



# Sketch: 6
1704609714 24
1704609746 13
1704609778 32
1704609810 13
1704609842 34
1704609874 14
1704609906 20
1704609938 16
1704609970 22
1704610002 18
1704610034 26
1704610066 38
1704610098 24
1704610130 28
1704610162 23
1704610194 37
1704610226 26
1704610258 22
1704610290 22



# Sketch: 7
1704609714 14
1704609746 9
1704609778 9
1704609810 11
1704609842 17
1704609874 17
1704609906 13
1704609938 13
1704609970 13
1704610002 16
1704610034 21
1704610066 40
1704610098 29
1704610130 29
1704610162 19
1704610194 22
1704610226 16
1704610258 14
1704610290 13



# Sketch: 8
1704609714 10
1704609746 8
1704609778 17
1704609810 4
1704609842 11
1704609874 16
1704609906 11
1704609938 23
1704609970 12
1704610002 16
1704610034 28
1704610066 37
1704610098 11
1704610130 20
1704610162 23
1704610194 21
1704610226 37
1704610258 14
1704610290 13



# Sketch: 9
1704609714 18
1704609746 7
1704609778 12
1704609810 9
1704609842 8
1704609874 24
1704609906 27
1704609938 28
1704609970 13
1704610002 26
1704610034 19
1704610066 38
1704610098 24
1704610130 15
1704610162 16
1704610194 25
1704610226 31
1704610258 9
1704610290 16



# Sketch: 10
1704609714 17
1704609746 9
1704609778 15
1704609810 15
1704609842 28
1704609874 7
1704609906 28
1704609938 15
1704609970 33
1704610002 20
1704610034 29
1704610066 25
1704610098 21
1704610130 30
1704610162 12
1704610194 19
1704610226 12
1704610258 26
1704610290 26



# Sketch: 11
1704609714 34
1704609746 20
1704609778 14
1704609810 20
1704609842 26
1704609874 21
1704609906 20
1704609938 28
1704609970 23
1704610002 24
1704610034 31
1704610066 27
1704610098 25
1704610130 35
1704610162 15
1704610194 22
1704610226 36
1704610258 19
1704610290 10



# Sketch: 12
1704609714 10
1704609746 21
1704609778 16
1704609810 13
1704609842 21
1704609874 29
1704609906 14
1704609938 15
1704609970 6
1704610002 23
1704610034 19
1704610066 28
1704610098 28
1704610130 22
1704610162 43
1704610194 34
1704610226 25
1704610258 12
1704610290 27



# Sketch: 13
1704609714 12
1704609746 7
1704609778 27
1704609810 9
1704609842 19
1704609874 25
1704609906 9
1704609938 16
1704609970 17
1704610002 8
1704610034 39
1704610066 50
1704610098 30
1704610130 21
1704610162 26
1704610194 51
1704610226 20
1704610258 14
1704610290 29



# Sketch: 14
1704609714 14
1704609746 31
1704609778 11
1704609810 16
1704609842 25
1704609874 24
1704609906 25
1704609938 14
1704609970 23
1704610002 28
1704610034 22
1704610066 20
1704610098 36
1704610130 25
1704610162 12
1704610194 33
1704610226 37
1704610258 10
1704610290 11



# Sketch: 15
1704609714 13
1704609746 7
1704609778 16
1704609810 14
1704609842 12
1704609874 18
1704609906 9
1704609938 16
1704609970 25
1704610002 32
1704610034 25
1704610066 61
1704610098 33
1704610130 37
1704610162 29
1704610194 31
1704610226 24
1704610258 14
1704610290 14



# Sketch: 16
1704609714 20
1704609746 12
1704609778 10
1704609810 9
1704609842 27
1704609874 27
1704609906 19
1704609938 9
1704609970 7
1704610002 18
1704610034 24
1704610066 18
1704610098 28
1704610130 58
1704610162 23
1704610194 30
1704610226 27
1704610258 16
1704610290 14



# Sketch: 17
1704609714 8
1704609746 14
1704609778 8
1704609810 9
1704609842 12
1704609874 20
1704609906 19
1704609938 18
1704609970 13
1704610002 22
1704610034 20
1704610066 37
1704610098 11
1704610130 44
1704610162 23
1704610194 26
1704610226 33
1704610258 18
1704610290 15



# Sketch: 18
1704609714 15
1704609746 12
1704609778 9
1704609810 13
1704609842 9
1704609874 19
1704609906 22
1704609938 11
1704609970 18
1704610002 15
1704610034 27
1704610066 29
1704610098 23
1704610130 40
1704610162 26
1704610194 39
1704610226 19
1704610258 13
1704610290 13



# Sketch: 19
1704609714 23
1704609746 20
1704609778 9
1704609810 10
1704609842 19
1704609874 22
1704609906 11
1704609938 15
1704609970 6
1704610002 30
1704610034 36
1704610066 35
1704610098 39
1704610130 22
1704610162 28
1704610194 40
1704610226 17
1704610258 15
1704610290 21



# Sketch: 20
1704609714 20
1704609746 19
1704609778 9
1704609810 15
1704609842 11
1704609874 23
1704609906 20
1704609938 11
1704609970 17
1704610002 27
1704610034 31
1704610066 17
1704610098 27
1704610130 34
1704610162 18
1704610194 26
1704610226 29
1704610258 11
1704610290 22



# Sketch: 21
1704609714 16
1704609746 8
1704609778 27
1704609810 31
1704609842 8
1704609874 13
1704609906 40
1704609938 29
1704609970 34
1704610002 40
1704610034 38
1704610066 34
1704610098 23
1704610130 33
1704610162 34
1704610194 37
1704610226 10
1704610258 26
1704610290 37



# Sketch: 22
1704609714 22
1704609746 8
1704609778 25
1704609810 15
1704609842 8
1704609874 18
1704609906 12
1704609938 10
1704609970 21
1704610002 35
1704610034 23
1704610066 25
1704610098 17
1704610130 24
1704610162 52
1704610194 27
1704610226 30
1704610258 14
1704610290 15



# Sketch: 23
1704609714 12
1704609746 8
1704609778 5
1704609810 12
1704609842 17
1704609874 10
1704609906 15
1704609938 11
1704609970 10
1704610002 18
1704610034 12
1704610066 32
1704610098 28
1704610130 38
1704610162 14
1704610194 32
1704610226 35
1704610258 17
1704610290 17



# Sketch: 24
1704609714 13
1704609746 9
1704609778 13
1704609810 6
1704609842 23
1704609874 15
1704609906 16
1704609938 40
1704609970 21
1704610002 15
1704610034 21
1704610066 24
1704610098 15
1704610130 17
1704610162 22
1704610194 67
1704610226 23
1704610258 36
1704610290 10



# Sketch: 25
1704609714 25
1704609746 17
1704609778 16
1704609810 15
1704609842 29
1704609874 15
1704609906 16
1704609938 60
1704609970 20
1704610002 18
1704610034 29
1704610066 46
1704610098 30
1704610130 36
1704610162 47
1704610194 49
1704610226 23
1704610258 22
1704610290 18



# Sketch: 26
1704609714 21
1704609746 5
1704609778 9
1704609810 8
1704609842 15
1704609874 22
1704609906 25
1704609938 18
1704609970 28
1704610002 26
1704610034 18
1704610066 22
1704610098 13
1704610130 16
1704610162 27
1704610194 45
1704610226 33
1704610258 18
1704610290 15



# Sketch: 27
1704609714 22
1704609746 10
1704609778 20
1704609810 15
1704609842 23
1704609874 18
1704609906 20
1704609938 29
1704609970 36
1704610002 39
1704610034 29
1704610066 36
1704610098 25
1704610130 47
1704610162 38
1704610194 28
1704610226 23
1704610258 32
1704610290 16



# Sketch: 28
1704609714 19
1704609746 17
1704609778 13
1704609810 20
1704609842 28
1704609874 15
1704609906 19
1704609938 16
1704609970 13
1704610002 28
1704610034 24
1704610066 31
1704610098 26
1704610130 20
1704610162 24
1704610194 21
1704610226 22
1704610258 31
1704610290 22



# Sketch: 29
1704609714 16
1704609746 14
1704609778 12
1704609810 13
1704609842 14
1704609874 13
1704609906 12
1704609938 17
1704609970 12
1704610002 31
1704610034 19
1704610066 25
1704610098 20
1704610130 26
1704610162 21
1704610194 31
1704610226 11
1704610258 23
1704610290 21



# Sketch: 30
1704609714 26
1704609746 8
1704609778 11
1704609810 6
1704609842 15
1704609874 13
1704609906 30
1704609938 14
1704609970 22
1704610002 42
1704610034 34
1704610066 31
1704610098 39
1704610130 28
1704610162 31
1704610194 29
1704610226 19
1704610258 31
1704610290 21



# Sketch: 31
1704609714 7
1704609746 9
1704609778 17
1704609810 13
1704609842 14
1704609874 24
1704609906 19
1704609938 20
1704609970 17
1704610002 15
1704610034 30
1704610066 22
1704610098 21
1704610130 29
1704610162 18
1704610194 23
1704610226 19
1704610258 8
1704610290 19

