

# Sketch: 0
1704609714 48
1704609842 55
1704609970 95
1704610098 96
1704610226 57



# Sketch: 1
1704609714 29
1704609842 55
1704609970 86
1704610098 112
1704610226 39



# Sketch: 2
1704609714 54
1704609842 69
1704609970 108
1704610098 108
1704610226 53



# Sketch: 3
1704609714 36
1704609842 52
1704609970 85
1704610098 97
1704610226 63



# Sketch: 4
1704609714 65
1704609842 94
1704609970 85
1704610098 118
1704610226 50



# Sketch: 5
1704609714 46
1704609842 47
1704609970 116
1704610098 83
1704610226 85



# Sketch: 6
1704609714 37
1704609842 88
1704609970 124
1704610098 111
1704610226 42



# Sketch: 7
1704609714 66
1704609842 58
1704609970 94
1704610098 123
1704610226 63



# Sketch: 8
1704609714 66
1704609842 81
1704609970 96
1704610098 95
1704610226 76



# Sketch: 9
1704609714 50
1704609842 80
1704609970 96
1704610098 122
1704610226 53



# Sketch: 10
1704609714 56
1704609842 92
1704609970 110
1704610098 158
1704610226 55



# Sketch: 11
1704609714 36
1704609842 63
1704609970 71
1704610098 104
1704610226 55



# Sketch: 12
1704609714 54
1704609842 93
1704609970 102
1704610098 116
1704610226 85



# Sketch: 13
1704609714 78
1704609842 90
1704609970 125
1704610098 93
1704610226 35



# Sketch: 14
1704609714 55
1704609842 58
1704609970 78
1704610098 104
1704610226 67



# Sketch: 15
1704609714 80
1704609842 81
1704609970 142
1704610098 125
1704610226 83



# Sketch: 16
1704609714 50
1704609842 54
1704609970 89
1704610098 88
1704610226 64



# Sketch: 17
1704609714 55
1704609842 94
1704609970 102
1704610098 111
1704610226 71



# Sketch: 18
1704609714 62
1704609842 65
1704609970 98
1704610098 113
1704610226 59



# Sketch: 19
1704609714 69
1704609842 48
1704609970 116
1704610098 118
1704610226 59



# Sketch: 20
1704609714 47
1704609842 82
1704609970 118
1704610098 103
1704610226 59



# Sketch: 21
1704609714 66
1704609842 64
1704609970 95
1704610098 100
1704610226 46



# Sketch: 22
1704609714 74
1704609842 117
1704609970 138
1704610098 91
1704610226 58



# Sketch: 23
1704609714 38
1704609842 46
1704609970 71
1704610098 112
1704610226 63



# Sketch: 24
1704609714 64
1704609842 86
1704609970 91
1704610098 101
1704610226 88



# Sketch: 25
1704609714 40
1704609842 57
1704609970 67
1704610098 101
1704610226 48



# Sketch: 26
1704609714 67
1704609842 95
1704609970 107
1704610098 95
1704610226 65



# Sketch: 27
1704609714 96
1704609842 89
1704609970 106
1704610098 157
1704610226 71



# Sketch: 28
1704609714 47
1704609842 61
1704609970 100
1704610098 115
1704610226 50



# Sketch: 29
1704609714 51
1704609842 73
1704609970 83
1704610098 86
1704610226 52



# Sketch: 30
1704609714 52
1704609842 78
1704609970 95
1704610098 131
1704610226 64



# Sketch: 31
1704609714 43
1704609842 62
1704609970 99
1704610098 193
1704610226 50

