

# Sketch: 0
1704609714 67
1704609842 65
1704609970 89
1704610098 116
1704610226 50



# Sketch: 1
1704609714 37
1704609842 87
1704609970 67
1704610098 85
1704610226 49



# Sketch: 2
1704609714 44
1704609842 64
1704609970 73
1704610098 107
1704610226 85



# Sketch: 3
1704609714 37
1704609842 70
1704609970 113
1704610098 118
1704610226 63



# Sketch: 4
1704609714 100
1704609842 103
1704609970 135
1704610098 111
1704610226 85



# Sketch: 5
1704609714 72
1704609842 68
1704609970 99
1704610098 95
1704610226 54



# Sketch: 6
1704609714 55
1704609842 46
1704609970 97
1704610098 93
1704610226 75



# Sketch: 7
1704609714 66
1704609842 63
1704609970 125
1704610098 140
1704610226 44



# Sketch: 8
1704609714 70
1704609842 72
1704609970 131
1704610098 118
1704610226 77



# Sketch: 9
1704609714 49
1704609842 66
1704609970 108
1704610098 83
1704610226 54



# Sketch: 10
1704609714 72
1704609842 101
1704609970 145
1704610098 165
1704610226 78



# Sketch: 11
1704609714 43
1704609842 69
1704609970 81
1704610098 85
1704610226 58



# Sketch: 12
1704609714 38
1704609842 60
1704609970 90
1704610098 118
1704610226 33



# Sketch: 13
1704609714 37
1704609842 53
1704609970 106
1704610098 116
1704610226 44



# Sketch: 14
1704609714 73
1704609842 82
1704609970 104
1704610098 69
1704610226 77



# Sketch: 15
1704609714 43
1704609842 67
1704609970 119
1704610098 95
1704610226 67



# Sketch: 16
1704609714 40
1704609842 121
1704609970 105
1704610098 142
1704610226 52



# Sketch: 17
1704609714 64
1704609842 90
1704609970 72
1704610098 114
1704610226 43



# Sketch: 18
1704609714 28
1704609842 65
1704609970 102
1704610098 121
1704610226 62



# Sketch: 19
1704609714 81
1704609842 117
1704609970 131
1704610098 140
1704610226 75



# Sketch: 20
1704609714 57
1704609842 72
1704609970 86
1704610098 136
1704610226 60



# Sketch: 21
1704609714 52
1704609842 63
1704609970 94
1704610098 132
1704610226 73



# Sketch: 22
1704609714 78
1704609842 61
1704609970 102
1704610098 94
1704610226 54



# Sketch: 23
1704609714 38
1704609842 58
1704609970 71
1704610098 98
1704610226 64



# Sketch: 24
1704609714 47
1704609842 64
1704609970 115
1704610098 141
1704610226 58



# Sketch: 25
1704609714 56
1704609842 81
1704609970 93
1704610098 113
1704610226 63



# Sketch: 26
1704609714 95
1704609842 112
1704609970 102
1704610098 142
1704610226 69



# Sketch: 27
1704609714 48
1704609842 51
1704609970 68
1704610098 79
1704610226 47



# Sketch: 28
1704609714 40
1704609842 55
1704609970 64
1704610098 90
1704610226 50



# Sketch: 29
1704609714 46
1704609842 53
1704609970 107
1704610098 127
1704610226 48



# Sketch: 30
1704609714 38
1704609842 53
1704609970 95
1704610098 100
1704610226 49



# Sketch: 31
1704609714 66
1704609842 75
1704609970 99
1704610098 97
1704610226 68

