

# Sketch: 0
0 1.35006
1 1.5212
2 1.32103
3 0.866865
4 0.59284
5 0.340308
6 0.919438
7 0.0580144



# Sketch: 1
0 1.04122
1 0.500664
2 0.437708
3 0.433251
4 0.4275
5 0.383994
6 0.407972
7 0.490878



# Sketch: 2
0 0.620312
1 0.647311
2 0.612996
3 0.67041
4 0.553993
5 0.443949
6 0.585264
7 0.661271



# Sketch: 3
0 0.372197
1 0.719726
2 0.788423
3 0.377954
4 0.321705
5 0.336836
6 0.336993
7 0.312053



# Sketch: 4
0 2.57988
1 2.76641
2 1.69695
3 1.40889
4 0.943893
5 0.813233
6 0.321374
7 0.0454783



# Sketch: 5
0 0.300265
1 0.300955
2 0.336781
3 0.537872
4 0.465285
5 0.377676
6 0.411938
7 0.423281



# Sketch: 6
0 0.621855
1 0.480396
2 0.520343
3 0.291547
4 0.560979
5 0.353846
6 0.362408
7 0.459574



# Sketch: 7
0 0.795586
1 0.784806
2 0.841542
3 0.690095
4 0.638035
5 0.564096
6 0.608468
7 0.399484



# Sketch: 8
0 1.18968
1 1.37479
2 1.18164
3 1.12543
4 0.693919
5 0.646523
6 1.26097
7 1.46007



# Sketch: 9
0 0.875352
1 0.576874
2 0.642441
3 0.303502
4 0.321016
5 0.309872
6 0.278792
7 0.664884



# Sketch: 10
0 1.3138
1 1.23615
2 1.07054
3 0.90284
4 0.768162
5 0.401764
6 1.38028
7 1.0928



# Sketch: 11
0 0.932245
1 0.73294
2 1.12713
3 0.625662
4 0.236426
5 0.290052
6 0.236737
7 0.425354



# Sketch: 12
0 0.502341
1 0.409382
2 0.516002
3 0.222118
4 0.395469
5 0.296993
6 0.270842
7 0.520027



# Sketch: 13
0 0.470328
1 0.435528
2 0.452865
3 0.380845
4 0.502612
5 0.485878
6 0.511433
7 0.31311



# Sketch: 14
0 0.567104
1 0.416689
2 0.37383
3 0.383202
4 0.35135
5 0.351025
6 0.360343
7 0.306814



# Sketch: 15
0 0.453539
1 0.571366
2 0.449072
3 0.414427
4 0.420147
5 0.38322
6 0.395799
7 0.405203



# Sketch: 16
0 0.778279
1 0.703598
2 0.611982
3 0.579141
4 0.546656
5 0.48278
6 0.526901
7 0.354675



# Sketch: 17
0 0.188972
1 0.331566
2 0.492047
3 0.327883
4 1.59415
5 1.65734
6 1.13413
7 2.40806



# Sketch: 18
0 0.850034
1 0.797636
2 0.955202
3 0.777716
4 0.966291
5 1.06762
6 0.301618
7 0.285146



# Sketch: 19
0 0.930144
1 1.21522
2 1.18878
3 0.885423
4 0.711445
5 0.626738
6 0.661866
7 0.480893



# Sketch: 20
0 0.872803
1 0.522347
2 0.684379
3 0.264701
4 0.0932417
5 0.883375
6 0.839171
7 0.682604



# Sketch: 21
0 1.24277
1 0.870336
2 0.617986
3 0.490508
4 0.444111
5 0.456233
6 0.468102
7 0.344871



# Sketch: 22
0 0.669299
1 0.610828
2 0.684702
3 0.99771
4 0.331668
5 0.581416
6 0.437677
7 1.02143



# Sketch: 23
0 1.32552
1 1.30313
2 1.37613
3 1.06397
4 0.856722
5 0.570929
6 0.625075
7 0.95848



# Sketch: 24
0 0.327762
1 0.46587
2 0.528937
3 1.34571
4 0.672768
5 0.712754
6 0.584961
7 0.167829



# Sketch: 25
0 1.10817
1 1.15235
2 0.90696
3 0.818642
4 0.659849
5 0.611984
6 0.68871
7 0.461029



# Sketch: 26
0 0.265977
1 0.277772
2 0.438351
3 0.443711
4 0.0545561
5 0.162084
6 0.360033
7 0.229564



# Sketch: 27
0 0.731606
1 1.11442
2 0.91392
3 1.40429
4 0.643093
5 0.742832
6 0.980518
7 0.605896



# Sketch: 28
0 0.710401
1 0.455352
2 0.738491
3 1.13056
4 0.99746
5 1.33206
6 0.14176
7 0.152242



# Sketch: 29
0 0.574631
1 0.302686
2 0.271361
3 0.307951
4 0.309694
5 0.487534
6 0.441093
7 1.10603



# Sketch: 30
0 0.982856
1 1.1753
2 0.886899
3 0.737159
4 0.502492
5 0.392865
6 0.416332
7 0.5169



# Sketch: 31
0 1.30038
1 1.53885
2 1.29336
3 1.09337
4 0.688097
5 0.53861
6 0.698271
7 0.755069

