

# Sketch: 0
0 0.513066
1 0.516173
2 0.481941
3 0.346264
4 0.26988
5 0.602466
6 0.391352
7 0.477265



# Sketch: 1
0 0.654606
1 0.624191
2 0.633536
3 0.573477
4 0.458716
5 0.791263
6 0.685887
7 0.79432



# Sketch: 2
0 0.589496
1 0.648189
2 0.425811
3 0.176537
4 0.162057
5 0.247717
6 0.321061
7 0.359932



# Sketch: 3
0 0.600023
1 0.560058
2 0.566534
3 0.412173
4 0.422208
5 0.649924
6 0.586113
7 0.490067



# Sketch: 4
0 0.42222
1 0.296897
2 0.510468
3 0.0904589
4 0.12527
5 0.217313
6 0.233245
7 0.343522



# Sketch: 5
0 0.290609
1 0.302654
2 0.297879
3 0.331337
4 0.214818
5 0.431867
6 0.482818
7 0.388721



# Sketch: 6
0 0.564457
1 0.600089
2 0.424882
3 0.401848
4 0.620916
5 0.602281
6 0.594591
7 0.875586



# Sketch: 7
0 0.403762
1 0.327969
2 0.483431
3 0.478041
4 0.276364
5 0.282663
6 0.341597
7 0.341627



# Sketch: 8
0 0.570286
1 0.751031
2 0.616307
3 0.783414
4 0.720697
5 1.44382
6 1.63341
7 2.60349



# Sketch: 9
0 0.258293
1 0.167632
2 0.143806
3 0.225952
4 0.286484
5 0.270463
6 0.277687
7 0.346608



# Sketch: 10
0 0.32673
1 0.33078
2 0.3118
3 0.257165
4 0.50469
5 0.103239
6 0.350542
7 0.871879



# Sketch: 11
0 0.573463
1 0.601838
2 0.548515
3 0.599382
4 0.428956
5 0.396318
6 0.505664
7 0.491125



# Sketch: 12
0 0.16789
1 0.30656
2 0.218454
3 0.289147
4 0.0556131
5 0.281902
6 0.461969
7 0.456067



# Sketch: 13
0 0.830351
1 0.847307
2 1.18681
3 1.79766
4 0.822896
5 0.32443
6 0.366864
7 0.350402



# Sketch: 14
0 0.429098
1 0.441011
2 0.438878
3 0.307316
4 0.237512
5 0.270597
6 0.774319
7 0.518681



# Sketch: 15
0 0.891333
1 0.88953
2 0.769075
3 0.483514
4 0.856539
5 0.579375
6 0.0441013
7 0.217602



# Sketch: 16
0 0.646751
1 0.603793
2 0.639784
3 0.470568
4 0.28067
5 0.639041
6 0.428752
7 0.557158



# Sketch: 17
0 0.240321
1 0.122961
2 0.198821
3 0.0175065
4 0.0527892
5 0.270737
6 0.476607
7 0.431579



# Sketch: 18
0 0.328544
1 0.454035
2 0.457068
3 0.215978
4 0.152148
5 0.209418
6 0.321908
7 0.392085



# Sketch: 19
0 1.6452
1 1.41417
2 1.08088
3 0.900182
4 0.910135
5 0.955614
6 0.774333
7 0.388451



# Sketch: 20
0 0.0764989
1 0.122521
2 0.146938
3 0.196588
4 0.110873
5 0.744847
6 0.261462
7 0.325246



# Sketch: 21
0 0.327455
1 0.313733
2 0.308455
3 0.268432
4 0.30534
5 0.725657
6 0.338545
7 0.453993



# Sketch: 22
0 0.351135
1 0.364485
2 0.412092
3 0.308149
4 0.184474
5 0.998177
6 0.167397
7 0.201614



# Sketch: 23
0 0.580437
1 0.632717
2 0.638752
3 0.630231
4 0.708928
5 0.764122
6 0.608199
7 0.476553



# Sketch: 24
0 0.789459
1 0.683304
2 0.292981
3 0.0322674
4 0.955179
5 0.463827
6 2.77313
7 2.44106



# Sketch: 25
0 0.649525
1 0.669922
2 0.588937
3 0.505071
4 0.416432
5 0.410717
6 0.512862
7 0.534546



# Sketch: 26
0 0.471656
1 0.304857
2 0.129793
3 0.08923
4 0.444875
5 0.512732
6 0.828361
7 0.829063



# Sketch: 27
0 0.588403
1 0.670824
2 0.879557
3 0.766599
4 0.583198
5 0.261773
6 0.251547
7 0.114374



# Sketch: 28
0 1.08777
1 0.913331
2 0.853825
3 0.871584
4 0.736389
5 0.711255
6 0.482616
7 0.422506



# Sketch: 29
0 0.538683
1 0.503463
2 0.430176
3 0.395
4 0.328803
5 0.319489
6 0.405785
7 0.655491



# Sketch: 30
0 0.521369
1 0.702843
2 0.838003
3 0.0531611
4 0.214399
5 0.1768
6 0.359026
7 0.312647



# Sketch: 31
0 1.06387
1 1.18379
2 1.23411
3 1.67186
4 1.92819
5 2.75107
6 3.62559
7 3.4395

