

# Sketch: 0
0 1.2941
1 1.08159
2 0.946264
3 1.08273
4 1.15371
5 0.946253
6 0.590817
7 2.3007



# Sketch: 1
0 0.64521
1 0.630405
2 0.579794
3 0.488406
4 0.495973
5 0.455979
6 0.475906
7 0.461782



# Sketch: 2
0 0.530969
1 0.469522
2 0.433944
3 0.476126
4 0.362011
5 0.354829
6 0.379911
7 0.380802



# Sketch: 3
0 1.36789
1 1.42895
2 1.1161
3 0.903895
4 0.574533
5 0.214297
6 0.279035
7 0.216829



# Sketch: 4
0 0.818316
1 0.685328
2 0.582936
3 0.507288
4 0.598913
5 2.37912
6 0.917895
7 0.738622



# Sketch: 5
0 0.703313
1 0.84028
2 0.767153
3 0.693548
4 0.57689
5 0.61624
6 0.508188
7 0.505387



# Sketch: 6
0 0.978286
1 1.06269
2 0.795293
3 0.623227
4 0.601769
5 0.475986
6 0.538924
7 0.478712



# Sketch: 7
0 2.18576
1 2.81344
2 2.08788
3 1.8694
4 1.61567
5 1.32159
6 0.999403
7 1.70484



# Sketch: 8
0 0.98813
1 0.814656
2 0.695629
3 0.667551
4 0.628165
5 0.575363
6 0.547504
7 0.579322



# Sketch: 9
0 0.608703
1 0.572769
2 0.495399
3 0.467598
4 0.476617
5 0.476643
6 0.476698
7 0.550051



# Sketch: 10
0 0.540957
1 0.284782
2 0.337044
3 0.238493
4 0.257326
5 0.310134
6 0.450752
7 0.406536



# Sketch: 11
0 0.768982
1 0.979925
2 1.25775
3 1.37906
4 0.802762
5 0.348429
6 0.23599
7 0.571258



# Sketch: 12
0 0.688175
1 0.819591
2 1.29223
3 1.50574
4 0.94859
5 1.12704
6 1.95708
7 1.63917



# Sketch: 13
0 0.707695
1 0.673655
2 0.661888
3 0.493525
4 0.493045
5 0.514644
6 0.465104
7 0.594273



# Sketch: 14
0 0.435402
1 0.583741
2 0.800025
3 0.555953
4 0.788115
5 0.301889
6 0.158688
7 0.502334



# Sketch: 15
0 0.989404
1 0.532076
2 0.933677
3 0.485704
4 0.611413
5 0.62289
6 0.651333
7 0.611649



# Sketch: 16
0 0.598736
1 0.831438
2 0.654741
3 0.317395
4 0.402037
5 0.364889
6 0.374963
7 0.462559



# Sketch: 17
0 0.941648
1 0.793325
2 0.627659
3 0.457954
4 0.465407
5 0.572841
6 0.46128
7 0.499651



# Sketch: 18
0 0.973922
1 0.920873
2 0.85048
3 0.679045
4 0.597845
5 0.777932
6 0.594931
7 0.877182



# Sketch: 19
0 0.506725
1 0.537102
2 0.357215
3 0.508428
4 0.392002
5 0.340045
6 0.379564
7 0.363867



# Sketch: 20
0 0.287298
1 0.379538
2 0.306814
3 0.256987
4 0.27864
5 0.304568
6 0.624149
7 1.29236



# Sketch: 21
0 0.16854
1 0.1767
2 0.165985
3 0.2661
4 0.36852
5 0.285207
6 0.242023
7 0.404305



# Sketch: 22
0 0.362087
1 0.442362
2 0.364205
3 0.375293
4 0.153448
5 0.225153
6 0.524777
7 0.617274



# Sketch: 23
0 0.502745
1 0.448285
2 0.804444
3 1.51859
4 1.63179
5 0.850341
6 2.02737
7 2.10087



# Sketch: 24
0 0.951043
1 0.853703
2 0.610518
3 0.577813
4 0.60806
5 0.509317
6 0.71012
7 0.197534



# Sketch: 25
0 0.7864
1 0.610291
2 0.493702
3 0.448119
4 0.55854
5 0.505969
6 0.441805
7 0.522788



# Sketch: 26
0 0.59771
1 0.373862
2 0.490048
3 0.289552
4 0.24931
5 0.521395
6 0.554147
7 0.415536



# Sketch: 27
0 1.11155
1 1.2418
2 0.728391
3 0.662273
4 0.172392
5 0.775163
6 0.863335
7 0.259771



# Sketch: 28
0 0.592889
1 0.465815
2 0.364563
3 0.358883
4 0.375742
5 0.391493
6 0.38847
7 0.581839



# Sketch: 29
0 0.543493
1 0.598086
2 0.670071
3 0.760939
4 0.714217
5 0.396557
6 0.261411
7 0.579546



# Sketch: 30
0 0.425826
1 0.372296
2 0.377284
3 0.408902
4 0.375385
5 0.387519
6 0.376829
7 0.496047



# Sketch: 31
0 0.613206
1 0.658569
2 0.569725
3 0.464267
4 0.463377
5 0.497177
6 0.474677
7 0.533777

