

# Sketch: 0
1704610314 69
1704610442 66
1704610570 89
1704610698 65
1704610826 51



# Sketch: 1
1704610314 96
1704610442 81
1704610570 46
1704610698 53
1704610826 24



# Sketch: 2
1704610314 86
1704610442 93
1704610570 71
1704610698 97
1704610826 55



# Sketch: 3
1704610314 99
1704610442 79
1704610570 61
1704610698 60
1704610826 42



# Sketch: 4
1704610314 63
1704610442 78
1704610570 91
1704610698 72
1704610826 68



# Sketch: 5
1704610314 92
1704610442 92
1704610570 69
1704610698 62
1704610826 43



# Sketch: 6
1704610314 74
1704610442 119
1704610570 65
1704610698 49
1704610826 37



# Sketch: 7
1704610314 87
1704610442 69
1704610570 65
1704610698 61
1704610826 57



# Sketch: 8
1704610314 103
1704610442 67
1704610570 64
1704610698 58
1704610826 56



# Sketch: 9
1704610314 99
1704610442 94
1704610570 69
1704610698 52
1704610826 12



# Sketch: 10
1704610314 92
1704610442 97
1704610570 73
1704610698 54
1704610826 54



# Sketch: 11
1704610314 114
1704610442 105
1704610570 75
1704610698 108
1704610826 43



# Sketch: 12
1704610314 67
1704610442 86
1704610570 52
1704610698 53
1704610826 45



# Sketch: 13
1704610314 92
1704610442 106
1704610570 66
1704610698 78
1704610826 65



# Sketch: 14
1704610314 122
1704610442 109
1704610570 86
1704610698 75
1704610826 50



# Sketch: 15
1704610314 83
1704610442 83
1704610570 75
1704610698 48
1704610826 47



# Sketch: 16
1704610314 80
1704610442 106
1704610570 57
1704610698 65
1704610826 29



# Sketch: 17
1704610314 88
1704610442 83
1704610570 47
1704610698 57
1704610826 44



# Sketch: 18
1704610314 62
1704610442 88
1704610570 82
1704610698 65
1704610826 35



# Sketch: 19
1704610314 116
1704610442 130
1704610570 70
1704610698 100
1704610826 58



# Sketch: 20
1704610314 96
1704610442 64
1704610570 87
1704610698 64
1704610826 38



# Sketch: 21
1704610314 120
1704610442 159
1704610570 105
1704610698 64
1704610826 40



# Sketch: 22
1704610314 95
1704610442 88
1704610570 74
1704610698 71
1704610826 34



# Sketch: 23
1704610314 73
1704610442 73
1704610570 71
1704610698 52
1704610826 57



# Sketch: 24
1704610314 100
1704610442 75
1704610570 92
1704610698 75
1704610826 43



# Sketch: 25
1704610314 122
1704610442 126
1704610570 99
1704610698 87
1704610826 75



# Sketch: 26
1704610314 92
1704610442 90
1704610570 63
1704610698 89
1704610826 51



# Sketch: 27
1704610314 80
1704610442 71
1704610570 59
1704610698 40
1704610826 41



# Sketch: 28
1704610314 118
1704610442 94
1704610570 96
1704610698 90
1704610826 37



# Sketch: 29
1704610314 75
1704610442 54
1704610570 73
1704610698 41
1704610826 29



# Sketch: 30
1704610314 60
1704610442 60
1704610570 58
1704610698 66
1704610826 34



# Sketch: 31
1704610314 97
1704610442 106
1704610570 82
1704610698 87
1704610826 52

