

# Sketch: 0
0 0.562877
1 0.523697
2 0.421261
3 0.613418
4 0.739474
5 0.91522
6 0.326111
7 0.351732



# Sketch: 1
0 0.425346
1 0.519032
2 0.350452
3 0.37006
4 0.330312
5 0.335845
6 0.310566
7 0.386563



# Sketch: 2
0 0.195825
1 0.0980926
2 0.12417
3 0.311604
4 0.263169
5 0.672604
6 0.904657
7 1.67908



# Sketch: 3
0 0.638429
1 0.534015
2 0.643001
3 0.787787
4 1.20811
5 0.833276
6 0.292414
7 0.3603



# Sketch: 4
0 1.24704
1 0.799041
2 0.449827
3 0.364666
4 0.525004
5 0.271263
6 0.17669
7 0.157584



# Sketch: 5
0 0.593027
1 0.620056
2 0.627724
3 0.526992
4 0.30189
5 0.315648
6 0.408772
7 0.526921



# Sketch: 6
0 0.880682
1 0.868593
2 0.737179
3 0.596583
4 1.00413
5 0.732526
6 0.339041
7 0.200283



# Sketch: 7
0 0.558536
1 0.616961
2 0.527165
3 0.431293
4 0.428183
5 0.396082
6 0.464945
7 0.388771



# Sketch: 8
0 1.39258
1 0.913392
2 0.753838
3 0.227609
4 0.189182
5 0.192514
6 0.208854
7 0.45585



# Sketch: 9
0 0.31304
1 0.294368
2 0.322599
3 0.2811
4 0.287331
5 0.310313
6 0.754232
7 1.31755



# Sketch: 10
0 0.364854
1 0.447219
2 0.478894
3 0.651911
4 0.907721
5 0.765477
6 0.291696
7 0.308377



# Sketch: 11
0 0.510506
1 0.492796
2 0.477981
3 0.491869
4 0.457185
5 0.366427
6 0.384811
7 0.376039



# Sketch: 12
0 1.05351
1 0.604229
2 0.422925
3 0.360872
4 0.351081
5 0.337014
6 0.335951
7 0.452074



# Sketch: 13
0 0.768139
1 0.721606
2 0.650065
3 0.507497
4 0.483587
5 0.550053
6 0.524626
7 0.432683



# Sketch: 14
0 0.383819
1 0.377207
2 0.434158
3 0.400845
4 0.236334
5 0.117705
6 0.209327
7 0.26582



# Sketch: 15
0 1.97405
1 1.75337
2 1.6897
3 1.72104
4 1.70868
5 1.12253
6 0.88275
7 0.29277



# Sketch: 16
0 1.07783
1 1.36044
2 1.10862
3 0.905288
4 0.834809
5 2.03352
6 0.91805
7 0.694336



# Sketch: 17
0 1.03548
1 0.976603
2 0.723876
3 0.65277
4 0.56617
5 0.644797
6 0.554889
7 0.595453



# Sketch: 18
0 1.35357
1 1.02438
2 0.990212
3 0.804597
4 0.649666
5 0.45355
6 0.452417
7 0.631755



# Sketch: 19
0 0.798041
1 0.734457
2 0.615252
3 0.6021
4 0.499569
5 0.600533
6 0.558826
7 0.608407



# Sketch: 20
0 0.100988
1 0.301074
2 0.660504
3 0.479866
4 0.341706
5 0.245961
6 0.21
7 0.378066



# Sketch: 21
0 0.923431
1 0.653745
2 0.73263
3 1.10296
4 1.78939
5 0.445849
6 0.223
7 0.292082



# Sketch: 22
0 0.720402
1 0.666928
2 0.508041
3 0.504859
4 0.481429
5 0.521898
6 0.442907
7 0.42729



# Sketch: 23
0 0.63221
1 0.587013
2 0.530332
3 0.488999
4 0.466368
5 0.50652
6 0.5048
7 0.537123



# Sketch: 24
0 0.798854
1 0.706867
2 0.590908
3 0.519565
4 0.478478
5 0.503678
6 0.535392
7 0.439754



# Sketch: 25
0 0.296509
1 0.341788
2 0.421872
3 0.569781
4 0.50509
5 0.506933
6 0.320959
7 0.487721



# Sketch: 26
0 0.553212
1 0.522131
2 0.625866
3 0.407423
4 0.224211
5 0.563275
6 0.386189
7 0.22349



# Sketch: 27
0 0.582801
1 0.257755
2 0.161925
3 0.192718
4 0.15531
5 0.0554266
6 0.0704625
7 0.190789



# Sketch: 28
0 0.24138
1 0.277283
2 0.287894
3 0.280238
4 0.348265
5 0.65048
6 0.840293
7 1.4001



# Sketch: 29
0 0.931494
1 0.71277
2 0.633786
3 0.520632
4 0.224683
5 0.419732
6 0.269848
7 2.09946



# Sketch: 30
0 0.962715
1 1.56938
2 0.91418
3 0.412835
4 0.288385
5 0.199791
6 0.962764
7 1.72679



# Sketch: 31
0 0.744784
1 0.698022
2 0.651788
3 0.654365
4 0.568072
5 0.433025
6 0.431718
7 0.520309

