

# Sketch: 0
0 0.861921
1 0.797063
2 0.715328
3 0.840553
4 0.430706
5 0.408352
6 0.448528
7 0.53654



# Sketch: 1
0 1.51327
1 1.14609
2 1.36104
3 1.26661
4 1.40653
5 0.744456
6 0.131124
7 0.0960782



# Sketch: 2
0 0.646029
1 0.54283
2 0.50338
3 0.484037
4 0.491388
5 0.569964
6 0.768347
7 0.708208



# Sketch: 3
0 0.495498
1 0.516304
2 0.49986
3 0.648409
4 0.427775
5 0.336942
6 0.561332
7 0.661225



# Sketch: 4
0 0.508437
1 0.392571
2 0.665454
3 0.357165
4 0.29693
5 0.492324
6 0.431141
7 2.45325



# Sketch: 5
0 1.45528
1 1.38713
2 1.19332
3 1.25261
4 0.986455
5 0.845552
6 0.218314
7 0.357363



# Sketch: 6
0 0.860489
1 0.696958
2 0.636834
3 0.578131
4 0.571372
5 0.509613
6 0.387262
7 0.423411



# Sketch: 7
0 0.510166
1 0.470246
2 0.42242
3 0.480318
4 0.390853
5 0.45275
6 0.40767
7 0.327333



# Sketch: 8
0 1.00237
1 0.859003
2 0.905758
3 0.948959
4 0.787654
5 0.434774
6 2.24424
7 1.12917



# Sketch: 9
0 1.35961
1 1.095
2 0.974743
3 0.866849
4 0.833017
5 0.787261
6 0.67254
7 0.55875



# Sketch: 10
0 1.59333
1 1.05486
2 0.915286
3 0.419643
4 0.410843
5 0.546153
6 0.730262
7 0.137778



# Sketch: 11
0 1.1369
1 0.875251
2 0.99773
3 0.684719
4 0.697739
5 0.839182
6 0.850214
7 0.654987



# Sketch: 12
0 0.502035
1 0.335492
2 0.462936
3 0.318692
4 0.347793
5 0.485466
6 0.636013
7 0.194169



# Sketch: 13
0 0.908307
1 0.77876
2 0.761089
3 0.454829
4 0.258575
5 0.326725
6 0.715166
7 1.51634



# Sketch: 14
0 1.02339
1 0.836041
2 0.985892
3 0.787994
4 0.59977
5 0.63308
6 0.717091
7 0.679154



# Sketch: 15
0 1.39887
1 1.30859
2 0.98527
3 0.864405
4 0.801529
5 0.538198
6 0.667225
7 0.462621



# Sketch: 16
0 1.70844
1 1.0632
2 0.981386
3 0.853009
4 0.712611
5 0.421599
6 0.516098
7 0.597657



# Sketch: 17
0 2.13495
1 2.94315
2 2.62151
3 1.62324
4 0.823726
5 0.904648
6 0.364594
7 0.286184



# Sketch: 18
0 0.694631
1 0.0318465
2 0.0573832
3 0.968703
4 1.26046
5 1.13818
6 0.418175
7 0.477046



# Sketch: 19
0 0.665655
1 0.555833
2 0.616249
3 0.465963
4 0.488496
5 0.490927
6 0.578259
7 0.389387



# Sketch: 20
0 2.58658
1 2.33486
2 1.88548
3 1.42716
4 1.21033
5 1.008
6 0.564808
7 0.394065



# Sketch: 21
0 1.00549
1 0.417645
2 0.325826
3 0.333609
4 0.449068
5 0.333006
6 0.594013
7 0.586169



# Sketch: 22
0 1.48919
1 1.06924
2 0.945209
3 0.579488
4 0.55797
5 0.525322
6 0.447846
7 0.354317



# Sketch: 23
0 0.471202
1 0.515813
2 0.269142
3 0.408367
4 0.307594
5 0.288428
6 0.26426
7 0.283979



# Sketch: 24
0 0.857531
1 0.272483
2 0.16524
3 0.31474
4 0.331895
5 0.338438
6 0.218583
7 0.329849



# Sketch: 25
0 1.14679
1 0.692595
2 0.485382
3 0.445754
4 0.118671
5 0.469084
6 0.192552
7 0.175453



# Sketch: 26
0 0.937058
1 0.69206
2 0.634773
3 0.591373
4 0.533989
5 0.502013
6 0.372474
7 0.516972



# Sketch: 27
0 1.98729
1 1.46511
2 1.37058
3 0.953675
4 0.788762
5 1.02949
6 0.672885
7 0.480782



# Sketch: 28
0 1.32973
1 1.07894
2 1.01682
3 0.85978
4 0.788465
5 0.738891
6 0.593441
7 0.634575



# Sketch: 29
0 0.184928
1 0.20469
2 0.362515
3 0.00762422
4 0.222133
5 0.151998
6 0.156742
7 0.313135



# Sketch: 30
0 0.202371
1 0.496536
2 0.128669
3 0.0466926
4 0.259715
5 0.317596
6 0.663442
7 1.22904



# Sketch: 31
0 0.483315
1 0.55053
2 0.580116
3 0.315677
4 0.737483
5 1.03029
6 0.586535
7 0.629803

