

# Sketch: 0
0 0.508578
1 0.407735
2 0.388262
3 0.162944
4 0.318991
5 0.39752
6 0.0972842
7 0.483044



# Sketch: 1
0 0.884992
1 0.770486
2 0.774467
3 0.6431
4 0.619661
5 0.471257
6 0.320391
7 0.628468



# Sketch: 2
0 1.03156
1 0.885424
2 0.749661
3 0.423627
4 0.404012
5 0.359192
6 0.187128
7 0.226875



# Sketch: 3
0 0.906445
1 0.823536
2 0.658395
3 0.572557
4 0.558425
5 0.580007
6 0.427377
7 0.380572



# Sketch: 4
0 0.453733
1 0.324554
2 0.539461
3 0.380935
4 0.259582
5 0.468466
6 0.118235
7 0.614985



# Sketch: 5
0 0.459765
1 0.529323
2 0.353894
3 0.649837
4 0.696102
5 0.408919
6 0.129013
7 0.245606



# Sketch: 6
0 1.00301
1 1.65148
2 0.682621
3 0.445814
4 0.26162
5 0.162296
6 0.939955
7 1.36785



# Sketch: 7
0 0.761473
1 0.429575
2 0.220752
3 0.353171
4 0.590205
5 0.402597
6 0.250153
7 0.38372



# Sketch: 8
0 1.90569
1 1.3229
2 0.947963
3 0.777116
4 0.542046
5 0.423833
6 0.222936
7 0.203704



# Sketch: 9
0 0.657633
1 0.495721
2 0.406876
3 0.244863
4 0.218156
5 0.230367
6 0.0849519
7 0.338683



# Sketch: 10
0 0.148887
1 0.0441437
2 0.401793
3 0.163172
4 0.323997
5 0.543872
6 0.570136
7 0.510304



# Sketch: 11
0 0.569812
1 0.508692
2 0.50079
3 0.378694
4 0.306123
5 0.345531
6 0.219116
7 0.432907



# Sketch: 12
0 1.27681
1 0.959315
2 0.550376
3 0.500129
4 0.263444
5 0.305562
6 0.753586
7 0.649035



# Sketch: 13
0 0.631137
1 0.55959
2 0.342699
3 0.223394
4 0.293987
5 0.510244
6 0.0796769
7 0.312211



# Sketch: 14
0 0.94389
1 0.547107
2 0.558689
3 0.802617
4 0.664043
5 0.357033
6 0.862714
7 0.291914



# Sketch: 15
0 0.883205
1 0.724561
2 0.545055
3 0.522478
4 0.128885
5 0.453123
6 2.89311
7 2.39052



# Sketch: 16
0 1.03452
1 1.17337
2 1.46874
3 0.961077
4 0.78618
5 0.72987
6 1.52427
7 0.378235



# Sketch: 17
0 0.294049
1 0.317173
2 0.36141
3 0.200027
4 0.36194
5 0.236629
6 0.360604
7 0.228617



# Sketch: 18
0 1.01619
1 0.991002
2 0.773101
3 0.797528
4 1.0177
5 0.379956
6 0.461643
7 0.842215



# Sketch: 19
0 0.955656
1 0.789144
2 0.710364
3 0.639237
4 0.661059
5 0.588727
6 0.991158
7 0.836303



# Sketch: 20
0 0.974423
1 0.73716
2 0.481168
3 0.41937
4 0.412938
5 0.463155
6 0.678209
7 0.544452



# Sketch: 21
0 0.656436
1 0.422676
2 0.433103
3 0.331608
4 0.38631
5 0.105989
6 0.40069
7 0.210342



# Sketch: 22
0 1.25027
1 1.09303
2 0.941389
3 0.810473
4 0.66046
5 0.59127
6 0.760039
7 0.848381



# Sketch: 23
0 1.16057
1 1.02517
2 1.06009
3 0.519764
4 0.705191
5 1.01982
6 0.502777
7 0.141216



# Sketch: 24
0 1.03425
1 0.842756
2 0.666554
3 0.587679
4 0.575936
5 0.58462
6 0.300294
7 0.535471



# Sketch: 25
0 0.968805
1 0.631878
2 0.518546
3 1.03858
4 0.457799
5 0.41872
6 0.288788
7 0.677822



# Sketch: 26
0 0.433012
1 0.372726
2 0.307197
3 0.379596
4 0.422585
5 0.33891
6 0.626
7 0.252772



# Sketch: 27
0 0.176641
1 0.440248
2 0.188755
3 0.186466
4 0.284283
5 0.410931
6 1.15748
7 1.57569



# Sketch: 28
0 0.856212
1 0.205468
2 0.262677
3 0.227821
4 0.0815486
5 0.25973
6 0.335708
7 0.582539



# Sketch: 29
0 0.964088
1 0.863391
2 0.657419
3 0.523039
4 0.584893
5 0.417916
6 0.755049
7 0.453



# Sketch: 30
0 0.35044
1 0.455998
2 0.269711
3 0.183666
4 0.715194
5 0.275385
6 0.198392
7 0.282916



# Sketch: 31
0 1.02587
1 0.843922
2 0.812108
3 0.663315
4 0.638283
5 0.428351
6 0.319825
7 0.41946

