

# Sketch: 0
1704610314 27
1704610346 27
1704610378 18
1704610410 28
1704610442 26
1704610474 32
1704610506 20
1704610538 29
1704610570 15
1704610602 15
1704610634 30
1704610666 20
1704610698 15
1704610730 26
1704610762 16
1704610794 30
1704610826 12
1704610858 14
1704610890 10



# Sketch: 1
1704610314 28
1704610346 15
1704610378 15
1704610410 18
1704610442 27
1704610474 22
1704610506 39
1704610538 8
1704610570 12
1704610602 16
1704610634 15
1704610666 17
1704610698 20
1704610730 7
1704610762 8
1704610794 16
1704610826 4
1704610858 19
1704610890 6



# Sketch: 2
1704610314 24
1704610346 17
1704610378 24
1704610410 21
1704610442 20
1704610474 44
1704610506 40
1704610538 30
1704610570 11
1704610602 34
1704610634 26
1704610666 16
1704610698 13
1704610730 26
1704610762 27
1704610794 16
1704610826 11
1704610858 33
1704610890 16



# Sketch: 3
1704610314 13
1704610346 29
1704610378 22
1704610410 24
1704610442 11
1704610474 16
1704610506 13
1704610538 13
1704610570 15
1704610602 13
1704610634 21
1704610666 23
1704610698 14
1704610730 10
1704610762 19
1704610794 19
1704610826 6
1704610858 22
1704610890 5



# Sketch: 4
1704610314 26
1704610346 27
1704610378 18
1704610410 17
1704610442 26
1704610474 18
1704610506 24
1704610538 22
1704610570 24
1704610602 36
1704610634 24
1704610666 25
1704610698 20
1704610730 19
1704610762 23
1704610794 18
1704610826 4
1704610858 19
1704610890 10



# Sketch: 5
1704610314 40
1704610346 26
1704610378 28
1704610410 23
1704610442 25
1704610474 23
1704610506 14
1704610538 22
1704610570 19
1704610602 21
1704610634 16
1704610666 16
1704610698 19
1704610730 22
1704610762 11
1704610794 20
1704610826 21
1704610858 16
1704610890 10



# Sketch: 6
1704610314 35
1704610346 23
1704610378 15
1704610410 26
1704610442 24
1704610474 26
1704610506 21
1704610538 26
1704610570 20
1704610602 23
1704610634 10
1704610666 16
1704610698 36
1704610730 10
1704610762 9
1704610794 20
1704610826 21
1704610858 31
1704610890 39



# Sketch: 7
1704610314 42
1704610346 17
1704610378 18
1704610410 34
1704610442 24
1704610474 10
1704610506 17
1704610538 31
1704610570 14
1704610602 10
1704610634 24
1704610666 25
1704610698 9
1704610730 13
1704610762 11
1704610794 25
1704610826 18
1704610858 12
1704610890 13



# Sketch: 8
1704610314 21
1704610346 31
1704610378 27
1704610410 25
1704610442 30
1704610474 18
1704610506 41
1704610538 40
1704610570 6
1704610602 33
1704610634 33
1704610666 12
1704610698 31
1704610730 20
1704610762 15
1704610794 15
1704610826 13
1704610858 25
1704610890 19



# Sketch: 9
1704610314 40
1704610346 29
1704610378 20
1704610410 15
1704610442 32
1704610474 28
1704610506 27
1704610538 15
1704610570 10
1704610602 21
1704610634 23
1704610666 26
1704610698 27
1704610730 9
1704610762 25
1704610794 25
1704610826 17
1704610858 14
1704610890 20



# Sketch: 10
1704610314 26
1704610346 18
1704610378 32
1704610410 21
1704610442 25
1704610474 25
1704610506 12
1704610538 26
1704610570 20
1704610602 10
1704610634 32
1704610666 19
1704610698 15
1704610730 19
1704610762 17
1704610794 13
1704610826 17
1704610858 18
1704610890 15



# Sketch: 11
1704610314 25
1704610346 28
1704610378 18
1704610410 13
1704610442 25
1704610474 17
1704610506 31
1704610538 16
1704610570 20
1704610602 23
1704610634 16
1704610666 18
1704610698 8
1704610730 7
1704610762 14
1704610794 24
1704610826 15
1704610858 21
1704610890 7



# Sketch: 12
1704610314 15
1704610346 14
1704610378 11
1704610410 32
1704610442 29
1704610474 11
1704610506 22
1704610538 21
1704610570 16
1704610602 15
1704610634 13
1704610666 28
1704610698 33
1704610730 19
1704610762 11
1704610794 19
1704610826 8
1704610858 17
1704610890 17



# Sketch: 13
1704610314 20
1704610346 20
1704610378 29
1704610410 28
1704610442 18
1704610474 23
1704610506 38
1704610538 20
1704610570 4
1704610602 25
1704610634 46
1704610666 20
1704610698 14
1704610730 27
1704610762 21
1704610794 20
1704610826 5
1704610858 27
1704610890 15



# Sketch: 14
1704610314 20
1704610346 29
1704610378 16
1704610410 23
1704610442 24
1704610474 35
1704610506 19
1704610538 21
1704610570 28
1704610602 16
1704610634 13
1704610666 17
1704610698 20
1704610730 10
1704610762 45
1704610794 30
1704610826 5
1704610858 22
1704610890 12



# Sketch: 15
1704610314 29
1704610346 15
1704610378 20
1704610410 18
1704610442 26
1704610474 14
1704610506 17
1704610538 16
1704610570 10
1704610602 20
1704610634 14
1704610666 23
1704610698 30
1704610730 12
1704610762 19
1704610794 28
1704610826 13
1704610858 24
1704610890 29



# Sketch: 16
1704610314 14
1704610346 12
1704610378 45
1704610410 26
1704610442 19
1704610474 10
1704610506 10
1704610538 28
1704610570 18
1704610602 12
1704610634 21
1704610666 15
1704610698 7
1704610730 11
1704610762 21
1704610794 26
1704610826 12
1704610858 11
1704610890 6



# Sketch: 17
1704610314 37
1704610346 21
1704610378 12
1704610410 29
1704610442 28
1704610474 16
1704610506 18
1704610538 24
1704610570 14
1704610602 23
1704610634 23
1704610666 16
1704610698 13
1704610730 17
1704610762 14
1704610794 18
1704610826 4
1704610858 25
1704610890 8



# Sketch: 18
1704610314 26
1704610346 18
1704610378 21
1704610410 45
1704610442 19
1704610474 28
1704610506 19
1704610538 30
1704610570 12
1704610602 21
1704610634 14
1704610666 22
1704610698 13
1704610730 5
1704610762 27
1704610794 17
1704610826 6
1704610858 16
1704610890 15



# Sketch: 19
1704610314 15
1704610346 17
1704610378 19
1704610410 19
1704610442 18
1704610474 20
1704610506 9
1704610538 19
1704610570 13
1704610602 12
1704610634 10
1704610666 26
1704610698 15
1704610730 28
1704610762 8
1704610794 17
1704610826 4
1704610858 13
1704610890 23



# Sketch: 20
1704610314 23
1704610346 16
1704610378 11
1704610410 18
1704610442 26
1704610474 30
1704610506 19
1704610538 20
1704610570 13
1704610602 12
1704610634 12
1704610666 15
1704610698 28
1704610730 8
1704610762 9
1704610794 18
1704610826 11
1704610858 21
1704610890 15



# Sketch: 21
1704610314 32
1704610346 22
1704610378 23
1704610410 33
1704610442 16
1704610474 25
1704610506 20
1704610538 17
1704610570 17
1704610602 26
1704610634 14
1704610666 32
1704610698 23
1704610730 4
1704610762 9
1704610794 19
1704610826 17
1704610858 26
1704610890 14



# Sketch: 22
1704610314 20
1704610346 15
1704610378 11
1704610410 20
1704610442 22
1704610474 20
1704610506 18
1704610538 10
1704610570 8
1704610602 14
1704610634 13
1704610666 16
1704610698 15
1704610730 10
1704610762 13
1704610794 24
1704610826 14
1704610858 18
1704610890 4



# Sketch: 23
1704610314 27
1704610346 19
1704610378 21
1704610410 34
1704610442 34
1704610474 16
1704610506 22
1704610538 21
1704610570 23
1704610602 30
1704610634 27
1704610666 24
1704610698 21
1704610730 16
1704610762 16
1704610794 22
1704610826 14
1704610858 13
1704610890 16



# Sketch: 24
1704610314 22
1704610346 9
1704610378 23
1704610410 18
1704610442 28
1704610474 31
1704610506 24
1704610538 14
1704610570 15
1704610602 5
1704610634 16
1704610666 10
1704610698 13
1704610730 8
1704610762 10
1704610794 16
1704610826 11
1704610858 16
1704610890 11



# Sketch: 25
1704610314 22
1704610346 14
1704610378 19
1704610410 22
1704610442 19
1704610474 20
1704610506 23
1704610538 27
1704610570 9
1704610602 8
1704610634 16
1704610666 23
1704610698 13
1704610730 13
1704610762 16
1704610794 21
1704610826 18
1704610858 24
1704610890 6



# Sketch: 26
1704610314 40
1704610346 27
1704610378 14
1704610410 15
1704610442 27
1704610474 30
1704610506 10
1704610538 24
1704610570 13
1704610602 22
1704610634 10
1704610666 18
1704610698 22
1704610730 8
1704610762 7
1704610794 14
1704610826 18
1704610858 11
1704610890 15



# Sketch: 27
1704610314 20
1704610346 34
1704610378 25
1704610410 33
1704610442 29
1704610474 22
1704610506 22
1704610538 25
1704610570 8
1704610602 10
1704610634 31
1704610666 26
1704610698 18
1704610730 5
1704610762 17
1704610794 8
1704610826 13
1704610858 7
1704610890 16



# Sketch: 28
1704610314 32
1704610346 22
1704610378 12
1704610410 30
1704610442 33
1704610474 22
1704610506 15
1704610538 17
1704610570 11
1704610602 22
1704610634 32
1704610666 19
1704610698 15
1704610730 9
1704610762 15
1704610794 24
1704610826 14
1704610858 35
1704610890 5



# Sketch: 29
1704610314 39
1704610346 25
1704610378 14
1704610410 9
1704610442 26
1704610474 22
1704610506 11
1704610538 22
1704610570 13
1704610602 17
1704610634 17
1704610666 6
1704610698 13
1704610730 8
1704610762 14
1704610794 15
1704610826 20
1704610858 15
1704610890 8



# Sketch: 30
1704610314 25
1704610346 29
1704610378 24
1704610410 25
1704610442 21
1704610474 35
1704610506 19
1704610538 20
1704610570 19
1704610602 15
1704610634 22
1704610666 25
1704610698 21
1704610730 8
1704610762 8
1704610794 17
1704610826 13
1704610858 20
1704610890 12



# Sketch: 31
1704610314 14
1704610346 11
1704610378 12
1704610410 18
1704610442 30
1704610474 33
1704610506 19
1704610538 15
1704610570 11
1704610602 18
1704610634 11
1704610666 14
1704610698 25
1704610730 3
1704610762 9
1704610794 24
1704610826 24
1704610858 14
1704610890 7

