

# Sketch: 0
1704610914 80
1704611042 78
1704611170 85
1704611298 146
1704611426 59



# Sketch: 1
1704610914 48
1704611042 73
1704611170 72
1704611298 81
1704611426 52



# Sketch: 2
1704610914 67
1704611042 91
1704611170 91
1704611298 77
1704611426 63



# Sketch: 3
1704610914 71
1704611042 50
1704611170 82
1704611298 67
1704611426 50



# Sketch: 4
1704610914 56
1704611042 55
1704611170 49
1704611298 45
1704611426 50



# Sketch: 5
1704610914 74
1704611042 75
1704611170 68
1704611298 144
1704611426 68



# Sketch: 6
1704610914 72
1704611042 104
1704611170 66
1704611298 63
1704611426 44



# Sketch: 7
1704610914 74
1704611042 76
1704611170 32
1704611298 73
1704611426 35



# Sketch: 8
1704610914 62
1704611042 39
1704611170 45
1704611298 81
1704611426 33



# Sketch: 9
1704610914 60
1704611042 101
1704611170 33
1704611298 86
1704611426 46



# Sketch: 10
1704610914 86
1704611042 88
1704611170 75
1704611298 75
1704611426 59



# Sketch: 11
1704610914 69
1704611042 82
1704611170 72
1704611298 74
1704611426 55



# Sketch: 12
1704610914 52
1704611042 72
1704611170 59
1704611298 78
1704611426 57



# Sketch: 13
1704610914 102
1704611042 77
1704611170 99
1704611298 128
1704611426 57



# Sketch: 14
1704610914 66
1704611042 137
1704611170 88
1704611298 82
1704611426 45



# Sketch: 15
1704610914 71
1704611042 44
1704611170 70
1704611298 66
1704611426 33



# Sketch: 16
1704610914 68
1704611042 81
1704611170 66
1704611298 70
1704611426 39



# Sketch: 17
1704610914 70
1704611042 67
1704611170 61
1704611298 68
1704611426 60



# Sketch: 18
1704610914 64
1704611042 60
1704611170 72
1704611298 69
1704611426 63



# Sketch: 19
1704610914 69
1704611042 68
1704611170 49
1704611298 57
1704611426 53



# Sketch: 20
1704610914 61
1704611042 45
1704611170 54
1704611298 68
1704611426 43



# Sketch: 21
1704610914 75
1704611042 71
1704611170 71
1704611298 79
1704611426 55



# Sketch: 22
1704610914 81
1704611042 115
1704611170 96
1704611298 79
1704611426 47



# Sketch: 23
1704610914 69
1704611042 87
1704611170 53
1704611298 100
1704611426 30



# Sketch: 24
1704610914 112
1704611042 118
1704611170 103
1704611298 162
1704611426 61



# Sketch: 25
1704610914 60
1704611042 92
1704611170 71
1704611298 89
1704611426 54



# Sketch: 26
1704610914 94
1704611042 82
1704611170 103
1704611298 112
1704611426 54



# Sketch: 27
1704610914 54
1704611042 95
1704611170 109
1704611298 83
1704611426 51



# Sketch: 28
1704610914 59
1704611042 62
1704611170 59
1704611298 62
1704611426 37



# Sketch: 29
1704610914 59
1704611042 65
1704611170 46
1704611298 76
1704611426 48



# Sketch: 30
1704610914 98
1704611042 99
1704611170 53
1704611298 71
1704611426 48



# Sketch: 31
1704610914 70
1704611042 54
1704611170 60
1704611298 45
1704611426 42

