

# Sketch: 0
1704610914 7
1704610930 13
1704610946 12
1704610962 8
1704610978 22
1704610994 10
1704611010 5
1704611026 8
1704611042 6
1704611058 2
1704611074 10
1704611090 14
1704611106 8
1704611122 13
1704611138 6
1704611154 7
1704611170 5
1704611186 6
1704611202 3
1704611218 8
1704611234 4
1704611250 6
1704611266 10
1704611282 10
1704611298 2
1704611314 11
1704611330 7
1704611346 4
1704611362 9
1704611378 13
1704611394 43
1704611410 5
1704611426 10
1704611442 6
1704611458 9
1704611474 15
1704611490 4
1704611506 0



# Sketch: 1
1704610914 9
1704610930 8
1704610946 8
1704610962 10
1704610978 4
1704610994 6
1704611010 4
1704611026 7
1704611042 4
1704611058 13
1704611074 14
1704611090 0
1704611106 15
1704611122 22
1704611138 4
1704611154 10
1704611170 3
1704611186 4
1704611202 5
1704611218 8
1704611234 9
1704611250 6
1704611266 4
1704611282 6
1704611298 5
1704611314 11
1704611330 3
1704611346 3
1704611362 10
1704611378 41
1704611394 18
1704611410 36
1704611426 3
1704611442 19
1704611458 2
1704611474 8
1704611490 2
1704611506 1



# Sketch: 2
1704610914 7
1704610930 6
1704610946 9
1704610962 8
1704610978 10
1704610994 11
1704611010 28
1704611026 14
1704611042 5
1704611058 9
1704611074 4
1704611090 8
1704611106 4
1704611122 5
1704611138 6
1704611154 2
1704611170 14
1704611186 13
1704611202 11
1704611218 10
1704611234 11
1704611250 9
1704611266 15
1704611282 10
1704611298 13
1704611314 7
1704611330 4
1704611346 2
1704611362 10
1704611378 6
1704611394 9
1704611410 13
1704611426 8
1704611442 6
1704611458 7
1704611474 6
1704611490 2
1704611506 2



# Sketch: 3
1704610914 11
1704610930 11
1704610946 10
1704610962 9
1704610978 25
1704610994 6
1704611010 6
1704611026 7
1704611042 13
1704611058 4
1704611074 11
1704611090 7
1704611106 7
1704611122 6
1704611138 11
1704611154 4
1704611170 1
1704611186 8
1704611202 8
1704611218 8
1704611234 10
1704611250 9
1704611266 9
1704611282 15
1704611298 14
1704611314 1
1704611330 5
1704611346 3
1704611362 9
1704611378 7
1704611394 17
1704611410 8
1704611426 7
1704611442 10
1704611458 6
1704611474 3
1704611490 13
1704611506 9



# Sketch: 4
1704610914 6
1704610930 8
1704610946 2
1704610962 9
1704610978 16
1704610994 11
1704611010 13
1704611026 15
1704611042 1
1704611058 12
1704611074 12
1704611090 22
1704611106 14
1704611122 20
1704611138 8
1704611154 13
1704611170 3
1704611186 11
1704611202 7
1704611218 21
1704611234 11
1704611250 13
1704611266 5
1704611282 2
1704611298 4
1704611314 5
1704611330 15
1704611346 17
1704611362 13
1704611378 5
1704611394 9
1704611410 11
1704611426 16
1704611442 8
1704611458 13
1704611474 15
1704611490 15
1704611506 3



# Sketch: 5
1704610914 15
1704610930 7
1704610946 3
1704610962 3
1704610978 13
1704610994 7
1704611010 14
1704611026 6
1704611042 12
1704611058 6
1704611074 8
1704611090 16
1704611106 6
1704611122 7
1704611138 6
1704611154 6
1704611170 13
1704611186 8
1704611202 9
1704611218 12
1704611234 5
1704611250 12
1704611266 9
1704611282 23
1704611298 6
1704611314 8
1704611330 3
1704611346 4
1704611362 8
1704611378 4
1704611394 8
1704611410 6
1704611426 6
1704611442 30
1704611458 3
1704611474 8
1704611490 9
1704611506 2



# Sketch: 6
1704610914 5
1704610930 2
1704610946 9
1704610962 3
1704610978 13
1704610994 1
1704611010 17
1704611026 7
1704611042 3
1704611058 4
1704611074 17
1704611090 7
1704611106 9
1704611122 12
1704611138 12
1704611154 3
1704611170 13
1704611186 17
1704611202 16
1704611218 9
1704611234 12
1704611250 6
1704611266 14
1704611282 4
1704611298 5
1704611314 13
1704611330 7
1704611346 11
1704611362 13
1704611378 13
1704611394 9
1704611410 7
1704611426 5
1704611442 15
1704611458 3
1704611474 17
1704611490 3
1704611506 4



# Sketch: 7
1704610914 4
1704610930 8
1704610946 15
1704610962 17
1704610978 4
1704610994 4
1704611010 10
1704611026 10
1704611042 4
1704611058 5
1704611074 5
1704611090 6
1704611106 7
1704611122 29
1704611138 14
1704611154 8
1704611170 10
1704611186 4
1704611202 20
1704611218 8
1704611234 23
1704611250 4
1704611266 11
1704611282 17
1704611298 25
1704611314 8
1704611330 9
1704611346 4
1704611362 11
1704611378 4
1704611394 10
1704611410 3
1704611426 6
1704611442 3
1704611458 3
1704611474 7
1704611490 17
1704611506 1



# Sketch: 8
1704610914 4
1704610930 19
1704610946 6
1704610962 6
1704610978 6
1704610994 6
1704611010 22
1704611026 10
1704611042 15
1704611058 14
1704611074 2
1704611090 6
1704611106 5
1704611122 12
1704611138 10
1704611154 8
1704611170 4
1704611186 7
1704611202 4
1704611218 6
1704611234 14
1704611250 14
1704611266 9
1704611282 10
1704611298 16
1704611314 11
1704611330 9
1704611346 12
1704611362 11
1704611378 9
1704611394 11
1704611410 15
1704611426 13
1704611442 9
1704611458 10
1704611474 8
1704611490 19
1704611506 0



# Sketch: 9
1704610914 5
1704610930 5
1704610946 8
1704610962 10
1704610978 6
1704610994 5
1704611010 6
1704611026 4
1704611042 3
1704611058 10
1704611074 9
1704611090 42
1704611106 13
1704611122 2
1704611138 9
1704611154 14
1704611170 5
1704611186 5
1704611202 2
1704611218 11
1704611234 11
1704611250 3
1704611266 3
1704611282 6
1704611298 7
1704611314 10
1704611330 9
1704611346 12
1704611362 5
1704611378 2
1704611394 9
1704611410 2
1704611426 3
1704611442 2
1704611458 7
1704611474 22
1704611490 12
1704611506 2



# Sketch: 10
1704610914 9
1704610930 4
1704610946 6
1704610962 6
1704610978 11
1704610994 10
1704611010 14
1704611026 6
1704611042 8
1704611058 9
1704611074 8
1704611090 17
1704611106 14
1704611122 16
1704611138 9
1704611154 17
1704611170 12
1704611186 4
1704611202 3
1704611218 11
1704611234 12
1704611250 22
1704611266 3
1704611282 13
1704611298 7
1704611314 13
1704611330 11
1704611346 17
1704611362 16
1704611378 26
1704611394 27
1704611410 11
1704611426 10
1704611442 12
1704611458 24
1704611474 10
1704611490 9
1704611506 7



# Sketch: 11
1704610914 1
1704610930 9
1704610946 25
1704610962 3
1704610978 9
1704610994 7
1704611010 16
1704611026 5
1704611042 10
1704611058 11
1704611074 8
1704611090 26
1704611106 14
1704611122 10
1704611138 23
1704611154 19
1704611170 8
1704611186 9
1704611202 6
1704611218 12
1704611234 5
1704611250 17
1704611266 12
1704611282 13
1704611298 7
1704611314 3
1704611330 32
1704611346 7
1704611362 8
1704611378 16
1704611394 18
1704611410 9
1704611426 4
1704611442 15
1704611458 3
1704611474 12
1704611490 5
1704611506 9



# Sketch: 12
1704610914 2
1704610930 6
1704610946 5
1704610962 4
1704610978 13
1704610994 3
1704611010 3
1704611026 10
1704611042 4
1704611058 9
1704611074 4
1704611090 4
1704611106 6
1704611122 7
1704611138 5
1704611154 10
1704611170 9
1704611186 4
1704611202 7
1704611218 6
1704611234 12
1704611250 7
1704611266 9
1704611282 13
1704611298 8
1704611314 13
1704611330 14
1704611346 11
1704611362 6
1704611378 11
1704611394 2
1704611410 8
1704611426 7
1704611442 6
1704611458 3
1704611474 13
1704611490 7
1704611506 3



# Sketch: 13
1704610914 3
1704610930 16
1704610946 7
1704610962 3
1704610978 12
1704610994 16
1704611010 17
1704611026 12
1704611042 10
1704611058 1
1704611074 6
1704611090 14
1704611106 5
1704611122 5
1704611138 5
1704611154 11
1704611170 6
1704611186 9
1704611202 4
1704611218 7
1704611234 7
1704611250 5
1704611266 7
1704611282 3
1704611298 16
1704611314 17
1704611330 11
1704611346 9
1704611362 16
1704611378 6
1704611394 11
1704611410 17
1704611426 3
1704611442 9
1704611458 11
1704611474 13
1704611490 5
1704611506 5



# Sketch: 14
1704610914 5
1704610930 10
1704610946 5
1704610962 6
1704610978 14
1704610994 7
1704611010 8
1704611026 7
1704611042 11
1704611058 6
1704611074 16
1704611090 10
1704611106 8
1704611122 8
1704611138 8
1704611154 3
1704611170 10
1704611186 15
1704611202 12
1704611218 9
1704611234 20
1704611250 10
1704611266 2
1704611282 8
1704611298 5
1704611314 2
1704611330 13
1704611346 9
1704611362 4
1704611378 3
1704611394 22
1704611410 6
1704611426 5
1704611442 5
1704611458 4
1704611474 14
1704611490 6
1704611506 2



# Sketch: 15
1704610914 4
1704610930 4
1704610946 4
1704610962 7
1704610978 25
1704610994 5
1704611010 9
1704611026 7
1704611042 7
1704611058 7
1704611074 0
1704611090 11
1704611106 20
1704611122 23
1704611138 7
1704611154 10
1704611170 2
1704611186 4
1704611202 11
1704611218 15
1704611234 9
1704611250 6
1704611266 4
1704611282 9
1704611298 9
1704611314 9
1704611330 10
1704611346 1
1704611362 7
1704611378 8
1704611394 26
1704611410 11
1704611426 10
1704611442 8
1704611458 3
1704611474 5
1704611490 4
1704611506 3



# Sketch: 16
1704610914 7
1704610930 7
1704610946 13
1704610962 2
1704610978 4
1704610994 7
1704611010 16
1704611026 9
1704611042 11
1704611058 8
1704611074 15
1704611090 11
1704611106 23
1704611122 10
1704611138 8
1704611154 15
1704611170 3
1704611186 2
1704611202 2
1704611218 2
1704611234 14
1704611250 2
1704611266 10
1704611282 8
1704611298 7
1704611314 5
1704611330 5
1704611346 12
1704611362 7
1704611378 11
1704611394 5
1704611410 12
1704611426 16
1704611442 4
1704611458 3
1704611474 6
1704611490 8
1704611506 8



# Sketch: 17
1704610914 9
1704610930 14
1704610946 11
1704610962 12
1704610978 22
1704610994 7
1704611010 7
1704611026 4
1704611042 12
1704611058 10
1704611074 8
1704611090 16
1704611106 8
1704611122 4
1704611138 19
1704611154 33
1704611170 16
1704611186 9
1704611202 14
1704611218 6
1704611234 8
1704611250 4
1704611266 8
1704611282 9
1704611298 32
1704611314 7
1704611330 14
1704611346 6
1704611362 7
1704611378 8
1704611394 12
1704611410 6
1704611426 11
1704611442 15
1704611458 2
1704611474 22
1704611490 17
1704611506 10



# Sketch: 18
1704610914 17
1704610930 8
1704610946 18
1704610962 8
1704610978 5
1704610994 13
1704611010 11
1704611026 11
1704611042 5
1704611058 7
1704611074 8
1704611090 6
1704611106 3
1704611122 7
1704611138 8
1704611154 21
1704611170 8
1704611186 8
1704611202 6
1704611218 7
1704611234 7
1704611250 4
1704611266 19
1704611282 8
1704611298 7
1704611314 4
1704611330 17
1704611346 5
1704611362 3
1704611378 31
1704611394 21
1704611410 7
1704611426 8
1704611442 5
1704611458 11
1704611474 9
1704611490 7
1704611506 4



# Sketch: 19
1704610914 9
1704610930 6
1704610946 6
1704610962 6
1704610978 34
1704610994 18
1704611010 22
1704611026 8
1704611042 9
1704611058 8
1704611074 14
1704611090 21
1704611106 35
1704611122 14
1704611138 2
1704611154 20
1704611170 15
1704611186 5
1704611202 1
1704611218 15
1704611234 6
1704611250 17
1704611266 13
1704611282 13
1704611298 7
1704611314 12
1704611330 7
1704611346 40
1704611362 12
1704611378 13
1704611394 16
1704611410 11
1704611426 14
1704611442 9
1704611458 13
1704611474 13
1704611490 14
1704611506 4



# Sketch: 20
1704610914 9
1704610930 8
1704610946 9
1704610962 3
1704610978 12
1704610994 10
1704611010 9
1704611026 18
1704611042 7
1704611058 17
1704611074 8
1704611090 18
1704611106 8
1704611122 6
1704611138 12
1704611154 16
1704611170 3
1704611186 11
1704611202 6
1704611218 7
1704611234 5
1704611250 7
1704611266 12
1704611282 10
1704611298 5
1704611314 8
1704611330 8
1704611346 10
1704611362 10
1704611378 10
1704611394 10
1704611410 21
1704611426 6
1704611442 14
1704611458 7
1704611474 11
1704611490 3
1704611506 2



# Sketch: 21
1704610914 14
1704610930 7
1704610946 14
1704610962 2
1704610978 3
1704610994 3
1704611010 12
1704611026 6
1704611042 6
1704611058 6
1704611074 11
1704611090 12
1704611106 15
1704611122 9
1704611138 9
1704611154 10
1704611170 10
1704611186 3
1704611202 4
1704611218 14
1704611234 11
1704611250 4
1704611266 6
1704611282 6
1704611298 8
1704611314 8
1704611330 9
1704611346 2
1704611362 3
1704611378 7
1704611394 16
1704611410 3
1704611426 4
1704611442 11
1704611458 2
1704611474 9
1704611490 3
1704611506 3



# Sketch: 22
1704610914 9
1704610930 11
1704610946 10
1704610962 4
1704610978 7
1704610994 4
1704611010 6
1704611026 12
1704611042 7
1704611058 4
1704611074 3
1704611090 10
1704611106 7
1704611122 4
1704611138 9
1704611154 3
1704611170 12
1704611186 11
1704611202 10
1704611218 4
1704611234 10
1704611250 12
1704611266 15
1704611282 11
1704611298 20
1704611314 6
1704611330 13
1704611346 7
1704611362 10
1704611378 4
1704611394 4
1704611410 5
1704611426 3
1704611442 6
1704611458 7
1704611474 10
1704611490 9
1704611506 0



# Sketch: 23
1704610914 4
1704610930 11
1704610946 19
1704610962 5
1704610978 6
1704610994 8
1704611010 4
1704611026 12
1704611042 7
1704611058 5
1704611074 9
1704611090 3
1704611106 5
1704611122 7
1704611138 14
1704611154 8
1704611170 19
1704611186 5
1704611202 7
1704611218 4
1704611234 0
1704611250 6
1704611266 22
1704611282 3
1704611298 12
1704611314 3
1704611330 17
1704611346 11
1704611362 12
1704611378 6
1704611394 5
1704611410 4
1704611426 10
1704611442 7
1704611458 4
1704611474 13
1704611490 9
1704611506 0



# Sketch: 24
1704610914 12
1704610930 3
1704610946 7
1704610962 3
1704610978 8
1704610994 4
1704611010 10
1704611026 12
1704611042 2
1704611058 1
1704611074 4
1704611090 28
1704611106 4
1704611122 17
1704611138 10
1704611154 12
1704611170 1
1704611186 13
1704611202 7
1704611218 8
1704611234 10
1704611250 10
1704611266 9
1704611282 6
1704611298 6
1704611314 8
1704611330 4
1704611346 6
1704611362 10
1704611378 35
1704611394 39
1704611410 10
1704611426 3
1704611442 15
1704611458 8
1704611474 9
1704611490 10
1704611506 4



# Sketch: 25
1704610914 10
1704610930 12
1704610946 6
1704610962 3
1704610978 12
1704610994 15
1704611010 7
1704611026 4
1704611042 8
1704611058 7
1704611074 4
1704611090 13
1704611106 12
1704611122 5
1704611138 16
1704611154 10
1704611170 8
1704611186 11
1704611202 5
1704611218 8
1704611234 7
1704611250 6
1704611266 9
1704611282 10
1704611298 13
1704611314 13
1704611330 8
1704611346 3
1704611362 7
1704611378 2
1704611394 11
1704611410 5
1704611426 10
1704611442 21
1704611458 9
1704611474 12
1704611490 9
1704611506 5



# Sketch: 26
1704610914 5
1704610930 17
1704610946 6
1704610962 5
1704610978 13
1704610994 7
1704611010 9
1704611026 7
1704611042 20
1704611058 10
1704611074 6
1704611090 4
1704611106 11
1704611122 12
1704611138 11
1704611154 14
1704611170 12
1704611186 10
1704611202 8
1704611218 4
1704611234 10
1704611250 4
1704611266 12
1704611282 15
1704611298 8
1704611314 8
1704611330 6
1704611346 19
1704611362 13
1704611378 14
1704611394 22
1704611410 11
1704611426 17
1704611442 8
1704611458 13
1704611474 25
1704611490 1
1704611506 3



# Sketch: 27
1704610914 3
1704610930 7
1704610946 4
1704610962 12
1704610978 19
1704610994 4
1704611010 5
1704611026 11
1704611042 7
1704611058 5
1704611074 4
1704611090 21
1704611106 10
1704611122 10
1704611138 17
1704611154 31
1704611170 9
1704611186 9
1704611202 5
1704611218 7
1704611234 11
1704611250 8
1704611266 8
1704611282 6
1704611298 13
1704611314 12
1704611330 6
1704611346 11
1704611362 2
1704611378 2
1704611394 7
1704611410 6
1704611426 3
1704611442 8
1704611458 10
1704611474 10
1704611490 9
1704611506 13



# Sketch: 28
1704610914 8
1704610930 12
1704610946 4
1704610962 6
1704610978 3
1704610994 1
1704611010 8
1704611026 3
1704611042 7
1704611058 2
1704611074 4
1704611090 6
1704611106 8
1704611122 5
1704611138 10
1704611154 6
1704611170 4
1704611186 10
1704611202 14
1704611218 8
1704611234 12
1704611250 6
1704611266 2
1704611282 6
1704611298 12
1704611314 7
1704611330 9
1704611346 13
1704611362 7
1704611378 20
1704611394 12
1704611410 31
1704611426 5
1704611442 14
1704611458 3
1704611474 13
1704611490 10
1704611506 7



# Sketch: 29
1704610914 8
1704610930 6
1704610946 15
1704610962 5
1704610978 10
1704610994 30
1704611010 10
1704611026 8
1704611042 8
1704611058 8
1704611074 16
1704611090 13
1704611106 4
1704611122 3
1704611138 9
1704611154 23
1704611170 14
1704611186 3
1704611202 8
1704611218 12
1704611234 10
1704611250 4
1704611266 10
1704611282 14
1704611298 21
1704611314 11
1704611330 39
1704611346 7
1704611362 3
1704611378 6
1704611394 5
1704611410 4
1704611426 3
1704611442 3
1704611458 15
1704611474 11
1704611490 6
1704611506 1



# Sketch: 30
1704610914 6
1704610930 10
1704610946 4
1704610962 2
1704610978 20
1704610994 5
1704611010 8
1704611026 2
1704611042 8
1704611058 2
1704611074 6
1704611090 12
1704611106 3
1704611122 10
1704611138 6
1704611154 2
1704611170 12
1704611186 7
1704611202 5
1704611218 6
1704611234 3
1704611250 5
1704611266 7
1704611282 10
1704611298 5
1704611314 7
1704611330 11
1704611346 3
1704611362 11
1704611378 6
1704611394 16
1704611410 6
1704611426 3
1704611442 5
1704611458 9
1704611474 11
1704611490 15
1704611506 1



# Sketch: 31
1704610914 9
1704610930 4
1704610946 7
1704610962 11
1704610978 15
1704610994 7
1704611010 11
1704611026 7
1704611042 12
1704611058 8
1704611074 7
1704611090 15
1704611106 7
1704611122 15
1704611138 9
1704611154 7
1704611170 11
1704611186 9
1704611202 4
1704611218 5
1704611234 11
1704611250 6
1704611266 15
1704611282 7
1704611298 13
1704611314 4
1704611330 8
1704611346 7
1704611362 4
1704611378 10
1704611394 13
1704611410 13
1704611426 13
1704611442 4
1704611458 14
1704611474 5
1704611490 37
1704611506 11

