

# Sketch: 0
1704610914 1
1704610918 1
1704610922 1
1704610926 4
1704610930 1
1704610934 2
1704610938 0
1704610942 6
1704610946 7
1704610950 7
1704610954 1
1704610958 2
1704610962 3
1704610966 1
1704610970 2
1704610974 3
1704610978 8
1704610982 3
1704610986 1
1704610990 2
1704610994 3
1704610998 1
1704611002 4
1704611006 2
1704611010 1
1704611014 4
1704611018 3
1704611022 0
1704611026 0
1704611030 5
1704611034 3
1704611038 7
1704611042 3
1704611046 1
1704611050 0
1704611054 3
1704611058 1
1704611062 4
1704611066 2
1704611070 1
1704611074 1
1704611078 3
1704611082 3
1704611086 2
1704611090 8
1704611094 9
1704611098 2
1704611102 4
1704611106 7
1704611110 3
1704611114 6
1704611118 0
1704611122 2
1704611126 4
1704611130 5
1704611134 1
1704611138 0
1704611142 5
1704611146 0
1704611150 4
1704611154 3
1704611158 1
1704611162 0
1704611166 2
1704611170 3
1704611174 1
1704611178 0
1704611182 2
1704611186 12
1704611190 10
1704611194 9
1704611198 3
1704611202 2
1704611206 0
1704611210 4
1704611214 1
1704611218 0
1704611222 5
1704611226 7
1704611230 4
1704611234 4
1704611238 2
1704611242 2
1704611246 0
1704611250 3
1704611254 3
1704611258 2
1704611262 0
1704611266 4
1704611270 5
1704611274 1
1704611278 1
1704611282 2
1704611286 1
1704611290 0
1704611294 12
1704611298 7
1704611302 3
1704611306 3
1704611310 1
1704611314 3
1704611318 3
1704611322 10
1704611326 0
1704611330 2
1704611334 1
1704611338 1
1704611342 2
1704611346 3
1704611350 1
1704611354 1
1704611358 3
1704611362 1
1704611366 3
1704611370 4
1704611374 3
1704611378 1
1704611382 0
1704611386 3
1704611390 3
1704611394 0
1704611398 3
1704611402 3
1704611406 1
1704611410 1
1704611414 0
1704611418 5
1704611422 0
1704611426 3
1704611430 2
1704611434 1
1704611438 8
1704611442 3
1704611446 2
1704611450 1
1704611454 5
1704611458 2
1704611462 3
1704611466 7
1704611470 0
1704611474 0
1704611478 1
1704611482 0
1704611486 2
1704611490 4
1704611494 1
1704611498 0
1704611502 1
1704611506 3
1704611510 1



# Sketch: 1
1704610914 5
1704610918 0
1704610922 3
1704610926 2
1704610930 1
1704610934 3
1704610938 6
1704610942 4
1704610946 5
1704610950 2
1704610954 1
1704610958 3
1704610962 3
1704610966 1
1704610970 1
1704610974 1
1704610978 0
1704610982 0
1704610986 13
1704610990 2
1704610994 1
1704610998 1
1704611002 1
1704611006 3
1704611010 2
1704611014 0
1704611018 0
1704611022 2
1704611026 1
1704611030 1
1704611034 3
1704611038 2
1704611042 0
1704611046 3
1704611050 1
1704611054 5
1704611058 0
1704611062 0
1704611066 5
1704611070 7
1704611074 4
1704611078 4
1704611082 1
1704611086 0
1704611090 1
1704611094 29
1704611098 11
1704611102 5
1704611106 0
1704611110 1
1704611114 4
1704611118 2
1704611122 1
1704611126 1
1704611130 2
1704611134 9
1704611138 5
1704611142 3
1704611146 1
1704611150 6
1704611154 0
1704611158 13
1704611162 0
1704611166 10
1704611170 2
1704611174 4
1704611178 1
1704611182 2
1704611186 2
1704611190 1
1704611194 4
1704611198 0
1704611202 0
1704611206 2
1704611210 0
1704611214 3
1704611218 4
1704611222 3
1704611226 3
1704611230 0
1704611234 2
1704611238 1
1704611242 3
1704611246 5
1704611250 2
1704611254 0
1704611258 4
1704611262 3
1704611266 7
1704611270 2
1704611274 6
1704611278 2
1704611282 1
1704611286 3
1704611290 2
1704611294 3
1704611298 2
1704611302 4
1704611306 6
1704611310 4
1704611314 4
1704611318 7
1704611322 8
1704611326 1
1704611330 2
1704611334 2
1704611338 5
1704611342 3
1704611346 4
1704611350 2
1704611354 0
1704611358 0
1704611362 0
1704611366 4
1704611370 0
1704611374 0
1704611378 1
1704611382 4
1704611386 0
1704611390 2
1704611394 7
1704611398 3
1704611402 5
1704611406 4
1704611410 0
1704611414 2
1704611418 2
1704611422 1
1704611426 2
1704611430 7
1704611434 5
1704611438 0
1704611442 2
1704611446 3
1704611450 0
1704611454 3
1704611458 1
1704611462 1
1704611466 0
1704611470 1
1704611474 7
1704611478 1
1704611482 4
1704611486 2
1704611490 0
1704611494 0
1704611498 1
1704611502 1
1704611506 1
1704611510 3



# Sketch: 2
1704610914 0
1704610918 0
1704610922 9
1704610926 1
1704610930 0
1704610934 3
1704610938 1
1704610942 1
1704610946 1
1704610950 1
1704610954 4
1704610958 5
1704610962 2
1704610966 0
1704610970 1
1704610974 1
1704610978 2
1704610982 3
1704610986 4
1704610990 1
1704610994 1
1704610998 1
1704611002 2
1704611006 0
1704611010 2
1704611014 2
1704611018 0
1704611022 3
1704611026 2
1704611030 0
1704611034 1
1704611038 1
1704611042 0
1704611046 1
1704611050 1
1704611054 2
1704611058 0
1704611062 2
1704611066 6
1704611070 1
1704611074 3
1704611078 1
1704611082 2
1704611086 4
1704611090 2
1704611094 3
1704611098 2
1704611102 4
1704611106 1
1704611110 2
1704611114 0
1704611118 0
1704611122 1
1704611126 0
1704611130 2
1704611134 2
1704611138 7
1704611142 2
1704611146 1
1704611150 1
1704611154 0
1704611158 0
1704611162 4
1704611166 3
1704611170 0
1704611174 2
1704611178 4
1704611182 3
1704611186 2
1704611190 1
1704611194 4
1704611198 1
1704611202 1
1704611206 1
1704611210 6
1704611214 1
1704611218 1
1704611222 3
1704611226 2
1704611230 3
1704611234 1
1704611238 1
1704611242 2
1704611246 1
1704611250 1
1704611254 4
1704611258 0
1704611262 0
1704611266 2
1704611270 0
1704611274 0
1704611278 0
1704611282 1
1704611286 1
1704611290 0
1704611294 1
1704611298 1
1704611302 1
1704611306 2
1704611310 0
1704611314 2
1704611318 5
1704611322 2
1704611326 5
1704611330 2
1704611334 1
1704611338 1
1704611342 1
1704611346 11
1704611350 0
1704611354 0
1704611358 0
1704611362 4
1704611366 5
1704611370 3
1704611374 0
1704611378 2
1704611382 0
1704611386 2
1704611390 3
1704611394 2
1704611398 0
1704611402 6
1704611406 3
1704611410 3
1704611414 4
1704611418 1
1704611422 0
1704611426 1
1704611430 4
1704611434 2
1704611438 3
1704611442 0
1704611446 1
1704611450 2
1704611454 1
1704611458 2
1704611462 1
1704611466 0
1704611470 1
1704611474 3
1704611478 3
1704611482 8
1704611486 2
1704611490 2
1704611494 2
1704611498 3
1704611502 3
1704611506 1
1704611510 0



# Sketch: 3
1704610914 2
1704610918 0
1704610922 3
1704610926 0
1704610930 2
1704610934 0
1704610938 2
1704610942 1
1704610946 0
1704610950 1
1704610954 0
1704610958 2
1704610962 1
1704610966 0
1704610970 0
1704610974 1
1704610978 3
1704610982 5
1704610986 3
1704610990 1
1704610994 2
1704610998 1
1704611002 1
1704611006 1
1704611010 3
1704611014 2
1704611018 0
1704611022 4
1704611026 4
1704611030 2
1704611034 2
1704611038 2
1704611042 2
1704611046 1
1704611050 1
1704611054 3
1704611058 0
1704611062 1
1704611066 0
1704611070 2
1704611074 0
1704611078 2
1704611082 3
1704611086 3
1704611090 1
1704611094 1
1704611098 6
1704611102 8
1704611106 1
1704611110 1
1704611114 3
1704611118 3
1704611122 0
1704611126 4
1704611130 1
1704611134 1
1704611138 4
1704611142 6
1704611146 2
1704611150 3
1704611154 6
1704611158 0
1704611162 4
1704611166 4
1704611170 2
1704611174 1
1704611178 1
1704611182 5
1704611186 0
1704611190 1
1704611194 1
1704611198 0
1704611202 0
1704611206 1
1704611210 4
1704611214 3
1704611218 0
1704611222 6
1704611226 1
1704611230 2
1704611234 0
1704611238 0
1704611242 0
1704611246 3
1704611250 1
1704611254 1
1704611258 2
1704611262 0
1704611266 3
1704611270 1
1704611274 0
1704611278 3
1704611282 3
1704611286 3
1704611290 2
1704611294 2
1704611298 0
1704611302 2
1704611306 0
1704611310 0
1704611314 1
1704611318 1
1704611322 0
1704611326 2
1704611330 1
1704611334 2
1704611338 2
1704611342 2
1704611346 0
1704611350 0
1704611354 1
1704611358 2
1704611362 1
1704611366 1
1704611370 1
1704611374 4
1704611378 0
1704611382 0
1704611386 1
1704611390 6
1704611394 1
1704611398 8
1704611402 4
1704611406 10
1704611410 0
1704611414 3
1704611418 0
1704611422 9
1704611426 6
1704611430 4
1704611434 1
1704611438 0
1704611442 0
1704611446 2
1704611450 1
1704611454 0
1704611458 2
1704611462 1
1704611466 0
1704611470 0
1704611474 0
1704611478 1
1704611482 2
1704611486 1
1704611490 1
1704611494 4
1704611498 1
1704611502 0
1704611506 0
1704611510 4



# Sketch: 4
1704610914 0
1704610918 1
1704610922 1
1704610926 0
1704610930 6
1704610934 1
1704610938 1
1704610942 2
1704610946 0
1704610950 1
1704610954 2
1704610958 1
1704610962 4
1704610966 3
1704610970 2
1704610974 1
1704610978 3
1704610982 5
1704610986 3
1704610990 1
1704610994 1
1704610998 1
1704611002 2
1704611006 1
1704611010 3
1704611014 4
1704611018 3
1704611022 10
1704611026 4
1704611030 1
1704611034 1
1704611038 4
1704611042 3
1704611046 3
1704611050 0
1704611054 2
1704611058 3
1704611062 1
1704611066 5
1704611070 2
1704611074 1
1704611078 1
1704611082 1
1704611086 3
1704611090 4
1704611094 6
1704611098 4
1704611102 0
1704611106 3
1704611110 5
1704611114 3
1704611118 0
1704611122 6
1704611126 1
1704611130 2
1704611134 5
1704611138 4
1704611142 7
1704611146 2
1704611150 4
1704611154 0
1704611158 15
1704611162 3
1704611166 6
1704611170 7
1704611174 3
1704611178 2
1704611182 0
1704611186 1
1704611190 0
1704611194 1
1704611198 0
1704611202 1
1704611206 1
1704611210 0
1704611214 0
1704611218 1
1704611222 0
1704611226 3
1704611230 4
1704611234 6
1704611238 2
1704611242 3
1704611246 1
1704611250 1
1704611254 4
1704611258 4
1704611262 4
1704611266 2
1704611270 7
1704611274 0
1704611278 1
1704611282 2
1704611286 1
1704611290 0
1704611294 0
1704611298 1
1704611302 1
1704611306 0
1704611310 2
1704611314 1
1704611318 2
1704611322 0
1704611326 4
1704611330 5
1704611334 3
1704611338 2
1704611342 2
1704611346 1
1704611350 1
1704611354 0
1704611358 2
1704611362 2
1704611366 2
1704611370 0
1704611374 3
1704611378 1
1704611382 0
1704611386 3
1704611390 2
1704611394 4
1704611398 1
1704611402 1
1704611406 3
1704611410 7
1704611414 0
1704611418 1
1704611422 1
1704611426 4
1704611430 5
1704611434 2
1704611438 3
1704611442 1
1704611446 3
1704611450 1
1704611454 3
1704611458 5
1704611462 2
1704611466 8
1704611470 0
1704611474 2
1704611478 6
1704611482 0
1704611486 0
1704611490 5
1704611494 1
1704611498 1
1704611502 1
1704611506 3
1704611510 0



# Sketch: 5
1704610914 0
1704610918 4
1704610922 1
1704610926 1
1704610930 2
1704610934 1
1704610938 2
1704610942 2
1704610946 12
1704610950 4
1704610954 0
1704610958 0
1704610962 0
1704610966 6
1704610970 0
1704610974 4
1704610978 4
1704610982 10
1704610986 0
1704610990 2
1704610994 0
1704610998 2
1704611002 0
1704611006 0
1704611010 2
1704611014 0
1704611018 1
1704611022 6
1704611026 6
1704611030 1
1704611034 2
1704611038 0
1704611042 5
1704611046 4
1704611050 1
1704611054 4
1704611058 1
1704611062 2
1704611066 1
1704611070 1
1704611074 1
1704611078 2
1704611082 2
1704611086 0
1704611090 1
1704611094 5
1704611098 7
1704611102 9
1704611106 1
1704611110 0
1704611114 4
1704611118 1
1704611122 0
1704611126 1
1704611130 2
1704611134 5
1704611138 1
1704611142 1
1704611146 0
1704611150 5
1704611154 0
1704611158 0
1704611162 4
1704611166 4
1704611170 2
1704611174 1
1704611178 2
1704611182 1
1704611186 1
1704611190 3
1704611194 1
1704611198 3
1704611202 1
1704611206 1
1704611210 2
1704611214 1
1704611218 1
1704611222 4
1704611226 5
1704611230 0
1704611234 4
1704611238 23
1704611242 4
1704611246 3
1704611250 0
1704611254 0
1704611258 4
1704611262 6
1704611266 3
1704611270 1
1704611274 2
1704611278 0
1704611282 1
1704611286 9
1704611290 0
1704611294 1
1704611298 0
1704611302 15
1704611306 3
1704611310 0
1704611314 2
1704611318 0
1704611322 1
1704611326 1
1704611330 0
1704611334 0
1704611338 0
1704611342 2
1704611346 6
1704611350 3
1704611354 0
1704611358 0
1704611362 2
1704611366 7
1704611370 0
1704611374 2
1704611378 0
1704611382 3
1704611386 1
1704611390 14
1704611394 16
1704611398 13
1704611402 13
1704611406 3
1704611410 5
1704611414 6
1704611418 3
1704611422 3
1704611426 2
1704611430 0
1704611434 4
1704611438 0
1704611442 0
1704611446 0
1704611450 0
1704611454 4
1704611458 3
1704611462 0
1704611466 0
1704611470 0
1704611474 1
1704611478 7
1704611482 1
1704611486 2
1704611490 3
1704611494 4
1704611498 1
1704611502 0
1704611506 0
1704611510 2



# Sketch: 6
1704610914 5
1704610918 4
1704610922 0
1704610926 0
1704610930 0
1704610934 5
1704610938 1
1704610942 6
1704610946 2
1704610950 2
1704610954 1
1704610958 0
1704610962 0
1704610966 1
1704610970 2
1704610974 0
1704610978 1
1704610982 6
1704610986 0
1704610990 5
1704610994 0
1704610998 0
1704611002 15
1704611006 6
1704611010 4
1704611014 0
1704611018 7
1704611022 4
1704611026 0
1704611030 1
1704611034 0
1704611038 0
1704611042 3
1704611046 2
1704611050 1
1704611054 2
1704611058 0
1704611062 2
1704611066 2
1704611070 2
1704611074 0
1704611078 3
1704611082 4
1704611086 3
1704611090 4
1704611094 1
1704611098 3
1704611102 2
1704611106 0
1704611110 1
1704611114 0
1704611118 2
1704611122 1
1704611126 2
1704611130 2
1704611134 1
1704611138 3
1704611142 5
1704611146 3
1704611150 3
1704611154 1
1704611158 0
1704611162 3
1704611166 2
1704611170 0
1704611174 4
1704611178 4
1704611182 4
1704611186 3
1704611190 2
1704611194 1
1704611198 1
1704611202 1
1704611206 0
1704611210 0
1704611214 2
1704611218 0
1704611222 1
1704611226 1
1704611230 1
1704611234 2
1704611238 1
1704611242 0
1704611246 3
1704611250 1
1704611254 0
1704611258 1
1704611262 2
1704611266 2
1704611270 1
1704611274 0
1704611278 1
1704611282 0
1704611286 1
1704611290 2
1704611294 1
1704611298 4
1704611302 4
1704611306 3
1704611310 0
1704611314 2
1704611318 2
1704611322 1
1704611326 0
1704611330 4
1704611334 1
1704611338 2
1704611342 2
1704611346 0
1704611350 3
1704611354 5
1704611358 0
1704611362 2
1704611366 3
1704611370 1
1704611374 0
1704611378 1
1704611382 0
1704611386 1
1704611390 2
1704611394 0
1704611398 0
1704611402 6
1704611406 0
1704611410 1
1704611414 2
1704611418 0
1704611422 1
1704611426 2
1704611430 1
1704611434 1
1704611438 3
1704611442 4
1704611446 16
1704611450 1
1704611454 4
1704611458 0
1704611462 2
1704611466 5
1704611470 2
1704611474 0
1704611478 6
1704611482 3
1704611486 1
1704611490 2
1704611494 0
1704611498 2
1704611502 0
1704611506 1
1704611510 0



# Sketch: 7
1704610914 3
1704610918 2
1704610922 0
1704610926 0
1704610930 4
1704610934 1
1704610938 0
1704610942 5
1704610946 2
1704610950 0
1704610954 1
1704610958 2
1704610962 1
1704610966 3
1704610970 1
1704610974 1
1704610978 2
1704610982 7
1704610986 2
1704610990 4
1704610994 1
1704610998 1
1704611002 10
1704611006 2
1704611010 6
1704611014 1
1704611018 8
1704611022 2
1704611026 3
1704611030 0
1704611034 1
1704611038 1
1704611042 2
1704611046 0
1704611050 1
1704611054 1
1704611058 0
1704611062 2
1704611066 0
1704611070 0
1704611074 2
1704611078 4
1704611082 3
1704611086 2
1704611090 5
1704611094 10
1704611098 1
1704611102 4
1704611106 1
1704611110 0
1704611114 4
1704611118 3
1704611122 2
1704611126 0
1704611130 1
1704611134 1
1704611138 4
1704611142 3
1704611146 0
1704611150 2
1704611154 0
1704611158 3
1704611162 2
1704611166 2
1704611170 1
1704611174 0
1704611178 0
1704611182 1
1704611186 5
1704611190 0
1704611194 0
1704611198 0
1704611202 4
1704611206 5
1704611210 3
1704611214 3
1704611218 4
1704611222 0
1704611226 5
1704611230 2
1704611234 0
1704611238 1
1704611242 2
1704611246 4
1704611250 3
1704611254 1
1704611258 0
1704611262 2
1704611266 5
1704611270 0
1704611274 2
1704611278 1
1704611282 1
1704611286 1
1704611290 3
1704611294 0
1704611298 2
1704611302 8
1704611306 12
1704611310 11
1704611314 0
1704611318 3
1704611322 5
1704611326 0
1704611330 0
1704611334 1
1704611338 0
1704611342 3
1704611346 2
1704611350 6
1704611354 0
1704611358 0
1704611362 1
1704611366 0
1704611370 2
1704611374 2
1704611378 1
1704611382 4
1704611386 2
1704611390 3
1704611394 2
1704611398 1
1704611402 1
1704611406 0
1704611410 2
1704611414 0
1704611418 0
1704611422 0
1704611426 0
1704611430 2
1704611434 1
1704611438 4
1704611442 2
1704611446 1
1704611450 4
1704611454 3
1704611458 1
1704611462 1
1704611466 5
1704611470 1
1704611474 3
1704611478 2
1704611482 6
1704611486 1
1704611490 4
1704611494 6
1704611498 3
1704611502 0
1704611506 1
1704611510 0



# Sketch: 8
1704610914 2
1704610918 11
1704610922 3
1704610926 0
1704610930 3
1704610934 3
1704610938 0
1704610942 1
1704610946 0
1704610950 0
1704610954 0
1704610958 6
1704610962 0
1704610966 0
1704610970 0
1704610974 2
1704610978 10
1704610982 2
1704610986 6
1704610990 0
1704610994 0
1704610998 2
1704611002 2
1704611006 4
1704611010 2
1704611014 8
1704611018 0
1704611022 2
1704611026 0
1704611030 0
1704611034 1
1704611038 1
1704611042 3
1704611046 0
1704611050 1
1704611054 1
1704611058 0
1704611062 2
1704611066 2
1704611070 0
1704611074 0
1704611078 2
1704611082 3
1704611086 1
1704611090 0
1704611094 1
1704611098 3
1704611102 2
1704611106 2
1704611110 0
1704611114 3
1704611118 1
1704611122 2
1704611126 2
1704611130 0
1704611134 0
1704611138 1
1704611142 2
1704611146 2
1704611150 10
1704611154 2
1704611158 4
1704611162 1
1704611166 2
1704611170 0
1704611174 1
1704611178 1
1704611182 0
1704611186 1
1704611190 1
1704611194 1
1704611198 2
1704611202 3
1704611206 0
1704611210 0
1704611214 0
1704611218 1
1704611222 3
1704611226 0
1704611230 3
1704611234 2
1704611238 4
1704611242 5
1704611246 1
1704611250 0
1704611254 1
1704611258 2
1704611262 1
1704611266 5
1704611270 3
1704611274 0
1704611278 2
1704611282 1
1704611286 1
1704611290 6
1704611294 2
1704611298 3
1704611302 2
1704611306 2
1704611310 0
1704611314 7
1704611318 0
1704611322 6
1704611326 5
1704611330 3
1704611334 1
1704611338 0
1704611342 7
1704611346 0
1704611350 2
1704611354 2
1704611358 0
1704611362 3
1704611366 2
1704611370 1
1704611374 6
1704611378 1
1704611382 1
1704611386 3
1704611390 1
1704611394 2
1704611398 0
1704611402 1
1704611406 1
1704611410 0
1704611414 0
1704611418 0
1704611422 1
1704611426 0
1704611430 0
1704611434 0
1704611438 1
1704611442 3
1704611446 5
1704611450 1
1704611454 4
1704611458 3
1704611462 2
1704611466 3
1704611470 5
1704611474 0
1704611478 1
1704611482 8
1704611486 6
1704611490 3
1704611494 3
1704611498 2
1704611502 1
1704611506 0
1704611510 0



# Sketch: 9
1704610914 0
1704610918 2
1704610922 1
1704610926 1
1704610930 0
1704610934 2
1704610938 2
1704610942 3
1704610946 3
1704610950 0
1704610954 0
1704610958 0
1704610962 0
1704610966 2
1704610970 1
1704610974 1
1704610978 8
1704610982 0
1704610986 0
1704610990 0
1704610994 1
1704610998 1
1704611002 1
1704611006 3
1704611010 2
1704611014 1
1704611018 1
1704611022 0
1704611026 3
1704611030 0
1704611034 1
1704611038 3
1704611042 1
1704611046 2
1704611050 3
1704611054 1
1704611058 2
1704611062 0
1704611066 2
1704611070 1
1704611074 2
1704611078 3
1704611082 5
1704611086 1
1704611090 3
1704611094 3
1704611098 1
1704611102 0
1704611106 4
1704611110 1
1704611114 3
1704611118 3
1704611122 2
1704611126 1
1704611130 3
1704611134 13
1704611138 3
1704611142 1
1704611146 0
1704611150 0
1704611154 1
1704611158 5
1704611162 2
1704611166 3
1704611170 1
1704611174 1
1704611178 8
1704611182 0
1704611186 2
1704611190 0
1704611194 1
1704611198 0
1704611202 1
1704611206 0
1704611210 2
1704611214 3
1704611218 4
1704611222 1
1704611226 2
1704611230 0
1704611234 0
1704611238 3
1704611242 3
1704611246 2
1704611250 2
1704611254 0
1704611258 2
1704611262 1
1704611266 3
1704611270 0
1704611274 0
1704611278 3
1704611282 1
1704611286 0
1704611290 1
1704611294 1
1704611298 0
1704611302 1
1704611306 0
1704611310 0
1704611314 1
1704611318 2
1704611322 4
1704611326 2
1704611330 1
1704611334 1
1704611338 0
1704611342 4
1704611346 1
1704611350 0
1704611354 3
1704611358 0
1704611362 9
1704611366 5
1704611370 1
1704611374 0
1704611378 0
1704611382 0
1704611386 0
1704611390 2
1704611394 1
1704611398 1
1704611402 9
1704611406 7
1704611410 0
1704611414 3
1704611418 1
1704611422 1
1704611426 3
1704611430 1
1704611434 0
1704611438 1
1704611442 1
1704611446 1
1704611450 0
1704611454 4
1704611458 1
1704611462 3
1704611466 0
1704611470 3
1704611474 2
1704611478 2
1704611482 1
1704611486 0
1704611490 0
1704611494 0
1704611498 6
1704611502 1
1704611506 2
1704611510 4



# Sketch: 10
1704610914 1
1704610918 4
1704610922 2
1704610926 2
1704610930 4
1704610934 1
1704610938 1
1704610942 3
1704610946 5
1704610950 1
1704610954 0
1704610958 2
1704610962 0
1704610966 2
1704610970 0
1704610974 0
1704610978 0
1704610982 7
1704610986 2
1704610990 1
1704610994 0
1704610998 2
1704611002 2
1704611006 3
1704611010 0
1704611014 0
1704611018 1
1704611022 2
1704611026 4
1704611030 2
1704611034 2
1704611038 1
1704611042 3
1704611046 3
1704611050 3
1704611054 1
1704611058 1
1704611062 3
1704611066 7
1704611070 4
1704611074 0
1704611078 2
1704611082 1
1704611086 0
1704611090 2
1704611094 4
1704611098 3
1704611102 0
1704611106 1
1704611110 5
1704611114 1
1704611118 7
1704611122 2
1704611126 2
1704611130 0
1704611134 9
1704611138 4
1704611142 1
1704611146 1
1704611150 0
1704611154 3
1704611158 2
1704611162 3
1704611166 6
1704611170 4
1704611174 12
1704611178 4
1704611182 3
1704611186 3
1704611190 0
1704611194 8
1704611198 0
1704611202 2
1704611206 0
1704611210 1
1704611214 0
1704611218 1
1704611222 1
1704611226 1
1704611230 1
1704611234 2
1704611238 3
1704611242 2
1704611246 3
1704611250 1
1704611254 3
1704611258 4
1704611262 6
1704611266 1
1704611270 1
1704611274 0
1704611278 1
1704611282 5
1704611286 1
1704611290 2
1704611294 0
1704611298 4
1704611302 3
1704611306 1
1704611310 1
1704611314 4
1704611318 2
1704611322 1
1704611326 3
1704611330 9
1704611334 3
1704611338 2
1704611342 3
1704611346 5
1704611350 2
1704611354 7
1704611358 2
1704611362 4
1704611366 4
1704611370 0
1704611374 0
1704611378 4
1704611382 1
1704611386 1
1704611390 5
1704611394 1
1704611398 1
1704611402 1
1704611406 8
1704611410 4
1704611414 0
1704611418 2
1704611422 0
1704611426 2
1704611430 0
1704611434 1
1704611438 1
1704611442 1
1704611446 1
1704611450 5
1704611454 6
1704611458 1
1704611462 6
1704611466 2
1704611470 3
1704611474 1
1704611478 5
1704611482 4
1704611486 2
1704611490 2
1704611494 2
1704611498 0
1704611502 0
1704611506 8
1704611510 3



# Sketch: 11
1704610914 2
1704610918 5
1704610922 1
1704610926 1
1704610930 4
1704610934 3
1704610938 2
1704610942 3
1704610946 6
1704610950 3
1704610954 21
1704610958 4
1704610962 0
1704610966 1
1704610970 2
1704610974 0
1704610978 3
1704610982 9
1704610986 3
1704610990 0
1704610994 0
1704610998 0
1704611002 3
1704611006 1
1704611010 1
1704611014 3
1704611018 2
1704611022 1
1704611026 0
1704611030 1
1704611034 1
1704611038 1
1704611042 3
1704611046 3
1704611050 0
1704611054 6
1704611058 6
1704611062 5
1704611066 3
1704611070 1
1704611074 1
1704611078 3
1704611082 3
1704611086 0
1704611090 5
1704611094 9
1704611098 0
1704611102 8
1704611106 2
1704611110 1
1704611114 4
1704611118 1
1704611122 7
1704611126 0
1704611130 0
1704611134 10
1704611138 2
1704611142 8
1704611146 1
1704611150 2
1704611154 4
1704611158 2
1704611162 8
1704611166 1
1704611170 1
1704611174 3
1704611178 1
1704611182 0
1704611186 4
1704611190 6
1704611194 3
1704611198 2
1704611202 2
1704611206 1
1704611210 0
1704611214 1
1704611218 8
1704611222 1
1704611226 1
1704611230 1
1704611234 6
1704611238 2
1704611242 1
1704611246 1
1704611250 0
1704611254 2
1704611258 2
1704611262 0
1704611266 1
1704611270 5
1704611274 0
1704611278 1
1704611282 2
1704611286 3
1704611290 4
1704611294 2
1704611298 3
1704611302 1
1704611306 1
1704611310 4
1704611314 1
1704611318 0
1704611322 5
1704611326 1
1704611330 5
1704611334 0
1704611338 2
1704611342 1
1704611346 10
1704611350 0
1704611354 1
1704611358 1
1704611362 0
1704611366 1
1704611370 1
1704611374 2
1704611378 2
1704611382 1
1704611386 1
1704611390 1
1704611394 0
1704611398 1
1704611402 1
1704611406 4
1704611410 1
1704611414 1
1704611418 3
1704611422 0
1704611426 6
1704611430 1
1704611434 0
1704611438 0
1704611442 1
1704611446 7
1704611450 2
1704611454 0
1704611458 2
1704611462 1
1704611466 2
1704611470 0
1704611474 2
1704611478 3
1704611482 3
1704611486 1
1704611490 1
1704611494 1
1704611498 2
1704611502 0
1704611506 5
1704611510 1



# Sketch: 12
1704610914 3
1704610918 1
1704610922 3
1704610926 1
1704610930 0
1704610934 4
1704610938 3
1704610942 2
1704610946 3
1704610950 3
1704610954 0
1704610958 1
1704610962 1
1704610966 0
1704610970 1
1704610974 1
1704610978 2
1704610982 2
1704610986 1
1704610990 3
1704610994 3
1704610998 1
1704611002 1
1704611006 12
1704611010 7
1704611014 4
1704611018 3
1704611022 3
1704611026 0
1704611030 0
1704611034 2
1704611038 4
1704611042 0
1704611046 2
1704611050 5
1704611054 3
1704611058 1
1704611062 0
1704611066 2
1704611070 1
1704611074 1
1704611078 0
1704611082 0
1704611086 6
1704611090 2
1704611094 1
1704611098 4
1704611102 1
1704611106 4
1704611110 8
1704611114 8
1704611118 6
1704611122 5
1704611126 0
1704611130 1
1704611134 0
1704611138 1
1704611142 2
1704611146 5
1704611150 2
1704611154 0
1704611158 3
1704611162 1
1704611166 6
1704611170 2
1704611174 3
1704611178 0
1704611182 2
1704611186 1
1704611190 7
1704611194 0
1704611198 1
1704611202 3
1704611206 2
1704611210 0
1704611214 7
1704611218 2
1704611222 1
1704611226 6
1704611230 1
1704611234 9
1704611238 0
1704611242 6
1704611246 1
1704611250 2
1704611254 1
1704611258 0
1704611262 7
1704611266 1
1704611270 2
1704611274 0
1704611278 1
1704611282 10
1704611286 1
1704611290 0
1704611294 6
1704611298 2
1704611302 1
1704611306 3
1704611310 2
1704611314 0
1704611318 0
1704611322 6
1704611326 1
1704611330 5
1704611334 1
1704611338 2
1704611342 5
1704611346 1
1704611350 0
1704611354 2
1704611358 2
1704611362 4
1704611366 1
1704611370 2
1704611374 1
1704611378 0
1704611382 10
1704611386 19
1704611390 14
1704611394 4
1704611398 2
1704611402 1
1704611406 6
1704611410 1
1704611414 28
1704611418 6
1704611422 6
1704611426 2
1704611430 3
1704611434 3
1704611438 2
1704611442 5
1704611446 9
1704611450 1
1704611454 1
1704611458 3
1704611462 5
1704611466 0
1704611470 0
1704611474 6
1704611478 0
1704611482 2
1704611486 4
1704611490 8
1704611494 8
1704611498 2
1704611502 2
1704611506 7
1704611510 0



# Sketch: 13
1704610914 4
1704610918 0
1704610922 2
1704610926 1
1704610930 1
1704610934 3
1704610938 0
1704610942 2
1704610946 1
1704610950 4
1704610954 1
1704610958 0
1704610962 5
1704610966 2
1704610970 7
1704610974 1
1704610978 2
1704610982 0
1704610986 1
1704610990 1
1704610994 0
1704610998 0
1704611002 1
1704611006 0
1704611010 2
1704611014 2
1704611018 2
1704611022 4
1704611026 1
1704611030 2
1704611034 2
1704611038 3
1704611042 2
1704611046 4
1704611050 0
1704611054 3
1704611058 2
1704611062 0
1704611066 5
1704611070 1
1704611074 0
1704611078 1
1704611082 0
1704611086 3
1704611090 1
1704611094 0
1704611098 1
1704611102 3
1704611106 0
1704611110 1
1704611114 6
1704611118 13
1704611122 1
1704611126 1
1704611130 1
1704611134 0
1704611138 0
1704611142 2
1704611146 2
1704611150 3
1704611154 2
1704611158 0
1704611162 0
1704611166 12
1704611170 1
1704611174 2
1704611178 2
1704611182 1
1704611186 2
1704611190 2
1704611194 6
1704611198 1
1704611202 3
1704611206 1
1704611210 0
1704611214 0
1704611218 0
1704611222 2
1704611226 2
1704611230 1
1704611234 1
1704611238 3
1704611242 4
1704611246 3
1704611250 2
1704611254 1
1704611258 2
1704611262 5
1704611266 3
1704611270 4
1704611274 1
1704611278 4
1704611282 1
1704611286 1
1704611290 4
1704611294 6
1704611298 2
1704611302 3
1704611306 8
1704611310 4
1704611314 1
1704611318 0
1704611322 0
1704611326 1
1704611330 3
1704611334 2
1704611338 5
1704611342 5
1704611346 3
1704611350 1
1704611354 5
1704611358 0
1704611362 0
1704611366 2
1704611370 0
1704611374 1
1704611378 2
1704611382 0
1704611386 2
1704611390 3
1704611394 1
1704611398 4
1704611402 4
1704611406 5
1704611410 1
1704611414 1
1704611418 13
1704611422 2
1704611426 2
1704611430 2
1704611434 1
1704611438 4
1704611442 3
1704611446 2
1704611450 0
1704611454 3
1704611458 0
1704611462 2
1704611466 2
1704611470 0
1704611474 0
1704611478 2
1704611482 0
1704611486 1
1704611490 5
1704611494 1
1704611498 4
1704611502 0
1704611506 4
1704611510 2



# Sketch: 14
1704610914 0
1704610918 0
1704610922 1
1704610926 1
1704610930 4
1704610934 1
1704610938 5
1704610942 1
1704610946 9
1704610950 3
1704610954 5
1704610958 3
1704610962 4
1704610966 1
1704610970 1
1704610974 0
1704610978 6
1704610982 4
1704610986 1
1704610990 0
1704610994 2
1704610998 1
1704611002 3
1704611006 0
1704611010 8
1704611014 3
1704611018 4
1704611022 1
1704611026 0
1704611030 2
1704611034 2
1704611038 7
1704611042 2
1704611046 2
1704611050 1
1704611054 1
1704611058 3
1704611062 2
1704611066 0
1704611070 1
1704611074 2
1704611078 1
1704611082 2
1704611086 2
1704611090 5
1704611094 3
1704611098 19
1704611102 0
1704611106 5
1704611110 1
1704611114 2
1704611118 3
1704611122 0
1704611126 0
1704611130 0
1704611134 1
1704611138 0
1704611142 2
1704611146 1
1704611150 1
1704611154 2
1704611158 1
1704611162 8
1704611166 7
1704611170 2
1704611174 5
1704611178 1
1704611182 2
1704611186 3
1704611190 1
1704611194 2
1704611198 0
1704611202 0
1704611206 0
1704611210 5
1704611214 6
1704611218 2
1704611222 5
1704611226 1
1704611230 1
1704611234 2
1704611238 7
1704611242 1
1704611246 1
1704611250 2
1704611254 4
1704611258 1
1704611262 2
1704611266 2
1704611270 2
1704611274 1
1704611278 3
1704611282 4
1704611286 1
1704611290 5
1704611294 3
1704611298 0
1704611302 2
1704611306 2
1704611310 1
1704611314 1
1704611318 2
1704611322 0
1704611326 1
1704611330 1
1704611334 1
1704611338 1
1704611342 1
1704611346 2
1704611350 0
1704611354 0
1704611358 3
1704611362 0
1704611366 2
1704611370 5
1704611374 1
1704611378 2
1704611382 2
1704611386 9
1704611390 9
1704611394 8
1704611398 15
1704611402 9
1704611406 9
1704611410 2
1704611414 0
1704611418 0
1704611422 1
1704611426 0
1704611430 1
1704611434 1
1704611438 1
1704611442 1
1704611446 0
1704611450 1
1704611454 5
1704611458 1
1704611462 1
1704611466 0
1704611470 2
1704611474 1
1704611478 2
1704611482 4
1704611486 2
1704611490 1
1704611494 1
1704611498 0
1704611502 0
1704611506 2
1704611510 1



# Sketch: 15
1704610914 3
1704610918 3
1704610922 0
1704610926 4
1704610930 2
1704610934 0
1704610938 0
1704610942 1
1704610946 2
1704610950 0
1704610954 0
1704610958 1
1704610962 0
1704610966 0
1704610970 1
1704610974 0
1704610978 3
1704610982 5
1704610986 3
1704610990 1
1704610994 1
1704610998 5
1704611002 3
1704611006 3
1704611010 3
1704611014 2
1704611018 3
1704611022 10
1704611026 0
1704611030 5
1704611034 5
1704611038 7
1704611042 2
1704611046 4
1704611050 0
1704611054 1
1704611058 0
1704611062 2
1704611066 1
1704611070 0
1704611074 2
1704611078 6
1704611082 1
1704611086 3
1704611090 0
1704611094 2
1704611098 0
1704611102 12
1704611106 7
1704611110 4
1704611114 0
1704611118 3
1704611122 3
1704611126 0
1704611130 6
1704611134 4
1704611138 0
1704611142 2
1704611146 1
1704611150 4
1704611154 4
1704611158 1
1704611162 4
1704611166 2
1704611170 0
1704611174 0
1704611178 6
1704611182 2
1704611186 1
1704611190 4
1704611194 3
1704611198 2
1704611202 0
1704611206 2
1704611210 1
1704611214 0
1704611218 0
1704611222 3
1704611226 7
1704611230 2
1704611234 3
1704611238 2
1704611242 1
1704611246 0
1704611250 3
1704611254 4
1704611258 6
1704611262 0
1704611266 1
1704611270 3
1704611274 5
1704611278 4
1704611282 4
1704611286 2
1704611290 3
1704611294 4
1704611298 3
1704611302 1
1704611306 5
1704611310 0
1704611314 1
1704611318 2
1704611322 2
1704611326 4
1704611330 2
1704611334 7
1704611338 13
1704611342 14
1704611346 9
1704611350 3
1704611354 1
1704611358 1
1704611362 1
1704611366 1
1704611370 7
1704611374 4
1704611378 2
1704611382 4
1704611386 5
1704611390 3
1704611394 2
1704611398 8
1704611402 1
1704611406 5
1704611410 0
1704611414 3
1704611418 5
1704611422 0
1704611426 3
1704611430 1
1704611434 1
1704611438 0
1704611442 4
1704611446 7
1704611450 1
1704611454 1
1704611458 3
1704611462 2
1704611466 6
1704611470 0
1704611474 3
1704611478 1
1704611482 3
1704611486 1
1704611490 3
1704611494 7
1704611498 2
1704611502 1
1704611506 0
1704611510 0



# Sketch: 16
1704610914 0
1704610918 1
1704610922 1
1704610926 1
1704610930 1
1704610934 0
1704610938 2
1704610942 2
1704610946 1
1704610950 2
1704610954 0
1704610958 0
1704610962 0
1704610966 1
1704610970 14
1704610974 0
1704610978 0
1704610982 4
1704610986 2
1704610990 2
1704610994 2
1704610998 4
1704611002 2
1704611006 2
1704611010 1
1704611014 4
1704611018 3
1704611022 4
1704611026 3
1704611030 1
1704611034 5
1704611038 0
1704611042 0
1704611046 2
1704611050 1
1704611054 2
1704611058 4
1704611062 0
1704611066 4
1704611070 0
1704611074 1
1704611078 2
1704611082 3
1704611086 1
1704611090 1
1704611094 2
1704611098 1
1704611102 6
1704611106 1
1704611110 0
1704611114 0
1704611118 0
1704611122 3
1704611126 1
1704611130 1
1704611134 2
1704611138 1
1704611142 1
1704611146 5
1704611150 5
1704611154 1
1704611158 7
1704611162 0
1704611166 8
1704611170 2
1704611174 3
1704611178 0
1704611182 1
1704611186 2
1704611190 1
1704611194 1
1704611198 1
1704611202 3
1704611206 2
1704611210 17
1704611214 7
1704611218 2
1704611222 6
1704611226 1
1704611230 5
1704611234 7
1704611238 2
1704611242 2
1704611246 3
1704611250 3
1704611254 5
1704611258 0
1704611262 1
1704611266 4
1704611270 4
1704611274 1
1704611278 3
1704611282 2
1704611286 2
1704611290 7
1704611294 3
1704611298 4
1704611302 2
1704611306 2
1704611310 2
1704611314 2
1704611318 0
1704611322 1
1704611326 2
1704611330 2
1704611334 10
1704611338 1
1704611342 3
1704611346 5
1704611350 2
1704611354 3
1704611358 0
1704611362 4
1704611366 1
1704611370 1
1704611374 0
1704611378 0
1704611382 0
1704611386 7
1704611390 0
1704611394 1
1704611398 18
1704611402 2
1704611406 6
1704611410 1
1704611414 5
1704611418 2
1704611422 3
1704611426 2
1704611430 1
1704611434 5
1704611438 4
1704611442 1
1704611446 2
1704611450 2
1704611454 2
1704611458 3
1704611462 0
1704611466 2
1704611470 1
1704611474 1
1704611478 6
1704611482 1
1704611486 3
1704611490 1
1704611494 14
1704611498 2
1704611502 2
1704611506 0
1704611510 13



# Sketch: 17
1704610914 1
1704610918 0
1704610922 1
1704610926 1
1704610930 0
1704610934 1
1704610938 3
1704610942 4
1704610946 3
1704610950 3
1704610954 0
1704610958 1
1704610962 1
1704610966 1
1704610970 2
1704610974 4
1704610978 1
1704610982 0
1704610986 6
1704610990 2
1704610994 7
1704610998 4
1704611002 5
1704611006 1
1704611010 0
1704611014 0
1704611018 0
1704611022 2
1704611026 0
1704611030 1
1704611034 2
1704611038 1
1704611042 3
1704611046 2
1704611050 1
1704611054 3
1704611058 0
1704611062 0
1704611066 6
1704611070 5
1704611074 3
1704611078 5
1704611082 0
1704611086 2
1704611090 6
1704611094 1
1704611098 1
1704611102 0
1704611106 0
1704611110 2
1704611114 2
1704611118 4
1704611122 2
1704611126 3
1704611130 5
1704611134 26
1704611138 4
1704611142 2
1704611146 2
1704611150 3
1704611154 12
1704611158 2
1704611162 1
1704611166 3
1704611170 0
1704611174 4
1704611178 1
1704611182 2
1704611186 0
1704611190 8
1704611194 0
1704611198 0
1704611202 15
1704611206 2
1704611210 0
1704611214 3
1704611218 0
1704611222 1
1704611226 4
1704611230 5
1704611234 1
1704611238 0
1704611242 3
1704611246 0
1704611250 2
1704611254 0
1704611258 7
1704611262 1
1704611266 5
1704611270 2
1704611274 4
1704611278 2
1704611282 2
1704611286 6
1704611290 1
1704611294 5
1704611298 13
1704611302 2
1704611306 3
1704611310 2
1704611314 1
1704611318 0
1704611322 7
1704611326 1
1704611330 3
1704611334 4
1704611338 1
1704611342 2
1704611346 2
1704611350 1
1704611354 0
1704611358 4
1704611362 0
1704611366 1
1704611370 0
1704611374 2
1704611378 0
1704611382 2
1704611386 0
1704611390 3
1704611394 1
1704611398 1
1704611402 5
1704611406 2
1704611410 4
1704611414 0
1704611418 0
1704611422 3
1704611426 0
1704611430 2
1704611434 0
1704611438 1
1704611442 0
1704611446 0
1704611450 2
1704611454 3
1704611458 2
1704611462 4
1704611466 8
1704611470 0
1704611474 5
1704611478 2
1704611482 7
1704611486 1
1704611490 2
1704611494 0
1704611498 2
1704611502 1
1704611506 2
1704611510 5



# Sketch: 18
1704610914 1
1704610918 0
1704610922 6
1704610926 0
1704610930 0
1704610934 2
1704610938 1
1704610942 1
1704610946 2
1704610950 1
1704610954 2
1704610958 2
1704610962 1
1704610966 0
1704610970 2
1704610974 2
1704610978 1
1704610982 6
1704610986 0
1704610990 0
1704610994 1
1704610998 0
1704611002 1
1704611006 4
1704611010 7
1704611014 0
1704611018 2
1704611022 3
1704611026 0
1704611030 3
1704611034 3
1704611038 1
1704611042 0
1704611046 1
1704611050 1
1704611054 2
1704611058 0
1704611062 0
1704611066 0
1704611070 1
1704611074 0
1704611078 0
1704611082 1
1704611086 1
1704611090 0
1704611094 0
1704611098 1
1704611102 2
1704611106 2
1704611110 1
1704611114 3
1704611118 3
1704611122 5
1704611126 2
1704611130 0
1704611134 2
1704611138 4
1704611142 1
1704611146 2
1704611150 2
1704611154 4
1704611158 0
1704611162 0
1704611166 1
1704611170 3
1704611174 5
1704611178 3
1704611182 3
1704611186 0
1704611190 5
1704611194 1
1704611198 1
1704611202 0
1704611206 0
1704611210 2
1704611214 3
1704611218 3
1704611222 1
1704611226 2
1704611230 2
1704611234 5
1704611238 0
1704611242 3
1704611246 2
1704611250 2
1704611254 1
1704611258 2
1704611262 1
1704611266 2
1704611270 3
1704611274 6
1704611278 2
1704611282 1
1704611286 1
1704611290 3
1704611294 4
1704611298 4
1704611302 1
1704611306 1
1704611310 2
1704611314 2
1704611318 0
1704611322 0
1704611326 0
1704611330 4
1704611334 1
1704611338 1
1704611342 0
1704611346 8
1704611350 1
1704611354 0
1704611358 0
1704611362 14
1704611366 6
1704611370 1
1704611374 0
1704611378 0
1704611382 2
1704611386 2
1704611390 3
1704611394 2
1704611398 0
1704611402 0
1704611406 1
1704611410 2
1704611414 0
1704611418 2
1704611422 1
1704611426 2
1704611430 1
1704611434 0
1704611438 2
1704611442 0
1704611446 9
1704611450 2
1704611454 1
1704611458 3
1704611462 1
1704611466 5
1704611470 1
1704611474 0
1704611478 4
1704611482 2
1704611486 2
1704611490 2
1704611494 2
1704611498 1
1704611502 2
1704611506 0
1704611510 0



# Sketch: 19
1704610914 0
1704610918 3
1704610922 0
1704610926 0
1704610930 3
1704610934 2
1704610938 1
1704610942 1
1704610946 0
1704610950 1
1704610954 1
1704610958 4
1704610962 0
1704610966 1
1704610970 0
1704610974 0
1704610978 0
1704610982 5
1704610986 1
1704610990 2
1704610994 2
1704610998 6
1704611002 1
1704611006 1
1704611010 1
1704611014 0
1704611018 0
1704611022 0
1704611026 2
1704611030 2
1704611034 2
1704611038 1
1704611042 3
1704611046 2
1704611050 1
1704611054 0
1704611058 1
1704611062 1
1704611066 0
1704611070 1
1704611074 4
1704611078 1
1704611082 7
1704611086 2
1704611090 1
1704611094 3
1704611098 0
1704611102 2
1704611106 1
1704611110 4
1704611114 0
1704611118 5
1704611122 3
1704611126 1
1704611130 2
1704611134 7
1704611138 5
1704611142 0
1704611146 1
1704611150 0
1704611154 3
1704611158 1
1704611162 0
1704611166 2
1704611170 1
1704611174 7
1704611178 1
1704611182 4
1704611186 0
1704611190 0
1704611194 2
1704611198 2
1704611202 0
1704611206 1
1704611210 0
1704611214 0
1704611218 0
1704611222 3
1704611226 4
1704611230 1
1704611234 3
1704611238 1
1704611242 2
1704611246 2
1704611250 1
1704611254 4
1704611258 1
1704611262 0
1704611266 4
1704611270 5
1704611274 3
1704611278 1
1704611282 1
1704611286 1
1704611290 0
1704611294 0
1704611298 2
1704611302 0
1704611306 2
1704611310 14
1704611314 3
1704611318 3
1704611322 0
1704611326 0
1704611330 2
1704611334 2
1704611338 3
1704611342 4
1704611346 1
1704611350 1
1704611354 3
1704611358 0
1704611362 0
1704611366 3
1704611370 5
1704611374 4
1704611378 0
1704611382 1
1704611386 1
1704611390 4
1704611394 1
1704611398 0
1704611402 3
1704611406 0
1704611410 2
1704611414 1
1704611418 3
1704611422 4
1704611426 2
1704611430 1
1704611434 0
1704611438 1
1704611442 0
1704611446 2
1704611450 1
1704611454 4
1704611458 0
1704611462 0
1704611466 0
1704611470 1
1704611474 4
1704611478 3
1704611482 1
1704611486 3
1704611490 1
1704611494 1
1704611498 2
1704611502 5
1704611506 2
1704611510 1



# Sketch: 20
1704610914 3
1704610918 3
1704610922 2
1704610926 0
1704610930 3
1704610934 2
1704610938 5
1704610942 1
1704610946 11
1704610950 2
1704610954 0
1704610958 1
1704610962 1
1704610966 1
1704610970 1
1704610974 1
1704610978 1
1704610982 13
1704610986 10
1704610990 8
1704610994 3
1704610998 5
1704611002 4
1704611006 1
1704611010 10
1704611014 8
1704611018 10
1704611022 14
1704611026 3
1704611030 2
1704611034 6
1704611038 2
1704611042 0
1704611046 5
1704611050 1
1704611054 3
1704611058 3
1704611062 4
1704611066 0
1704611070 1
1704611074 0
1704611078 5
1704611082 0
1704611086 1
1704611090 2
1704611094 3
1704611098 1
1704611102 9
1704611106 6
1704611110 4
1704611114 2
1704611118 5
1704611122 4
1704611126 1
1704611130 8
1704611134 6
1704611138 2
1704611142 2
1704611146 1
1704611150 4
1704611154 8
1704611158 0
1704611162 0
1704611166 2
1704611170 0
1704611174 1
1704611178 2
1704611182 1
1704611186 1
1704611190 3
1704611194 0
1704611198 0
1704611202 0
1704611206 1
1704611210 1
1704611214 1
1704611218 1
1704611222 4
1704611226 11
1704611230 5
1704611234 7
1704611238 5
1704611242 6
1704611246 3
1704611250 6
1704611254 13
1704611258 1
1704611262 0
1704611266 4
1704611270 17
1704611274 4
1704611278 1
1704611282 2
1704611286 4
1704611290 1
1704611294 0
1704611298 2
1704611302 0
1704611306 4
1704611310 2
1704611314 3
1704611318 6
1704611322 2
1704611326 2
1704611330 0
1704611334 3
1704611338 4
1704611342 10
1704611346 34
1704611350 6
1704611354 4
1704611358 3
1704611362 5
1704611366 6
1704611370 7
1704611374 9
1704611378 1
1704611382 1
1704611386 2
1704611390 3
1704611394 4
1704611398 9
1704611402 2
1704611406 7
1704611410 0
1704611414 3
1704611418 1
1704611422 2
1704611426 2
1704611430 4
1704611434 1
1704611438 3
1704611442 2
1704611446 1
1704611450 2
1704611454 2
1704611458 0
1704611462 11
1704611466 6
1704611470 3
1704611474 4
1704611478 11
1704611482 3
1704611486 6
1704611490 8
1704611494 24
1704611498 7
1704611502 4
1704611506 1
1704611510 2



# Sketch: 21
1704610914 1
1704610918 1
1704610922 0
1704610926 3
1704610930 1
1704610934 0
1704610938 3
1704610942 0
1704610946 3
1704610950 1
1704610954 1
1704610958 2
1704610962 0
1704610966 3
1704610970 0
1704610974 0
1704610978 0
1704610982 3
1704610986 7
1704610990 1
1704610994 0
1704610998 3
1704611002 3
1704611006 1
1704611010 2
1704611014 2
1704611018 1
1704611022 2
1704611026 1
1704611030 4
1704611034 7
1704611038 0
1704611042 4
1704611046 5
1704611050 0
1704611054 1
1704611058 0
1704611062 3
1704611066 0
1704611070 3
1704611074 6
1704611078 7
1704611082 1
1704611086 1
1704611090 2
1704611094 3
1704611098 1
1704611102 9
1704611106 3
1704611110 1
1704611114 1
1704611118 8
1704611122 3
1704611126 0
1704611130 3
1704611134 2
1704611138 8
1704611142 2
1704611146 1
1704611150 1
1704611154 0
1704611158 1
1704611162 3
1704611166 0
1704611170 10
1704611174 3
1704611178 1
1704611182 1
1704611186 6
1704611190 4
1704611194 0
1704611198 1
1704611202 4
1704611206 3
1704611210 3
1704611214 1
1704611218 0
1704611222 2
1704611226 0
1704611230 0
1704611234 0
1704611238 3
1704611242 4
1704611246 0
1704611250 1
1704611254 4
1704611258 4
1704611262 0
1704611266 6
1704611270 0
1704611274 0
1704611278 1
1704611282 0
1704611286 3
1704611290 1
1704611294 2
1704611298 3
1704611302 0
1704611306 1
1704611310 4
1704611314 1
1704611318 1
1704611322 2
1704611326 1
1704611330 4
1704611334 3
1704611338 1
1704611342 2
1704611346 2
1704611350 0
1704611354 0
1704611358 3
1704611362 0
1704611366 0
1704611370 2
1704611374 5
1704611378 1
1704611382 2
1704611386 1
1704611390 0
1704611394 2
1704611398 2
1704611402 6
1704611406 6
1704611410 1
1704611414 1
1704611418 5
1704611422 4
1704611426 10
1704611430 2
1704611434 0
1704611438 0
1704611442 2
1704611446 0
1704611450 0
1704611454 5
1704611458 1
1704611462 0
1704611466 4
1704611470 0
1704611474 0
1704611478 5
1704611482 2
1704611486 0
1704611490 3
1704611494 1
1704611498 4
1704611502 1
1704611506 0
1704611510 3



# Sketch: 22
1704610914 2
1704610918 3
1704610922 2
1704610926 1
1704610930 1
1704610934 0
1704610938 1
1704610942 3
1704610946 1
1704610950 2
1704610954 2
1704610958 3
1704610962 1
1704610966 0
1704610970 0
1704610974 0
1704610978 1
1704610982 8
1704610986 7
1704610990 0
1704610994 0
1704610998 0
1704611002 3
1704611006 1
1704611010 1
1704611014 1
1704611018 2
1704611022 2
1704611026 1
1704611030 3
1704611034 2
1704611038 2
1704611042 1
1704611046 0
1704611050 0
1704611054 2
1704611058 5
1704611062 1
1704611066 1
1704611070 0
1704611074 0
1704611078 2
1704611082 1
1704611086 2
1704611090 0
1704611094 6
1704611098 0
1704611102 3
1704611106 2
1704611110 5
1704611114 6
1704611118 5
1704611122 8
1704611126 2
1704611130 0
1704611134 0
1704611138 5
1704611142 1
1704611146 4
1704611150 7
1704611154 5
1704611158 7
1704611162 1
1704611166 2
1704611170 1
1704611174 0
1704611178 1
1704611182 2
1704611186 2
1704611190 3
1704611194 2
1704611198 1
1704611202 0
1704611206 0
1704611210 2
1704611214 1
1704611218 0
1704611222 4
1704611226 1
1704611230 6
1704611234 1
1704611238 1
1704611242 3
1704611246 4
1704611250 1
1704611254 2
1704611258 1
1704611262 2
1704611266 2
1704611270 1
1704611274 0
1704611278 5
1704611282 3
1704611286 3
1704611290 2
1704611294 3
1704611298 0
1704611302 1
1704611306 2
1704611310 1
1704611314 5
1704611318 3
1704611322 1
1704611326 1
1704611330 0
1704611334 10
1704611338 1
1704611342 4
1704611346 2
1704611350 3
1704611354 2
1704611358 1
1704611362 0
1704611366 2
1704611370 0
1704611374 1
1704611378 2
1704611382 2
1704611386 1
1704611390 5
1704611394 1
1704611398 2
1704611402 2
1704611406 4
1704611410 2
1704611414 2
1704611418 1
1704611422 1
1704611426 1
1704611430 6
1704611434 0
1704611438 0
1704611442 3
1704611446 0
1704611450 0
1704611454 6
1704611458 2
1704611462 0
1704611466 1
1704611470 0
1704611474 1
1704611478 2
1704611482 1
1704611486 0
1704611490 0
1704611494 0
1704611498 9
1704611502 0
1704611506 3
1704611510 4



# Sketch: 23
1704610914 3
1704610918 3
1704610922 3
1704610926 4
1704610930 2
1704610934 2
1704610938 4
1704610942 7
1704610946 1
1704610950 1
1704610954 0
1704610958 0
1704610962 2
1704610966 2
1704610970 1
1704610974 4
1704610978 2
1704610982 2
1704610986 0
1704610990 9
1704610994 18
1704610998 1
1704611002 3
1704611006 3
1704611010 0
1704611014 1
1704611018 1
1704611022 5
1704611026 0
1704611030 7
1704611034 3
1704611038 2
1704611042 1
1704611046 3
1704611050 1
1704611054 3
1704611058 2
1704611062 0
1704611066 0
1704611070 0
1704611074 2
1704611078 12
1704611082 4
1704611086 0
1704611090 11
1704611094 1
1704611098 3
1704611102 6
1704611106 3
1704611110 3
1704611114 2
1704611118 0
1704611122 2
1704611126 4
1704611130 1
1704611134 3
1704611138 0
1704611142 0
1704611146 4
1704611150 0
1704611154 3
1704611158 4
1704611162 2
1704611166 7
1704611170 3
1704611174 0
1704611178 4
1704611182 1
1704611186 4
1704611190 1
1704611194 1
1704611198 1
1704611202 2
1704611206 3
1704611210 6
1704611214 3
1704611218 1
1704611222 0
1704611226 2
1704611230 0
1704611234 1
1704611238 6
1704611242 6
1704611246 1
1704611250 3
1704611254 0
1704611258 1
1704611262 1
1704611266 6
1704611270 3
1704611274 3
1704611278 2
1704611282 9
1704611286 8
1704611290 1
1704611294 4
1704611298 2
1704611302 2
1704611306 3
1704611310 8
1704611314 4
1704611318 4
1704611322 0
1704611326 3
1704611330 1
1704611334 1
1704611338 4
1704611342 1
1704611346 0
1704611350 0
1704611354 1
1704611358 5
1704611362 5
1704611366 9
1704611370 1
1704611374 0
1704611378 6
1704611382 7
1704611386 7
1704611390 8
1704611394 6
1704611398 1
1704611402 2
1704611406 11
1704611410 2
1704611414 2
1704611418 1
1704611422 5
1704611426 0
1704611430 2
1704611434 0
1704611438 0
1704611442 5
1704611446 0
1704611450 0
1704611454 1
1704611458 1
1704611462 2
1704611466 0
1704611470 1
1704611474 4
1704611478 12
1704611482 2
1704611486 5
1704611490 1
1704611494 0
1704611498 3
1704611502 0
1704611506 0
1704611510 2



# Sketch: 24
1704610914 1
1704610918 2
1704610922 3
1704610926 1
1704610930 1
1704610934 7
1704610938 4
1704610942 3
1704610946 2
1704610950 3
1704610954 6
1704610958 2
1704610962 1
1704610966 0
1704610970 0
1704610974 8
1704610978 2
1704610982 7
1704610986 1
1704610990 4
1704610994 1
1704610998 2
1704611002 2
1704611006 2
1704611010 1
1704611014 6
1704611018 0
1704611022 5
1704611026 1
1704611030 1
1704611034 10
1704611038 3
1704611042 2
1704611046 1
1704611050 0
1704611054 3
1704611058 3
1704611062 0
1704611066 2
1704611070 2
1704611074 1
1704611078 0
1704611082 3
1704611086 1
1704611090 6
1704611094 5
1704611098 2
1704611102 3
1704611106 1
1704611110 2
1704611114 1
1704611118 1
1704611122 2
1704611126 0
1704611130 1
1704611134 2
1704611138 2
1704611142 1
1704611146 3
1704611150 2
1704611154 3
1704611158 2
1704611162 2
1704611166 2
1704611170 2
1704611174 1
1704611178 2
1704611182 2
1704611186 3
1704611190 3
1704611194 1
1704611198 1
1704611202 0
1704611206 0
1704611210 0
1704611214 1
1704611218 0
1704611222 0
1704611226 6
1704611230 2
1704611234 1
1704611238 1
1704611242 1
1704611246 1
1704611250 1
1704611254 4
1704611258 5
1704611262 1
1704611266 4
1704611270 2
1704611274 3
1704611278 2
1704611282 2
1704611286 2
1704611290 1
1704611294 1
1704611298 4
1704611302 4
1704611306 1
1704611310 0
1704611314 5
1704611318 0
1704611322 0
1704611326 2
1704611330 1
1704611334 2
1704611338 1
1704611342 2
1704611346 1
1704611350 1
1704611354 2
1704611358 1
1704611362 5
1704611366 2
1704611370 2
1704611374 3
1704611378 3
1704611382 5
1704611386 5
1704611390 8
1704611394 11
1704611398 9
1704611402 10
1704611406 3
1704611410 2
1704611414 3
1704611418 1
1704611422 3
1704611426 3
1704611430 1
1704611434 2
1704611438 0
1704611442 0
1704611446 0
1704611450 0
1704611454 2
1704611458 1
1704611462 1
1704611466 3
1704611470 2
1704611474 2
1704611478 2
1704611482 0
1704611486 0
1704611490 1
1704611494 4
1704611498 0
1704611502 1
1704611506 0
1704611510 6



# Sketch: 25
1704610914 1
1704610918 2
1704610922 5
1704610926 0
1704610930 3
1704610934 1
1704610938 5
1704610942 4
1704610946 6
1704610950 1
1704610954 1
1704610958 3
1704610962 1
1704610966 8
1704610970 1
1704610974 1
1704610978 1
1704610982 9
1704610986 3
1704610990 0
1704610994 1
1704610998 0
1704611002 1
1704611006 0
1704611010 7
1704611014 4
1704611018 0
1704611022 0
1704611026 5
1704611030 1
1704611034 1
1704611038 1
1704611042 1
1704611046 5
1704611050 6
1704611054 2
1704611058 0
1704611062 4
1704611066 3
1704611070 1
1704611074 0
1704611078 1
1704611082 1
1704611086 0
1704611090 1
1704611094 3
1704611098 0
1704611102 2
1704611106 3
1704611110 1
1704611114 2
1704611118 6
1704611122 3
1704611126 3
1704611130 0
1704611134 0
1704611138 3
1704611142 1
1704611146 0
1704611150 3
1704611154 3
1704611158 2
1704611162 2
1704611166 4
1704611170 2
1704611174 7
1704611178 1
1704611182 3
1704611186 2
1704611190 4
1704611194 3
1704611198 3
1704611202 2
1704611206 0
1704611210 5
1704611214 1
1704611218 1
1704611222 1
1704611226 0
1704611230 2
1704611234 0
1704611238 2
1704611242 2
1704611246 1
1704611250 0
1704611254 0
1704611258 3
1704611262 1
1704611266 3
1704611270 2
1704611274 3
1704611278 0
1704611282 4
1704611286 2
1704611290 4
1704611294 3
1704611298 4
1704611302 4
1704611306 2
1704611310 3
1704611314 0
1704611318 2
1704611322 5
1704611326 3
1704611330 3
1704611334 8
1704611338 0
1704611342 1
1704611346 1
1704611350 1
1704611354 4
1704611358 1
1704611362 1
1704611366 0
1704611370 2
1704611374 4
1704611378 3
1704611382 1
1704611386 4
1704611390 2
1704611394 1
1704611398 2
1704611402 0
1704611406 0
1704611410 3
1704611414 2
1704611418 2
1704611422 3
1704611426 1
1704611430 3
1704611434 0
1704611438 1
1704611442 2
1704611446 3
1704611450 3
1704611454 13
1704611458 4
1704611462 1
1704611466 2
1704611470 5
1704611474 0
1704611478 16
1704611482 8
1704611486 2
1704611490 1
1704611494 2
1704611498 0
1704611502 2
1704611506 0
1704611510 5



# Sketch: 26
1704610914 3
1704610918 3
1704610922 4
1704610926 4
1704610930 0
1704610934 3
1704610938 0
1704610942 5
1704610946 2
1704610950 2
1704610954 1
1704610958 3
1704610962 1
1704610966 0
1704610970 0
1704610974 2
1704610978 1
1704610982 4
1704610986 1
1704610990 0
1704610994 0
1704610998 1
1704611002 2
1704611006 0
1704611010 1
1704611014 0
1704611018 1
1704611022 3
1704611026 1
1704611030 2
1704611034 0
1704611038 1
1704611042 0
1704611046 5
1704611050 1
1704611054 2
1704611058 2
1704611062 1
1704611066 3
1704611070 1
1704611074 4
1704611078 3
1704611082 3
1704611086 1
1704611090 3
1704611094 3
1704611098 0
1704611102 1
1704611106 2
1704611110 3
1704611114 0
1704611118 5
1704611122 1
1704611126 1
1704611130 1
1704611134 8
1704611138 3
1704611142 1
1704611146 0
1704611150 1
1704611154 0
1704611158 2
1704611162 4
1704611166 2
1704611170 1
1704611174 3
1704611178 1
1704611182 3
1704611186 3
1704611190 3
1704611194 0
1704611198 1
1704611202 2
1704611206 3
1704611210 1
1704611214 0
1704611218 2
1704611222 1
1704611226 2
1704611230 3
1704611234 0
1704611238 0
1704611242 3
1704611246 3
1704611250 2
1704611254 6
1704611258 1
1704611262 0
1704611266 1
1704611270 1
1704611274 0
1704611278 2
1704611282 5
1704611286 0
1704611290 4
1704611294 4
1704611298 1
1704611302 1
1704611306 3
1704611310 9
1704611314 0
1704611318 3
1704611322 0
1704611326 1
1704611330 1
1704611334 1
1704611338 2
1704611342 7
1704611346 0
1704611350 1
1704611354 1
1704611358 1
1704611362 0
1704611366 1
1704611370 1
1704611374 1
1704611378 2
1704611382 4
1704611386 8
1704611390 8
1704611394 8
1704611398 1
1704611402 1
1704611406 3
1704611410 4
1704611414 6
1704611418 3
1704611422 2
1704611426 0
1704611430 6
1704611434 0
1704611438 5
1704611442 1
1704611446 4
1704611450 0
1704611454 2
1704611458 1
1704611462 0
1704611466 2
1704611470 3
1704611474 4
1704611478 1
1704611482 2
1704611486 3
1704611490 3
1704611494 1
1704611498 1
1704611502 0
1704611506 6
1704611510 1



# Sketch: 27
1704610914 2
1704610918 1
1704610922 1
1704610926 0
1704610930 4
1704610934 2
1704610938 5
1704610942 1
1704610946 3
1704610950 1
1704610954 3
1704610958 0
1704610962 2
1704610966 7
1704610970 1
1704610974 4
1704610978 1
1704610982 4
1704610986 3
1704610990 2
1704610994 4
1704610998 1
1704611002 1
1704611006 3
1704611010 0
1704611014 3
1704611018 0
1704611022 3
1704611026 2
1704611030 1
1704611034 4
1704611038 3
1704611042 1
1704611046 1
1704611050 1
1704611054 4
1704611058 4
1704611062 2
1704611066 1
1704611070 3
1704611074 3
1704611078 1
1704611082 0
1704611086 0
1704611090 3
1704611094 0
1704611098 2
1704611102 2
1704611106 2
1704611110 0
1704611114 8
1704611118 0
1704611122 3
1704611126 0
1704611130 0
1704611134 23
1704611138 2
1704611142 1
1704611146 0
1704611150 8
1704611154 1
1704611158 1
1704611162 1
1704611166 1
1704611170 0
1704611174 6
1704611178 6
1704611182 1
1704611186 4
1704611190 1
1704611194 1
1704611198 1
1704611202 1
1704611206 0
1704611210 0
1704611214 4
1704611218 0
1704611222 1
1704611226 2
1704611230 4
1704611234 1
1704611238 3
1704611242 1
1704611246 0
1704611250 1
1704611254 3
1704611258 1
1704611262 1
1704611266 3
1704611270 0
1704611274 2
1704611278 2
1704611282 2
1704611286 4
1704611290 0
1704611294 7
1704611298 1
1704611302 2
1704611306 2
1704611310 0
1704611314 3
1704611318 2
1704611322 4
1704611326 4
1704611330 6
1704611334 1
1704611338 1
1704611342 0
1704611346 2
1704611350 0
1704611354 6
1704611358 0
1704611362 1
1704611366 3
1704611370 1
1704611374 0
1704611378 2
1704611382 1
1704611386 3
1704611390 3
1704611394 3
1704611398 1
1704611402 3
1704611406 4
1704611410 6
1704611414 7
1704611418 2
1704611422 2
1704611426 2
1704611430 2
1704611434 1
1704611438 0
1704611442 14
1704611446 6
1704611450 4
1704611454 7
1704611458 2
1704611462 0
1704611466 1
1704611470 0
1704611474 7
1704611478 6
1704611482 4
1704611486 9
1704611490 8
1704611494 2
1704611498 0
1704611502 3
1704611506 1
1704611510 1



# Sketch: 28
1704610914 1
1704610918 7
1704610922 4
1704610926 3
1704610930 1
1704610934 0
1704610938 1
1704610942 0
1704610946 0
1704610950 4
1704610954 0
1704610958 2
1704610962 3
1704610966 2
1704610970 1
1704610974 0
1704610978 1
1704610982 6
1704610986 3
1704610990 6
1704610994 0
1704610998 1
1704611002 2
1704611006 0
1704611010 2
1704611014 1
1704611018 3
1704611022 2
1704611026 1
1704611030 0
1704611034 3
1704611038 4
1704611042 4
1704611046 1
1704611050 2
1704611054 4
1704611058 6
1704611062 6
1704611066 4
1704611070 2
1704611074 3
1704611078 3
1704611082 0
1704611086 7
1704611090 1
1704611094 1
1704611098 1
1704611102 4
1704611106 0
1704611110 2
1704611114 2
1704611118 1
1704611122 0
1704611126 2
1704611130 2
1704611134 4
1704611138 3
1704611142 1
1704611146 2
1704611150 7
1704611154 9
1704611158 4
1704611162 1
1704611166 4
1704611170 2
1704611174 5
1704611178 0
1704611182 0
1704611186 0
1704611190 1
1704611194 0
1704611198 2
1704611202 0
1704611206 0
1704611210 4
1704611214 0
1704611218 0
1704611222 1
1704611226 3
1704611230 2
1704611234 1
1704611238 1
1704611242 4
1704611246 1
1704611250 2
1704611254 1
1704611258 4
1704611262 2
1704611266 8
1704611270 0
1704611274 0
1704611278 0
1704611282 2
1704611286 2
1704611290 1
1704611294 0
1704611298 2
1704611302 2
1704611306 0
1704611310 2
1704611314 1
1704611318 1
1704611322 9
1704611326 1
1704611330 3
1704611334 6
1704611338 9
1704611342 3
1704611346 1
1704611350 4
1704611354 0
1704611358 1
1704611362 2
1704611366 2
1704611370 0
1704611374 1
1704611378 7
1704611382 0
1704611386 0
1704611390 3
1704611394 4
1704611398 1
1704611402 2
1704611406 1
1704611410 2
1704611414 0
1704611418 3
1704611422 4
1704611426 1
1704611430 4
1704611434 0
1704611438 1
1704611442 2
1704611446 0
1704611450 2
1704611454 0
1704611458 0
1704611462 2
1704611466 1
1704611470 3
1704611474 7
1704611478 3
1704611482 6
1704611486 4
1704611490 5
1704611494 4
1704611498 7
1704611502 2
1704611506 1
1704611510 2



# Sketch: 29
1704610914 1
1704610918 1
1704610922 0
1704610926 2
1704610930 3
1704610934 2
1704610938 3
1704610942 3
1704610946 3
1704610950 0
1704610954 3
1704610958 0
1704610962 3
1704610966 2
1704610970 4
1704610974 1
1704610978 0
1704610982 2
1704610986 12
1704610990 4
1704610994 0
1704610998 2
1704611002 2
1704611006 1
1704611010 7
1704611014 8
1704611018 2
1704611022 7
1704611026 2
1704611030 2
1704611034 1
1704611038 2
1704611042 0
1704611046 3
1704611050 2
1704611054 3
1704611058 3
1704611062 1
1704611066 0
1704611070 1
1704611074 1
1704611078 1
1704611082 4
1704611086 1
1704611090 2
1704611094 3
1704611098 3
1704611102 2
1704611106 1
1704611110 2
1704611114 2
1704611118 4
1704611122 3
1704611126 1
1704611130 2
1704611134 3
1704611138 4
1704611142 2
1704611146 3
1704611150 4
1704611154 2
1704611158 3
1704611162 0
1704611166 2
1704611170 3
1704611174 1
1704611178 1
1704611182 2
1704611186 0
1704611190 2
1704611194 2
1704611198 1
1704611202 0
1704611206 0
1704611210 8
1704611214 0
1704611218 3
1704611222 2
1704611226 1
1704611230 9
1704611234 9
1704611238 2
1704611242 4
1704611246 2
1704611250 2
1704611254 0
1704611258 0
1704611262 0
1704611266 6
1704611270 1
1704611274 1
1704611278 0
1704611282 5
1704611286 2
1704611290 0
1704611294 3
1704611298 5
1704611302 4
1704611306 9
1704611310 3
1704611314 1
1704611318 1
1704611322 1
1704611326 0
1704611330 2
1704611334 0
1704611338 0
1704611342 1
1704611346 2
1704611350 1
1704611354 2
1704611358 0
1704611362 1
1704611366 0
1704611370 4
1704611374 2
1704611378 1
1704611382 0
1704611386 3
1704611390 3
1704611394 0
1704611398 4
1704611402 8
1704611406 5
1704611410 2
1704611414 2
1704611418 2
1704611422 2
1704611426 2
1704611430 1
1704611434 2
1704611438 1
1704611442 2
1704611446 2
1704611450 3
1704611454 6
1704611458 4
1704611462 5
1704611466 1
1704611470 0
1704611474 3
1704611478 5
1704611482 2
1704611486 1
1704611490 2
1704611494 2
1704611498 1
1704611502 1
1704611506 3
1704611510 1



# Sketch: 30
1704610914 1
1704610918 0
1704610922 0
1704610926 4
1704610930 2
1704610934 6
1704610938 3
1704610942 1
1704610946 3
1704610950 1
1704610954 6
1704610958 5
1704610962 1
1704610966 5
1704610970 0
1704610974 8
1704610978 3
1704610982 3
1704610986 2
1704610990 3
1704610994 0
1704610998 1
1704611002 4
1704611006 2
1704611010 4
1704611014 1
1704611018 2
1704611022 4
1704611026 2
1704611030 1
1704611034 3
1704611038 5
1704611042 1
1704611046 2
1704611050 0
1704611054 4
1704611058 1
1704611062 3
1704611066 1
1704611070 1
1704611074 2
1704611078 1
1704611082 1
1704611086 2
1704611090 2
1704611094 2
1704611098 4
1704611102 1
1704611106 3
1704611110 2
1704611114 2
1704611118 0
1704611122 2
1704611126 2
1704611130 0
1704611134 2
1704611138 0
1704611142 1
1704611146 1
1704611150 5
1704611154 6
1704611158 0
1704611162 1
1704611166 5
1704611170 0
1704611174 3
1704611178 3
1704611182 0
1704611186 1
1704611190 3
1704611194 2
1704611198 1
1704611202 1
1704611206 2
1704611210 4
1704611214 1
1704611218 1
1704611222 1
1704611226 4
1704611230 3
1704611234 1
1704611238 3
1704611242 0
1704611246 3
1704611250 5
1704611254 2
1704611258 2
1704611262 0
1704611266 4
1704611270 0
1704611274 2
1704611278 0
1704611282 4
1704611286 1
1704611290 1
1704611294 2
1704611298 0
1704611302 1
1704611306 2
1704611310 0
1704611314 2
1704611318 0
1704611322 1
1704611326 2
1704611330 1
1704611334 0
1704611338 0
1704611342 11
1704611346 0
1704611350 1
1704611354 6
1704611358 7
1704611362 1
1704611366 1
1704611370 0
1704611374 0
1704611378 0
1704611382 2
1704611386 9
1704611390 3
1704611394 1
1704611398 0
1704611402 6
1704611406 9
1704611410 4
1704611414 4
1704611418 1
1704611422 2
1704611426 4
1704611430 3
1704611434 1
1704611438 4
1704611442 2
1704611446 7
1704611450 0
1704611454 1
1704611458 3
1704611462 2
1704611466 2
1704611470 1
1704611474 2
1704611478 1
1704611482 1
1704611486 3
1704611490 0
1704611494 0
1704611498 2
1704611502 4
1704611506 0
1704611510 1



# Sketch: 31
1704610914 0
1704610918 0
1704610922 9
1704610926 1
1704610930 4
1704610934 3
1704610938 3
1704610942 1
1704610946 2
1704610950 3
1704610954 1
1704610958 2
1704610962 0
1704610966 1
1704610970 1
1704610974 0
1704610978 3
1704610982 7
1704610986 1
1704610990 1
1704610994 0
1704610998 0
1704611002 2
1704611006 0
1704611010 1
1704611014 0
1704611018 1
1704611022 3
1704611026 2
1704611030 0
1704611034 5
1704611038 3
1704611042 2
1704611046 3
1704611050 2
1704611054 3
1704611058 0
1704611062 2
1704611066 3
1704611070 2
1704611074 3
1704611078 5
1704611082 0
1704611086 3
1704611090 5
1704611094 3
1704611098 1
1704611102 1
1704611106 1
1704611110 2
1704611114 0
1704611118 1
1704611122 0
1704611126 1
1704611130 0
1704611134 7
1704611138 1
1704611142 1
1704611146 1
1704611150 2
1704611154 2
1704611158 9
1704611162 7
1704611166 2
1704611170 2
1704611174 2
1704611178 0
1704611182 3
1704611186 1
1704611190 0
1704611194 1
1704611198 6
1704611202 2
1704611206 1
1704611210 5
1704611214 0
1704611218 2
1704611222 0
1704611226 0
1704611230 1
1704611234 1
1704611238 1
1704611242 0
1704611246 0
1704611250 0
1704611254 2
1704611258 1
1704611262 2
1704611266 3
1704611270 7
1704611274 5
1704611278 2
1704611282 2
1704611286 1
1704611290 0
1704611294 1
1704611298 3
1704611302 0
1704611306 3
1704611310 3
1704611314 2
1704611318 1
1704611322 0
1704611326 3
1704611330 3
1704611334 3
1704611338 1
1704611342 4
1704611346 4
1704611350 5
1704611354 8
1704611358 0
1704611362 3
1704611366 2
1704611370 1
1704611374 2
1704611378 2
1704611382 0
1704611386 7
1704611390 7
1704611394 1
1704611398 0
1704611402 2
1704611406 2
1704611410 17
1704611414 6
1704611418 2
1704611422 4
1704611426 7
1704611430 1
1704611434 2
1704611438 2
1704611442 2
1704611446 0
1704611450 1
1704611454 2
1704611458 2
1704611462 1
1704611466 1
1704611470 1
1704611474 3
1704611478 2
1704611482 2
1704611486 0
1704611490 0
1704611494 5
1704611498 2
1704611502 2
1704611506 2
1704611510 2

