

# Sketch: 0
0 0.145414
1 0.342489
2 0.522948
3 0.498597
4 0.664008
5 0.906171
6 0.590569
7 1.15591



# Sketch: 1
0 1.47889
1 1.17375
2 0.939013
3 1.3584
4 1.83873
5 1.66425
6 0.644433
7 1.94036



# Sketch: 2
0 0.469569
1 0.386761
2 0.351
3 0.325859
4 0.313273
5 0.413421
6 0.592032
7 0.369911



# Sketch: 3
0 0.631283
1 0.55945
2 0.514608
3 0.439877
4 0.537318
5 0.408861
6 0.495736
7 0.45448



# Sketch: 4
0 0.590971
1 0.496942
2 0.487851
3 0.527045
4 0.539987
5 0.506712
6 0.472128
7 0.562133



# Sketch: 5
0 0.570381
1 0.508686
2 0.560998
3 0.574241
4 0.492935
5 0.655428
6 0.328006
7 0.463121



# Sketch: 6
0 0.692001
1 0.633901
2 0.57613
3 0.554649
4 0.481532
5 0.535473
6 0.425693
7 0.827924



# Sketch: 7
0 0.300528
1 0.294577
2 0.325638
3 0.345874
4 0.401754
5 0.423649
6 0.469898
7 0.434629



# Sketch: 8
0 0.531558
1 0.568093
2 0.439245
3 0.445131
4 0.509205
5 0.48321
6 0.440562
7 0.429891



# Sketch: 9
0 0.812902
1 0.782094
2 0.701589
3 0.645577
4 0.602377
5 0.519803
6 0.365885
7 0.582898



# Sketch: 10
0 1.29864
1 1.08497
2 1.27768
3 0.866152
4 0.933235
5 0.884873
6 1.18783
7 0.547965



# Sketch: 11
0 0.400311
1 0.369129
2 0.374485
3 0.401498
4 0.363091
5 0.447119
6 0.507651
7 0.50604



# Sketch: 12
0 0.89
1 0.890481
2 1.26964
3 1.14022
4 0.674889
5 1.18952
6 0.250055
7 0.26485



# Sketch: 13
0 0.619648
1 0.670654
2 0.645481
3 0.450807
4 0.44098
5 0.487382
6 0.47727
7 0.457468



# Sketch: 14
0 0.36312
1 0.249792
2 0.324475
3 0.356613
4 0.405988
5 0.662282
6 0.777748
7 1.08974



# Sketch: 15
0 0.779722
1 0.712787
2 0.510805
3 0.535389
4 0.368409
5 0.412919
6 0.315401
7 0.394817



# Sketch: 16
0 0.841988
1 0.805429
2 0.679932
3 0.568136
4 0.603344
5 0.484971
6 0.658104
7 0.598458



# Sketch: 17
0 0.740371
1 0.500319
2 0.16608
3 0.179023
4 0.36677
5 0.296397
6 0.220403
7 0.274559



# Sketch: 18
0 0.695708
1 0.675521
2 0.632245
3 0.551126
4 0.558974
5 0.546472
6 0.624727
7 0.582457



# Sketch: 19
0 0.253168
1 0.146006
2 0.0535054
3 0.120616
4 0.202033
5 0.283111
6 0.302287
7 0.558426



# Sketch: 20
0 0.721402
1 0.960182
2 0.529441
3 0.738922
4 0.557841
5 0.932744
6 0.786061
7 0.850555



# Sketch: 21
0 1.28545
1 1.20536
2 1.16144
3 0.706217
4 0.353461
5 0.23479
6 0.448147
7 0.947709



# Sketch: 22
0 0.750331
1 0.252488
2 0.0942556
3 0.118286
4 0.216599
5 0.265249
6 0.241208
7 0.292155



# Sketch: 23
0 0.825465
1 0.74334
2 0.671992
3 0.630645
4 0.590584
5 0.560748
6 0.794554
7 0.721143



# Sketch: 24
0 1.35356
1 0.897051
2 0.764592
3 0.465162
4 0.143192
5 0.165106
6 0.150445
7 0.446566



# Sketch: 25
0 0.621526
1 0.621045
2 0.532843
3 0.54936
4 1.22782
5 1.55457
6 0.851544
7 2.53406



# Sketch: 26
0 0.155427
1 0.250573
2 0.28098
3 0.201005
4 0.511405
5 0.245957
6 0.183536
7 0.315071



# Sketch: 27
0 0.549398
1 0.574886
2 0.773788
3 0.83567
4 1.3111
5 1.37847
6 0.788952
7 0.612094



# Sketch: 28
0 0.485491
1 0.218964
2 0.22588
3 0.152391
4 0.269346
5 0.28897
6 0.301481
7 0.516917



# Sketch: 29
0 0.495347
1 0.496182
2 0.676311
3 0.463973
4 0.420585
5 0.497806
6 0.374511
7 0.545074



# Sketch: 30
0 0.430309
1 0.538279
2 0.216159
3 0.240978
4 0.32073
5 0.255334
6 0.357545
7 0.333261



# Sketch: 31
0 0.837411
1 0.974785
2 0.470414
3 0.18817
4 0.245407
5 0.366937
6 0.260108
7 0.284285

