

# Sketch: 0
0 0.101958
1 0.0810803
2 0.126495
3 0.251775
4 0.277087
5 0.307799
6 0.369585
7 0.638955



# Sketch: 1
0 0.39339
1 0.351016
2 0.313442
3 0.378429
4 0.424372
5 0.438916
6 0.460123
7 0.669971



# Sketch: 2
0 0.4157
1 0.380009
2 0.315224
3 0.252868
4 0.59569
5 0.367814
6 0.355819
7 0.550145



# Sketch: 3
0 1.03383
1 0.82336
2 1.01332
3 1.19144
4 1.02908
5 0.793744
6 0.454875
7 0.72566



# Sketch: 4
0 0.45249
1 0.507275
2 0.470667
3 0.38105
4 0.439728
5 0.371976
6 1.11618
7 5.20641



# Sketch: 5
0 0.525793
1 0.50592
2 0.452601
3 0.395708
4 0.477487
5 0.46397
6 1.00144
7 0.793796



# Sketch: 6
0 0.150458
1 0.108745
2 0.248618
3 0.272177
4 0.531977
5 0.379376
6 0.272121
7 0.340877



# Sketch: 7
0 0.632589
1 0.675008
2 1.02506
3 0.83087
4 1.35132
5 1.53436
6 0.586271
7 0.640088



# Sketch: 8
0 0.759331
1 0.709631
2 0.617319
3 0.532203
4 0.521171
5 0.545741
6 0.524703
7 0.645578



# Sketch: 9
0 1.39381
1 0.899806
2 0.523019
3 0.227105
4 0.170934
5 0.200719
6 0.219107
7 0.278317



# Sketch: 10
0 0.148348
1 0.241579
2 0.289557
3 0.180602
4 0.266837
5 0.975879
6 0.770101
7 0.59146



# Sketch: 11
0 0.502648
1 0.39387
2 0.345699
3 0.50532
4 0.710572
5 1.08705
6 2.09666
7 0.672837



# Sketch: 12
0 0.394018
1 0.430072
2 0.440289
3 0.432967
4 0.410605
5 0.42839
6 0.473561
7 0.35947



# Sketch: 13
0 0.754887
1 0.585895
2 0.375959
3 0.26243
4 0.0362184
5 0.13437
6 1.18915
7 0.45434



# Sketch: 14
0 0.236276
1 0.264338
2 0.273388
3 0.247878
4 0.309645
5 0.50612
6 0.445902
7 0.637515



# Sketch: 15
0 0.185341
1 0.0900797
2 0.0216432
3 0.0974299
4 0.182503
5 0.257771
6 0.281466
7 0.337272



# Sketch: 16
0 1.10171
1 0.688034
2 0.709352
3 0.635591
4 0.275268
5 0.310817
6 0.251101
7 0.369332



# Sketch: 17
0 0.598554
1 0.646944
2 1.0629
3 0.900391
4 1.45039
5 2.00534
6 2.62419
7 4.61154



# Sketch: 18
0 1.00992
1 0.87868
2 0.486586
3 0.484931
4 0.460827
5 0.376043
6 0.384961
7 0.364292



# Sketch: 19
0 0.223897
1 0.174607
2 0.191295
3 0.28995
4 0.33647
5 0.378915
6 0.367977
7 0.316888



# Sketch: 20
0 0.530745
1 0.543149
2 0.557312
3 0.546812
4 0.473298
5 0.478541
6 0.604741
7 0.312875



# Sketch: 21
0 0.688465
1 0.57749
2 0.455398
3 0.466534
4 0.483571
5 0.50538
6 0.51492
7 0.478591



# Sketch: 22
0 0.889748
1 0.793162
2 0.724225
3 0.658001
4 0.573136
5 0.54654
6 0.574259
7 0.270827



# Sketch: 23
0 0.204399
1 0.234092
2 0.340788
3 0.836184
4 1.10123
5 0.62349
6 0.341853
7 0.254648



# Sketch: 24
0 0.853239
1 0.714699
2 0.460058
3 0.275744
4 0.218256
5 0.282414
6 0.336262
7 0.276704



# Sketch: 25
0 0.340121
1 0.363241
2 0.435712
3 0.440415
4 0.427486
5 0.474433
6 0.625938
7 0.351626



# Sketch: 26
0 1.03566
1 0.833096
2 0.654507
3 0.695376
4 0.628356
5 0.739898
6 0.593925
7 0.776774



# Sketch: 27
0 0.412998
1 0.439124
2 0.453121
3 0.636489
4 0.697553
5 0.818627
6 1.51993
7 0.997608



# Sketch: 28
0 0.261517
1 0.274623
2 0.242131
3 0.261249
4 0.32089
5 0.399005
6 0.427742
7 0.262052



# Sketch: 29
0 0.546892
1 0.342063
2 0.249515
3 0.265087
4 0.329833
5 0.377127
6 0.422495
7 0.416177



# Sketch: 30
0 1.1892
1 0.893508
2 0.492254
3 0.241254
4 0.0868272
5 0.426853
6 0.269554
7 0.258892



# Sketch: 31
0 0.392594
1 0.462464
2 0.521816
3 0.527595
4 0.272438
5 0.333494
6 0.393966
7 0.900196

