

# Sketch: 0
1704611514 87
1704611642 64
1704611770 85
1704611898 52
1704612026 45



# Sketch: 1
1704611514 94
1704611642 100
1704611770 111
1704611898 78
1704612026 50



# Sketch: 2
1704611514 51
1704611642 65
1704611770 81
1704611898 45
1704612026 47



# Sketch: 3
1704611514 46
1704611642 89
1704611770 54
1704611898 62
1704612026 35



# Sketch: 4
1704611514 89
1704611642 88
1704611770 92
1704611898 80
1704612026 30



# Sketch: 5
1704611514 68
1704611642 70
1704611770 160
1704611898 71
1704612026 60



# Sketch: 6
1704611514 66
1704611642 55
1704611770 66
1704611898 73
1704612026 27



# Sketch: 7
1704611514 72
1704611642 66
1704611770 68
1704611898 74
1704612026 42



# Sketch: 8
1704611514 63
1704611642 54
1704611770 54
1704611898 33
1704612026 52



# Sketch: 9
1704611514 57
1704611642 54
1704611770 69
1704611898 77
1704612026 28



# Sketch: 10
1704611514 86
1704611642 82
1704611770 67
1704611898 81
1704612026 43



# Sketch: 11
1704611514 71
1704611642 79
1704611770 81
1704611898 80
1704612026 44



# Sketch: 12
1704611514 71
1704611642 83
1704611770 58
1704611898 135
1704612026 92



# Sketch: 13
1704611514 47
1704611642 58
1704611770 82
1704611898 70
1704612026 40



# Sketch: 14
1704611514 107
1704611642 117
1704611770 101
1704611898 83
1704612026 48



# Sketch: 15
1704611514 51
1704611642 61
1704611770 64
1704611898 68
1704612026 28



# Sketch: 16
1704611514 99
1704611642 81
1704611770 72
1704611898 82
1704612026 53



# Sketch: 17
1704611514 74
1704611642 62
1704611770 63
1704611898 52
1704612026 24



# Sketch: 18
1704611514 61
1704611642 67
1704611770 47
1704611898 59
1704612026 44



# Sketch: 19
1704611514 90
1704611642 89
1704611770 83
1704611898 74
1704612026 45



# Sketch: 20
1704611514 102
1704611642 105
1704611770 112
1704611898 60
1704612026 71



# Sketch: 21
1704611514 75
1704611642 66
1704611770 93
1704611898 83
1704612026 39



# Sketch: 22
1704611514 75
1704611642 58
1704611770 47
1704611898 49
1704612026 40



# Sketch: 23
1704611514 60
1704611642 73
1704611770 68
1704611898 74
1704612026 34



# Sketch: 24
1704611514 93
1704611642 97
1704611770 66
1704611898 60
1704612026 39



# Sketch: 25
1704611514 39
1704611642 56
1704611770 61
1704611898 75
1704612026 30



# Sketch: 26
1704611514 51
1704611642 51
1704611770 76
1704611898 77
1704612026 36



# Sketch: 27
1704611514 72
1704611642 68
1704611770 61
1704611898 86
1704612026 29



# Sketch: 28
1704611514 77
1704611642 65
1704611770 75
1704611898 65
1704612026 52



# Sketch: 29
1704611514 65
1704611642 85
1704611770 46
1704611898 71
1704612026 49



# Sketch: 30
1704611514 63
1704611642 62
1704611770 70
1704611898 72
1704612026 22



# Sketch: 31
1704611514 73
1704611642 54
1704611770 44
1704611898 70
1704612026 40

