

# Sketch: 0
0 1.75139
1 1.44514
2 1.71414
3 2.14329
4 1.65317
5 1.2113
6 1.67486
7 0.596835



# Sketch: 1
0 0.84512
1 1.01575
2 1.2051
3 1.03182
4 1.15371
5 0.881634
6 0.642194
7 0.637288



# Sketch: 2
0 0.585472
1 0.694151
2 0.656208
3 0.575891
4 0.512798
5 0.467957
6 0.445972
7 0.379263



# Sketch: 3
0 0.620133
1 0.830975
2 0.505868
3 0.290636
4 0.401821
5 0.312741
6 0.408001
7 0.562114



# Sketch: 4
0 1.76165
1 1.69547
2 1.71278
3 1.46757
4 1.18776
5 1.00402
6 1.71237
7 1.40536



# Sketch: 5
0 1.29192
1 1.26486
2 1.12857
3 1.18128
4 0.820139
5 0.455214
6 0.536231
7 0.478368



# Sketch: 6
0 0.853759
1 0.748859
2 0.770751
3 0.785151
4 0.714641
5 0.508507
6 0.5127
7 0.586872



# Sketch: 7
0 0.331785
1 0.134554
2 0.143971
3 0.422411
4 0.603543
5 0.408403
6 0.803217
7 1.64171



# Sketch: 8
0 1.16322
1 1.08801
2 1.19011
3 1.15235
4 1.02367
5 0.80438
6 0.819328
7 0.821778



# Sketch: 9
0 0.192562
1 0.13849
2 0.712297
3 0.756498
4 0.467259
5 0.29557
6 0.272332
7 0.261389



# Sketch: 10
0 0.525746
1 0.471909
2 0.474456
3 0.609004
4 0.432059
5 0.803291
6 0.655471
7 0.775631



# Sketch: 11
0 0.884839
1 0.74706
2 0.999128
3 0.581404
4 0.277846
5 0.22355
6 0.241698
7 0.378763



# Sketch: 12
0 0.247662
1 0.223972
2 0.467378
3 0.923575
4 1.05561
5 0.738228
6 0.447412
7 0.448942



# Sketch: 13
0 0.55071
1 0.4314
2 0.302793
3 0.47696
4 0.308356
5 0.339305
6 0.346719
7 0.503705



# Sketch: 14
0 0.182327
1 0.292225
2 0.139852
3 0.43512
4 0.566557
5 0.423145
6 0.198225
7 0.298421



# Sketch: 15
0 0.488748
1 0.544022
2 0.390022
3 0.723675
4 1.24285
5 0.718986
6 0.144276
7 0.374271



# Sketch: 16
0 2.35583
1 1.57939
2 1.39127
3 1.11866
4 0.30046
5 0.2164
6 0.597365
7 2.05689



# Sketch: 17
0 0.687674
1 0.639382
2 0.678169
3 0.689515
4 0.613794
5 0.586635
6 0.560808
7 0.375695



# Sketch: 18
0 0.666742
1 0.611254
2 0.6432
3 0.8063
4 0.598342
5 0.637976
6 0.620515
7 0.688317



# Sketch: 19
0 1.06831
1 0.711754
2 0.752985
3 0.578951
4 0.215984
5 0.270706
6 0.399537
7 0.303956



# Sketch: 20
0 0.249988
1 0.217127
2 0.412722
3 0.344652
4 0.469353
5 0.516779
6 1.282
7 1.28148



# Sketch: 21
0 0.687535
1 0.651317
2 0.661383
3 0.752273
4 0.643584
5 0.568875
6 0.501575
7 0.390272



# Sketch: 22
0 0.85572
1 0.827727
2 0.941623
3 0.828336
4 0.632958
5 0.554536
6 0.540938
7 0.644944



# Sketch: 23
0 0.62607
1 0.531209
2 0.896173
3 1.0551
4 0.941652
5 0.483923
6 0.256494
7 0.280959



# Sketch: 24
0 0.463599
1 0.443504
2 0.47639
3 0.498964
4 0.456685
5 0.3853
6 0.530375
7 0.646653



# Sketch: 25
0 0.553978
1 0.407971
2 0.562608
3 0.66613
4 0.494117
5 0.860935
6 3.04288
7 1.89729



# Sketch: 26
0 0.273509
1 0.338764
2 0.154694
3 0.156569
4 0.250659
5 0.270842
6 0.507934
7 0.330481



# Sketch: 27
0 1.53699
1 1.89265
2 1.89597
3 1.19291
4 0.90857
5 0.515669
6 0.412089
7 0.445243



# Sketch: 28
0 0.755818
1 0.696718
2 0.745683
3 0.767657
4 0.649334
5 0.625904
6 0.563081
7 0.429568



# Sketch: 29
0 0.403928
1 0.409553
2 0.517995
3 0.40504
4 0.609162
5 0.432466
6 0.372361
7 0.333297



# Sketch: 30
0 0.187155
1 0.0298849
2 0.591173
3 0.132159
4 0.935498
5 0.797335
6 0.425464
7 0.476266



# Sketch: 31
0 0.953479
1 0.930834
2 0.556171
3 1.34169
4 1.14169
5 1.13626
6 0.70534
7 0.500297

