

# Sketch: 0
0 1.67765
1 1.33676
2 1.09118
3 0.953064
4 1.32899
5 0.636103
6 1.09695
7 0.713006



# Sketch: 1
0 1.22337
1 1.10356
2 1.07879
3 0.875355
4 0.703602
5 0.672543
6 0.830695
7 0.875821



# Sketch: 2
0 0.611502
1 0.481638
2 0.519721
3 0.452626
4 0.428282
5 0.345003
6 0.322226
7 0.699636



# Sketch: 3
0 0.560627
1 0.307336
2 0.232169
3 0.247335
4 0.143755
5 0.365004
6 0.350521
7 0.295538



# Sketch: 4
0 0.2769
1 0.324569
2 0.292292
3 0.354313
4 0.276538
5 0.370082
6 0.33957
7 0.864463



# Sketch: 5
0 0.838522
1 0.677198
2 0.557227
3 0.542295
4 0.633539
5 0.595268
6 0.636782
7 0.478052



# Sketch: 6
0 0.654426
1 0.560844
2 0.59604
3 0.326018
4 0.392485
5 0.411635
6 0.426726
7 2.41732



# Sketch: 7
0 1.36906
1 1.12299
2 1.16894
3 1.78762
4 1.663
5 2.21205
6 2.08108
7 1.47216



# Sketch: 8
0 0.723662
1 0.781112
2 0.359524
3 0.32145
4 0.0941462
5 0.235289
6 0.26943
7 0.295565



# Sketch: 9
0 0.824495
1 0.716704
2 0.55297
3 0.481044
4 0.483409
5 0.591401
6 0.64005
7 0.644453



# Sketch: 10
0 0.330693
1 0.271142
2 0.24715
3 0.254591
4 0.326812
5 0.39587
6 0.638966
7 2.27957



# Sketch: 11
0 1.17264
1 1.42842
2 1.3412
3 1.1105
4 0.860502
5 2.73524
6 1.1888
7 0.585303



# Sketch: 12
0 0.793612
1 0.598395
2 0.527247
3 0.443009
4 0.402372
5 0.327462
6 0.287059
7 0.346392



# Sketch: 13
0 1.7138
1 1.64942
2 1.24806
3 1.01343
4 0.892767
5 1.20116
6 0.544294
7 0.35442



# Sketch: 14
0 0.273556
1 0.413443
2 0.512057
3 0.298469
4 0.242856
5 0.355585
6 0.317878
7 0.324469



# Sketch: 15
0 0.697837
1 0.602666
2 0.482832
3 0.511368
4 0.648021
5 0.557801
6 0.763115
7 0.652463



# Sketch: 16
0 0.59862
1 0.463193
2 0.418383
3 0.353604
4 0.445781
5 0.401559
6 0.426522
7 0.444923



# Sketch: 17
0 0.830294
1 0.662888
2 0.555877
3 0.515646
4 0.616682
5 0.591772
6 0.637379
7 0.760858



# Sketch: 18
0 0.977953
1 0.850042
2 0.722832
3 0.606401
4 0.574171
5 1.28931
6 1.39335
7 2.68764



# Sketch: 19
0 0.425533
1 0.239989
2 0.201464
3 0.336434
4 0.503127
5 0.320849
6 0.30099
7 0.567471



# Sketch: 20
0 0.207934
1 0.209418
2 0.209369
3 0.360363
4 0.41394
5 0.3319
6 0.306613
7 0.742816



# Sketch: 21
0 0.635208
1 0.513131
2 0.481231
3 0.317946
4 0.32793
5 0.44088
6 0.440104
7 0.675367



# Sketch: 22
0 0.4856
1 0.210947
2 0.182308
3 0.260556
4 0.318129
5 0.29054
6 0.284887
7 0.364837



# Sketch: 23
0 0.386858
1 0.367352
2 0.359887
3 0.44305
4 0.513256
5 0.392225
6 0.386527
7 0.319262



# Sketch: 24
0 1.33452
1 0.963841
2 0.720814
3 0.666505
4 0.492514
5 0.224636
6 0.749366
7 0.299616



# Sketch: 25
0 0.225947
1 0.344846
2 0.384772
3 0.62297
4 0.684366
5 0.39242
6 0.576573
7 0.636343



# Sketch: 26
0 1.75346
1 1.25233
2 0.96808
3 0.875121
4 0.567488
5 0.709325
6 0.604594
7 0.402461



# Sketch: 27
0 1.43341
1 1.24981
2 1.28449
3 1.70254
4 1.67828
5 1.00288
6 1.99574
7 0.484796



# Sketch: 28
0 0.715188
1 0.605183
2 0.62497
3 0.621187
4 0.533041
5 0.532085
6 0.575569
7 0.674457



# Sketch: 29
0 1.02116
1 0.857429
2 0.727419
3 0.377706
4 0.152077
5 0.298358
6 0.278077
7 0.279256



# Sketch: 30
0 1.62929
1 1.37417
2 1.44941
3 1.22618
4 0.702821
5 1.43295
6 0.440773
7 0.524811



# Sketch: 31
0 0.319547
1 0.486808
2 0.52821
3 0.554809
4 0.577708
5 0.352533
6 0.386728
7 0.567471

