

# Sketch: 0
1704611514 18
1704611546 13
1704611578 10
1704611610 23
1704611642 16
1704611674 15
1704611706 5
1704611738 20
1704611770 27
1704611802 27
1704611834 15
1704611866 7
1704611898 19
1704611930 10
1704611962 17
1704611994 22
1704612026 7
1704612058 14
1704612090 13



# Sketch: 1
1704611514 15
1704611546 23
1704611578 15
1704611610 16
1704611642 14
1704611674 13
1704611706 8
1704611738 19
1704611770 19
1704611802 13
1704611834 21
1704611866 11
1704611898 9
1704611930 6
1704611962 7
1704611994 19
1704612026 16
1704612058 15
1704612090 6



# Sketch: 2
1704611514 16
1704611546 13
1704611578 30
1704611610 31
1704611642 21
1704611674 35
1704611706 22
1704611738 26
1704611770 37
1704611802 34
1704611834 26
1704611866 34
1704611898 33
1704611930 20
1704611962 21
1704611994 17
1704612026 2
1704612058 33
1704612090 17



# Sketch: 3
1704611514 18
1704611546 8
1704611578 44
1704611610 17
1704611642 17
1704611674 25
1704611706 18
1704611738 11
1704611770 20
1704611802 9
1704611834 10
1704611866 23
1704611898 10
1704611930 8
1704611962 12
1704611994 7
1704612026 7
1704612058 11
1704612090 11



# Sketch: 4
1704611514 39
1704611546 12
1704611578 5
1704611610 17
1704611642 29
1704611674 14
1704611706 11
1704611738 9
1704611770 19
1704611802 11
1704611834 11
1704611866 28
1704611898 32
1704611930 25
1704611962 15
1704611994 31
1704612026 10
1704612058 14
1704612090 14



# Sketch: 5
1704611514 8
1704611546 14
1704611578 16
1704611610 14
1704611642 19
1704611674 10
1704611706 21
1704611738 31
1704611770 6
1704611802 17
1704611834 9
1704611866 34
1704611898 28
1704611930 29
1704611962 26
1704611994 17
1704612026 15
1704612058 14
1704612090 7



# Sketch: 6
1704611514 42
1704611546 21
1704611578 25
1704611610 21
1704611642 23
1704611674 21
1704611706 23
1704611738 20
1704611770 16
1704611802 21
1704611834 22
1704611866 29
1704611898 20
1704611930 14
1704611962 16
1704611994 23
1704612026 17
1704612058 22
1704612090 11



# Sketch: 7
1704611514 52
1704611546 31
1704611578 13
1704611610 6
1704611642 25
1704611674 12
1704611706 15
1704611738 11
1704611770 26
1704611802 13
1704611834 17
1704611866 24
1704611898 28
1704611930 23
1704611962 14
1704611994 22
1704612026 15
1704612058 11
1704612090 12



# Sketch: 8
1704611514 18
1704611546 23
1704611578 32
1704611610 23
1704611642 13
1704611674 35
1704611706 26
1704611738 38
1704611770 25
1704611802 28
1704611834 23
1704611866 8
1704611898 15
1704611930 20
1704611962 15
1704611994 20
1704612026 11
1704612058 41
1704612090 17



# Sketch: 9
1704611514 13
1704611546 25
1704611578 23
1704611610 23
1704611642 12
1704611674 22
1704611706 20
1704611738 31
1704611770 17
1704611802 13
1704611834 15
1704611866 30
1704611898 11
1704611930 20
1704611962 31
1704611994 13
1704612026 15
1704612058 21
1704612090 2



# Sketch: 10
1704611514 22
1704611546 13
1704611578 12
1704611610 16
1704611642 15
1704611674 38
1704611706 8
1704611738 19
1704611770 28
1704611802 21
1704611834 18
1704611866 7
1704611898 18
1704611930 16
1704611962 24
1704611994 10
1704612026 11
1704612058 15
1704612090 11



# Sketch: 11
1704611514 11
1704611546 14
1704611578 11
1704611610 19
1704611642 19
1704611674 17
1704611706 24
1704611738 16
1704611770 28
1704611802 16
1704611834 21
1704611866 16
1704611898 19
1704611930 14
1704611962 23
1704611994 19
1704612026 6
1704612058 12
1704612090 8



# Sketch: 12
1704611514 14
1704611546 25
1704611578 12
1704611610 16
1704611642 34
1704611674 18
1704611706 12
1704611738 9
1704611770 34
1704611802 20
1704611834 18
1704611866 21
1704611898 32
1704611930 15
1704611962 14
1704611994 27
1704612026 9
1704612058 5
1704612090 10



# Sketch: 13
1704611514 21
1704611546 18
1704611578 27
1704611610 26
1704611642 12
1704611674 25
1704611706 31
1704611738 32
1704611770 40
1704611802 58
1704611834 33
1704611866 52
1704611898 10
1704611930 16
1704611962 18
1704611994 23
1704612026 7
1704612058 29
1704612090 20



# Sketch: 14
1704611514 9
1704611546 16
1704611578 15
1704611610 13
1704611642 25
1704611674 20
1704611706 31
1704611738 22
1704611770 12
1704611802 17
1704611834 9
1704611866 24
1704611898 16
1704611930 16
1704611962 18
1704611994 12
1704612026 13
1704612058 9
1704612090 26



# Sketch: 15
1704611514 22
1704611546 19
1704611578 26
1704611610 13
1704611642 20
1704611674 6
1704611706 9
1704611738 18
1704611770 19
1704611802 21
1704611834 19
1704611866 18
1704611898 27
1704611930 8
1704611962 16
1704611994 14
1704612026 44
1704612058 28
1704612090 8



# Sketch: 16
1704611514 13
1704611546 13
1704611578 8
1704611610 9
1704611642 13
1704611674 18
1704611706 6
1704611738 12
1704611770 14
1704611802 10
1704611834 7
1704611866 16
1704611898 18
1704611930 8
1704611962 24
1704611994 18
1704612026 18
1704612058 14
1704612090 14



# Sketch: 17
1704611514 24
1704611546 11
1704611578 16
1704611610 18
1704611642 13
1704611674 26
1704611706 11
1704611738 30
1704611770 8
1704611802 7
1704611834 15
1704611866 29
1704611898 28
1704611930 31
1704611962 38
1704611994 27
1704612026 15
1704612058 19
1704612090 9



# Sketch: 18
1704611514 16
1704611546 21
1704611578 18
1704611610 23
1704611642 25
1704611674 27
1704611706 23
1704611738 12
1704611770 14
1704611802 6
1704611834 22
1704611866 7
1704611898 21
1704611930 12
1704611962 23
1704611994 24
1704612026 8
1704612058 7
1704612090 10



# Sketch: 19
1704611514 10
1704611546 50
1704611578 14
1704611610 12
1704611642 12
1704611674 18
1704611706 19
1704611738 10
1704611770 14
1704611802 14
1704611834 10
1704611866 17
1704611898 22
1704611930 23
1704611962 10
1704611994 8
1704612026 11
1704612058 1
1704612090 8



# Sketch: 20
1704611514 4
1704611546 10
1704611578 19
1704611610 10
1704611642 7
1704611674 15
1704611706 11
1704611738 25
1704611770 16
1704611802 15
1704611834 11
1704611866 29
1704611898 9
1704611930 10
1704611962 38
1704611994 7
1704612026 10
1704612058 8
1704612090 19



# Sketch: 21
1704611514 21
1704611546 16
1704611578 13
1704611610 12
1704611642 20
1704611674 47
1704611706 13
1704611738 13
1704611770 15
1704611802 17
1704611834 13
1704611866 27
1704611898 11
1704611930 15
1704611962 12
1704611994 17
1704612026 7
1704612058 28
1704612090 5



# Sketch: 22
1704611514 18
1704611546 9
1704611578 12
1704611610 12
1704611642 13
1704611674 18
1704611706 13
1704611738 9
1704611770 12
1704611802 22
1704611834 10
1704611866 17
1704611898 27
1704611930 18
1704611962 12
1704611994 24
1704612026 12
1704612058 6
1704612090 12



# Sketch: 23
1704611514 25
1704611546 19
1704611578 10
1704611610 25
1704611642 25
1704611674 22
1704611706 18
1704611738 11
1704611770 18
1704611802 14
1704611834 14
1704611866 15
1704611898 12
1704611930 14
1704611962 27
1704611994 47
1704612026 49
1704612058 31
1704612090 16



# Sketch: 24
1704611514 27
1704611546 13
1704611578 12
1704611610 8
1704611642 12
1704611674 11
1704611706 17
1704611738 20
1704611770 14
1704611802 16
1704611834 13
1704611866 19
1704611898 22
1704611930 14
1704611962 14
1704611994 22
1704612026 11
1704612058 11
1704612090 7



# Sketch: 25
1704611514 20
1704611546 18
1704611578 20
1704611610 18
1704611642 22
1704611674 11
1704611706 19
1704611738 21
1704611770 18
1704611802 12
1704611834 21
1704611866 26
1704611898 26
1704611930 19
1704611962 14
1704611994 13
1704612026 12
1704612058 18
1704612090 20



# Sketch: 26
1704611514 15
1704611546 10
1704611578 18
1704611610 26
1704611642 11
1704611674 24
1704611706 7
1704611738 10
1704611770 14
1704611802 10
1704611834 19
1704611866 14
1704611898 17
1704611930 5
1704611962 14
1704611994 17
1704612026 17
1704612058 14
1704612090 9



# Sketch: 27
1704611514 12
1704611546 25
1704611578 19
1704611610 19
1704611642 9
1704611674 27
1704611706 20
1704611738 18
1704611770 13
1704611802 34
1704611834 18
1704611866 15
1704611898 11
1704611930 18
1704611962 20
1704611994 22
1704612026 22
1704612058 8
1704612090 6



# Sketch: 28
1704611514 17
1704611546 21
1704611578 18
1704611610 23
1704611642 22
1704611674 25
1704611706 8
1704611738 16
1704611770 11
1704611802 20
1704611834 11
1704611866 29
1704611898 11
1704611930 7
1704611962 11
1704611994 11
1704612026 27
1704612058 21
1704612090 10



# Sketch: 29
1704611514 18
1704611546 11
1704611578 6
1704611610 12
1704611642 13
1704611674 20
1704611706 3
1704611738 22
1704611770 14
1704611802 12
1704611834 8
1704611866 17
1704611898 8
1704611930 13
1704611962 8
1704611994 13
1704612026 15
1704612058 12
1704612090 9



# Sketch: 30
1704611514 22
1704611546 19
1704611578 17
1704611610 18
1704611642 20
1704611674 8
1704611706 20
1704611738 12
1704611770 16
1704611802 4
1704611834 8
1704611866 26
1704611898 14
1704611930 8
1704611962 12
1704611994 34
1704612026 15
1704612058 6
1704612090 12



# Sketch: 31
1704611514 19
1704611546 14
1704611578 15
1704611610 18
1704611642 8
1704611674 24
1704611706 12
1704611738 21
1704611770 23
1704611802 34
1704611834 9
1704611866 19
1704611898 11
1704611930 11
1704611962 7
1704611994 19
1704612026 12
1704612058 21
1704612090 14

