

# Sketch: 0
1704611514 3
1704611522 5
1704611530 3
1704611538 4
1704611546 9
1704611554 3
1704611562 32
1704611570 9
1704611578 4
1704611586 6
1704611594 8
1704611602 2
1704611610 5
1704611618 2
1704611626 1
1704611634 2
1704611642 3
1704611650 3
1704611658 4
1704611666 1
1704611674 3
1704611682 1
1704611690 1
1704611698 3
1704611706 4
1704611714 1
1704611722 4
1704611730 4
1704611738 7
1704611746 1
1704611754 8
1704611762 4
1704611770 2
1704611778 1
1704611786 2
1704611794 8
1704611802 2
1704611810 3
1704611818 4
1704611826 3
1704611834 2
1704611842 4
1704611850 3
1704611858 6
1704611866 10
1704611874 1
1704611882 4
1704611890 9
1704611898 3
1704611906 7
1704611914 6
1704611922 0
1704611930 2
1704611938 3
1704611946 1
1704611954 3
1704611962 1
1704611970 2
1704611978 3
1704611986 2
1704611994 8
1704612002 12
1704612010 6
1704612018 6
1704612026 3
1704612034 3
1704612042 1
1704612050 3
1704612058 2
1704612066 2
1704612074 1
1704612082 3
1704612090 0
1704612098 6
1704612106 3



# Sketch: 1
1704611514 3
1704611522 5
1704611530 1
1704611538 1
1704611546 4
1704611554 4
1704611562 6
1704611570 7
1704611578 4
1704611586 5
1704611594 5
1704611602 3
1704611610 2
1704611618 0
1704611626 5
1704611634 5
1704611642 9
1704611650 3
1704611658 5
1704611666 4
1704611674 10
1704611682 4
1704611690 4
1704611698 1
1704611706 1
1704611714 5
1704611722 3
1704611730 3
1704611738 3
1704611746 3
1704611754 3
1704611762 4
1704611770 5
1704611778 6
1704611786 12
1704611794 1
1704611802 2
1704611810 11
1704611818 8
1704611826 4
1704611834 7
1704611842 5
1704611850 3
1704611858 9
1704611866 1
1704611874 3
1704611882 2
1704611890 7
1704611898 3
1704611906 11
1704611914 8
1704611922 3
1704611930 0
1704611938 5
1704611946 0
1704611954 12
1704611962 7
1704611970 5
1704611978 4
1704611986 1
1704611994 4
1704612002 6
1704612010 2
1704612018 9
1704612026 8
1704612034 6
1704612042 4
1704612050 7
1704612058 13
1704612066 4
1704612074 1
1704612082 5
1704612090 2
1704612098 5
1704612106 1



# Sketch: 2
1704611514 5
1704611522 11
1704611530 13
1704611538 11
1704611546 3
1704611554 4
1704611562 5
1704611570 9
1704611578 2
1704611586 2
1704611594 2
1704611602 5
1704611610 6
1704611618 6
1704611626 2
1704611634 2
1704611642 6
1704611650 1
1704611658 0
1704611666 3
1704611674 4
1704611682 4
1704611690 4
1704611698 3
1704611706 5
1704611714 0
1704611722 1
1704611730 5
1704611738 11
1704611746 9
1704611754 6
1704611762 2
1704611770 3
1704611778 3
1704611786 0
1704611794 0
1704611802 5
1704611810 3
1704611818 2
1704611826 2
1704611834 1
1704611842 5
1704611850 0
1704611858 4
1704611866 2
1704611874 1
1704611882 3
1704611890 1
1704611898 4
1704611906 4
1704611914 1
1704611922 1
1704611930 0
1704611938 4
1704611946 3
1704611954 1
1704611962 2
1704611970 7
1704611978 4
1704611986 1
1704611994 2
1704612002 7
1704612010 5
1704612018 6
1704612026 2
1704612034 4
1704612042 0
1704612050 1
1704612058 0
1704612066 1
1704612074 1
1704612082 2
1704612090 2
1704612098 4
1704612106 2



# Sketch: 3
1704611514 1
1704611522 3
1704611530 10
1704611538 0
1704611546 3
1704611554 0
1704611562 1
1704611570 3
1704611578 11
1704611586 2
1704611594 1
1704611602 3
1704611610 5
1704611618 5
1704611626 4
1704611634 3
1704611642 3
1704611650 1
1704611658 9
1704611666 6
1704611674 6
1704611682 17
1704611690 3
1704611698 3
1704611706 9
1704611714 1
1704611722 2
1704611730 0
1704611738 8
1704611746 7
1704611754 10
1704611762 3
1704611770 6
1704611778 5
1704611786 1
1704611794 4
1704611802 4
1704611810 1
1704611818 6
1704611826 4
1704611834 1
1704611842 3
1704611850 2
1704611858 8
1704611866 0
1704611874 2
1704611882 9
1704611890 12
1704611898 13
1704611906 3
1704611914 3
1704611922 5
1704611930 0
1704611938 4
1704611946 7
1704611954 1
1704611962 4
1704611970 3
1704611978 2
1704611986 1
1704611994 4
1704612002 2
1704612010 2
1704612018 4
1704612026 8
1704612034 3
1704612042 0
1704612050 14
1704612058 4
1704612066 2
1704612074 6
1704612082 4
1704612090 1
1704612098 5
1704612106 1



# Sketch: 4
1704611514 12
1704611522 8
1704611530 3
1704611538 3
1704611546 5
1704611554 8
1704611562 2
1704611570 5
1704611578 5
1704611586 2
1704611594 2
1704611602 3
1704611610 3
1704611618 3
1704611626 5
1704611634 0
1704611642 3
1704611650 4
1704611658 4
1704611666 7
1704611674 5
1704611682 11
1704611690 8
1704611698 9
1704611706 3
1704611714 5
1704611722 2
1704611730 2
1704611738 1
1704611746 1
1704611754 4
1704611762 13
1704611770 3
1704611778 3
1704611786 1
1704611794 10
1704611802 5
1704611810 4
1704611818 4
1704611826 5
1704611834 3
1704611842 3
1704611850 4
1704611858 3
1704611866 7
1704611874 4
1704611882 1
1704611890 9
1704611898 10
1704611906 1
1704611914 6
1704611922 8
1704611930 2
1704611938 1
1704611946 0
1704611954 1
1704611962 6
1704611970 8
1704611978 4
1704611986 4
1704611994 7
1704612002 1
1704612010 8
1704612018 2
1704612026 6
1704612034 4
1704612042 1
1704612050 4
1704612058 0
1704612066 14
1704612074 4
1704612082 0
1704612090 2
1704612098 3
1704612106 2



# Sketch: 5
1704611514 5
1704611522 5
1704611530 3
1704611538 2
1704611546 7
1704611554 5
1704611562 1
1704611570 2
1704611578 0
1704611586 4
1704611594 3
1704611602 2
1704611610 10
1704611618 2
1704611626 6
1704611634 2
1704611642 0
1704611650 5
1704611658 2
1704611666 5
1704611674 3
1704611682 2
1704611690 5
1704611698 4
1704611706 0
1704611714 1
1704611722 3
1704611730 3
1704611738 7
1704611746 4
1704611754 4
1704611762 4
1704611770 7
1704611778 2
1704611786 1
1704611794 5
1704611802 0
1704611810 2
1704611818 9
1704611826 17
1704611834 3
1704611842 2
1704611850 0
1704611858 1
1704611866 12
1704611874 9
1704611882 5
1704611890 8
1704611898 6
1704611906 6
1704611914 4
1704611922 1
1704611930 4
1704611938 4
1704611946 3
1704611954 1
1704611962 8
1704611970 8
1704611978 8
1704611986 4
1704611994 1
1704612002 10
1704612010 5
1704612018 11
1704612026 3
1704612034 16
1704612042 3
1704612050 6
1704612058 2
1704612066 1
1704612074 3
1704612082 2
1704612090 10
1704612098 8
1704612106 2



# Sketch: 6
1704611514 2
1704611522 1
1704611530 4
1704611538 6
1704611546 8
1704611554 1
1704611562 6
1704611570 4
1704611578 2
1704611586 3
1704611594 1
1704611602 4
1704611610 5
1704611618 1
1704611626 4
1704611634 5
1704611642 1
1704611650 5
1704611658 9
1704611666 5
1704611674 0
1704611682 2
1704611690 2
1704611698 2
1704611706 4
1704611714 4
1704611722 0
1704611730 2
1704611738 0
1704611746 2
1704611754 5
1704611762 2
1704611770 6
1704611778 2
1704611786 3
1704611794 12
1704611802 1
1704611810 12
1704611818 3
1704611826 9
1704611834 3
1704611842 2
1704611850 2
1704611858 2
1704611866 1
1704611874 4
1704611882 3
1704611890 4
1704611898 6
1704611906 3
1704611914 4
1704611922 1
1704611930 2
1704611938 5
1704611946 2
1704611954 3
1704611962 2
1704611970 4
1704611978 0
1704611986 0
1704611994 4
1704612002 5
1704612010 1
1704612018 1
1704612026 0
1704612034 1
1704612042 3
1704612050 4
1704612058 3
1704612066 1
1704612074 35
1704612082 4
1704612090 0
1704612098 0
1704612106 0



# Sketch: 7
1704611514 0
1704611522 4
1704611530 3
1704611538 4
1704611546 7
1704611554 3
1704611562 3
1704611570 1
1704611578 7
1704611586 5
1704611594 2
1704611602 0
1704611610 0
1704611618 10
1704611626 4
1704611634 5
1704611642 2
1704611650 7
1704611658 7
1704611666 4
1704611674 4
1704611682 5
1704611690 4
1704611698 3
1704611706 2
1704611714 0
1704611722 9
1704611730 1
1704611738 0
1704611746 2
1704611754 9
1704611762 9
1704611770 2
1704611778 1
1704611786 9
1704611794 3
1704611802 5
1704611810 5
1704611818 5
1704611826 5
1704611834 4
1704611842 3
1704611850 0
1704611858 0
1704611866 1
1704611874 11
1704611882 5
1704611890 8
1704611898 1
1704611906 5
1704611914 1
1704611922 0
1704611930 5
1704611938 6
1704611946 2
1704611954 5
1704611962 8
1704611970 4
1704611978 11
1704611986 3
1704611994 3
1704612002 4
1704612010 1
1704612018 5
1704612026 4
1704612034 0
1704612042 1
1704612050 6
1704612058 3
1704612066 5
1704612074 4
1704612082 9
1704612090 5
1704612098 2
1704612106 12



# Sketch: 8
1704611514 1
1704611522 5
1704611530 6
1704611538 2
1704611546 7
1704611554 4
1704611562 2
1704611570 0
1704611578 3
1704611586 3
1704611594 4
1704611602 1
1704611610 12
1704611618 1
1704611626 12
1704611634 5
1704611642 3
1704611650 5
1704611658 4
1704611666 8
1704611674 7
1704611682 3
1704611690 4
1704611698 9
1704611706 3
1704611714 1
1704611722 10
1704611730 3
1704611738 2
1704611746 6
1704611754 10
1704611762 7
1704611770 7
1704611778 5
1704611786 10
1704611794 3
1704611802 1
1704611810 2
1704611818 1
1704611826 3
1704611834 1
1704611842 0
1704611850 3
1704611858 6
1704611866 1
1704611874 5
1704611882 4
1704611890 5
1704611898 5
1704611906 5
1704611914 6
1704611922 0
1704611930 6
1704611938 6
1704611946 4
1704611954 17
1704611962 5
1704611970 7
1704611978 1
1704611986 2
1704611994 3
1704612002 6
1704612010 2
1704612018 5
1704612026 1
1704612034 1
1704612042 1
1704612050 1
1704612058 2
1704612066 0
1704612074 5
1704612082 1
1704612090 6
1704612098 3
1704612106 2



# Sketch: 9
1704611514 5
1704611522 4
1704611530 5
1704611538 4
1704611546 0
1704611554 3
1704611562 1
1704611570 4
1704611578 10
1704611586 4
1704611594 3
1704611602 6
1704611610 2
1704611618 3
1704611626 1
1704611634 1
1704611642 4
1704611650 1
1704611658 0
1704611666 3
1704611674 2
1704611682 9
1704611690 0
1704611698 2
1704611706 1
1704611714 2
1704611722 2
1704611730 2
1704611738 2
1704611746 2
1704611754 3
1704611762 2
1704611770 4
1704611778 1
1704611786 2
1704611794 5
1704611802 1
1704611810 13
1704611818 9
1704611826 3
1704611834 2
1704611842 4
1704611850 5
1704611858 3
1704611866 1
1704611874 6
1704611882 7
1704611890 8
1704611898 5
1704611906 7
1704611914 1
1704611922 3
1704611930 3
1704611938 3
1704611946 9
1704611954 5
1704611962 5
1704611970 6
1704611978 3
1704611986 3
1704611994 4
1704612002 5
1704612010 13
1704612018 1
1704612026 3
1704612034 3
1704612042 2
1704612050 3
1704612058 2
1704612066 6
1704612074 1
1704612082 3
1704612090 4
1704612098 2
1704612106 2



# Sketch: 10
1704611514 1
1704611522 12
1704611530 2
1704611538 7
1704611546 5
1704611554 2
1704611562 0
1704611570 5
1704611578 2
1704611586 5
1704611594 1
1704611602 7
1704611610 5
1704611618 8
1704611626 2
1704611634 3
1704611642 3
1704611650 1
1704611658 2
1704611666 5
1704611674 4
1704611682 6
1704611690 13
1704611698 5
1704611706 3
1704611714 1
1704611722 3
1704611730 7
1704611738 3
1704611746 2
1704611754 6
1704611762 7
1704611770 6
1704611778 1
1704611786 4
1704611794 0
1704611802 4
1704611810 5
1704611818 0
1704611826 2
1704611834 8
1704611842 1
1704611850 8
1704611858 0
1704611866 2
1704611874 12
1704611882 5
1704611890 4
1704611898 5
1704611906 5
1704611914 5
1704611922 9
1704611930 6
1704611938 3
1704611946 2
1704611954 3
1704611962 7
1704611970 2
1704611978 1
1704611986 2
1704611994 1
1704612002 4
1704612010 3
1704612018 12
1704612026 5
1704612034 3
1704612042 0
1704612050 1
1704612058 8
1704612066 2
1704612074 0
1704612082 1
1704612090 4
1704612098 3
1704612106 1



# Sketch: 11
1704611514 5
1704611522 2
1704611530 4
1704611538 4
1704611546 1
1704611554 5
1704611562 4
1704611570 15
1704611578 1
1704611586 2
1704611594 3
1704611602 2
1704611610 4
1704611618 4
1704611626 11
1704611634 2
1704611642 4
1704611650 9
1704611658 1
1704611666 8
1704611674 1
1704611682 5
1704611690 5
1704611698 3
1704611706 0
1704611714 1
1704611722 1
1704611730 3
1704611738 5
1704611746 2
1704611754 4
1704611762 4
1704611770 5
1704611778 5
1704611786 7
1704611794 7
1704611802 1
1704611810 0
1704611818 6
1704611826 1
1704611834 12
1704611842 0
1704611850 5
1704611858 2
1704611866 1
1704611874 8
1704611882 3
1704611890 5
1704611898 2
1704611906 8
1704611914 3
1704611922 6
1704611930 7
1704611938 4
1704611946 2
1704611954 3
1704611962 3
1704611970 8
1704611978 0
1704611986 5
1704611994 7
1704612002 8
1704612010 7
1704612018 5
1704612026 4
1704612034 5
1704612042 2
1704612050 1
1704612058 9
1704612066 2
1704612074 9
1704612082 2
1704612090 1
1704612098 1
1704612106 2



# Sketch: 12
1704611514 2
1704611522 6
1704611530 2
1704611538 1
1704611546 9
1704611554 6
1704611562 5
1704611570 1
1704611578 0
1704611586 5
1704611594 6
1704611602 0
1704611610 11
1704611618 3
1704611626 8
1704611634 6
1704611642 4
1704611650 3
1704611658 2
1704611666 5
1704611674 4
1704611682 13
1704611690 4
1704611698 5
1704611706 2
1704611714 4
1704611722 4
1704611730 3
1704611738 1
1704611746 6
1704611754 2
1704611762 3
1704611770 3
1704611778 6
1704611786 1
1704611794 2
1704611802 1
1704611810 9
1704611818 7
1704611826 3
1704611834 7
1704611842 4
1704611850 5
1704611858 1
1704611866 2
1704611874 2
1704611882 4
1704611890 7
1704611898 6
1704611906 5
1704611914 2
1704611922 3
1704611930 0
1704611938 5
1704611946 2
1704611954 5
1704611962 6
1704611970 12
1704611978 4
1704611986 5
1704611994 4
1704612002 2
1704612010 2
1704612018 9
1704612026 15
1704612034 3
1704612042 3
1704612050 4
1704612058 1
1704612066 1
1704612074 1
1704612082 0
1704612090 17
1704612098 2
1704612106 2



# Sketch: 13
1704611514 2
1704611522 5
1704611530 4
1704611538 8
1704611546 4
1704611554 2
1704611562 3
1704611570 3
1704611578 5
1704611586 1
1704611594 1
1704611602 6
1704611610 2
1704611618 5
1704611626 2
1704611634 5
1704611642 4
1704611650 3
1704611658 17
1704611666 1
1704611674 3
1704611682 11
1704611690 18
1704611698 4
1704611706 14
1704611714 3
1704611722 8
1704611730 4
1704611738 6
1704611746 1
1704611754 7
1704611762 3
1704611770 3
1704611778 5
1704611786 10
1704611794 2
1704611802 13
1704611810 3
1704611818 5
1704611826 2
1704611834 2
1704611842 2
1704611850 8
1704611858 4
1704611866 4
1704611874 7
1704611882 12
1704611890 4
1704611898 7
1704611906 3
1704611914 2
1704611922 2
1704611930 2
1704611938 2
1704611946 2
1704611954 1
1704611962 6
1704611970 4
1704611978 7
1704611986 0
1704611994 3
1704612002 7
1704612010 13
1704612018 10
1704612026 6
1704612034 6
1704612042 6
1704612050 4
1704612058 1
1704612066 5
1704612074 1
1704612082 3
1704612090 4
1704612098 8
1704612106 6



# Sketch: 14
1704611514 7
1704611522 4
1704611530 3
1704611538 3
1704611546 5
1704611554 1
1704611562 5
1704611570 1
1704611578 4
1704611586 10
1704611594 6
1704611602 3
1704611610 3
1704611618 7
1704611626 8
1704611634 14
1704611642 2
1704611650 12
1704611658 2
1704611666 3
1704611674 2
1704611682 1
1704611690 8
1704611698 16
1704611706 10
1704611714 2
1704611722 6
1704611730 10
1704611738 1
1704611746 0
1704611754 7
1704611762 12
1704611770 16
1704611778 10
1704611786 2
1704611794 3
1704611802 2
1704611810 2
1704611818 7
1704611826 22
1704611834 6
1704611842 0
1704611850 6
1704611858 3
1704611866 1
1704611874 11
1704611882 3
1704611890 9
1704611898 0
1704611906 3
1704611914 4
1704611922 0
1704611930 0
1704611938 3
1704611946 17
1704611954 8
1704611962 0
1704611970 9
1704611978 2
1704611986 0
1704611994 5
1704612002 4
1704612010 5
1704612018 6
1704612026 4
1704612034 5
1704612042 4
1704612050 2
1704612058 4
1704612066 14
1704612074 6
1704612082 3
1704612090 8
1704612098 4
1704612106 9



# Sketch: 15
1704611514 7
1704611522 2
1704611530 2
1704611538 27
1704611546 3
1704611554 3
1704611562 3
1704611570 3
1704611578 11
1704611586 17
1704611594 8
1704611602 4
1704611610 6
1704611618 3
1704611626 5
1704611634 3
1704611642 17
1704611650 2
1704611658 5
1704611666 3
1704611674 11
1704611682 9
1704611690 3
1704611698 6
1704611706 7
1704611714 3
1704611722 3
1704611730 0
1704611738 2
1704611746 2
1704611754 3
1704611762 4
1704611770 4
1704611778 5
1704611786 5
1704611794 7
1704611802 5
1704611810 3
1704611818 5
1704611826 4
1704611834 2
1704611842 3
1704611850 5
1704611858 2
1704611866 1
1704611874 11
1704611882 2
1704611890 4
1704611898 3
1704611906 2
1704611914 20
1704611922 5
1704611930 4
1704611938 1
1704611946 5
1704611954 7
1704611962 15
1704611970 5
1704611978 10
1704611986 1
1704611994 2
1704612002 7
1704612010 6
1704612018 7
1704612026 3
1704612034 4
1704612042 2
1704612050 14
1704612058 5
1704612066 2
1704612074 6
1704612082 2
1704612090 6
1704612098 1
1704612106 2



# Sketch: 16
1704611514 6
1704611522 8
1704611530 15
1704611538 14
1704611546 6
1704611554 6
1704611562 1
1704611570 5
1704611578 5
1704611586 3
1704611594 1
1704611602 2
1704611610 3
1704611618 0
1704611626 3
1704611634 8
1704611642 12
1704611650 3
1704611658 4
1704611666 3
1704611674 3
1704611682 1
1704611690 1
1704611698 6
1704611706 5
1704611714 5
1704611722 2
1704611730 13
1704611738 2
1704611746 1
1704611754 1
1704611762 4
1704611770 9
1704611778 11
1704611786 4
1704611794 8
1704611802 2
1704611810 3
1704611818 2
1704611826 3
1704611834 7
1704611842 2
1704611850 6
1704611858 7
1704611866 5
1704611874 2
1704611882 5
1704611890 10
1704611898 3
1704611906 2
1704611914 5
1704611922 2
1704611930 3
1704611938 6
1704611946 4
1704611954 13
1704611962 12
1704611970 5
1704611978 6
1704611986 2
1704611994 1
1704612002 6
1704612010 5
1704612018 7
1704612026 5
1704612034 4
1704612042 5
1704612050 2
1704612058 1
1704612066 2
1704612074 2
1704612082 1
1704612090 2
1704612098 2
1704612106 8



# Sketch: 17
1704611514 2
1704611522 3
1704611530 11
1704611538 6
1704611546 5
1704611554 2
1704611562 2
1704611570 5
1704611578 9
1704611586 3
1704611594 1
1704611602 4
1704611610 7
1704611618 1
1704611626 5
1704611634 5
1704611642 8
1704611650 10
1704611658 6
1704611666 8
1704611674 5
1704611682 2
1704611690 2
1704611698 1
1704611706 3
1704611714 3
1704611722 3
1704611730 7
1704611738 2
1704611746 1
1704611754 12
1704611762 10
1704611770 7
1704611778 10
1704611786 5
1704611794 2
1704611802 0
1704611810 1
1704611818 8
1704611826 6
1704611834 4
1704611842 3
1704611850 0
1704611858 1
1704611866 4
1704611874 5
1704611882 9
1704611890 24
1704611898 8
1704611906 2
1704611914 1
1704611922 1
1704611930 7
1704611938 5
1704611946 3
1704611954 9
1704611962 3
1704611970 6
1704611978 8
1704611986 0
1704611994 2
1704612002 4
1704612010 5
1704612018 2
1704612026 2
1704612034 4
1704612042 7
1704612050 1
1704612058 3
1704612066 0
1704612074 6
1704612082 2
1704612090 2
1704612098 6
1704612106 2



# Sketch: 18
1704611514 7
1704611522 2
1704611530 3
1704611538 6
1704611546 3
1704611554 2
1704611562 4
1704611570 4
1704611578 11
1704611586 7
1704611594 3
1704611602 3
1704611610 10
1704611618 3
1704611626 3
1704611634 7
1704611642 1
1704611650 2
1704611658 2
1704611666 0
1704611674 4
1704611682 5
1704611690 6
1704611698 8
1704611706 5
1704611714 3
1704611722 4
1704611730 19
1704611738 3
1704611746 2
1704611754 15
1704611762 9
1704611770 14
1704611778 6
1704611786 1
1704611794 13
1704611802 8
1704611810 5
1704611818 11
1704611826 14
1704611834 11
1704611842 3
1704611850 11
1704611858 4
1704611866 9
1704611874 9
1704611882 5
1704611890 3
1704611898 4
1704611906 6
1704611914 7
1704611922 2
1704611930 1
1704611938 9
1704611946 11
1704611954 4
1704611962 7
1704611970 13
1704611978 0
1704611986 0
1704611994 8
1704612002 5
1704612010 9
1704612018 7
1704612026 0
1704612034 2
1704612042 4
1704612050 2
1704612058 11
1704612066 4
1704612074 5
1704612082 3
1704612090 9
1704612098 1
1704612106 5



# Sketch: 19
1704611514 3
1704611522 3
1704611530 3
1704611538 1
1704611546 6
1704611554 7
1704611562 5
1704611570 11
1704611578 4
1704611586 1
1704611594 1
1704611602 7
1704611610 2
1704611618 1
1704611626 3
1704611634 15
1704611642 2
1704611650 5
1704611658 4
1704611666 1
1704611674 6
1704611682 2
1704611690 2
1704611698 8
1704611706 3
1704611714 2
1704611722 5
1704611730 5
1704611738 1
1704611746 2
1704611754 4
1704611762 12
1704611770 9
1704611778 1
1704611786 2
1704611794 16
1704611802 5
1704611810 2
1704611818 9
1704611826 2
1704611834 0
1704611842 1
1704611850 3
1704611858 5
1704611866 5
1704611874 1
1704611882 4
1704611890 7
1704611898 3
1704611906 14
1704611914 3
1704611922 2
1704611930 10
1704611938 1
1704611946 0
1704611954 1
1704611962 2
1704611970 5
1704611978 5
1704611986 5
1704611994 6
1704612002 3
1704612010 1
1704612018 3
1704612026 2
1704612034 1
1704612042 2
1704612050 4
1704612058 8
1704612066 3
1704612074 1
1704612082 2
1704612090 5
1704612098 1
1704612106 0



# Sketch: 20
1704611514 3
1704611522 4
1704611530 19
1704611538 3
1704611546 8
1704611554 9
1704611562 7
1704611570 4
1704611578 6
1704611586 9
1704611594 3
1704611602 6
1704611610 3
1704611618 4
1704611626 12
1704611634 5
1704611642 4
1704611650 1
1704611658 2
1704611666 3
1704611674 5
1704611682 5
1704611690 5
1704611698 5
1704611706 3
1704611714 2
1704611722 5
1704611730 0
1704611738 3
1704611746 6
1704611754 4
1704611762 5
1704611770 4
1704611778 6
1704611786 1
1704611794 3
1704611802 4
1704611810 4
1704611818 3
1704611826 6
1704611834 6
1704611842 2
1704611850 8
1704611858 4
1704611866 6
1704611874 5
1704611882 7
1704611890 9
1704611898 2
1704611906 5
1704611914 6
1704611922 4
1704611930 6
1704611938 1
1704611946 0
1704611954 3
1704611962 4
1704611970 2
1704611978 3
1704611986 5
1704611994 4
1704612002 5
1704612010 7
1704612018 42
1704612026 18
1704612034 19
1704612042 12
1704612050 7
1704612058 5
1704612066 3
1704612074 6
1704612082 11
1704612090 4
1704612098 4
1704612106 2



# Sketch: 21
1704611514 2
1704611522 7
1704611530 1
1704611538 7
1704611546 3
1704611554 3
1704611562 1
1704611570 0
1704611578 5
1704611586 1
1704611594 4
1704611602 1
1704611610 4
1704611618 13
1704611626 1
1704611634 2
1704611642 3
1704611650 3
1704611658 0
1704611666 2
1704611674 2
1704611682 5
1704611690 2
1704611698 6
1704611706 6
1704611714 0
1704611722 2
1704611730 0
1704611738 3
1704611746 3
1704611754 0
1704611762 2
1704611770 2
1704611778 5
1704611786 5
1704611794 2
1704611802 2
1704611810 1
1704611818 5
1704611826 5
1704611834 3
1704611842 3
1704611850 0
1704611858 6
1704611866 2
1704611874 7
1704611882 2
1704611890 9
1704611898 1
1704611906 4
1704611914 2
1704611922 0
1704611930 0
1704611938 2
1704611946 6
1704611954 0
1704611962 4
1704611970 11
1704611978 2
1704611986 3
1704611994 0
1704612002 2
1704612010 0
1704612018 0
1704612026 1
1704612034 4
1704612042 7
1704612050 3
1704612058 5
1704612066 4
1704612074 3
1704612082 2
1704612090 5
1704612098 2
1704612106 1



# Sketch: 22
1704611514 2
1704611522 6
1704611530 0
1704611538 2
1704611546 5
1704611554 1
1704611562 2
1704611570 2
1704611578 11
1704611586 6
1704611594 19
1704611602 30
1704611610 4
1704611618 9
1704611626 2
1704611634 12
1704611642 4
1704611650 8
1704611658 2
1704611666 7
1704611674 26
1704611682 3
1704611690 7
1704611698 8
1704611706 7
1704611714 13
1704611722 6
1704611730 10
1704611738 4
1704611746 0
1704611754 2
1704611762 19
1704611770 16
1704611778 11
1704611786 2
1704611794 3
1704611802 7
1704611810 10
1704611818 14
1704611826 11
1704611834 4
1704611842 7
1704611850 7
1704611858 3
1704611866 2
1704611874 1
1704611882 8
1704611890 1
1704611898 8
1704611906 5
1704611914 1
1704611922 2
1704611930 0
1704611938 3
1704611946 9
1704611954 1
1704611962 8
1704611970 2
1704611978 4
1704611986 1
1704611994 2
1704612002 7
1704612010 0
1704612018 2
1704612026 0
1704612034 0
1704612042 2
1704612050 6
1704612058 4
1704612066 7
1704612074 8
1704612082 4
1704612090 6
1704612098 14
1704612106 2



# Sketch: 23
1704611514 8
1704611522 0
1704611530 0
1704611538 9
1704611546 5
1704611554 4
1704611562 0
1704611570 3
1704611578 9
1704611586 2
1704611594 1
1704611602 2
1704611610 1
1704611618 1
1704611626 5
1704611634 5
1704611642 0
1704611650 2
1704611658 5
1704611666 1
1704611674 2
1704611682 10
1704611690 4
1704611698 12
1704611706 4
1704611714 2
1704611722 5
1704611730 8
1704611738 3
1704611746 3
1704611754 13
1704611762 5
1704611770 4
1704611778 3
1704611786 2
1704611794 3
1704611802 2
1704611810 11
1704611818 5
1704611826 1
1704611834 1
1704611842 0
1704611850 1
1704611858 4
1704611866 7
1704611874 2
1704611882 0
1704611890 4
1704611898 2
1704611906 3
1704611914 6
1704611922 4
1704611930 0
1704611938 6
1704611946 1
1704611954 2
1704611962 3
1704611970 9
1704611978 2
1704611986 2
1704611994 5
1704612002 7
1704612010 2
1704612018 4
1704612026 0
1704612034 1
1704612042 0
1704612050 2
1704612058 5
1704612066 2
1704612074 2
1704612082 3
1704612090 5
1704612098 11
1704612106 2



# Sketch: 24
1704611514 4
1704611522 1
1704611530 3
1704611538 1
1704611546 7
1704611554 6
1704611562 0
1704611570 0
1704611578 2
1704611586 5
1704611594 5
1704611602 6
1704611610 6
1704611618 6
1704611626 0
1704611634 12
1704611642 3
1704611650 10
1704611658 1
1704611666 3
1704611674 2
1704611682 3
1704611690 5
1704611698 20
1704611706 3
1704611714 2
1704611722 2
1704611730 6
1704611738 3
1704611746 2
1704611754 18
1704611762 5
1704611770 2
1704611778 0
1704611786 2
1704611794 6
1704611802 7
1704611810 3
1704611818 1
1704611826 2
1704611834 1
1704611842 4
1704611850 1
1704611858 12
1704611866 9
1704611874 10
1704611882 5
1704611890 7
1704611898 7
1704611906 7
1704611914 11
1704611922 9
1704611930 6
1704611938 3
1704611946 1
1704611954 1
1704611962 4
1704611970 6
1704611978 6
1704611986 2
1704611994 3
1704612002 0
1704612010 1
1704612018 2
1704612026 3
1704612034 0
1704612042 0
1704612050 2
1704612058 3
1704612066 14
1704612074 6
1704612082 8
1704612090 4
1704612098 5
1704612106 4



# Sketch: 25
1704611514 0
1704611522 5
1704611530 6
1704611538 4
1704611546 9
1704611554 2
1704611562 3
1704611570 7
1704611578 1
1704611586 10
1704611594 1
1704611602 0
1704611610 8
1704611618 0
1704611626 3
1704611634 3
1704611642 5
1704611650 10
1704611658 7
1704611666 4
1704611674 5
1704611682 7
1704611690 5
1704611698 10
1704611706 4
1704611714 1
1704611722 4
1704611730 3
1704611738 14
1704611746 0
1704611754 1
1704611762 2
1704611770 4
1704611778 0
1704611786 3
1704611794 10
1704611802 2
1704611810 2
1704611818 2
1704611826 5
1704611834 5
1704611842 4
1704611850 3
1704611858 5
1704611866 4
1704611874 2
1704611882 5
1704611890 4
1704611898 16
1704611906 10
1704611914 10
1704611922 2
1704611930 4
1704611938 2
1704611946 4
1704611954 12
1704611962 4
1704611970 3
1704611978 4
1704611986 2
1704611994 6
1704612002 5
1704612010 4
1704612018 2
1704612026 9
1704612034 3
1704612042 0
1704612050 0
1704612058 2
1704612066 5
1704612074 0
1704612082 2
1704612090 4
1704612098 3
1704612106 4



# Sketch: 26
1704611514 0
1704611522 3
1704611530 8
1704611538 6
1704611546 7
1704611554 3
1704611562 2
1704611570 1
1704611578 2
1704611586 8
1704611594 0
1704611602 2
1704611610 1
1704611618 2
1704611626 9
1704611634 1
1704611642 2
1704611650 6
1704611658 3
1704611666 2
1704611674 2
1704611682 2
1704611690 9
1704611698 4
1704611706 8
1704611714 1
1704611722 2
1704611730 10
1704611738 3
1704611746 3
1704611754 1
1704611762 11
1704611770 5
1704611778 8
1704611786 2
1704611794 6
1704611802 2
1704611810 5
1704611818 3
1704611826 15
1704611834 2
1704611842 4
1704611850 3
1704611858 2
1704611866 0
1704611874 11
1704611882 6
1704611890 4
1704611898 4
1704611906 6
1704611914 4
1704611922 2
1704611930 7
1704611938 5
1704611946 3
1704611954 4
1704611962 4
1704611970 2
1704611978 4
1704611986 4
1704611994 3
1704612002 6
1704612010 2
1704612018 1
1704612026 3
1704612034 5
1704612042 2
1704612050 1
1704612058 0
1704612066 2
1704612074 1
1704612082 10
1704612090 8
1704612098 2
1704612106 0



# Sketch: 27
1704611514 3
1704611522 8
1704611530 6
1704611538 0
1704611546 13
1704611554 3
1704611562 2
1704611570 5
1704611578 3
1704611586 7
1704611594 2
1704611602 3
1704611610 2
1704611618 2
1704611626 3
1704611634 2
1704611642 8
1704611650 2
1704611658 1
1704611666 1
1704611674 3
1704611682 4
1704611690 3
1704611698 3
1704611706 4
1704611714 4
1704611722 3
1704611730 1
1704611738 2
1704611746 1
1704611754 2
1704611762 4
1704611770 1
1704611778 11
1704611786 2
1704611794 2
1704611802 3
1704611810 2
1704611818 1
1704611826 1
1704611834 7
1704611842 6
1704611850 0
1704611858 2
1704611866 1
1704611874 26
1704611882 9
1704611890 9
1704611898 3
1704611906 8
1704611914 6
1704611922 5
1704611930 0
1704611938 1
1704611946 2
1704611954 8
1704611962 7
1704611970 0
1704611978 2
1704611986 3
1704611994 2
1704612002 3
1704612010 2
1704612018 2
1704612026 0
1704612034 5
1704612042 2
1704612050 2
1704612058 0
1704612066 4
1704612074 2
1704612082 7
1704612090 4
1704612098 0
1704612106 15



# Sketch: 28
1704611514 3
1704611522 8
1704611530 9
1704611538 6
1704611546 7
1704611554 5
1704611562 4
1704611570 5
1704611578 0
1704611586 2
1704611594 2
1704611602 2
1704611610 6
1704611618 3
1704611626 2
1704611634 1
1704611642 5
1704611650 4
1704611658 7
1704611666 6
1704611674 4
1704611682 5
1704611690 5
1704611698 1
1704611706 0
1704611714 3
1704611722 5
1704611730 15
1704611738 3
1704611746 1
1704611754 7
1704611762 5
1704611770 9
1704611778 1
1704611786 5
1704611794 7
1704611802 5
1704611810 2
1704611818 3
1704611826 6
1704611834 8
1704611842 5
1704611850 4
1704611858 3
1704611866 0
1704611874 2
1704611882 1
1704611890 9
1704611898 9
1704611906 6
1704611914 13
1704611922 4
1704611930 5
1704611938 3
1704611946 2
1704611954 10
1704611962 7
1704611970 7
1704611978 4
1704611986 1
1704611994 5
1704612002 5
1704612010 5
1704612018 9
1704612026 4
1704612034 7
1704612042 3
1704612050 4
1704612058 5
1704612066 10
1704612074 6
1704612082 3
1704612090 1
1704612098 1
1704612106 2



# Sketch: 29
1704611514 9
1704611522 9
1704611530 3
1704611538 1
1704611546 2
1704611554 1
1704611562 4
1704611570 4
1704611578 4
1704611586 9
1704611594 3
1704611602 2
1704611610 1
1704611618 4
1704611626 7
1704611634 3
1704611642 2
1704611650 14
1704611658 8
1704611666 1
1704611674 7
1704611682 1
1704611690 1
1704611698 5
1704611706 2
1704611714 2
1704611722 5
1704611730 10
1704611738 5
1704611746 1
1704611754 7
1704611762 8
1704611770 3
1704611778 1
1704611786 6
1704611794 7
1704611802 3
1704611810 6
1704611818 6
1704611826 7
1704611834 5
1704611842 7
1704611850 9
1704611858 4
1704611866 3
1704611874 9
1704611882 8
1704611890 4
1704611898 3
1704611906 4
1704611914 3
1704611922 5
1704611930 2
1704611938 0
1704611946 5
1704611954 7
1704611962 2
1704611970 16
1704611978 11
1704611986 1
1704611994 7
1704612002 3
1704612010 2
1704612018 4
1704612026 0
1704612034 3
1704612042 0
1704612050 1
1704612058 5
1704612066 1
1704612074 1
1704612082 4
1704612090 4
1704612098 7
1704612106 4



# Sketch: 30
1704611514 5
1704611522 8
1704611530 3
1704611538 11
1704611546 11
1704611554 5
1704611562 5
1704611570 8
1704611578 9
1704611586 3
1704611594 3
1704611602 5
1704611610 4
1704611618 3
1704611626 3
1704611634 2
1704611642 4
1704611650 6
1704611658 11
1704611666 7
1704611674 7
1704611682 6
1704611690 5
1704611698 4
1704611706 6
1704611714 2
1704611722 9
1704611730 1
1704611738 14
1704611746 3
1704611754 1
1704611762 7
1704611770 0
1704611778 6
1704611786 3
1704611794 2
1704611802 3
1704611810 0
1704611818 5
1704611826 0
1704611834 7
1704611842 6
1704611850 12
1704611858 5
1704611866 7
1704611874 4
1704611882 3
1704611890 11
1704611898 7
1704611906 9
1704611914 2
1704611922 12
1704611930 2
1704611938 2
1704611946 0
1704611954 2
1704611962 4
1704611970 14
1704611978 8
1704611986 1
1704611994 5
1704612002 3
1704612010 9
1704612018 8
1704612026 4
1704612034 7
1704612042 3
1704612050 6
1704612058 15
1704612066 7
1704612074 2
1704612082 5
1704612090 3
1704612098 3
1704612106 2



# Sketch: 31
1704611514 0
1704611522 9
1704611530 8
1704611538 5
1704611546 14
1704611554 5
1704611562 1
1704611570 1
1704611578 4
1704611586 5
1704611594 4
1704611602 3
1704611610 2
1704611618 1
1704611626 6
1704611634 3
1704611642 4
1704611650 7
1704611658 5
1704611666 5
1704611674 5
1704611682 3
1704611690 12
1704611698 4
1704611706 4
1704611714 1
1704611722 2
1704611730 4
1704611738 2
1704611746 4
1704611754 6
1704611762 9
1704611770 6
1704611778 4
1704611786 1
1704611794 7
1704611802 5
1704611810 0
1704611818 1
1704611826 6
1704611834 6
1704611842 8
1704611850 1
1704611858 0
1704611866 2
1704611874 3
1704611882 7
1704611890 4
1704611898 2
1704611906 3
1704611914 2
1704611922 1
1704611930 2
1704611938 2
1704611946 3
1704611954 10
1704611962 3
1704611970 8
1704611978 5
1704611986 1
1704611994 5
1704612002 5
1704612010 3
1704612018 2
1704612026 2
1704612034 3
1704612042 1
1704612050 2
1704612058 4
1704612066 5
1704612074 2
1704612082 1
1704612090 2
1704612098 5
1704612106 7

