

# Sketch: 0
1704611514 46
1704611578 43
1704611642 43
1704611706 35
1704611770 28
1704611834 33
1704611898 36
1704611962 40
1704612026 26
1704612090 8



# Sketch: 1
1704611514 37
1704611578 29
1704611642 44
1704611706 47
1704611770 39
1704611834 40
1704611898 28
1704611962 40
1704612026 18
1704612090 5



# Sketch: 2
1704611514 22
1704611578 47
1704611642 32
1704611706 41
1704611770 22
1704611834 48
1704611898 38
1704611962 42
1704612026 46
1704612090 14



# Sketch: 3
1704611514 34
1704611578 41
1704611642 22
1704611706 27
1704611770 26
1704611834 37
1704611898 36
1704611962 29
1704612026 22
1704612090 8



# Sketch: 4
1704611514 48
1704611578 23
1704611642 54
1704611706 32
1704611770 31
1704611834 37
1704611898 37
1704611962 20
1704612026 33
1704612090 8



# Sketch: 5
1704611514 38
1704611578 28
1704611642 31
1704611706 28
1704611770 36
1704611834 33
1704611898 33
1704611962 43
1704612026 45
1704612090 6



# Sketch: 6
1704611514 41
1704611578 40
1704611642 54
1704611706 19
1704611770 32
1704611834 29
1704611898 47
1704611962 33
1704612026 23
1704612090 12



# Sketch: 7
1704611514 47
1704611578 32
1704611642 25
1704611706 32
1704611770 14
1704611834 29
1704611898 22
1704611962 18
1704612026 15
1704612090 19



# Sketch: 8
1704611514 32
1704611578 38
1704611642 41
1704611706 35
1704611770 33
1704611834 32
1704611898 35
1704611962 40
1704612026 24
1704612090 8



# Sketch: 9
1704611514 49
1704611578 35
1704611642 52
1704611706 20
1704611770 45
1704611834 41
1704611898 38
1704611962 41
1704612026 18
1704612090 12



# Sketch: 10
1704611514 28
1704611578 27
1704611642 41
1704611706 17
1704611770 24
1704611834 30
1704611898 32
1704611962 24
1704612026 29
1704612090 12



# Sketch: 11
1704611514 27
1704611578 37
1704611642 42
1704611706 30
1704611770 26
1704611834 28
1704611898 24
1704611962 25
1704612026 13
1704612090 6



# Sketch: 12
1704611514 37
1704611578 27
1704611642 34
1704611706 28
1704611770 39
1704611834 50
1704611898 29
1704611962 43
1704612026 36
1704612090 13



# Sketch: 13
1704611514 38
1704611578 37
1704611642 42
1704611706 28
1704611770 24
1704611834 39
1704611898 37
1704611962 48
1704612026 24
1704612090 16



# Sketch: 14
1704611514 24
1704611578 60
1704611642 46
1704611706 30
1704611770 35
1704611834 27
1704611898 27
1704611962 57
1704612026 22
1704612090 12



# Sketch: 15
1704611514 31
1704611578 68
1704611642 42
1704611706 75
1704611770 139
1704611834 75
1704611898 35
1704611962 54
1704612026 72
1704612090 25



# Sketch: 16
1704611514 43
1704611578 33
1704611642 39
1704611706 17
1704611770 32
1704611834 57
1704611898 22
1704611962 36
1704612026 30
1704612090 7



# Sketch: 17
1704611514 21
1704611578 35
1704611642 39
1704611706 37
1704611770 39
1704611834 22
1704611898 30
1704611962 18
1704612026 24
1704612090 14



# Sketch: 18
1704611514 27
1704611578 34
1704611642 31
1704611706 20
1704611770 27
1704611834 17
1704611898 36
1704611962 56
1704612026 52
1704612090 13



# Sketch: 19
1704611514 21
1704611578 19
1704611642 39
1704611706 42
1704611770 25
1704611834 29
1704611898 36
1704611962 24
1704612026 20
1704612090 11



# Sketch: 20
1704611514 30
1704611578 19
1704611642 36
1704611706 39
1704611770 29
1704611834 49
1704611898 34
1704611962 27
1704612026 31
1704612090 4



# Sketch: 21
1704611514 40
1704611578 39
1704611642 56
1704611706 27
1704611770 35
1704611834 22
1704611898 43
1704611962 50
1704612026 40
1704612090 19



# Sketch: 22
1704611514 31
1704611578 41
1704611642 37
1704611706 33
1704611770 33
1704611834 35
1704611898 40
1704611962 57
1704612026 32
1704612090 7



# Sketch: 23
1704611514 51
1704611578 27
1704611642 32
1704611706 45
1704611770 40
1704611834 25
1704611898 30
1704611962 45
1704612026 41
1704612090 3



# Sketch: 24
1704611514 43
1704611578 25
1704611642 23
1704611706 31
1704611770 31
1704611834 36
1704611898 25
1704611962 22
1704612026 16
1704612090 17



# Sketch: 25
1704611514 38
1704611578 24
1704611642 37
1704611706 15
1704611770 34
1704611834 43
1704611898 37
1704611962 29
1704612026 37
1704612090 16



# Sketch: 26
1704611514 50
1704611578 24
1704611642 33
1704611706 25
1704611770 51
1704611834 35
1704611898 31
1704611962 47
1704612026 15
1704612090 11



# Sketch: 27
1704611514 32
1704611578 21
1704611642 39
1704611706 53
1704611770 45
1704611834 41
1704611898 31
1704611962 42
1704612026 36
1704612090 10



# Sketch: 28
1704611514 35
1704611578 42
1704611642 34
1704611706 63
1704611770 30
1704611834 25
1704611898 30
1704611962 34
1704612026 30
1704612090 6



# Sketch: 29
1704611514 29
1704611578 59
1704611642 21
1704611706 64
1704611770 67
1704611834 45
1704611898 41
1704611962 40
1704612026 30
1704612090 26



# Sketch: 30
1704611514 91
1704611578 22
1704611642 51
1704611706 30
1704611770 49
1704611834 56
1704611898 39
1704611962 38
1704612026 71
1704612090 13



# Sketch: 31
1704611514 26
1704611578 32
1704611642 34
1704611706 33
1704611770 33
1704611834 39
1704611898 42
1704611962 28
1704612026 14
1704612090 12

