

# Sketch: 0
0 0.587673
1 0.613141
2 0.514617
3 0.517396
4 1.5711
5 1.79145
6 0.881114
7 1.90989



# Sketch: 1
0 0.175081
1 0.223809
2 0.394634
3 0.612267
4 0.581205
5 0.531364
6 0.513237
7 0.970084



# Sketch: 2
0 1.08331
1 0.821202
2 0.558184
3 0.537169
4 0.122774
5 0.297516
6 0.243719
7 0.371661



# Sketch: 3
0 0.27828
1 0.270161
2 0.294784
3 0.324104
4 0.322067
5 0.479087
6 0.455396
7 0.640167



# Sketch: 4
0 0.539466
1 0.566254
2 0.436048
3 0.32794
4 0.522085
5 0.632773
6 0.589489
7 0.668335



# Sketch: 5
0 0.526901
1 0.69199
2 0.757233
3 0.732673
4 0.445408
5 0.49359
6 0.497592
7 1.38153



# Sketch: 6
0 0.749359
1 0.733191
2 0.648171
3 0.71813
4 0.697164
5 1.10488
6 1.48717
7 0.926789



# Sketch: 7
0 0.594366
1 0.639411
2 0.723794
3 0.839388
4 0.669942
5 0.595196
6 0.584263
7 0.521371



# Sketch: 8
0 0.506426
1 0.589657
2 0.580894
3 0.517983
4 0.674062
5 0.613275
6 0.55703
7 0.592429



# Sketch: 9
0 0.22379
1 0.228595
2 0.160823
3 0.466541
4 0.518975
5 0.35711
6 0.378722
7 0.373479



# Sketch: 10
0 0.931639
1 0.876103
2 0.820146
3 0.738206
4 0.657948
5 0.676901
6 0.654239
7 0.555953



# Sketch: 11
0 3.31655
1 2.78126
2 2.16849
3 2.86676
4 2.93521
5 3.02077
6 2.52043
7 1.94197



# Sketch: 12
0 1.26534
1 1.15835
2 1.01824
3 0.952296
4 1.92408
5 1.89303
6 2.58357
7 0.473601



# Sketch: 13
0 1.42914
1 1.25817
2 1.31206
3 1.12887
4 0.555574
5 1.02724
6 0.426698
7 0.803904



# Sketch: 14
0 0.339536
1 0.322536
2 0.262087
3 0.381409
4 0.334892
5 0.406206
6 0.447589
7 0.464982



# Sketch: 15
0 0.312762
1 0.344524
2 0.301211
3 0.332667
4 0.33439
5 0.528914
6 0.505174
7 0.539575



# Sketch: 16
0 0.807676
1 0.924399
2 1.18196
3 0.929171
4 1.26376
5 0.799572
6 0.837733
7 0.302369



# Sketch: 17
0 0.383594
1 0.345768
2 0.297679
3 0.199122
4 0.37394
5 0.44971
6 0.368707
7 0.690844



# Sketch: 18
0 0.388236
1 0.370703
2 0.391703
3 0.522487
4 0.400851
5 0.842127
6 0.53207
7 0.52252



# Sketch: 19
0 0.373362
1 0.497979
2 0.568125
3 0.792558
4 0.318468
5 0.425618
6 0.495862
7 0.50909



# Sketch: 20
0 0.828994
1 0.788136
2 0.63395
3 0.711443
4 0.508968
5 0.459828
6 0.528997
7 0.68199



# Sketch: 21
0 0.244222
1 0.256203
2 0.275962
3 0.525724
4 0.708533
5 0.558618
6 0.466487
7 0.418625



# Sketch: 22
0 0.303067
1 0.296196
2 0.34992
3 0.318658
4 0.371715
5 0.425891
6 0.48827
7 0.504926



# Sketch: 23
0 0.106413
1 0.0557758
2 0.304133
3 0.238084
4 0.264097
5 0.292262
6 0.196583
7 0.260926



# Sketch: 24
0 0.828633
1 0.817025
2 0.737452
3 0.912225
4 0.967489
5 1.02007
6 0.954353
7 0.373422



# Sketch: 25
0 0.191896
1 0.194591
2 0.169298
3 0.177609
4 0.268267
5 0.303069
6 0.289992
7 0.295489



# Sketch: 26
0 0.640912
1 0.481695
2 0.372291
3 0.380566
4 0.551709
5 0.490877
6 0.581354
7 0.632019



# Sketch: 27
0 1.18133
1 1.02212
2 0.831584
3 0.792686
4 1.10326
5 0.737875
6 1.66579
7 0.895252



# Sketch: 28
0 1.26741
1 1.0545
2 0.707739
3 0.681559
4 0.274163
5 0.340993
6 0.318948
7 0.310543



# Sketch: 29
0 0.197655
1 0.277934
2 0.154617
3 0.160091
4 0.205108
5 0.349904
6 0.310362
7 0.357753



# Sketch: 30
0 0.677126
1 0.649511
2 0.649911
3 0.701115
4 0.556896
5 0.541642
6 0.534136
7 0.519125



# Sketch: 31
0 0.311549
1 0.31472
2 0.269849
3 0.272051
4 0.292269
5 1.20089
6 0.688102
7 0.475915

