

# Sketch: 0
0 0.220543
1 0.221793
2 0.295344
3 0.207435
4 0.242874
5 0.430167
6 0.397962
7 0.538764



# Sketch: 1
0 0.325648
1 0.360833
2 0.438395
3 0.357878
4 0.407078
5 0.576577
6 0.484104
7 0.589876



# Sketch: 2
0 0.53376
1 0.486689
2 0.338017
3 0.34784
4 0.450523
5 0.516769
6 0.53774
7 0.617579



# Sketch: 3
0 0.155731
1 0.232472
2 0.195624
3 0.47724
4 0.52606
5 0.444113
6 0.518228
7 0.430269



# Sketch: 4
0 0.0939887
1 0.0370489
2 0.0597386
3 0.168391
4 0.096752
5 0.462952
6 0.446017
7 0.659224



# Sketch: 5
0 0.399946
1 0.327209
2 0.394338
3 0.391438
4 0.304919
5 0.412422
6 0.460463
7 0.464521



# Sketch: 6
0 0.633431
1 0.827357
2 0.496568
3 0.549455
4 0.630121
5 0.730755
6 0.474583
7 0.344968



# Sketch: 7
0 0.309176
1 0.497969
2 0.427431
3 0.234612
4 0.313517
5 0.501743
6 0.533961
7 0.505986



# Sketch: 8
0 0.511118
1 0.536956
2 0.257685
3 0.559152
4 0.25286
5 0.400028
6 0.438796
7 0.662826



# Sketch: 9
0 0.444694
1 0.615737
2 0.712833
3 0.593513
4 1.29968
5 1.03493
6 0.646815
7 0.273326



# Sketch: 10
0 0.227311
1 0.215387
2 0.275374
3 0.190078
4 0.465359
5 0.350863
6 0.329749
7 0.438115



# Sketch: 11
0 0.71676
1 0.740837
2 0.632132
3 0.702642
4 0.312492
5 0.244955
6 0.190385
7 0.359256



# Sketch: 12
0 0.30343
1 0.328084
2 0.263115
3 0.297876
4 1.07615
5 1.54867
6 0.552235
7 0.625573



# Sketch: 13
0 0.356261
1 0.374553
2 0.400018
3 0.760356
4 0.479421
5 0.477085
6 0.546656
7 0.585877



# Sketch: 14
0 0.109007
1 0.1364
2 0.141745
3 0.158918
4 0.284229
5 0.60077
6 2.83272
7 0.964015



# Sketch: 15
0 0.490054
1 0.370913
2 0.288521
3 0.220153
4 0.434675
5 0.516073
6 0.409997
7 2.78079



# Sketch: 16
0 0.300816
1 0.263873
2 0.414044
3 0.308185
4 0.337927
5 0.531543
6 0.46619
7 0.490582



# Sketch: 17
0 0.725578
1 0.767567
2 0.699018
3 0.875132
4 0.645824
5 0.386608
6 0.470124
7 0.430322



# Sketch: 18
0 0.0620972
1 0.398625
2 0.643236
3 0.59374
4 0.304865
5 0.599031
6 1.82544
7 0.421281



# Sketch: 19
0 0.0570202
1 0.340471
2 0.590647
3 0.48175
4 0.603361
5 0.862106
6 0.949112
7 0.491521



# Sketch: 20
0 0.326626
1 0.302224
2 0.274749
3 0.324887
4 0.508586
5 0.257862
6 0.333829
7 1.05683



# Sketch: 21
0 1.2426
1 1.15451
2 1.08585
3 1.28399
4 1.15294
5 0.761436
6 0.732192
7 0.734915



# Sketch: 22
0 1.4778
1 1.15357
2 1.15624
3 0.703351
4 0.547133
5 1.07795
6 0.118234
7 0.731679



# Sketch: 23
0 0.338873
1 0.235392
2 0.16454
3 0.274489
4 0.464567
5 0.541349
6 0.473717
7 0.716675



# Sketch: 24
0 0.427372
1 0.617881
2 0.754667
3 1.0887
4 0.649777
5 0.546389
6 0.405888
7 0.493179



# Sketch: 25
0 2.12296
1 2.14969
2 2.1013
3 2.02982
4 2.58506
5 2.75269
6 1.10261
7 0.130142



# Sketch: 26
0 0.990419
1 0.855543
2 0.823774
3 0.944276
4 0.82664
5 0.664528
6 0.594552
7 0.556575



# Sketch: 27
0 3.37763
1 3.22091
2 3.06838
3 3.40829
4 3.62974
5 3.82269
6 3.73332
7 3.45848



# Sketch: 28
0 0.293358
1 0.333616
2 0.43175
3 0.344517
4 0.287171
5 0.403295
6 0.387707
7 0.451998



# Sketch: 29
0 0.679489
1 0.569653
2 0.478325
3 0.473512
4 0.261983
5 0.393569
6 0.408116
7 0.336571



# Sketch: 30
0 0.205295
1 0.259698
2 0.264472
3 0.212507
4 0.325806
5 0.365499
6 0.399289
7 0.449487



# Sketch: 31
0 0.392508
1 0.3514
2 0.476721
3 0.286204
4 0.483867
5 0.455158
6 0.512461
7 0.584852

