

# Sketch: 0
1704612114 23
1704612178 22
1704612242 18
1704612306 24
1704612370 18
1704612434 17
1704612498 20
1704612562 37
1704612626 32
1704612690 13



# Sketch: 1
1704612114 22
1704612178 33
1704612242 34
1704612306 30
1704612370 22
1704612434 37
1704612498 26
1704612562 33
1704612626 34
1704612690 9



# Sketch: 2
1704612114 34
1704612178 32
1704612242 52
1704612306 29
1704612370 27
1704612434 27
1704612498 46
1704612562 26
1704612626 42
1704612690 15



# Sketch: 3
1704612114 17
1704612178 45
1704612242 23
1704612306 29
1704612370 26
1704612434 15
1704612498 26
1704612562 25
1704612626 17
1704612690 2



# Sketch: 4
1704612114 37
1704612178 31
1704612242 40
1704612306 23
1704612370 22
1704612434 37
1704612498 28
1704612562 43
1704612626 24
1704612690 10



# Sketch: 5
1704612114 19
1704612178 13
1704612242 27
1704612306 24
1704612370 27
1704612434 34
1704612498 27
1704612562 38
1704612626 30
1704612690 14



# Sketch: 6
1704612114 17
1704612178 48
1704612242 70
1704612306 32
1704612370 40
1704612434 29
1704612498 31
1704612562 40
1704612626 23
1704612690 7



# Sketch: 7
1704612114 132
1704612178 35
1704612242 40
1704612306 45
1704612370 48
1704612434 55
1704612498 29
1704612562 32
1704612626 39
1704612690 16



# Sketch: 8
1704612114 25
1704612178 23
1704612242 38
1704612306 27
1704612370 40
1704612434 39
1704612498 33
1704612562 62
1704612626 26
1704612690 22



# Sketch: 9
1704612114 45
1704612178 28
1704612242 37
1704612306 31
1704612370 38
1704612434 22
1704612498 34
1704612562 31
1704612626 41
1704612690 1



# Sketch: 10
1704612114 17
1704612178 23
1704612242 48
1704612306 38
1704612370 45
1704612434 39
1704612498 28
1704612562 57
1704612626 50
1704612690 15



# Sketch: 11
1704612114 18
1704612178 36
1704612242 28
1704612306 31
1704612370 19
1704612434 25
1704612498 18
1704612562 32
1704612626 24
1704612690 13



# Sketch: 12
1704612114 51
1704612178 25
1704612242 25
1704612306 27
1704612370 39
1704612434 40
1704612498 30
1704612562 29
1704612626 47
1704612690 7



# Sketch: 13
1704612114 34
1704612178 31
1704612242 36
1704612306 50
1704612370 35
1704612434 56
1704612498 42
1704612562 33
1704612626 25
1704612690 7



# Sketch: 14
1704612114 40
1704612178 27
1704612242 21
1704612306 20
1704612370 32
1704612434 35
1704612498 28
1704612562 24
1704612626 24
1704612690 7



# Sketch: 15
1704612114 31
1704612178 53
1704612242 42
1704612306 39
1704612370 30
1704612434 39
1704612498 48
1704612562 75
1704612626 49
1704612690 66



# Sketch: 16
1704612114 22
1704612178 28
1704612242 56
1704612306 43
1704612370 49
1704612434 24
1704612498 41
1704612562 37
1704612626 38
1704612690 6



# Sketch: 17
1704612114 31
1704612178 30
1704612242 32
1704612306 20
1704612370 38
1704612434 25
1704612498 28
1704612562 46
1704612626 14
1704612690 10



# Sketch: 18
1704612114 47
1704612178 28
1704612242 54
1704612306 36
1704612370 18
1704612434 33
1704612498 43
1704612562 29
1704612626 43
1704612690 11



# Sketch: 19
1704612114 21
1704612178 31
1704612242 39
1704612306 35
1704612370 31
1704612434 39
1704612498 36
1704612562 68
1704612626 27
1704612690 20



# Sketch: 20
1704612114 41
1704612178 31
1704612242 56
1704612306 44
1704612370 28
1704612434 26
1704612498 38
1704612562 45
1704612626 68
1704612690 11



# Sketch: 21
1704612114 35
1704612178 27
1704612242 62
1704612306 30
1704612370 39
1704612434 34
1704612498 43
1704612562 30
1704612626 32
1704612690 11



# Sketch: 22
1704612114 21
1704612178 45
1704612242 44
1704612306 50
1704612370 39
1704612434 53
1704612498 43
1704612562 42
1704612626 39
1704612690 10



# Sketch: 23
1704612114 27
1704612178 26
1704612242 29
1704612306 21
1704612370 28
1704612434 19
1704612498 20
1704612562 25
1704612626 35
1704612690 9



# Sketch: 24
1704612114 30
1704612178 29
1704612242 47
1704612306 46
1704612370 30
1704612434 33
1704612498 32
1704612562 54
1704612626 42
1704612690 4



# Sketch: 25
1704612114 28
1704612178 25
1704612242 45
1704612306 34
1704612370 25
1704612434 26
1704612498 22
1704612562 29
1704612626 42
1704612690 4



# Sketch: 26
1704612114 33
1704612178 30
1704612242 46
1704612306 37
1704612370 10
1704612434 22
1704612498 34
1704612562 40
1704612626 24
1704612690 11



# Sketch: 27
1704612114 38
1704612178 52
1704612242 39
1704612306 47
1704612370 37
1704612434 52
1704612498 47
1704612562 35
1704612626 58
1704612690 12



# Sketch: 28
1704612114 33
1704612178 28
1704612242 58
1704612306 30
1704612370 15
1704612434 16
1704612498 20
1704612562 37
1704612626 69
1704612690 9



# Sketch: 29
1704612114 26
1704612178 34
1704612242 31
1704612306 30
1704612370 27
1704612434 32
1704612498 37
1704612562 34
1704612626 33
1704612690 8



# Sketch: 30
1704612114 45
1704612178 34
1704612242 42
1704612306 27
1704612370 34
1704612434 43
1704612498 37
1704612562 50
1704612626 26
1704612690 6



# Sketch: 31
1704612114 29
1704612178 32
1704612242 44
1704612306 42
1704612370 20
1704612434 23
1704612498 37
1704612562 58
1704612626 26
1704612690 10

