

# Sketch: 0
1704612114 38
1704612178 31
1704612242 47
1704612306 32
1704612370 22
1704612434 23
1704612498 19
1704612562 19
1704612626 22
1704612690 5



# Sketch: 1
1704612114 24
1704612178 30
1704612242 34
1704612306 31
1704612370 23
1704612434 29
1704612498 31
1704612562 39
1704612626 50
1704612690 13



# Sketch: 2
1704612114 26
1704612178 31
1704612242 30
1704612306 23
1704612370 28
1704612434 26
1704612498 42
1704612562 52
1704612626 32
1704612690 5



# Sketch: 3
1704612114 50
1704612178 24
1704612242 34
1704612306 22
1704612370 18
1704612434 39
1704612498 15
1704612562 32
1704612626 21
1704612690 10



# Sketch: 4
1704612114 34
1704612178 40
1704612242 77
1704612306 53
1704612370 30
1704612434 40
1704612498 46
1704612562 54
1704612626 30
1704612690 19



# Sketch: 5
1704612114 24
1704612178 35
1704612242 23
1704612306 19
1704612370 43
1704612434 47
1704612498 20
1704612562 30
1704612626 35
1704612690 3



# Sketch: 6
1704612114 22
1704612178 48
1704612242 58
1704612306 35
1704612370 30
1704612434 40
1704612498 38
1704612562 52
1704612626 34
1704612690 3



# Sketch: 7
1704612114 27
1704612178 13
1704612242 27
1704612306 19
1704612370 35
1704612434 17
1704612498 54
1704612562 33
1704612626 17
1704612690 67



# Sketch: 8
1704612114 36
1704612178 31
1704612242 48
1704612306 39
1704612370 49
1704612434 48
1704612498 22
1704612562 45
1704612626 44
1704612690 10



# Sketch: 9
1704612114 16
1704612178 22
1704612242 33
1704612306 46
1704612370 21
1704612434 35
1704612498 30
1704612562 33
1704612626 45
1704612690 9



# Sketch: 10
1704612114 33
1704612178 29
1704612242 28
1704612306 47
1704612370 29
1704612434 32
1704612498 31
1704612562 34
1704612626 28
1704612690 8



# Sketch: 11
1704612114 16
1704612178 42
1704612242 24
1704612306 28
1704612370 35
1704612434 18
1704612498 26
1704612562 38
1704612626 33
1704612690 4



# Sketch: 12
1704612114 28
1704612178 34
1704612242 39
1704612306 41
1704612370 23
1704612434 36
1704612498 24
1704612562 20
1704612626 28
1704612690 10



# Sketch: 13
1704612114 20
1704612178 41
1704612242 35
1704612306 35
1704612370 46
1704612434 41
1704612498 28
1704612562 41
1704612626 34
1704612690 12



# Sketch: 14
1704612114 37
1704612178 39
1704612242 50
1704612306 32
1704612370 29
1704612434 32
1704612498 32
1704612562 52
1704612626 37
1704612690 10



# Sketch: 15
1704612114 48
1704612178 75
1704612242 39
1704612306 57
1704612370 36
1704612434 59
1704612498 54
1704612562 52
1704612626 68
1704612690 28



# Sketch: 16
1704612114 32
1704612178 25
1704612242 29
1704612306 29
1704612370 24
1704612434 42
1704612498 30
1704612562 79
1704612626 36
1704612690 3



# Sketch: 17
1704612114 27
1704612178 20
1704612242 25
1704612306 27
1704612370 39
1704612434 16
1704612498 33
1704612562 41
1704612626 64
1704612690 8



# Sketch: 18
1704612114 26
1704612178 28
1704612242 20
1704612306 36
1704612370 21
1704612434 24
1704612498 27
1704612562 24
1704612626 23
1704612690 18



# Sketch: 19
1704612114 30
1704612178 32
1704612242 36
1704612306 37
1704612370 21
1704612434 26
1704612498 27
1704612562 43
1704612626 27
1704612690 18



# Sketch: 20
1704612114 37
1704612178 28
1704612242 55
1704612306 32
1704612370 22
1704612434 33
1704612498 34
1704612562 49
1704612626 17
1704612690 2



# Sketch: 21
1704612114 35
1704612178 18
1704612242 46
1704612306 25
1704612370 30
1704612434 31
1704612498 40
1704612562 31
1704612626 23
1704612690 6



# Sketch: 22
1704612114 43
1704612178 37
1704612242 61
1704612306 35
1704612370 44
1704612434 39
1704612498 29
1704612562 42
1704612626 24
1704612690 14



# Sketch: 23
1704612114 117
1704612178 18
1704612242 56
1704612306 14
1704612370 21
1704612434 29
1704612498 30
1704612562 51
1704612626 38
1704612690 10



# Sketch: 24
1704612114 18
1704612178 55
1704612242 38
1704612306 33
1704612370 20
1704612434 30
1704612498 29
1704612562 43
1704612626 25
1704612690 13



# Sketch: 25
1704612114 36
1704612178 26
1704612242 61
1704612306 56
1704612370 20
1704612434 22
1704612498 34
1704612562 26
1704612626 37
1704612690 8



# Sketch: 26
1704612114 28
1704612178 32
1704612242 41
1704612306 23
1704612370 30
1704612434 25
1704612498 32
1704612562 44
1704612626 32
1704612690 10



# Sketch: 27
1704612114 26
1704612178 23
1704612242 35
1704612306 16
1704612370 35
1704612434 19
1704612498 39
1704612562 32
1704612626 57
1704612690 8



# Sketch: 28
1704612114 35
1704612178 25
1704612242 43
1704612306 41
1704612370 31
1704612434 37
1704612498 46
1704612562 48
1704612626 32
1704612690 12



# Sketch: 29
1704612114 34
1704612178 32
1704612242 23
1704612306 52
1704612370 48
1704612434 45
1704612498 38
1704612562 36
1704612626 31
1704612690 12



# Sketch: 30
1704612114 44
1704612178 28
1704612242 67
1704612306 27
1704612370 26
1704612434 30
1704612498 39
1704612562 35
1704612626 83
1704612690 12



# Sketch: 31
1704612114 22
1704612178 23
1704612242 41
1704612306 29
1704612370 47
1704612434 36
1704612498 33
1704612562 26
1704612626 36
1704612690 6

