

# Sketch: 0
1704612114 39
1704612178 19
1704612242 37
1704612306 26
1704612370 38
1704612434 35
1704612498 27
1704612562 43
1704612626 32
1704612690 10



# Sketch: 1
1704612114 25
1704612178 26
1704612242 34
1704612306 20
1704612370 42
1704612434 28
1704612498 21
1704612562 27
1704612626 19
1704612690 8



# Sketch: 2
1704612114 35
1704612178 50
1704612242 23
1704612306 28
1704612370 23
1704612434 14
1704612498 22
1704612562 40
1704612626 20
1704612690 12



# Sketch: 3
1704612114 23
1704612178 19
1704612242 54
1704612306 40
1704612370 40
1704612434 29
1704612498 26
1704612562 40
1704612626 47
1704612690 2



# Sketch: 4
1704612114 33
1704612178 25
1704612242 27
1704612306 50
1704612370 34
1704612434 55
1704612498 74
1704612562 47
1704612626 39
1704612690 12



# Sketch: 5
1704612114 20
1704612178 32
1704612242 45
1704612306 24
1704612370 36
1704612434 32
1704612498 17
1704612562 31
1704612626 22
1704612690 17



# Sketch: 6
1704612114 26
1704612178 32
1704612242 51
1704612306 28
1704612370 37
1704612434 39
1704612498 34
1704612562 49
1704612626 33
1704612690 14



# Sketch: 7
1704612114 31
1704612178 29
1704612242 48
1704612306 25
1704612370 14
1704612434 20
1704612498 23
1704612562 47
1704612626 35
1704612690 8



# Sketch: 8
1704612114 26
1704612178 34
1704612242 38
1704612306 38
1704612370 21
1704612434 23
1704612498 24
1704612562 35
1704612626 54
1704612690 6



# Sketch: 9
1704612114 44
1704612178 53
1704612242 33
1704612306 32
1704612370 28
1704612434 45
1704612498 33
1704612562 45
1704612626 35
1704612690 15



# Sketch: 10
1704612114 29
1704612178 22
1704612242 24
1704612306 39
1704612370 46
1704612434 42
1704612498 33
1704612562 30
1704612626 33
1704612690 7



# Sketch: 11
1704612114 50
1704612178 35
1704612242 62
1704612306 39
1704612370 21
1704612434 36
1704612498 34
1704612562 29
1704612626 31
1704612690 18



# Sketch: 12
1704612114 28
1704612178 24
1704612242 43
1704612306 31
1704612370 22
1704612434 28
1704612498 39
1704612562 30
1704612626 39
1704612690 12



# Sketch: 13
1704612114 22
1704612178 25
1704612242 20
1704612306 23
1704612370 26
1704612434 26
1704612498 37
1704612562 42
1704612626 26
1704612690 3



# Sketch: 14
1704612114 38
1704612178 40
1704612242 50
1704612306 48
1704612370 47
1704612434 51
1704612498 30
1704612562 51
1704612626 36
1704612690 28



# Sketch: 15
1704612114 26
1704612178 26
1704612242 37
1704612306 16
1704612370 22
1704612434 47
1704612498 25
1704612562 36
1704612626 42
1704612690 11



# Sketch: 16
1704612114 21
1704612178 45
1704612242 52
1704612306 28
1704612370 18
1704612434 20
1704612498 38
1704612562 22
1704612626 26
1704612690 16



# Sketch: 17
1704612114 36
1704612178 20
1704612242 29
1704612306 33
1704612370 20
1704612434 30
1704612498 46
1704612562 49
1704612626 46
1704612690 3



# Sketch: 18
1704612114 33
1704612178 29
1704612242 37
1704612306 36
1704612370 34
1704612434 32
1704612498 42
1704612562 35
1704612626 41
1704612690 61



# Sketch: 19
1704612114 38
1704612178 33
1704612242 57
1704612306 27
1704612370 26
1704612434 25
1704612498 25
1704612562 42
1704612626 79
1704612690 8



# Sketch: 20
1704612114 25
1704612178 53
1704612242 28
1704612306 42
1704612370 25
1704612434 36
1704612498 29
1704612562 45
1704612626 35
1704612690 15



# Sketch: 21
1704612114 23
1704612178 36
1704612242 41
1704612306 15
1704612370 17
1704612434 23
1704612498 27
1704612562 54
1704612626 17
1704612690 4



# Sketch: 22
1704612114 47
1704612178 42
1704612242 42
1704612306 61
1704612370 41
1704612434 35
1704612498 41
1704612562 58
1704612626 57
1704612690 8



# Sketch: 23
1704612114 37
1704612178 22
1704612242 45
1704612306 30
1704612370 17
1704612434 29
1704612498 44
1704612562 60
1704612626 33
1704612690 8



# Sketch: 24
1704612114 39
1704612178 10
1704612242 24
1704612306 32
1704612370 42
1704612434 41
1704612498 32
1704612562 31
1704612626 22
1704612690 13



# Sketch: 25
1704612114 45
1704612178 67
1704612242 51
1704612306 56
1704612370 66
1704612434 68
1704612498 49
1704612562 56
1704612626 47
1704612690 20



# Sketch: 26
1704612114 26
1704612178 27
1704612242 64
1704612306 25
1704612370 26
1704612434 23
1704612498 31
1704612562 43
1704612626 27
1704612690 6



# Sketch: 27
1704612114 116
1704612178 27
1704612242 35
1704612306 17
1704612370 29
1704612434 24
1704612498 28
1704612562 36
1704612626 31
1704612690 4



# Sketch: 28
1704612114 18
1704612178 24
1704612242 44
1704612306 33
1704612370 22
1704612434 38
1704612498 37
1704612562 24
1704612626 35
1704612690 10



# Sketch: 29
1704612114 27
1704612178 24
1704612242 39
1704612306 58
1704612370 46
1704612434 19
1704612498 26
1704612562 38
1704612626 49
1704612690 10



# Sketch: 30
1704612114 23
1704612178 43
1704612242 47
1704612306 38
1704612370 27
1704612434 25
1704612498 33
1704612562 30
1704612626 34
1704612690 2



# Sketch: 31
1704612114 20
1704612178 22
1704612242 42
1704612306 33
1704612370 23
1704612434 28
1704612498 25
1704612562 31
1704612626 21
1704612690 5

