

# Sketch: 0
1704612114 15
1704612146 35
1704612178 8
1704612210 23
1704612242 18
1704612274 22
1704612306 7
1704612338 21
1704612370 9
1704612402 6
1704612434 12
1704612466 15
1704612498 29
1704612530 17
1704612562 38
1704612594 17
1704612626 26
1704612658 17
1704612690 14



# Sketch: 1
1704612114 27
1704612146 8
1704612178 17
1704612210 15
1704612242 12
1704612274 7
1704612306 11
1704612338 11
1704612370 12
1704612402 13
1704612434 9
1704612466 16
1704612498 22
1704612530 15
1704612562 10
1704612594 18
1704612626 19
1704612658 16
1704612690 12



# Sketch: 2
1704612114 14
1704612146 12
1704612178 11
1704612210 14
1704612242 28
1704612274 15
1704612306 14
1704612338 19
1704612370 22
1704612402 15
1704612434 8
1704612466 33
1704612498 14
1704612530 16
1704612562 16
1704612594 13
1704612626 22
1704612658 13
1704612690 3



# Sketch: 3
1704612114 29
1704612146 12
1704612178 31
1704612210 15
1704612242 46
1704612274 24
1704612306 34
1704612338 15
1704612370 18
1704612402 15
1704612434 20
1704612466 15
1704612498 22
1704612530 22
1704612562 22
1704612594 24
1704612626 13
1704612658 21
1704612690 5



# Sketch: 4
1704612114 10
1704612146 18
1704612178 25
1704612210 30
1704612242 20
1704612274 14
1704612306 18
1704612338 19
1704612370 22
1704612402 21
1704612434 15
1704612466 22
1704612498 18
1704612530 10
1704612562 26
1704612594 16
1704612626 14
1704612658 10
1704612690 5



# Sketch: 5
1704612114 13
1704612146 18
1704612178 22
1704612210 16
1704612242 31
1704612274 23
1704612306 7
1704612338 28
1704612370 24
1704612402 19
1704612434 19
1704612466 22
1704612498 22
1704612530 11
1704612562 16
1704612594 16
1704612626 18
1704612658 10
1704612690 65



# Sketch: 6
1704612114 25
1704612146 17
1704612178 14
1704612210 30
1704612242 14
1704612274 3
1704612306 20
1704612338 17
1704612370 31
1704612402 11
1704612434 23
1704612466 13
1704612498 9
1704612530 15
1704612562 7
1704612594 12
1704612626 31
1704612658 12
1704612690 7



# Sketch: 7
1704612114 17
1704612146 9
1704612178 12
1704612210 13
1704612242 29
1704612274 54
1704612306 10
1704612338 28
1704612370 13
1704612402 7
1704612434 21
1704612466 21
1704612498 32
1704612530 13
1704612562 16
1704612594 18
1704612626 20
1704612658 12
1704612690 14



# Sketch: 8
1704612114 3
1704612146 14
1704612178 12
1704612210 8
1704612242 8
1704612274 9
1704612306 22
1704612338 18
1704612370 6
1704612402 9
1704612434 8
1704612466 14
1704612498 13
1704612530 8
1704612562 20
1704612594 19
1704612626 17
1704612658 11
1704612690 16



# Sketch: 9
1704612114 22
1704612146 15
1704612178 5
1704612210 19
1704612242 38
1704612274 10
1704612306 28
1704612338 18
1704612370 12
1704612402 18
1704612434 15
1704612466 19
1704612498 19
1704612530 18
1704612562 28
1704612594 24
1704612626 34
1704612658 12
1704612690 10



# Sketch: 10
1704612114 11
1704612146 13
1704612178 18
1704612210 12
1704612242 10
1704612274 17
1704612306 6
1704612338 8
1704612370 30
1704612402 19
1704612434 8
1704612466 13
1704612498 11
1704612530 32
1704612562 20
1704612594 9
1704612626 21
1704612658 25
1704612690 6



# Sketch: 11
1704612114 20
1704612146 23
1704612178 28
1704612210 28
1704612242 35
1704612274 9
1704612306 18
1704612338 24
1704612370 13
1704612402 15
1704612434 10
1704612466 17
1704612498 22
1704612530 22
1704612562 22
1704612594 19
1704612626 26
1704612658 21
1704612690 10



# Sketch: 12
1704612114 9
1704612146 24
1704612178 19
1704612210 14
1704612242 14
1704612274 27
1704612306 18
1704612338 17
1704612370 11
1704612402 13
1704612434 17
1704612466 26
1704612498 26
1704612530 21
1704612562 38
1704612594 25
1704612626 15
1704612658 22
1704612690 13



# Sketch: 13
1704612114 17
1704612146 8
1704612178 15
1704612210 14
1704612242 15
1704612274 18
1704612306 18
1704612338 13
1704612370 14
1704612402 25
1704612434 27
1704612466 11
1704612498 8
1704612530 13
1704612562 8
1704612594 18
1704612626 16
1704612658 12
1704612690 18



# Sketch: 14
1704612114 21
1704612146 12
1704612178 19
1704612210 17
1704612242 28
1704612274 20
1704612306 15
1704612338 16
1704612370 18
1704612402 10
1704612434 12
1704612466 23
1704612498 33
1704612530 21
1704612562 28
1704612594 21
1704612626 22
1704612658 21
1704612690 7



# Sketch: 15
1704612114 9
1704612146 17
1704612178 5
1704612210 8
1704612242 19
1704612274 17
1704612306 7
1704612338 21
1704612370 20
1704612402 9
1704612434 18
1704612466 15
1704612498 11
1704612530 18
1704612562 14
1704612594 6
1704612626 15
1704612658 6
1704612690 6



# Sketch: 16
1704612114 18
1704612146 4
1704612178 13
1704612210 13
1704612242 28
1704612274 19
1704612306 32
1704612338 13
1704612370 20
1704612402 17
1704612434 25
1704612466 15
1704612498 18
1704612530 24
1704612562 15
1704612594 57
1704612626 22
1704612658 17
1704612690 6



# Sketch: 17
1704612114 24
1704612146 18
1704612178 18
1704612210 20
1704612242 30
1704612274 24
1704612306 12
1704612338 15
1704612370 11
1704612402 9
1704612434 16
1704612466 11
1704612498 14
1704612530 16
1704612562 18
1704612594 24
1704612626 14
1704612658 14
1704612690 8



# Sketch: 18
1704612114 9
1704612146 8
1704612178 22
1704612210 13
1704612242 29
1704612274 22
1704612306 16
1704612338 5
1704612370 5
1704612402 10
1704612434 14
1704612466 19
1704612498 13
1704612530 6
1704612562 16
1704612594 13
1704612626 27
1704612658 17
1704612690 9



# Sketch: 19
1704612114 14
1704612146 15
1704612178 19
1704612210 10
1704612242 42
1704612274 16
1704612306 18
1704612338 11
1704612370 18
1704612402 18
1704612434 14
1704612466 11
1704612498 24
1704612530 15
1704612562 14
1704612594 29
1704612626 16
1704612658 20
1704612690 11



# Sketch: 20
1704612114 18
1704612146 30
1704612178 18
1704612210 11
1704612242 29
1704612274 16
1704612306 20
1704612338 15
1704612370 14
1704612402 8
1704612434 16
1704612466 18
1704612498 11
1704612530 6
1704612562 14
1704612594 19
1704612626 18
1704612658 13
1704612690 11



# Sketch: 21
1704612114 14
1704612146 12
1704612178 11
1704612210 2
1704612242 9
1704612274 5
1704612306 13
1704612338 13
1704612370 12
1704612402 6
1704612434 12
1704612466 10
1704612498 12
1704612530 11
1704612562 12
1704612594 6
1704612626 22
1704612658 11
1704612690 7



# Sketch: 22
1704612114 10
1704612146 13
1704612178 19
1704612210 17
1704612242 17
1704612274 11
1704612306 13
1704612338 13
1704612370 19
1704612402 9
1704612434 11
1704612466 9
1704612498 16
1704612530 9
1704612562 18
1704612594 30
1704612626 12
1704612658 28
1704612690 16



# Sketch: 23
1704612114 8
1704612146 16
1704612178 10
1704612210 6
1704612242 18
1704612274 13
1704612306 8
1704612338 18
1704612370 23
1704612402 14
1704612434 11
1704612466 15
1704612498 13
1704612530 12
1704612562 23
1704612594 19
1704612626 9
1704612658 16
1704612690 12



# Sketch: 24
1704612114 12
1704612146 13
1704612178 13
1704612210 9
1704612242 21
1704612274 9
1704612306 17
1704612338 8
1704612370 18
1704612402 10
1704612434 20
1704612466 8
1704612498 12
1704612530 8
1704612562 27
1704612594 21
1704612626 10
1704612658 16
1704612690 6



# Sketch: 25
1704612114 13
1704612146 24
1704612178 15
1704612210 9
1704612242 23
1704612274 12
1704612306 16
1704612338 11
1704612370 14
1704612402 9
1704612434 13
1704612466 15
1704612498 13
1704612530 13
1704612562 14
1704612594 21
1704612626 46
1704612658 13
1704612690 9



# Sketch: 26
1704612114 103
1704612146 9
1704612178 9
1704612210 16
1704612242 19
1704612274 21
1704612306 11
1704612338 21
1704612370 22
1704612402 14
1704612434 8
1704612466 16
1704612498 9
1704612530 11
1704612562 20
1704612594 20
1704612626 23
1704612658 17
1704612690 5



# Sketch: 27
1704612114 21
1704612146 19
1704612178 17
1704612210 21
1704612242 51
1704612274 22
1704612306 8
1704612338 21
1704612370 34
1704612402 11
1704612434 9
1704612466 23
1704612498 21
1704612530 7
1704612562 19
1704612594 30
1704612626 14
1704612658 16
1704612690 5



# Sketch: 28
1704612114 12
1704612146 19
1704612178 15
1704612210 10
1704612242 24
1704612274 24
1704612306 24
1704612338 26
1704612370 17
1704612402 6
1704612434 30
1704612466 25
1704612498 14
1704612530 8
1704612562 20
1704612594 24
1704612626 16
1704612658 8
1704612690 8



# Sketch: 29
1704612114 9
1704612146 13
1704612178 25
1704612210 24
1704612242 14
1704612274 10
1704612306 41
1704612338 18
1704612370 17
1704612402 20
1704612434 18
1704612466 17
1704612498 15
1704612530 31
1704612562 28
1704612594 25
1704612626 14
1704612658 26
1704612690 31



# Sketch: 30
1704612114 15
1704612146 10
1704612178 32
1704612210 9
1704612242 22
1704612274 20
1704612306 14
1704612338 19
1704612370 9
1704612402 16
1704612434 18
1704612466 14
1704612498 9
1704612530 26
1704612562 12
1704612594 20
1704612626 13
1704612658 14
1704612690 7



# Sketch: 31
1704612114 19
1704612146 10
1704612178 19
1704612210 13
1704612242 18
1704612274 11
1704612306 22
1704612338 13
1704612370 31
1704612402 15
1704612434 31
1704612466 17
1704612498 28
1704612530 24
1704612562 21
1704612594 23
1704612626 36
1704612658 15
1704612690 14

