

# Sketch: 0
1704612714 27
1704612746 17
1704612778 19
1704612810 16
1704612842 28
1704612874 16
1704612906 23
1704612938 15
1704612970 23
1704613002 7
1704613034 15
1704613066 18
1704613098 22
1704613130 16
1704613162 19
1704613194 20
1704613226 21
1704613258 11
1704613290 6



# Sketch: 1
1704612714 9
1704612746 12
1704612778 16
1704612810 11
1704612842 14
1704612874 22
1704612906 19
1704612938 12
1704612970 12
1704613002 17
1704613034 13
1704613066 24
1704613098 18
1704613130 20
1704613162 17
1704613194 10
1704613226 13
1704613258 9
1704613290 16



# Sketch: 2
1704612714 13
1704612746 13
1704612778 24
1704612810 28
1704612842 15
1704612874 27
1704612906 26
1704612938 17
1704612970 16
1704613002 25
1704613034 15
1704613066 25
1704613098 34
1704613130 32
1704613162 14
1704613194 21
1704613226 89
1704613258 19
1704613290 23



# Sketch: 3
1704612714 13
1704612746 13
1704612778 12
1704612810 13
1704612842 11
1704612874 10
1704612906 13
1704612938 10
1704612970 15
1704613002 27
1704613034 12
1704613066 21
1704613098 15
1704613130 37
1704613162 32
1704613194 15
1704613226 13
1704613258 16
1704613290 14



# Sketch: 4
1704612714 6
1704612746 16
1704612778 20
1704612810 10
1704612842 9
1704612874 24
1704612906 17
1704612938 18
1704612970 15
1704613002 27
1704613034 10
1704613066 13
1704613098 12
1704613130 11
1704613162 19
1704613194 46
1704613226 15
1704613258 13
1704613290 11



# Sketch: 5
1704612714 14
1704612746 7
1704612778 14
1704612810 12
1704612842 15
1704612874 15
1704612906 8
1704612938 27
1704612970 22
1704613002 14
1704613034 20
1704613066 23
1704613098 9
1704613130 6
1704613162 13
1704613194 11
1704613226 7
1704613258 8
1704613290 5



# Sketch: 6
1704612714 14
1704612746 8
1704612778 9
1704612810 14
1704612842 9
1704612874 14
1704612906 16
1704612938 14
1704612970 24
1704613002 11
1704613034 15
1704613066 22
1704613098 9
1704613130 19
1704613162 11
1704613194 13
1704613226 28
1704613258 12
1704613290 10



# Sketch: 7
1704612714 17
1704612746 29
1704612778 6
1704612810 17
1704612842 19
1704612874 18
1704612906 12
1704612938 15
1704612970 51
1704613002 17
1704613034 18
1704613066 19
1704613098 10
1704613130 11
1704613162 25
1704613194 23
1704613226 9
1704613258 11
1704613290 7



# Sketch: 8
1704612714 16
1704612746 20
1704612778 6
1704612810 11
1704612842 10
1704612874 18
1704612906 16
1704612938 8
1704612970 34
1704613002 8
1704613034 14
1704613066 15
1704613098 11
1704613130 23
1704613162 8
1704613194 8
1704613226 18
1704613258 11
1704613290 7



# Sketch: 9
1704612714 8
1704612746 11
1704612778 18
1704612810 16
1704612842 16
1704612874 12
1704612906 7
1704612938 18
1704612970 27
1704613002 38
1704613034 19
1704613066 20
1704613098 12
1704613130 13
1704613162 9
1704613194 14
1704613226 19
1704613258 15
1704613290 14



# Sketch: 10
1704612714 15
1704612746 9
1704612778 26
1704612810 35
1704612842 17
1704612874 30
1704612906 32
1704612938 13
1704612970 18
1704613002 41
1704613034 38
1704613066 25
1704613098 20
1704613130 40
1704613162 20
1704613194 31
1704613226 14
1704613258 23
1704613290 17



# Sketch: 11
1704612714 19
1704612746 14
1704612778 13
1704612810 13
1704612842 22
1704612874 9
1704612906 11
1704612938 15
1704612970 16
1704613002 19
1704613034 20
1704613066 17
1704613098 21
1704613130 25
1704613162 21
1704613194 25
1704613226 6
1704613258 7
1704613290 31



# Sketch: 12
1704612714 10
1704612746 8
1704612778 10
1704612810 10
1704612842 15
1704612874 8
1704612906 16
1704612938 17
1704612970 25
1704613002 3
1704613034 14
1704613066 18
1704613098 11
1704613130 22
1704613162 7
1704613194 12
1704613226 42
1704613258 17
1704613290 7



# Sketch: 13
1704612714 14
1704612746 14
1704612778 9
1704612810 8
1704612842 9
1704612874 21
1704612906 13
1704612938 11
1704612970 22
1704613002 21
1704613034 9
1704613066 17
1704613098 18
1704613130 13
1704613162 14
1704613194 52
1704613226 28
1704613258 30
1704613290 11



# Sketch: 14
1704612714 17
1704612746 21
1704612778 13
1704612810 22
1704612842 28
1704612874 37
1704612906 22
1704612938 18
1704612970 20
1704613002 14
1704613034 15
1704613066 17
1704613098 11
1704613130 34
1704613162 12
1704613194 21
1704613226 12
1704613258 16
1704613290 10



# Sketch: 15
1704612714 18
1704612746 7
1704612778 5
1704612810 25
1704612842 22
1704612874 26
1704612906 23
1704612938 9
1704612970 9
1704613002 25
1704613034 12
1704613066 15
1704613098 19
1704613130 17
1704613162 16
1704613194 23
1704613226 9
1704613258 2
1704613290 13



# Sketch: 16
1704612714 15
1704612746 13
1704612778 5
1704612810 3
1704612842 33
1704612874 14
1704612906 14
1704612938 9
1704612970 22
1704613002 9
1704613034 11
1704613066 14
1704613098 14
1704613130 19
1704613162 11
1704613194 15
1704613226 19
1704613258 26
1704613290 8



# Sketch: 17
1704612714 34
1704612746 24
1704612778 16
1704612810 9
1704612842 17
1704612874 9
1704612906 8
1704612938 12
1704612970 14
1704613002 11
1704613034 16
1704613066 16
1704613098 7
1704613130 19
1704613162 11
1704613194 15
1704613226 12
1704613258 30
1704613290 23



# Sketch: 18
1704612714 21
1704612746 23
1704612778 23
1704612810 20
1704612842 10
1704612874 25
1704612906 10
1704612938 14
1704612970 17
1704613002 13
1704613034 14
1704613066 15
1704613098 17
1704613130 37
1704613162 7
1704613194 22
1704613226 10
1704613258 9
1704613290 15



# Sketch: 19
1704612714 12
1704612746 16
1704612778 12
1704612810 8
1704612842 15
1704612874 9
1704612906 22
1704612938 40
1704612970 19
1704613002 27
1704613034 16
1704613066 19
1704613098 6
1704613130 24
1704613162 8
1704613194 18
1704613226 9
1704613258 18
1704613290 19



# Sketch: 20
1704612714 13
1704612746 11
1704612778 9
1704612810 16
1704612842 19
1704612874 21
1704612906 27
1704612938 8
1704612970 19
1704613002 14
1704613034 15
1704613066 16
1704613098 16
1704613130 17
1704613162 23
1704613194 14
1704613226 12
1704613258 23
1704613290 21



# Sketch: 21
1704612714 15
1704612746 14
1704612778 20
1704612810 22
1704612842 13
1704612874 35
1704612906 7
1704612938 19
1704612970 15
1704613002 10
1704613034 14
1704613066 29
1704613098 27
1704613130 20
1704613162 16
1704613194 14
1704613226 27
1704613258 13
1704613290 10



# Sketch: 22
1704612714 21
1704612746 15
1704612778 14
1704612810 21
1704612842 23
1704612874 20
1704612906 17
1704612938 26
1704612970 17
1704613002 24
1704613034 12
1704613066 23
1704613098 31
1704613130 23
1704613162 14
1704613194 25
1704613226 158
1704613258 10
1704613290 22



# Sketch: 23
1704612714 13
1704612746 12
1704612778 31
1704612810 13
1704612842 16
1704612874 17
1704612906 11
1704612938 14
1704612970 23
1704613002 25
1704613034 11
1704613066 27
1704613098 15
1704613130 14
1704613162 17
1704613194 15
1704613226 29
1704613258 15
1704613290 10



# Sketch: 24
1704612714 33
1704612746 44
1704612778 19
1704612810 20
1704612842 23
1704612874 36
1704612906 23
1704612938 23
1704612970 23
1704613002 20
1704613034 21
1704613066 29
1704613098 17
1704613130 41
1704613162 23
1704613194 38
1704613226 50
1704613258 15
1704613290 17



# Sketch: 25
1704612714 21
1704612746 17
1704612778 34
1704612810 16
1704612842 25
1704612874 27
1704612906 11
1704612938 19
1704612970 19
1704613002 24
1704613034 12
1704613066 17
1704613098 18
1704613130 16
1704613162 14
1704613194 18
1704613226 17
1704613258 15
1704613290 15



# Sketch: 26
1704612714 14
1704612746 16
1704612778 9
1704612810 18
1704612842 29
1704612874 24
1704612906 22
1704612938 18
1704612970 28
1704613002 16
1704613034 25
1704613066 30
1704613098 39
1704613130 14
1704613162 18
1704613194 29
1704613226 35
1704613258 28
1704613290 20



# Sketch: 27
1704612714 21
1704612746 22
1704612778 20
1704612810 17
1704612842 19
1704612874 16
1704612906 18
1704612938 12
1704612970 10
1704613002 9
1704613034 7
1704613066 11
1704613098 19
1704613130 18
1704613162 10
1704613194 19
1704613226 12
1704613258 17
1704613290 11



# Sketch: 28
1704612714 12
1704612746 14
1704612778 7
1704612810 10
1704612842 19
1704612874 5
1704612906 7
1704612938 7
1704612970 5
1704613002 9
1704613034 20
1704613066 13
1704613098 7
1704613130 16
1704613162 7
1704613194 14
1704613226 18
1704613258 10
1704613290 12



# Sketch: 29
1704612714 9
1704612746 5
1704612778 13
1704612810 22
1704612842 17
1704612874 11
1704612906 9
1704612938 16
1704612970 21
1704613002 7
1704613034 19
1704613066 13
1704613098 14
1704613130 10
1704613162 17
1704613194 21
1704613226 39
1704613258 8
1704613290 18



# Sketch: 30
1704612714 16
1704612746 21
1704612778 24
1704612810 10
1704612842 15
1704612874 18
1704612906 8
1704612938 17
1704612970 23
1704613002 23
1704613034 12
1704613066 17
1704613098 30
1704613130 20
1704613162 23
1704613194 12
1704613226 34
1704613258 16
1704613290 20



# Sketch: 31
1704612714 15
1704612746 9
1704612778 6
1704612810 11
1704612842 16
1704612874 16
1704612906 11
1704612938 14
1704612970 13
1704613002 13
1704613034 6
1704613066 16
1704613098 13
1704613130 8
1704613162 9
1704613194 8
1704613226 5
1704613258 15
1704613290 17

