

# Sketch: 0
1704612714 34
1704612778 29
1704612842 67
1704612906 50
1704612970 26
1704613034 42
1704613098 26
1704613162 35
1704613226 30
1704613290 5



# Sketch: 1
1704612714 30
1704612778 29
1704612842 30
1704612906 23
1704612970 27
1704613034 21
1704613098 22
1704613162 28
1704613226 28
1704613290 12



# Sketch: 2
1704612714 20
1704612778 17
1704612842 11
1704612906 26
1704612970 31
1704613034 34
1704613098 29
1704613162 36
1704613226 23
1704613290 20



# Sketch: 3
1704612714 24
1704612778 26
1704612842 17
1704612906 18
1704612970 19
1704613034 24
1704613098 57
1704613162 23
1704613226 48
1704613290 8



# Sketch: 4
1704612714 52
1704612778 24
1704612842 35
1704612906 33
1704612970 32
1704613034 39
1704613098 31
1704613162 30
1704613226 43
1704613290 16



# Sketch: 5
1704612714 26
1704612778 19
1704612842 33
1704612906 54
1704612970 28
1704613034 31
1704613098 27
1704613162 36
1704613226 18
1704613290 9



# Sketch: 6
1704612714 30
1704612778 23
1704612842 57
1704612906 37
1704612970 35
1704613034 37
1704613098 67
1704613162 24
1704613226 232
1704613290 10



# Sketch: 7
1704612714 30
1704612778 26
1704612842 52
1704612906 33
1704612970 55
1704613034 37
1704613098 45
1704613162 41
1704613226 36
1704613290 22



# Sketch: 8
1704612714 39
1704612778 33
1704612842 36
1704612906 39
1704612970 56
1704613034 43
1704613098 52
1704613162 39
1704613226 26
1704613290 29



# Sketch: 9
1704612714 32
1704612778 33
1704612842 36
1704612906 35
1704612970 30
1704613034 30
1704613098 28
1704613162 17
1704613226 24
1704613290 9



# Sketch: 10
1704612714 41
1704612778 31
1704612842 31
1704612906 31
1704612970 43
1704613034 36
1704613098 57
1704613162 64
1704613226 84
1704613290 38



# Sketch: 11
1704612714 26
1704612778 13
1704612842 39
1704612906 41
1704612970 45
1704613034 23
1704613098 26
1704613162 18
1704613226 26
1704613290 21



# Sketch: 12
1704612714 55
1704612778 29
1704612842 38
1704612906 36
1704612970 52
1704613034 29
1704613098 30
1704613162 24
1704613226 49
1704613290 4



# Sketch: 13
1704612714 30
1704612778 45
1704612842 51
1704612906 43
1704612970 45
1704613034 53
1704613098 33
1704613162 43
1704613226 31
1704613290 8



# Sketch: 14
1704612714 30
1704612778 63
1704612842 53
1704612906 58
1704612970 54
1704613034 62
1704613098 39
1704613162 77
1704613226 53
1704613290 17



# Sketch: 15
1704612714 28
1704612778 35
1704612842 42
1704612906 26
1704612970 32
1704613034 46
1704613098 39
1704613162 22
1704613226 26
1704613290 23



# Sketch: 16
1704612714 32
1704612778 21
1704612842 48
1704612906 19
1704612970 42
1704613034 42
1704613098 64
1704613162 40
1704613226 30
1704613290 9



# Sketch: 17
1704612714 23
1704612778 30
1704612842 35
1704612906 16
1704612970 28
1704613034 31
1704613098 55
1704613162 18
1704613226 35
1704613290 11



# Sketch: 18
1704612714 20
1704612778 45
1704612842 29
1704612906 30
1704612970 59
1704613034 36
1704613098 27
1704613162 28
1704613226 18
1704613290 13



# Sketch: 19
1704612714 25
1704612778 22
1704612842 29
1704612906 28
1704612970 37
1704613034 48
1704613098 36
1704613162 54
1704613226 55
1704613290 10



# Sketch: 20
1704612714 38
1704612778 29
1704612842 36
1704612906 14
1704612970 16
1704613034 27
1704613098 31
1704613162 27
1704613226 7
1704613290 12



# Sketch: 21
1704612714 38
1704612778 33
1704612842 50
1704612906 33
1704612970 41
1704613034 36
1704613098 40
1704613162 44
1704613226 83
1704613290 5



# Sketch: 22
1704612714 10
1704612778 24
1704612842 17
1704612906 24
1704612970 29
1704613034 20
1704613098 25
1704613162 30
1704613226 22
1704613290 7



# Sketch: 23
1704612714 27
1704612778 33
1704612842 25
1704612906 34
1704612970 35
1704613034 26
1704613098 21
1704613162 39
1704613226 23
1704613290 13



# Sketch: 24
1704612714 23
1704612778 35
1704612842 25
1704612906 19
1704612970 29
1704613034 33
1704613098 35
1704613162 47
1704613226 37
1704613290 16



# Sketch: 25
1704612714 28
1704612778 29
1704612842 27
1704612906 19
1704612970 45
1704613034 14
1704613098 47
1704613162 34
1704613226 30
1704613290 19



# Sketch: 26
1704612714 38
1704612778 35
1704612842 48
1704612906 40
1704612970 30
1704613034 39
1704613098 34
1704613162 30
1704613226 39
1704613290 11



# Sketch: 27
1704612714 32
1704612778 22
1704612842 31
1704612906 27
1704612970 41
1704613034 34
1704613098 38
1704613162 33
1704613226 22
1704613290 18



# Sketch: 28
1704612714 29
1704612778 41
1704612842 42
1704612906 17
1704612970 17
1704613034 29
1704613098 30
1704613162 37
1704613226 24
1704613290 15



# Sketch: 29
1704612714 31
1704612778 22
1704612842 38
1704612906 26
1704612970 42
1704613034 26
1704613098 25
1704613162 39
1704613226 30
1704613290 19



# Sketch: 30
1704612714 23
1704612778 27
1704612842 26
1704612906 26
1704612970 42
1704613034 35
1704613098 33
1704613162 19
1704613226 28
1704613290 9



# Sketch: 31
1704612714 66
1704612778 56
1704612842 44
1704612906 49
1704612970 62
1704613034 41
1704613098 48
1704613162 51
1704613226 57
1704613290 22

