

# Sketch: 0
0 1.00855
1 0.818684
2 0.36893
3 0.128424
4 0.0148883
5 0.479996
6 0.581988
7 0.42968



# Sketch: 1
0 1.01878
1 0.917253
2 0.961579
3 0.915738
4 1.04037
5 0.935064
6 0.851471
7 0.707942



# Sketch: 2
0 0.578954
1 0.494314
2 0.48725
3 0.507468
4 0.266424
5 0.434786
6 0.411976
7 0.565097



# Sketch: 3
0 1.34864
1 1.62795
2 1.51026
3 1.49013
4 1.58953
5 1.58333
6 1.44431
7 0.923098



# Sketch: 4
0 0.60203
1 0.590031
2 0.450944
3 0.765807
4 0.517355
5 0.886618
6 0.352394
7 2.44114



# Sketch: 5
0 0.748601
1 0.623929
2 0.865444
3 0.85733
4 0.54581
5 0.333067
6 0.621949
7 0.64317



# Sketch: 6
0 0.44857
1 0.513306
2 0.634298
3 0.655053
4 0.810929
5 0.753381
6 0.526687
7 0.380783



# Sketch: 7
0 0.319234
1 0.471471
2 0.456828
3 0.646581
4 0.727948
5 0.687009
6 0.430404
7 0.340495



# Sketch: 8
0 0.843626
1 0.61462
2 0.468045
3 0.435808
4 0.430815
5 0.401391
6 0.441783
7 0.641527



# Sketch: 9
0 0.211976
1 0.0694253
2 0.0798496
3 0.245366
4 0.431506
5 0.636496
6 0.531048
7 0.294917



# Sketch: 10
0 0.83979
1 0.723459
2 0.469369
3 0.385115
4 0.315708
5 0.339234
6 0.600908
7 0.617377



# Sketch: 11
0 1.50858
1 1.30793
2 0.698366
3 0.552711
4 0.326401
5 0.128569
6 0.140766
7 0.386584



# Sketch: 12
0 1.21474
1 0.695847
2 0.589165
3 0.521593
4 0.512251
5 0.461302
6 0.356984
7 0.569494



# Sketch: 13
0 1.1747
1 1.07233
2 1.04357
3 0.930581
4 0.696085
5 0.592853
6 1.28732
7 0.77374



# Sketch: 14
0 0.501532
1 0.391278
2 0.497238
3 0.29686
4 0.314605
5 0.553316
6 0.431358
7 0.604158



# Sketch: 15
0 0.57554
1 0.467677
2 0.24749
3 0.415589
4 0.408689
5 0.362032
6 0.444638
7 0.364615



# Sketch: 16
0 1.17966
1 1.60955
2 2.12015
3 2.34658
4 2.15527
5 2.78069
6 2.65672
7 1.75472



# Sketch: 17
0 0.809804
1 0.709092
2 0.588455
3 0.660505
4 0.403384
5 0.664937
6 0.674591
7 0.505674



# Sketch: 18
0 0.785726
1 0.65855
2 0.536348
3 0.481399
4 0.453338
5 0.479396
6 0.703234
7 0.679886



# Sketch: 19
0 0.328545
1 0.342232
2 0.300707
3 0.283341
4 0.466537
5 0.411208
6 0.317937
7 1.29957



# Sketch: 20
0 0.594517
1 0.273794
2 0.0864274
3 0.307158
4 0.407745
5 0.546667
6 0.18054
7 0.399397



# Sketch: 21
0 0.570948
1 0.54041
2 0.4039
3 0.704899
4 0.306584
5 0.860892
6 0.167861
7 0.274755



# Sketch: 22
0 1.32012
1 1.16438
2 0.838843
3 0.603633
4 0.580598
5 0.431385
6 0.235429
7 0.234091



# Sketch: 23
0 0.764287
1 0.693252
2 0.370637
3 0.37857
4 0.626083
5 2.0468
6 1.23171
7 0.582849



# Sketch: 24
0 1.43219
1 1.17282
2 1.41496
3 0.861336
4 0.825983
5 0.142171
6 0.35791
7 0.81447



# Sketch: 25
0 0.694659
1 0.691869
2 0.635316
3 0.683254
4 0.319638
5 0.338673
6 0.376319
7 0.618476



# Sketch: 26
0 0.35677
1 0.281238
2 0.297465
3 0.376581
4 0.685304
5 0.437558
6 0.572097
7 0.398612



# Sketch: 27
0 1.15526
1 0.977771
2 1.10918
3 1.29464
4 1.18167
5 1.13089
6 0.377299
7 0.415466



# Sketch: 28
0 0.517505
1 0.684311
2 0.608876
3 0.652781
4 0.927003
5 1.07507
6 1.04983
7 0.250237



# Sketch: 29
0 0.35741
1 0.211131
2 0.289073
3 0.32037
4 0.239353
5 0.313897
6 0.791857
7 0.479074



# Sketch: 30
0 1.10557
1 0.388746
2 0.153906
3 0.495695
4 0.546244
5 0.330227
6 1.80248
7 0.369326



# Sketch: 31
0 0.396204
1 0.288689
2 0.284196
3 0.277443
4 0.376578
5 0.606893
6 0.507507
7 0.483913

