

# Sketch: 0
1704612714 43
1704612842 59
1704612970 63
1704613098 62
1704613226 73



# Sketch: 1
1704612714 49
1704612842 72
1704612970 64
1704613098 45
1704613226 39



# Sketch: 2
1704612714 59
1704612842 56
1704612970 52
1704613098 64
1704613226 38



# Sketch: 3
1704612714 65
1704612842 83
1704612970 39
1704613098 57
1704613226 72



# Sketch: 4
1704612714 57
1704612842 105
1704612970 72
1704613098 102
1704613226 61



# Sketch: 5
1704612714 44
1704612842 61
1704612970 53
1704613098 74
1704613226 28



# Sketch: 6
1704612714 47
1704612842 73
1704612970 74
1704613098 42
1704613226 33



# Sketch: 7
1704612714 65
1704612842 85
1704612970 82
1704613098 88
1704613226 47



# Sketch: 8
1704612714 50
1704612842 67
1704612970 77
1704613098 56
1704613226 37



# Sketch: 9
1704612714 40
1704612842 79
1704612970 102
1704613098 82
1704613226 51



# Sketch: 10
1704612714 76
1704612842 74
1704612970 82
1704613098 75
1704613226 39



# Sketch: 11
1704612714 49
1704612842 53
1704612970 66
1704613098 65
1704613226 36



# Sketch: 12
1704612714 83
1704612842 63
1704612970 73
1704613098 80
1704613226 115



# Sketch: 13
1704612714 91
1704612842 67
1704612970 96
1704613098 69
1704613226 114



# Sketch: 14
1704612714 53
1704612842 72
1704612970 60
1704613098 112
1704613226 114



# Sketch: 15
1704612714 79
1704612842 98
1704612970 82
1704613098 124
1704613226 55



# Sketch: 16
1704612714 46
1704612842 49
1704612970 55
1704613098 71
1704613226 42



# Sketch: 17
1704612714 48
1704612842 60
1704612970 63
1704613098 50
1704613226 34



# Sketch: 18
1704612714 79
1704612842 55
1704612970 86
1704613098 54
1704613226 31



# Sketch: 19
1704612714 80
1704612842 86
1704612970 53
1704613098 64
1704613226 41



# Sketch: 20
1704612714 70
1704612842 61
1704612970 89
1704613098 68
1704613226 34



# Sketch: 21
1704612714 78
1704612842 59
1704612970 59
1704613098 60
1704613226 46



# Sketch: 22
1704612714 82
1704612842 88
1704612970 72
1704613098 121
1704613226 95



# Sketch: 23
1704612714 64
1704612842 44
1704612970 51
1704613098 33
1704613226 56



# Sketch: 24
1704612714 75
1704612842 58
1704612970 114
1704613098 71
1704613226 48



# Sketch: 25
1704612714 65
1704612842 48
1704612970 64
1704613098 72
1704613226 34



# Sketch: 26
1704612714 83
1704612842 80
1704612970 75
1704613098 81
1704613226 71



# Sketch: 27
1704612714 85
1704612842 65
1704612970 79
1704613098 101
1704613226 98



# Sketch: 28
1704612714 50
1704612842 77
1704612970 49
1704613098 73
1704613226 59



# Sketch: 29
1704612714 38
1704612842 62
1704612970 84
1704613098 67
1704613226 46



# Sketch: 30
1704612714 50
1704612842 49
1704612970 87
1704613098 60
1704613226 39



# Sketch: 31
1704612714 46
1704612842 74
1704612970 92
1704613098 81
1704613226 51

