

# Sketch: 0
1704613314 42
1704613442 81
1704613570 62
1704613698 46
1704613826 42



# Sketch: 1
1704613314 89
1704613442 84
1704613570 72
1704613698 98
1704613826 65



# Sketch: 2
1704613314 63
1704613442 65
1704613570 64
1704613698 66
1704613826 42



# Sketch: 3
1704613314 116
1704613442 133
1704613570 93
1704613698 60
1704613826 54



# Sketch: 4
1704613314 59
1704613442 85
1704613570 49
1704613698 88
1704613826 66



# Sketch: 5
1704613314 54
1704613442 62
1704613570 98
1704613698 66
1704613826 49



# Sketch: 6
1704613314 60
1704613442 91
1704613570 56
1704613698 65
1704613826 37



# Sketch: 7
1704613314 37
1704613442 50
1704613570 65
1704613698 53
1704613826 23



# Sketch: 8
1704613314 48
1704613442 44
1704613570 42
1704613698 60
1704613826 28



# Sketch: 9
1704613314 64
1704613442 76
1704613570 70
1704613698 102
1704613826 31



# Sketch: 10
1704613314 67
1704613442 81
1704613570 88
1704613698 77
1704613826 55



# Sketch: 11
1704613314 59
1704613442 48
1704613570 71
1704613698 61
1704613826 43



# Sketch: 12
1704613314 69
1704613442 79
1704613570 98
1704613698 81
1704613826 55



# Sketch: 13
1704613314 74
1704613442 133
1704613570 93
1704613698 92
1704613826 61



# Sketch: 14
1704613314 63
1704613442 83
1704613570 60
1704613698 56
1704613826 31



# Sketch: 15
1704613314 93
1704613442 107
1704613570 107
1704613698 97
1704613826 69



# Sketch: 16
1704613314 76
1704613442 85
1704613570 78
1704613698 83
1704613826 56



# Sketch: 17
1704613314 62
1704613442 73
1704613570 74
1704613698 79
1704613826 48



# Sketch: 18
1704613314 71
1704613442 85
1704613570 82
1704613698 70
1704613826 59



# Sketch: 19
1704613314 122
1704613442 75
1704613570 58
1704613698 50
1704613826 48



# Sketch: 20
1704613314 140
1704613442 126
1704613570 185
1704613698 113
1704613826 69



# Sketch: 21
1704613314 79
1704613442 63
1704613570 61
1704613698 60
1704613826 41



# Sketch: 22
1704613314 79
1704613442 82
1704613570 53
1704613698 73
1704613826 38



# Sketch: 23
1704613314 81
1704613442 61
1704613570 75
1704613698 62
1704613826 41



# Sketch: 24
1704613314 66
1704613442 69
1704613570 67
1704613698 84
1704613826 34



# Sketch: 25
1704613314 74
1704613442 93
1704613570 69
1704613698 61
1704613826 62



# Sketch: 26
1704613314 59
1704613442 68
1704613570 76
1704613698 70
1704613826 28



# Sketch: 27
1704613314 55
1704613442 84
1704613570 68
1704613698 53
1704613826 43



# Sketch: 28
1704613314 46
1704613442 67
1704613570 76
1704613698 62
1704613826 32



# Sketch: 29
1704613314 64
1704613442 55
1704613570 81
1704613698 72
1704613826 51



# Sketch: 30
1704613314 89
1704613442 104
1704613570 64
1704613698 71
1704613826 56



# Sketch: 31
1704613314 59
1704613442 58
1704613570 89
1704613698 75
1704613826 49

