

# Sketch: 0
0 2.85338
1 1.9239
2 1.08769
3 0.828258
4 0.673074
5 0.665915
6 0.866144
7 1.06403



# Sketch: 1
0 0.77547
1 0.688033
2 0.465593
3 0.477081
4 0.264429
5 0.404643
6 0.363276
7 0.57049



# Sketch: 2
0 0.774481
1 0.686365
2 0.38753
3 0.429218
4 0.412344
5 2.91417
6 1.41094
7 1.10677



# Sketch: 3
0 1.64242
1 1.33725
2 1.14301
3 0.997196
4 0.794406
5 0.608253
6 0.883273
7 0.519391



# Sketch: 4
0 0.26424
1 0.867221
2 1.5914
3 1.94986
4 2.60359
5 3.37909
6 3.20885
7 4.01897



# Sketch: 5
0 0.282408
1 0.278693
2 0.292063
3 0.234377
4 0.473476
5 0.664567
6 0.690647
7 0.604734



# Sketch: 6
0 0.676739
1 0.567166
2 0.872808
3 1.17062
4 1.2601
5 0.474249
6 0.418506
7 0.578583



# Sketch: 7
0 0.925789
1 1.12555
2 0.866046
3 0.632305
4 0.946444
5 1.06848
6 0.658954
7 0.558394



# Sketch: 8
0 0.461691
1 0.463116
2 0.340601
3 0.375815
4 0.530294
5 0.567193
6 0.535673
7 0.412489



# Sketch: 9
0 0.767935
1 0.731284
2 0.578528
3 0.542086
4 0.463713
5 0.614682
6 0.644603
7 0.627984



# Sketch: 10
0 0.487874
1 0.160485
2 0.234912
3 0.4847
4 0.332476
5 0.767234
6 1.24251
7 0.493078



# Sketch: 11
0 0.886096
1 0.76496
2 0.467712
3 0.301367
4 0.2678
5 0.52118
6 0.391275
7 0.597027



# Sketch: 12
0 0.53826
1 0.590707
2 0.499746
3 0.311779
4 0.344859
5 0.693125
6 0.357759
7 0.467764



# Sketch: 13
0 0.258346
1 0.151286
2 0.126324
3 0.157064
4 0.168333
5 0.313886
6 0.501386
7 0.537058



# Sketch: 14
0 2.57661
1 2.25069
2 1.67779
3 1.20808
4 0.799593
5 0.843954
6 1.33163
7 1.3647



# Sketch: 15
0 0.985141
1 0.814078
2 0.469138
3 0.240185
4 0.0359143
5 0.424708
6 0.663153
7 0.733806



# Sketch: 16
0 0.294485
1 0.350891
2 0.335375
3 0.422687
4 0.546419
5 0.532714
6 0.561359
7 2.68941



# Sketch: 17
0 0.667709
1 0.7368
2 0.447957
3 0.18074
4 0.41296
5 0.62851
6 0.280871
7 0.578908



# Sketch: 18
0 1.23308
1 1.50479
2 0.711244
3 0.165575
4 0.413516
5 0.217305
6 0.156348
7 0.288841



# Sketch: 19
0 0.436575
1 0.403302
2 0.164913
3 0.19493
4 0.153154
5 0.334444
6 0.434574
7 0.437838



# Sketch: 20
0 1.24373
1 1.34117
2 1.03028
3 0.34355
4 0.184629
5 0.265362
6 0.40844
7 0.512715



# Sketch: 21
0 1.07813
1 0.886297
2 0.717435
3 0.625557
4 0.341583
5 0.558285
6 0.590026
7 0.534984



# Sketch: 22
0 1.40303
1 1.31603
2 0.984452
3 0.654006
4 0.28218
5 0.286506
6 0.190514
7 2.37153



# Sketch: 23
0 0.154329
1 0.049148
2 0.214372
3 0.420768
4 0.581244
5 0.659578
6 0.687638
7 0.508901



# Sketch: 24
0 0.95484
1 0.803594
2 0.862869
3 0.594078
4 0.305224
5 0.346827
6 0.38572
7 0.495844



# Sketch: 25
0 0.173545
1 0.173256
2 0.520078
3 0.637384
4 0.447547
5 0.306938
6 0.302259
7 0.531697



# Sketch: 26
0 1.51147
1 1.40689
2 0.951995
3 0.615598
4 0.396899
5 0.417104
6 0.469444
7 0.51892



# Sketch: 27
0 0.453052
1 0.369922
2 0.477266
3 1.27954
4 1.30261
5 0.303799
6 0.295506
7 0.406792



# Sketch: 28
0 1.71831
1 1.5765
2 1.00254
3 0.517026
4 1.03959
5 0.682392
6 2.37506
7 0.736855



# Sketch: 29
0 0.541053
1 0.630422
2 0.264719
3 0.327408
4 0.288264
5 0.458616
6 0.497025
7 0.521939



# Sketch: 30
0 0.570509
1 0.66932
2 0.832111
3 0.401538
4 0.462509
5 0.574119
6 0.540168
7 0.632357



# Sketch: 31
0 0.463027
1 0.850157
2 1.19134
3 0.949462
4 1.25124
5 0.491694
6 0.42069
7 0.570577

