

# Sketch: 0
0 0.407848
1 0.440077
2 0.457957
3 0.474462
4 0.339714
5 1.21405
6 0.425033
7 0.558138



# Sketch: 1
0 0.678939
1 0.835729
2 0.813743
3 0.853895
4 0.925201
5 0.815483
6 0.89404
7 0.419841



# Sketch: 2
0 0.253684
1 0.206382
2 0.2679
3 0.474223
4 0.37686
5 0.628583
6 0.309683
7 0.464632



# Sketch: 3
0 0.659996
1 0.584558
2 0.484139
3 0.370286
4 0.340659
5 0.451155
6 0.350529
7 0.536743



# Sketch: 4
0 1.41173
1 1.38624
2 1.02823
3 0.732854
4 1.01319
5 0.296262
6 0.40926
7 0.285613



# Sketch: 5
0 0.388586
1 0.666973
2 0.417856
3 0.468662
4 0.379874
5 0.536979
6 0.52829
7 0.431719



# Sketch: 6
0 1.26149
1 1.15777
2 0.921174
3 0.692631
4 0.487575
5 0.667424
6 0.591529
7 0.400283



# Sketch: 7
0 2.43142
1 2.05516
2 1.16269
3 0.729676
4 0.806358
5 0.765886
6 0.309595
7 1.40275



# Sketch: 8
0 0.808822
1 0.72113
2 0.391301
3 0.214748
4 0.367834
5 0.230024
6 1.14297
7 0.967869



# Sketch: 9
0 1.01387
1 0.916836
2 0.885557
3 0.925658
4 0.90399
5 0.849071
6 0.823629
7 0.649875



# Sketch: 10
0 1.95935
1 1.42218
2 0.95474
3 0.692125
4 0.980868
5 0.927877
6 0.900982
7 1.8463



# Sketch: 11
0 0.615192
1 0.996897
2 1.4119
3 2.12848
4 2.77807
5 3.26655
6 3.08734
7 3.01416



# Sketch: 12
0 0.347275
1 0.415589
2 0.567008
3 0.244391
4 0.762784
5 1.66823
6 0.564491
7 0.609357



# Sketch: 13
0 0.576622
1 0.517251
2 0.418737
3 0.346241
4 0.507781
5 0.677215
6 0.506846
7 0.546505



# Sketch: 14
0 1.01419
1 1.03213
2 0.827316
3 0.669139
4 0.469528
5 0.434869
6 0.744659
7 0.656146



# Sketch: 15
0 0.84152
1 0.767447
2 0.64587
3 0.613759
4 0.563903
5 0.502363
6 0.758197
7 0.549759



# Sketch: 16
0 0.490473
1 0.347292
2 0.268409
3 0.226113
4 0.246006
5 0.445071
6 0.99128
7 3.79804



# Sketch: 17
0 0.701866
1 0.610727
2 0.25081
3 0.42525
4 0.338328
5 0.25309
6 0.286502
7 0.495794



# Sketch: 18
0 0.905289
1 0.959023
2 0.839644
3 0.716416
4 0.367431
5 0.369228
6 0.528269
7 0.459818



# Sketch: 19
0 1.42825
1 0.955878
2 0.703409
3 0.62643
4 0.210073
5 0.38189
6 0.382601
7 0.406413



# Sketch: 20
0 0.848998
1 0.769901
2 0.548715
3 0.481364
4 0.612519
5 1.35492
6 0.97417
7 1.16696



# Sketch: 21
0 0.463982
1 0.447033
2 0.479399
3 0.269898
4 0.346556
5 0.380834
6 0.34869
7 0.615249



# Sketch: 22
0 0.592283
1 0.61838
2 0.476209
3 0.435929
4 0.639979
5 0.589306
6 0.66278
7 0.431409



# Sketch: 23
0 1.18118
1 0.969989
2 0.771527
3 0.813152
4 0.802796
5 0.435705
6 0.405468
7 0.478337



# Sketch: 24
0 0.706132
1 0.789929
2 0.832894
3 0.71136
4 0.656124
5 0.272576
6 0.36353
7 0.432738



# Sketch: 25
0 0.567606
1 0.54104
2 0.271553
3 0.386116
4 0.448138
5 0.418939
6 0.332591
7 0.578456



# Sketch: 26
0 0.437218
1 0.563553
2 0.534944
3 0.113904
4 0.0898332
5 0.356231
6 0.461427
7 0.290533



# Sketch: 27
0 0.38706
1 0.405824
2 0.339586
3 0.334366
4 0.298675
5 0.336655
6 0.287543
7 0.407997



# Sketch: 28
0 0.501143
1 0.644048
2 0.456628
3 0.440434
4 0.885674
5 1.05098
6 1.77518
7 0.481659



# Sketch: 29
0 0.712722
1 0.404567
2 0.341731
3 0.224629
4 0.346042
5 0.590723
6 0.588063
7 0.363332



# Sketch: 30
0 0.277484
1 0.292667
2 0.258005
3 0.799286
4 1.69456
5 0.822231
6 0.548811
7 0.461967



# Sketch: 31
0 0.379183
1 0.146339
2 0.305939
3 0.385304
4 0.389633
5 0.243153
6 0.420973
7 0.42175

