

# Sketch: 0
0 0.604981
1 0.417387
2 0.320954
3 0.470788
4 0.26488
5 0.262726
6 2.37749
7 1.1992



# Sketch: 1
0 0.855969
1 0.986648
2 1.51261
3 1.61159
4 0.850782
5 0.421016
6 0.659622
7 0.350415



# Sketch: 2
0 0.281493
1 0.625878
2 0.433862
3 0.248126
4 0.231591
5 0.203738
6 0.367
7 0.40272



# Sketch: 3
0 0.8543
1 1.21531
2 1.43444
3 0.732595
4 0.382067
5 0.481512
6 0.271699
7 0.351276



# Sketch: 4
0 0.523129
1 0.660952
2 0.898128
3 0.603565
4 0.733256
5 0.194628
6 0.148065
7 0.416955



# Sketch: 5
0 0.924819
1 1.25803
2 2.25819
3 2.68016
4 2.59018
5 2.70118
6 2.90902
7 2.68154



# Sketch: 6
0 0.220172
1 0.641233
2 0.733007
3 0.41831
4 0.722132
5 0.925658
6 1.47231
7 1.77851



# Sketch: 7
0 0.262675
1 0.271761
2 0.297755
3 0.365343
4 0.81756
5 0.18611
6 0.314196
7 0.522599



# Sketch: 8
0 0.69705
1 0.420806
2 0.259887
3 0.587766
4 0.620433
5 0.347263
6 0.957328
7 0.435495



# Sketch: 9
0 0.510114
1 0.796688
2 0.818102
3 0.588688
4 0.460727
5 0.336374
6 0.408799
7 0.576176



# Sketch: 10
0 0.794126
1 1.02916
2 0.695685
3 0.559698
4 0.267679
5 0.903536
6 0.329592
7 0.468129



# Sketch: 11
0 0.478932
1 0.604581
2 0.776604
3 0.772284
4 0.416119
5 1.02296
6 0.573195
7 0.535412



# Sketch: 12
0 1.0055
1 1.05855
2 0.873547
3 0.811837
4 0.719506
5 0.906541
6 0.74018
7 0.633699



# Sketch: 13
0 0.744962
1 0.758509
2 0.767884
3 0.542689
4 0.407001
5 0.315017
6 0.409643
7 0.558957



# Sketch: 14
0 0.930503
1 0.975524
2 0.989434
3 0.63789
4 1.10042
5 1.40923
6 0.480195
7 1.37143



# Sketch: 15
0 0.653178
1 0.688659
2 0.642602
3 0.363017
4 0.700531
5 0.516309
6 0.114403
7 0.448866



# Sketch: 16
0 0.450336
1 0.492676
2 0.348142
3 0.281589
4 0.47628
5 0.879999
6 0.565211
7 0.660316



# Sketch: 17
0 0.731929
1 0.86858
2 0.876773
3 0.651544
4 0.378401
5 0.340947
6 0.35421
7 0.549263



# Sketch: 18
0 0.833789
1 0.955116
2 0.899705
3 0.443255
4 0.522063
5 0.237752
6 0.372886
7 0.618011



# Sketch: 19
0 0.645133
1 0.612457
2 0.702779
3 0.877914
4 0.767521
5 0.384375
6 0.552961
7 0.408242



# Sketch: 20
0 1.08678
1 1.21182
2 1.16094
3 0.796385
4 0.588985
5 0.428089
6 0.868579
7 0.616788



# Sketch: 21
0 0.3324
1 0.715439
2 1.35875
3 1.18451
4 1.28516
5 1.01298
6 0.701593
7 0.544498



# Sketch: 22
0 0.932519
1 0.993906
2 1.00404
3 0.918924
4 0.953017
5 0.739108
6 0.445845
7 0.610354



# Sketch: 23
0 1.13817
1 1.68508
2 1.50382
3 0.826225
4 0.471823
5 0.324376
6 0.339478
7 0.275866



# Sketch: 24
0 2.48275
1 2.73652
2 2.42087
3 1.64512
4 1.15901
5 0.921023
6 1.67965
7 1.09327



# Sketch: 25
0 2.55045
1 2.02214
2 1.51002
3 0.894212
4 0.669011
5 0.458472
6 0.334495
7 0.535471



# Sketch: 26
0 0.45652
1 0.236945
2 0.405035
3 0.518724
4 0.24493
5 0.650717
6 0.682013
7 0.846748



# Sketch: 27
0 1.03759
1 0.750392
2 0.653391
3 0.607715
4 0.66547
5 0.304948
6 0.49512
7 0.510642



# Sketch: 28
0 0.503096
1 0.516569
2 0.661125
3 0.59802
4 0.646894
5 0.285852
6 0.449392
7 0.698418



# Sketch: 29
0 0.637706
1 0.698609
2 0.645276
3 0.55911
4 0.315603
5 0.353687
6 0.135099
7 0.437514



# Sketch: 30
0 1.24923
1 1.25988
2 0.898342
3 0.592348
4 0.403108
5 0.419229
6 0.683297
7 0.576041



# Sketch: 31
0 1.61651
1 1.43938
2 1.60781
3 0.996399
4 0.70762
5 0.426547
6 0.490751
7 0.517686

