

# Sketch: 0
1704564714 26
1704564778 31
1704564842 33
1704564906 13
1704564970 34
1704565034 21
1704565098 25
1704565162 32
1704565226 36
1704565290 36



# Sketch: 1
1704564714 40
1704564778 31
1704564842 43
1704564906 32
1704564970 32
1704565034 30
1704565098 29
1704565162 53
1704565226 27
1704565290 12



# Sketch: 2
1704564714 44
1704564778 27
1704564842 20
1704564906 37
1704564970 23
1704565034 12
1704565098 27
1704565162 41
1704565226 37
1704565290 23



# Sketch: 3
1704564714 42
1704564778 30
1704564842 52
1704564906 28
1704564970 31
1704565034 42
1704565098 23
1704565162 37
1704565226 29
1704565290 10



# Sketch: 4
1704564714 41
1704564778 18
1704564842 48
1704564906 37
1704564970 23
1704565034 15
1704565098 40
1704565162 24
1704565226 48
1704565290 27



# Sketch: 5
1704564714 32
1704564778 36
1704564842 52
1704564906 51
1704564970 24
1704565034 39
1704565098 120
1704565162 40
1704565226 27
1704565290 9



# Sketch: 6
1704564714 25
1704564778 25
1704564842 32
1704564906 41
1704564970 43
1704565034 27
1704565098 20
1704565162 38
1704565226 43
1704565290 21



# Sketch: 7
1704564714 37
1704564778 28
1704564842 48
1704564906 41
1704564970 22
1704565034 22
1704565098 25
1704565162 26
1704565226 38
1704565290 7



# Sketch: 8
1704564714 21
1704564778 33
1704564842 18
1704564906 35
1704564970 48
1704565034 33
1704565098 29
1704565162 27
1704565226 35
1704565290 18



# Sketch: 9
1704564714 33
1704564778 32
1704564842 51
1704564906 22
1704564970 21
1704565034 27
1704565098 22
1704565162 33
1704565226 15
1704565290 14



# Sketch: 10
1704564714 55
1704564778 25
1704564842 30
1704564906 26
1704564970 19
1704565034 27
1704565098 23
1704565162 32
1704565226 30
1704565290 13



# Sketch: 11
1704564714 43
1704564778 23
1704564842 26
1704564906 37
1704564970 24
1704565034 31
1704565098 29
1704565162 22
1704565226 30
1704565290 9



# Sketch: 12
1704564714 19
1704564778 24
1704564842 27
1704564906 20
1704564970 30
1704565034 32
1704565098 25
1704565162 43
1704565226 10
1704565290 6



# Sketch: 13
1704564714 46
1704564778 25
1704564842 27
1704564906 19
1704564970 16
1704565034 33
1704565098 24
1704565162 20
1704565226 23
1704565290 13



# Sketch: 14
1704564714 35
1704564778 16
1704564842 24
1704564906 17
1704564970 20
1704565034 29
1704565098 29
1704565162 22
1704565226 30
1704565290 5



# Sketch: 15
1704564714 59
1704564778 36
1704564842 41
1704564906 28
1704564970 33
1704565034 34
1704565098 27
1704565162 38
1704565226 25
1704565290 10



# Sketch: 16
1704564714 56
1704564778 17
1704564842 31
1704564906 22
1704564970 37
1704565034 26
1704565098 26
1704565162 28
1704565226 37
1704565290 8



# Sketch: 17
1704564714 36
1704564778 32
1704564842 28
1704564906 18
1704564970 34
1704565034 20
1704565098 13
1704565162 36
1704565226 32
1704565290 10



# Sketch: 18
1704564714 49
1704564778 37
1704564842 36
1704564906 36
1704564970 38
1704565034 33
1704565098 19
1704565162 27
1704565226 14
1704565290 9



# Sketch: 19
1704564714 20
1704564778 29
1704564842 35
1704564906 31
1704564970 35
1704565034 30
1704565098 16
1704565162 31
1704565226 32
1704565290 8



# Sketch: 20
1704564714 18
1704564778 27
1704564842 16
1704564906 22
1704564970 15
1704565034 34
1704565098 33
1704565162 22
1704565226 26
1704565290 0



# Sketch: 21
1704564714 35
1704564778 21
1704564842 30
1704564906 59
1704564970 17
1704565034 37
1704565098 25
1704565162 36
1704565226 21
1704565290 8



# Sketch: 22
1704564714 30
1704564778 23
1704564842 34
1704564906 21
1704564970 14
1704565034 22
1704565098 11
1704565162 27
1704565226 32
1704565290 12



# Sketch: 23
1704564714 42
1704564778 23
1704564842 33
1704564906 51
1704564970 85
1704565034 39
1704565098 41
1704565162 26
1704565226 42
1704565290 34



# Sketch: 24
1704564714 64
1704564778 30
1704564842 79
1704564906 102
1704564970 82
1704565034 43
1704565098 49
1704565162 53
1704565226 70
1704565290 2



# Sketch: 25
1704564714 41
1704564778 42
1704564842 53
1704564906 26
1704564970 33
1704565034 42
1704565098 27
1704565162 27
1704565226 12
1704565290 13



# Sketch: 26
1704564714 54
1704564778 54
1704564842 20
1704564906 23
1704564970 29
1704565034 24
1704565098 35
1704565162 30
1704565226 31
1704565290 5



# Sketch: 27
1704564714 45
1704564778 27
1704564842 24
1704564906 28
1704564970 21
1704565034 38
1704565098 19
1704565162 27
1704565226 31
1704565290 4



# Sketch: 28
1704564714 36
1704564778 32
1704564842 22
1704564906 33
1704564970 26
1704565034 32
1704565098 15
1704565162 30
1704565226 41
1704565290 3



# Sketch: 29
1704564714 44
1704564778 31
1704564842 50
1704564906 43
1704564970 41
1704565034 68
1704565098 27
1704565162 27
1704565226 24
1704565290 24



# Sketch: 30
1704564714 33
1704564778 27
1704564842 18
1704564906 42
1704564970 20
1704565034 17
1704565098 47
1704565162 36
1704565226 26
1704565290 5



# Sketch: 31
1704564714 68
1704564778 34
1704564842 53
1704564906 67
1704564970 78
1704565034 47
1704565098 50
1704565162 38
1704565226 33
1704565290 13

