

# Sketch: 0
1704613914 26
1704613978 24
1704614042 40
1704614106 61
1704614170 18
1704614234 40
1704614298 29
1704614362 35
1704614426 21
1704614490 15



# Sketch: 1
1704613914 39
1704613978 50
1704614042 50
1704614106 28
1704614170 24
1704614234 46
1704614298 36
1704614362 38
1704614426 29
1704614490 12



# Sketch: 2
1704613914 33
1704613978 37
1704614042 29
1704614106 37
1704614170 42
1704614234 29
1704614298 34
1704614362 50
1704614426 38
1704614490 13



# Sketch: 3
1704613914 55
1704613978 83
1704614042 29
1704614106 72
1704614170 38
1704614234 55
1704614298 38
1704614362 59
1704614426 44
1704614490 17



# Sketch: 4
1704613914 34
1704613978 30
1704614042 23
1704614106 42
1704614170 47
1704614234 32
1704614298 42
1704614362 42
1704614426 29
1704614490 9



# Sketch: 5
1704613914 26
1704613978 20
1704614042 45
1704614106 40
1704614170 44
1704614234 47
1704614298 32
1704614362 33
1704614426 27
1704614490 9



# Sketch: 6
1704613914 46
1704613978 33
1704614042 43
1704614106 21
1704614170 21
1704614234 21
1704614298 38
1704614362 53
1704614426 43
1704614490 3



# Sketch: 7
1704613914 27
1704613978 38
1704614042 25
1704614106 31
1704614170 24
1704614234 34
1704614298 11
1704614362 33
1704614426 15
1704614490 11



# Sketch: 8
1704613914 26
1704613978 20
1704614042 32
1704614106 36
1704614170 17
1704614234 35
1704614298 53
1704614362 44
1704614426 32
1704614490 6



# Sketch: 9
1704613914 34
1704613978 39
1704614042 39
1704614106 37
1704614170 26
1704614234 41
1704614298 41
1704614362 26
1704614426 42
1704614490 17



# Sketch: 10
1704613914 30
1704613978 26
1704614042 33
1704614106 28
1704614170 28
1704614234 34
1704614298 37
1704614362 57
1704614426 19
1704614490 14



# Sketch: 11
1704613914 34
1704613978 22
1704614042 53
1704614106 43
1704614170 37
1704614234 37
1704614298 39
1704614362 41
1704614426 39
1704614490 11



# Sketch: 12
1704613914 23
1704613978 47
1704614042 42
1704614106 43
1704614170 53
1704614234 45
1704614298 18
1704614362 33
1704614426 26
1704614490 16



# Sketch: 13
1704613914 47
1704613978 35
1704614042 38
1704614106 25
1704614170 28
1704614234 41
1704614298 43
1704614362 36
1704614426 30
1704614490 6



# Sketch: 14
1704613914 42
1704613978 42
1704614042 46
1704614106 57
1704614170 46
1704614234 58
1704614298 46
1704614362 58
1704614426 36
1704614490 26



# Sketch: 15
1704613914 12
1704613978 40
1704614042 22
1704614106 26
1704614170 16
1704614234 39
1704614298 46
1704614362 22
1704614426 26
1704614490 5



# Sketch: 16
1704613914 44
1704613978 35
1704614042 53
1704614106 66
1704614170 33
1704614234 28
1704614298 47
1704614362 31
1704614426 29
1704614490 16



# Sketch: 17
1704613914 60
1704613978 53
1704614042 24
1704614106 30
1704614170 28
1704614234 59
1704614298 28
1704614362 41
1704614426 43
1704614490 10



# Sketch: 18
1704613914 19
1704613978 30
1704614042 61
1704614106 47
1704614170 28
1704614234 36
1704614298 61
1704614362 30
1704614426 49
1704614490 19



# Sketch: 19
1704613914 50
1704613978 47
1704614042 41
1704614106 32
1704614170 31
1704614234 40
1704614298 28
1704614362 32
1704614426 27
1704614490 13



# Sketch: 20
1704613914 29
1704613978 26
1704614042 50
1704614106 26
1704614170 22
1704614234 51
1704614298 41
1704614362 29
1704614426 32
1704614490 10



# Sketch: 21
1704613914 47
1704613978 29
1704614042 43
1704614106 40
1704614170 36
1704614234 31
1704614298 40
1704614362 25
1704614426 23
1704614490 12



# Sketch: 22
1704613914 25
1704613978 34
1704614042 36
1704614106 48
1704614170 28
1704614234 38
1704614298 35
1704614362 44
1704614426 30
1704614490 12



# Sketch: 23
1704613914 30
1704613978 42
1704614042 60
1704614106 23
1704614170 56
1704614234 29
1704614298 42
1704614362 33
1704614426 37
1704614490 13



# Sketch: 24
1704613914 32
1704613978 71
1704614042 21
1704614106 59
1704614170 38
1704614234 13
1704614298 32
1704614362 26
1704614426 42
1704614490 10



# Sketch: 25
1704613914 23
1704613978 28
1704614042 46
1704614106 39
1704614170 50
1704614234 38
1704614298 31
1704614362 41
1704614426 40
1704614490 10



# Sketch: 26
1704613914 32
1704613978 34
1704614042 16
1704614106 42
1704614170 46
1704614234 32
1704614298 73
1704614362 36
1704614426 32
1704614490 11



# Sketch: 27
1704613914 46
1704613978 22
1704614042 78
1704614106 35
1704614170 34
1704614234 56
1704614298 33
1704614362 52
1704614426 44
1704614490 18



# Sketch: 28
1704613914 37
1704613978 33
1704614042 32
1704614106 31
1704614170 35
1704614234 29
1704614298 37
1704614362 38
1704614426 38
1704614490 9



# Sketch: 29
1704613914 29
1704613978 58
1704614042 48
1704614106 60
1704614170 43
1704614234 64
1704614298 46
1704614362 60
1704614426 54
1704614490 17



# Sketch: 30
1704613914 15
1704613978 47
1704614042 25
1704614106 46
1704614170 32
1704614234 53
1704614298 33
1704614362 23
1704614426 35
1704614490 22



# Sketch: 31
1704613914 36
1704613978 58
1704614042 32
1704614106 90
1704614170 61
1704614234 54
1704614298 61
1704614362 46
1704614426 41
1704614490 30

