

# Sketch: 0
1704613914 14
1704613946 19
1704613978 12
1704614010 34
1704614042 26
1704614074 12
1704614106 23
1704614138 22
1704614170 40
1704614202 15
1704614234 13
1704614266 26
1704614298 12
1704614330 14
1704614362 11
1704614394 23
1704614426 18
1704614458 9
1704614490 9



# Sketch: 1
1704613914 13
1704613946 12
1704613978 11
1704614010 22
1704614042 13
1704614074 22
1704614106 22
1704614138 21
1704614170 12
1704614202 15
1704614234 12
1704614266 21
1704614298 19
1704614330 12
1704614362 7
1704614394 15
1704614426 16
1704614458 13
1704614490 9



# Sketch: 2
1704613914 19
1704613946 13
1704613978 24
1704614010 14
1704614042 26
1704614074 21
1704614106 20
1704614138 11
1704614170 24
1704614202 10
1704614234 19
1704614266 31
1704614298 17
1704614330 11
1704614362 18
1704614394 17
1704614426 17
1704614458 20
1704614490 10



# Sketch: 3
1704613914 24
1704613946 21
1704613978 34
1704614010 11
1704614042 10
1704614074 18
1704614106 9
1704614138 28
1704614170 28
1704614202 8
1704614234 22
1704614266 31
1704614298 10
1704614330 31
1704614362 22
1704614394 22
1704614426 24
1704614458 12
1704614490 10



# Sketch: 4
1704613914 25
1704613946 12
1704613978 11
1704614010 15
1704614042 15
1704614074 20
1704614106 14
1704614138 15
1704614170 23
1704614202 17
1704614234 18
1704614266 32
1704614298 19
1704614330 23
1704614362 20
1704614394 33
1704614426 17
1704614458 20
1704614490 10



# Sketch: 5
1704613914 21
1704613946 11
1704613978 30
1704614010 28
1704614042 23
1704614074 10
1704614106 33
1704614138 20
1704614170 25
1704614202 17
1704614234 35
1704614266 49
1704614298 15
1704614330 17
1704614362 24
1704614394 16
1704614426 28
1704614458 31
1704614490 13



# Sketch: 6
1704613914 17
1704613946 36
1704613978 21
1704614010 10
1704614042 27
1704614074 7
1704614106 18
1704614138 16
1704614170 24
1704614202 11
1704614234 22
1704614266 8
1704614298 7
1704614330 10
1704614362 12
1704614394 28
1704614426 15
1704614458 27
1704614490 20



# Sketch: 7
1704613914 12
1704613946 12
1704613978 16
1704614010 14
1704614042 18
1704614074 14
1704614106 19
1704614138 22
1704614170 16
1704614202 16
1704614234 13
1704614266 24
1704614298 38
1704614330 25
1704614362 18
1704614394 29
1704614426 24
1704614458 12
1704614490 13



# Sketch: 8
1704613914 18
1704613946 23
1704613978 12
1704614010 52
1704614042 21
1704614074 22
1704614106 39
1704614138 26
1704614170 34
1704614202 14
1704614234 19
1704614266 29
1704614298 25
1704614330 31
1704614362 19
1704614394 29
1704614426 32
1704614458 22
1704614490 11



# Sketch: 9
1704613914 14
1704613946 29
1704613978 15
1704614010 19
1704614042 18
1704614074 22
1704614106 33
1704614138 14
1704614170 34
1704614202 10
1704614234 15
1704614266 21
1704614298 27
1704614330 22
1704614362 13
1704614394 18
1704614426 29
1704614458 12
1704614490 24



# Sketch: 10
1704613914 26
1704613946 13
1704613978 12
1704614010 25
1704614042 21
1704614074 18
1704614106 14
1704614138 30
1704614170 30
1704614202 16
1704614234 12
1704614266 19
1704614298 13
1704614330 19
1704614362 12
1704614394 23
1704614426 14
1704614458 9
1704614490 26



# Sketch: 11
1704613914 15
1704613946 6
1704613978 6
1704614010 17
1704614042 14
1704614074 16
1704614106 22
1704614138 7
1704614170 13
1704614202 5
1704614234 25
1704614266 13
1704614298 15
1704614330 29
1704614362 15
1704614394 13
1704614426 10
1704614458 16
1704614490 9



# Sketch: 12
1704613914 18
1704613946 15
1704613978 19
1704614010 12
1704614042 12
1704614074 20
1704614106 19
1704614138 12
1704614170 22
1704614202 27
1704614234 30
1704614266 21
1704614298 21
1704614330 12
1704614362 10
1704614394 18
1704614426 3
1704614458 7
1704614490 13



# Sketch: 13
1704613914 28
1704613946 14
1704613978 14
1704614010 12
1704614042 29
1704614074 18
1704614106 30
1704614138 21
1704614170 12
1704614202 15
1704614234 19
1704614266 7
1704614298 20
1704614330 29
1704614362 13
1704614394 22
1704614426 12
1704614458 8
1704614490 6



# Sketch: 14
1704613914 19
1704613946 17
1704613978 39
1704614010 17
1704614042 22
1704614074 41
1704614106 30
1704614138 20
1704614170 27
1704614202 24
1704614234 20
1704614266 22
1704614298 23
1704614330 22
1704614362 37
1704614394 27
1704614426 23
1704614458 12
1704614490 10



# Sketch: 15
1704613914 19
1704613946 17
1704613978 15
1704614010 14
1704614042 24
1704614074 17
1704614106 35
1704614138 17
1704614170 25
1704614202 9
1704614234 5
1704614266 16
1704614298 7
1704614330 8
1704614362 14
1704614394 23
1704614426 11
1704614458 14
1704614490 18



# Sketch: 16
1704613914 22
1704613946 9
1704613978 39
1704614010 21
1704614042 12
1704614074 19
1704614106 29
1704614138 24
1704614170 19
1704614202 15
1704614234 43
1704614266 22
1704614298 17
1704614330 28
1704614362 23
1704614394 17
1704614426 17
1704614458 27
1704614490 18



# Sketch: 17
1704613914 14
1704613946 14
1704613978 12
1704614010 13
1704614042 19
1704614074 34
1704614106 35
1704614138 16
1704614170 19
1704614202 10
1704614234 12
1704614266 23
1704614298 31
1704614330 36
1704614362 20
1704614394 22
1704614426 12
1704614458 14
1704614490 16



# Sketch: 18
1704613914 12
1704613946 12
1704613978 24
1704614010 8
1704614042 17
1704614074 22
1704614106 19
1704614138 13
1704614170 31
1704614202 9
1704614234 15
1704614266 19
1704614298 16
1704614330 10
1704614362 26
1704614394 13
1704614426 15
1704614458 15
1704614490 11



# Sketch: 19
1704613914 21
1704613946 35
1704613978 4
1704614010 16
1704614042 18
1704614074 21
1704614106 53
1704614138 25
1704614170 39
1704614202 13
1704614234 7
1704614266 23
1704614298 26
1704614330 20
1704614362 31
1704614394 16
1704614426 29
1704614458 22
1704614490 11



# Sketch: 20
1704613914 8
1704613946 17
1704613978 24
1704614010 29
1704614042 7
1704614074 20
1704614106 41
1704614138 8
1704614170 11
1704614202 19
1704614234 22
1704614266 27
1704614298 12
1704614330 33
1704614362 20
1704614394 19
1704614426 21
1704614458 30
1704614490 14



# Sketch: 21
1704613914 28
1704613946 38
1704613978 24
1704614010 27
1704614042 24
1704614074 37
1704614106 25
1704614138 21
1704614170 15
1704614202 21
1704614234 21
1704614266 24
1704614298 12
1704614330 24
1704614362 18
1704614394 34
1704614426 23
1704614458 22
1704614490 11



# Sketch: 22
1704613914 11
1704613946 11
1704613978 18
1704614010 34
1704614042 24
1704614074 15
1704614106 15
1704614138 19
1704614170 10
1704614202 5
1704614234 39
1704614266 23
1704614298 31
1704614330 18
1704614362 16
1704614394 17
1704614426 5
1704614458 20
1704614490 14



# Sketch: 23
1704613914 11
1704613946 12
1704613978 9
1704614010 15
1704614042 14
1704614074 15
1704614106 19
1704614138 27
1704614170 8
1704614202 16
1704614234 18
1704614266 18
1704614298 11
1704614330 25
1704614362 10
1704614394 20
1704614426 11
1704614458 19
1704614490 12



# Sketch: 24
1704613914 13
1704613946 16
1704613978 25
1704614010 16
1704614042 19
1704614074 8
1704614106 12
1704614138 16
1704614170 15
1704614202 12
1704614234 10
1704614266 12
1704614298 21
1704614330 31
1704614362 22
1704614394 40
1704614426 10
1704614458 22
1704614490 10



# Sketch: 25
1704613914 20
1704613946 15
1704613978 15
1704614010 29
1704614042 10
1704614074 57
1704614106 33
1704614138 13
1704614170 16
1704614202 20
1704614234 15
1704614266 9
1704614298 12
1704614330 20
1704614362 12
1704614394 13
1704614426 12
1704614458 17
1704614490 19



# Sketch: 26
1704613914 25
1704613946 18
1704613978 7
1704614010 19
1704614042 24
1704614074 19
1704614106 9
1704614138 15
1704614170 21
1704614202 4
1704614234 13
1704614266 14
1704614298 28
1704614330 15
1704614362 20
1704614394 16
1704614426 16
1704614458 10
1704614490 11



# Sketch: 27
1704613914 8
1704613946 11
1704613978 8
1704614010 34
1704614042 19
1704614074 10
1704614106 21
1704614138 17
1704614170 24
1704614202 12
1704614234 17
1704614266 25
1704614298 12
1704614330 19
1704614362 10
1704614394 23
1704614426 19
1704614458 18
1704614490 10



# Sketch: 28
1704613914 19
1704613946 13
1704613978 9
1704614010 20
1704614042 14
1704614074 41
1704614106 20
1704614138 15
1704614170 17
1704614202 20
1704614234 35
1704614266 18
1704614298 20
1704614330 23
1704614362 15
1704614394 23
1704614426 13
1704614458 16
1704614490 18



# Sketch: 29
1704613914 16
1704613946 17
1704613978 16
1704614010 10
1704614042 5
1704614074 24
1704614106 16
1704614138 16
1704614170 11
1704614202 13
1704614234 12
1704614266 18
1704614298 18
1704614330 11
1704614362 21
1704614394 19
1704614426 8
1704614458 16
1704614490 7



# Sketch: 30
1704613914 17
1704613946 12
1704613978 41
1704614010 9
1704614042 6
1704614074 26
1704614106 21
1704614138 15
1704614170 18
1704614202 9
1704614234 7
1704614266 34
1704614298 14
1704614330 10
1704614362 24
1704614394 17
1704614426 24
1704614458 24
1704614490 17



# Sketch: 31
1704613914 15
1704613946 6
1704613978 19
1704614010 32
1704614042 16
1704614074 22
1704614106 21
1704614138 10
1704614170 15
1704614202 5
1704614234 4
1704614266 17
1704614298 21
1704614330 23
1704614362 15
1704614394 14
1704614426 13
1704614458 15
1704614490 12

