

# Sketch: 0
0 0.346355
1 0.253624
2 0.368805
3 0.0895758
4 0.150804
5 0.22442
6 0.560441
7 0.362179



# Sketch: 1
0 0.318416
1 0.301562
2 0.276456
3 0.4345
4 0.256187
5 0.303772
6 0.43728
7 0.50411



# Sketch: 2
0 0.542189
1 0.514082
2 0.511168
3 0.458536
4 0.383412
5 0.392249
6 0.5621
7 0.529061



# Sketch: 3
0 0.861991
1 0.895316
2 0.699701
3 0.713923
4 0.670711
5 0.59138
6 0.42313
7 0.348518



# Sketch: 4
0 0.639413
1 0.419781
2 0.302712
3 0.294644
4 0.402537
5 0.398411
6 0.395538
7 0.333653



# Sketch: 5
0 0.716959
1 0.454964
2 0.354693
3 0.380514
4 0.344026
5 0.356783
6 0.318955
7 0.310619



# Sketch: 6
0 1.26038
1 1.14841
2 1.05354
3 1.01142
4 0.938413
5 0.769354
6 0.939549
7 0.485958



# Sketch: 7
0 0.474693
1 0.464168
2 0.450486
3 0.618137
4 0.405608
5 0.709406
6 0.474873
7 0.559259



# Sketch: 8
0 0.355412
1 0.0983871
2 0.406512
3 0.15406
4 0.170966
5 0.261333
6 0.301947
7 0.365616



# Sketch: 9
0 0.824489
1 0.80786
2 0.754026
3 0.446844
4 0.400769
5 0.622916
6 0.506966
7 0.603941



# Sketch: 10
0 0.414855
1 0.590957
2 0.541565
3 0.548772
4 1.03766
5 0.254103
6 0.157923
7 0.722485



# Sketch: 11
0 0.510151
1 0.325417
2 0.109103
3 0.3094
4 0.346162
5 1.04999
6 0.156303
7 0.300551



# Sketch: 12
0 0.871397
1 0.746539
2 0.598928
3 0.528906
4 0.227555
5 0.0928921
6 0.208318
7 0.485243



# Sketch: 13
0 0.813168
1 0.744142
2 0.688619
3 0.506545
4 0.527848
5 0.543062
6 0.665045
7 0.790653



# Sketch: 14
0 0.855371
1 0.617606
2 0.450862
3 0.269312
4 0.276912
5 0.169604
6 0.214109
7 0.417762



# Sketch: 15
0 0.449359
1 0.447333
2 0.383304
3 0.630064
4 0.335943
5 0.488405
6 0.412086
7 0.515725



# Sketch: 16
0 0.759619
1 0.541937
2 0.531549
3 0.38573
4 0.215313
5 0.16087
6 0.324497
7 0.686361



# Sketch: 17
0 0.323224
1 0.352691
2 0.302371
3 0.26839
4 0.554329
5 0.317983
6 0.309044
7 0.307948



# Sketch: 18
0 0.472377
1 0.521629
2 0.493738
3 0.433324
4 0.276484
5 0.407272
6 0.269724
7 0.646392



# Sketch: 19
0 0.658667
1 0.619604
2 0.516561
3 0.387197
4 0.392155
5 0.481772
6 1.36474
7 4.83513



# Sketch: 20
0 0.850179
1 0.811094
2 0.827303
3 0.840662
4 0.764985
5 0.552452
6 0.481435
7 0.348806



# Sketch: 21
0 1.25949
1 1.28414
2 1.05377
3 0.961361
4 0.535545
5 0.257594
6 0.407907
7 0.454405



# Sketch: 22
0 2.19669
1 2.17006
2 1.77174
3 1.39748
4 1.25138
5 1.4076
6 0.961475
7 1.78573



# Sketch: 23
0 1.67153
1 1.6827
2 1.00165
3 0.655035
4 0.727332
5 0.668606
6 0.819518
7 1.03917



# Sketch: 24
0 1.16788
1 1.43478
2 1.15841
3 0.620138
4 0.0624478
5 0.0563644
6 0.531629
7 0.536184



# Sketch: 25
0 0.385753
1 0.328295
2 0.239729
3 0.277475
4 0.199744
5 0.336788
6 0.199266
7 0.341977



# Sketch: 26
0 0.803515
1 0.935357
2 0.845107
3 0.95137
4 1.71493
5 1.97946
6 0.789209
7 0.405871



# Sketch: 27
0 0.0776094
1 0.264176
2 0.591649
3 0.617361
4 0.836959
5 0.666067
6 0.481334
7 1.19499



# Sketch: 28
0 0.753549
1 0.490326
2 0.437845
3 0.219834
4 0.248664
5 0.336684
6 0.524374
7 0.28843



# Sketch: 29
0 0.506728
1 0.887108
2 1.38318
3 1.78345
4 1.99214
5 1.91071
6 1.82894
7 3.83151



# Sketch: 30
0 0.25089
1 0.211617
2 0.117655
3 0.174317
4 0.162765
5 0.22671
6 0.184386
7 0.413778



# Sketch: 31
0 0.646567
1 0.907779
2 0.561886
3 0.258074
4 0.169997
5 0.23278
6 0.180158
7 0.338973

