

# Sketch: 0
1704613914 62
1704614042 83
1704614170 78
1704614298 47
1704614426 50



# Sketch: 1
1704613914 53
1704614042 81
1704614170 61
1704614298 113
1704614426 32



# Sketch: 2
1704613914 70
1704614042 54
1704614170 79
1704614298 88
1704614426 32



# Sketch: 3
1704613914 99
1704614042 98
1704614170 77
1704614298 85
1704614426 46



# Sketch: 4
1704613914 95
1704614042 107
1704614170 95
1704614298 62
1704614426 50



# Sketch: 5
1704613914 75
1704614042 87
1704614170 56
1704614298 70
1704614426 21



# Sketch: 6
1704613914 65
1704614042 67
1704614170 74
1704614298 83
1704614426 75



# Sketch: 7
1704613914 66
1704614042 67
1704614170 65
1704614298 82
1704614426 35



# Sketch: 8
1704613914 88
1704614042 60
1704614170 82
1704614298 52
1704614426 45



# Sketch: 9
1704613914 55
1704614042 84
1704614170 90
1704614298 88
1704614426 47



# Sketch: 10
1704613914 84
1704614042 85
1704614170 61
1704614298 74
1704614426 27



# Sketch: 11
1704613914 96
1704614042 77
1704614170 59
1704614298 84
1704614426 64



# Sketch: 12
1704613914 49
1704614042 51
1704614170 33
1704614298 72
1704614426 65



# Sketch: 13
1704613914 55
1704614042 46
1704614170 65
1704614298 82
1704614426 45



# Sketch: 14
1704613914 75
1704614042 89
1704614170 98
1704614298 105
1704614426 66



# Sketch: 15
1704613914 47
1704614042 130
1704614170 113
1704614298 66
1704614426 68



# Sketch: 16
1704613914 49
1704614042 69
1704614170 67
1704614298 64
1704614426 37



# Sketch: 17
1704613914 79
1704614042 88
1704614170 78
1704614298 75
1704614426 52



# Sketch: 18
1704613914 56
1704614042 99
1704614170 91
1704614298 59
1704614426 32



# Sketch: 19
1704613914 75
1704614042 96
1704614170 91
1704614298 105
1704614426 67



# Sketch: 20
1704613914 56
1704614042 96
1704614170 77
1704614298 75
1704614426 54



# Sketch: 21
1704613914 50
1704614042 82
1704614170 58
1704614298 84
1704614426 39



# Sketch: 22
1704613914 118
1704614042 99
1704614170 88
1704614298 115
1704614426 60



# Sketch: 23
1704613914 75
1704614042 73
1704614170 45
1704614298 76
1704614426 42



# Sketch: 24
1704613914 46
1704614042 92
1704614170 50
1704614298 74
1704614426 43



# Sketch: 25
1704613914 118
1704614042 122
1704614170 130
1704614298 96
1704614426 83



# Sketch: 26
1704613914 51
1704614042 61
1704614170 80
1704614298 71
1704614426 35



# Sketch: 27
1704613914 75
1704614042 39
1704614170 85
1704614298 79
1704614426 32



# Sketch: 28
1704613914 130
1704614042 53
1704614170 68
1704614298 67
1704614426 45



# Sketch: 29
1704613914 56
1704614042 75
1704614170 67
1704614298 76
1704614426 45



# Sketch: 30
1704613914 79
1704614042 61
1704614170 58
1704614298 67
1704614426 27



# Sketch: 31
1704613914 74
1704614042 125
1704614170 76
1704614298 62
1704614426 53

