

# Sketch: 0
1704613914 54
1704613978 47
1704614042 37
1704614106 37
1704614170 19
1704614234 43
1704614298 30
1704614362 31
1704614426 30
1704614490 6



# Sketch: 1
1704613914 30
1704613978 38
1704614042 41
1704614106 34
1704614170 16
1704614234 42
1704614298 32
1704614362 63
1704614426 29
1704614490 20



# Sketch: 2
1704613914 41
1704613978 35
1704614042 55
1704614106 39
1704614170 26
1704614234 40
1704614298 61
1704614362 39
1704614426 30
1704614490 11



# Sketch: 3
1704613914 53
1704613978 38
1704614042 32
1704614106 35
1704614170 50
1704614234 65
1704614298 40
1704614362 66
1704614426 32
1704614490 14



# Sketch: 4
1704613914 33
1704613978 60
1704614042 44
1704614106 60
1704614170 69
1704614234 83
1704614298 58
1704614362 70
1704614426 58
1704614490 18



# Sketch: 5
1704613914 29
1704613978 48
1704614042 33
1704614106 32
1704614170 33
1704614234 31
1704614298 19
1704614362 29
1704614426 19
1704614490 7



# Sketch: 6
1704613914 33
1704613978 35
1704614042 37
1704614106 49
1704614170 40
1704614234 35
1704614298 31
1704614362 51
1704614426 25
1704614490 10



# Sketch: 7
1704613914 58
1704613978 46
1704614042 43
1704614106 41
1704614170 43
1704614234 59
1704614298 40
1704614362 29
1704614426 42
1704614490 9



# Sketch: 8
1704613914 34
1704613978 31
1704614042 38
1704614106 39
1704614170 30
1704614234 35
1704614298 31
1704614362 40
1704614426 27
1704614490 21



# Sketch: 9
1704613914 24
1704613978 38
1704614042 31
1704614106 25
1704614170 23
1704614234 37
1704614298 42
1704614362 32
1704614426 21
1704614490 11



# Sketch: 10
1704613914 50
1704613978 43
1704614042 39
1704614106 45
1704614170 23
1704614234 34
1704614298 37
1704614362 34
1704614426 33
1704614490 18



# Sketch: 11
1704613914 28
1704613978 23
1704614042 27
1704614106 45
1704614170 25
1704614234 31
1704614298 33
1704614362 24
1704614426 30
1704614490 12



# Sketch: 12
1704613914 38
1704613978 41
1704614042 27
1704614106 34
1704614170 44
1704614234 52
1704614298 28
1704614362 36
1704614426 41
1704614490 14



# Sketch: 13
1704613914 17
1704613978 38
1704614042 45
1704614106 44
1704614170 40
1704614234 29
1704614298 48
1704614362 31
1704614426 41
1704614490 6



# Sketch: 14
1704613914 29
1704613978 23
1704614042 39
1704614106 26
1704614170 31
1704614234 35
1704614298 31
1704614362 42
1704614426 45
1704614490 10



# Sketch: 15
1704613914 36
1704613978 31
1704614042 24
1704614106 28
1704614170 42
1704614234 32
1704614298 41
1704614362 29
1704614426 32
1704614490 9



# Sketch: 16
1704613914 47
1704613978 30
1704614042 38
1704614106 74
1704614170 55
1704614234 38
1704614298 37
1704614362 38
1704614426 44
1704614490 10



# Sketch: 17
1704613914 35
1704613978 63
1704614042 44
1704614106 38
1704614170 27
1704614234 57
1704614298 40
1704614362 30
1704614426 26
1704614490 11



# Sketch: 18
1704613914 30
1704613978 24
1704614042 35
1704614106 34
1704614170 28
1704614234 12
1704614298 29
1704614362 36
1704614426 31
1704614490 6



# Sketch: 19
1704613914 18
1704613978 82
1704614042 50
1704614106 44
1704614170 44
1704614234 22
1704614298 39
1704614362 29
1704614426 35
1704614490 9



# Sketch: 20
1704613914 47
1704613978 59
1704614042 47
1704614106 48
1704614170 35
1704614234 50
1704614298 47
1704614362 32
1704614426 43
1704614490 24



# Sketch: 21
1704613914 27
1704613978 55
1704614042 38
1704614106 42
1704614170 34
1704614234 38
1704614298 53
1704614362 31
1704614426 30
1704614490 13



# Sketch: 22
1704613914 39
1704613978 22
1704614042 28
1704614106 25
1704614170 27
1704614234 40
1704614298 31
1704614362 44
1704614426 22
1704614490 3



# Sketch: 23
1704613914 33
1704613978 23
1704614042 48
1704614106 21
1704614170 22
1704614234 51
1704614298 49
1704614362 46
1704614426 34
1704614490 15



# Sketch: 24
1704613914 16
1704613978 27
1704614042 34
1704614106 26
1704614170 32
1704614234 24
1704614298 53
1704614362 19
1704614426 40
1704614490 16



# Sketch: 25
1704613914 25
1704613978 55
1704614042 86
1704614106 79
1704614170 38
1704614234 53
1704614298 50
1704614362 41
1704614426 32
1704614490 21



# Sketch: 26
1704613914 51
1704613978 27
1704614042 38
1704614106 32
1704614170 30
1704614234 28
1704614298 26
1704614362 36
1704614426 25
1704614490 24



# Sketch: 27
1704613914 28
1704613978 16
1704614042 49
1704614106 46
1704614170 43
1704614234 24
1704614298 43
1704614362 77
1704614426 31
1704614490 11



# Sketch: 28
1704613914 29
1704613978 41
1704614042 28
1704614106 20
1704614170 24
1704614234 20
1704614298 26
1704614362 27
1704614426 22
1704614490 24



# Sketch: 29
1704613914 27
1704613978 21
1704614042 32
1704614106 77
1704614170 56
1704614234 29
1704614298 32
1704614362 48
1704614426 57
1704614490 16



# Sketch: 30
1704613914 20
1704613978 43
1704614042 28
1704614106 63
1704614170 23
1704614234 57
1704614298 27
1704614362 30
1704614426 36
1704614490 15



# Sketch: 31
1704613914 29
1704613978 30
1704614042 40
1704614106 59
1704614170 38
1704614234 59
1704614298 67
1704614362 37
1704614426 49
1704614490 8

