

# Sketch: 0
1704613914 42
1704613978 63
1704614042 30
1704614106 78
1704614170 37
1704614234 67
1704614298 55
1704614362 30
1704614426 59
1704614490 28



# Sketch: 1
1704613914 18
1704613978 75
1704614042 25
1704614106 26
1704614170 20
1704614234 42
1704614298 31
1704614362 30
1704614426 43
1704614490 10



# Sketch: 2
1704613914 24
1704613978 35
1704614042 54
1704614106 30
1704614170 26
1704614234 44
1704614298 40
1704614362 24
1704614426 36
1704614490 24



# Sketch: 3
1704613914 38
1704613978 51
1704614042 57
1704614106 47
1704614170 58
1704614234 45
1704614298 38
1704614362 39
1704614426 31
1704614490 20



# Sketch: 4
1704613914 35
1704613978 34
1704614042 26
1704614106 39
1704614170 41
1704614234 42
1704614298 23
1704614362 51
1704614426 24
1704614490 22



# Sketch: 5
1704613914 11
1704613978 32
1704614042 24
1704614106 23
1704614170 42
1704614234 14
1704614298 46
1704614362 25
1704614426 23
1704614490 7



# Sketch: 6
1704613914 24
1704613978 19
1704614042 37
1704614106 55
1704614170 41
1704614234 50
1704614298 34
1704614362 45
1704614426 25
1704614490 10



# Sketch: 7
1704613914 41
1704613978 29
1704614042 30
1704614106 57
1704614170 34
1704614234 32
1704614298 45
1704614362 42
1704614426 35
1704614490 8



# Sketch: 8
1704613914 21
1704613978 45
1704614042 57
1704614106 41
1704614170 18
1704614234 36
1704614298 26
1704614362 47
1704614426 29
1704614490 6



# Sketch: 9
1704613914 32
1704613978 27
1704614042 25
1704614106 46
1704614170 31
1704614234 25
1704614298 30
1704614362 42
1704614426 23
1704614490 7



# Sketch: 10
1704613914 41
1704613978 37
1704614042 38
1704614106 41
1704614170 32
1704614234 23
1704614298 34
1704614362 30
1704614426 35
1704614490 15



# Sketch: 11
1704613914 51
1704613978 48
1704614042 37
1704614106 34
1704614170 36
1704614234 44
1704614298 37
1704614362 43
1704614426 39
1704614490 24



# Sketch: 12
1704613914 21
1704613978 28
1704614042 81
1704614106 41
1704614170 39
1704614234 54
1704614298 19
1704614362 26
1704614426 40
1704614490 12



# Sketch: 13
1704613914 51
1704613978 33
1704614042 32
1704614106 35
1704614170 29
1704614234 34
1704614298 31
1704614362 26
1704614426 29
1704614490 11



# Sketch: 14
1704613914 33
1704613978 54
1704614042 40
1704614106 39
1704614170 21
1704614234 46
1704614298 39
1704614362 45
1704614426 30
1704614490 14



# Sketch: 15
1704613914 25
1704613978 30
1704614042 19
1704614106 20
1704614170 38
1704614234 44
1704614298 39
1704614362 29
1704614426 26
1704614490 6



# Sketch: 16
1704613914 24
1704613978 61
1704614042 34
1704614106 51
1704614170 16
1704614234 19
1704614298 36
1704614362 31
1704614426 38
1704614490 8



# Sketch: 17
1704613914 40
1704613978 28
1704614042 51
1704614106 23
1704614170 27
1704614234 42
1704614298 23
1704614362 26
1704614426 22
1704614490 12



# Sketch: 18
1704613914 52
1704613978 27
1704614042 37
1704614106 28
1704614170 42
1704614234 36
1704614298 37
1704614362 27
1704614426 30
1704614490 17



# Sketch: 19
1704613914 28
1704613978 36
1704614042 27
1704614106 32
1704614170 34
1704614234 36
1704614298 43
1704614362 32
1704614426 54
1704614490 15



# Sketch: 20
1704613914 44
1704613978 45
1704614042 25
1704614106 51
1704614170 32
1704614234 38
1704614298 32
1704614362 58
1704614426 25
1704614490 11



# Sketch: 21
1704613914 38
1704613978 29
1704614042 50
1704614106 67
1704614170 25
1704614234 48
1704614298 42
1704614362 46
1704614426 38
1704614490 10



# Sketch: 22
1704613914 37
1704613978 45
1704614042 49
1704614106 60
1704614170 76
1704614234 47
1704614298 73
1704614362 42
1704614426 58
1704614490 3



# Sketch: 23
1704613914 53
1704613978 31
1704614042 29
1704614106 38
1704614170 25
1704614234 39
1704614298 48
1704614362 38
1704614426 29
1704614490 5



# Sketch: 24
1704613914 54
1704613978 62
1704614042 60
1704614106 73
1704614170 31
1704614234 53
1704614298 56
1704614362 56
1704614426 40
1704614490 24



# Sketch: 25
1704613914 35
1704613978 50
1704614042 26
1704614106 38
1704614170 32
1704614234 29
1704614298 41
1704614362 30
1704614426 30
1704614490 10



# Sketch: 26
1704613914 34
1704613978 26
1704614042 29
1704614106 25
1704614170 40
1704614234 33
1704614298 34
1704614362 51
1704614426 33
1704614490 19



# Sketch: 27
1704613914 47
1704613978 29
1704614042 51
1704614106 48
1704614170 37
1704614234 52
1704614298 53
1704614362 44
1704614426 31
1704614490 11



# Sketch: 28
1704613914 19
1704613978 37
1704614042 15
1704614106 23
1704614170 41
1704614234 30
1704614298 30
1704614362 51
1704614426 33
1704614490 14



# Sketch: 29
1704613914 18
1704613978 38
1704614042 57
1704614106 61
1704614170 39
1704614234 48
1704614298 48
1704614362 38
1704614426 28
1704614490 16



# Sketch: 30
1704613914 21
1704613978 32
1704614042 52
1704614106 54
1704614170 39
1704614234 49
1704614298 48
1704614362 54
1704614426 47
1704614490 11



# Sketch: 31
1704613914 36
1704613978 17
1704614042 51
1704614106 17
1704614170 31
1704614234 44
1704614298 40
1704614362 49
1704614426 29
1704614490 12

