

# Sketch: 0
0 0.696305
1 0.509841
2 0.430855
3 0.463907
4 0.253198
5 0.259385
6 0.778722
7 0.444773



# Sketch: 1
0 0.532173
1 0.408682
2 0.250314
3 0.28083
4 0.538941
5 1.26471
6 0.763522
7 1.40257



# Sketch: 2
0 0.846239
1 1.18336
2 1.77878
3 2.12665
4 1.83602
5 1.28819
6 0.812081
7 0.502691



# Sketch: 3
0 1.03383
1 0.976784
2 0.762586
3 0.798322
4 0.731276
5 0.592322
6 0.615775
7 0.654239



# Sketch: 4
0 1.02366
1 0.853325
2 0.748636
3 0.802889
4 0.721099
5 0.615261
6 0.63023
7 0.440673



# Sketch: 5
0 0.596138
1 0.54908
2 0.486178
3 0.390778
4 0.528669
5 0.431746
6 0.464207
7 0.375491



# Sketch: 6
0 1.40788
1 1.29425
2 1.05053
3 0.954237
4 0.682985
5 0.5875
6 0.852255
7 0.787006



# Sketch: 7
0 0.223049
1 0.115848
2 0.0827057
3 0.122633
4 0.117602
5 0.179253
6 0.384783
7 0.376222



# Sketch: 8
0 0.937611
1 0.903598
2 0.712374
3 0.370087
4 0.174922
5 0.0862208
6 0.287401
7 0.285707



# Sketch: 9
0 1.08919
1 0.990439
2 0.711855
3 0.4968
4 0.512143
5 0.508469
6 0.694821
7 1.52672



# Sketch: 10
0 0.38524
1 0.560878
2 0.638881
3 0.727225
4 0.660603
5 0.576901
6 0.5255
7 0.376996



# Sketch: 11
0 0.120266
1 0.201359
2 0.179396
3 0.396109
4 0.300257
5 0.293499
6 0.305459
7 0.3027



# Sketch: 12
0 0.583561
1 0.539016
2 0.484129
3 0.463586
4 0.578551
5 0.439085
6 0.444555
7 0.350543



# Sketch: 13
0 0.286469
1 0.114265
2 0.160368
3 0.295453
4 0.665483
5 0.598491
6 0.821905
7 0.425888



# Sketch: 14
0 1.81073
1 1.77989
2 1.55213
3 1.21701
4 0.872045
5 0.590257
6 0.527097
7 0.805035



# Sketch: 15
0 0.653703
1 0.98424
2 0.930207
3 0.588256
4 0.343882
5 0.603478
6 0.148166
7 0.662568



# Sketch: 16
0 0.430582
1 0.397635
2 0.378013
3 0.305694
4 0.35323
5 0.450451
6 0.388441
7 0.375479



# Sketch: 17
0 1.01725
1 0.794606
2 0.974161
3 0.557157
4 0.172263
5 0.265283
6 0.207284
7 0.242312



# Sketch: 18
0 0.224684
1 0.332334
2 0.316614
3 1.05135
4 0.857171
5 0.508911
6 2.12553
7 0.451045



# Sketch: 19
0 0.391312
1 0.513804
2 0.767464
3 0.773825
4 0.781719
5 0.726103
6 1.7414
7 0.664399



# Sketch: 20
0 0.604078
1 0.486501
2 0.593715
3 0.297483
4 0.655618
5 0.287001
6 0.0483258
7 0.808642



# Sketch: 21
0 0.386467
1 0.372186
2 0.38067
3 0.33524
4 0.557778
5 0.460438
6 0.595
7 0.524006



# Sketch: 22
0 0.220312
1 0.489824
2 0.402037
3 0.258697
4 0.177921
5 0.73432
6 0.277557
7 0.464894



# Sketch: 23
0 0.156221
1 0.213834
2 0.2186
3 0.20582
4 0.753604
5 1.02792
6 0.510059
7 0.48237



# Sketch: 24
0 1.7609
1 1.08289
2 0.447425
3 0.211491
4 0.225204
5 0.137155
6 0.340979
7 0.407761



# Sketch: 25
0 1.34232
1 1.27972
2 1.34826
3 0.644736
4 1.03188
5 0.340357
6 0.24583
7 0.660299



# Sketch: 26
0 1.02017
1 0.872173
2 0.744801
3 0.804167
4 0.632744
5 0.5301
6 0.645264
7 0.615782



# Sketch: 27
0 0.661134
1 0.562893
2 0.411705
3 0.547716
4 0.461753
5 0.421321
6 0.618795
7 0.39101



# Sketch: 28
0 0.946626
1 0.676892
2 0.622766
3 0.994597
4 0.234437
5 0.0524341
6 0.602197
7 1.42865



# Sketch: 29
0 1.05147
1 0.814692
2 0.566482
3 0.393102
4 0.519565
5 0.569593
6 0.501051
7 0.526099



# Sketch: 30
0 0.709298
1 0.661929
2 0.502267
3 0.209496
4 0.160993
5 0.183367
6 0.191122
7 0.80444



# Sketch: 31
0 0.361514
1 0.506332
2 0.329922
3 0.361567
4 0.29241
5 0.41897
6 0.352292
7 0.38725

