

# Sketch: 0
1704614514 13
1704614530 8
1704614546 9
1704614562 9
1704614578 6
1704614594 8
1704614610 4
1704614626 11
1704614642 6
1704614658 13
1704614674 5
1704614690 7
1704614706 6
1704614722 12
1704614738 7
1704614754 14
1704614770 9
1704614786 16
1704614802 6
1704614818 6
1704614834 13
1704614850 14
1704614866 17
1704614882 12
1704614898 9
1704614914 10
1704614930 11
1704614946 8
1704614962 2
1704614978 6
1704614994 11
1704615010 6
1704615026 11
1704615042 4
1704615058 10
1704615074 14
1704615090 6
1704615106 8



# Sketch: 1
1704614514 17
1704614530 7
1704614546 8
1704614562 16
1704614578 4
1704614594 7
1704614610 8
1704614626 5
1704614642 11
1704614658 10
1704614674 15
1704614690 7
1704614706 6
1704614722 6
1704614738 5
1704614754 24
1704614770 2
1704614786 13
1704614802 6
1704614818 9
1704614834 15
1704614850 3
1704614866 4
1704614882 7
1704614898 10
1704614914 12
1704614930 1
1704614946 7
1704614962 2
1704614978 4
1704614994 6
1704615010 11
1704615026 7
1704615042 9
1704615058 3
1704615074 4
1704615090 7
1704615106 3



# Sketch: 2
1704614514 2
1704614530 4
1704614546 4
1704614562 4
1704614578 11
1704614594 6
1704614610 3
1704614626 24
1704614642 2
1704614658 3
1704614674 3
1704614690 17
1704614706 2
1704614722 1
1704614738 6
1704614754 10
1704614770 7
1704614786 6
1704614802 11
1704614818 10
1704614834 16
1704614850 3
1704614866 5
1704614882 10
1704614898 9
1704614914 5
1704614930 6
1704614946 6
1704614962 1
1704614978 6
1704614994 10
1704615010 12
1704615026 18
1704615042 8
1704615058 17
1704615074 4
1704615090 0
1704615106 8



# Sketch: 3
1704614514 16
1704614530 12
1704614546 9
1704614562 4
1704614578 17
1704614594 5
1704614610 6
1704614626 2
1704614642 13
1704614658 19
1704614674 14
1704614690 6
1704614706 5
1704614722 7
1704614738 5
1704614754 10
1704614770 15
1704614786 10
1704614802 15
1704614818 8
1704614834 1
1704614850 6
1704614866 13
1704614882 10
1704614898 13
1704614914 11
1704614930 5
1704614946 18
1704614962 4
1704614978 11
1704614994 10
1704615010 12
1704615026 14
1704615042 5
1704615058 14
1704615074 14
1704615090 1
1704615106 2



# Sketch: 4
1704614514 12
1704614530 12
1704614546 18
1704614562 22
1704614578 14
1704614594 9
1704614610 6
1704614626 5
1704614642 12
1704614658 4
1704614674 16
1704614690 14
1704614706 4
1704614722 7
1704614738 9
1704614754 10
1704614770 9
1704614786 9
1704614802 9
1704614818 12
1704614834 8
1704614850 5
1704614866 9
1704614882 11
1704614898 12
1704614914 4
1704614930 25
1704614946 24
1704614962 10
1704614978 6
1704614994 5
1704615010 5
1704615026 13
1704615042 13
1704615058 2
1704615074 8
1704615090 5
1704615106 3



# Sketch: 5
1704614514 13
1704614530 21
1704614546 12
1704614562 3
1704614578 3
1704614594 6
1704614610 11
1704614626 11
1704614642 14
1704614658 1
1704614674 5
1704614690 7
1704614706 5
1704614722 8
1704614738 3
1704614754 17
1704614770 5
1704614786 9
1704614802 9
1704614818 3
1704614834 8
1704614850 9
1704614866 4
1704614882 5
1704614898 13
1704614914 3
1704614930 9
1704614946 13
1704614962 6
1704614978 19
1704614994 12
1704615010 9
1704615026 5
1704615042 19
1704615058 29
1704615074 17
1704615090 4
1704615106 1



# Sketch: 6
1704614514 11
1704614530 7
1704614546 9
1704614562 6
1704614578 6
1704614594 10
1704614610 3
1704614626 17
1704614642 8
1704614658 6
1704614674 4
1704614690 6
1704614706 4
1704614722 12
1704614738 7
1704614754 21
1704614770 11
1704614786 6
1704614802 11
1704614818 20
1704614834 4
1704614850 15
1704614866 13
1704614882 16
1704614898 12
1704614914 19
1704614930 2
1704614946 14
1704614962 9
1704614978 6
1704614994 4
1704615010 15
1704615026 8
1704615042 5
1704615058 10
1704615074 6
1704615090 4
1704615106 13



# Sketch: 7
1704614514 9
1704614530 5
1704614546 8
1704614562 11
1704614578 15
1704614594 3
1704614610 19
1704614626 17
1704614642 8
1704614658 6
1704614674 13
1704614690 5
1704614706 5
1704614722 8
1704614738 9
1704614754 12
1704614770 4
1704614786 5
1704614802 4
1704614818 12
1704614834 5
1704614850 15
1704614866 17
1704614882 12
1704614898 8
1704614914 6
1704614930 4
1704614946 16
1704614962 18
1704614978 3
1704614994 9
1704615010 5
1704615026 11
1704615042 7
1704615058 13
1704615074 5
1704615090 4
1704615106 7



# Sketch: 8
1704614514 9
1704614530 9
1704614546 5
1704614562 15
1704614578 11
1704614594 9
1704614610 5
1704614626 11
1704614642 23
1704614658 9
1704614674 13
1704614690 11
1704614706 16
1704614722 10
1704614738 7
1704614754 7
1704614770 10
1704614786 3
1704614802 5
1704614818 12
1704614834 6
1704614850 6
1704614866 8
1704614882 8
1704614898 3
1704614914 13
1704614930 7
1704614946 12
1704614962 9
1704614978 4
1704614994 7
1704615010 50
1704615026 7
1704615042 3
1704615058 8
1704615074 6
1704615090 3
1704615106 4



# Sketch: 9
1704614514 10
1704614530 14
1704614546 9
1704614562 13
1704614578 9
1704614594 14
1704614610 5
1704614626 8
1704614642 11
1704614658 5
1704614674 13
1704614690 8
1704614706 18
1704614722 7
1704614738 7
1704614754 9
1704614770 14
1704614786 12
1704614802 9
1704614818 17
1704614834 10
1704614850 14
1704614866 9
1704614882 20
1704614898 11
1704614914 15
1704614930 20
1704614946 7
1704614962 14
1704614978 12
1704614994 10
1704615010 11
1704615026 7
1704615042 8
1704615058 5
1704615074 12
1704615090 8
1704615106 1



# Sketch: 10
1704614514 13
1704614530 10
1704614546 14
1704614562 11
1704614578 16
1704614594 6
1704614610 2
1704614626 1
1704614642 20
1704614658 8
1704614674 6
1704614690 9
1704614706 9
1704614722 3
1704614738 12
1704614754 37
1704614770 3
1704614786 10
1704614802 6
1704614818 23
1704614834 13
1704614850 4
1704614866 5
1704614882 17
1704614898 7
1704614914 4
1704614930 13
1704614946 9
1704614962 7
1704614978 9
1704614994 6
1704615010 7
1704615026 10
1704615042 5
1704615058 7
1704615074 4
1704615090 2
1704615106 5



# Sketch: 11
1704614514 8
1704614530 4
1704614546 13
1704614562 4
1704614578 8
1704614594 7
1704614610 6
1704614626 9
1704614642 7
1704614658 6
1704614674 7
1704614690 11
1704614706 24
1704614722 6
1704614738 10
1704614754 29
1704614770 7
1704614786 6
1704614802 10
1704614818 7
1704614834 8
1704614850 15
1704614866 7
1704614882 12
1704614898 6
1704614914 14
1704614930 7
1704614946 5
1704614962 7
1704614978 29
1704614994 11
1704615010 9
1704615026 10
1704615042 10
1704615058 5
1704615074 7
1704615090 2
1704615106 2



# Sketch: 12
1704614514 7
1704614530 1
1704614546 10
1704614562 9
1704614578 8
1704614594 3
1704614610 4
1704614626 6
1704614642 14
1704614658 5
1704614674 7
1704614690 4
1704614706 3
1704614722 4
1704614738 4
1704614754 6
1704614770 6
1704614786 4
1704614802 3
1704614818 3
1704614834 21
1704614850 9
1704614866 5
1704614882 6
1704614898 5
1704614914 12
1704614930 4
1704614946 11
1704614962 4
1704614978 13
1704614994 8
1704615010 6
1704615026 7
1704615042 4
1704615058 3
1704615074 6
1704615090 5
1704615106 0



# Sketch: 13
1704614514 4
1704614530 17
1704614546 8
1704614562 8
1704614578 16
1704614594 13
1704614610 10
1704614626 8
1704614642 7
1704614658 16
1704614674 6
1704614690 3
1704614706 7
1704614722 11
1704614738 2
1704614754 8
1704614770 16
1704614786 10
1704614802 7
1704614818 10
1704614834 6
1704614850 13
1704614866 4
1704614882 14
1704614898 3
1704614914 11
1704614930 2
1704614946 7
1704614962 6
1704614978 9
1704614994 5
1704615010 4
1704615026 4
1704615042 4
1704615058 10
1704615074 10
1704615090 10
1704615106 3



# Sketch: 14
1704614514 11
1704614530 11
1704614546 8
1704614562 15
1704614578 9
1704614594 9
1704614610 20
1704614626 14
1704614642 6
1704614658 5
1704614674 21
1704614690 6
1704614706 10
1704614722 14
1704614738 3
1704614754 23
1704614770 10
1704614786 11
1704614802 6
1704614818 12
1704614834 15
1704614850 7
1704614866 6
1704614882 7
1704614898 6
1704614914 7
1704614930 5
1704614946 9
1704614962 14
1704614978 7
1704614994 10
1704615010 8
1704615026 11
1704615042 13
1704615058 21
1704615074 7
1704615090 8
1704615106 5



# Sketch: 15
1704614514 10
1704614530 7
1704614546 3
1704614562 12
1704614578 2
1704614594 5
1704614610 28
1704614626 5
1704614642 17
1704614658 16
1704614674 8
1704614690 9
1704614706 12
1704614722 12
1704614738 27
1704614754 6
1704614770 5
1704614786 10
1704614802 20
1704614818 1
1704614834 5
1704614850 4
1704614866 6
1704614882 8
1704614898 9
1704614914 9
1704614930 0
1704614946 12
1704614962 6
1704614978 13
1704614994 2
1704615010 5
1704615026 3
1704615042 33
1704615058 15
1704615074 8
1704615090 6
1704615106 4



# Sketch: 16
1704614514 9
1704614530 8
1704614546 6
1704614562 9
1704614578 4
1704614594 8
1704614610 4
1704614626 9
1704614642 5
1704614658 11
1704614674 16
1704614690 7
1704614706 8
1704614722 13
1704614738 2
1704614754 6
1704614770 6
1704614786 10
1704614802 7
1704614818 10
1704614834 3
1704614850 6
1704614866 4
1704614882 17
1704614898 8
1704614914 3
1704614930 6
1704614946 6
1704614962 4
1704614978 9
1704614994 4
1704615010 5
1704615026 5
1704615042 7
1704615058 9
1704615074 5
1704615090 11
1704615106 5



# Sketch: 17
1704614514 13
1704614530 9
1704614546 20
1704614562 8
1704614578 2
1704614594 8
1704614610 14
1704614626 4
1704614642 5
1704614658 9
1704614674 9
1704614690 6
1704614706 17
1704614722 3
1704614738 4
1704614754 20
1704614770 13
1704614786 3
1704614802 5
1704614818 5
1704614834 1
1704614850 18
1704614866 11
1704614882 22
1704614898 9
1704614914 3
1704614930 5
1704614946 10
1704614962 2
1704614978 9
1704614994 5
1704615010 6
1704615026 6
1704615042 23
1704615058 6
1704615074 5
1704615090 1
1704615106 3



# Sketch: 18
1704614514 8
1704614530 10
1704614546 14
1704614562 11
1704614578 3
1704614594 9
1704614610 9
1704614626 8
1704614642 4
1704614658 4
1704614674 6
1704614690 10
1704614706 11
1704614722 10
1704614738 7
1704614754 4
1704614770 10
1704614786 21
1704614802 9
1704614818 10
1704614834 8
1704614850 7
1704614866 16
1704614882 12
1704614898 12
1704614914 14
1704614930 3
1704614946 13
1704614962 4
1704614978 7
1704614994 7
1704615010 13
1704615026 11
1704615042 5
1704615058 11
1704615074 7
1704615090 2
1704615106 3



# Sketch: 19
1704614514 14
1704614530 5
1704614546 13
1704614562 6
1704614578 1
1704614594 8
1704614610 8
1704614626 5
1704614642 12
1704614658 10
1704614674 8
1704614690 7
1704614706 3
1704614722 11
1704614738 15
1704614754 27
1704614770 10
1704614786 11
1704614802 19
1704614818 6
1704614834 10
1704614850 11
1704614866 17
1704614882 24
1704614898 4
1704614914 13
1704614930 13
1704614946 4
1704614962 8
1704614978 15
1704614994 6
1704615010 13
1704615026 6
1704615042 19
1704615058 3
1704615074 4
1704615090 9
1704615106 3



# Sketch: 20
1704614514 9
1704614530 17
1704614546 14
1704614562 8
1704614578 7
1704614594 2
1704614610 6
1704614626 10
1704614642 2
1704614658 11
1704614674 10
1704614690 6
1704614706 4
1704614722 7
1704614738 4
1704614754 16
1704614770 10
1704614786 1
1704614802 8
1704614818 6
1704614834 13
1704614850 7
1704614866 5
1704614882 12
1704614898 7
1704614914 6
1704614930 3
1704614946 10
1704614962 12
1704614978 17
1704614994 14
1704615010 9
1704615026 9
1704615042 9
1704615058 19
1704615074 7
1704615090 8
1704615106 2



# Sketch: 21
1704614514 8
1704614530 2
1704614546 5
1704614562 9
1704614578 4
1704614594 6
1704614610 11
1704614626 8
1704614642 5
1704614658 3
1704614674 10
1704614690 8
1704614706 13
1704614722 10
1704614738 10
1704614754 12
1704614770 2
1704614786 1
1704614802 7
1704614818 11
1704614834 20
1704614850 7
1704614866 10
1704614882 8
1704614898 9
1704614914 3
1704614930 6
1704614946 13
1704614962 5
1704614978 5
1704614994 15
1704615010 3
1704615026 8
1704615042 19
1704615058 5
1704615074 8
1704615090 6
1704615106 8



# Sketch: 22
1704614514 20
1704614530 16
1704614546 9
1704614562 7
1704614578 12
1704614594 6
1704614610 11
1704614626 8
1704614642 12
1704614658 11
1704614674 6
1704614690 12
1704614706 17
1704614722 11
1704614738 5
1704614754 11
1704614770 14
1704614786 13
1704614802 8
1704614818 13
1704614834 12
1704614850 13
1704614866 11
1704614882 11
1704614898 7
1704614914 10
1704614930 8
1704614946 13
1704614962 14
1704614978 6
1704614994 10
1704615010 10
1704615026 11
1704615042 8
1704615058 16
1704615074 20
1704615090 11
1704615106 1



# Sketch: 23
1704614514 6
1704614530 6
1704614546 9
1704614562 7
1704614578 10
1704614594 3
1704614610 4
1704614626 1
1704614642 10
1704614658 10
1704614674 6
1704614690 3
1704614706 5
1704614722 6
1704614738 10
1704614754 10
1704614770 10
1704614786 4
1704614802 7
1704614818 9
1704614834 7
1704614850 8
1704614866 8
1704614882 10
1704614898 7
1704614914 26
1704614930 4
1704614946 13
1704614962 7
1704614978 4
1704614994 8
1704615010 8
1704615026 12
1704615042 1
1704615058 11
1704615074 9
1704615090 6
1704615106 3



# Sketch: 24
1704614514 10
1704614530 8
1704614546 9
1704614562 18
1704614578 2
1704614594 3
1704614610 9
1704614626 5
1704614642 11
1704614658 5
1704614674 3
1704614690 3
1704614706 7
1704614722 8
1704614738 9
1704614754 4
1704614770 7
1704614786 4
1704614802 7
1704614818 9
1704614834 2
1704614850 7
1704614866 4
1704614882 7
1704614898 8
1704614914 10
1704614930 10
1704614946 1
1704614962 3
1704614978 2
1704614994 9
1704615010 8
1704615026 4
1704615042 8
1704615058 6
1704615074 8
1704615090 4
1704615106 7



# Sketch: 25
1704614514 15
1704614530 12
1704614546 11
1704614562 13
1704614578 13
1704614594 16
1704614610 16
1704614626 6
1704614642 12
1704614658 16
1704614674 8
1704614690 10
1704614706 20
1704614722 22
1704614738 5
1704614754 20
1704614770 16
1704614786 11
1704614802 4
1704614818 16
1704614834 7
1704614850 22
1704614866 19
1704614882 13
1704614898 9
1704614914 9
1704614930 10
1704614946 18
1704614962 29
1704614978 12
1704614994 11
1704615010 11
1704615026 7
1704615042 14
1704615058 14
1704615074 16
1704615090 10
1704615106 6



# Sketch: 26
1704614514 12
1704614530 7
1704614546 3
1704614562 13
1704614578 15
1704614594 13
1704614610 7
1704614626 4
1704614642 7
1704614658 11
1704614674 6
1704614690 4
1704614706 2
1704614722 9
1704614738 4
1704614754 10
1704614770 8
1704614786 2
1704614802 8
1704614818 15
1704614834 9
1704614850 8
1704614866 16
1704614882 15
1704614898 2
1704614914 15
1704614930 3
1704614946 9
1704614962 12
1704614978 8
1704614994 5
1704615010 3
1704615026 7
1704615042 9
1704615058 6
1704615074 12
1704615090 10
1704615106 4



# Sketch: 27
1704614514 5
1704614530 7
1704614546 2
1704614562 9
1704614578 3
1704614594 3
1704614610 17
1704614626 4
1704614642 9
1704614658 1
1704614674 7
1704614690 2
1704614706 7
1704614722 8
1704614738 3
1704614754 5
1704614770 3
1704614786 2
1704614802 6
1704614818 8
1704614834 6
1704614850 10
1704614866 4
1704614882 12
1704614898 4
1704614914 8
1704614930 5
1704614946 4
1704614962 3
1704614978 6
1704614994 5
1704615010 6
1704615026 2
1704615042 5
1704615058 14
1704615074 8
1704615090 4
1704615106 1



# Sketch: 28
1704614514 13
1704614530 8
1704614546 6
1704614562 8
1704614578 4
1704614594 5
1704614610 8
1704614626 4
1704614642 4
1704614658 1
1704614674 9
1704614690 5
1704614706 2
1704614722 3
1704614738 16
1704614754 12
1704614770 6
1704614786 11
1704614802 12
1704614818 4
1704614834 9
1704614850 1
1704614866 20
1704614882 11
1704614898 7
1704614914 9
1704614930 7
1704614946 6
1704614962 8
1704614978 7
1704614994 18
1704615010 5
1704615026 6
1704615042 7
1704615058 9
1704615074 15
1704615090 7
1704615106 4



# Sketch: 29
1704614514 3
1704614530 15
1704614546 6
1704614562 17
1704614578 2
1704614594 2
1704614610 4
1704614626 9
1704614642 13
1704614658 17
1704614674 21
1704614690 5
1704614706 1
1704614722 12
1704614738 2
1704614754 8
1704614770 5
1704614786 4
1704614802 9
1704614818 15
1704614834 7
1704614850 6
1704614866 9
1704614882 4
1704614898 8
1704614914 5
1704614930 5
1704614946 11
1704614962 3
1704614978 10
1704614994 16
1704615010 5
1704615026 14
1704615042 12
1704615058 8
1704615074 8
1704615090 13
1704615106 5



# Sketch: 30
1704614514 12
1704614530 4
1704614546 7
1704614562 7
1704614578 3
1704614594 11
1704614610 10
1704614626 19
1704614642 13
1704614658 20
1704614674 8
1704614690 8
1704614706 13
1704614722 5
1704614738 4
1704614754 9
1704614770 3
1704614786 4
1704614802 2
1704614818 5
1704614834 10
1704614850 9
1704614866 5
1704614882 10
1704614898 5
1704614914 2
1704614930 7
1704614946 10
1704614962 4
1704614978 9
1704614994 15
1704615010 2
1704615026 4
1704615042 8
1704615058 3
1704615074 5
1704615090 9
1704615106 3



# Sketch: 31
1704614514 8
1704614530 9
1704614546 6
1704614562 7
1704614578 13
1704614594 15
1704614610 4
1704614626 7
1704614642 9
1704614658 8
1704614674 5
1704614690 18
1704614706 10
1704614722 9
1704614738 22
1704614754 13
1704614770 11
1704614786 12
1704614802 7
1704614818 13
1704614834 5
1704614850 6
1704614866 8
1704614882 12
1704614898 8
1704614914 8
1704614930 3
1704614946 8
1704614962 13
1704614978 9
1704614994 4
1704615010 2
1704615026 1
1704615042 4
1704615058 13
1704615074 16
1704615090 2
1704615106 0

