

# Sketch: 0
1704614514 73
1704614642 91
1704614770 64
1704614898 62
1704615026 47



# Sketch: 1
1704614514 78
1704614642 86
1704614770 42
1704614898 63
1704615026 48



# Sketch: 2
1704614514 46
1704614642 77
1704614770 52
1704614898 68
1704615026 49



# Sketch: 3
1704614514 69
1704614642 93
1704614770 70
1704614898 62
1704615026 33



# Sketch: 4
1704614514 92
1704614642 99
1704614770 82
1704614898 73
1704615026 41



# Sketch: 5
1704614514 123
1704614642 100
1704614770 100
1704614898 69
1704615026 58



# Sketch: 6
1704614514 80
1704614642 74
1704614770 96
1704614898 84
1704615026 57



# Sketch: 7
1704614514 52
1704614642 77
1704614770 71
1704614898 51
1704615026 60



# Sketch: 8
1704614514 91
1704614642 79
1704614770 98
1704614898 75
1704615026 51



# Sketch: 9
1704614514 56
1704614642 90
1704614770 85
1704614898 66
1704615026 50



# Sketch: 10
1704614514 96
1704614642 86
1704614770 94
1704614898 73
1704615026 61



# Sketch: 11
1704614514 61
1704614642 46
1704614770 55
1704614898 47
1704615026 35



# Sketch: 12
1704614514 88
1704614642 63
1704614770 61
1704614898 77
1704615026 40



# Sketch: 13
1704614514 67
1704614642 68
1704614770 68
1704614898 64
1704615026 50



# Sketch: 14
1704614514 73
1704614642 66
1704614770 70
1704614898 71
1704615026 45



# Sketch: 15
1704614514 46
1704614642 64
1704614770 68
1704614898 54
1704615026 56



# Sketch: 16
1704614514 75
1704614642 76
1704614770 92
1704614898 81
1704615026 60



# Sketch: 17
1704614514 67
1704614642 55
1704614770 97
1704614898 68
1704615026 20



# Sketch: 18
1704614514 52
1704614642 53
1704614770 55
1704614898 48
1704615026 33



# Sketch: 19
1704614514 89
1704614642 126
1704614770 73
1704614898 56
1704615026 50



# Sketch: 20
1704614514 96
1704614642 79
1704614770 83
1704614898 76
1704615026 63



# Sketch: 21
1704614514 91
1704614642 85
1704614770 93
1704614898 86
1704615026 40



# Sketch: 22
1704614514 56
1704614642 71
1704614770 53
1704614898 73
1704615026 45



# Sketch: 23
1704614514 45
1704614642 54
1704614770 84
1704614898 98
1704615026 32



# Sketch: 24
1704614514 111
1704614642 95
1704614770 79
1704614898 117
1704615026 51



# Sketch: 25
1704614514 56
1704614642 66
1704614770 67
1704614898 88
1704615026 38



# Sketch: 26
1704614514 71
1704614642 88
1704614770 56
1704614898 78
1704615026 42



# Sketch: 27
1704614514 49
1704614642 69
1704614770 65
1704614898 72
1704615026 38



# Sketch: 28
1704614514 68
1704614642 48
1704614770 88
1704614898 58
1704615026 79



# Sketch: 29
1704614514 56
1704614642 42
1704614770 56
1704614898 49
1704615026 32



# Sketch: 30
1704614514 55
1704614642 43
1704614770 56
1704614898 53
1704615026 28



# Sketch: 31
1704614514 38
1704614642 47
1704614770 75
1704614898 39
1704615026 60

