

# Sketch: 0
1704614514 9
1704614530 9
1704614546 20
1704614562 6
1704614578 4
1704614594 7
1704614610 11
1704614626 2
1704614642 10
1704614658 24
1704614674 4
1704614690 10
1704614706 14
1704614722 9
1704614738 3
1704614754 34
1704614770 1
1704614786 9
1704614802 5
1704614818 6
1704614834 3
1704614850 9
1704614866 6
1704614882 3
1704614898 11
1704614914 6
1704614930 3
1704614946 13
1704614962 16
1704614978 18
1704614994 8
1704615010 6
1704615026 3
1704615042 8
1704615058 6
1704615074 4
1704615090 5
1704615106 1



# Sketch: 1
1704614514 3
1704614530 5
1704614546 8
1704614562 11
1704614578 12
1704614594 11
1704614610 0
1704614626 11
1704614642 8
1704614658 7
1704614674 8
1704614690 3
1704614706 12
1704614722 0
1704614738 5
1704614754 5
1704614770 6
1704614786 5
1704614802 9
1704614818 4
1704614834 6
1704614850 9
1704614866 8
1704614882 14
1704614898 8
1704614914 7
1704614930 4
1704614946 8
1704614962 13
1704614978 11
1704614994 5
1704615010 2
1704615026 4
1704615042 4
1704615058 9
1704615074 3
1704615090 2
1704615106 3



# Sketch: 2
1704614514 8
1704614530 8
1704614546 4
1704614562 18
1704614578 12
1704614594 4
1704614610 8
1704614626 10
1704614642 6
1704614658 3
1704614674 10
1704614690 9
1704614706 11
1704614722 6
1704614738 12
1704614754 31
1704614770 2
1704614786 2
1704614802 16
1704614818 9
1704614834 3
1704614850 13
1704614866 9
1704614882 2
1704614898 8
1704614914 12
1704614930 7
1704614946 7
1704614962 4
1704614978 2
1704614994 10
1704615010 48
1704615026 9
1704615042 16
1704615058 11
1704615074 13
1704615090 7
1704615106 8



# Sketch: 3
1704614514 8
1704614530 5
1704614546 7
1704614562 6
1704614578 5
1704614594 11
1704614610 13
1704614626 8
1704614642 16
1704614658 2
1704614674 8
1704614690 10
1704614706 9
1704614722 13
1704614738 1
1704614754 18
1704614770 5
1704614786 4
1704614802 7
1704614818 8
1704614834 11
1704614850 7
1704614866 8
1704614882 14
1704614898 9
1704614914 9
1704614930 12
1704614946 7
1704614962 6
1704614978 7
1704614994 22
1704615010 5
1704615026 3
1704615042 31
1704615058 23
1704615074 6
1704615090 4
1704615106 6



# Sketch: 4
1704614514 9
1704614530 15
1704614546 6
1704614562 5
1704614578 3
1704614594 7
1704614610 8
1704614626 6
1704614642 10
1704614658 10
1704614674 13
1704614690 8
1704614706 1
1704614722 12
1704614738 18
1704614754 14
1704614770 6
1704614786 7
1704614802 4
1704614818 7
1704614834 4
1704614850 6
1704614866 4
1704614882 13
1704614898 8
1704614914 8
1704614930 4
1704614946 15
1704614962 6
1704614978 5
1704614994 14
1704615010 5
1704615026 12
1704615042 18
1704615058 6
1704615074 8
1704615090 4
1704615106 0



# Sketch: 5
1704614514 12
1704614530 8
1704614546 7
1704614562 4
1704614578 9
1704614594 5
1704614610 11
1704614626 5
1704614642 8
1704614658 8
1704614674 10
1704614690 8
1704614706 6
1704614722 7
1704614738 6
1704614754 8
1704614770 15
1704614786 25
1704614802 25
1704614818 10
1704614834 11
1704614850 9
1704614866 14
1704614882 11
1704614898 13
1704614914 12
1704614930 7
1704614946 10
1704614962 5
1704614978 5
1704614994 4
1704615010 11
1704615026 9
1704615042 5
1704615058 1
1704615074 6
1704615090 3
1704615106 2



# Sketch: 6
1704614514 11
1704614530 5
1704614546 7
1704614562 10
1704614578 10
1704614594 5
1704614610 6
1704614626 10
1704614642 3
1704614658 3
1704614674 12
1704614690 11
1704614706 5
1704614722 9
1704614738 10
1704614754 10
1704614770 3
1704614786 4
1704614802 9
1704614818 25
1704614834 2
1704614850 5
1704614866 3
1704614882 5
1704614898 7
1704614914 2
1704614930 8
1704614946 3
1704614962 8
1704614978 10
1704614994 9
1704615010 3
1704615026 9
1704615042 8
1704615058 13
1704615074 9
1704615090 4
1704615106 0



# Sketch: 7
1704614514 7
1704614530 8
1704614546 9
1704614562 17
1704614578 4
1704614594 2
1704614610 7
1704614626 2
1704614642 15
1704614658 6
1704614674 12
1704614690 4
1704614706 7
1704614722 1
1704614738 2
1704614754 13
1704614770 10
1704614786 10
1704614802 11
1704614818 11
1704614834 5
1704614850 8
1704614866 7
1704614882 21
1704614898 6
1704614914 7
1704614930 5
1704614946 12
1704614962 10
1704614978 31
1704614994 12
1704615010 6
1704615026 5
1704615042 4
1704615058 7
1704615074 11
1704615090 13
1704615106 3



# Sketch: 8
1704614514 8
1704614530 3
1704614546 7
1704614562 11
1704614578 3
1704614594 2
1704614610 5
1704614626 6
1704614642 15
1704614658 7
1704614674 5
1704614690 12
1704614706 12
1704614722 26
1704614738 7
1704614754 13
1704614770 10
1704614786 5
1704614802 6
1704614818 7
1704614834 18
1704614850 22
1704614866 7
1704614882 4
1704614898 8
1704614914 5
1704614930 11
1704614946 7
1704614962 6
1704614978 16
1704614994 4
1704615010 9
1704615026 3
1704615042 16
1704615058 7
1704615074 3
1704615090 9
1704615106 3



# Sketch: 9
1704614514 9
1704614530 5
1704614546 5
1704614562 3
1704614578 4
1704614594 3
1704614610 8
1704614626 4
1704614642 5
1704614658 10
1704614674 7
1704614690 6
1704614706 6
1704614722 8
1704614738 2
1704614754 26
1704614770 6
1704614786 13
1704614802 2
1704614818 6
1704614834 2
1704614850 5
1704614866 9
1704614882 13
1704614898 11
1704614914 5
1704614930 4
1704614946 12
1704614962 0
1704614978 6
1704614994 10
1704615010 15
1704615026 10
1704615042 5
1704615058 6
1704615074 5
1704615090 4
1704615106 2



# Sketch: 10
1704614514 6
1704614530 8
1704614546 12
1704614562 4
1704614578 8
1704614594 7
1704614610 14
1704614626 19
1704614642 1
1704614658 6
1704614674 4
1704614690 10
1704614706 10
1704614722 16
1704614738 1
1704614754 4
1704614770 3
1704614786 5
1704614802 11
1704614818 14
1704614834 7
1704614850 10
1704614866 5
1704614882 16
1704614898 0
1704614914 5
1704614930 4
1704614946 16
1704614962 8
1704614978 7
1704614994 5
1704615010 4
1704615026 7
1704615042 7
1704615058 14
1704615074 7
1704615090 13
1704615106 8



# Sketch: 11
1704614514 13
1704614530 14
1704614546 12
1704614562 11
1704614578 9
1704614594 9
1704614610 7
1704614626 2
1704614642 10
1704614658 5
1704614674 11
1704614690 5
1704614706 7
1704614722 15
1704614738 2
1704614754 6
1704614770 9
1704614786 11
1704614802 8
1704614818 3
1704614834 8
1704614850 10
1704614866 15
1704614882 17
1704614898 11
1704614914 14
1704614930 8
1704614946 11
1704614962 3
1704614978 5
1704614994 7
1704615010 9
1704615026 9
1704615042 14
1704615058 4
1704615074 8
1704615090 5
1704615106 5



# Sketch: 12
1704614514 10
1704614530 10
1704614546 10
1704614562 6
1704614578 9
1704614594 6
1704614610 18
1704614626 18
1704614642 16
1704614658 8
1704614674 12
1704614690 4
1704614706 10
1704614722 7
1704614738 9
1704614754 12
1704614770 10
1704614786 9
1704614802 1
1704614818 3
1704614834 5
1704614850 10
1704614866 5
1704614882 17
1704614898 5
1704614914 4
1704614930 9
1704614946 16
1704614962 10
1704614978 18
1704614994 9
1704615010 12
1704615026 18
1704615042 13
1704615058 17
1704615074 13
1704615090 9
1704615106 3



# Sketch: 13
1704614514 10
1704614530 5
1704614546 3
1704614562 9
1704614578 8
1704614594 7
1704614610 5
1704614626 19
1704614642 6
1704614658 2
1704614674 3
1704614690 3
1704614706 3
1704614722 7
1704614738 12
1704614754 19
1704614770 10
1704614786 3
1704614802 8
1704614818 4
1704614834 13
1704614850 23
1704614866 7
1704614882 5
1704614898 6
1704614914 3
1704614930 9
1704614946 3
1704614962 3
1704614978 5
1704614994 5
1704615010 3
1704615026 10
1704615042 6
1704615058 12
1704615074 11
1704615090 5
1704615106 7



# Sketch: 14
1704614514 6
1704614530 4
1704614546 10
1704614562 17
1704614578 11
1704614594 5
1704614610 5
1704614626 6
1704614642 5
1704614658 19
1704614674 3
1704614690 7
1704614706 8
1704614722 8
1704614738 6
1704614754 13
1704614770 13
1704614786 9
1704614802 16
1704614818 15
1704614834 19
1704614850 7
1704614866 8
1704614882 28
1704614898 7
1704614914 16
1704614930 7
1704614946 9
1704614962 2
1704614978 4
1704614994 9
1704615010 11
1704615026 15
1704615042 9
1704615058 7
1704615074 9
1704615090 5
1704615106 4



# Sketch: 15
1704614514 11
1704614530 15
1704614546 9
1704614562 9
1704614578 3
1704614594 8
1704614610 7
1704614626 4
1704614642 12
1704614658 19
1704614674 9
1704614690 7
1704614706 4
1704614722 5
1704614738 12
1704614754 12
1704614770 15
1704614786 9
1704614802 19
1704614818 5
1704614834 11
1704614850 5
1704614866 6
1704614882 15
1704614898 9
1704614914 6
1704614930 15
1704614946 13
1704614962 3
1704614978 9
1704614994 3
1704615010 4
1704615026 12
1704615042 9
1704615058 5
1704615074 6
1704615090 4
1704615106 10



# Sketch: 16
1704614514 5
1704614530 6
1704614546 9
1704614562 11
1704614578 5
1704614594 3
1704614610 4
1704614626 9
1704614642 4
1704614658 6
1704614674 17
1704614690 8
1704614706 7
1704614722 6
1704614738 3
1704614754 8
1704614770 11
1704614786 6
1704614802 10
1704614818 9
1704614834 6
1704614850 3
1704614866 22
1704614882 11
1704614898 7
1704614914 5
1704614930 2
1704614946 5
1704614962 10
1704614978 7
1704614994 15
1704615010 11
1704615026 5
1704615042 4
1704615058 9
1704615074 6
1704615090 5
1704615106 1



# Sketch: 17
1704614514 6
1704614530 4
1704614546 13
1704614562 17
1704614578 8
1704614594 9
1704614610 0
1704614626 11
1704614642 8
1704614658 3
1704614674 9
1704614690 13
1704614706 6
1704614722 4
1704614738 4
1704614754 15
1704614770 9
1704614786 13
1704614802 2
1704614818 14
1704614834 13
1704614850 6
1704614866 4
1704614882 12
1704614898 5
1704614914 11
1704614930 6
1704614946 10
1704614962 2
1704614978 5
1704614994 14
1704615010 6
1704615026 3
1704615042 8
1704615058 8
1704615074 8
1704615090 3
1704615106 15



# Sketch: 18
1704614514 12
1704614530 9
1704614546 3
1704614562 12
1704614578 11
1704614594 4
1704614610 10
1704614626 3
1704614642 8
1704614658 6
1704614674 7
1704614690 1
1704614706 3
1704614722 7
1704614738 4
1704614754 10
1704614770 2
1704614786 16
1704614802 3
1704614818 2
1704614834 18
1704614850 4
1704614866 4
1704614882 4
1704614898 2
1704614914 5
1704614930 1
1704614946 9
1704614962 7
1704614978 13
1704614994 3
1704615010 2
1704615026 6
1704615042 4
1704615058 7
1704615074 5
1704615090 7
1704615106 2



# Sketch: 19
1704614514 17
1704614530 6
1704614546 4
1704614562 8
1704614578 1
1704614594 10
1704614610 5
1704614626 16
1704614642 3
1704614658 3
1704614674 23
1704614690 1
1704614706 4
1704614722 12
1704614738 18
1704614754 12
1704614770 13
1704614786 6
1704614802 8
1704614818 8
1704614834 4
1704614850 7
1704614866 30
1704614882 9
1704614898 5
1704614914 6
1704614930 14
1704614946 11
1704614962 7
1704614978 14
1704614994 7
1704615010 12
1704615026 4
1704615042 12
1704615058 13
1704615074 11
1704615090 4
1704615106 6



# Sketch: 20
1704614514 2
1704614530 15
1704614546 13
1704614562 4
1704614578 11
1704614594 7
1704614610 9
1704614626 9
1704614642 8
1704614658 7
1704614674 5
1704614690 3
1704614706 10
1704614722 2
1704614738 7
1704614754 1
1704614770 2
1704614786 9
1704614802 8
1704614818 12
1704614834 3
1704614850 9
1704614866 8
1704614882 4
1704614898 10
1704614914 5
1704614930 17
1704614946 14
1704614962 12
1704614978 9
1704614994 4
1704615010 4
1704615026 5
1704615042 12
1704615058 6
1704615074 3
1704615090 1
1704615106 3



# Sketch: 21
1704614514 18
1704614530 27
1704614546 9
1704614562 8
1704614578 7
1704614594 20
1704614610 11
1704614626 4
1704614642 20
1704614658 22
1704614674 11
1704614690 11
1704614706 2
1704614722 10
1704614738 11
1704614754 18
1704614770 19
1704614786 12
1704614802 8
1704614818 8
1704614834 5
1704614850 15
1704614866 14
1704614882 25
1704614898 10
1704614914 23
1704614930 7
1704614946 4
1704614962 6
1704614978 8
1704614994 14
1704615010 23
1704615026 9
1704615042 6
1704615058 10
1704615074 19
1704615090 2
1704615106 5



# Sketch: 22
1704614514 9
1704614530 15
1704614546 6
1704614562 7
1704614578 14
1704614594 14
1704614610 33
1704614626 4
1704614642 14
1704614658 5
1704614674 19
1704614690 3
1704614706 6
1704614722 7
1704614738 27
1704614754 8
1704614770 4
1704614786 3
1704614802 5
1704614818 6
1704614834 5
1704614850 11
1704614866 5
1704614882 16
1704614898 4
1704614914 17
1704614930 3
1704614946 13
1704614962 8
1704614978 13
1704614994 6
1704615010 8
1704615026 9
1704615042 27
1704615058 4
1704615074 7
1704615090 4
1704615106 3



# Sketch: 23
1704614514 22
1704614530 4
1704614546 7
1704614562 21
1704614578 18
1704614594 5
1704614610 3
1704614626 8
1704614642 13
1704614658 4
1704614674 1
1704614690 8
1704614706 9
1704614722 5
1704614738 6
1704614754 14
1704614770 6
1704614786 4
1704614802 12
1704614818 9
1704614834 7
1704614850 8
1704614866 7
1704614882 10
1704614898 7
1704614914 4
1704614930 8
1704614946 5
1704614962 3
1704614978 9
1704614994 12
1704615010 8
1704615026 8
1704615042 13
1704615058 6
1704615074 12
1704615090 2
1704615106 0



# Sketch: 24
1704614514 11
1704614530 3
1704614546 8
1704614562 3
1704614578 15
1704614594 8
1704614610 10
1704614626 6
1704614642 9
1704614658 4
1704614674 6
1704614690 15
1704614706 29
1704614722 6
1704614738 9
1704614754 14
1704614770 5
1704614786 2
1704614802 7
1704614818 12
1704614834 8
1704614850 11
1704614866 6
1704614882 16
1704614898 9
1704614914 12
1704614930 12
1704614946 10
1704614962 17
1704614978 6
1704614994 17
1704615010 9
1704615026 11
1704615042 9
1704615058 12
1704615074 9
1704615090 10
1704615106 2



# Sketch: 25
1704614514 8
1704614530 11
1704614546 6
1704614562 4
1704614578 2
1704614594 6
1704614610 3
1704614626 16
1704614642 5
1704614658 8
1704614674 4
1704614690 12
1704614706 30
1704614722 6
1704614738 7
1704614754 12
1704614770 7
1704614786 5
1704614802 4
1704614818 12
1704614834 12
1704614850 6
1704614866 16
1704614882 9
1704614898 8
1704614914 20
1704614930 6
1704614946 8
1704614962 9
1704614978 4
1704614994 4
1704615010 7
1704615026 6
1704615042 7
1704615058 21
1704615074 6
1704615090 8
1704615106 6



# Sketch: 26
1704614514 7
1704614530 5
1704614546 6
1704614562 7
1704614578 13
1704614594 6
1704614610 6
1704614626 18
1704614642 12
1704614658 10
1704614674 14
1704614690 5
1704614706 4
1704614722 18
1704614738 17
1704614754 4
1704614770 8
1704614786 5
1704614802 3
1704614818 28
1704614834 24
1704614850 5
1704614866 10
1704614882 13
1704614898 5
1704614914 10
1704614930 4
1704614946 9
1704614962 9
1704614978 15
1704614994 17
1704615010 8
1704615026 12
1704615042 8
1704615058 16
1704615074 8
1704615090 8
1704615106 3



# Sketch: 27
1704614514 11
1704614530 17
1704614546 13
1704614562 18
1704614578 9
1704614594 13
1704614610 13
1704614626 2
1704614642 16
1704614658 19
1704614674 5
1704614690 11
1704614706 13
1704614722 10
1704614738 8
1704614754 27
1704614770 12
1704614786 2
1704614802 7
1704614818 18
1704614834 13
1704614850 6
1704614866 7
1704614882 15
1704614898 12
1704614914 26
1704614930 2
1704614946 12
1704614962 4
1704614978 5
1704614994 4
1704615010 7
1704615026 5
1704615042 3
1704615058 13
1704615074 17
1704615090 6
1704615106 7



# Sketch: 28
1704614514 17
1704614530 6
1704614546 7
1704614562 8
1704614578 5
1704614594 8
1704614610 6
1704614626 13
1704614642 9
1704614658 12
1704614674 6
1704614690 3
1704614706 8
1704614722 11
1704614738 4
1704614754 17
1704614770 13
1704614786 10
1704614802 7
1704614818 10
1704614834 11
1704614850 3
1704614866 8
1704614882 5
1704614898 5
1704614914 6
1704614930 1
1704614946 13
1704614962 15
1704614978 7
1704614994 4
1704615010 6
1704615026 10
1704615042 8
1704615058 13
1704615074 20
1704615090 8
1704615106 3



# Sketch: 29
1704614514 17
1704614530 23
1704614546 20
1704614562 25
1704614578 2
1704614594 12
1704614610 9
1704614626 3
1704614642 21
1704614658 12
1704614674 20
1704614690 11
1704614706 2
1704614722 1
1704614738 3
1704614754 10
1704614770 7
1704614786 10
1704614802 1
1704614818 6
1704614834 7
1704614850 19
1704614866 4
1704614882 9
1704614898 12
1704614914 8
1704614930 7
1704614946 8
1704614962 6
1704614978 11
1704614994 1
1704615010 7
1704615026 9
1704615042 3
1704615058 3
1704615074 8
1704615090 6
1704615106 3



# Sketch: 30
1704614514 17
1704614530 8
1704614546 15
1704614562 12
1704614578 7
1704614594 5
1704614610 10
1704614626 4
1704614642 11
1704614658 12
1704614674 5
1704614690 13
1704614706 6
1704614722 6
1704614738 4
1704614754 15
1704614770 16
1704614786 10
1704614802 12
1704614818 14
1704614834 7
1704614850 7
1704614866 26
1704614882 14
1704614898 11
1704614914 10
1704614930 3
1704614946 18
1704614962 14
1704614978 5
1704614994 16
1704615010 10
1704615026 8
1704615042 5
1704615058 20
1704615074 8
1704615090 3
1704615106 3



# Sketch: 31
1704614514 11
1704614530 6
1704614546 12
1704614562 7
1704614578 11
1704614594 9
1704614610 17
1704614626 7
1704614642 5
1704614658 8
1704614674 11
1704614690 9
1704614706 12
1704614722 15
1704614738 5
1704614754 7
1704614770 9
1704614786 11
1704614802 8
1704614818 15
1704614834 12
1704614850 10
1704614866 7
1704614882 5
1704614898 11
1704614914 10
1704614930 9
1704614946 16
1704614962 18
1704614978 2
1704614994 4
1704615010 3
1704615026 11
1704615042 6
1704615058 16
1704615074 16
1704615090 15
1704615106 0

