

# Sketch: 0
1704615114 30
1704615178 45
1704615242 45
1704615306 26
1704615370 45
1704615434 31
1704615498 55
1704615562 53
1704615626 26
1704615690 6



# Sketch: 1
1704615114 28
1704615178 55
1704615242 43
1704615306 12
1704615370 30
1704615434 38
1704615498 26
1704615562 49
1704615626 30
1704615690 11



# Sketch: 2
1704615114 29
1704615178 41
1704615242 30
1704615306 26
1704615370 20
1704615434 35
1704615498 29
1704615562 45
1704615626 34
1704615690 6



# Sketch: 3
1704615114 38
1704615178 40
1704615242 21
1704615306 32
1704615370 29
1704615434 39
1704615498 33
1704615562 56
1704615626 20
1704615690 7



# Sketch: 4
1704615114 42
1704615178 52
1704615242 51
1704615306 17
1704615370 39
1704615434 38
1704615498 27
1704615562 27
1704615626 30
1704615690 3



# Sketch: 5
1704615114 20
1704615178 29
1704615242 42
1704615306 41
1704615370 32
1704615434 31
1704615498 32
1704615562 45
1704615626 30
1704615690 7



# Sketch: 6
1704615114 29
1704615178 53
1704615242 35
1704615306 46
1704615370 24
1704615434 26
1704615498 30
1704615562 51
1704615626 31
1704615690 26



# Sketch: 7
1704615114 32
1704615178 76
1704615242 40
1704615306 36
1704615370 58
1704615434 33
1704615498 25
1704615562 39
1704615626 27
1704615690 4



# Sketch: 8
1704615114 32
1704615178 49
1704615242 50
1704615306 43
1704615370 48
1704615434 37
1704615498 37
1704615562 45
1704615626 51
1704615690 16



# Sketch: 9
1704615114 39
1704615178 51
1704615242 38
1704615306 25
1704615370 36
1704615434 26
1704615498 29
1704615562 37
1704615626 18
1704615690 17



# Sketch: 10
1704615114 28
1704615178 44
1704615242 27
1704615306 41
1704615370 65
1704615434 46
1704615498 49
1704615562 43
1704615626 55
1704615690 20



# Sketch: 11
1704615114 37
1704615178 38
1704615242 34
1704615306 38
1704615370 25
1704615434 34
1704615498 32
1704615562 22
1704615626 27
1704615690 11



# Sketch: 12
1704615114 40
1704615178 40
1704615242 25
1704615306 43
1704615370 58
1704615434 39
1704615498 24
1704615562 32
1704615626 31
1704615690 12



# Sketch: 13
1704615114 41
1704615178 59
1704615242 51
1704615306 49
1704615370 33
1704615434 28
1704615498 44
1704615562 45
1704615626 29
1704615690 10



# Sketch: 14
1704615114 51
1704615178 63
1704615242 41
1704615306 51
1704615370 95
1704615434 55
1704615498 53
1704615562 58
1704615626 49
1704615690 18



# Sketch: 15
1704615114 36
1704615178 61
1704615242 31
1704615306 33
1704615370 24
1704615434 38
1704615498 46
1704615562 38
1704615626 21
1704615690 12



# Sketch: 16
1704615114 27
1704615178 50
1704615242 28
1704615306 17
1704615370 37
1704615434 28
1704615498 21
1704615562 31
1704615626 24
1704615690 11



# Sketch: 17
1704615114 22
1704615178 35
1704615242 34
1704615306 30
1704615370 44
1704615434 18
1704615498 22
1704615562 29
1704615626 40
1704615690 4



# Sketch: 18
1704615114 42
1704615178 21
1704615242 35
1704615306 38
1704615370 47
1704615434 43
1704615498 27
1704615562 59
1704615626 32
1704615690 9



# Sketch: 19
1704615114 41
1704615178 40
1704615242 24
1704615306 29
1704615370 39
1704615434 36
1704615498 22
1704615562 32
1704615626 46
1704615690 10



# Sketch: 20
1704615114 25
1704615178 39
1704615242 25
1704615306 23
1704615370 12
1704615434 17
1704615498 30
1704615562 32
1704615626 30
1704615690 12



# Sketch: 21
1704615114 49
1704615178 47
1704615242 55
1704615306 29
1704615370 29
1704615434 37
1704615498 23
1704615562 48
1704615626 20
1704615690 23



# Sketch: 22
1704615114 26
1704615178 44
1704615242 37
1704615306 36
1704615370 22
1704615434 46
1704615498 17
1704615562 30
1704615626 28
1704615690 12



# Sketch: 23
1704615114 32
1704615178 38
1704615242 43
1704615306 30
1704615370 33
1704615434 28
1704615498 21
1704615562 30
1704615626 23
1704615690 7



# Sketch: 24
1704615114 53
1704615178 35
1704615242 40
1704615306 22
1704615370 23
1704615434 51
1704615498 28
1704615562 36
1704615626 32
1704615690 15



# Sketch: 25
1704615114 17
1704615178 62
1704615242 24
1704615306 12
1704615370 18
1704615434 38
1704615498 22
1704615562 73
1704615626 22
1704615690 6



# Sketch: 26
1704615114 28
1704615178 44
1704615242 46
1704615306 35
1704615370 41
1704615434 39
1704615498 25
1704615562 42
1704615626 26
1704615690 5



# Sketch: 27
1704615114 30
1704615178 50
1704615242 19
1704615306 43
1704615370 36
1704615434 26
1704615498 19
1704615562 32
1704615626 23
1704615690 5



# Sketch: 28
1704615114 43
1704615178 28
1704615242 21
1704615306 22
1704615370 31
1704615434 30
1704615498 53
1704615562 36
1704615626 27
1704615690 7



# Sketch: 29
1704615114 33
1704615178 49
1704615242 50
1704615306 40
1704615370 37
1704615434 26
1704615498 35
1704615562 38
1704615626 30
1704615690 24



# Sketch: 30
1704615114 18
1704615178 26
1704615242 39
1704615306 27
1704615370 32
1704615434 23
1704615498 36
1704615562 19
1704615626 26
1704615690 3



# Sketch: 31
1704615114 38
1704615178 70
1704615242 43
1704615306 51
1704615370 85
1704615434 59
1704615498 39
1704615562 33
1704615626 35
1704615690 21

