

# Sketch: 0
1704615714 14
1704615746 23
1704615778 18
1704615810 15
1704615842 35
1704615874 9
1704615906 5
1704615938 14
1704615970 22
1704616002 14
1704616034 5
1704616066 11
1704616098 21
1704616130 34
1704616162 15
1704616194 12
1704616226 16
1704616258 13
1704616290 5



# Sketch: 1
1704615714 27
1704615746 10
1704615778 10
1704615810 18
1704615842 14
1704615874 9
1704615906 12
1704615938 9
1704615970 14
1704616002 14
1704616034 24
1704616066 29
1704616098 8
1704616130 12
1704616162 10
1704616194 24
1704616226 21
1704616258 41
1704616290 15



# Sketch: 2
1704615714 25
1704615746 11
1704615778 14
1704615810 14
1704615842 23
1704615874 21
1704615906 21
1704615938 25
1704615970 22
1704616002 11
1704616034 21
1704616066 18
1704616098 31
1704616130 15
1704616162 20
1704616194 17
1704616226 15
1704616258 23
1704616290 2



# Sketch: 3
1704615714 27
1704615746 11
1704615778 34
1704615810 37
1704615842 17
1704615874 16
1704615906 21
1704615938 14
1704615970 15
1704616002 20
1704616034 31
1704616066 17
1704616098 18
1704616130 21
1704616162 21
1704616194 21
1704616226 19
1704616258 27
1704616290 8



# Sketch: 4
1704615714 8
1704615746 14
1704615778 24
1704615810 27
1704615842 9
1704615874 8
1704615906 14
1704615938 17
1704615970 19
1704616002 24
1704616034 33
1704616066 23
1704616098 29
1704616130 23
1704616162 11
1704616194 18
1704616226 12
1704616258 31
1704616290 8



# Sketch: 5
1704615714 9
1704615746 7
1704615778 12
1704615810 24
1704615842 24
1704615874 19
1704615906 11
1704615938 13
1704615970 19
1704616002 40
1704616034 15
1704616066 15
1704616098 31
1704616130 25
1704616162 11
1704616194 55
1704616226 9
1704616258 42
1704616290 6



# Sketch: 6
1704615714 12
1704615746 23
1704615778 11
1704615810 12
1704615842 22
1704615874 13
1704615906 8
1704615938 11
1704615970 22
1704616002 16
1704616034 18
1704616066 21
1704616098 27
1704616130 14
1704616162 47
1704616194 22
1704616226 9
1704616258 10
1704616290 10



# Sketch: 7
1704615714 18
1704615746 15
1704615778 42
1704615810 19
1704615842 22
1704615874 10
1704615906 19
1704615938 10
1704615970 11
1704616002 23
1704616034 29
1704616066 10
1704616098 23
1704616130 17
1704616162 20
1704616194 19
1704616226 14
1704616258 9
1704616290 17



# Sketch: 8
1704615714 13
1704615746 10
1704615778 6
1704615810 21
1704615842 20
1704615874 7
1704615906 9
1704615938 14
1704615970 14
1704616002 16
1704616034 25
1704616066 9
1704616098 27
1704616130 9
1704616162 15
1704616194 14
1704616226 8
1704616258 17
1704616290 12



# Sketch: 9
1704615714 16
1704615746 9
1704615778 6
1704615810 14
1704615842 16
1704615874 10
1704615906 22
1704615938 17
1704615970 32
1704616002 7
1704616034 9
1704616066 16
1704616098 23
1704616130 18
1704616162 29
1704616194 14
1704616226 12
1704616258 18
1704616290 11



# Sketch: 10
1704615714 13
1704615746 24
1704615778 9
1704615810 16
1704615842 21
1704615874 8
1704615906 13
1704615938 8
1704615970 25
1704616002 6
1704616034 25
1704616066 48
1704616098 51
1704616130 11
1704616162 8
1704616194 7
1704616226 5
1704616258 9
1704616290 4



# Sketch: 11
1704615714 21
1704615746 12
1704615778 21
1704615810 12
1704615842 19
1704615874 13
1704615906 15
1704615938 9
1704615970 13
1704616002 24
1704616034 35
1704616066 31
1704616098 22
1704616130 19
1704616162 15
1704616194 34
1704616226 32
1704616258 16
1704616290 16



# Sketch: 12
1704615714 11
1704615746 15
1704615778 12
1704615810 25
1704615842 25
1704615874 13
1704615906 13
1704615938 20
1704615970 30
1704616002 26
1704616034 23
1704616066 24
1704616098 24
1704616130 21
1704616162 33
1704616194 25
1704616226 23
1704616258 26
1704616290 9



# Sketch: 13
1704615714 9
1704615746 13
1704615778 22
1704615810 10
1704615842 18
1704615874 9
1704615906 6
1704615938 9
1704615970 22
1704616002 17
1704616034 13
1704616066 14
1704616098 17
1704616130 15
1704616162 42
1704616194 16
1704616226 7
1704616258 13
1704616290 11



# Sketch: 14
1704615714 34
1704615746 16
1704615778 24
1704615810 16
1704615842 28
1704615874 9
1704615906 34
1704615938 27
1704615970 20
1704616002 13
1704616034 19
1704616066 33
1704616098 26
1704616130 11
1704616162 27
1704616194 21
1704616226 17
1704616258 19
1704616290 14



# Sketch: 15
1704615714 8
1704615746 14
1704615778 5
1704615810 11
1704615842 22
1704615874 27
1704615906 5
1704615938 16
1704615970 13
1704616002 18
1704616034 19
1704616066 8
1704616098 19
1704616130 10
1704616162 15
1704616194 22
1704616226 19
1704616258 14
1704616290 10



# Sketch: 16
1704615714 13
1704615746 11
1704615778 18
1704615810 14
1704615842 25
1704615874 17
1704615906 20
1704615938 7
1704615970 19
1704616002 20
1704616034 14
1704616066 10
1704616098 16
1704616130 15
1704616162 5
1704616194 14
1704616226 20
1704616258 14
1704616290 18



# Sketch: 17
1704615714 17
1704615746 14
1704615778 19
1704615810 11
1704615842 16
1704615874 12
1704615906 11
1704615938 17
1704615970 11
1704616002 28
1704616034 10
1704616066 21
1704616098 26
1704616130 13
1704616162 7
1704616194 18
1704616226 26
1704616258 19
1704616290 10



# Sketch: 18
1704615714 13
1704615746 28
1704615778 15
1704615810 12
1704615842 15
1704615874 13
1704615906 14
1704615938 13
1704615970 25
1704616002 17
1704616034 19
1704616066 9
1704616098 25
1704616130 10
1704616162 26
1704616194 10
1704616226 11
1704616258 17
1704616290 3



# Sketch: 19
1704615714 16
1704615746 20
1704615778 15
1704615810 9
1704615842 23
1704615874 20
1704615906 11
1704615938 23
1704615970 20
1704616002 16
1704616034 11
1704616066 25
1704616098 13
1704616130 20
1704616162 16
1704616194 15
1704616226 11
1704616258 50
1704616290 8



# Sketch: 20
1704615714 17
1704615746 34
1704615778 22
1704615810 10
1704615842 25
1704615874 17
1704615906 6
1704615938 11
1704615970 20
1704616002 27
1704616034 20
1704616066 10
1704616098 39
1704616130 8
1704616162 23
1704616194 15
1704616226 16
1704616258 12
1704616290 13



# Sketch: 21
1704615714 45
1704615746 23
1704615778 8
1704615810 11
1704615842 19
1704615874 19
1704615906 13
1704615938 11
1704615970 17
1704616002 21
1704616034 7
1704616066 21
1704616098 14
1704616130 27
1704616162 8
1704616194 15
1704616226 10
1704616258 9
1704616290 24



# Sketch: 22
1704615714 14
1704615746 30
1704615778 16
1704615810 22
1704615842 32
1704615874 12
1704615906 16
1704615938 11
1704615970 25
1704616002 19
1704616034 16
1704616066 9
1704616098 39
1704616130 22
1704616162 12
1704616194 15
1704616226 15
1704616258 13
1704616290 13



# Sketch: 23
1704615714 15
1704615746 22
1704615778 15
1704615810 25
1704615842 15
1704615874 14
1704615906 15
1704615938 17
1704615970 19
1704616002 13
1704616034 12
1704616066 15
1704616098 14
1704616130 14
1704616162 13
1704616194 12
1704616226 8
1704616258 23
1704616290 16



# Sketch: 24
1704615714 10
1704615746 26
1704615778 26
1704615810 15
1704615842 29
1704615874 7
1704615906 10
1704615938 8
1704615970 12
1704616002 6
1704616034 34
1704616066 16
1704616098 51
1704616130 30
1704616162 17
1704616194 18
1704616226 17
1704616258 33
1704616290 6



# Sketch: 25
1704615714 35
1704615746 23
1704615778 23
1704615810 21
1704615842 31
1704615874 10
1704615906 13
1704615938 17
1704615970 37
1704616002 20
1704616034 22
1704616066 16
1704616098 12
1704616130 25
1704616162 16
1704616194 24
1704616226 18
1704616258 26
1704616290 12



# Sketch: 26
1704615714 17
1704615746 12
1704615778 18
1704615810 46
1704615842 14
1704615874 29
1704615906 9
1704615938 21
1704615970 9
1704616002 9
1704616034 22
1704616066 13
1704616098 10
1704616130 28
1704616162 12
1704616194 21
1704616226 16
1704616258 18
1704616290 19



# Sketch: 27
1704615714 11
1704615746 19
1704615778 19
1704615810 14
1704615842 39
1704615874 16
1704615906 23
1704615938 19
1704615970 35
1704616002 47
1704616034 26
1704616066 21
1704616098 21
1704616130 25
1704616162 15
1704616194 15
1704616226 18
1704616258 20
1704616290 32



# Sketch: 28
1704615714 9
1704615746 9
1704615778 33
1704615810 9
1704615842 15
1704615874 5
1704615906 9
1704615938 13
1704615970 28
1704616002 11
1704616034 11
1704616066 17
1704616098 13
1704616130 15
1704616162 13
1704616194 21
1704616226 15
1704616258 14
1704616290 11



# Sketch: 29
1704615714 29
1704615746 26
1704615778 19
1704615810 21
1704615842 18
1704615874 13
1704615906 38
1704615938 47
1704615970 16
1704616002 20
1704616034 23
1704616066 18
1704616098 23
1704616130 35
1704616162 18
1704616194 18
1704616226 14
1704616258 49
1704616290 23



# Sketch: 30
1704615714 14
1704615746 17
1704615778 22
1704615810 16
1704615842 4
1704615874 10
1704615906 11
1704615938 11
1704615970 22
1704616002 12
1704616034 7
1704616066 21
1704616098 14
1704616130 41
1704616162 21
1704616194 9
1704616226 9
1704616258 21
1704616290 28



# Sketch: 31
1704615714 29
1704615746 29
1704615778 23
1704615810 21
1704615842 25
1704615874 19
1704615906 26
1704615938 15
1704615970 17
1704616002 15
1704616034 41
1704616066 23
1704616098 14
1704616130 32
1704616162 23
1704616194 25
1704616226 10
1704616258 26
1704616290 17

