

# Sketch: 0
1704615714 3
1704615722 39
1704615730 12
1704615738 5
1704615746 12
1704615754 6
1704615762 4
1704615770 4
1704615778 0
1704615786 3
1704615794 1
1704615802 2
1704615810 1
1704615818 4
1704615826 3
1704615834 9
1704615842 8
1704615850 11
1704615858 7
1704615866 4
1704615874 5
1704615882 3
1704615890 1
1704615898 2
1704615906 5
1704615914 5
1704615922 9
1704615930 3
1704615938 6
1704615946 3
1704615954 3
1704615962 6
1704615970 6
1704615978 7
1704615986 6
1704615994 7
1704616002 1
1704616010 8
1704616018 6
1704616026 7
1704616034 13
1704616042 3
1704616050 7
1704616058 15
1704616066 54
1704616074 7
1704616082 5
1704616090 10
1704616098 7
1704616106 6
1704616114 2
1704616122 10
1704616130 5
1704616138 3
1704616146 7
1704616154 3
1704616162 18
1704616170 20
1704616178 2
1704616186 3
1704616194 6
1704616202 8
1704616210 6
1704616218 4
1704616226 6
1704616234 3
1704616242 2
1704616250 15
1704616258 0
1704616266 16
1704616274 12
1704616282 22
1704616290 3
1704616298 3
1704616306 6



# Sketch: 1
1704615714 9
1704615722 1
1704615730 3
1704615738 2
1704615746 9
1704615754 2
1704615762 3
1704615770 4
1704615778 11
1704615786 4
1704615794 1
1704615802 3
1704615810 2
1704615818 2
1704615826 0
1704615834 7
1704615842 4
1704615850 7
1704615858 6
1704615866 8
1704615874 2
1704615882 4
1704615890 4
1704615898 1
1704615906 1
1704615914 5
1704615922 0
1704615930 2
1704615938 1
1704615946 9
1704615954 5
1704615962 6
1704615970 4
1704615978 12
1704615986 2
1704615994 4
1704616002 2
1704616010 5
1704616018 9
1704616026 3
1704616034 7
1704616042 1
1704616050 0
1704616058 2
1704616066 4
1704616074 1
1704616082 7
1704616090 5
1704616098 1
1704616106 7
1704616114 8
1704616122 43
1704616130 5
1704616138 4
1704616146 11
1704616154 1
1704616162 1
1704616170 4
1704616178 6
1704616186 2
1704616194 3
1704616202 4
1704616210 4
1704616218 2
1704616226 7
1704616234 3
1704616242 2
1704616250 5
1704616258 5
1704616266 15
1704616274 4
1704616282 7
1704616290 3
1704616298 2
1704616306 1



# Sketch: 2
1704615714 6
1704615722 4
1704615730 3
1704615738 5
1704615746 3
1704615754 5
1704615762 3
1704615770 2
1704615778 9
1704615786 9
1704615794 5
1704615802 4
1704615810 16
1704615818 2
1704615826 2
1704615834 2
1704615842 10
1704615850 7
1704615858 3
1704615866 5
1704615874 3
1704615882 5
1704615890 5
1704615898 7
1704615906 9
1704615914 4
1704615922 8
1704615930 6
1704615938 7
1704615946 4
1704615954 8
1704615962 4
1704615970 5
1704615978 5
1704615986 5
1704615994 3
1704616002 4
1704616010 16
1704616018 1
1704616026 12
1704616034 4
1704616042 6
1704616050 9
1704616058 2
1704616066 2
1704616074 6
1704616082 1
1704616090 5
1704616098 3
1704616106 8
1704616114 4
1704616122 11
1704616130 4
1704616138 1
1704616146 10
1704616154 7
1704616162 5
1704616170 8
1704616178 9
1704616186 0
1704616194 10
1704616202 5
1704616210 7
1704616218 2
1704616226 16
1704616234 1
1704616242 2
1704616250 3
1704616258 3
1704616266 9
1704616274 9
1704616282 4
1704616290 5
1704616298 4
1704616306 3



# Sketch: 3
1704615714 3
1704615722 1
1704615730 3
1704615738 1
1704615746 6
1704615754 3
1704615762 6
1704615770 1
1704615778 1
1704615786 10
1704615794 4
1704615802 3
1704615810 11
1704615818 0
1704615826 1
1704615834 6
1704615842 4
1704615850 5
1704615858 4
1704615866 3
1704615874 0
1704615882 7
1704615890 8
1704615898 10
1704615906 2
1704615914 5
1704615922 4
1704615930 14
1704615938 3
1704615946 2
1704615954 9
1704615962 4
1704615970 6
1704615978 10
1704615986 2
1704615994 8
1704616002 6
1704616010 2
1704616018 6
1704616026 8
1704616034 2
1704616042 3
1704616050 8
1704616058 6
1704616066 4
1704616074 1
1704616082 5
1704616090 5
1704616098 4
1704616106 2
1704616114 1
1704616122 5
1704616130 3
1704616138 3
1704616146 3
1704616154 9
1704616162 6
1704616170 10
1704616178 1
1704616186 4
1704616194 0
1704616202 6
1704616210 14
1704616218 4
1704616226 1
1704616234 0
1704616242 1
1704616250 1
1704616258 2
1704616266 9
1704616274 8
1704616282 1
1704616290 5
1704616298 7
1704616306 0



# Sketch: 4
1704615714 3
1704615722 2
1704615730 0
1704615738 5
1704615746 0
1704615754 1
1704615762 17
1704615770 10
1704615778 5
1704615786 0
1704615794 1
1704615802 3
1704615810 0
1704615818 1
1704615826 4
1704615834 6
1704615842 3
1704615850 4
1704615858 5
1704615866 1
1704615874 4
1704615882 3
1704615890 2
1704615898 1
1704615906 2
1704615914 0
1704615922 2
1704615930 2
1704615938 4
1704615946 2
1704615954 4
1704615962 2
1704615970 1
1704615978 5
1704615986 8
1704615994 3
1704616002 5
1704616010 5
1704616018 4
1704616026 3
1704616034 10
1704616042 2
1704616050 3
1704616058 11
1704616066 2
1704616074 0
1704616082 11
1704616090 11
1704616098 2
1704616106 2
1704616114 4
1704616122 2
1704616130 4
1704616138 6
1704616146 6
1704616154 14
1704616162 7
1704616170 0
1704616178 6
1704616186 4
1704616194 8
1704616202 2
1704616210 7
1704616218 1
1704616226 3
1704616234 0
1704616242 3
1704616250 2
1704616258 6
1704616266 2
1704616274 1
1704616282 5
1704616290 5
1704616298 5
1704616306 1



# Sketch: 5
1704615714 3
1704615722 3
1704615730 6
1704615738 5
1704615746 5
1704615754 2
1704615762 4
1704615770 0
1704615778 4
1704615786 4
1704615794 5
1704615802 3
1704615810 4
1704615818 3
1704615826 2
1704615834 7
1704615842 8
1704615850 8
1704615858 3
1704615866 6
1704615874 0
1704615882 0
1704615890 1
1704615898 3
1704615906 3
1704615914 3
1704615922 1
1704615930 6
1704615938 2
1704615946 8
1704615954 7
1704615962 3
1704615970 1
1704615978 6
1704615986 1
1704615994 8
1704616002 6
1704616010 1
1704616018 1
1704616026 6
1704616034 7
1704616042 14
1704616050 3
1704616058 7
1704616066 7
1704616074 7
1704616082 4
1704616090 7
1704616098 4
1704616106 9
1704616114 8
1704616122 3
1704616130 3
1704616138 5
1704616146 8
1704616154 4
1704616162 2
1704616170 3
1704616178 3
1704616186 3
1704616194 1
1704616202 16
1704616210 5
1704616218 1
1704616226 6
1704616234 6
1704616242 3
1704616250 2
1704616258 8
1704616266 3
1704616274 7
1704616282 13
1704616290 4
1704616298 5
1704616306 5



# Sketch: 6
1704615714 2
1704615722 6
1704615730 4
1704615738 2
1704615746 6
1704615754 2
1704615762 15
1704615770 2
1704615778 8
1704615786 8
1704615794 12
1704615802 12
1704615810 1
1704615818 2
1704615826 15
1704615834 4
1704615842 12
1704615850 4
1704615858 7
1704615866 16
1704615874 2
1704615882 1
1704615890 0
1704615898 12
1704615906 2
1704615914 4
1704615922 2
1704615930 4
1704615938 3
1704615946 2
1704615954 4
1704615962 7
1704615970 8
1704615978 6
1704615986 9
1704615994 8
1704616002 3
1704616010 1
1704616018 3
1704616026 4
1704616034 3
1704616042 9
1704616050 3
1704616058 4
1704616066 2
1704616074 3
1704616082 9
1704616090 10
1704616098 5
1704616106 12
1704616114 10
1704616122 5
1704616130 5
1704616138 2
1704616146 9
1704616154 4
1704616162 14
1704616170 11
1704616178 0
1704616186 5
1704616194 11
1704616202 6
1704616210 6
1704616218 3
1704616226 2
1704616234 4
1704616242 1
1704616250 2
1704616258 4
1704616266 5
1704616274 5
1704616282 1
1704616290 1
1704616298 0
1704616306 6



# Sketch: 7
1704615714 3
1704615722 4
1704615730 16
1704615738 2
1704615746 1
1704615754 2
1704615762 1
1704615770 1
1704615778 6
1704615786 6
1704615794 4
1704615802 5
1704615810 9
1704615818 0
1704615826 5
1704615834 4
1704615842 3
1704615850 3
1704615858 1
1704615866 8
1704615874 1
1704615882 4
1704615890 1
1704615898 1
1704615906 2
1704615914 1
1704615922 1
1704615930 7
1704615938 0
1704615946 1
1704615954 3
1704615962 1
1704615970 6
1704615978 11
1704615986 1
1704615994 2
1704616002 1
1704616010 1
1704616018 10
1704616026 8
1704616034 2
1704616042 21
1704616050 2
1704616058 1
1704616066 2
1704616074 11
1704616082 3
1704616090 1
1704616098 2
1704616106 7
1704616114 2
1704616122 10
1704616130 8
1704616138 5
1704616146 2
1704616154 11
1704616162 0
1704616170 3
1704616178 7
1704616186 1
1704616194 1
1704616202 5
1704616210 2
1704616218 2
1704616226 0
1704616234 6
1704616242 5
1704616250 2
1704616258 2
1704616266 11
1704616274 5
1704616282 5
1704616290 2
1704616298 5
1704616306 3



# Sketch: 8
1704615714 3
1704615722 1
1704615730 3
1704615738 5
1704615746 0
1704615754 2
1704615762 9
1704615770 4
1704615778 4
1704615786 2
1704615794 5
1704615802 11
1704615810 3
1704615818 3
1704615826 4
1704615834 5
1704615842 3
1704615850 8
1704615858 0
1704615866 2
1704615874 4
1704615882 2
1704615890 0
1704615898 5
1704615906 2
1704615914 0
1704615922 2
1704615930 1
1704615938 2
1704615946 0
1704615954 1
1704615962 2
1704615970 10
1704615978 6
1704615986 2
1704615994 3
1704616002 0
1704616010 5
1704616018 4
1704616026 1
1704616034 4
1704616042 6
1704616050 0
1704616058 1
1704616066 3
1704616074 4
1704616082 2
1704616090 4
1704616098 0
1704616106 7
1704616114 3
1704616122 10
1704616130 3
1704616138 7
1704616146 4
1704616154 3
1704616162 4
1704616170 5
1704616178 5
1704616186 0
1704616194 1
1704616202 4
1704616210 2
1704616218 4
1704616226 9
1704616234 8
1704616242 3
1704616250 1
1704616258 1
1704616266 4
1704616274 2
1704616282 1
1704616290 5
1704616298 2
1704616306 5



# Sketch: 9
1704615714 11
1704615722 3
1704615730 4
1704615738 5
1704615746 4
1704615754 1
1704615762 2
1704615770 3
1704615778 14
1704615786 8
1704615794 2
1704615802 4
1704615810 14
1704615818 4
1704615826 0
1704615834 4
1704615842 7
1704615850 2
1704615858 9
1704615866 7
1704615874 3
1704615882 1
1704615890 12
1704615898 0
1704615906 0
1704615914 2
1704615922 4
1704615930 6
1704615938 3
1704615946 1
1704615954 11
1704615962 5
1704615970 1
1704615978 1
1704615986 12
1704615994 7
1704616002 3
1704616010 3
1704616018 5
1704616026 3
1704616034 2
1704616042 4
1704616050 12
1704616058 5
1704616066 5
1704616074 5
1704616082 2
1704616090 1
1704616098 7
1704616106 11
1704616114 3
1704616122 4
1704616130 4
1704616138 9
1704616146 4
1704616154 2
1704616162 2
1704616170 0
1704616178 6
1704616186 14
1704616194 32
1704616202 6
1704616210 1
1704616218 4
1704616226 7
1704616234 1
1704616242 5
1704616250 1
1704616258 6
1704616266 4
1704616274 6
1704616282 2
1704616290 3
1704616298 3
1704616306 8



# Sketch: 10
1704615714 2
1704615722 0
1704615730 2
1704615738 5
1704615746 6
1704615754 2
1704615762 11
1704615770 6
1704615778 1
1704615786 2
1704615794 1
1704615802 1
1704615810 1
1704615818 1
1704615826 5
1704615834 5
1704615842 7
1704615850 1
1704615858 3
1704615866 4
1704615874 1
1704615882 5
1704615890 1
1704615898 4
1704615906 0
1704615914 4
1704615922 5
1704615930 2
1704615938 10
1704615946 1
1704615954 1
1704615962 5
1704615970 5
1704615978 6
1704615986 4
1704615994 5
1704616002 4
1704616010 1
1704616018 3
1704616026 6
1704616034 4
1704616042 0
1704616050 5
1704616058 0
1704616066 2
1704616074 5
1704616082 11
1704616090 5
1704616098 3
1704616106 5
1704616114 6
1704616122 2
1704616130 5
1704616138 10
1704616146 1
1704616154 12
1704616162 2
1704616170 0
1704616178 4
1704616186 1
1704616194 0
1704616202 2
1704616210 0
1704616218 4
1704616226 5
1704616234 5
1704616242 3
1704616250 10
1704616258 29
1704616266 16
1704616274 2
1704616282 2
1704616290 2
1704616298 3
1704616306 3



# Sketch: 11
1704615714 1
1704615722 0
1704615730 2
1704615738 10
1704615746 16
1704615754 4
1704615762 0
1704615770 5
1704615778 5
1704615786 5
1704615794 3
1704615802 2
1704615810 1
1704615818 9
1704615826 3
1704615834 1
1704615842 4
1704615850 5
1704615858 6
1704615866 5
1704615874 1
1704615882 3
1704615890 3
1704615898 6
1704615906 2
1704615914 6
1704615922 4
1704615930 1
1704615938 1
1704615946 13
1704615954 1
1704615962 0
1704615970 6
1704615978 4
1704615986 5
1704615994 6
1704616002 2
1704616010 2
1704616018 10
1704616026 27
1704616034 1
1704616042 1
1704616050 1
1704616058 2
1704616066 8
1704616074 6
1704616082 1
1704616090 1
1704616098 7
1704616106 1
1704616114 34
1704616122 6
1704616130 9
1704616138 4
1704616146 0
1704616154 1
1704616162 6
1704616170 2
1704616178 5
1704616186 2
1704616194 3
1704616202 5
1704616210 1
1704616218 6
1704616226 3
1704616234 2
1704616242 4
1704616250 3
1704616258 3
1704616266 8
1704616274 7
1704616282 4
1704616290 6
1704616298 3
1704616306 4



# Sketch: 12
1704615714 4
1704615722 1
1704615730 2
1704615738 4
1704615746 5
1704615754 3
1704615762 7
1704615770 5
1704615778 4
1704615786 15
1704615794 9
1704615802 3
1704615810 13
1704615818 3
1704615826 6
1704615834 4
1704615842 8
1704615850 7
1704615858 12
1704615866 8
1704615874 5
1704615882 8
1704615890 4
1704615898 5
1704615906 6
1704615914 6
1704615922 2
1704615930 12
1704615938 8
1704615946 6
1704615954 3
1704615962 10
1704615970 0
1704615978 6
1704615986 5
1704615994 5
1704616002 3
1704616010 0
1704616018 15
1704616026 12
1704616034 3
1704616042 2
1704616050 15
1704616058 3
1704616066 5
1704616074 5
1704616082 2
1704616090 3
1704616098 6
1704616106 9
1704616114 6
1704616122 5
1704616130 4
1704616138 4
1704616146 7
1704616154 6
1704616162 3
1704616170 11
1704616178 3
1704616186 0
1704616194 10
1704616202 10
1704616210 3
1704616218 6
1704616226 6
1704616234 4
1704616242 3
1704616250 2
1704616258 4
1704616266 9
1704616274 9
1704616282 9
1704616290 13
1704616298 3
1704616306 1



# Sketch: 13
1704615714 5
1704615722 1
1704615730 5
1704615738 0
1704615746 9
1704615754 1
1704615762 7
1704615770 2
1704615778 8
1704615786 12
1704615794 28
1704615802 11
1704615810 11
1704615818 3
1704615826 1
1704615834 8
1704615842 0
1704615850 8
1704615858 2
1704615866 4
1704615874 2
1704615882 3
1704615890 6
1704615898 8
1704615906 10
1704615914 6
1704615922 4
1704615930 7
1704615938 10
1704615946 0
1704615954 5
1704615962 7
1704615970 8
1704615978 2
1704615986 7
1704615994 15
1704616002 7
1704616010 4
1704616018 0
1704616026 10
1704616034 7
1704616042 9
1704616050 9
1704616058 2
1704616066 2
1704616074 6
1704616082 5
1704616090 7
1704616098 4
1704616106 13
1704616114 3
1704616122 3
1704616130 5
1704616138 6
1704616146 11
1704616154 10
1704616162 4
1704616170 8
1704616178 6
1704616186 1
1704616194 8
1704616202 0
1704616210 5
1704616218 4
1704616226 5
1704616234 2
1704616242 1
1704616250 6
1704616258 10
1704616266 11
1704616274 13
1704616282 4
1704616290 3
1704616298 6
1704616306 4



# Sketch: 14
1704615714 2
1704615722 6
1704615730 11
1704615738 5
1704615746 4
1704615754 2
1704615762 2
1704615770 5
1704615778 3
1704615786 3
1704615794 7
1704615802 0
1704615810 4
1704615818 0
1704615826 1
1704615834 4
1704615842 1
1704615850 4
1704615858 6
1704615866 5
1704615874 3
1704615882 12
1704615890 4
1704615898 4
1704615906 10
1704615914 4
1704615922 3
1704615930 3
1704615938 2
1704615946 3
1704615954 0
1704615962 8
1704615970 2
1704615978 2
1704615986 6
1704615994 4
1704616002 1
1704616010 3
1704616018 6
1704616026 1
1704616034 1
1704616042 1
1704616050 2
1704616058 8
1704616066 3
1704616074 6
1704616082 11
1704616090 4
1704616098 4
1704616106 5
1704616114 1
1704616122 6
1704616130 2
1704616138 11
1704616146 2
1704616154 5
1704616162 3
1704616170 6
1704616178 35
1704616186 5
1704616194 3
1704616202 2
1704616210 6
1704616218 3
1704616226 4
1704616234 2
1704616242 0
1704616250 4
1704616258 5
1704616266 5
1704616274 2
1704616282 2
1704616290 7
1704616298 6
1704616306 13



# Sketch: 15
1704615714 9
1704615722 1
1704615730 27
1704615738 2
1704615746 2
1704615754 1
1704615762 5
1704615770 0
1704615778 4
1704615786 8
1704615794 4
1704615802 1
1704615810 1
1704615818 2
1704615826 2
1704615834 3
1704615842 9
1704615850 2
1704615858 3
1704615866 10
1704615874 0
1704615882 4
1704615890 6
1704615898 4
1704615906 0
1704615914 2
1704615922 2
1704615930 2
1704615938 10
1704615946 5
1704615954 3
1704615962 7
1704615970 1
1704615978 2
1704615986 3
1704615994 9
1704616002 1
1704616010 4
1704616018 8
1704616026 5
1704616034 2
1704616042 3
1704616050 4
1704616058 3
1704616066 0
1704616074 0
1704616082 0
1704616090 8
1704616098 1
1704616106 7
1704616114 2
1704616122 0
1704616130 0
1704616138 0
1704616146 3
1704616154 3
1704616162 1
1704616170 0
1704616178 6
1704616186 0
1704616194 8
1704616202 5
1704616210 5
1704616218 4
1704616226 15
1704616234 5
1704616242 6
1704616250 1
1704616258 1
1704616266 7
1704616274 4
1704616282 3
1704616290 9
1704616298 9
1704616306 2



# Sketch: 16
1704615714 1
1704615722 1
1704615730 2
1704615738 6
1704615746 3
1704615754 0
1704615762 5
1704615770 19
1704615778 3
1704615786 2
1704615794 2
1704615802 1
1704615810 2
1704615818 2
1704615826 1
1704615834 4
1704615842 5
1704615850 3
1704615858 3
1704615866 7
1704615874 5
1704615882 2
1704615890 8
1704615898 3
1704615906 0
1704615914 4
1704615922 0
1704615930 4
1704615938 1
1704615946 3
1704615954 3
1704615962 2
1704615970 7
1704615978 3
1704615986 7
1704615994 3
1704616002 10
1704616010 0
1704616018 1
1704616026 4
1704616034 2
1704616042 0
1704616050 21
1704616058 5
1704616066 2
1704616074 1
1704616082 4
1704616090 2
1704616098 3
1704616106 5
1704616114 6
1704616122 2
1704616130 3
1704616138 1
1704616146 6
1704616154 6
1704616162 4
1704616170 4
1704616178 3
1704616186 0
1704616194 3
1704616202 3
1704616210 4
1704616218 3
1704616226 2
1704616234 3
1704616242 4
1704616250 3
1704616258 10
1704616266 9
1704616274 11
1704616282 1
1704616290 6
1704616298 2
1704616306 1



# Sketch: 17
1704615714 2
1704615722 3
1704615730 1
1704615738 3
1704615746 6
1704615754 1
1704615762 13
1704615770 2
1704615778 5
1704615786 5
1704615794 7
1704615802 4
1704615810 5
1704615818 2
1704615826 1
1704615834 3
1704615842 1
1704615850 6
1704615858 1
1704615866 4
1704615874 0
1704615882 0
1704615890 2
1704615898 4
1704615906 3
1704615914 0
1704615922 2
1704615930 2
1704615938 3
1704615946 0
1704615954 4
1704615962 4
1704615970 1
1704615978 5
1704615986 0
1704615994 3
1704616002 2
1704616010 1
1704616018 12
1704616026 3
1704616034 3
1704616042 6
1704616050 1
1704616058 1
1704616066 2
1704616074 4
1704616082 0
1704616090 5
1704616098 13
1704616106 5
1704616114 2
1704616122 16
1704616130 3
1704616138 11
1704616146 3
1704616154 6
1704616162 3
1704616170 10
1704616178 2
1704616186 3
1704616194 2
1704616202 4
1704616210 1
1704616218 2
1704616226 1
1704616234 3
1704616242 2
1704616250 1
1704616258 9
1704616266 1
1704616274 4
1704616282 3
1704616290 2
1704616298 3
1704616306 2



# Sketch: 18
1704615714 4
1704615722 8
1704615730 3
1704615738 5
1704615746 1
1704615754 2
1704615762 13
1704615770 3
1704615778 4
1704615786 6
1704615794 1
1704615802 2
1704615810 6
1704615818 6
1704615826 3
1704615834 1
1704615842 4
1704615850 10
1704615858 9
1704615866 10
1704615874 2
1704615882 7
1704615890 0
1704615898 4
1704615906 5
1704615914 2
1704615922 2
1704615930 4
1704615938 2
1704615946 3
1704615954 4
1704615962 2
1704615970 0
1704615978 8
1704615986 7
1704615994 5
1704616002 3
1704616010 3
1704616018 6
1704616026 5
1704616034 0
1704616042 3
1704616050 1
1704616058 5
1704616066 1
1704616074 3
1704616082 6
1704616090 4
1704616098 0
1704616106 15
1704616114 6
1704616122 3
1704616130 2
1704616138 3
1704616146 2
1704616154 2
1704616162 2
1704616170 5
1704616178 2
1704616186 2
1704616194 7
1704616202 8
1704616210 3
1704616218 4
1704616226 3
1704616234 1
1704616242 3
1704616250 0
1704616258 3
1704616266 8
1704616274 6
1704616282 4
1704616290 3
1704616298 1
1704616306 3



# Sketch: 19
1704615714 1
1704615722 2
1704615730 4
1704615738 6
1704615746 2
1704615754 1
1704615762 7
1704615770 5
1704615778 6
1704615786 3
1704615794 1
1704615802 5
1704615810 8
1704615818 2
1704615826 1
1704615834 9
1704615842 4
1704615850 25
1704615858 2
1704615866 5
1704615874 0
1704615882 1
1704615890 1
1704615898 5
1704615906 6
1704615914 2
1704615922 5
1704615930 3
1704615938 2
1704615946 2
1704615954 1
1704615962 0
1704615970 6
1704615978 5
1704615986 7
1704615994 5
1704616002 1
1704616010 1
1704616018 4
1704616026 4
1704616034 15
1704616042 4
1704616050 6
1704616058 1
1704616066 3
1704616074 5
1704616082 3
1704616090 3
1704616098 2
1704616106 2
1704616114 1
1704616122 4
1704616130 7
1704616138 4
1704616146 1
1704616154 5
1704616162 3
1704616170 6
1704616178 5
1704616186 7
1704616194 6
1704616202 2
1704616210 12
1704616218 1
1704616226 4
1704616234 2
1704616242 4
1704616250 2
1704616258 4
1704616266 6
1704616274 5
1704616282 1
1704616290 2
1704616298 2
1704616306 1



# Sketch: 20
1704615714 3
1704615722 2
1704615730 3
1704615738 4
1704615746 3
1704615754 4
1704615762 4
1704615770 2
1704615778 2
1704615786 3
1704615794 1
1704615802 1
1704615810 2
1704615818 3
1704615826 6
1704615834 2
1704615842 2
1704615850 8
1704615858 3
1704615866 8
1704615874 4
1704615882 2
1704615890 5
1704615898 6
1704615906 2
1704615914 5
1704615922 1
1704615930 3
1704615938 1
1704615946 1
1704615954 11
1704615962 4
1704615970 2
1704615978 6
1704615986 4
1704615994 8
1704616002 4
1704616010 3
1704616018 2
1704616026 5
1704616034 1
1704616042 7
1704616050 2
1704616058 1
1704616066 3
1704616074 8
1704616082 1
1704616090 6
1704616098 1
1704616106 3
1704616114 4
1704616122 8
1704616130 5
1704616138 15
1704616146 1
1704616154 5
1704616162 9
1704616170 17
1704616178 4
1704616186 3
1704616194 6
1704616202 4
1704616210 5
1704616218 5
1704616226 0
1704616234 2
1704616242 3
1704616250 1
1704616258 5
1704616266 3
1704616274 10
1704616282 3
1704616290 4
1704616298 7
1704616306 16



# Sketch: 21
1704615714 7
1704615722 2
1704615730 3
1704615738 15
1704615746 21
1704615754 3
1704615762 3
1704615770 7
1704615778 4
1704615786 3
1704615794 2
1704615802 1
1704615810 30
1704615818 1
1704615826 2
1704615834 0
1704615842 4
1704615850 9
1704615858 7
1704615866 5
1704615874 0
1704615882 2
1704615890 6
1704615898 2
1704615906 3
1704615914 1
1704615922 0
1704615930 0
1704615938 8
1704615946 3
1704615954 3
1704615962 9
1704615970 3
1704615978 12
1704615986 1
1704615994 2
1704616002 2
1704616010 1
1704616018 9
1704616026 4
1704616034 1
1704616042 1
1704616050 3
1704616058 1
1704616066 0
1704616074 6
1704616082 2
1704616090 9
1704616098 9
1704616106 4
1704616114 7
1704616122 11
1704616130 2
1704616138 2
1704616146 6
1704616154 1
1704616162 3
1704616170 15
1704616178 2
1704616186 13
1704616194 2
1704616202 11
1704616210 2
1704616218 2
1704616226 5
1704616234 8
1704616242 3
1704616250 3
1704616258 1
1704616266 19
1704616274 5
1704616282 2
1704616290 1
1704616298 8
1704616306 3



# Sketch: 22
1704615714 1
1704615722 8
1704615730 1
1704615738 1
1704615746 9
1704615754 1
1704615762 5
1704615770 3
1704615778 4
1704615786 2
1704615794 1
1704615802 1
1704615810 6
1704615818 3
1704615826 0
1704615834 7
1704615842 7
1704615850 5
1704615858 4
1704615866 6
1704615874 10
1704615882 2
1704615890 1
1704615898 3
1704615906 10
1704615914 8
1704615922 2
1704615930 0
1704615938 3
1704615946 1
1704615954 2
1704615962 4
1704615970 5
1704615978 4
1704615986 8
1704615994 2
1704616002 3
1704616010 5
1704616018 3
1704616026 2
1704616034 0
1704616042 1
1704616050 2
1704616058 4
1704616066 2
1704616074 11
1704616082 2
1704616090 2
1704616098 8
1704616106 8
1704616114 2
1704616122 2
1704616130 0
1704616138 5
1704616146 4
1704616154 4
1704616162 2
1704616170 7
1704616178 2
1704616186 2
1704616194 1
1704616202 5
1704616210 4
1704616218 7
1704616226 9
1704616234 9
1704616242 6
1704616250 0
1704616258 4
1704616266 5
1704616274 3
1704616282 9
1704616290 2
1704616298 7
1704616306 1



# Sketch: 23
1704615714 3
1704615722 7
1704615730 0
1704615738 6
1704615746 8
1704615754 5
1704615762 5
1704615770 9
1704615778 4
1704615786 14
1704615794 3
1704615802 4
1704615810 8
1704615818 7
1704615826 19
1704615834 10
1704615842 2
1704615850 9
1704615858 6
1704615866 3
1704615874 2
1704615882 4
1704615890 1
1704615898 5
1704615906 0
1704615914 9
1704615922 8
1704615930 5
1704615938 7
1704615946 4
1704615954 9
1704615962 5
1704615970 7
1704615978 1
1704615986 7
1704615994 2
1704616002 4
1704616010 2
1704616018 4
1704616026 2
1704616034 24
1704616042 7
1704616050 2
1704616058 12
1704616066 1
1704616074 8
1704616082 2
1704616090 19
1704616098 1
1704616106 5
1704616114 15
1704616122 4
1704616130 6
1704616138 10
1704616146 5
1704616154 4
1704616162 5
1704616170 7
1704616178 1
1704616186 1
1704616194 9
1704616202 7
1704616210 12
1704616218 2
1704616226 7
1704616234 5
1704616242 4
1704616250 0
1704616258 1
1704616266 2
1704616274 6
1704616282 2
1704616290 1
1704616298 7
1704616306 6



# Sketch: 24
1704615714 5
1704615722 3
1704615730 3
1704615738 2
1704615746 6
1704615754 10
1704615762 4
1704615770 0
1704615778 0
1704615786 9
1704615794 11
1704615802 6
1704615810 7
1704615818 10
1704615826 1
1704615834 1
1704615842 2
1704615850 1
1704615858 2
1704615866 0
1704615874 4
1704615882 0
1704615890 5
1704615898 1
1704615906 6
1704615914 0
1704615922 3
1704615930 3
1704615938 4
1704615946 4
1704615954 2
1704615962 2
1704615970 5
1704615978 9
1704615986 3
1704615994 4
1704616002 0
1704616010 1
1704616018 26
1704616026 2
1704616034 2
1704616042 27
1704616050 3
1704616058 1
1704616066 1
1704616074 6
1704616082 3
1704616090 0
1704616098 2
1704616106 3
1704616114 13
1704616122 9
1704616130 4
1704616138 2
1704616146 12
1704616154 9
1704616162 9
1704616170 0
1704616178 0
1704616186 3
1704616194 3
1704616202 9
1704616210 1
1704616218 3
1704616226 3
1704616234 2
1704616242 4
1704616250 5
1704616258 2
1704616266 1
1704616274 0
1704616282 7
1704616290 8
1704616298 4
1704616306 2



# Sketch: 25
1704615714 1
1704615722 4
1704615730 4
1704615738 6
1704615746 8
1704615754 5
1704615762 5
1704615770 1
1704615778 7
1704615786 2
1704615794 3
1704615802 5
1704615810 15
1704615818 1
1704615826 5
1704615834 5
1704615842 16
1704615850 5
1704615858 8
1704615866 7
1704615874 3
1704615882 7
1704615890 3
1704615898 0
1704615906 2
1704615914 3
1704615922 4
1704615930 0
1704615938 3
1704615946 4
1704615954 3
1704615962 2
1704615970 14
1704615978 6
1704615986 8
1704615994 4
1704616002 4
1704616010 9
1704616018 6
1704616026 3
1704616034 5
1704616042 3
1704616050 10
1704616058 20
1704616066 2
1704616074 6
1704616082 10
1704616090 8
1704616098 2
1704616106 8
1704616114 9
1704616122 17
1704616130 4
1704616138 3
1704616146 2
1704616154 5
1704616162 3
1704616170 3
1704616178 3
1704616186 1
1704616194 3
1704616202 1
1704616210 3
1704616218 7
1704616226 6
1704616234 4
1704616242 4
1704616250 3
1704616258 0
1704616266 4
1704616274 8
1704616282 5
1704616290 2
1704616298 9
1704616306 1



# Sketch: 26
1704615714 1
1704615722 1
1704615730 3
1704615738 4
1704615746 0
1704615754 0
1704615762 1
1704615770 4
1704615778 4
1704615786 0
1704615794 1
1704615802 1
1704615810 4
1704615818 2
1704615826 7
1704615834 3
1704615842 3
1704615850 2
1704615858 1
1704615866 10
1704615874 1
1704615882 2
1704615890 1
1704615898 0
1704615906 4
1704615914 4
1704615922 2
1704615930 1
1704615938 4
1704615946 2
1704615954 1
1704615962 6
1704615970 5
1704615978 3
1704615986 4
1704615994 1
1704616002 1
1704616010 5
1704616018 11
1704616026 2
1704616034 5
1704616042 4
1704616050 3
1704616058 1
1704616066 0
1704616074 2
1704616082 2
1704616090 1
1704616098 0
1704616106 1
1704616114 14
1704616122 22
1704616130 3
1704616138 3
1704616146 6
1704616154 1
1704616162 1
1704616170 0
1704616178 0
1704616186 3
1704616194 1
1704616202 4
1704616210 1
1704616218 4
1704616226 2
1704616234 4
1704616242 5
1704616250 4
1704616258 6
1704616266 2
1704616274 1
1704616282 1
1704616290 2
1704616298 4
1704616306 2



# Sketch: 27
1704615714 1
1704615722 5
1704615730 2
1704615738 9
1704615746 2
1704615754 2
1704615762 6
1704615770 4
1704615778 4
1704615786 4
1704615794 5
1704615802 2
1704615810 4
1704615818 2
1704615826 4
1704615834 3
1704615842 4
1704615850 4
1704615858 5
1704615866 1
1704615874 3
1704615882 2
1704615890 3
1704615898 3
1704615906 4
1704615914 2
1704615922 2
1704615930 12
1704615938 6
1704615946 1
1704615954 1
1704615962 3
1704615970 9
1704615978 8
1704615986 3
1704615994 8
1704616002 6
1704616010 2
1704616018 11
1704616026 11
1704616034 19
1704616042 10
1704616050 6
1704616058 3
1704616066 4
1704616074 7
1704616082 1
1704616090 2
1704616098 1
1704616106 1
1704616114 3
1704616122 1
1704616130 1
1704616138 4
1704616146 3
1704616154 8
1704616162 1
1704616170 4
1704616178 6
1704616186 3
1704616194 8
1704616202 2
1704616210 10
1704616218 3
1704616226 5
1704616234 4
1704616242 7
1704616250 5
1704616258 3
1704616266 3
1704616274 5
1704616282 4
1704616290 5
1704616298 6
1704616306 4



# Sketch: 28
1704615714 8
1704615722 6
1704615730 3
1704615738 15
1704615746 4
1704615754 4
1704615762 4
1704615770 2
1704615778 0
1704615786 0
1704615794 4
1704615802 7
1704615810 5
1704615818 2
1704615826 2
1704615834 2
1704615842 8
1704615850 7
1704615858 9
1704615866 3
1704615874 2
1704615882 6
1704615890 8
1704615898 7
1704615906 5
1704615914 3
1704615922 1
1704615930 1
1704615938 0
1704615946 10
1704615954 5
1704615962 5
1704615970 3
1704615978 8
1704615986 7
1704615994 5
1704616002 0
1704616010 4
1704616018 1
1704616026 1
1704616034 6
1704616042 2
1704616050 1
1704616058 5
1704616066 2
1704616074 8
1704616082 2
1704616090 3
1704616098 4
1704616106 7
1704616114 2
1704616122 5
1704616130 11
1704616138 8
1704616146 4
1704616154 3
1704616162 4
1704616170 26
1704616178 3
1704616186 0
1704616194 4
1704616202 9
1704616210 7
1704616218 4
1704616226 9
1704616234 2
1704616242 6
1704616250 0
1704616258 2
1704616266 7
1704616274 7
1704616282 0
1704616290 7
1704616298 6
1704616306 2



# Sketch: 29
1704615714 1
1704615722 5
1704615730 3
1704615738 5
1704615746 2
1704615754 7
1704615762 2
1704615770 0
1704615778 4
1704615786 9
1704615794 14
1704615802 9
1704615810 5
1704615818 7
1704615826 5
1704615834 10
1704615842 1
1704615850 1
1704615858 4
1704615866 5
1704615874 9
1704615882 8
1704615890 0
1704615898 2
1704615906 6
1704615914 6
1704615922 3
1704615930 18
1704615938 12
1704615946 1
1704615954 0
1704615962 4
1704615970 1
1704615978 5
1704615986 5
1704615994 5
1704616002 5
1704616010 5
1704616018 2
1704616026 2
1704616034 1
1704616042 6
1704616050 2
1704616058 3
1704616066 1
1704616074 0
1704616082 7
1704616090 3
1704616098 6
1704616106 5
1704616114 3
1704616122 6
1704616130 6
1704616138 1
1704616146 4
1704616154 0
1704616162 2
1704616170 3
1704616178 5
1704616186 1
1704616194 1
1704616202 4
1704616210 7
1704616218 1
1704616226 2
1704616234 7
1704616242 1
1704616250 1
1704616258 1
1704616266 10
1704616274 1
1704616282 3
1704616290 4
1704616298 4
1704616306 6



# Sketch: 30
1704615714 8
1704615722 7
1704615730 2
1704615738 4
1704615746 4
1704615754 7
1704615762 6
1704615770 4
1704615778 2
1704615786 1
1704615794 1
1704615802 6
1704615810 1
1704615818 0
1704615826 2
1704615834 3
1704615842 3
1704615850 5
1704615858 2
1704615866 2
1704615874 2
1704615882 6
1704615890 0
1704615898 6
1704615906 3
1704615914 5
1704615922 7
1704615930 6
1704615938 7
1704615946 5
1704615954 2
1704615962 5
1704615970 6
1704615978 5
1704615986 6
1704615994 1
1704616002 4
1704616010 2
1704616018 2
1704616026 7
1704616034 10
1704616042 7
1704616050 3
1704616058 11
1704616066 6
1704616074 7
1704616082 2
1704616090 3
1704616098 1
1704616106 2
1704616114 4
1704616122 3
1704616130 1
1704616138 8
1704616146 4
1704616154 5
1704616162 3
1704616170 4
1704616178 3
1704616186 1
1704616194 4
1704616202 4
1704616210 1
1704616218 7
1704616226 1
1704616234 1
1704616242 2
1704616250 1
1704616258 9
1704616266 8
1704616274 3
1704616282 7
1704616290 0
1704616298 1
1704616306 2



# Sketch: 31
1704615714 6
1704615722 7
1704615730 5
1704615738 4
1704615746 1
1704615754 4
1704615762 8
1704615770 1
1704615778 0
1704615786 2
1704615794 1
1704615802 4
1704615810 8
1704615818 1
1704615826 3
1704615834 12
1704615842 5
1704615850 3
1704615858 4
1704615866 10
1704615874 1
1704615882 4
1704615890 1
1704615898 3
1704615906 2
1704615914 1
1704615922 6
1704615930 3
1704615938 1
1704615946 1
1704615954 0
1704615962 0
1704615970 0
1704615978 3
1704615986 3
1704615994 6
1704616002 10
1704616010 5
1704616018 5
1704616026 3
1704616034 0
1704616042 1
1704616050 4
1704616058 0
1704616066 0
1704616074 6
1704616082 8
1704616090 5
1704616098 2
1704616106 7
1704616114 2
1704616122 6
1704616130 11
1704616138 8
1704616146 1
1704616154 18
1704616162 3
1704616170 1
1704616178 3
1704616186 10
1704616194 11
1704616202 4
1704616210 4
1704616218 3
1704616226 8
1704616234 2
1704616242 1
1704616250 7
1704616258 4
1704616266 2
1704616274 5
1704616282 2
1704616290 3
1704616298 23
1704616306 6

