

# Sketch: 0
1704615714 1
1704615722 4
1704615730 2
1704615738 3
1704615746 5
1704615754 3
1704615762 2
1704615770 3
1704615778 5
1704615786 4
1704615794 0
1704615802 2
1704615810 4
1704615818 3
1704615826 1
1704615834 4
1704615842 9
1704615850 10
1704615858 2
1704615866 2
1704615874 1
1704615882 2
1704615890 1
1704615898 5
1704615906 2
1704615914 1
1704615922 1
1704615930 5
1704615938 1
1704615946 0
1704615954 1
1704615962 2
1704615970 2
1704615978 0
1704615986 2
1704615994 7
1704616002 0
1704616010 2
1704616018 12
1704616026 3
1704616034 1
1704616042 5
1704616050 3
1704616058 1
1704616066 2
1704616074 12
1704616082 4
1704616090 0
1704616098 4
1704616106 5
1704616114 4
1704616122 1
1704616130 3
1704616138 7
1704616146 4
1704616154 1
1704616162 5
1704616170 4
1704616178 7
1704616186 3
1704616194 0
1704616202 15
1704616210 6
1704616218 2
1704616226 2
1704616234 1
1704616242 3
1704616250 0
1704616258 2
1704616266 8
1704616274 7
1704616282 1
1704616290 3
1704616298 5
1704616306 1



# Sketch: 1
1704615714 4
1704615722 4
1704615730 3
1704615738 1
1704615746 4
1704615754 0
1704615762 1
1704615770 5
1704615778 15
1704615786 10
1704615794 10
1704615802 4
1704615810 6
1704615818 1
1704615826 2
1704615834 4
1704615842 5
1704615850 9
1704615858 1
1704615866 4
1704615874 0
1704615882 7
1704615890 8
1704615898 11
1704615906 5
1704615914 2
1704615922 4
1704615930 6
1704615938 6
1704615946 2
1704615954 4
1704615962 2
1704615970 8
1704615978 4
1704615986 3
1704615994 4
1704616002 2
1704616010 10
1704616018 2
1704616026 2
1704616034 5
1704616042 1
1704616050 18
1704616058 2
1704616066 1
1704616074 5
1704616082 1
1704616090 6
1704616098 0
1704616106 6
1704616114 5
1704616122 5
1704616130 3
1704616138 2
1704616146 5
1704616154 6
1704616162 3
1704616170 4
1704616178 1
1704616186 2
1704616194 3
1704616202 12
1704616210 7
1704616218 1
1704616226 9
1704616234 5
1704616242 1
1704616250 0
1704616258 10
1704616266 7
1704616274 12
1704616282 0
1704616290 0
1704616298 7
1704616306 1



# Sketch: 2
1704615714 0
1704615722 8
1704615730 2
1704615738 5
1704615746 7
1704615754 6
1704615762 8
1704615770 3
1704615778 2
1704615786 9
1704615794 1
1704615802 3
1704615810 9
1704615818 0
1704615826 9
1704615834 7
1704615842 3
1704615850 6
1704615858 0
1704615866 5
1704615874 6
1704615882 4
1704615890 2
1704615898 5
1704615906 0
1704615914 6
1704615922 1
1704615930 15
1704615938 2
1704615946 1
1704615954 1
1704615962 0
1704615970 2
1704615978 2
1704615986 2
1704615994 4
1704616002 8
1704616010 3
1704616018 2
1704616026 3
1704616034 2
1704616042 10
1704616050 3
1704616058 4
1704616066 2
1704616074 2
1704616082 0
1704616090 1
1704616098 2
1704616106 9
1704616114 0
1704616122 8
1704616130 2
1704616138 8
1704616146 0
1704616154 12
1704616162 3
1704616170 10
1704616178 5
1704616186 0
1704616194 3
1704616202 6
1704616210 2
1704616218 5
1704616226 2
1704616234 2
1704616242 11
1704616250 1
1704616258 8
1704616266 7
1704616274 2
1704616282 8
1704616290 5
1704616298 3
1704616306 2



# Sketch: 3
1704615714 3
1704615722 6
1704615730 2
1704615738 1
1704615746 3
1704615754 5
1704615762 7
1704615770 0
1704615778 4
1704615786 8
1704615794 3
1704615802 2
1704615810 4
1704615818 9
1704615826 3
1704615834 6
1704615842 1
1704615850 1
1704615858 7
1704615866 5
1704615874 3
1704615882 1
1704615890 1
1704615898 3
1704615906 4
1704615914 3
1704615922 3
1704615930 1
1704615938 3
1704615946 0
1704615954 3
1704615962 6
1704615970 3
1704615978 6
1704615986 2
1704615994 0
1704616002 3
1704616010 4
1704616018 20
1704616026 7
1704616034 5
1704616042 9
1704616050 1
1704616058 7
1704616066 5
1704616074 10
1704616082 9
1704616090 3
1704616098 1
1704616106 7
1704616114 3
1704616122 12
1704616130 7
1704616138 4
1704616146 0
1704616154 2
1704616162 5
1704616170 5
1704616178 2
1704616186 0
1704616194 1
1704616202 4
1704616210 2
1704616218 4
1704616226 1
1704616234 0
1704616242 4
1704616250 6
1704616258 7
1704616266 2
1704616274 10
1704616282 2
1704616290 2
1704616298 5
1704616306 4



# Sketch: 4
1704615714 3
1704615722 2
1704615730 6
1704615738 2
1704615746 2
1704615754 7
1704615762 4
1704615770 3
1704615778 5
1704615786 2
1704615794 5
1704615802 1
1704615810 5
1704615818 3
1704615826 1
1704615834 4
1704615842 3
1704615850 1
1704615858 6
1704615866 2
1704615874 1
1704615882 1
1704615890 4
1704615898 4
1704615906 0
1704615914 1
1704615922 3
1704615930 1
1704615938 5
1704615946 8
1704615954 4
1704615962 5
1704615970 1
1704615978 6
1704615986 2
1704615994 3
1704616002 5
1704616010 0
1704616018 11
1704616026 4
1704616034 5
1704616042 35
1704616050 5
1704616058 16
1704616066 47
1704616074 5
1704616082 0
1704616090 5
1704616098 3
1704616106 4
1704616114 32
1704616122 8
1704616130 5
1704616138 9
1704616146 7
1704616154 11
1704616162 0
1704616170 12
1704616178 2
1704616186 5
1704616194 2
1704616202 2
1704616210 6
1704616218 5
1704616226 2
1704616234 7
1704616242 3
1704616250 2
1704616258 6
1704616266 2
1704616274 5
1704616282 2
1704616290 6
1704616298 0
1704616306 8



# Sketch: 5
1704615714 4
1704615722 2
1704615730 1
1704615738 17
1704615746 6
1704615754 3
1704615762 9
1704615770 5
1704615778 5
1704615786 5
1704615794 8
1704615802 3
1704615810 6
1704615818 2
1704615826 4
1704615834 5
1704615842 1
1704615850 2
1704615858 2
1704615866 3
1704615874 2
1704615882 6
1704615890 1
1704615898 4
1704615906 3
1704615914 5
1704615922 3
1704615930 4
1704615938 3
1704615946 3
1704615954 5
1704615962 5
1704615970 9
1704615978 8
1704615986 1
1704615994 7
1704616002 7
1704616010 9
1704616018 30
1704616026 4
1704616034 1
1704616042 6
1704616050 2
1704616058 2
1704616066 1
1704616074 2
1704616082 5
1704616090 0
1704616098 1
1704616106 2
1704616114 8
1704616122 6
1704616130 2
1704616138 1
1704616146 11
1704616154 10
1704616162 1
1704616170 4
1704616178 0
1704616186 4
1704616194 14
1704616202 4
1704616210 9
1704616218 6
1704616226 7
1704616234 2
1704616242 3
1704616250 4
1704616258 4
1704616266 1
1704616274 1
1704616282 5
1704616290 1
1704616298 2
1704616306 10



# Sketch: 6
1704615714 4
1704615722 6
1704615730 1
1704615738 9
1704615746 18
1704615754 3
1704615762 2
1704615770 5
1704615778 2
1704615786 3
1704615794 9
1704615802 15
1704615810 4
1704615818 9
1704615826 2
1704615834 14
1704615842 1
1704615850 6
1704615858 3
1704615866 5
1704615874 2
1704615882 0
1704615890 2
1704615898 8
1704615906 2
1704615914 2
1704615922 3
1704615930 1
1704615938 3
1704615946 7
1704615954 10
1704615962 3
1704615970 2
1704615978 8
1704615986 7
1704615994 8
1704616002 3
1704616010 1
1704616018 8
1704616026 4
1704616034 4
1704616042 15
1704616050 6
1704616058 4
1704616066 4
1704616074 9
1704616082 2
1704616090 1
1704616098 4
1704616106 11
1704616114 12
1704616122 10
1704616130 2
1704616138 12
1704616146 6
1704616154 0
1704616162 3
1704616170 10
1704616178 2
1704616186 5
1704616194 5
1704616202 8
1704616210 5
1704616218 3
1704616226 3
1704616234 6
1704616242 4
1704616250 2
1704616258 2
1704616266 0
1704616274 2
1704616282 4
1704616290 4
1704616298 3
1704616306 1



# Sketch: 7
1704615714 2
1704615722 2
1704615730 3
1704615738 2
1704615746 3
1704615754 5
1704615762 2
1704615770 3
1704615778 0
1704615786 6
1704615794 0
1704615802 4
1704615810 3
1704615818 1
1704615826 4
1704615834 7
1704615842 2
1704615850 7
1704615858 2
1704615866 7
1704615874 4
1704615882 3
1704615890 5
1704615898 5
1704615906 3
1704615914 2
1704615922 4
1704615930 5
1704615938 6
1704615946 5
1704615954 4
1704615962 4
1704615970 12
1704615978 5
1704615986 3
1704615994 4
1704616002 2
1704616010 0
1704616018 1
1704616026 2
1704616034 7
1704616042 0
1704616050 1
1704616058 6
1704616066 2
1704616074 2
1704616082 1
1704616090 4
1704616098 4
1704616106 4
1704616114 3
1704616122 6
1704616130 2
1704616138 5
1704616146 13
1704616154 4
1704616162 7
1704616170 18
1704616178 4
1704616186 5
1704616194 2
1704616202 4
1704616210 1
1704616218 3
1704616226 2
1704616234 4
1704616242 2
1704616250 1
1704616258 3
1704616266 3
1704616274 0
1704616282 1
1704616290 1
1704616298 2
1704616306 1



# Sketch: 8
1704615714 7
1704615722 1
1704615730 5
1704615738 4
1704615746 5
1704615754 2
1704615762 4
1704615770 5
1704615778 7
1704615786 1
1704615794 16
1704615802 3
1704615810 4
1704615818 1
1704615826 7
1704615834 1
1704615842 9
1704615850 7
1704615858 8
1704615866 4
1704615874 1
1704615882 3
1704615890 4
1704615898 4
1704615906 5
1704615914 4
1704615922 3
1704615930 2
1704615938 1
1704615946 7
1704615954 3
1704615962 8
1704615970 5
1704615978 3
1704615986 4
1704615994 4
1704616002 1
1704616010 0
1704616018 0
1704616026 5
1704616034 4
1704616042 1
1704616050 7
1704616058 0
1704616066 11
1704616074 6
1704616082 2
1704616090 7
1704616098 5
1704616106 6
1704616114 7
1704616122 11
1704616130 1
1704616138 4
1704616146 1
1704616154 4
1704616162 2
1704616170 6
1704616178 1
1704616186 1
1704616194 5
1704616202 3
1704616210 5
1704616218 4
1704616226 9
1704616234 6
1704616242 4
1704616250 4
1704616258 5
1704616266 3
1704616274 3
1704616282 1
1704616290 2
1704616298 10
1704616306 1



# Sketch: 9
1704615714 2
1704615722 0
1704615730 0
1704615738 4
1704615746 13
1704615754 3
1704615762 7
1704615770 1
1704615778 2
1704615786 1
1704615794 0
1704615802 1
1704615810 3
1704615818 6
1704615826 5
1704615834 11
1704615842 6
1704615850 4
1704615858 4
1704615866 4
1704615874 2
1704615882 3
1704615890 2
1704615898 4
1704615906 2
1704615914 4
1704615922 2
1704615930 5
1704615938 7
1704615946 3
1704615954 4
1704615962 5
1704615970 2
1704615978 3
1704615986 6
1704615994 3
1704616002 2
1704616010 1
1704616018 6
1704616026 4
1704616034 2
1704616042 4
1704616050 1
1704616058 2
1704616066 3
1704616074 3
1704616082 12
1704616090 4
1704616098 4
1704616106 12
1704616114 10
1704616122 7
1704616130 5
1704616138 10
1704616146 4
1704616154 10
1704616162 4
1704616170 15
1704616178 5
1704616186 2
1704616194 6
1704616202 1
1704616210 4
1704616218 1
1704616226 23
1704616234 3
1704616242 0
1704616250 2
1704616258 4
1704616266 4
1704616274 4
1704616282 4
1704616290 3
1704616298 1
1704616306 3



# Sketch: 10
1704615714 2
1704615722 2
1704615730 0
1704615738 4
1704615746 2
1704615754 4
1704615762 9
1704615770 2
1704615778 3
1704615786 1
1704615794 4
1704615802 1
1704615810 4
1704615818 1
1704615826 3
1704615834 2
1704615842 13
1704615850 7
1704615858 10
1704615866 6
1704615874 0
1704615882 4
1704615890 1
1704615898 6
1704615906 4
1704615914 6
1704615922 8
1704615930 7
1704615938 3
1704615946 2
1704615954 3
1704615962 2
1704615970 3
1704615978 1
1704615986 3
1704615994 4
1704616002 2
1704616010 5
1704616018 1
1704616026 8
1704616034 3
1704616042 3
1704616050 3
1704616058 1
1704616066 2
1704616074 2
1704616082 2
1704616090 0
1704616098 0
1704616106 1
1704616114 3
1704616122 5
1704616130 9
1704616138 6
1704616146 4
1704616154 9
1704616162 3
1704616170 1
1704616178 1
1704616186 1
1704616194 1
1704616202 3
1704616210 3
1704616218 5
1704616226 6
1704616234 1
1704616242 8
1704616250 4
1704616258 2
1704616266 7
1704616274 1
1704616282 1
1704616290 7
1704616298 8
1704616306 2



# Sketch: 11
1704615714 1
1704615722 6
1704615730 0
1704615738 2
1704615746 1
1704615754 0
1704615762 3
1704615770 0
1704615778 6
1704615786 7
1704615794 1
1704615802 0
1704615810 6
1704615818 0
1704615826 2
1704615834 11
1704615842 1
1704615850 5
1704615858 1
1704615866 6
1704615874 4
1704615882 2
1704615890 1
1704615898 1
1704615906 3
1704615914 0
1704615922 1
1704615930 4
1704615938 2
1704615946 0
1704615954 1
1704615962 2
1704615970 3
1704615978 4
1704615986 3
1704615994 1
1704616002 2
1704616010 4
1704616018 4
1704616026 2
1704616034 1
1704616042 2
1704616050 5
1704616058 4
1704616066 0
1704616074 1
1704616082 2
1704616090 4
1704616098 1
1704616106 2
1704616114 2
1704616122 5
1704616130 6
1704616138 5
1704616146 1
1704616154 3
1704616162 1
1704616170 8
1704616178 5
1704616186 6
1704616194 6
1704616202 6
1704616210 0
1704616218 2
1704616226 5
1704616234 4
1704616242 6
1704616250 15
1704616258 2
1704616266 5
1704616274 3
1704616282 0
1704616290 1
1704616298 7
1704616306 3



# Sketch: 12
1704615714 1
1704615722 1
1704615730 6
1704615738 8
1704615746 3
1704615754 1
1704615762 10
1704615770 5
1704615778 6
1704615786 6
1704615794 3
1704615802 0
1704615810 7
1704615818 2
1704615826 2
1704615834 1
1704615842 4
1704615850 1
1704615858 9
1704615866 12
1704615874 0
1704615882 1
1704615890 6
1704615898 4
1704615906 1
1704615914 3
1704615922 7
1704615930 6
1704615938 7
1704615946 4
1704615954 2
1704615962 1
1704615970 2
1704615978 4
1704615986 13
1704615994 9
1704616002 8
1704616010 0
1704616018 8
1704616026 0
1704616034 14
1704616042 6
1704616050 6
1704616058 4
1704616066 0
1704616074 2
1704616082 1
1704616090 4
1704616098 2
1704616106 5
1704616114 7
1704616122 3
1704616130 2
1704616138 4
1704616146 2
1704616154 5
1704616162 3
1704616170 1
1704616178 9
1704616186 6
1704616194 1
1704616202 0
1704616210 4
1704616218 10
1704616226 3
1704616234 1
1704616242 6
1704616250 12
1704616258 27
1704616266 9
1704616274 16
1704616282 24
1704616290 5
1704616298 1
1704616306 5



# Sketch: 13
1704615714 3
1704615722 3
1704615730 3
1704615738 4
1704615746 2
1704615754 2
1704615762 4
1704615770 3
1704615778 4
1704615786 6
1704615794 2
1704615802 4
1704615810 6
1704615818 3
1704615826 7
1704615834 5
1704615842 4
1704615850 5
1704615858 4
1704615866 5
1704615874 5
1704615882 12
1704615890 2
1704615898 4
1704615906 3
1704615914 2
1704615922 3
1704615930 1
1704615938 1
1704615946 2
1704615954 0
1704615962 5
1704615970 2
1704615978 3
1704615986 3
1704615994 8
1704616002 1
1704616010 9
1704616018 3
1704616026 4
1704616034 3
1704616042 2
1704616050 5
1704616058 4
1704616066 1
1704616074 3
1704616082 13
1704616090 4
1704616098 1
1704616106 7
1704616114 3
1704616122 32
1704616130 1
1704616138 2
1704616146 11
1704616154 10
1704616162 4
1704616170 9
1704616178 6
1704616186 6
1704616194 9
1704616202 1
1704616210 14
1704616218 6
1704616226 4
1704616234 4
1704616242 2
1704616250 7
1704616258 0
1704616266 13
1704616274 10
1704616282 6
1704616290 4
1704616298 0
1704616306 2



# Sketch: 14
1704615714 3
1704615722 10
1704615730 5
1704615738 5
1704615746 7
1704615754 3
1704615762 2
1704615770 2
1704615778 2
1704615786 0
1704615794 2
1704615802 3
1704615810 0
1704615818 3
1704615826 2
1704615834 6
1704615842 8
1704615850 10
1704615858 5
1704615866 8
1704615874 6
1704615882 5
1704615890 5
1704615898 1
1704615906 4
1704615914 3
1704615922 1
1704615930 12
1704615938 1
1704615946 1
1704615954 3
1704615962 5
1704615970 7
1704615978 7
1704615986 8
1704615994 7
1704616002 2
1704616010 3
1704616018 10
1704616026 4
1704616034 2
1704616042 2
1704616050 6
1704616058 19
1704616066 4
1704616074 5
1704616082 7
1704616090 7
1704616098 6
1704616106 5
1704616114 9
1704616122 9
1704616130 3
1704616138 9
1704616146 3
1704616154 13
1704616162 27
1704616170 5
1704616178 5
1704616186 1
1704616194 28
1704616202 10
1704616210 3
1704616218 1
1704616226 5
1704616234 6
1704616242 2
1704616250 7
1704616258 5
1704616266 4
1704616274 6
1704616282 3
1704616290 8
1704616298 8
1704616306 1



# Sketch: 15
1704615714 10
1704615722 1
1704615730 4
1704615738 4
1704615746 2
1704615754 3
1704615762 12
1704615770 2
1704615778 8
1704615786 19
1704615794 8
1704615802 3
1704615810 16
1704615818 4
1704615826 4
1704615834 7
1704615842 5
1704615850 11
1704615858 2
1704615866 4
1704615874 1
1704615882 3
1704615890 1
1704615898 7
1704615906 15
1704615914 5
1704615922 8
1704615930 10
1704615938 12
1704615946 5
1704615954 12
1704615962 5
1704615970 4
1704615978 3
1704615986 4
1704615994 7
1704616002 6
1704616010 2
1704616018 6
1704616026 16
1704616034 6
1704616042 4
1704616050 16
1704616058 1
1704616066 3
1704616074 12
1704616082 6
1704616090 5
1704616098 3
1704616106 6
1704616114 13
1704616122 9
1704616130 6
1704616138 5
1704616146 15
1704616154 12
1704616162 3
1704616170 25
1704616178 2
1704616186 11
1704616194 11
1704616202 6
1704616210 2
1704616218 5
1704616226 6
1704616234 2
1704616242 3
1704616250 3
1704616258 7
1704616266 20
1704616274 17
1704616282 5
1704616290 18
1704616298 10
1704616306 12



# Sketch: 16
1704615714 3
1704615722 3
1704615730 27
1704615738 1
1704615746 5
1704615754 4
1704615762 23
1704615770 8
1704615778 10
1704615786 4
1704615794 3
1704615802 7
1704615810 3
1704615818 2
1704615826 4
1704615834 1
1704615842 2
1704615850 4
1704615858 7
1704615866 3
1704615874 0
1704615882 5
1704615890 4
1704615898 2
1704615906 2
1704615914 7
1704615922 3
1704615930 3
1704615938 1
1704615946 4
1704615954 5
1704615962 3
1704615970 3
1704615978 2
1704615986 11
1704615994 6
1704616002 2
1704616010 11
1704616018 9
1704616026 11
1704616034 1
1704616042 3
1704616050 2
1704616058 6
1704616066 2
1704616074 5
1704616082 6
1704616090 6
1704616098 2
1704616106 7
1704616114 2
1704616122 8
1704616130 8
1704616138 7
1704616146 3
1704616154 1
1704616162 2
1704616170 2
1704616178 1
1704616186 4
1704616194 5
1704616202 0
1704616210 1
1704616218 0
1704616226 10
1704616234 4
1704616242 6
1704616250 1
1704616258 0
1704616266 2
1704616274 5
1704616282 3
1704616290 1
1704616298 4
1704616306 2



# Sketch: 17
1704615714 5
1704615722 4
1704615730 1
1704615738 5
1704615746 5
1704615754 1
1704615762 3
1704615770 2
1704615778 7
1704615786 8
1704615794 3
1704615802 1
1704615810 3
1704615818 2
1704615826 10
1704615834 8
1704615842 7
1704615850 4
1704615858 4
1704615866 8
1704615874 5
1704615882 2
1704615890 5
1704615898 3
1704615906 1
1704615914 1
1704615922 0
1704615930 2
1704615938 5
1704615946 2
1704615954 1
1704615962 4
1704615970 5
1704615978 3
1704615986 3
1704615994 2
1704616002 3
1704616010 5
1704616018 3
1704616026 3
1704616034 5
1704616042 2
1704616050 2
1704616058 1
1704616066 2
1704616074 1
1704616082 4
1704616090 8
1704616098 1
1704616106 6
1704616114 4
1704616122 7
1704616130 2
1704616138 3
1704616146 3
1704616154 0
1704616162 4
1704616170 18
1704616178 3
1704616186 2
1704616194 3
1704616202 10
1704616210 9
1704616218 0
1704616226 2
1704616234 5
1704616242 1
1704616250 1
1704616258 1
1704616266 4
1704616274 6
1704616282 2
1704616290 0
1704616298 6
1704616306 2



# Sketch: 18
1704615714 0
1704615722 5
1704615730 1
1704615738 6
1704615746 0
1704615754 6
1704615762 0
1704615770 5
1704615778 1
1704615786 1
1704615794 14
1704615802 8
1704615810 2
1704615818 3
1704615826 4
1704615834 5
1704615842 3
1704615850 9
1704615858 1
1704615866 2
1704615874 0
1704615882 5
1704615890 3
1704615898 2
1704615906 0
1704615914 8
1704615922 4
1704615930 1
1704615938 0
1704615946 1
1704615954 4
1704615962 4
1704615970 2
1704615978 3
1704615986 2
1704615994 1
1704616002 2
1704616010 2
1704616018 5
1704616026 2
1704616034 9
1704616042 2
1704616050 4
1704616058 15
1704616066 3
1704616074 2
1704616082 5
1704616090 5
1704616098 1
1704616106 8
1704616114 5
1704616122 3
1704616130 3
1704616138 1
1704616146 2
1704616154 2
1704616162 1
1704616170 7
1704616178 1
1704616186 2
1704616194 2
1704616202 5
1704616210 3
1704616218 2
1704616226 4
1704616234 2
1704616242 4
1704616250 0
1704616258 7
1704616266 14
1704616274 3
1704616282 6
1704616290 6
1704616298 3
1704616306 1



# Sketch: 19
1704615714 0
1704615722 2
1704615730 2
1704615738 4
1704615746 3
1704615754 1
1704615762 10
1704615770 4
1704615778 2
1704615786 7
1704615794 0
1704615802 2
1704615810 8
1704615818 6
1704615826 1
1704615834 5
1704615842 6
1704615850 5
1704615858 7
1704615866 3
1704615874 8
1704615882 1
1704615890 0
1704615898 3
1704615906 9
1704615914 0
1704615922 3
1704615930 8
1704615938 4
1704615946 2
1704615954 8
1704615962 2
1704615970 0
1704615978 4
1704615986 9
1704615994 6
1704616002 15
1704616010 3
1704616018 2
1704616026 1
1704616034 8
1704616042 2
1704616050 2
1704616058 0
1704616066 5
1704616074 4
1704616082 4
1704616090 19
1704616098 2
1704616106 2
1704616114 0
1704616122 4
1704616130 8
1704616138 8
1704616146 4
1704616154 3
1704616162 5
1704616170 2
1704616178 1
1704616186 0
1704616194 5
1704616202 5
1704616210 8
1704616218 4
1704616226 5
1704616234 2
1704616242 2
1704616250 2
1704616258 2
1704616266 5
1704616274 7
1704616282 2
1704616290 1
1704616298 3
1704616306 6



# Sketch: 20
1704615714 5
1704615722 3
1704615730 3
1704615738 4
1704615746 4
1704615754 2
1704615762 3
1704615770 22
1704615778 5
1704615786 2
1704615794 1
1704615802 1
1704615810 4
1704615818 6
1704615826 0
1704615834 0
1704615842 9
1704615850 3
1704615858 5
1704615866 7
1704615874 7
1704615882 0
1704615890 1
1704615898 2
1704615906 3
1704615914 2
1704615922 1
1704615930 1
1704615938 10
1704615946 0
1704615954 0
1704615962 6
1704615970 9
1704615978 4
1704615986 3
1704615994 15
1704616002 6
1704616010 3
1704616018 6
1704616026 1
1704616034 5
1704616042 3
1704616050 9
1704616058 6
1704616066 1
1704616074 4
1704616082 2
1704616090 5
1704616098 4
1704616106 3
1704616114 5
1704616122 11
1704616130 6
1704616138 4
1704616146 3
1704616154 5
1704616162 1
1704616170 1
1704616178 3
1704616186 0
1704616194 1
1704616202 2
1704616210 4
1704616218 5
1704616226 4
1704616234 3
1704616242 4
1704616250 3
1704616258 3
1704616266 12
1704616274 4
1704616282 9
1704616290 2
1704616298 4
1704616306 17



# Sketch: 21
1704615714 4
1704615722 2
1704615730 7
1704615738 12
1704615746 28
1704615754 1
1704615762 3
1704615770 2
1704615778 2
1704615786 1
1704615794 6
1704615802 12
1704615810 1
1704615818 5
1704615826 2
1704615834 3
1704615842 5
1704615850 6
1704615858 2
1704615866 6
1704615874 2
1704615882 10
1704615890 0
1704615898 3
1704615906 2
1704615914 8
1704615922 0
1704615930 5
1704615938 5
1704615946 2
1704615954 1
1704615962 2
1704615970 5
1704615978 11
1704615986 2
1704615994 1
1704616002 1
1704616010 4
1704616018 3
1704616026 7
1704616034 7
1704616042 2
1704616050 7
1704616058 3
1704616066 3
1704616074 6
1704616082 4
1704616090 2
1704616098 0
1704616106 2
1704616114 3
1704616122 6
1704616130 4
1704616138 1
1704616146 1
1704616154 6
1704616162 4
1704616170 3
1704616178 7
1704616186 8
1704616194 5
1704616202 6
1704616210 5
1704616218 1
1704616226 5
1704616234 5
1704616242 4
1704616250 2
1704616258 5
1704616266 2
1704616274 5
1704616282 12
1704616290 3
1704616298 19
1704616306 3



# Sketch: 22
1704615714 7
1704615722 6
1704615730 8
1704615738 3
1704615746 9
1704615754 3
1704615762 3
1704615770 3
1704615778 3
1704615786 5
1704615794 5
1704615802 3
1704615810 9
1704615818 5
1704615826 1
1704615834 2
1704615842 5
1704615850 4
1704615858 5
1704615866 12
1704615874 1
1704615882 8
1704615890 3
1704615898 4
1704615906 4
1704615914 6
1704615922 0
1704615930 8
1704615938 12
1704615946 6
1704615954 5
1704615962 8
1704615970 8
1704615978 5
1704615986 8
1704615994 17
1704616002 2
1704616010 6
1704616018 3
1704616026 4
1704616034 5
1704616042 4
1704616050 1
1704616058 2
1704616066 3
1704616074 8
1704616082 4
1704616090 7
1704616098 4
1704616106 6
1704616114 6
1704616122 1
1704616130 3
1704616138 8
1704616146 5
1704616154 0
1704616162 2
1704616170 2
1704616178 6
1704616186 2
1704616194 4
1704616202 11
1704616210 6
1704616218 10
1704616226 4
1704616234 6
1704616242 1
1704616250 2
1704616258 1
1704616266 1
1704616274 4
1704616282 2
1704616290 5
1704616298 4
1704616306 7



# Sketch: 23
1704615714 12
1704615722 3
1704615730 11
1704615738 4
1704615746 1
1704615754 3
1704615762 2
1704615770 1
1704615778 4
1704615786 7
1704615794 3
1704615802 3
1704615810 4
1704615818 3
1704615826 4
1704615834 2
1704615842 6
1704615850 17
1704615858 8
1704615866 9
1704615874 1
1704615882 0
1704615890 7
1704615898 7
1704615906 0
1704615914 4
1704615922 10
1704615930 4
1704615938 1
1704615946 2
1704615954 3
1704615962 2
1704615970 9
1704615978 10
1704615986 2
1704615994 4
1704616002 2
1704616010 2
1704616018 1
1704616026 10
1704616034 18
1704616042 8
1704616050 4
1704616058 7
1704616066 1
1704616074 6
1704616082 4
1704616090 12
1704616098 7
1704616106 4
1704616114 9
1704616122 19
1704616130 2
1704616138 4
1704616146 6
1704616154 2
1704616162 1
1704616170 1
1704616178 2
1704616186 1
1704616194 10
1704616202 4
1704616210 3
1704616218 3
1704616226 4
1704616234 3
1704616242 1
1704616250 0
1704616258 4
1704616266 3
1704616274 3
1704616282 8
1704616290 5
1704616298 5
1704616306 7



# Sketch: 24
1704615714 6
1704615722 1
1704615730 0
1704615738 5
1704615746 11
1704615754 1
1704615762 12
1704615770 5
1704615778 2
1704615786 9
1704615794 0
1704615802 3
1704615810 6
1704615818 0
1704615826 2
1704615834 1
1704615842 9
1704615850 5
1704615858 2
1704615866 7
1704615874 2
1704615882 4
1704615890 5
1704615898 1
1704615906 5
1704615914 4
1704615922 1
1704615930 0
1704615938 11
1704615946 0
1704615954 2
1704615962 5
1704615970 4
1704615978 5
1704615986 13
1704615994 3
1704616002 3
1704616010 3
1704616018 3
1704616026 4
1704616034 1
1704616042 12
1704616050 2
1704616058 4
1704616066 8
1704616074 10
1704616082 3
1704616090 3
1704616098 2
1704616106 8
1704616114 8
1704616122 10
1704616130 4
1704616138 5
1704616146 3
1704616154 16
1704616162 15
1704616170 2
1704616178 4
1704616186 2
1704616194 5
1704616202 4
1704616210 6
1704616218 0
1704616226 4
1704616234 2
1704616242 5
1704616250 1
1704616258 11
1704616266 7
1704616274 5
1704616282 2
1704616290 1
1704616298 3
1704616306 2



# Sketch: 25
1704615714 2
1704615722 2
1704615730 0
1704615738 6
1704615746 1
1704615754 2
1704615762 8
1704615770 0
1704615778 8
1704615786 6
1704615794 5
1704615802 5
1704615810 10
1704615818 4
1704615826 4
1704615834 4
1704615842 3
1704615850 1
1704615858 5
1704615866 7
1704615874 3
1704615882 4
1704615890 6
1704615898 3
1704615906 2
1704615914 3
1704615922 1
1704615930 6
1704615938 3
1704615946 13
1704615954 3
1704615962 1
1704615970 1
1704615978 4
1704615986 4
1704615994 3
1704616002 1
1704616010 5
1704616018 1
1704616026 2
1704616034 9
1704616042 13
1704616050 1
1704616058 6
1704616066 3
1704616074 3
1704616082 2
1704616090 5
1704616098 8
1704616106 6
1704616114 5
1704616122 0
1704616130 7
1704616138 4
1704616146 7
1704616154 2
1704616162 3
1704616170 3
1704616178 4
1704616186 3
1704616194 9
1704616202 3
1704616210 4
1704616218 0
1704616226 8
1704616234 1
1704616242 3
1704616250 3
1704616258 3
1704616266 8
1704616274 8
1704616282 8
1704616290 3
1704616298 1
1704616306 4



# Sketch: 26
1704615714 5
1704615722 40
1704615730 5
1704615738 10
1704615746 2
1704615754 3
1704615762 0
1704615770 5
1704615778 5
1704615786 6
1704615794 3
1704615802 3
1704615810 13
1704615818 0
1704615826 2
1704615834 6
1704615842 8
1704615850 8
1704615858 4
1704615866 12
1704615874 1
1704615882 4
1704615890 3
1704615898 5
1704615906 3
1704615914 4
1704615922 6
1704615930 0
1704615938 1
1704615946 4
1704615954 2
1704615962 6
1704615970 8
1704615978 9
1704615986 8
1704615994 4
1704616002 3
1704616010 3
1704616018 9
1704616026 12
1704616034 0
1704616042 8
1704616050 3
1704616058 1
1704616066 3
1704616074 12
1704616082 7
1704616090 8
1704616098 7
1704616106 13
1704616114 3
1704616122 9
1704616130 3
1704616138 3
1704616146 7
1704616154 2
1704616162 3
1704616170 4
1704616178 3
1704616186 3
1704616194 5
1704616202 5
1704616210 8
1704616218 4
1704616226 5
1704616234 5
1704616242 2
1704616250 1
1704616258 3
1704616266 6
1704616274 2
1704616282 4
1704616290 5
1704616298 11
1704616306 1



# Sketch: 27
1704615714 4
1704615722 5
1704615730 2
1704615738 7
1704615746 1
1704615754 0
1704615762 4
1704615770 2
1704615778 5
1704615786 2
1704615794 7
1704615802 2
1704615810 32
1704615818 0
1704615826 1
1704615834 8
1704615842 7
1704615850 6
1704615858 10
1704615866 6
1704615874 1
1704615882 1
1704615890 1
1704615898 2
1704615906 5
1704615914 2
1704615922 2
1704615930 2
1704615938 4
1704615946 1
1704615954 6
1704615962 1
1704615970 1
1704615978 11
1704615986 9
1704615994 5
1704616002 3
1704616010 4
1704616018 3
1704616026 2
1704616034 6
1704616042 0
1704616050 7
1704616058 7
1704616066 1
1704616074 1
1704616082 11
1704616090 5
1704616098 6
1704616106 5
1704616114 4
1704616122 4
1704616130 2
1704616138 5
1704616146 5
1704616154 2
1704616162 2
1704616170 2
1704616178 0
1704616186 3
1704616194 7
1704616202 7
1704616210 11
1704616218 7
1704616226 2
1704616234 2
1704616242 0
1704616250 1
1704616258 1
1704616266 1
1704616274 3
1704616282 4
1704616290 6
1704616298 2
1704616306 6



# Sketch: 28
1704615714 2
1704615722 3
1704615730 7
1704615738 6
1704615746 6
1704615754 6
1704615762 8
1704615770 5
1704615778 3
1704615786 0
1704615794 2
1704615802 4
1704615810 8
1704615818 2
1704615826 3
1704615834 1
1704615842 4
1704615850 7
1704615858 7
1704615866 5
1704615874 2
1704615882 6
1704615890 0
1704615898 1
1704615906 4
1704615914 1
1704615922 2
1704615930 5
1704615938 1
1704615946 9
1704615954 5
1704615962 4
1704615970 3
1704615978 8
1704615986 5
1704615994 3
1704616002 7
1704616010 1
1704616018 5
1704616026 2
1704616034 4
1704616042 6
1704616050 5
1704616058 3
1704616066 5
1704616074 6
1704616082 4
1704616090 3
1704616098 13
1704616106 6
1704616114 7
1704616122 16
1704616130 9
1704616138 6
1704616146 1
1704616154 7
1704616162 3
1704616170 1
1704616178 34
1704616186 2
1704616194 3
1704616202 7
1704616210 1
1704616218 5
1704616226 4
1704616234 4
1704616242 1
1704616250 1
1704616258 2
1704616266 17
1704616274 6
1704616282 5
1704616290 2
1704616298 4
1704616306 3



# Sketch: 29
1704615714 4
1704615722 3
1704615730 2
1704615738 2
1704615746 4
1704615754 10
1704615762 2
1704615770 3
1704615778 1
1704615786 10
1704615794 10
1704615802 7
1704615810 8
1704615818 2
1704615826 4
1704615834 7
1704615842 4
1704615850 6
1704615858 6
1704615866 2
1704615874 7
1704615882 4
1704615890 11
1704615898 2
1704615906 10
1704615914 7
1704615922 1
1704615930 4
1704615938 10
1704615946 2
1704615954 3
1704615962 5
1704615970 4
1704615978 5
1704615986 7
1704615994 3
1704616002 2
1704616010 3
1704616018 10
1704616026 37
1704616034 18
1704616042 4
1704616050 9
1704616058 2
1704616066 0
1704616074 9
1704616082 2
1704616090 6
1704616098 1
1704616106 11
1704616114 6
1704616122 3
1704616130 10
1704616138 3
1704616146 11
1704616154 3
1704616162 4
1704616170 11
1704616178 9
1704616186 2
1704616194 6
1704616202 3
1704616210 3
1704616218 1
1704616226 7
1704616234 9
1704616242 3
1704616250 2
1704616258 12
1704616266 30
1704616274 9
1704616282 1
1704616290 8
1704616298 9
1704616306 2



# Sketch: 30
1704615714 8
1704615722 3
1704615730 24
1704615738 8
1704615746 3
1704615754 1
1704615762 8
1704615770 1
1704615778 0
1704615786 6
1704615794 10
1704615802 4
1704615810 4
1704615818 1
1704615826 13
1704615834 5
1704615842 4
1704615850 8
1704615858 1
1704615866 8
1704615874 5
1704615882 6
1704615890 4
1704615898 5
1704615906 3
1704615914 3
1704615922 3
1704615930 4
1704615938 1
1704615946 6
1704615954 10
1704615962 21
1704615970 9
1704615978 26
1704615986 4
1704615994 5
1704616002 0
1704616010 2
1704616018 3
1704616026 5
1704616034 5
1704616042 0
1704616050 3
1704616058 4
1704616066 1
1704616074 2
1704616082 0
1704616090 9
1704616098 13
1704616106 10
1704616114 1
1704616122 2
1704616130 6
1704616138 4
1704616146 1
1704616154 10
1704616162 5
1704616170 4
1704616178 11
1704616186 5
1704616194 3
1704616202 6
1704616210 5
1704616218 5
1704616226 4
1704616234 4
1704616242 3
1704616250 1
1704616258 1
1704616266 3
1704616274 5
1704616282 2
1704616290 7
1704616298 2
1704616306 0



# Sketch: 31
1704615714 5
1704615722 1
1704615730 2
1704615738 0
1704615746 2
1704615754 1
1704615762 12
1704615770 5
1704615778 6
1704615786 2
1704615794 6
1704615802 13
1704615810 6
1704615818 1
1704615826 3
1704615834 1
1704615842 5
1704615850 4
1704615858 7
1704615866 3
1704615874 1
1704615882 3
1704615890 4
1704615898 6
1704615906 8
1704615914 3
1704615922 9
1704615930 5
1704615938 4
1704615946 1
1704615954 1
1704615962 0
1704615970 6
1704615978 5
1704615986 2
1704615994 3
1704616002 2
1704616010 0
1704616018 6
1704616026 1
1704616034 0
1704616042 0
1704616050 4
1704616058 2
1704616066 6
1704616074 1
1704616082 5
1704616090 4
1704616098 3
1704616106 3
1704616114 1
1704616122 4
1704616130 2
1704616138 9
1704616146 3
1704616154 4
1704616162 6
1704616170 3
1704616178 2
1704616186 1
1704616194 6
1704616202 4
1704616210 1
1704616218 2
1704616226 1
1704616234 0
1704616242 1
1704616250 5
1704616258 3
1704616266 14
1704616274 2
1704616282 2
1704616290 3
1704616298 8
1704616306 3

