

# Sketch: 0
1704615714 31
1704615778 31
1704615842 24
1704615906 27
1704615970 33
1704616034 57
1704616098 27
1704616162 32
1704616226 28
1704616290 9



# Sketch: 1
1704615714 28
1704615778 25
1704615842 27
1704615906 34
1704615970 32
1704616034 28
1704616098 64
1704616162 29
1704616226 22
1704616290 10



# Sketch: 2
1704615714 43
1704615778 42
1704615842 35
1704615906 29
1704615970 27
1704616034 30
1704616098 40
1704616162 44
1704616226 25
1704616290 9



# Sketch: 3
1704615714 49
1704615778 42
1704615842 36
1704615906 47
1704615970 57
1704616034 39
1704616098 36
1704616162 36
1704616226 38
1704616290 17



# Sketch: 4
1704615714 62
1704615778 41
1704615842 36
1704615906 33
1704615970 46
1704616034 102
1704616098 39
1704616162 26
1704616226 38
1704616290 10



# Sketch: 5
1704615714 35
1704615778 25
1704615842 29
1704615906 20
1704615970 52
1704616034 29
1704616098 40
1704616162 31
1704616226 65
1704616290 9



# Sketch: 6
1704615714 33
1704615778 38
1704615842 51
1704615906 26
1704615970 41
1704616034 33
1704616098 72
1704616162 27
1704616226 35
1704616290 11



# Sketch: 7
1704615714 47
1704615778 60
1704615842 32
1704615906 28
1704615970 44
1704616034 31
1704616098 45
1704616162 54
1704616226 19
1704616290 11



# Sketch: 8
1704615714 33
1704615778 35
1704615842 46
1704615906 23
1704615970 34
1704616034 47
1704616098 38
1704616162 83
1704616226 24
1704616290 10



# Sketch: 9
1704615714 39
1704615778 28
1704615842 24
1704615906 37
1704615970 44
1704616034 44
1704616098 68
1704616162 20
1704616226 37
1704616290 12



# Sketch: 10
1704615714 36
1704615778 26
1704615842 46
1704615906 26
1704615970 33
1704616034 15
1704616098 52
1704616162 30
1704616226 41
1704616290 10



# Sketch: 11
1704615714 47
1704615778 28
1704615842 38
1704615906 35
1704615970 48
1704616034 32
1704616098 69
1704616162 34
1704616226 47
1704616290 6



# Sketch: 12
1704615714 29
1704615778 44
1704615842 38
1704615906 14
1704615970 19
1704616034 39
1704616098 23
1704616162 37
1704616226 51
1704616290 14



# Sketch: 13
1704615714 14
1704615778 33
1704615842 33
1704615906 30
1704615970 29
1704616034 51
1704616098 50
1704616162 26
1704616226 40
1704616290 22



# Sketch: 14
1704615714 70
1704615778 48
1704615842 40
1704615906 46
1704615970 45
1704616034 42
1704616098 54
1704616162 67
1704616226 46
1704616290 9



# Sketch: 15
1704615714 28
1704615778 22
1704615842 25
1704615906 27
1704615970 28
1704616034 48
1704616098 25
1704616162 51
1704616226 34
1704616290 17



# Sketch: 16
1704615714 11
1704615778 22
1704615842 16
1704615906 34
1704615970 41
1704616034 48
1704616098 37
1704616162 32
1704616226 36
1704616290 16



# Sketch: 17
1704615714 19
1704615778 55
1704615842 31
1704615906 31
1704615970 36
1704616034 40
1704616098 46
1704616162 52
1704616226 35
1704616290 11



# Sketch: 18
1704615714 43
1704615778 37
1704615842 26
1704615906 27
1704615970 31
1704616034 37
1704616098 35
1704616162 28
1704616226 46
1704616290 8



# Sketch: 19
1704615714 29
1704615778 21
1704615842 56
1704615906 19
1704615970 48
1704616034 30
1704616098 35
1704616162 65
1704616226 30
1704616290 29



# Sketch: 20
1704615714 30
1704615778 34
1704615842 32
1704615906 31
1704615970 36
1704616034 21
1704616098 36
1704616162 33
1704616226 43
1704616290 14



# Sketch: 21
1704615714 43
1704615778 39
1704615842 32
1704615906 26
1704615970 28
1704616034 22
1704616098 28
1704616162 25
1704616226 11
1704616290 11



# Sketch: 22
1704615714 28
1704615778 53
1704615842 35
1704615906 50
1704615970 46
1704616034 55
1704616098 45
1704616162 46
1704616226 48
1704616290 22



# Sketch: 23
1704615714 35
1704615778 27
1704615842 36
1704615906 38
1704615970 38
1704616034 41
1704616098 37
1704616162 25
1704616226 19
1704616290 10



# Sketch: 24
1704615714 55
1704615778 25
1704615842 39
1704615906 29
1704615970 55
1704616034 36
1704616098 34
1704616162 30
1704616226 34
1704616290 6



# Sketch: 25
1704615714 35
1704615778 60
1704615842 51
1704615906 56
1704615970 65
1704616034 58
1704616098 64
1704616162 49
1704616226 77
1704616290 18



# Sketch: 26
1704615714 19
1704615778 37
1704615842 28
1704615906 25
1704615970 22
1704616034 26
1704616098 33
1704616162 31
1704616226 17
1704616290 3



# Sketch: 27
1704615714 24
1704615778 38
1704615842 42
1704615906 16
1704615970 38
1704616034 31
1704616098 53
1704616162 39
1704616226 41
1704616290 35



# Sketch: 28
1704615714 56
1704615778 33
1704615842 37
1704615906 35
1704615970 26
1704616034 22
1704616098 66
1704616162 39
1704616226 42
1704616290 10



# Sketch: 29
1704615714 24
1704615778 29
1704615842 40
1704615906 22
1704615970 31
1704616034 28
1704616098 25
1704616162 28
1704616226 30
1704616290 11



# Sketch: 30
1704615714 25
1704615778 38
1704615842 29
1704615906 14
1704615970 37
1704616034 32
1704616098 27
1704616162 20
1704616226 28
1704616290 8



# Sketch: 31
1704615714 39
1704615778 33
1704615842 24
1704615906 32
1704615970 45
1704616034 37
1704616098 33
1704616162 21
1704616226 37
1704616290 13

