

# Sketch: 0
1704615714 2
1704615722 6
1704615730 6
1704615738 8
1704615746 5
1704615754 1
1704615762 12
1704615770 1
1704615778 5
1704615786 2
1704615794 8
1704615802 5
1704615810 10
1704615818 2
1704615826 2
1704615834 7
1704615842 1
1704615850 14
1704615858 3
1704615866 9
1704615874 7
1704615882 0
1704615890 1
1704615898 5
1704615906 3
1704615914 4
1704615922 2
1704615930 7
1704615938 4
1704615946 4
1704615954 2
1704615962 4
1704615970 12
1704615978 5
1704615986 2
1704615994 3
1704616002 1
1704616010 3
1704616018 6
1704616026 2
1704616034 6
1704616042 1
1704616050 1
1704616058 0
1704616066 2
1704616074 10
1704616082 4
1704616090 9
1704616098 1
1704616106 3
1704616114 7
1704616122 10
1704616130 7
1704616138 11
1704616146 5
1704616154 10
1704616162 2
1704616170 7
1704616178 4
1704616186 0
1704616194 5
1704616202 6
1704616210 5
1704616218 2
1704616226 2
1704616234 2
1704616242 1
1704616250 5
1704616258 5
1704616266 8
1704616274 4
1704616282 2
1704616290 4
1704616298 3
1704616306 6



# Sketch: 1
1704615714 4
1704615722 3
1704615730 5
1704615738 5
1704615746 3
1704615754 7
1704615762 2
1704615770 23
1704615778 3
1704615786 2
1704615794 2
1704615802 2
1704615810 2
1704615818 1
1704615826 7
1704615834 1
1704615842 3
1704615850 7
1704615858 2
1704615866 5
1704615874 3
1704615882 2
1704615890 3
1704615898 2
1704615906 6
1704615914 5
1704615922 6
1704615930 6
1704615938 3
1704615946 0
1704615954 1
1704615962 5
1704615970 3
1704615978 5
1704615986 0
1704615994 7
1704616002 5
1704616010 2
1704616018 14
1704616026 1
1704616034 3
1704616042 1
1704616050 1
1704616058 2
1704616066 1
1704616074 6
1704616082 2
1704616090 7
1704616098 2
1704616106 6
1704616114 4
1704616122 5
1704616130 5
1704616138 2
1704616146 2
1704616154 5
1704616162 2
1704616170 2
1704616178 2
1704616186 5
1704616194 1
1704616202 4
1704616210 2
1704616218 2
1704616226 0
1704616234 1
1704616242 5
1704616250 5
1704616258 4
1704616266 14
1704616274 4
1704616282 4
1704616290 4
1704616298 3
1704616306 3



# Sketch: 2
1704615714 3
1704615722 2
1704615730 0
1704615738 1
1704615746 1
1704615754 5
1704615762 6
1704615770 2
1704615778 2
1704615786 11
1704615794 4
1704615802 8
1704615810 6
1704615818 3
1704615826 1
1704615834 4
1704615842 3
1704615850 4
1704615858 12
1704615866 12
1704615874 0
1704615882 6
1704615890 4
1704615898 4
1704615906 13
1704615914 3
1704615922 5
1704615930 10
1704615938 6
1704615946 0
1704615954 8
1704615962 5
1704615970 3
1704615978 5
1704615986 1
1704615994 2
1704616002 2
1704616010 3
1704616018 7
1704616026 13
1704616034 15
1704616042 8
1704616050 10
1704616058 12
1704616066 1
1704616074 4
1704616082 7
1704616090 10
1704616098 7
1704616106 2
1704616114 8
1704616122 13
1704616130 3
1704616138 5
1704616146 10
1704616154 4
1704616162 3
1704616170 7
1704616178 2
1704616186 3
1704616194 5
1704616202 4
1704616210 14
1704616218 3
1704616226 3
1704616234 1
1704616242 5
1704616250 0
1704616258 8
1704616266 7
1704616274 8
1704616282 4
1704616290 8
1704616298 6
1704616306 2



# Sketch: 3
1704615714 6
1704615722 6
1704615730 2
1704615738 3
1704615746 2
1704615754 1
1704615762 14
1704615770 3
1704615778 8
1704615786 7
1704615794 0
1704615802 1
1704615810 3
1704615818 0
1704615826 2
1704615834 2
1704615842 4
1704615850 0
1704615858 3
1704615866 8
1704615874 1
1704615882 2
1704615890 3
1704615898 1
1704615906 2
1704615914 5
1704615922 3
1704615930 3
1704615938 3
1704615946 3
1704615954 2
1704615962 0
1704615970 4
1704615978 2
1704615986 5
1704615994 6
1704616002 3
1704616010 2
1704616018 1
1704616026 3
1704616034 1
1704616042 8
1704616050 1
1704616058 11
1704616066 2
1704616074 1
1704616082 4
1704616090 6
1704616098 7
1704616106 7
1704616114 8
1704616122 29
1704616130 1
1704616138 3
1704616146 7
1704616154 2
1704616162 5
1704616170 1
1704616178 9
1704616186 2
1704616194 4
1704616202 1
1704616210 0
1704616218 6
1704616226 1
1704616234 6
1704616242 4
1704616250 2
1704616258 2
1704616266 4
1704616274 2
1704616282 0
1704616290 4
1704616298 15
1704616306 6



# Sketch: 4
1704615714 0
1704615722 3
1704615730 0
1704615738 23
1704615746 26
1704615754 5
1704615762 6
1704615770 5
1704615778 6
1704615786 9
1704615794 3
1704615802 6
1704615810 9
1704615818 4
1704615826 4
1704615834 2
1704615842 7
1704615850 12
1704615858 5
1704615866 6
1704615874 1
1704615882 3
1704615890 2
1704615898 6
1704615906 1
1704615914 3
1704615922 3
1704615930 0
1704615938 0
1704615946 3
1704615954 1
1704615962 2
1704615970 1
1704615978 6
1704615986 3
1704615994 9
1704616002 1
1704616010 4
1704616018 4
1704616026 3
1704616034 2
1704616042 5
1704616050 7
1704616058 4
1704616066 4
1704616074 5
1704616082 3
1704616090 4
1704616098 3
1704616106 3
1704616114 5
1704616122 4
1704616130 1
1704616138 7
1704616146 1
1704616154 5
1704616162 5
1704616170 0
1704616178 5
1704616186 5
1704616194 4
1704616202 3
1704616210 3
1704616218 1
1704616226 4
1704616234 2
1704616242 4
1704616250 2
1704616258 5
1704616266 2
1704616274 9
1704616282 7
1704616290 1
1704616298 5
1704616306 3



# Sketch: 5
1704615714 3
1704615722 4
1704615730 1
1704615738 3
1704615746 1
1704615754 2
1704615762 5
1704615770 4
1704615778 1
1704615786 3
1704615794 5
1704615802 3
1704615810 2
1704615818 4
1704615826 0
1704615834 5
1704615842 7
1704615850 2
1704615858 5
1704615866 11
1704615874 1
1704615882 3
1704615890 1
1704615898 2
1704615906 3
1704615914 6
1704615922 1
1704615930 5
1704615938 2
1704615946 2
1704615954 1
1704615962 1
1704615970 8
1704615978 3
1704615986 7
1704615994 3
1704616002 1
1704616010 4
1704616018 7
1704616026 1
1704616034 0
1704616042 2
1704616050 1
1704616058 3
1704616066 4
1704616074 8
1704616082 2
1704616090 0
1704616098 2
1704616106 5
1704616114 2
1704616122 3
1704616130 4
1704616138 4
1704616146 3
1704616154 2
1704616162 2
1704616170 13
1704616178 4
1704616186 2
1704616194 4
1704616202 7
1704616210 14
1704616218 0
1704616226 7
1704616234 2
1704616242 4
1704616250 16
1704616258 6
1704616266 10
1704616274 4
1704616282 8
1704616290 9
1704616298 3
1704616306 1



# Sketch: 6
1704615714 9
1704615722 0
1704615730 2
1704615738 7
1704615746 0
1704615754 0
1704615762 3
1704615770 5
1704615778 6
1704615786 4
1704615794 6
1704615802 10
1704615810 7
1704615818 5
1704615826 1
1704615834 12
1704615842 1
1704615850 2
1704615858 5
1704615866 2
1704615874 1
1704615882 3
1704615890 2
1704615898 1
1704615906 1
1704615914 3
1704615922 2
1704615930 4
1704615938 1
1704615946 10
1704615954 6
1704615962 3
1704615970 11
1704615978 5
1704615986 3
1704615994 4
1704616002 3
1704616010 4
1704616018 1
1704616026 4
1704616034 2
1704616042 6
1704616050 6
1704616058 3
1704616066 4
1704616074 3
1704616082 3
1704616090 2
1704616098 0
1704616106 4
1704616114 25
1704616122 32
1704616130 2
1704616138 2
1704616146 0
1704616154 14
1704616162 8
1704616170 1
1704616178 7
1704616186 4
1704616194 1
1704616202 0
1704616210 2
1704616218 3
1704616226 10
1704616234 4
1704616242 2
1704616250 1
1704616258 5
1704616266 2
1704616274 3
1704616282 2
1704616290 4
1704616298 2
1704616306 9



# Sketch: 7
1704615714 2
1704615722 8
1704615730 6
1704615738 0
1704615746 6
1704615754 3
1704615762 3
1704615770 2
1704615778 3
1704615786 3
1704615794 3
1704615802 2
1704615810 6
1704615818 1
1704615826 6
1704615834 2
1704615842 4
1704615850 8
1704615858 2
1704615866 3
1704615874 2
1704615882 1
1704615890 1
1704615898 9
1704615906 3
1704615914 5
1704615922 1
1704615930 1
1704615938 3
1704615946 1
1704615954 4
1704615962 1
1704615970 4
1704615978 7
1704615986 2
1704615994 2
1704616002 1
1704616010 4
1704616018 27
1704616026 10
1704616034 7
1704616042 35
1704616050 8
1704616058 1
1704616066 1
1704616074 7
1704616082 1
1704616090 3
1704616098 6
1704616106 4
1704616114 2
1704616122 4
1704616130 7
1704616138 12
1704616146 3
1704616154 5
1704616162 3
1704616170 3
1704616178 2
1704616186 2
1704616194 1
1704616202 6
1704616210 5
1704616218 2
1704616226 1
1704616234 4
1704616242 3
1704616250 0
1704616258 3
1704616266 2
1704616274 2
1704616282 6
1704616290 4
1704616298 15
1704616306 3



# Sketch: 8
1704615714 10
1704615722 0
1704615730 2
1704615738 3
1704615746 2
1704615754 2
1704615762 1
1704615770 4
1704615778 4
1704615786 3
1704615794 0
1704615802 1
1704615810 3
1704615818 1
1704615826 5
1704615834 2
1704615842 5
1704615850 5
1704615858 5
1704615866 4
1704615874 1
1704615882 4
1704615890 2
1704615898 0
1704615906 2
1704615914 5
1704615922 1
1704615930 2
1704615938 3
1704615946 4
1704615954 6
1704615962 3
1704615970 2
1704615978 4
1704615986 2
1704615994 9
1704616002 2
1704616010 5
1704616018 4
1704616026 7
1704616034 8
1704616042 11
1704616050 1
1704616058 6
1704616066 5
1704616074 7
1704616082 3
1704616090 2
1704616098 2
1704616106 2
1704616114 1
1704616122 4
1704616130 5
1704616138 0
1704616146 6
1704616154 4
1704616162 0
1704616170 1
1704616178 8
1704616186 0
1704616194 2
1704616202 2
1704616210 0
1704616218 2
1704616226 8
1704616234 5
1704616242 1
1704616250 0
1704616258 7
1704616266 6
1704616274 11
1704616282 3
1704616290 6
1704616298 2
1704616306 2



# Sketch: 9
1704615714 3
1704615722 2
1704615730 11
1704615738 2
1704615746 13
1704615754 3
1704615762 12
1704615770 4
1704615778 9
1704615786 4
1704615794 22
1704615802 13
1704615810 5
1704615818 7
1704615826 6
1704615834 5
1704615842 4
1704615850 4
1704615858 4
1704615866 4
1704615874 2
1704615882 5
1704615890 6
1704615898 3
1704615906 7
1704615914 2
1704615922 1
1704615930 2
1704615938 8
1704615946 6
1704615954 5
1704615962 11
1704615970 4
1704615978 11
1704615986 2
1704615994 8
1704616002 3
1704616010 1
1704616018 5
1704616026 4
1704616034 4
1704616042 0
1704616050 4
1704616058 1
1704616066 0
1704616074 3
1704616082 5
1704616090 5
1704616098 4
1704616106 8
1704616114 5
1704616122 6
1704616130 0
1704616138 4
1704616146 10
1704616154 2
1704616162 7
1704616170 0
1704616178 1
1704616186 1
1704616194 4
1704616202 8
1704616210 2
1704616218 3
1704616226 8
1704616234 4
1704616242 2
1704616250 1
1704616258 7
1704616266 3
1704616274 6
1704616282 3
1704616290 7
1704616298 5
1704616306 1



# Sketch: 10
1704615714 2
1704615722 3
1704615730 0
1704615738 4
1704615746 14
1704615754 1
1704615762 15
1704615770 5
1704615778 3
1704615786 10
1704615794 5
1704615802 4
1704615810 20
1704615818 0
1704615826 1
1704615834 9
1704615842 1
1704615850 5
1704615858 2
1704615866 4
1704615874 0
1704615882 2
1704615890 0
1704615898 7
1704615906 11
1704615914 3
1704615922 11
1704615930 11
1704615938 11
1704615946 2
1704615954 12
1704615962 7
1704615970 2
1704615978 3
1704615986 7
1704615994 5
1704616002 6
1704616010 6
1704616018 5
1704616026 10
1704616034 9
1704616042 4
1704616050 13
1704616058 3
1704616066 5
1704616074 7
1704616082 1
1704616090 0
1704616098 4
1704616106 2
1704616114 5
1704616122 7
1704616130 13
1704616138 13
1704616146 6
1704616154 8
1704616162 25
1704616170 27
1704616178 7
1704616186 9
1704616194 15
1704616202 6
1704616210 4
1704616218 1
1704616226 5
1704616234 2
1704616242 2
1704616250 0
1704616258 8
1704616266 11
1704616274 25
1704616282 22
1704616290 14
1704616298 11
1704616306 15



# Sketch: 11
1704615714 1
1704615722 7
1704615730 4
1704615738 5
1704615746 5
1704615754 1
1704615762 4
1704615770 2
1704615778 2
1704615786 5
1704615794 7
1704615802 3
1704615810 9
1704615818 3
1704615826 2
1704615834 1
1704615842 5
1704615850 4
1704615858 6
1704615866 10
1704615874 4
1704615882 7
1704615890 3
1704615898 2
1704615906 2
1704615914 1
1704615922 3
1704615930 2
1704615938 3
1704615946 7
1704615954 9
1704615962 8
1704615970 3
1704615978 2
1704615986 12
1704615994 1
1704616002 4
1704616010 3
1704616018 5
1704616026 1
1704616034 3
1704616042 10
1704616050 3
1704616058 1
1704616066 3
1704616074 3
1704616082 6
1704616090 4
1704616098 2
1704616106 3
1704616114 1
1704616122 3
1704616130 5
1704616138 9
1704616146 2
1704616154 5
1704616162 2
1704616170 0
1704616178 12
1704616186 8
1704616194 2
1704616202 1
1704616210 2
1704616218 9
1704616226 9
1704616234 5
1704616242 5
1704616250 5
1704616258 3
1704616266 2
1704616274 3
1704616282 4
1704616290 3
1704616298 0
1704616306 6



# Sketch: 12
1704615714 11
1704615722 1
1704615730 16
1704615738 3
1704615746 4
1704615754 3
1704615762 2
1704615770 7
1704615778 6
1704615786 3
1704615794 6
1704615802 0
1704615810 3
1704615818 0
1704615826 0
1704615834 1
1704615842 2
1704615850 1
1704615858 3
1704615866 4
1704615874 2
1704615882 2
1704615890 5
1704615898 2
1704615906 0
1704615914 1
1704615922 2
1704615930 5
1704615938 4
1704615946 0
1704615954 1
1704615962 2
1704615970 3
1704615978 16
1704615986 4
1704615994 12
1704616002 3
1704616010 3
1704616018 4
1704616026 6
1704616034 7
1704616042 1
1704616050 4
1704616058 1
1704616066 0
1704616074 4
1704616082 12
1704616090 10
1704616098 1
1704616106 5
1704616114 4
1704616122 2
1704616130 3
1704616138 3
1704616146 4
1704616154 8
1704616162 4
1704616170 10
1704616178 3
1704616186 1
1704616194 1
1704616202 0
1704616210 4
1704616218 2
1704616226 3
1704616234 3
1704616242 3
1704616250 2
1704616258 3
1704616266 7
1704616274 6
1704616282 2
1704616290 0
1704616298 8
1704616306 0



# Sketch: 13
1704615714 5
1704615722 6
1704615730 2
1704615738 8
1704615746 4
1704615754 0
1704615762 4
1704615770 4
1704615778 2
1704615786 7
1704615794 4
1704615802 1
1704615810 3
1704615818 1
1704615826 4
1704615834 4
1704615842 3
1704615850 2
1704615858 3
1704615866 3
1704615874 6
1704615882 1
1704615890 4
1704615898 2
1704615906 0
1704615914 1
1704615922 2
1704615930 2
1704615938 3
1704615946 5
1704615954 2
1704615962 2
1704615970 3
1704615978 8
1704615986 8
1704615994 5
1704616002 4
1704616010 3
1704616018 4
1704616026 6
1704616034 13
1704616042 2
1704616050 22
1704616058 2
1704616066 0
1704616074 12
1704616082 0
1704616090 8
1704616098 4
1704616106 0
1704616114 5
1704616122 8
1704616130 0
1704616138 5
1704616146 0
1704616154 10
1704616162 3
1704616170 18
1704616178 12
1704616186 2
1704616194 2
1704616202 3
1704616210 2
1704616218 2
1704616226 6
1704616234 4
1704616242 0
1704616250 0
1704616258 2
1704616266 31
1704616274 4
1704616282 5
1704616290 3
1704616298 1
1704616306 7



# Sketch: 14
1704615714 3
1704615722 4
1704615730 2
1704615738 4
1704615746 5
1704615754 3
1704615762 5
1704615770 3
1704615778 8
1704615786 5
1704615794 4
1704615802 2
1704615810 5
1704615818 2
1704615826 6
1704615834 8
1704615842 4
1704615850 8
1704615858 5
1704615866 6
1704615874 7
1704615882 7
1704615890 1
1704615898 8
1704615906 1
1704615914 1
1704615922 4
1704615930 5
1704615938 2
1704615946 2
1704615954 3
1704615962 2
1704615970 1
1704615978 4
1704615986 6
1704615994 5
1704616002 2
1704616010 2
1704616018 9
1704616026 12
1704616034 3
1704616042 3
1704616050 2
1704616058 16
1704616066 50
1704616074 2
1704616082 5
1704616090 3
1704616098 5
1704616106 9
1704616114 13
1704616122 10
1704616130 5
1704616138 4
1704616146 2
1704616154 6
1704616162 3
1704616170 6
1704616178 5
1704616186 1
1704616194 20
1704616202 10
1704616210 5
1704616218 9
1704616226 8
1704616234 2
1704616242 3
1704616250 3
1704616258 4
1704616266 6
1704616274 2
1704616282 5
1704616290 0
1704616298 6
1704616306 5



# Sketch: 15
1704615714 5
1704615722 1
1704615730 4
1704615738 9
1704615746 0
1704615754 3
1704615762 4
1704615770 1
1704615778 5
1704615786 1
1704615794 1
1704615802 3
1704615810 5
1704615818 5
1704615826 3
1704615834 1
1704615842 4
1704615850 7
1704615858 4
1704615866 5
1704615874 4
1704615882 4
1704615890 4
1704615898 3
1704615906 3
1704615914 5
1704615922 6
1704615930 4
1704615938 4
1704615946 10
1704615954 4
1704615962 11
1704615970 5
1704615978 8
1704615986 3
1704615994 2
1704616002 3
1704616010 1
1704616018 10
1704616026 2
1704616034 2
1704616042 2
1704616050 2
1704616058 1
1704616066 5
1704616074 1
1704616082 4
1704616090 1
1704616098 9
1704616106 2
1704616114 5
1704616122 6
1704616130 5
1704616138 5
1704616146 2
1704616154 7
1704616162 5
1704616170 3
1704616178 1
1704616186 0
1704616194 5
1704616202 6
1704616210 2
1704616218 0
1704616226 5
1704616234 3
1704616242 1
1704616250 11
1704616258 28
1704616266 7
1704616274 4
1704616282 2
1704616290 5
1704616298 5
1704616306 5



# Sketch: 16
1704615714 3
1704615722 6
1704615730 2
1704615738 4
1704615746 0
1704615754 1
1704615762 4
1704615770 0
1704615778 5
1704615786 5
1704615794 4
1704615802 2
1704615810 3
1704615818 0
1704615826 4
1704615834 2
1704615842 8
1704615850 1
1704615858 7
1704615866 9
1704615874 2
1704615882 5
1704615890 2
1704615898 0
1704615906 4
1704615914 4
1704615922 2
1704615930 12
1704615938 0
1704615946 1
1704615954 0
1704615962 4
1704615970 6
1704615978 7
1704615986 7
1704615994 2
1704616002 3
1704616010 2
1704616018 5
1704616026 6
1704616034 12
1704616042 1
1704616050 7
1704616058 0
1704616066 0
1704616074 5
1704616082 4
1704616090 5
1704616098 0
1704616106 10
1704616114 16
1704616122 7
1704616130 3
1704616138 7
1704616146 4
1704616154 9
1704616162 0
1704616170 3
1704616178 1
1704616186 3
1704616194 0
1704616202 4
1704616210 7
1704616218 3
1704616226 0
1704616234 0
1704616242 0
1704616250 3
1704616258 7
1704616266 4
1704616274 5
1704616282 6
1704616290 5
1704616298 4
1704616306 0



# Sketch: 17
1704615714 2
1704615722 4
1704615730 0
1704615738 5
1704615746 1
1704615754 8
1704615762 5
1704615770 4
1704615778 6
1704615786 4
1704615794 5
1704615802 1
1704615810 9
1704615818 11
1704615826 1
1704615834 4
1704615842 14
1704615850 2
1704615858 4
1704615866 7
1704615874 1
1704615882 8
1704615890 0
1704615898 3
1704615906 6
1704615914 2
1704615922 1
1704615930 2
1704615938 4
1704615946 10
1704615954 3
1704615962 4
1704615970 3
1704615978 7
1704615986 6
1704615994 0
1704616002 4
1704616010 3
1704616018 3
1704616026 2
1704616034 4
1704616042 5
1704616050 3
1704616058 1
1704616066 0
1704616074 3
1704616082 2
1704616090 5
1704616098 5
1704616106 9
1704616114 1
1704616122 5
1704616130 4
1704616138 0
1704616146 4
1704616154 5
1704616162 0
1704616170 7
1704616178 4
1704616186 2
1704616194 3
1704616202 3
1704616210 6
1704616218 4
1704616226 2
1704616234 0
1704616242 7
1704616250 5
1704616258 3
1704616266 1
1704616274 2
1704616282 9
1704616290 6
1704616298 8
1704616306 18



# Sketch: 18
1704615714 2
1704615722 2
1704615730 3
1704615738 2
1704615746 5
1704615754 2
1704615762 0
1704615770 2
1704615778 6
1704615786 9
1704615794 4
1704615802 8
1704615810 3
1704615818 4
1704615826 12
1704615834 5
1704615842 2
1704615850 5
1704615858 5
1704615866 3
1704615874 3
1704615882 2
1704615890 2
1704615898 1
1704615906 1
1704615914 2
1704615922 1
1704615930 3
1704615938 2
1704615946 0
1704615954 0
1704615962 2
1704615970 7
1704615978 7
1704615986 7
1704615994 5
1704616002 2
1704616010 5
1704616018 2
1704616026 6
1704616034 1
1704616042 6
1704616050 2
1704616058 1
1704616066 3
1704616074 6
1704616082 12
1704616090 5
1704616098 1
1704616106 4
1704616114 3
1704616122 6
1704616130 6
1704616138 9
1704616146 5
1704616154 2
1704616162 4
1704616170 14
1704616178 0
1704616186 6
1704616194 33
1704616202 9
1704616210 8
1704616218 8
1704616226 3
1704616234 9
1704616242 5
1704616250 0
1704616258 0
1704616266 0
1704616274 4
1704616282 0
1704616290 1
1704616298 3
1704616306 2



# Sketch: 19
1704615714 2
1704615722 35
1704615730 1
1704615738 4
1704615746 4
1704615754 2
1704615762 0
1704615770 1
1704615778 5
1704615786 7
1704615794 0
1704615802 1
1704615810 6
1704615818 2
1704615826 5
1704615834 15
1704615842 9
1704615850 1
1704615858 0
1704615866 6
1704615874 2
1704615882 2
1704615890 6
1704615898 3
1704615906 3
1704615914 8
1704615922 1
1704615930 2
1704615938 3
1704615946 0
1704615954 12
1704615962 4
1704615970 6
1704615978 3
1704615986 8
1704615994 10
1704616002 1
1704616010 10
1704616018 6
1704616026 4
1704616034 8
1704616042 3
1704616050 4
1704616058 18
1704616066 2
1704616074 1
1704616082 6
1704616090 3
1704616098 8
1704616106 11
1704616114 2
1704616122 3
1704616130 7
1704616138 2
1704616146 6
1704616154 3
1704616162 9
1704616170 7
1704616178 3
1704616186 1
1704616194 2
1704616202 6
1704616210 0
1704616218 2
1704616226 10
1704616234 5
1704616242 4
1704616250 4
1704616258 4
1704616266 4
1704616274 6
1704616282 1
1704616290 2
1704616298 2
1704616306 2



# Sketch: 20
1704615714 4
1704615722 5
1704615730 1
1704615738 3
1704615746 1
1704615754 6
1704615762 5
1704615770 1
1704615778 6
1704615786 5
1704615794 4
1704615802 6
1704615810 9
1704615818 5
1704615826 3
1704615834 4
1704615842 2
1704615850 6
1704615858 4
1704615866 5
1704615874 1
1704615882 9
1704615890 1
1704615898 4
1704615906 1
1704615914 3
1704615922 3
1704615930 3
1704615938 6
1704615946 0
1704615954 3
1704615962 4
1704615970 2
1704615978 1
1704615986 7
1704615994 7
1704616002 6
1704616010 4
1704616018 0
1704616026 1
1704616034 1
1704616042 11
1704616050 3
1704616058 5
1704616066 0
1704616074 8
1704616082 0
1704616090 2
1704616098 2
1704616106 9
1704616114 6
1704616122 13
1704616130 5
1704616138 2
1704616146 2
1704616154 2
1704616162 4
1704616170 15
1704616178 0
1704616186 2
1704616194 5
1704616202 5
1704616210 4
1704616218 7
1704616226 3
1704616234 4
1704616242 4
1704616250 1
1704616258 2
1704616266 7
1704616274 6
1704616282 2
1704616290 3
1704616298 8
1704616306 3



# Sketch: 21
1704615714 1
1704615722 3
1704615730 4
1704615738 2
1704615746 12
1704615754 8
1704615762 2
1704615770 3
1704615778 2
1704615786 3
1704615794 0
1704615802 1
1704615810 3
1704615818 3
1704615826 6
1704615834 4
1704615842 8
1704615850 3
1704615858 4
1704615866 8
1704615874 4
1704615882 8
1704615890 4
1704615898 0
1704615906 0
1704615914 7
1704615922 4
1704615930 3
1704615938 6
1704615946 1
1704615954 3
1704615962 4
1704615970 11
1704615978 7
1704615986 9
1704615994 2
1704616002 1
1704616010 8
1704616018 8
1704616026 5
1704616034 0
1704616042 13
1704616050 11
1704616058 2
1704616066 1
1704616074 7
1704616082 4
1704616090 11
1704616098 1
1704616106 5
1704616114 2
1704616122 4
1704616130 7
1704616138 3
1704616146 5
1704616154 5
1704616162 3
1704616170 3
1704616178 2
1704616186 5
1704616194 1
1704616202 1
1704616210 3
1704616218 10
1704616226 6
1704616234 3
1704616242 6
1704616250 0
1704616258 1
1704616266 2
1704616274 3
1704616282 2
1704616290 4
1704616298 4
1704616306 4



# Sketch: 22
1704615714 9
1704615722 9
1704615730 4
1704615738 6
1704615746 8
1704615754 3
1704615762 3
1704615770 4
1704615778 2
1704615786 4
1704615794 12
1704615802 4
1704615810 3
1704615818 2
1704615826 3
1704615834 5
1704615842 6
1704615850 10
1704615858 8
1704615866 9
1704615874 4
1704615882 4
1704615890 0
1704615898 12
1704615906 4
1704615914 4
1704615922 8
1704615930 5
1704615938 6
1704615946 3
1704615954 1
1704615962 6
1704615970 3
1704615978 6
1704615986 5
1704615994 3
1704616002 3
1704616010 4
1704616018 4
1704616026 4
1704616034 5
1704616042 6
1704616050 0
1704616058 5
1704616066 4
1704616074 5
1704616082 8
1704616090 11
1704616098 4
1704616106 19
1704616114 8
1704616122 6
1704616130 6
1704616138 6
1704616146 6
1704616154 5
1704616162 3
1704616170 6
1704616178 3
1704616186 1
1704616194 3
1704616202 7
1704616210 4
1704616218 1
1704616226 3
1704616234 4
1704616242 2
1704616250 1
1704616258 3
1704616266 8
1704616274 9
1704616282 3
1704616290 0
1704616298 2
1704616306 2



# Sketch: 23
1704615714 5
1704615722 3
1704615730 2
1704615738 8
1704615746 10
1704615754 1
1704615762 10
1704615770 1
1704615778 4
1704615786 7
1704615794 0
1704615802 5
1704615810 6
1704615818 2
1704615826 10
1704615834 3
1704615842 20
1704615850 5
1704615858 4
1704615866 5
1704615874 6
1704615882 2
1704615890 2
1704615898 2
1704615906 0
1704615914 4
1704615922 1
1704615930 8
1704615938 3
1704615946 1
1704615954 1
1704615962 2
1704615970 4
1704615978 8
1704615986 3
1704615994 6
1704616002 1
1704616010 2
1704616018 8
1704616026 1
1704616034 0
1704616042 1
1704616050 0
1704616058 10
1704616066 2
1704616074 6
1704616082 3
1704616090 4
1704616098 2
1704616106 5
1704616114 9
1704616122 4
1704616130 6
1704616138 3
1704616146 6
1704616154 9
1704616162 8
1704616170 3
1704616178 1
1704616186 4
1704616194 5
1704616202 19
1704616210 4
1704616218 3
1704616226 6
1704616234 0
1704616242 4
1704616250 0
1704616258 8
1704616266 8
1704616274 10
1704616282 8
1704616290 12
1704616298 3
1704616306 2



# Sketch: 24
1704615714 6
1704615722 6
1704615730 2
1704615738 3
1704615746 3
1704615754 4
1704615762 6
1704615770 8
1704615778 1
1704615786 9
1704615794 4
1704615802 4
1704615810 11
1704615818 1
1704615826 4
1704615834 4
1704615842 2
1704615850 6
1704615858 8
1704615866 3
1704615874 1
1704615882 4
1704615890 8
1704615898 12
1704615906 13
1704615914 8
1704615922 4
1704615930 3
1704615938 11
1704615946 2
1704615954 8
1704615962 2
1704615970 5
1704615978 13
1704615986 3
1704615994 9
1704616002 2
1704616010 5
1704616018 4
1704616026 10
1704616034 5
1704616042 7
1704616050 10
1704616058 5
1704616066 2
1704616074 3
1704616082 6
1704616090 8
1704616098 6
1704616106 8
1704616114 4
1704616122 7
1704616130 4
1704616138 6
1704616146 16
1704616154 4
1704616162 3
1704616170 14
1704616178 0
1704616186 3
1704616194 15
1704616202 11
1704616210 6
1704616218 3
1704616226 2
1704616234 5
1704616242 3
1704616250 8
1704616258 6
1704616266 20
1704616274 9
1704616282 4
1704616290 2
1704616298 10
1704616306 1



# Sketch: 25
1704615714 2
1704615722 3
1704615730 1
1704615738 3
1704615746 1
1704615754 0
1704615762 10
1704615770 7
1704615778 1
1704615786 5
1704615794 2
1704615802 3
1704615810 27
1704615818 2
1704615826 2
1704615834 2
1704615842 4
1704615850 13
1704615858 4
1704615866 6
1704615874 0
1704615882 3
1704615890 10
1704615898 4
1704615906 7
1704615914 4
1704615922 4
1704615930 11
1704615938 6
1704615946 10
1704615954 5
1704615962 8
1704615970 8
1704615978 2
1704615986 3
1704615994 6
1704616002 6
1704616010 2
1704616018 4
1704616026 7
1704616034 2
1704616042 1
1704616050 6
1704616058 5
1704616066 3
1704616074 2
1704616082 10
1704616090 5
1704616098 4
1704616106 7
1704616114 1
1704616122 8
1704616130 2
1704616138 5
1704616146 5
1704616154 7
1704616162 7
1704616170 11
1704616178 5
1704616186 1
1704616194 4
1704616202 10
1704616210 12
1704616218 2
1704616226 21
1704616234 2
1704616242 10
1704616250 6
1704616258 4
1704616266 3
1704616274 2
1704616282 3
1704616290 3
1704616298 6
1704616306 6



# Sketch: 26
1704615714 1
1704615722 5
1704615730 5
1704615738 6
1704615746 6
1704615754 2
1704615762 9
1704615770 1
1704615778 9
1704615786 8
1704615794 2
1704615802 3
1704615810 3
1704615818 2
1704615826 2
1704615834 7
1704615842 8
1704615850 7
1704615858 7
1704615866 10
1704615874 3
1704615882 5
1704615890 2
1704615898 11
1704615906 1
1704615914 2
1704615922 1
1704615930 1
1704615938 1
1704615946 7
1704615954 1
1704615962 4
1704615970 1
1704615978 11
1704615986 7
1704615994 6
1704616002 4
1704616010 4
1704616018 10
1704616026 28
1704616034 21
1704616042 2
1704616050 4
1704616058 7
1704616066 4
1704616074 6
1704616082 3
1704616090 6
1704616098 7
1704616106 6
1704616114 6
1704616122 5
1704616130 11
1704616138 12
1704616146 4
1704616154 2
1704616162 4
1704616170 9
1704616178 31
1704616186 3
1704616194 10
1704616202 10
1704616210 11
1704616218 8
1704616226 9
1704616234 8
1704616242 2
1704616250 3
1704616258 4
1704616266 3
1704616274 8
1704616282 3
1704616290 2
1704616298 2
1704616306 4



# Sketch: 27
1704615714 3
1704615722 2
1704615730 30
1704615738 7
1704615746 11
1704615754 0
1704615762 9
1704615770 5
1704615778 7
1704615786 1
1704615794 4
1704615802 6
1704615810 5
1704615818 1
1704615826 0
1704615834 6
1704615842 4
1704615850 6
1704615858 4
1704615866 3
1704615874 1
1704615882 11
1704615890 1
1704615898 3
1704615906 4
1704615914 0
1704615922 6
1704615930 6
1704615938 5
1704615946 3
1704615954 1
1704615962 6
1704615970 9
1704615978 3
1704615986 5
1704615994 2
1704616002 6
1704616010 3
1704616018 2
1704616026 0
1704616034 11
1704616042 8
1704616050 3
1704616058 7
1704616066 14
1704616074 5
1704616082 6
1704616090 3
1704616098 3
1704616106 11
1704616114 7
1704616122 0
1704616130 2
1704616138 1
1704616146 7
1704616154 9
1704616162 0
1704616170 3
1704616178 9
1704616186 3
1704616194 2
1704616202 2
1704616210 4
1704616218 1
1704616226 5
1704616234 4
1704616242 0
1704616250 3
1704616258 1
1704616266 5
1704616274 2
1704616282 2
1704616290 4
1704616298 7
1704616306 1



# Sketch: 28
1704615714 3
1704615722 0
1704615730 1
1704615738 5
1704615746 3
1704615754 4
1704615762 1
1704615770 3
1704615778 2
1704615786 1
1704615794 13
1704615802 0
1704615810 5
1704615818 4
1704615826 0
1704615834 10
1704615842 2
1704615850 6
1704615858 4
1704615866 2
1704615874 3
1704615882 3
1704615890 2
1704615898 1
1704615906 3
1704615914 2
1704615922 3
1704615930 6
1704615938 3
1704615946 2
1704615954 4
1704615962 3
1704615970 0
1704615978 1
1704615986 3
1704615994 10
1704616002 3
1704616010 3
1704616018 6
1704616026 4
1704616034 0
1704616042 2
1704616050 2
1704616058 5
1704616066 4
1704616074 0
1704616082 1
1704616090 8
1704616098 1
1704616106 6
1704616114 7
1704616122 11
1704616130 2
1704616138 5
1704616146 11
1704616154 2
1704616162 2
1704616170 2
1704616178 2
1704616186 3
1704616194 3
1704616202 3
1704616210 3
1704616218 1
1704616226 1
1704616234 0
1704616242 3
1704616250 5
1704616258 3
1704616266 6
1704616274 2
1704616282 2
1704616290 3
1704616298 2
1704616306 0



# Sketch: 29
1704615714 1
1704615722 1
1704615730 15
1704615738 4
1704615746 5
1704615754 0
1704615762 8
1704615770 1
1704615778 5
1704615786 9
1704615794 11
1704615802 14
1704615810 2
1704615818 6
1704615826 12
1704615834 7
1704615842 3
1704615850 7
1704615858 8
1704615866 4
1704615874 5
1704615882 1
1704615890 1
1704615898 9
1704615906 3
1704615914 7
1704615922 1
1704615930 3
1704615938 4
1704615946 2
1704615954 5
1704615962 3
1704615970 4
1704615978 4
1704615986 3
1704615994 2
1704616002 1
1704616010 1
1704616018 11
1704616026 8
1704616034 5
1704616042 2
1704616050 5
1704616058 2
1704616066 4
1704616074 5
1704616082 6
1704616090 3
1704616098 4
1704616106 2
1704616114 5
1704616122 8
1704616130 1
1704616138 1
1704616146 2
1704616154 10
1704616162 6
1704616170 4
1704616178 1
1704616186 2
1704616194 3
1704616202 3
1704616210 2
1704616218 3
1704616226 7
1704616234 7
1704616242 3
1704616250 2
1704616258 3
1704616266 8
1704616274 1
1704616282 2
1704616290 2
1704616298 4
1704616306 2



# Sketch: 30
1704615714 7
1704615722 3
1704615730 8
1704615738 7
1704615746 4
1704615754 14
1704615762 16
1704615770 1
1704615778 1
1704615786 5
1704615794 3
1704615802 4
1704615810 10
1704615818 4
1704615826 1
1704615834 6
1704615842 6
1704615850 23
1704615858 2
1704615866 2
1704615874 6
1704615882 0
1704615890 15
1704615898 0
1704615906 4
1704615914 2
1704615922 8
1704615930 6
1704615938 7
1704615946 4
1704615954 2
1704615962 9
1704615970 4
1704615978 5
1704615986 9
1704615994 5
1704616002 4
1704616010 2
1704616018 7
1704616026 4
1704616034 6
1704616042 2
1704616050 5
1704616058 1
1704616066 2
1704616074 9
1704616082 1
1704616090 4
1704616098 5
1704616106 7
1704616114 8
1704616122 5
1704616130 5
1704616138 13
1704616146 2
1704616154 3
1704616162 3
1704616170 0
1704616178 1
1704616186 3
1704616194 3
1704616202 4
1704616210 8
1704616218 4
1704616226 0
1704616234 8
1704616242 3
1704616250 0
1704616258 3
1704616266 13
1704616274 5
1704616282 10
1704616290 3
1704616298 3
1704616306 1



# Sketch: 31
1704615714 2
1704615722 1
1704615730 3
1704615738 1
1704615746 3
1704615754 0
1704615762 1
1704615770 3
1704615778 5
1704615786 3
1704615794 2
1704615802 1
1704615810 5
1704615818 2
1704615826 1
1704615834 4
1704615842 6
1704615850 3
1704615858 5
1704615866 4
1704615874 0
1704615882 1
1704615890 5
1704615898 5
1704615906 5
1704615914 0
1704615922 0
1704615930 0
1704615938 9
1704615946 0
1704615954 3
1704615962 2
1704615970 2
1704615978 3
1704615986 6
1704615994 3
1704616002 17
1704616010 2
1704616018 3
1704616026 1
1704616034 0
1704616042 5
1704616050 2
1704616058 5
1704616066 3
1704616074 7
1704616082 0
1704616090 5
1704616098 3
1704616106 8
1704616114 5
1704616122 6
1704616130 1
1704616138 4
1704616146 4
1704616154 3
1704616162 0
1704616170 3
1704616178 1
1704616186 11
1704616194 8
1704616202 3
1704616210 3
1704616218 5
1704616226 4
1704616234 2
1704616242 2
1704616250 2
1704616258 1
1704616266 10
1704616274 5
1704616282 3
1704616290 0
1704616298 2
1704616306 1

