

# Sketch: 0
1704615714 23
1704615778 29
1704615842 29
1704615906 59
1704615970 37
1704616034 19
1704616098 47
1704616162 46
1704616226 62
1704616290 23



# Sketch: 1
1704615714 33
1704615778 29
1704615842 40
1704615906 19
1704615970 39
1704616034 34
1704616098 42
1704616162 54
1704616226 38
1704616290 9



# Sketch: 2
1704615714 63
1704615778 37
1704615842 38
1704615906 44
1704615970 58
1704616034 35
1704616098 36
1704616162 40
1704616226 37
1704616290 23



# Sketch: 3
1704615714 29
1704615778 16
1704615842 27
1704615906 29
1704615970 34
1704616034 31
1704616098 30
1704616162 48
1704616226 34
1704616290 4



# Sketch: 4
1704615714 40
1704615778 36
1704615842 37
1704615906 21
1704615970 41
1704616034 38
1704616098 54
1704616162 33
1704616226 29
1704616290 14



# Sketch: 5
1704615714 45
1704615778 55
1704615842 36
1704615906 32
1704615970 53
1704616034 23
1704616098 47
1704616162 22
1704616226 43
1704616290 14



# Sketch: 6
1704615714 55
1704615778 31
1704615842 58
1704615906 36
1704615970 91
1704616034 25
1704616098 37
1704616162 54
1704616226 37
1704616290 4



# Sketch: 7
1704615714 38
1704615778 25
1704615842 35
1704615906 35
1704615970 49
1704616034 62
1704616098 16
1704616162 39
1704616226 24
1704616290 36



# Sketch: 8
1704615714 29
1704615778 35
1704615842 29
1704615906 45
1704615970 25
1704616034 41
1704616098 54
1704616162 46
1704616226 46
1704616290 19



# Sketch: 9
1704615714 57
1704615778 59
1704615842 40
1704615906 20
1704615970 28
1704616034 60
1704616098 52
1704616162 71
1704616226 40
1704616290 12



# Sketch: 10
1704615714 34
1704615778 38
1704615842 50
1704615906 33
1704615970 38
1704616034 43
1704616098 22
1704616162 23
1704616226 32
1704616290 17



# Sketch: 11
1704615714 40
1704615778 45
1704615842 34
1704615906 31
1704615970 22
1704616034 48
1704616098 31
1704616162 36
1704616226 33
1704616290 8



# Sketch: 12
1704615714 43
1704615778 34
1704615842 35
1704615906 26
1704615970 45
1704616034 30
1704616098 36
1704616162 38
1704616226 26
1704616290 14



# Sketch: 13
1704615714 17
1704615778 60
1704615842 14
1704615906 37
1704615970 41
1704616034 54
1704616098 54
1704616162 54
1704616226 44
1704616290 10



# Sketch: 14
1704615714 42
1704615778 47
1704615842 41
1704615906 30
1704615970 34
1704616034 32
1704616098 36
1704616162 43
1704616226 37
1704616290 8



# Sketch: 15
1704615714 40
1704615778 16
1704615842 28
1704615906 44
1704615970 44
1704616034 40
1704616098 51
1704616162 30
1704616226 48
1704616290 16



# Sketch: 16
1704615714 22
1704615778 37
1704615842 19
1704615906 21
1704615970 23
1704616034 48
1704616098 41
1704616162 21
1704616226 54
1704616290 11



# Sketch: 17
1704615714 66
1704615778 28
1704615842 35
1704615906 29
1704615970 29
1704616034 87
1704616098 52
1704616162 24
1704616226 45
1704616290 13



# Sketch: 18
1704615714 33
1704615778 68
1704615842 32
1704615906 16
1704615970 52
1704616034 47
1704616098 27
1704616162 47
1704616226 29
1704616290 26



# Sketch: 19
1704615714 19
1704615778 25
1704615842 42
1704615906 37
1704615970 17
1704616034 31
1704616098 20
1704616162 22
1704616226 22
1704616290 12



# Sketch: 20
1704615714 30
1704615778 48
1704615842 33
1704615906 30
1704615970 41
1704616034 17
1704616098 90
1704616162 27
1704616226 33
1704616290 4



# Sketch: 21
1704615714 33
1704615778 23
1704615842 29
1704615906 27
1704615970 43
1704616034 24
1704616098 26
1704616162 41
1704616226 19
1704616290 21



# Sketch: 22
1704615714 18
1704615778 23
1704615842 33
1704615906 28
1704615970 32
1704616034 35
1704616098 41
1704616162 31
1704616226 21
1704616290 9



# Sketch: 23
1704615714 55
1704615778 42
1704615842 48
1704615906 31
1704615970 70
1704616034 52
1704616098 67
1704616162 41
1704616226 42
1704616290 17



# Sketch: 24
1704615714 18
1704615778 33
1704615842 26
1704615906 21
1704615970 43
1704616034 35
1704616098 49
1704616162 34
1704616226 25
1704616290 6



# Sketch: 25
1704615714 20
1704615778 34
1704615842 32
1704615906 26
1704615970 29
1704616034 33
1704616098 57
1704616162 70
1704616226 38
1704616290 10



# Sketch: 26
1704615714 39
1704615778 34
1704615842 39
1704615906 15
1704615970 26
1704616034 25
1704616098 49
1704616162 19
1704616226 20
1704616290 11



# Sketch: 27
1704615714 33
1704615778 27
1704615842 46
1704615906 25
1704615970 32
1704616034 55
1704616098 37
1704616162 34
1704616226 74
1704616290 6



# Sketch: 28
1704615714 25
1704615778 30
1704615842 22
1704615906 24
1704615970 35
1704616034 20
1704616098 43
1704616162 33
1704616226 39
1704616290 13



# Sketch: 29
1704615714 17
1704615778 35
1704615842 29
1704615906 33
1704615970 17
1704616034 36
1704616098 30
1704616162 25
1704616226 22
1704616290 11



# Sketch: 30
1704615714 45
1704615778 35
1704615842 39
1704615906 35
1704615970 36
1704616034 25
1704616098 52
1704616162 25
1704616226 30
1704616290 2



# Sketch: 31
1704615714 38
1704615778 35
1704615842 39
1704615906 28
1704615970 31
1704616034 46
1704616098 50
1704616162 19
1704616226 41
1704616290 8

