

# Sketch: 0
1704615714 28
1704615778 28
1704615842 35
1704615906 31
1704615970 34
1704616034 43
1704616098 44
1704616162 31
1704616226 34
1704616290 28



# Sketch: 1
1704615714 38
1704615778 30
1704615842 70
1704615906 47
1704615970 46
1704616034 33
1704616098 72
1704616162 50
1704616226 55
1704616290 18



# Sketch: 2
1704615714 43
1704615778 22
1704615842 41
1704615906 21
1704615970 30
1704616034 52
1704616098 42
1704616162 26
1704616226 25
1704616290 4



# Sketch: 3
1704615714 35
1704615778 49
1704615842 33
1704615906 30
1704615970 28
1704616034 39
1704616098 36
1704616162 14
1704616226 30
1704616290 14



# Sketch: 4
1704615714 47
1704615778 45
1704615842 21
1704615906 25
1704615970 46
1704616034 38
1704616098 67
1704616162 34
1704616226 29
1704616290 8



# Sketch: 5
1704615714 25
1704615778 38
1704615842 34
1704615906 25
1704615970 30
1704616034 40
1704616098 40
1704616162 51
1704616226 28
1704616290 11



# Sketch: 6
1704615714 23
1704615778 18
1704615842 43
1704615906 24
1704615970 28
1704616034 20
1704616098 26
1704616162 23
1704616226 22
1704616290 8



# Sketch: 7
1704615714 67
1704615778 53
1704615842 30
1704615906 26
1704615970 37
1704616034 56
1704616098 60
1704616162 47
1704616226 26
1704616290 8



# Sketch: 8
1704615714 43
1704615778 15
1704615842 28
1704615906 32
1704615970 52
1704616034 54
1704616098 33
1704616162 29
1704616226 35
1704616290 7



# Sketch: 9
1704615714 22
1704615778 35
1704615842 32
1704615906 27
1704615970 42
1704616034 28
1704616098 47
1704616162 36
1704616226 25
1704616290 10



# Sketch: 10
1704615714 36
1704615778 20
1704615842 41
1704615906 34
1704615970 35
1704616034 26
1704616098 39
1704616162 33
1704616226 33
1704616290 29



# Sketch: 11
1704615714 27
1704615778 32
1704615842 43
1704615906 32
1704615970 53
1704616034 28
1704616098 40
1704616162 33
1704616226 33
1704616290 16



# Sketch: 12
1704615714 18
1704615778 35
1704615842 29
1704615906 36
1704615970 37
1704616034 40
1704616098 34
1704616162 36
1704616226 25
1704616290 7



# Sketch: 13
1704615714 30
1704615778 48
1704615842 33
1704615906 39
1704615970 26
1704616034 40
1704616098 49
1704616162 44
1704616226 26
1704616290 15



# Sketch: 14
1704615714 27
1704615778 34
1704615842 25
1704615906 26
1704615970 25
1704616034 23
1704616098 41
1704616162 31
1704616226 37
1704616290 5



# Sketch: 15
1704615714 36
1704615778 60
1704615842 26
1704615906 41
1704615970 37
1704616034 96
1704616098 53
1704616162 37
1704616226 49
1704616290 25



# Sketch: 16
1704615714 48
1704615778 52
1704615842 43
1704615906 20
1704615970 20
1704616034 51
1704616098 38
1704616162 27
1704616226 61
1704616290 18



# Sketch: 17
1704615714 39
1704615778 50
1704615842 37
1704615906 26
1704615970 62
1704616034 39
1704616098 31
1704616162 50
1704616226 36
1704616290 22



# Sketch: 18
1704615714 30
1704615778 18
1704615842 37
1704615906 38
1704615970 56
1704616034 24
1704616098 60
1704616162 25
1704616226 81
1704616290 4



# Sketch: 19
1704615714 44
1704615778 18
1704615842 33
1704615906 25
1704615970 22
1704616034 23
1704616098 26
1704616162 34
1704616226 19
1704616290 5



# Sketch: 20
1704615714 37
1704615778 71
1704615842 49
1704615906 58
1704615970 49
1704616034 65
1704616098 48
1704616162 53
1704616226 56
1704616290 23



# Sketch: 21
1704615714 28
1704615778 42
1704615842 33
1704615906 25
1704615970 52
1704616034 31
1704616098 30
1704616162 98
1704616226 36
1704616290 15



# Sketch: 22
1704615714 52
1704615778 27
1704615842 23
1704615906 30
1704615970 46
1704616034 32
1704616098 40
1704616162 38
1704616226 29
1704616290 17



# Sketch: 23
1704615714 75
1704615778 24
1704615842 25
1704615906 22
1704615970 45
1704616034 42
1704616098 51
1704616162 38
1704616226 48
1704616290 7



# Sketch: 24
1704615714 41
1704615778 35
1704615842 47
1704615906 24
1704615970 31
1704616034 34
1704616098 31
1704616162 26
1704616226 35
1704616290 23



# Sketch: 25
1704615714 33
1704615778 25
1704615842 41
1704615906 33
1704615970 39
1704616034 29
1704616098 61
1704616162 60
1704616226 64
1704616290 10



# Sketch: 26
1704615714 29
1704615778 41
1704615842 26
1704615906 33
1704615970 33
1704616034 28
1704616098 36
1704616162 22
1704616226 43
1704616290 8



# Sketch: 27
1704615714 42
1704615778 39
1704615842 27
1704615906 20
1704615970 40
1704616034 64
1704616098 39
1704616162 27
1704616226 33
1704616290 7



# Sketch: 28
1704615714 22
1704615778 40
1704615842 30
1704615906 41
1704615970 46
1704616034 18
1704616098 47
1704616162 37
1704616226 21
1704616290 12



# Sketch: 29
1704615714 17
1704615778 36
1704615842 35
1704615906 24
1704615970 45
1704616034 32
1704616098 38
1704616162 21
1704616226 26
1704616290 10



# Sketch: 30
1704615714 30
1704615778 32
1704615842 33
1704615906 36
1704615970 40
1704616034 33
1704616098 48
1704616162 33
1704616226 42
1704616290 10



# Sketch: 31
1704615714 27
1704615778 37
1704615842 31
1704615906 16
1704615970 23
1704616034 30
1704616098 29
1704616162 46
1704616226 22
1704616290 7

