

# Sketch: 0
1704616314 28
1704616378 36
1704616442 39
1704616506 48
1704616570 18
1704616634 38
1704616698 27
1704616762 33
1704616826 30
1704616890 14



# Sketch: 1
1704616314 31
1704616378 36
1704616442 31
1704616506 53
1704616570 32
1704616634 44
1704616698 40
1704616762 27
1704616826 37
1704616890 13



# Sketch: 2
1704616314 29
1704616378 28
1704616442 56
1704616506 41
1704616570 34
1704616634 48
1704616698 52
1704616762 69
1704616826 22
1704616890 12



# Sketch: 3
1704616314 36
1704616378 31
1704616442 36
1704616506 60
1704616570 29
1704616634 47
1704616698 33
1704616762 39
1704616826 53
1704616890 9



# Sketch: 4
1704616314 31
1704616378 34
1704616442 37
1704616506 27
1704616570 27
1704616634 31
1704616698 37
1704616762 24
1704616826 29
1704616890 14



# Sketch: 5
1704616314 32
1704616378 31
1704616442 30
1704616506 22
1704616570 17
1704616634 31
1704616698 22
1704616762 15
1704616826 27
1704616890 9



# Sketch: 6
1704616314 25
1704616378 21
1704616442 24
1704616506 17
1704616570 32
1704616634 37
1704616698 25
1704616762 18
1704616826 36
1704616890 13



# Sketch: 7
1704616314 26
1704616378 62
1704616442 20
1704616506 34
1704616570 42
1704616634 29
1704616698 23
1704616762 23
1704616826 32
1704616890 26



# Sketch: 8
1704616314 25
1704616378 46
1704616442 36
1704616506 15
1704616570 16
1704616634 34
1704616698 30
1704616762 29
1704616826 20
1704616890 10



# Sketch: 9
1704616314 28
1704616378 29
1704616442 26
1704616506 40
1704616570 30
1704616634 24
1704616698 25
1704616762 36
1704616826 33
1704616890 19



# Sketch: 10
1704616314 37
1704616378 23
1704616442 42
1704616506 30
1704616570 14
1704616634 35
1704616698 32
1704616762 8
1704616826 28
1704616890 12



# Sketch: 11
1704616314 16
1704616378 39
1704616442 39
1704616506 39
1704616570 27
1704616634 42
1704616698 36
1704616762 22
1704616826 42
1704616890 16



# Sketch: 12
1704616314 31
1704616378 26
1704616442 31
1704616506 39
1704616570 20
1704616634 42
1704616698 33
1704616762 30
1704616826 32
1704616890 13



# Sketch: 13
1704616314 37
1704616378 24
1704616442 23
1704616506 28
1704616570 45
1704616634 29
1704616698 18
1704616762 38
1704616826 25
1704616890 9



# Sketch: 14
1704616314 30
1704616378 33
1704616442 56
1704616506 46
1704616570 29
1704616634 54
1704616698 45
1704616762 49
1704616826 35
1704616890 22



# Sketch: 15
1704616314 32
1704616378 85
1704616442 29
1704616506 28
1704616570 30
1704616634 58
1704616698 39
1704616762 27
1704616826 25
1704616890 12



# Sketch: 16
1704616314 17
1704616378 17
1704616442 29
1704616506 25
1704616570 29
1704616634 31
1704616698 38
1704616762 20
1704616826 22
1704616890 11



# Sketch: 17
1704616314 29
1704616378 47
1704616442 26
1704616506 42
1704616570 37
1704616634 32
1704616698 43
1704616762 28
1704616826 36
1704616890 13



# Sketch: 18
1704616314 35
1704616378 51
1704616442 43
1704616506 32
1704616570 33
1704616634 54
1704616698 48
1704616762 32
1704616826 40
1704616890 16



# Sketch: 19
1704616314 38
1704616378 66
1704616442 34
1704616506 49
1704616570 49
1704616634 48
1704616698 61
1704616762 62
1704616826 46
1704616890 18



# Sketch: 20
1704616314 26
1704616378 30
1704616442 36
1704616506 42
1704616570 28
1704616634 25
1704616698 48
1704616762 32
1704616826 44
1704616890 7



# Sketch: 21
1704616314 32
1704616378 36
1704616442 44
1704616506 45
1704616570 34
1704616634 70
1704616698 55
1704616762 26
1704616826 39
1704616890 18



# Sketch: 22
1704616314 31
1704616378 32
1704616442 24
1704616506 43
1704616570 17
1704616634 18
1704616698 30
1704616762 27
1704616826 24
1704616890 11



# Sketch: 23
1704616314 34
1704616378 19
1704616442 21
1704616506 25
1704616570 36
1704616634 46
1704616698 35
1704616762 22
1704616826 32
1704616890 15



# Sketch: 24
1704616314 26
1704616378 29
1704616442 24
1704616506 32
1704616570 26
1704616634 39
1704616698 22
1704616762 31
1704616826 26
1704616890 10



# Sketch: 25
1704616314 42
1704616378 43
1704616442 34
1704616506 29
1704616570 37
1704616634 33
1704616698 36
1704616762 48
1704616826 35
1704616890 10



# Sketch: 26
1704616314 34
1704616378 32
1704616442 34
1704616506 20
1704616570 22
1704616634 39
1704616698 20
1704616762 35
1704616826 46
1704616890 19



# Sketch: 27
1704616314 13
1704616378 46
1704616442 48
1704616506 44
1704616570 50
1704616634 46
1704616698 29
1704616762 36
1704616826 61
1704616890 29



# Sketch: 28
1704616314 25
1704616378 61
1704616442 38
1704616506 23
1704616570 27
1704616634 26
1704616698 22
1704616762 44
1704616826 24
1704616890 9



# Sketch: 29
1704616314 66
1704616378 46
1704616442 31
1704616506 41
1704616570 31
1704616634 42
1704616698 37
1704616762 119
1704616826 54
1704616890 4



# Sketch: 30
1704616314 44
1704616378 33
1704616442 22
1704616506 31
1704616570 27
1704616634 44
1704616698 49
1704616762 48
1704616826 35
1704616890 15



# Sketch: 31
1704616314 34
1704616378 33
1704616442 32
1704616506 19
1704616570 18
1704616634 47
1704616698 30
1704616762 30
1704616826 30
1704616890 9

