

# Sketch: 0
1704616314 16
1704616346 12
1704616378 22
1704616410 14
1704616442 24
1704616474 15
1704616506 24
1704616538 24
1704616570 8
1704616602 10
1704616634 13
1704616666 25
1704616698 17
1704616730 10
1704616762 12
1704616794 21
1704616826 11
1704616858 19
1704616890 14



# Sketch: 1
1704616314 15
1704616346 16
1704616378 24
1704616410 12
1704616442 20
1704616474 11
1704616506 25
1704616538 28
1704616570 18
1704616602 14
1704616634 22
1704616666 22
1704616698 28
1704616730 12
1704616762 10
1704616794 17
1704616826 14
1704616858 23
1704616890 13



# Sketch: 2
1704616314 22
1704616346 7
1704616378 14
1704616410 14
1704616442 32
1704616474 24
1704616506 23
1704616538 18
1704616570 21
1704616602 13
1704616634 28
1704616666 20
1704616698 27
1704616730 25
1704616762 20
1704616794 49
1704616826 15
1704616858 7
1704616890 12



# Sketch: 3
1704616314 22
1704616346 14
1704616378 16
1704616410 15
1704616442 18
1704616474 18
1704616506 29
1704616538 31
1704616570 15
1704616602 14
1704616634 17
1704616666 30
1704616698 23
1704616730 10
1704616762 16
1704616794 23
1704616826 21
1704616858 32
1704616890 9



# Sketch: 4
1704616314 20
1704616346 11
1704616378 24
1704616410 10
1704616442 28
1704616474 9
1704616506 10
1704616538 17
1704616570 18
1704616602 9
1704616634 13
1704616666 18
1704616698 23
1704616730 14
1704616762 11
1704616794 13
1704616826 14
1704616858 15
1704616890 14



# Sketch: 5
1704616314 19
1704616346 13
1704616378 20
1704616410 11
1704616442 20
1704616474 10
1704616506 11
1704616538 11
1704616570 9
1704616602 8
1704616634 13
1704616666 18
1704616698 13
1704616730 9
1704616762 9
1704616794 6
1704616826 13
1704616858 14
1704616890 9



# Sketch: 6
1704616314 16
1704616346 9
1704616378 13
1704616410 8
1704616442 12
1704616474 12
1704616506 11
1704616538 6
1704616570 13
1704616602 19
1704616634 20
1704616666 17
1704616698 11
1704616730 14
1704616762 11
1704616794 7
1704616826 15
1704616858 21
1704616890 13



# Sketch: 7
1704616314 17
1704616346 9
1704616378 23
1704616410 39
1704616442 9
1704616474 11
1704616506 16
1704616538 18
1704616570 18
1704616602 24
1704616634 14
1704616666 15
1704616698 14
1704616730 9
1704616762 9
1704616794 14
1704616826 12
1704616858 20
1704616890 26



# Sketch: 8
1704616314 17
1704616346 8
1704616378 23
1704616410 23
1704616442 18
1704616474 18
1704616506 5
1704616538 10
1704616570 7
1704616602 9
1704616634 16
1704616666 18
1704616698 10
1704616730 20
1704616762 14
1704616794 15
1704616826 10
1704616858 10
1704616890 10



# Sketch: 9
1704616314 10
1704616346 18
1704616378 19
1704616410 10
1704616442 10
1704616474 16
1704616506 25
1704616538 15
1704616570 19
1704616602 11
1704616634 16
1704616666 8
1704616698 12
1704616730 13
1704616762 15
1704616794 21
1704616826 19
1704616858 14
1704616890 19



# Sketch: 10
1704616314 11
1704616346 26
1704616378 13
1704616410 10
1704616442 21
1704616474 21
1704616506 18
1704616538 12
1704616570 2
1704616602 12
1704616634 15
1704616666 20
1704616698 21
1704616730 11
1704616762 4
1704616794 4
1704616826 13
1704616858 15
1704616890 12



# Sketch: 11
1704616314 10
1704616346 6
1704616378 28
1704616410 11
1704616442 22
1704616474 17
1704616506 18
1704616538 21
1704616570 18
1704616602 9
1704616634 20
1704616666 22
1704616698 28
1704616730 8
1704616762 7
1704616794 15
1704616826 13
1704616858 29
1704616890 16



# Sketch: 12
1704616314 18
1704616346 13
1704616378 18
1704616410 8
1704616442 15
1704616474 16
1704616506 15
1704616538 24
1704616570 16
1704616602 4
1704616634 14
1704616666 28
1704616698 17
1704616730 16
1704616762 9
1704616794 21
1704616826 18
1704616858 14
1704616890 13



# Sketch: 13
1704616314 16
1704616346 21
1704616378 18
1704616410 6
1704616442 10
1704616474 13
1704616506 13
1704616538 15
1704616570 16
1704616602 29
1704616634 15
1704616666 14
1704616698 10
1704616730 8
1704616762 21
1704616794 17
1704616826 12
1704616858 13
1704616890 9



# Sketch: 14
1704616314 18
1704616346 12
1704616378 18
1704616410 15
1704616442 39
1704616474 17
1704616506 30
1704616538 16
1704616570 14
1704616602 15
1704616634 29
1704616666 25
1704616698 28
1704616730 17
1704616762 38
1704616794 11
1704616826 25
1704616858 10
1704616890 22



# Sketch: 15
1704616314 16
1704616346 16
1704616378 22
1704616410 63
1704616442 9
1704616474 20
1704616506 20
1704616538 8
1704616570 13
1704616602 17
1704616634 29
1704616666 29
1704616698 10
1704616730 29
1704616762 17
1704616794 10
1704616826 17
1704616858 8
1704616890 12



# Sketch: 16
1704616314 7
1704616346 10
1704616378 11
1704616410 6
1704616442 11
1704616474 18
1704616506 10
1704616538 15
1704616570 21
1704616602 8
1704616634 19
1704616666 12
1704616698 30
1704616730 8
1704616762 7
1704616794 13
1704616826 13
1704616858 9
1704616890 11



# Sketch: 17
1704616314 17
1704616346 12
1704616378 25
1704616410 22
1704616442 16
1704616474 10
1704616506 15
1704616538 27
1704616570 23
1704616602 14
1704616634 9
1704616666 23
1704616698 30
1704616730 13
1704616762 14
1704616794 14
1704616826 23
1704616858 13
1704616890 13



# Sketch: 18
1704616314 18
1704616346 17
1704616378 31
1704616410 20
1704616442 23
1704616474 20
1704616506 14
1704616538 18
1704616570 22
1704616602 11
1704616634 7
1704616666 47
1704616698 40
1704616730 8
1704616762 14
1704616794 18
1704616826 19
1704616858 21
1704616890 16



# Sketch: 19
1704616314 17
1704616346 21
1704616378 46
1704616410 20
1704616442 16
1704616474 18
1704616506 31
1704616538 18
1704616570 16
1704616602 33
1704616634 27
1704616666 21
1704616698 32
1704616730 29
1704616762 28
1704616794 34
1704616826 18
1704616858 28
1704616890 18



# Sketch: 20
1704616314 15
1704616346 11
1704616378 23
1704616410 7
1704616442 20
1704616474 16
1704616506 19
1704616538 23
1704616570 24
1704616602 4
1704616634 5
1704616666 20
1704616698 34
1704616730 14
1704616762 13
1704616794 19
1704616826 27
1704616858 17
1704616890 7



# Sketch: 21
1704616314 14
1704616346 18
1704616378 19
1704616410 17
1704616442 24
1704616474 20
1704616506 33
1704616538 12
1704616570 18
1704616602 16
1704616634 24
1704616666 46
1704616698 36
1704616730 19
1704616762 13
1704616794 13
1704616826 24
1704616858 15
1704616890 18



# Sketch: 22
1704616314 16
1704616346 15
1704616378 20
1704616410 12
1704616442 11
1704616474 13
1704616506 9
1704616538 34
1704616570 7
1704616602 10
1704616634 10
1704616666 8
1704616698 13
1704616730 17
1704616762 16
1704616794 11
1704616826 10
1704616858 14
1704616890 11



# Sketch: 23
1704616314 17
1704616346 17
1704616378 12
1704616410 7
1704616442 12
1704616474 9
1704616506 14
1704616538 11
1704616570 16
1704616602 20
1704616634 17
1704616666 29
1704616698 26
1704616730 9
1704616762 6
1704616794 16
1704616826 15
1704616858 17
1704616890 15



# Sketch: 24
1704616314 8
1704616346 18
1704616378 19
1704616410 10
1704616442 10
1704616474 14
1704616506 9
1704616538 23
1704616570 14
1704616602 12
1704616634 21
1704616666 18
1704616698 5
1704616730 17
1704616762 19
1704616794 12
1704616826 13
1704616858 13
1704616890 10



# Sketch: 25
1704616314 29
1704616346 13
1704616378 21
1704616410 22
1704616442 16
1704616474 18
1704616506 15
1704616538 14
1704616570 22
1704616602 15
1704616634 7
1704616666 26
1704616698 18
1704616730 18
1704616762 11
1704616794 37
1704616826 17
1704616858 18
1704616890 10



# Sketch: 26
1704616314 12
1704616346 22
1704616378 18
1704616410 14
1704616442 18
1704616474 16
1704616506 7
1704616538 13
1704616570 14
1704616602 8
1704616634 21
1704616666 18
1704616698 10
1704616730 10
1704616762 22
1704616794 13
1704616826 16
1704616858 30
1704616890 19



# Sketch: 27
1704616314 7
1704616346 6
1704616378 28
1704616410 18
1704616442 14
1704616474 34
1704616506 31
1704616538 13
1704616570 15
1704616602 35
1704616634 16
1704616666 30
1704616698 9
1704616730 20
1704616762 26
1704616794 10
1704616826 25
1704616858 36
1704616890 29



# Sketch: 28
1704616314 16
1704616346 9
1704616378 10
1704616410 51
1704616442 14
1704616474 24
1704616506 16
1704616538 7
1704616570 11
1704616602 16
1704616634 20
1704616666 6
1704616698 14
1704616730 8
1704616762 5
1704616794 39
1704616826 15
1704616858 9
1704616890 9



# Sketch: 29
1704616314 28
1704616346 38
1704616378 27
1704616410 19
1704616442 21
1704616474 10
1704616506 17
1704616538 24
1704616570 22
1704616602 9
1704616634 21
1704616666 21
1704616698 15
1704616730 22
1704616762 98
1704616794 21
1704616826 26
1704616858 28
1704616890 4



# Sketch: 30
1704616314 16
1704616346 28
1704616378 16
1704616410 17
1704616442 10
1704616474 12
1704616506 15
1704616538 16
1704616570 12
1704616602 15
1704616634 19
1704616666 25
1704616698 26
1704616730 23
1704616762 34
1704616794 14
1704616826 17
1704616858 18
1704616890 15



# Sketch: 31
1704616314 16
1704616346 18
1704616378 23
1704616410 10
1704616442 10
1704616474 22
1704616506 7
1704616538 12
1704616570 8
1704616602 10
1704616634 19
1704616666 28
1704616698 8
1704616730 22
1704616762 13
1704616794 17
1704616826 14
1704616858 16
1704616890 9

