

# Sketch: 0
0 0.229099
1 0.326695
2 0.202445
3 0.217281
4 0.181853
5 0.553922
6 0.354158
7 2.35576



# Sketch: 1
0 0.238385
1 0.316992
2 0.238756
3 0.370679
4 0.256436
5 0.681813
6 0.560401
7 0.589586



# Sketch: 2
0 0.299579
1 0.29508
2 0.326398
3 0.372564
4 0.393567
5 0.650786
6 0.587016
7 0.563493



# Sketch: 3
0 0.226961
1 0.491021
2 0.483877
3 0.582822
4 0.441622
5 0.516743
6 0.64193
7 0.805711



# Sketch: 4
0 0.242862
1 0.167041
2 0.108607
3 0.229223
4 0.176472
5 0.369585
6 0.252766
7 0.77514



# Sketch: 5
0 2.45577
1 2.31349
2 2.40025
3 2.64025
4 2.49113
5 2.10856
6 1.30094
7 0.996344



# Sketch: 6
0 0.207761
1 0.280284
2 0.174498
3 0.203776
4 0.0340576
5 0.139951
6 0.242234
7 0.340831



# Sketch: 7
0 0.489308
1 0.582319
2 0.175678
3 0.863353
4 0.60597
5 1.07803
6 0.238358
7 0.426749



# Sketch: 8
0 0.617843
1 0.207846
2 0.268426
3 0.29611
4 0.455429
5 0.428727
6 0.215634
7 0.907421



# Sketch: 9
0 0.655184
1 0.606934
2 0.375175
3 0.316857
4 0.34181
5 0.552155
6 0.490266
7 0.444931



# Sketch: 10
0 0.148885
1 0.207292
2 0.354012
3 0.751858
4 0.713355
5 1.3905
6 2.0818
7 2.27283



# Sketch: 11
0 0.288055
1 0.291071
2 0.457392
3 0.385559
4 0.378473
5 0.471221
6 0.534047
7 0.636623



# Sketch: 12
0 0.486644
1 0.359172
2 0.675267
3 0.619384
4 0.634666
5 0.523987
6 0.540666
7 0.533139



# Sketch: 13
0 0.506012
1 0.415276
2 0.296295
3 0.267303
4 0.329959
5 0.489911
6 0.462395
7 0.435041



# Sketch: 14
0 1.21294
1 1.14682
2 1.2571
3 1.00566
4 0.840104
5 0.685363
6 1.0658
7 1.01516



# Sketch: 15
0 0.891053
1 0.970927
2 0.882693
3 0.659404
4 0.709548
5 0.509151
6 0.477013
7 0.593217



# Sketch: 16
0 0.561241
1 0.592574
2 0.32902
3 0.126073
4 0.186777
5 0.30253
6 0.37779
7 0.318976



# Sketch: 17
0 0.682803
1 0.691917
2 0.417537
3 0.556206
4 0.323008
5 1.60906
6 2.55656
7 0.585696



# Sketch: 18
0 0.270237
1 0.247813
2 0.734137
3 0.867934
4 1.25966
5 0.799945
6 0.469399
7 0.436203



# Sketch: 19
0 0.368018
1 0.255906
2 0.286799
3 0.596886
4 0.469129
5 0.236971
6 0.231327
7 0.409809



# Sketch: 20
0 0.883887
1 0.912033
2 1.13428
3 0.495676
4 0.381873
5 0.130211
6 0.159807
7 0.912595



# Sketch: 21
0 0.860078
1 0.790257
2 0.715419
3 0.728738
4 0.605065
5 0.161912
6 0.703748
7 1.70726



# Sketch: 22
0 0.423169
1 0.592059
2 1.17891
3 1.28205
4 1.33079
5 0.646498
6 0.378251
7 0.412749



# Sketch: 23
0 1.16129
1 1.10212
2 0.984342
3 0.945299
4 0.926682
5 0.5984
6 0.518569
7 0.424731



# Sketch: 24
0 0.510652
1 0.30992
2 0.492144
3 0.398729
4 0.220998
5 0.391922
6 0.391545
7 0.402566



# Sketch: 25
0 0.26999
1 0.318416
2 0.429401
3 0.281999
4 0.490419
5 0.790527
6 0.552051
7 0.591286



# Sketch: 26
0 0.165893
1 0.33389
2 0.251823
3 0.319511
4 0.374555
5 0.35247
6 0.344468
7 0.39888



# Sketch: 27
0 0.192587
1 0.179821
2 0.376878
3 0.52942
4 0.208135
5 0.349769
6 1.18828
7 2.26577



# Sketch: 28
0 0.141488
1 0.165204
2 0.153221
3 0.0980438
4 0.208074
5 0.24741
6 0.426037
7 0.488817



# Sketch: 29
0 1.02929
1 0.942283
2 0.872829
3 0.567408
4 0.78661
5 0.507984
6 0.611082
7 0.680557



# Sketch: 30
0 0.353652
1 0.275024
2 0.406318
3 0.282814
4 0.58304
5 0.413445
6 0.52258
7 0.624308



# Sketch: 31
0 0.277764
1 0.242202
2 0.526825
3 0.616681
4 0.661122
5 0.553127
6 0.484973
7 0.560055

