

# Sketch: 0
0 0.464799
1 0.281949
2 0.212073
3 0.278738
4 0.355716
5 0.500147
6 0.560319
7 0.631381



# Sketch: 1
0 2.71145
1 2.79863
2 2.5608
3 2.89379
4 3.2069
5 3.27557
6 3.63164
7 3.42344



# Sketch: 2
0 0.177268
1 0.199784
2 0.271746
3 0.215727
4 0.499935
5 0.555824
6 0.468676
7 0.479492



# Sketch: 3
0 0.659882
1 0.653188
2 0.284511
3 0.444314
4 0.45373
5 0.613492
6 0.621662
7 0.480666



# Sketch: 4
0 0.517498
1 0.422852
2 0.43901
3 0.355042
4 0.445977
5 0.483752
6 0.460008
7 0.508452



# Sketch: 5
0 0.194212
1 0.162443
2 0.150162
3 0.406499
4 0.419529
5 0.282984
6 0.494784
7 2.46268



# Sketch: 6
0 0.667604
1 0.766062
2 0.916715
3 1.05339
4 0.847508
5 0.678931
6 0.686137
7 0.584616



# Sketch: 7
0 0.528733
1 0.635742
2 0.389795
3 0.339628
4 0.54886
5 0.509652
6 0.357664
7 1.0103



# Sketch: 8
0 0.614395
1 0.473146
2 0.240149
3 0.547611
4 0.336825
5 0.525258
6 0.480347
7 0.561524



# Sketch: 9
0 0.303795
1 0.503363
2 0.365171
3 0.502484
4 0.519272
5 0.474142
6 0.538907
7 0.502718



# Sketch: 10
0 0.513109
1 0.518955
2 0.721001
3 0.654083
4 0.25743
5 0.345785
6 0.409655
7 0.520292



# Sketch: 11
0 0.194212
1 0.529939
2 0.603859
3 0.369698
4 0.748124
5 0.658449
6 0.580702
7 0.499874



# Sketch: 12
0 0.456586
1 0.334395
2 0.306003
3 0.606437
4 1.42925
5 1.15139
6 1.06355
7 0.493246



# Sketch: 13
0 0.309858
1 0.471403
2 0.508893
3 0.202293
4 0.247676
5 0.362427
6 0.400616
7 0.426229



# Sketch: 14
0 0.376398
1 0.699071
2 0.751138
3 1.34429
4 1.05204
5 2.12513
6 0.392716
7 0.294163



# Sketch: 15
0 0.631905
1 0.664488
2 1.07
3 0.922567
4 0.79889
5 0.628278
6 0.182234
7 0.326



# Sketch: 16
0 0.412717
1 0.700446
2 0.542079
3 0.33747
4 1.48307
5 0.973639
6 0.264243
7 0.382801



# Sketch: 17
0 0.664772
1 0.314593
2 0.361284
3 0.751624
4 0.379959
5 0.0571386
6 0.252718
7 0.404621



# Sketch: 18
0 0.289247
1 0.168414
2 0.227634
3 0.607951
4 0.265761
5 0.619722
6 0.386198
7 0.478571



# Sketch: 19
0 0.322867
1 0.219842
2 0.549485
3 0.578253
4 0.477893
5 0.367079
6 0.587584
7 0.672407



# Sketch: 20
0 1.2572
1 1.13858
2 1.12428
3 1.00693
4 1.01114
5 0.722753
6 0.590247
7 0.595179



# Sketch: 21
0 0.147675
1 0.163206
2 0.167159
3 0.497199
4 0.448822
5 0.941566
6 1.13205
7 0.413075



# Sketch: 22
0 0.494487
1 0.2808
2 0.441071
3 0.429687
4 0.383073
5 0.72732
6 2.91169
7 1.51713



# Sketch: 23
0 0.244796
1 0.305381
2 0.31961
3 0.321562
4 0.64022
5 0.424469
6 0.857815
7 0.62045



# Sketch: 24
0 0.3418
1 0.613476
2 0.791819
3 0.892708
4 0.69977
5 0.660091
6 0.649097
7 0.74641



# Sketch: 25
0 0.0966636
1 0.250762
2 0.0891807
3 0.132869
4 0.317514
5 0.3462
6 0.490592
7 0.400636



# Sketch: 26
0 0.357947
1 0.367399
2 0.355049
3 0.469765
4 0.512398
5 0.605252
6 0.570619
7 1.04682



# Sketch: 27
0 0.499001
1 0.526653
2 0.272368
3 0.364913
4 0.652823
5 0.6035
6 0.520796
7 0.592132



# Sketch: 28
0 1.64375
1 1.63318
2 1.21578
3 0.905131
4 0.303273
5 0.136036
6 0.275882
7 0.421027



# Sketch: 29
0 0.157795
1 0.184449
2 0.102749
3 0.102767
4 0.176558
5 0.201259
6 0.327155
7 0.435632



# Sketch: 30
0 0.795667
1 0.547936
2 0.357219
3 0.179216
4 0.901919
5 0.402402
6 0.651496
7 0.886643



# Sketch: 31
0 0.496711
1 0.599537
2 0.254661
3 0.238074
4 0.434703
5 0.443298
6 0.353555
7 0.465081

