

# Sketch: 0
1704616314 17
1704616346 13
1704616378 24
1704616410 17
1704616442 20
1704616474 27
1704616506 18
1704616538 19
1704616570 9
1704616602 12
1704616634 26
1704616666 14
1704616698 11
1704616730 11
1704616762 13
1704616794 8
1704616826 18
1704616858 29
1704616890 17



# Sketch: 1
1704616314 14
1704616346 19
1704616378 23
1704616410 8
1704616442 16
1704616474 16
1704616506 9
1704616538 13
1704616570 19
1704616602 14
1704616634 21
1704616666 41
1704616698 32
1704616730 14
1704616762 9
1704616794 14
1704616826 14
1704616858 24
1704616890 8



# Sketch: 2
1704616314 7
1704616346 23
1704616378 16
1704616410 15
1704616442 8
1704616474 9
1704616506 18
1704616538 8
1704616570 16
1704616602 3
1704616634 16
1704616666 6
1704616698 10
1704616730 11
1704616762 6
1704616794 14
1704616826 10
1704616858 8
1704616890 7



# Sketch: 3
1704616314 18
1704616346 11
1704616378 16
1704616410 21
1704616442 13
1704616474 16
1704616506 24
1704616538 28
1704616570 23
1704616602 6
1704616634 10
1704616666 19
1704616698 17
1704616730 24
1704616762 16
1704616794 15
1704616826 18
1704616858 19
1704616890 22



# Sketch: 4
1704616314 13
1704616346 23
1704616378 49
1704616410 21
1704616442 17
1704616474 15
1704616506 31
1704616538 14
1704616570 6
1704616602 12
1704616634 29
1704616666 21
1704616698 25
1704616730 6
1704616762 13
1704616794 22
1704616826 17
1704616858 13
1704616890 15



# Sketch: 5
1704616314 16
1704616346 9
1704616378 28
1704616410 12
1704616442 9
1704616474 13
1704616506 8
1704616538 12
1704616570 8
1704616602 20
1704616634 12
1704616666 19
1704616698 9
1704616730 19
1704616762 18
1704616794 32
1704616826 9
1704616858 12
1704616890 8



# Sketch: 6
1704616314 23
1704616346 14
1704616378 23
1704616410 22
1704616442 36
1704616474 17
1704616506 19
1704616538 16
1704616570 11
1704616602 16
1704616634 16
1704616666 19
1704616698 18
1704616730 29
1704616762 17
1704616794 12
1704616826 16
1704616858 11
1704616890 13



# Sketch: 7
1704616314 6
1704616346 9
1704616378 26
1704616410 12
1704616442 8
1704616474 16
1704616506 21
1704616538 14
1704616570 27
1704616602 10
1704616634 11
1704616666 15
1704616698 24
1704616730 17
1704616762 22
1704616794 10
1704616826 27
1704616858 14
1704616890 10



# Sketch: 8
1704616314 23
1704616346 21
1704616378 18
1704616410 15
1704616442 20
1704616474 10
1704616506 20
1704616538 34
1704616570 14
1704616602 17
1704616634 33
1704616666 31
1704616698 18
1704616730 9
1704616762 10
1704616794 24
1704616826 14
1704616858 14
1704616890 18



# Sketch: 9
1704616314 16
1704616346 16
1704616378 14
1704616410 18
1704616442 15
1704616474 22
1704616506 15
1704616538 16
1704616570 18
1704616602 8
1704616634 14
1704616666 15
1704616698 27
1704616730 25
1704616762 11
1704616794 18
1704616826 19
1704616858 19
1704616890 13



# Sketch: 10
1704616314 18
1704616346 12
1704616378 21
1704616410 15
1704616442 17
1704616474 11
1704616506 11
1704616538 21
1704616570 11
1704616602 13
1704616634 10
1704616666 17
1704616698 29
1704616730 10
1704616762 22
1704616794 21
1704616826 14
1704616858 15
1704616890 35



# Sketch: 11
1704616314 21
1704616346 12
1704616378 22
1704616410 6
1704616442 10
1704616474 16
1704616506 14
1704616538 23
1704616570 28
1704616602 6
1704616634 34
1704616666 17
1704616698 17
1704616730 10
1704616762 14
1704616794 14
1704616826 21
1704616858 19
1704616890 13



# Sketch: 12
1704616314 7
1704616346 20
1704616378 23
1704616410 5
1704616442 25
1704616474 9
1704616506 11
1704616538 7
1704616570 8
1704616602 7
1704616634 17
1704616666 9
1704616698 13
1704616730 34
1704616762 20
1704616794 10
1704616826 23
1704616858 16
1704616890 11



# Sketch: 13
1704616314 16
1704616346 12
1704616378 9
1704616410 10
1704616442 21
1704616474 10
1704616506 14
1704616538 15
1704616570 18
1704616602 10
1704616634 12
1704616666 19
1704616698 22
1704616730 13
1704616762 17
1704616794 8
1704616826 9
1704616858 11
1704616890 15



# Sketch: 14
1704616314 23
1704616346 22
1704616378 19
1704616410 16
1704616442 27
1704616474 11
1704616506 25
1704616538 24
1704616570 15
1704616602 24
1704616634 19
1704616666 32
1704616698 26
1704616730 27
1704616762 90
1704616794 41
1704616826 21
1704616858 22
1704616890 16



# Sketch: 15
1704616314 17
1704616346 13
1704616378 12
1704616410 4
1704616442 27
1704616474 12
1704616506 9
1704616538 13
1704616570 14
1704616602 10
1704616634 10
1704616666 35
1704616698 18
1704616730 14
1704616762 11
1704616794 9
1704616826 13
1704616858 22
1704616890 6



# Sketch: 16
1704616314 9
1704616346 10
1704616378 13
1704616410 8
1704616442 4
1704616474 11
1704616506 14
1704616538 20
1704616570 10
1704616602 10
1704616634 17
1704616666 17
1704616698 18
1704616730 13
1704616762 11
1704616794 11
1704616826 14
1704616858 11
1704616890 12



# Sketch: 17
1704616314 22
1704616346 9
1704616378 10
1704616410 12
1704616442 13
1704616474 24
1704616506 9
1704616538 13
1704616570 10
1704616602 19
1704616634 12
1704616666 23
1704616698 26
1704616730 14
1704616762 21
1704616794 22
1704616826 18
1704616858 17
1704616890 8



# Sketch: 18
1704616314 12
1704616346 19
1704616378 20
1704616410 22
1704616442 27
1704616474 19
1704616506 26
1704616538 28
1704616570 25
1704616602 13
1704616634 15
1704616666 30
1704616698 18
1704616730 8
1704616762 9
1704616794 21
1704616826 14
1704616858 39
1704616890 12



# Sketch: 19
1704616314 27
1704616346 18
1704616378 13
1704616410 11
1704616442 15
1704616474 17
1704616506 20
1704616538 24
1704616570 23
1704616602 10
1704616634 19
1704616666 22
1704616698 33
1704616730 4
1704616762 19
1704616794 14
1704616826 19
1704616858 15
1704616890 9



# Sketch: 20
1704616314 12
1704616346 19
1704616378 10
1704616410 12
1704616442 11
1704616474 9
1704616506 12
1704616538 14
1704616570 17
1704616602 8
1704616634 17
1704616666 37
1704616698 27
1704616730 12
1704616762 11
1704616794 9
1704616826 10
1704616858 12
1704616890 16



# Sketch: 21
1704616314 11
1704616346 11
1704616378 14
1704616410 6
1704616442 16
1704616474 25
1704616506 17
1704616538 13
1704616570 16
1704616602 13
1704616634 24
1704616666 14
1704616698 23
1704616730 7
1704616762 15
1704616794 15
1704616826 9
1704616858 14
1704616890 11



# Sketch: 22
1704616314 20
1704616346 13
1704616378 36
1704616410 24
1704616442 26
1704616474 24
1704616506 38
1704616538 17
1704616570 20
1704616602 26
1704616634 25
1704616666 27
1704616698 17
1704616730 19
1704616762 33
1704616794 18
1704616826 15
1704616858 26
1704616890 26



# Sketch: 23
1704616314 11
1704616346 14
1704616378 20
1704616410 17
1704616442 17
1704616474 18
1704616506 19
1704616538 20
1704616570 12
1704616602 19
1704616634 13
1704616666 20
1704616698 15
1704616730 19
1704616762 8
1704616794 22
1704616826 6
1704616858 12
1704616890 10



# Sketch: 24
1704616314 22
1704616346 16
1704616378 18
1704616410 11
1704616442 26
1704616474 18
1704616506 13
1704616538 16
1704616570 8
1704616602 7
1704616634 10
1704616666 11
1704616698 15
1704616730 10
1704616762 19
1704616794 27
1704616826 17
1704616858 8
1704616890 13



# Sketch: 25
1704616314 29
1704616346 19
1704616378 38
1704616410 22
1704616442 26
1704616474 28
1704616506 29
1704616538 15
1704616570 24
1704616602 26
1704616634 32
1704616666 35
1704616698 27
1704616730 24
1704616762 32
1704616794 26
1704616826 30
1704616858 47
1704616890 31



# Sketch: 26
1704616314 10
1704616346 12
1704616378 16
1704616410 63
1704616442 15
1704616474 29
1704616506 17
1704616538 14
1704616570 19
1704616602 9
1704616634 7
1704616666 28
1704616698 25
1704616730 10
1704616762 10
1704616794 23
1704616826 23
1704616858 11
1704616890 8



# Sketch: 27
1704616314 13
1704616346 13
1704616378 21
1704616410 14
1704616442 15
1704616474 12
1704616506 14
1704616538 5
1704616570 15
1704616602 39
1704616634 13
1704616666 39
1704616698 8
1704616730 10
1704616762 9
1704616794 6
1704616826 9
1704616858 20
1704616890 8



# Sketch: 28
1704616314 9
1704616346 11
1704616378 13
1704616410 20
1704616442 11
1704616474 16
1704616506 14
1704616538 23
1704616570 12
1704616602 22
1704616634 14
1704616666 15
1704616698 24
1704616730 14
1704616762 19
1704616794 12
1704616826 14
1704616858 6
1704616890 7



# Sketch: 29
1704616314 24
1704616346 27
1704616378 30
1704616410 68
1704616442 21
1704616474 9
1704616506 21
1704616538 28
1704616570 13
1704616602 8
1704616634 16
1704616666 30
1704616698 7
1704616730 11
1704616762 14
1704616794 22
1704616826 20
1704616858 15
1704616890 10



# Sketch: 30
1704616314 5
1704616346 9
1704616378 15
1704616410 9
1704616442 9
1704616474 16
1704616506 7
1704616538 4
1704616570 8
1704616602 16
1704616634 15
1704616666 18
1704616698 13
1704616730 15
1704616762 16
1704616794 21
1704616826 23
1704616858 16
1704616890 13



# Sketch: 31
1704616314 25
1704616346 15
1704616378 34
1704616410 5
1704616442 12
1704616474 17
1704616506 18
1704616538 23
1704616570 13
1704616602 20
1704616634 17
1704616666 12
1704616698 26
1704616730 19
1704616762 7
1704616794 24
1704616826 30
1704616858 29
1704616890 16

