

# Sketch: 0
1704616314 15
1704616378 18
1704616442 33
1704616506 23
1704616570 60
1704616634 25
1704616698 24
1704616762 94
1704616826 29
1704616890 14



# Sketch: 1
1704616314 40
1704616378 48
1704616442 42
1704616506 55
1704616570 55
1704616634 73
1704616698 57
1704616762 58
1704616826 59
1704616890 19



# Sketch: 2
1704616314 26
1704616378 20
1704616442 15
1704616506 24
1704616570 12
1704616634 23
1704616698 21
1704616762 35
1704616826 19
1704616890 7



# Sketch: 3
1704616314 22
1704616378 38
1704616442 46
1704616506 27
1704616570 24
1704616634 51
1704616698 37
1704616762 30
1704616826 27
1704616890 16



# Sketch: 4
1704616314 29
1704616378 28
1704616442 42
1704616506 26
1704616570 13
1704616634 17
1704616698 23
1704616762 14
1704616826 33
1704616890 18



# Sketch: 5
1704616314 21
1704616378 50
1704616442 23
1704616506 40
1704616570 35
1704616634 31
1704616698 20
1704616762 33
1704616826 33
1704616890 16



# Sketch: 6
1704616314 34
1704616378 48
1704616442 29
1704616506 35
1704616570 15
1704616634 43
1704616698 38
1704616762 35
1704616826 36
1704616890 16



# Sketch: 7
1704616314 35
1704616378 35
1704616442 29
1704616506 46
1704616570 34
1704616634 36
1704616698 47
1704616762 39
1704616826 34
1704616890 12



# Sketch: 8
1704616314 28
1704616378 28
1704616442 40
1704616506 20
1704616570 33
1704616634 36
1704616698 46
1704616762 35
1704616826 34
1704616890 6



# Sketch: 9
1704616314 32
1704616378 39
1704616442 19
1704616506 26
1704616570 26
1704616634 38
1704616698 33
1704616762 20
1704616826 37
1704616890 13



# Sketch: 10
1704616314 34
1704616378 37
1704616442 24
1704616506 20
1704616570 36
1704616634 24
1704616698 26
1704616762 14
1704616826 27
1704616890 25



# Sketch: 11
1704616314 40
1704616378 26
1704616442 32
1704616506 35
1704616570 31
1704616634 44
1704616698 36
1704616762 24
1704616826 33
1704616890 12



# Sketch: 12
1704616314 29
1704616378 21
1704616442 21
1704616506 30
1704616570 30
1704616634 23
1704616698 34
1704616762 33
1704616826 37
1704616890 6



# Sketch: 13
1704616314 27
1704616378 51
1704616442 35
1704616506 40
1704616570 29
1704616634 47
1704616698 36
1704616762 23
1704616826 43
1704616890 10



# Sketch: 14
1704616314 37
1704616378 68
1704616442 44
1704616506 39
1704616570 24
1704616634 49
1704616698 23
1704616762 51
1704616826 29
1704616890 18



# Sketch: 15
1704616314 37
1704616378 48
1704616442 49
1704616506 63
1704616570 35
1704616634 54
1704616698 60
1704616762 43
1704616826 54
1704616890 23



# Sketch: 16
1704616314 34
1704616378 35
1704616442 23
1704616506 41
1704616570 20
1704616634 48
1704616698 55
1704616762 37
1704616826 26
1704616890 21



# Sketch: 17
1704616314 17
1704616378 39
1704616442 17
1704616506 30
1704616570 20
1704616634 20
1704616698 24
1704616762 37
1704616826 24
1704616890 11



# Sketch: 18
1704616314 24
1704616378 40
1704616442 30
1704616506 30
1704616570 34
1704616634 21
1704616698 28
1704616762 23
1704616826 33
1704616890 11



# Sketch: 19
1704616314 34
1704616378 42
1704616442 29
1704616506 38
1704616570 36
1704616634 48
1704616698 39
1704616762 42
1704616826 39
1704616890 10



# Sketch: 20
1704616314 20
1704616378 29
1704616442 33
1704616506 35
1704616570 27
1704616634 27
1704616698 37
1704616762 44
1704616826 29
1704616890 20



# Sketch: 21
1704616314 36
1704616378 38
1704616442 45
1704616506 38
1704616570 33
1704616634 35
1704616698 36
1704616762 45
1704616826 29
1704616890 12



# Sketch: 22
1704616314 33
1704616378 29
1704616442 34
1704616506 42
1704616570 46
1704616634 45
1704616698 45
1704616762 34
1704616826 45
1704616890 14



# Sketch: 23
1704616314 28
1704616378 73
1704616442 12
1704616506 37
1704616570 21
1704616634 56
1704616698 41
1704616762 25
1704616826 34
1704616890 6



# Sketch: 24
1704616314 33
1704616378 26
1704616442 42
1704616506 44
1704616570 21
1704616634 17
1704616698 27
1704616762 48
1704616826 25
1704616890 7



# Sketch: 25
1704616314 43
1704616378 36
1704616442 59
1704616506 34
1704616570 19
1704616634 54
1704616698 18
1704616762 31
1704616826 32
1704616890 13



# Sketch: 26
1704616314 38
1704616378 30
1704616442 36
1704616506 15
1704616570 38
1704616634 44
1704616698 20
1704616762 24
1704616826 36
1704616890 16



# Sketch: 27
1704616314 37
1704616378 27
1704616442 43
1704616506 32
1704616570 25
1704616634 37
1704616698 29
1704616762 53
1704616826 33
1704616890 6



# Sketch: 28
1704616314 20
1704616378 38
1704616442 37
1704616506 37
1704616570 21
1704616634 42
1704616698 33
1704616762 19
1704616826 39
1704616890 9



# Sketch: 29
1704616314 41
1704616378 42
1704616442 36
1704616506 42
1704616570 31
1704616634 65
1704616698 48
1704616762 33
1704616826 55
1704616890 22



# Sketch: 30
1704616314 35
1704616378 31
1704616442 33
1704616506 19
1704616570 28
1704616634 39
1704616698 43
1704616762 29
1704616826 31
1704616890 17



# Sketch: 31
1704616314 41
1704616378 47
1704616442 43
1704616506 46
1704616570 31
1704616634 51
1704616698 36
1704616762 22
1704616826 26
1704616890 11

