

# Sketch: 0
0 0.124598
1 0.0854349
2 0.123327
3 0.276929
4 0.325836
5 0.333715
6 0.612469
7 0.700308



# Sketch: 1
0 0.572129
1 0.501926
2 0.558582
3 0.518524
4 0.510646
5 1.10092
6 0.720846
7 0.628708



# Sketch: 2
0 1.10081
1 1.15575
2 0.906021
3 0.845223
4 0.926402
5 1.02097
6 0.717473
7 0.684005



# Sketch: 3
0 0.5102
1 0.567632
2 0.65185
3 0.640318
4 0.552649
5 0.510919
6 0.655517
7 0.55555



# Sketch: 4
0 0.272059
1 0.279431
2 0.277951
3 0.326248
4 0.346504
5 0.381302
6 0.602473
7 0.414213



# Sketch: 5
0 0.461031
1 0.566843
2 0.511814
3 0.467185
4 0.524537
5 0.480704
6 0.56246
7 1.34639



# Sketch: 6
0 0.239407
1 0.214649
2 0.183938
3 0.294358
4 0.272404
5 0.335174
6 0.323306
7 0.401155



# Sketch: 7
0 0.340809
1 0.302098
2 0.309488
3 0.327695
4 0.415684
5 0.690163
6 0.430043
7 0.474699



# Sketch: 8
0 0.400356
1 0.424262
2 0.436071
3 0.482753
4 0.541422
5 0.577855
6 0.529534
7 0.599386



# Sketch: 9
0 0.481367
1 0.454242
2 0.448014
3 0.497932
4 0.518094
5 0.484199
6 0.54421
7 0.763323



# Sketch: 10
0 0.688782
1 0.649288
2 0.593507
3 0.890061
4 0.32186
5 0.11863
6 0.187719
7 0.329664



# Sketch: 11
0 0.771304
1 0.774468
2 0.714162
3 0.673644
4 0.642583
5 0.596585
6 0.622062
7 0.600068



# Sketch: 12
0 0.468508
1 0.321319
2 0.625348
3 0.532054
4 0.412823
5 0.247394
6 0.208468
7 0.364413



# Sketch: 13
0 0.530234
1 0.509086
2 0.427607
3 0.448259
4 0.50355
5 0.511617
6 0.481375
7 0.560368



# Sketch: 14
0 0.853251
1 0.741085
2 0.654244
3 0.81583
4 0.58694
5 0.457223
6 0.435124
7 0.821488



# Sketch: 15
0 0.282485
1 0.338045
2 0.315552
3 0.353328
4 0.394003
5 0.436311
6 0.544693
7 0.648557



# Sketch: 16
0 0.0436036
1 0.0658016
2 0.0697892
3 0.157336
4 0.210464
5 0.299159
6 0.237383
7 1.4146



# Sketch: 17
0 0.403164
1 0.162872
2 0.123266
3 0.152269
4 0.161877
5 0.233257
6 2.87491
7 0.595066



# Sketch: 18
0 1.35549
1 1.15853
2 0.947374
3 1.06915
4 1.54346
5 1.82261
6 2.84835
7 2.89611



# Sketch: 19
0 1.03695
1 1.18908
2 1.15824
3 0.972392
4 0.731535
5 0.190837
6 0.133151
7 0.342627



# Sketch: 20
0 0.868017
1 0.617785
2 0.547469
3 0.462243
4 0.0991243
5 0.104751
6 0.182247
7 0.432399



# Sketch: 21
0 0.167739
1 0.103947
2 0.110325
3 0.202647
4 0.308344
5 0.631287
6 0.801144
7 0.409987



# Sketch: 22
0 0.962826
1 0.991885
2 0.953867
3 0.888605
4 0.809117
5 0.752771
6 0.663503
7 0.633209



# Sketch: 23
0 1.05693
1 1.13239
2 1.13696
3 1.21548
4 1.75853
5 1.86537
6 0.582002
7 2.23749



# Sketch: 24
0 0.338288
1 0.311576
2 0.372919
3 0.383986
4 0.585994
5 0.612618
6 0.548773
7 0.723822



# Sketch: 25
0 1.31914
1 1.38542
2 1.40632
3 1.5476
4 1.36215
5 1.45013
6 0.866385
7 0.363743



# Sketch: 26
0 0.383659
1 0.379207
2 0.458166
3 0.447286
4 0.701479
5 0.42336
6 0.396285
7 0.498458



# Sketch: 27
0 0.109879
1 0.259259
2 0.330395
3 0.49262
4 0.495201
5 0.440334
6 0.19182
7 0.353302



# Sketch: 28
0 0.275959
1 0.373428
2 0.482299
3 0.519725
4 0.755991
5 0.377572
6 0.382254
7 0.476238



# Sketch: 29
0 0.380752
1 0.389874
2 0.363906
3 0.424092
4 0.497319
5 0.495751
6 0.50327
7 0.663427



# Sketch: 30
0 0.549498
1 0.44195
2 0.326262
3 0.306706
4 0.397968
5 0.397649
6 0.409633
7 0.514238



# Sketch: 31
0 1.18008
1 1.11004
2 1.18383
3 0.999389
4 0.690744
5 0.376118
6 0.20277
7 0.37778

