

# Sketch: 0
1704616914 71
1704617042 83
1704617170 175
1704617298 101
1704617426 75



# Sketch: 1
1704616914 83
1704617042 92
1704617170 56
1704617298 70
1704617426 43



# Sketch: 2
1704616914 67
1704617042 81
1704617170 68
1704617298 73
1704617426 37



# Sketch: 3
1704616914 73
1704617042 55
1704617170 46
1704617298 59
1704617426 48



# Sketch: 4
1704616914 102
1704617042 102
1704617170 173
1704617298 70
1704617426 83



# Sketch: 5
1704616914 97
1704617042 98
1704617170 100
1704617298 115
1704617426 75



# Sketch: 6
1704616914 93
1704617042 67
1704617170 81
1704617298 64
1704617426 51



# Sketch: 7
1704616914 73
1704617042 80
1704617170 79
1704617298 61
1704617426 48



# Sketch: 8
1704616914 90
1704617042 66
1704617170 85
1704617298 45
1704617426 76



# Sketch: 9
1704616914 96
1704617042 81
1704617170 62
1704617298 69
1704617426 64



# Sketch: 10
1704616914 55
1704617042 42
1704617170 105
1704617298 72
1704617426 37



# Sketch: 11
1704616914 82
1704617042 63
1704617170 83
1704617298 57
1704617426 33



# Sketch: 12
1704616914 59
1704617042 74
1704617170 61
1704617298 69
1704617426 38



# Sketch: 13
1704616914 80
1704617042 82
1704617170 93
1704617298 77
1704617426 50



# Sketch: 14
1704616914 65
1704617042 72
1704617170 95
1704617298 76
1704617426 66



# Sketch: 15
1704616914 99
1704617042 85
1704617170 82
1704617298 71
1704617426 54



# Sketch: 16
1704616914 53
1704617042 74
1704617170 65
1704617298 69
1704617426 69



# Sketch: 17
1704616914 88
1704617042 59
1704617170 60
1704617298 90
1704617426 46



# Sketch: 18
1704616914 92
1704617042 54
1704617170 67
1704617298 73
1704617426 61



# Sketch: 19
1704616914 66
1704617042 87
1704617170 91
1704617298 60
1704617426 45



# Sketch: 20
1704616914 90
1704617042 124
1704617170 79
1704617298 88
1704617426 49



# Sketch: 21
1704616914 45
1704617042 73
1704617170 67
1704617298 51
1704617426 54



# Sketch: 22
1704616914 98
1704617042 77
1704617170 37
1704617298 74
1704617426 79



# Sketch: 23
1704616914 59
1704617042 85
1704617170 55
1704617298 48
1704617426 71



# Sketch: 24
1704616914 87
1704617042 85
1704617170 89
1704617298 63
1704617426 38



# Sketch: 25
1704616914 83
1704617042 78
1704617170 43
1704617298 59
1704617426 44



# Sketch: 26
1704616914 77
1704617042 95
1704617170 88
1704617298 66
1704617426 48



# Sketch: 27
1704616914 68
1704617042 63
1704617170 108
1704617298 59
1704617426 48



# Sketch: 28
1704616914 89
1704617042 80
1704617170 58
1704617298 52
1704617426 36



# Sketch: 29
1704616914 77
1704617042 62
1704617170 90
1704617298 79
1704617426 36



# Sketch: 30
1704616914 106
1704617042 57
1704617170 112
1704617298 74
1704617426 49



# Sketch: 31
1704616914 60
1704617042 115
1704617170 85
1704617298 86
1704617426 44

