

# Sketch: 0
1704616914 8
1704616946 24
1704616978 9
1704617010 12
1704617042 8
1704617074 13
1704617106 13
1704617138 17
1704617170 19
1704617202 12
1704617234 8
1704617266 12
1704617298 21
1704617330 8
1704617362 13
1704617394 10
1704617426 19
1704617458 15
1704617490 14



# Sketch: 1
1704616914 14
1704616946 20
1704616978 19
1704617010 9
1704617042 10
1704617074 51
1704617106 19
1704617138 11
1704617170 21
1704617202 31
1704617234 14
1704617266 14
1704617298 9
1704617330 23
1704617362 16
1704617394 24
1704617426 24
1704617458 31
1704617490 4



# Sketch: 2
1704616914 16
1704616946 38
1704616978 19
1704617010 18
1704617042 22
1704617074 15
1704617106 26
1704617138 13
1704617170 23
1704617202 13
1704617234 17
1704617266 15
1704617298 11
1704617330 20
1704617362 12
1704617394 23
1704617426 22
1704617458 19
1704617490 15



# Sketch: 3
1704616914 14
1704616946 17
1704616978 10
1704617010 7
1704617042 18
1704617074 12
1704617106 13
1704617138 18
1704617170 24
1704617202 30
1704617234 15
1704617266 15
1704617298 11
1704617330 19
1704617362 20
1704617394 20
1704617426 10
1704617458 10
1704617490 5



# Sketch: 4
1704616914 21
1704616946 14
1704616978 33
1704617010 53
1704617042 30
1704617074 13
1704617106 8
1704617138 14
1704617170 21
1704617202 7
1704617234 13
1704617266 12
1704617298 14
1704617330 15
1704617362 20
1704617394 24
1704617426 10
1704617458 20
1704617490 18



# Sketch: 5
1704616914 22
1704616946 18
1704616978 8
1704617010 49
1704617042 8
1704617074 18
1704617106 19
1704617138 16
1704617170 29
1704617202 12
1704617234 23
1704617266 10
1704617298 15
1704617330 11
1704617362 7
1704617394 21
1704617426 28
1704617458 16
1704617490 10



# Sketch: 6
1704616914 12
1704616946 40
1704616978 13
1704617010 14
1704617042 10
1704617074 20
1704617106 29
1704617138 7
1704617170 15
1704617202 16
1704617234 17
1704617266 24
1704617298 13
1704617330 14
1704617362 19
1704617394 12
1704617426 31
1704617458 10
1704617490 13



# Sketch: 7
1704616914 22
1704616946 27
1704616978 11
1704617010 44
1704617042 23
1704617074 29
1704617106 15
1704617138 19
1704617170 22
1704617202 17
1704617234 31
1704617266 22
1704617298 30
1704617330 25
1704617362 10
1704617394 25
1704617426 23
1704617458 17
1704617490 6



# Sketch: 8
1704616914 17
1704616946 28
1704616978 26
1704617010 21
1704617042 31
1704617074 15
1704617106 13
1704617138 20
1704617170 35
1704617202 26
1704617234 23
1704617266 31
1704617298 14
1704617330 26
1704617362 12
1704617394 10
1704617426 20
1704617458 7
1704617490 1



# Sketch: 9
1704616914 17
1704616946 23
1704616978 21
1704617010 34
1704617042 46
1704617074 19
1704617106 14
1704617138 15
1704617170 18
1704617202 15
1704617234 11
1704617266 20
1704617298 30
1704617330 21
1704617362 16
1704617394 25
1704617426 24
1704617458 6
1704617490 21



# Sketch: 10
1704616914 36
1704616946 15
1704616978 15
1704617010 17
1704617042 10
1704617074 21
1704617106 24
1704617138 15
1704617170 25
1704617202 20
1704617234 10
1704617266 34
1704617298 17
1704617330 9
1704617362 11
1704617394 16
1704617426 20
1704617458 29
1704617490 14



# Sketch: 11
1704616914 11
1704616946 11
1704616978 7
1704617010 9
1704617042 32
1704617074 21
1704617106 17
1704617138 8
1704617170 20
1704617202 11
1704617234 9
1704617266 18
1704617298 15
1704617330 15
1704617362 15
1704617394 6
1704617426 16
1704617458 23
1704617490 20



# Sketch: 12
1704616914 14
1704616946 14
1704616978 28
1704617010 43
1704617042 26
1704617074 23
1704617106 11
1704617138 26
1704617170 13
1704617202 23
1704617234 26
1704617266 19
1704617298 16
1704617330 29
1704617362 7
1704617394 21
1704617426 53
1704617458 13
1704617490 11



# Sketch: 13
1704616914 24
1704616946 25
1704616978 16
1704617010 19
1704617042 16
1704617074 21
1704617106 12
1704617138 30
1704617170 28
1704617202 17
1704617234 12
1704617266 27
1704617298 11
1704617330 7
1704617362 17
1704617394 16
1704617426 19
1704617458 20
1704617490 7



# Sketch: 14
1704616914 26
1704616946 11
1704616978 13
1704617010 35
1704617042 15
1704617074 19
1704617106 5
1704617138 16
1704617170 25
1704617202 15
1704617234 11
1704617266 26
1704617298 22
1704617330 8
1704617362 19
1704617394 28
1704617426 31
1704617458 11
1704617490 9



# Sketch: 15
1704616914 25
1704616946 21
1704616978 25
1704617010 47
1704617042 29
1704617074 20
1704617106 23
1704617138 25
1704617170 39
1704617202 37
1704617234 27
1704617266 21
1704617298 22
1704617330 26
1704617362 16
1704617394 37
1704617426 22
1704617458 25
1704617490 11



# Sketch: 16
1704616914 17
1704616946 13
1704616978 11
1704617010 14
1704617042 34
1704617074 22
1704617106 20
1704617138 12
1704617170 18
1704617202 25
1704617234 18
1704617266 9
1704617298 20
1704617330 12
1704617362 25
1704617394 9
1704617426 12
1704617458 12
1704617490 7



# Sketch: 17
1704616914 11
1704616946 6
1704616978 13
1704617010 15
1704617042 29
1704617074 10
1704617106 14
1704617138 11
1704617170 13
1704617202 9
1704617234 15
1704617266 27
1704617298 17
1704617330 9
1704617362 10
1704617394 22
1704617426 22
1704617458 26
1704617490 15



# Sketch: 18
1704616914 22
1704616946 18
1704616978 15
1704617010 11
1704617042 15
1704617074 19
1704617106 23
1704617138 15
1704617170 20
1704617202 17
1704617234 30
1704617266 22
1704617298 14
1704617330 8
1704617362 24
1704617394 15
1704617426 21
1704617458 15
1704617490 6



# Sketch: 19
1704616914 18
1704616946 25
1704616978 28
1704617010 11
1704617042 37
1704617074 27
1704617106 10
1704617138 16
1704617170 10
1704617202 20
1704617234 10
1704617266 28
1704617298 23
1704617330 23
1704617362 9
1704617394 25
1704617426 20
1704617458 19
1704617490 8



# Sketch: 20
1704616914 36
1704616946 13
1704616978 9
1704617010 24
1704617042 21
1704617074 32
1704617106 13
1704617138 20
1704617170 20
1704617202 30
1704617234 20
1704617266 20
1704617298 9
1704617330 7
1704617362 25
1704617394 35
1704617426 23
1704617458 6
1704617490 28



# Sketch: 21
1704616914 26
1704616946 22
1704616978 26
1704617010 33
1704617042 16
1704617074 28
1704617106 9
1704617138 28
1704617170 22
1704617202 14
1704617234 5
1704617266 50
1704617298 13
1704617330 8
1704617362 20
1704617394 23
1704617426 23
1704617458 21
1704617490 8



# Sketch: 22
1704616914 28
1704616946 12
1704616978 25
1704617010 15
1704617042 13
1704617074 16
1704617106 42
1704617138 27
1704617170 88
1704617202 46
1704617234 28
1704617266 30
1704617298 12
1704617330 20
1704617362 30
1704617394 17
1704617426 29
1704617458 28
1704617490 16



# Sketch: 23
1704616914 14
1704616946 9
1704616978 18
1704617010 8
1704617042 8
1704617074 11
1704617106 18
1704617138 5
1704617170 26
1704617202 33
1704617234 17
1704617266 19
1704617298 15
1704617330 18
1704617362 19
1704617394 9
1704617426 13
1704617458 8
1704617490 17



# Sketch: 24
1704616914 14
1704616946 15
1704616978 17
1704617010 11
1704617042 19
1704617074 31
1704617106 17
1704617138 23
1704617170 30
1704617202 21
1704617234 10
1704617266 13
1704617298 17
1704617330 15
1704617362 23
1704617394 17
1704617426 25
1704617458 17
1704617490 18



# Sketch: 25
1704616914 14
1704616946 18
1704616978 7
1704617010 15
1704617042 6
1704617074 21
1704617106 29
1704617138 9
1704617170 13
1704617202 6
1704617234 10
1704617266 11
1704617298 10
1704617330 20
1704617362 21
1704617394 30
1704617426 23
1704617458 13
1704617490 14



# Sketch: 26
1704616914 22
1704616946 33
1704616978 19
1704617010 14
1704617042 22
1704617074 13
1704617106 20
1704617138 29
1704617170 63
1704617202 19
1704617234 6
1704617266 19
1704617298 17
1704617330 15
1704617362 9
1704617394 18
1704617426 23
1704617458 19
1704617490 23



# Sketch: 27
1704616914 14
1704616946 11
1704616978 23
1704617010 34
1704617042 11
1704617074 29
1704617106 27
1704617138 42
1704617170 30
1704617202 43
1704617234 25
1704617266 7
1704617298 12
1704617330 29
1704617362 20
1704617394 28
1704617426 9
1704617458 33
1704617490 21



# Sketch: 28
1704616914 16
1704616946 27
1704616978 22
1704617010 11
1704617042 37
1704617074 34
1704617106 25
1704617138 11
1704617170 10
1704617202 30
1704617234 12
1704617266 12
1704617298 25
1704617330 17
1704617362 27
1704617394 19
1704617426 12
1704617458 7
1704617490 18



# Sketch: 29
1704616914 13
1704616946 24
1704616978 21
1704617010 19
1704617042 11
1704617074 14
1704617106 18
1704617138 14
1704617170 11
1704617202 13
1704617234 14
1704617266 22
1704617298 26
1704617330 9
1704617362 21
1704617394 12
1704617426 10
1704617458 16
1704617490 12



# Sketch: 30
1704616914 18
1704616946 36
1704616978 37
1704617010 15
1704617042 22
1704617074 32
1704617106 12
1704617138 16
1704617170 26
1704617202 32
1704617234 21
1704617266 14
1704617298 10
1704617330 10
1704617362 25
1704617394 32
1704617426 28
1704617458 42
1704617490 16



# Sketch: 31
1704616914 16
1704616946 17
1704616978 15
1704617010 20
1704617042 20
1704617074 24
1704617106 15
1704617138 22
1704617170 16
1704617202 18
1704617234 17
1704617266 19
1704617298 12
1704617330 21
1704617362 14
1704617394 19
1704617426 26
1704617458 27
1704617490 17

