

# Sketch: 0
1704616914 93
1704617042 80
1704617170 84
1704617298 70
1704617426 53



# Sketch: 1
1704616914 41
1704617042 67
1704617170 58
1704617298 46
1704617426 46



# Sketch: 2
1704616914 89
1704617042 65
1704617170 63
1704617298 71
1704617426 48



# Sketch: 3
1704616914 61
1704617042 124
1704617170 74
1704617298 51
1704617426 43



# Sketch: 4
1704616914 54
1704617042 56
1704617170 165
1704617298 76
1704617426 55



# Sketch: 5
1704616914 49
1704617042 66
1704617170 78
1704617298 53
1704617426 34



# Sketch: 6
1704616914 59
1704617042 73
1704617170 73
1704617298 69
1704617426 53



# Sketch: 7
1704616914 90
1704617042 70
1704617170 95
1704617298 60
1704617426 57



# Sketch: 8
1704616914 47
1704617042 55
1704617170 71
1704617298 58
1704617426 63



# Sketch: 9
1704616914 87
1704617042 69
1704617170 78
1704617298 94
1704617426 48



# Sketch: 10
1704616914 76
1704617042 72
1704617170 113
1704617298 111
1704617426 45



# Sketch: 11
1704616914 92
1704617042 87
1704617170 74
1704617298 69
1704617426 72



# Sketch: 12
1704616914 92
1704617042 94
1704617170 74
1704617298 61
1704617426 43



# Sketch: 13
1704616914 88
1704617042 105
1704617170 96
1704617298 89
1704617426 53



# Sketch: 14
1704616914 83
1704617042 115
1704617170 120
1704617298 122
1704617426 89



# Sketch: 15
1704616914 73
1704617042 64
1704617170 81
1704617298 62
1704617426 48



# Sketch: 16
1704616914 121
1704617042 79
1704617170 80
1704617298 88
1704617426 62



# Sketch: 17
1704616914 83
1704617042 81
1704617170 79
1704617298 66
1704617426 45



# Sketch: 18
1704616914 73
1704617042 97
1704617170 58
1704617298 69
1704617426 74



# Sketch: 19
1704616914 75
1704617042 72
1704617170 137
1704617298 60
1704617426 74



# Sketch: 20
1704616914 75
1704617042 62
1704617170 42
1704617298 73
1704617426 49



# Sketch: 21
1704616914 81
1704617042 79
1704617170 114
1704617298 91
1704617426 39



# Sketch: 22
1704616914 60
1704617042 70
1704617170 57
1704617298 66
1704617426 33



# Sketch: 23
1704616914 86
1704617042 70
1704617170 61
1704617298 59
1704617426 35



# Sketch: 24
1704616914 60
1704617042 71
1704617170 46
1704617298 62
1704617426 74



# Sketch: 25
1704616914 129
1704617042 74
1704617170 59
1704617298 61
1704617426 42



# Sketch: 26
1704616914 111
1704617042 74
1704617170 78
1704617298 68
1704617426 37



# Sketch: 27
1704616914 78
1704617042 61
1704617170 79
1704617298 56
1704617426 50



# Sketch: 28
1704616914 77
1704617042 83
1704617170 70
1704617298 76
1704617426 60



# Sketch: 29
1704616914 66
1704617042 74
1704617170 65
1704617298 58
1704617426 50



# Sketch: 30
1704616914 66
1704617042 53
1704617170 60
1704617298 39
1704617426 40



# Sketch: 31
1704616914 108
1704617042 129
1704617170 156
1704617298 86
1704617426 81

