

# Sketch: 0
1704616914 13
1704616946 12
1704616978 9
1704617010 15
1704617042 17
1704617074 16
1704617106 9
1704617138 12
1704617170 16
1704617202 15
1704617234 23
1704617266 7
1704617298 14
1704617330 10
1704617362 12
1704617394 14
1704617426 17
1704617458 9
1704617490 3



# Sketch: 1
1704616914 23
1704616946 22
1704616978 28
1704617010 19
1704617042 20
1704617074 16
1704617106 31
1704617138 22
1704617170 79
1704617202 46
1704617234 23
1704617266 23
1704617298 10
1704617330 22
1704617362 29
1704617394 19
1704617426 13
1704617458 29
1704617490 17



# Sketch: 2
1704616914 24
1704616946 15
1704616978 22
1704617010 24
1704617042 15
1704617074 20
1704617106 18
1704617138 22
1704617170 31
1704617202 21
1704617234 22
1704617266 15
1704617298 9
1704617330 11
1704617362 23
1704617394 19
1704617426 18
1704617458 8
1704617490 22



# Sketch: 3
1704616914 13
1704616946 18
1704616978 20
1704617010 14
1704617042 17
1704617074 20
1704617106 22
1704617138 23
1704617170 9
1704617202 13
1704617234 13
1704617266 21
1704617298 9
1704617330 16
1704617362 12
1704617394 11
1704617426 9
1704617458 7
1704617490 15



# Sketch: 4
1704616914 55
1704616946 23
1704616978 11
1704617010 37
1704617042 16
1704617074 23
1704617106 9
1704617138 12
1704617170 34
1704617202 4
1704617234 20
1704617266 40
1704617298 18
1704617330 12
1704617362 16
1704617394 15
1704617426 19
1704617458 15
1704617490 16



# Sketch: 5
1704616914 14
1704616946 28
1704616978 24
1704617010 21
1704617042 19
1704617074 25
1704617106 46
1704617138 32
1704617170 29
1704617202 40
1704617234 31
1704617266 15
1704617298 11
1704617330 24
1704617362 24
1704617394 17
1704617426 25
1704617458 25
1704617490 14



# Sketch: 6
1704616914 20
1704616946 10
1704616978 18
1704617010 9
1704617042 19
1704617074 17
1704617106 12
1704617138 20
1704617170 18
1704617202 19
1704617234 18
1704617266 27
1704617298 5
1704617330 12
1704617362 12
1704617394 25
1704617426 19
1704617458 15
1704617490 9



# Sketch: 7
1704616914 16
1704616946 19
1704616978 24
1704617010 26
1704617042 26
1704617074 39
1704617106 12
1704617138 7
1704617170 20
1704617202 24
1704617234 16
1704617266 34
1704617298 14
1704617330 8
1704617362 15
1704617394 15
1704617426 28
1704617458 20
1704617490 14



# Sketch: 8
1704616914 15
1704616946 16
1704616978 13
1704617010 17
1704617042 13
1704617074 20
1704617106 8
1704617138 23
1704617170 14
1704617202 33
1704617234 21
1704617266 19
1704617298 10
1704617330 16
1704617362 12
1704617394 10
1704617426 16
1704617458 4
1704617490 7



# Sketch: 9
1704616914 15
1704616946 18
1704616978 14
1704617010 18
1704617042 16
1704617074 27
1704617106 19
1704617138 13
1704617170 16
1704617202 20
1704617234 21
1704617266 23
1704617298 14
1704617330 17
1704617362 17
1704617394 20
1704617426 38
1704617458 23
1704617490 6



# Sketch: 10
1704616914 19
1704616946 21
1704616978 18
1704617010 19
1704617042 12
1704617074 21
1704617106 21
1704617138 15
1704617170 28
1704617202 30
1704617234 14
1704617266 16
1704617298 19
1704617330 10
1704617362 19
1704617394 14
1704617426 22
1704617458 30
1704617490 3



# Sketch: 11
1704616914 16
1704616946 12
1704616978 9
1704617010 30
1704617042 27
1704617074 22
1704617106 16
1704617138 23
1704617170 13
1704617202 12
1704617234 18
1704617266 16
1704617298 19
1704617330 10
1704617362 20
1704617394 21
1704617426 21
1704617458 6
1704617490 16



# Sketch: 12
1704616914 14
1704616946 21
1704616978 12
1704617010 24
1704617042 36
1704617074 22
1704617106 17
1704617138 26
1704617170 17
1704617202 11
1704617234 21
1704617266 12
1704617298 23
1704617330 24
1704617362 19
1704617394 39
1704617426 23
1704617458 29
1704617490 5



# Sketch: 13
1704616914 15
1704616946 6
1704616978 20
1704617010 11
1704617042 6
1704617074 20
1704617106 11
1704617138 17
1704617170 10
1704617202 26
1704617234 14
1704617266 16
1704617298 25
1704617330 24
1704617362 13
1704617394 36
1704617426 15
1704617458 13
1704617490 13



# Sketch: 14
1704616914 11
1704616946 18
1704616978 23
1704617010 29
1704617042 41
1704617074 33
1704617106 5
1704617138 14
1704617170 31
1704617202 18
1704617234 11
1704617266 31
1704617298 30
1704617330 17
1704617362 19
1704617394 20
1704617426 48
1704617458 12
1704617490 16



# Sketch: 15
1704616914 10
1704616946 20
1704616978 12
1704617010 24
1704617042 7
1704617074 18
1704617106 11
1704617138 16
1704617170 19
1704617202 29
1704617234 6
1704617266 13
1704617298 11
1704617330 16
1704617362 11
1704617394 1
1704617426 18
1704617458 17
1704617490 12



# Sketch: 16
1704616914 7
1704616946 14
1704616978 22
1704617010 46
1704617042 27
1704617074 17
1704617106 17
1704617138 17
1704617170 24
1704617202 16
1704617234 17
1704617266 19
1704617298 17
1704617330 13
1704617362 13
1704617394 17
1704617426 27
1704617458 19
1704617490 4



# Sketch: 17
1704616914 25
1704616946 21
1704616978 34
1704617010 37
1704617042 30
1704617074 10
1704617106 14
1704617138 12
1704617170 19
1704617202 15
1704617234 7
1704617266 27
1704617298 15
1704617330 20
1704617362 25
1704617394 33
1704617426 34
1704617458 18
1704617490 8



# Sketch: 18
1704616914 15
1704616946 22
1704616978 19
1704617010 13
1704617042 37
1704617074 22
1704617106 17
1704617138 12
1704617170 15
1704617202 31
1704617234 13
1704617266 6
1704617298 14
1704617330 15
1704617362 16
1704617394 31
1704617426 22
1704617458 17
1704617490 16



# Sketch: 19
1704616914 17
1704616946 32
1704616978 17
1704617010 7
1704617042 22
1704617074 16
1704617106 14
1704617138 22
1704617170 50
1704617202 17
1704617234 14
1704617266 30
1704617298 24
1704617330 15
1704617362 14
1704617394 29
1704617426 27
1704617458 18
1704617490 16



# Sketch: 20
1704616914 19
1704616946 11
1704616978 40
1704617010 28
1704617042 12
1704617074 17
1704617106 37
1704617138 24
1704617170 34
1704617202 44
1704617234 23
1704617266 22
1704617298 11
1704617330 25
1704617362 14
1704617394 14
1704617426 22
1704617458 31
1704617490 37



# Sketch: 21
1704616914 40
1704616946 24
1704616978 10
1704617010 19
1704617042 25
1704617074 24
1704617106 22
1704617138 8
1704617170 31
1704617202 24
1704617234 24
1704617266 16
1704617298 22
1704617330 6
1704617362 22
1704617394 18
1704617426 28
1704617458 29
1704617490 14



# Sketch: 22
1704616914 11
1704616946 12
1704616978 8
1704617010 12
1704617042 10
1704617074 15
1704617106 15
1704617138 32
1704617170 16
1704617202 13
1704617234 3
1704617266 11
1704617298 17
1704617330 11
1704617362 12
1704617394 9
1704617426 7
1704617458 16
1704617490 8



# Sketch: 23
1704616914 22
1704616946 17
1704616978 14
1704617010 19
1704617042 31
1704617074 26
1704617106 19
1704617138 28
1704617170 37
1704617202 22
1704617234 10
1704617266 25
1704617298 34
1704617330 14
1704617362 16
1704617394 15
1704617426 38
1704617458 8
1704617490 9



# Sketch: 24
1704616914 14
1704616946 12
1704616978 9
1704617010 47
1704617042 20
1704617074 21
1704617106 18
1704617138 10
1704617170 22
1704617202 12
1704617234 26
1704617266 48
1704617298 12
1704617330 32
1704617362 21
1704617394 27
1704617426 33
1704617458 30
1704617490 19



# Sketch: 25
1704616914 22
1704616946 28
1704616978 17
1704617010 11
1704617042 11
1704617074 19
1704617106 21
1704617138 21
1704617170 34
1704617202 11
1704617234 4
1704617266 17
1704617298 7
1704617330 25
1704617362 23
1704617394 11
1704617426 13
1704617458 20
1704617490 6



# Sketch: 26
1704616914 16
1704616946 36
1704616978 18
1704617010 32
1704617042 5
1704617074 22
1704617106 23
1704617138 23
1704617170 20
1704617202 13
1704617234 13
1704617266 10
1704617298 23
1704617330 13
1704617362 10
1704617394 12
1704617426 10
1704617458 16
1704617490 18



# Sketch: 27
1704616914 22
1704616946 14
1704616978 28
1704617010 16
1704617042 9
1704617074 16
1704617106 27
1704617138 15
1704617170 12
1704617202 33
1704617234 12
1704617266 18
1704617298 21
1704617330 21
1704617362 22
1704617394 39
1704617426 13
1704617458 23
1704617490 14



# Sketch: 28
1704616914 31
1704616946 29
1704616978 17
1704617010 23
1704617042 27
1704617074 16
1704617106 8
1704617138 18
1704617170 10
1704617202 12
1704617234 19
1704617266 21
1704617298 9
1704617330 20
1704617362 20
1704617394 18
1704617426 23
1704617458 12
1704617490 8



# Sketch: 29
1704616914 22
1704616946 24
1704616978 15
1704617010 28
1704617042 20
1704617074 49
1704617106 16
1704617138 15
1704617170 62
1704617202 25
1704617234 9
1704617266 19
1704617298 19
1704617330 3
1704617362 23
1704617394 19
1704617426 13
1704617458 25
1704617490 28



# Sketch: 30
1704616914 15
1704616946 45
1704616978 16
1704617010 15
1704617042 54
1704617074 23
1704617106 20
1704617138 8
1704617170 10
1704617202 6
1704617234 22
1704617266 10
1704617298 27
1704617330 20
1704617362 9
1704617394 37
1704617426 23
1704617458 28
1704617490 11



# Sketch: 31
1704616914 7
1704616946 25
1704616978 18
1704617010 11
1704617042 8
1704617074 21
1704617106 18
1704617138 8
1704617170 13
1704617202 23
1704617234 17
1704617266 15
1704617298 10
1704617330 15
1704617362 19
1704617394 23
1704617426 9
1704617458 9
1704617490 19

