

# Sketch: 0
0 0.86999
1 0.73517
2 0.708361
3 0.648867
4 0.630883
5 0.479076
6 0.457476
7 0.649373



# Sketch: 1
0 1.60674
1 1.43764
2 0.984099
3 0.745275
4 0.833002
5 0.690083
6 0.578933
7 0.343142



# Sketch: 2
0 0.549632
1 0.515909
2 0.48226
3 0.471146
4 0.538872
5 0.836632
6 0.911421
7 0.668319



# Sketch: 3
0 0.236117
1 0.297043
2 0.266423
3 0.294889
4 0.342922
5 0.425397
6 0.940751
7 1.26592



# Sketch: 4
0 0.742668
1 0.651199
2 0.801738
3 0.766859
4 0.799191
5 0.440572
6 0.411203
7 0.397092



# Sketch: 5
0 0.426302
1 0.422064
2 0.400825
3 0.427694
4 0.562566
5 0.571948
6 0.506
7 0.472601



# Sketch: 6
0 0.484061
1 0.485669
2 0.486076
3 0.567637
4 0.946895
5 0.396036
6 0.270349
7 0.630393



# Sketch: 7
0 0.982489
1 1.15565
2 0.872976
3 0.868575
4 0.881541
5 0.498787
6 0.268033
7 0.584779



# Sketch: 8
0 0.527379
1 0.644058
2 0.559873
3 0.570252
4 0.472693
5 0.522703
6 0.584213
7 0.373442



# Sketch: 9
0 2.03651
1 1.76585
2 1.44555
3 1.23729
4 0.938151
5 1.0358
6 0.93642
7 0.586899



# Sketch: 10
0 0.610551
1 0.564508
2 0.543848
3 0.630252
4 0.609395
5 0.535933
6 0.598633
7 0.391423



# Sketch: 11
0 0.492866
1 0.323679
2 0.297625
3 0.1455
4 0.191614
5 0.219361
6 0.68343
7 0.530118



# Sketch: 12
0 0.62075
1 0.65228
2 0.642511
3 0.625769
4 0.652282
5 0.572595
6 0.649325
7 0.474161



# Sketch: 13
0 0.409905
1 0.421689
2 0.417845
3 0.769623
4 0.466131
5 0.478731
6 0.61238
7 0.526036



# Sketch: 14
0 0.157375
1 0.241414
2 0.394115
3 0.412505
4 0.174087
5 0.268822
6 0.22352
7 0.998554



# Sketch: 15
0 1.54942
1 1.30266
2 1.09715
3 1.09767
4 1.3315
5 2.07544
6 0.360733
7 0.263771



# Sketch: 16
0 0.332915
1 0.345194
2 0.351531
3 0.401088
4 0.387663
5 0.418075
6 0.578651
7 0.871153



# Sketch: 17
0 0.597358
1 0.676326
2 0.660067
3 0.647419
4 0.612989
5 0.541922
6 0.424547
7 1.02344



# Sketch: 18
0 1.41667
1 1.48062
2 1.03717
3 0.796573
4 0.919807
5 0.793441
6 0.260658
7 0.427137



# Sketch: 19
0 0.430187
1 0.449911
2 0.424936
3 0.429974
4 0.49017
5 0.486661
6 0.489542
7 0.633882



# Sketch: 20
0 0.345629
1 0.340639
2 0.344177
3 0.363023
4 0.481681
5 0.424088
6 1.08374
7 0.704123



# Sketch: 21
0 0.520486
1 0.480984
2 0.372049
3 0.296872
4 0.185652
5 0.245178
6 0.275829
7 0.610848



# Sketch: 22
0 0.39392
1 0.262358
2 0.139916
3 0.132722
4 0.183592
5 0.409224
6 0.700397
7 1.10311



# Sketch: 23
0 0.509614
1 0.609379
2 0.584463
3 0.524142
4 0.543158
5 0.496994
6 0.623
7 0.571515



# Sketch: 24
0 0.629846
1 0.635177
2 0.675043
3 0.655678
4 0.609275
5 0.551805
6 0.403031
7 0.623324



# Sketch: 25
0 0.635792
1 0.682427
2 0.903026
3 1.39099
4 1.44286
5 2.00288
6 1.35891
7 1.63268



# Sketch: 26
0 0.679252
1 0.726138
2 0.649773
3 0.353783
4 0.793101
5 0.512765
6 0.430861
7 0.643479



# Sketch: 27
0 0.376935
1 0.426515
2 0.640813
3 0.399552
4 0.337174
5 0.611093
6 0.735666
7 0.540536



# Sketch: 28
0 0.478598
1 0.487682
2 0.533899
3 0.59391
4 0.603885
5 0.547842
6 0.535322
7 0.53646



# Sketch: 29
0 1.01568
1 1.12494
2 0.868947
3 0.85295
4 0.964722
5 0.835132
6 1.09612
7 1.1716



# Sketch: 30
0 0.332992
1 0.349011
2 0.350438
3 0.54398
4 0.506459
5 0.692426
6 2.60704
7 0.88683



# Sketch: 31
0 0.275636
1 0.282215
2 0.311769
3 0.350206
4 0.395526
5 0.414875
6 0.490659
7 2.09954

