

# Sketch: 0
1704617514 4
1704617522 7
1704617530 4
1704617538 10
1704617546 6
1704617554 3
1704617562 9
1704617570 1
1704617578 2
1704617586 1
1704617594 5
1704617602 0
1704617610 1
1704617618 9
1704617626 4
1704617634 2
1704617642 3
1704617650 4
1704617658 3
1704617666 4
1704617674 2
1704617682 4
1704617690 1
1704617698 4
1704617706 3
1704617714 6
1704617722 8
1704617730 4
1704617738 8
1704617746 14
1704617754 0
1704617762 4
1704617770 12
1704617778 7
1704617786 3
1704617794 3
1704617802 5
1704617810 4
1704617818 0
1704617826 2
1704617834 6
1704617842 1
1704617850 0
1704617858 5
1704617866 10
1704617874 2
1704617882 10
1704617890 6
1704617898 10
1704617906 4
1704617914 2
1704617922 7
1704617930 4
1704617938 4
1704617946 6
1704617954 6
1704617962 4
1704617970 4
1704617978 5
1704617986 3
1704617994 2
1704618002 7
1704618010 20
1704618018 5
1704618026 4
1704618034 5
1704618042 3
1704618050 2
1704618058 6
1704618066 3
1704618074 3
1704618082 16
1704618090 8
1704618098 4
1704618106 2



# Sketch: 1
1704617514 2
1704617522 7
1704617530 3
1704617538 4
1704617546 6
1704617554 0
1704617562 6
1704617570 9
1704617578 3
1704617586 4
1704617594 3
1704617602 4
1704617610 13
1704617618 4
1704617626 2
1704617634 6
1704617642 1
1704617650 6
1704617658 4
1704617666 9
1704617674 1
1704617682 2
1704617690 2
1704617698 1
1704617706 1
1704617714 2
1704617722 4
1704617730 5
1704617738 5
1704617746 2
1704617754 4
1704617762 2
1704617770 1
1704617778 4
1704617786 1
1704617794 6
1704617802 4
1704617810 9
1704617818 7
1704617826 4
1704617834 2
1704617842 9
1704617850 3
1704617858 0
1704617866 2
1704617874 1
1704617882 1
1704617890 8
1704617898 10
1704617906 2
1704617914 3
1704617922 2
1704617930 7
1704617938 2
1704617946 5
1704617954 1
1704617962 5
1704617970 3
1704617978 3
1704617986 0
1704617994 3
1704618002 7
1704618010 2
1704618018 4
1704618026 3
1704618034 5
1704618042 1
1704618050 5
1704618058 11
1704618066 1
1704618074 5
1704618082 8
1704618090 7
1704618098 2
1704618106 6



# Sketch: 2
1704617514 9
1704617522 5
1704617530 5
1704617538 6
1704617546 2
1704617554 5
1704617562 2
1704617570 7
1704617578 0
1704617586 9
1704617594 10
1704617602 3
1704617610 5
1704617618 5
1704617626 2
1704617634 7
1704617642 2
1704617650 4
1704617658 2
1704617666 2
1704617674 3
1704617682 2
1704617690 5
1704617698 10
1704617706 13
1704617714 9
1704617722 7
1704617730 10
1704617738 4
1704617746 3
1704617754 4
1704617762 0
1704617770 3
1704617778 0
1704617786 3
1704617794 4
1704617802 2
1704617810 3
1704617818 3
1704617826 12
1704617834 10
1704617842 2
1704617850 9
1704617858 2
1704617866 5
1704617874 2
1704617882 7
1704617890 2
1704617898 3
1704617906 3
1704617914 2
1704617922 2
1704617930 6
1704617938 9
1704617946 9
1704617954 4
1704617962 10
1704617970 13
1704617978 5
1704617986 11
1704617994 15
1704618002 4
1704618010 8
1704618018 5
1704618026 1
1704618034 6
1704618042 1
1704618050 3
1704618058 8
1704618066 17
1704618074 5
1704618082 5
1704618090 9
1704618098 0
1704618106 8



# Sketch: 3
1704617514 1
1704617522 3
1704617530 2
1704617538 1
1704617546 6
1704617554 5
1704617562 10
1704617570 1
1704617578 2
1704617586 2
1704617594 9
1704617602 12
1704617610 9
1704617618 11
1704617626 9
1704617634 1
1704617642 22
1704617650 2
1704617658 0
1704617666 0
1704617674 8
1704617682 0
1704617690 6
1704617698 4
1704617706 9
1704617714 1
1704617722 8
1704617730 2
1704617738 2
1704617746 4
1704617754 2
1704617762 3
1704617770 5
1704617778 1
1704617786 2
1704617794 4
1704617802 3
1704617810 1
1704617818 0
1704617826 3
1704617834 1
1704617842 3
1704617850 3
1704617858 4
1704617866 6
1704617874 0
1704617882 5
1704617890 1
1704617898 3
1704617906 4
1704617914 2
1704617922 2
1704617930 10
1704617938 6
1704617946 3
1704617954 2
1704617962 1
1704617970 1
1704617978 4
1704617986 5
1704617994 4
1704618002 6
1704618010 2
1704618018 14
1704618026 6
1704618034 4
1704618042 10
1704618050 10
1704618058 6
1704618066 3
1704618074 0
1704618082 2
1704618090 2
1704618098 2
1704618106 3



# Sketch: 4
1704617514 0
1704617522 5
1704617530 3
1704617538 1
1704617546 4
1704617554 6
1704617562 5
1704617570 2
1704617578 1
1704617586 2
1704617594 4
1704617602 2
1704617610 1
1704617618 10
1704617626 4
1704617634 8
1704617642 1
1704617650 5
1704617658 2
1704617666 3
1704617674 5
1704617682 3
1704617690 3
1704617698 9
1704617706 2
1704617714 8
1704617722 3
1704617730 1
1704617738 2
1704617746 1
1704617754 4
1704617762 4
1704617770 4
1704617778 0
1704617786 2
1704617794 6
1704617802 4
1704617810 4
1704617818 11
1704617826 1
1704617834 13
1704617842 17
1704617850 3
1704617858 7
1704617866 6
1704617874 1
1704617882 5
1704617890 1
1704617898 2
1704617906 10
1704617914 4
1704617922 3
1704617930 8
1704617938 5
1704617946 2
1704617954 8
1704617962 6
1704617970 1
1704617978 3
1704617986 6
1704617994 4
1704618002 5
1704618010 3
1704618018 6
1704618026 4
1704618034 3
1704618042 2
1704618050 5
1704618058 11
1704618066 6
1704618074 1
1704618082 3
1704618090 0
1704618098 3
1704618106 8



# Sketch: 5
1704617514 1
1704617522 0
1704617530 3
1704617538 3
1704617546 1
1704617554 3
1704617562 1
1704617570 3
1704617578 2
1704617586 10
1704617594 3
1704617602 9
1704617610 3
1704617618 12
1704617626 10
1704617634 1
1704617642 4
1704617650 3
1704617658 1
1704617666 11
1704617674 2
1704617682 1
1704617690 4
1704617698 4
1704617706 7
1704617714 1
1704617722 1
1704617730 3
1704617738 8
1704617746 3
1704617754 4
1704617762 5
1704617770 3
1704617778 4
1704617786 5
1704617794 8
1704617802 3
1704617810 3
1704617818 13
1704617826 6
1704617834 29
1704617842 4
1704617850 5
1704617858 1
1704617866 4
1704617874 0
1704617882 2
1704617890 0
1704617898 17
1704617906 14
1704617914 3
1704617922 3
1704617930 8
1704617938 3
1704617946 3
1704617954 6
1704617962 2
1704617970 7
1704617978 2
1704617986 1
1704617994 4
1704618002 1
1704618010 1
1704618018 5
1704618026 1
1704618034 1
1704618042 4
1704618050 3
1704618058 2
1704618066 4
1704618074 2
1704618082 3
1704618090 5
1704618098 1
1704618106 2



# Sketch: 6
1704617514 2
1704617522 3
1704617530 4
1704617538 0
1704617546 3
1704617554 6
1704617562 2
1704617570 1
1704617578 5
1704617586 4
1704617594 4
1704617602 10
1704617610 5
1704617618 9
1704617626 1
1704617634 3
1704617642 4
1704617650 7
1704617658 4
1704617666 3
1704617674 2
1704617682 0
1704617690 3
1704617698 7
1704617706 5
1704617714 1
1704617722 1
1704617730 3
1704617738 2
1704617746 2
1704617754 0
1704617762 7
1704617770 5
1704617778 2
1704617786 1
1704617794 1
1704617802 1
1704617810 3
1704617818 3
1704617826 3
1704617834 5
1704617842 2
1704617850 5
1704617858 1
1704617866 3
1704617874 0
1704617882 5
1704617890 11
1704617898 3
1704617906 13
1704617914 4
1704617922 2
1704617930 3
1704617938 0
1704617946 1
1704617954 4
1704617962 3
1704617970 2
1704617978 3
1704617986 1
1704617994 7
1704618002 5
1704618010 3
1704618018 1
1704618026 5
1704618034 3
1704618042 1
1704618050 7
1704618058 3
1704618066 4
1704618074 8
1704618082 4
1704618090 5
1704618098 4
1704618106 3



# Sketch: 7
1704617514 2
1704617522 2
1704617530 9
1704617538 0
1704617546 3
1704617554 5
1704617562 1
1704617570 30
1704617578 16
1704617586 0
1704617594 2
1704617602 4
1704617610 9
1704617618 8
1704617626 10
1704617634 5
1704617642 2
1704617650 2
1704617658 4
1704617666 1
1704617674 2
1704617682 3
1704617690 8
1704617698 16
1704617706 1
1704617714 5
1704617722 1
1704617730 9
1704617738 6
1704617746 6
1704617754 0
1704617762 4
1704617770 1
1704617778 1
1704617786 3
1704617794 4
1704617802 8
1704617810 11
1704617818 10
1704617826 3
1704617834 1
1704617842 3
1704617850 0
1704617858 6
1704617866 4
1704617874 1
1704617882 1
1704617890 0
1704617898 3
1704617906 4
1704617914 0
1704617922 8
1704617930 2
1704617938 2
1704617946 2
1704617954 3
1704617962 1
1704617970 5
1704617978 7
1704617986 3
1704617994 2
1704618002 4
1704618010 6
1704618018 9
1704618026 4
1704618034 12
1704618042 5
1704618050 5
1704618058 6
1704618066 3
1704618074 24
1704618082 5
1704618090 7
1704618098 2
1704618106 4



# Sketch: 8
1704617514 4
1704617522 3
1704617530 0
1704617538 6
1704617546 4
1704617554 5
1704617562 1
1704617570 0
1704617578 7
1704617586 4
1704617594 4
1704617602 2
1704617610 8
1704617618 16
1704617626 8
1704617634 6
1704617642 1
1704617650 2
1704617658 7
1704617666 1
1704617674 5
1704617682 4
1704617690 6
1704617698 6
1704617706 2
1704617714 25
1704617722 5
1704617730 6
1704617738 4
1704617746 6
1704617754 3
1704617762 3
1704617770 4
1704617778 2
1704617786 6
1704617794 5
1704617802 5
1704617810 9
1704617818 3
1704617826 2
1704617834 5
1704617842 2
1704617850 3
1704617858 3
1704617866 3
1704617874 2
1704617882 5
1704617890 4
1704617898 1
1704617906 10
1704617914 10
1704617922 3
1704617930 8
1704617938 5
1704617946 2
1704617954 1
1704617962 6
1704617970 1
1704617978 5
1704617986 6
1704617994 3
1704618002 7
1704618010 3
1704618018 2
1704618026 4
1704618034 2
1704618042 9
1704618050 4
1704618058 4
1704618066 4
1704618074 3
1704618082 1
1704618090 2
1704618098 5
1704618106 4



# Sketch: 9
1704617514 2
1704617522 3
1704617530 4
1704617538 0
1704617546 7
1704617554 3
1704617562 1
1704617570 2
1704617578 2
1704617586 3
1704617594 4
1704617602 2
1704617610 2
1704617618 7
1704617626 7
1704617634 3
1704617642 4
1704617650 4
1704617658 6
1704617666 2
1704617674 4
1704617682 5
1704617690 3
1704617698 12
1704617706 6
1704617714 4
1704617722 1
1704617730 11
1704617738 4
1704617746 4
1704617754 8
1704617762 1
1704617770 4
1704617778 2
1704617786 6
1704617794 8
1704617802 0
1704617810 1
1704617818 3
1704617826 5
1704617834 1
1704617842 1
1704617850 4
1704617858 2
1704617866 5
1704617874 0
1704617882 2
1704617890 4
1704617898 4
1704617906 13
1704617914 2
1704617922 9
1704617930 14
1704617938 2
1704617946 0
1704617954 2
1704617962 4
1704617970 7
1704617978 7
1704617986 8
1704617994 2
1704618002 10
1704618010 8
1704618018 7
1704618026 4
1704618034 11
1704618042 1
1704618050 4
1704618058 3
1704618066 3
1704618074 2
1704618082 3
1704618090 7
1704618098 2
1704618106 2



# Sketch: 10
1704617514 5
1704617522 7
1704617530 5
1704617538 5
1704617546 4
1704617554 4
1704617562 7
1704617570 9
1704617578 4
1704617586 8
1704617594 5
1704617602 6
1704617610 13
1704617618 6
1704617626 4
1704617634 6
1704617642 3
1704617650 0
1704617658 1
1704617666 5
1704617674 1
1704617682 2
1704617690 5
1704617698 7
1704617706 10
1704617714 11
1704617722 5
1704617730 21
1704617738 5
1704617746 6
1704617754 7
1704617762 8
1704617770 0
1704617778 3
1704617786 6
1704617794 4
1704617802 8
1704617810 2
1704617818 8
1704617826 8
1704617834 7
1704617842 4
1704617850 9
1704617858 5
1704617866 2
1704617874 4
1704617882 4
1704617890 11
1704617898 13
1704617906 1
1704617914 3
1704617922 7
1704617930 5
1704617938 8
1704617946 18
1704617954 7
1704617962 6
1704617970 13
1704617978 15
1704617986 3
1704617994 10
1704618002 6
1704618010 3
1704618018 9
1704618026 3
1704618034 1
1704618042 3
1704618050 8
1704618058 7
1704618066 8
1704618074 7
1704618082 8
1704618090 9
1704618098 4
1704618106 5



# Sketch: 11
1704617514 3
1704617522 6
1704617530 11
1704617538 4
1704617546 3
1704617554 8
1704617562 1
1704617570 2
1704617578 4
1704617586 3
1704617594 7
1704617602 4
1704617610 4
1704617618 6
1704617626 7
1704617634 5
1704617642 3
1704617650 1
1704617658 4
1704617666 2
1704617674 7
1704617682 3
1704617690 6
1704617698 13
1704617706 5
1704617714 3
1704617722 6
1704617730 5
1704617738 6
1704617746 4
1704617754 2
1704617762 6
1704617770 4
1704617778 0
1704617786 3
1704617794 6
1704617802 3
1704617810 1
1704617818 3
1704617826 1
1704617834 1
1704617842 1
1704617850 4
1704617858 5
1704617866 3
1704617874 6
1704617882 2
1704617890 4
1704617898 3
1704617906 4
1704617914 9
1704617922 6
1704617930 15
1704617938 14
1704617946 3
1704617954 4
1704617962 2
1704617970 4
1704617978 8
1704617986 2
1704617994 1
1704618002 12
1704618010 2
1704618018 23
1704618026 4
1704618034 3
1704618042 2
1704618050 5
1704618058 2
1704618066 4
1704618074 9
1704618082 3
1704618090 32
1704618098 11
1704618106 10



# Sketch: 12
1704617514 1
1704617522 2
1704617530 10
1704617538 3
1704617546 2
1704617554 1
1704617562 8
1704617570 3
1704617578 3
1704617586 7
1704617594 8
1704617602 3
1704617610 2
1704617618 2
1704617626 4
1704617634 2
1704617642 5
1704617650 7
1704617658 1
1704617666 6
1704617674 2
1704617682 8
1704617690 3
1704617698 19
1704617706 6
1704617714 5
1704617722 6
1704617730 2
1704617738 2
1704617746 1
1704617754 2
1704617762 1
1704617770 3
1704617778 1
1704617786 5
1704617794 3
1704617802 0
1704617810 2
1704617818 2
1704617826 0
1704617834 2
1704617842 1
1704617850 4
1704617858 6
1704617866 7
1704617874 3
1704617882 3
1704617890 2
1704617898 16
1704617906 11
1704617914 2
1704617922 3
1704617930 0
1704617938 2
1704617946 11
1704617954 3
1704617962 9
1704617970 3
1704617978 4
1704617986 11
1704617994 8
1704618002 2
1704618010 5
1704618018 1
1704618026 2
1704618034 6
1704618042 1
1704618050 3
1704618058 2
1704618066 22
1704618074 11
1704618082 0
1704618090 0
1704618098 1
1704618106 3



# Sketch: 13
1704617514 3
1704617522 4
1704617530 2
1704617538 3
1704617546 2
1704617554 1
1704617562 2
1704617570 8
1704617578 7
1704617586 0
1704617594 3
1704617602 12
1704617610 5
1704617618 9
1704617626 6
1704617634 0
1704617642 1
1704617650 3
1704617658 2
1704617666 5
1704617674 2
1704617682 6
1704617690 0
1704617698 8
1704617706 2
1704617714 8
1704617722 4
1704617730 3
1704617738 2
1704617746 16
1704617754 2
1704617762 4
1704617770 1
1704617778 5
1704617786 0
1704617794 5
1704617802 4
1704617810 7
1704617818 3
1704617826 7
1704617834 3
1704617842 6
1704617850 4
1704617858 9
1704617866 2
1704617874 1
1704617882 1
1704617890 6
1704617898 2
1704617906 8
1704617914 3
1704617922 2
1704617930 11
1704617938 4
1704617946 4
1704617954 1
1704617962 2
1704617970 4
1704617978 7
1704617986 6
1704617994 2
1704618002 1
1704618010 5
1704618018 3
1704618026 7
1704618034 10
1704618042 4
1704618050 5
1704618058 7
1704618066 21
1704618074 4
1704618082 5
1704618090 10
1704618098 3
1704618106 1



# Sketch: 14
1704617514 5
1704617522 2
1704617530 8
1704617538 4
1704617546 5
1704617554 4
1704617562 2
1704617570 2
1704617578 1
1704617586 1
1704617594 1
1704617602 2
1704617610 5
1704617618 9
1704617626 8
1704617634 11
1704617642 0
1704617650 4
1704617658 4
1704617666 3
1704617674 2
1704617682 7
1704617690 4
1704617698 4
1704617706 3
1704617714 3
1704617722 5
1704617730 2
1704617738 2
1704617746 2
1704617754 3
1704617762 12
1704617770 3
1704617778 7
1704617786 6
1704617794 2
1704617802 8
1704617810 1
1704617818 0
1704617826 3
1704617834 2
1704617842 9
1704617850 5
1704617858 7
1704617866 6
1704617874 1
1704617882 6
1704617890 7
1704617898 12
1704617906 5
1704617914 9
1704617922 9
1704617930 5
1704617938 6
1704617946 17
1704617954 5
1704617962 3
1704617970 3
1704617978 4
1704617986 4
1704617994 8
1704618002 15
1704618010 1
1704618018 8
1704618026 8
1704618034 6
1704618042 3
1704618050 5
1704618058 13
1704618066 4
1704618074 10
1704618082 1
1704618090 5
1704618098 1
1704618106 2



# Sketch: 15
1704617514 3
1704617522 5
1704617530 2
1704617538 2
1704617546 3
1704617554 3
1704617562 0
1704617570 5
1704617578 1
1704617586 1
1704617594 0
1704617602 1
1704617610 3
1704617618 7
1704617626 4
1704617634 12
1704617642 4
1704617650 3
1704617658 3
1704617666 4
1704617674 6
1704617682 5
1704617690 3
1704617698 6
1704617706 8
1704617714 6
1704617722 4
1704617730 2
1704617738 4
1704617746 2
1704617754 1
1704617762 4
1704617770 5
1704617778 2
1704617786 3
1704617794 6
1704617802 5
1704617810 4
1704617818 2
1704617826 3
1704617834 2
1704617842 13
1704617850 4
1704617858 7
1704617866 6
1704617874 0
1704617882 11
1704617890 3
1704617898 1
1704617906 7
1704617914 10
1704617922 3
1704617930 13
1704617938 0
1704617946 1
1704617954 3
1704617962 1
1704617970 4
1704617978 2
1704617986 5
1704617994 7
1704618002 5
1704618010 7
1704618018 3
1704618026 7
1704618034 6
1704618042 5
1704618050 7
1704618058 1
1704618066 1
1704618074 5
1704618082 0
1704618090 5
1704618098 5
1704618106 5



# Sketch: 16
1704617514 3
1704617522 13
1704617530 6
1704617538 7
1704617546 2
1704617554 3
1704617562 7
1704617570 8
1704617578 7
1704617586 0
1704617594 1
1704617602 1
1704617610 8
1704617618 10
1704617626 3
1704617634 7
1704617642 4
1704617650 4
1704617658 12
1704617666 5
1704617674 4
1704617682 0
1704617690 3
1704617698 10
1704617706 4
1704617714 6
1704617722 5
1704617730 3
1704617738 2
1704617746 6
1704617754 1
1704617762 2
1704617770 10
1704617778 7
1704617786 2
1704617794 6
1704617802 3
1704617810 2
1704617818 2
1704617826 4
1704617834 6
1704617842 4
1704617850 3
1704617858 0
1704617866 1
1704617874 0
1704617882 7
1704617890 4
1704617898 7
1704617906 5
1704617914 3
1704617922 7
1704617930 5
1704617938 2
1704617946 8
1704617954 0
1704617962 8
1704617970 4
1704617978 1
1704617986 4
1704617994 8
1704618002 6
1704618010 5
1704618018 4
1704618026 5
1704618034 1
1704618042 6
1704618050 3
1704618058 6
1704618066 7
1704618074 6
1704618082 4
1704618090 6
1704618098 6
1704618106 1



# Sketch: 17
1704617514 10
1704617522 5
1704617530 4
1704617538 3
1704617546 1
1704617554 5
1704617562 6
1704617570 5
1704617578 4
1704617586 4
1704617594 9
1704617602 8
1704617610 1
1704617618 5
1704617626 3
1704617634 2
1704617642 4
1704617650 1
1704617658 16
1704617666 1
1704617674 2
1704617682 5
1704617690 2
1704617698 7
1704617706 4
1704617714 4
1704617722 5
1704617730 3
1704617738 2
1704617746 6
1704617754 0
1704617762 1
1704617770 7
1704617778 6
1704617786 2
1704617794 1
1704617802 3
1704617810 6
1704617818 12
1704617826 3
1704617834 2
1704617842 5
1704617850 5
1704617858 6
1704617866 3
1704617874 3
1704617882 5
1704617890 2
1704617898 0
1704617906 6
1704617914 6
1704617922 9
1704617930 6
1704617938 3
1704617946 7
1704617954 3
1704617962 12
1704617970 0
1704617978 5
1704617986 12
1704617994 3
1704618002 6
1704618010 8
1704618018 30
1704618026 7
1704618034 3
1704618042 3
1704618050 3
1704618058 2
1704618066 1
1704618074 1
1704618082 4
1704618090 3
1704618098 1
1704618106 3



# Sketch: 18
1704617514 3
1704617522 2
1704617530 1
1704617538 2
1704617546 3
1704617554 9
1704617562 2
1704617570 8
1704617578 1
1704617586 7
1704617594 5
1704617602 5
1704617610 9
1704617618 3
1704617626 18
1704617634 4
1704617642 6
1704617650 6
1704617658 3
1704617666 5
1704617674 0
1704617682 1
1704617690 3
1704617698 11
1704617706 4
1704617714 5
1704617722 7
1704617730 2
1704617738 3
1704617746 2
1704617754 1
1704617762 7
1704617770 3
1704617778 2
1704617786 0
1704617794 2
1704617802 2
1704617810 0
1704617818 6
1704617826 0
1704617834 2
1704617842 1
1704617850 2
1704617858 2
1704617866 1
1704617874 1
1704617882 7
1704617890 2
1704617898 5
1704617906 5
1704617914 5
1704617922 9
1704617930 9
1704617938 11
1704617946 4
1704617954 1
1704617962 1
1704617970 6
1704617978 1
1704617986 2
1704617994 3
1704618002 9
1704618010 6
1704618018 4
1704618026 2
1704618034 0
1704618042 3
1704618050 0
1704618058 3
1704618066 1
1704618074 3
1704618082 3
1704618090 3
1704618098 4
1704618106 0



# Sketch: 19
1704617514 2
1704617522 6
1704617530 2
1704617538 6
1704617546 1
1704617554 9
1704617562 1
1704617570 5
1704617578 4
1704617586 3
1704617594 9
1704617602 6
1704617610 8
1704617618 6
1704617626 4
1704617634 4
1704617642 5
1704617650 3
1704617658 3
1704617666 2
1704617674 3
1704617682 4
1704617690 61
1704617698 6
1704617706 4
1704617714 2
1704617722 9
1704617730 1
1704617738 5
1704617746 2
1704617754 4
1704617762 3
1704617770 2
1704617778 6
1704617786 1
1704617794 2
1704617802 1
1704617810 10
1704617818 1
1704617826 14
1704617834 2
1704617842 4
1704617850 5
1704617858 0
1704617866 2
1704617874 1
1704617882 1
1704617890 7
1704617898 15
1704617906 9
1704617914 2
1704617922 9
1704617930 14
1704617938 7
1704617946 1
1704617954 8
1704617962 6
1704617970 5
1704617978 3
1704617986 6
1704617994 7
1704618002 2
1704618010 3
1704618018 5
1704618026 7
1704618034 3
1704618042 1
1704618050 5
1704618058 5
1704618066 3
1704618074 2
1704618082 2
1704618090 2
1704618098 5
1704618106 3



# Sketch: 20
1704617514 2
1704617522 4
1704617530 7
1704617538 1
1704617546 0
1704617554 3
1704617562 3
1704617570 3
1704617578 4
1704617586 9
1704617594 3
1704617602 4
1704617610 3
1704617618 14
1704617626 6
1704617634 8
1704617642 3
1704617650 1
1704617658 2
1704617666 3
1704617674 6
1704617682 10
1704617690 14
1704617698 6
1704617706 3
1704617714 11
1704617722 6
1704617730 3
1704617738 2
1704617746 7
1704617754 4
1704617762 5
1704617770 2
1704617778 0
1704617786 5
1704617794 10
1704617802 3
1704617810 2
1704617818 3
1704617826 1
1704617834 3
1704617842 7
1704617850 2
1704617858 8
1704617866 5
1704617874 2
1704617882 9
1704617890 2
1704617898 5
1704617906 1
1704617914 3
1704617922 6
1704617930 4
1704617938 5
1704617946 1
1704617954 10
1704617962 4
1704617970 3
1704617978 4
1704617986 10
1704617994 1
1704618002 3
1704618010 4
1704618018 5
1704618026 2
1704618034 2
1704618042 0
1704618050 2
1704618058 4
1704618066 2
1704618074 8
1704618082 8
1704618090 3
1704618098 1
1704618106 5



# Sketch: 21
1704617514 5
1704617522 5
1704617530 3
1704617538 1
1704617546 5
1704617554 7
1704617562 4
1704617570 3
1704617578 0
1704617586 8
1704617594 1
1704617602 5
1704617610 1
1704617618 3
1704617626 19
1704617634 0
1704617642 1
1704617650 2
1704617658 5
1704617666 3
1704617674 3
1704617682 2
1704617690 2
1704617698 13
1704617706 1
1704617714 2
1704617722 3
1704617730 5
1704617738 6
1704617746 2
1704617754 1
1704617762 1
1704617770 4
1704617778 7
1704617786 4
1704617794 2
1704617802 8
1704617810 6
1704617818 3
1704617826 0
1704617834 2
1704617842 6
1704617850 3
1704617858 3
1704617866 2
1704617874 1
1704617882 3
1704617890 1
1704617898 4
1704617906 5
1704617914 5
1704617922 3
1704617930 3
1704617938 4
1704617946 9
1704617954 3
1704617962 6
1704617970 1
1704617978 5
1704617986 1
1704617994 8
1704618002 8
1704618010 2
1704618018 6
1704618026 6
1704618034 2
1704618042 3
1704618050 3
1704618058 3
1704618066 8
1704618074 3
1704618082 4
1704618090 7
1704618098 3
1704618106 8



# Sketch: 22
1704617514 2
1704617522 3
1704617530 7
1704617538 3
1704617546 6
1704617554 5
1704617562 3
1704617570 6
1704617578 3
1704617586 11
1704617594 1
1704617602 3
1704617610 23
1704617618 17
1704617626 12
1704617634 13
1704617642 8
1704617650 7
1704617658 1
1704617666 5
1704617674 4
1704617682 3
1704617690 5
1704617698 17
1704617706 7
1704617714 8
1704617722 6
1704617730 3
1704617738 3
1704617746 3
1704617754 2
1704617762 6
1704617770 4
1704617778 4
1704617786 6
1704617794 9
1704617802 2
1704617810 7
1704617818 4
1704617826 4
1704617834 2
1704617842 3
1704617850 4
1704617858 3
1704617866 15
1704617874 4
1704617882 6
1704617890 9
1704617898 3
1704617906 3
1704617914 6
1704617922 5
1704617930 10
1704617938 2
1704617946 2
1704617954 3
1704617962 2
1704617970 6
1704617978 6
1704617986 4
1704617994 6
1704618002 7
1704618010 7
1704618018 3
1704618026 6
1704618034 4
1704618042 2
1704618050 4
1704618058 0
1704618066 8
1704618074 15
1704618082 4
1704618090 1
1704618098 4
1704618106 3



# Sketch: 23
1704617514 0
1704617522 1
1704617530 2
1704617538 6
1704617546 3
1704617554 5
1704617562 2
1704617570 3
1704617578 12
1704617586 3
1704617594 3
1704617602 2
1704617610 5
1704617618 4
1704617626 5
1704617634 0
1704617642 5
1704617650 3
1704617658 2
1704617666 2
1704617674 2
1704617682 2
1704617690 2
1704617698 6
1704617706 2
1704617714 11
1704617722 3
1704617730 4
1704617738 7
1704617746 9
1704617754 2
1704617762 8
1704617770 2
1704617778 4
1704617786 5
1704617794 5
1704617802 3
1704617810 2
1704617818 3
1704617826 8
1704617834 0
1704617842 6
1704617850 4
1704617858 4
1704617866 1
1704617874 8
1704617882 6
1704617890 5
1704617898 3
1704617906 1
1704617914 0
1704617922 3
1704617930 8
1704617938 2
1704617946 2
1704617954 1
1704617962 8
1704617970 1
1704617978 3
1704617986 5
1704617994 1
1704618002 4
1704618010 13
1704618018 9
1704618026 10
1704618034 6
1704618042 3
1704618050 2
1704618058 6
1704618066 6
1704618074 3
1704618082 0
1704618090 4
1704618098 3
1704618106 0



# Sketch: 24
1704617514 5
1704617522 3
1704617530 3
1704617538 1
1704617546 5
1704617554 4
1704617562 0
1704617570 7
1704617578 20
1704617586 8
1704617594 8
1704617602 3
1704617610 13
1704617618 2
1704617626 5
1704617634 3
1704617642 8
1704617650 6
1704617658 6
1704617666 0
1704617674 1
1704617682 2
1704617690 2
1704617698 16
1704617706 14
1704617714 9
1704617722 17
1704617730 9
1704617738 6
1704617746 2
1704617754 6
1704617762 4
1704617770 3
1704617778 1
1704617786 7
1704617794 9
1704617802 5
1704617810 5
1704617818 4
1704617826 13
1704617834 10
1704617842 2
1704617850 7
1704617858 6
1704617866 1
1704617874 3
1704617882 8
1704617890 7
1704617898 5
1704617906 4
1704617914 4
1704617922 2
1704617930 0
1704617938 5
1704617946 15
1704617954 9
1704617962 3
1704617970 11
1704617978 8
1704617986 4
1704617994 25
1704618002 21
1704618010 3
1704618018 11
1704618026 6
1704618034 5
1704618042 1
1704618050 4
1704618058 7
1704618066 14
1704618074 5
1704618082 1
1704618090 3
1704618098 4
1704618106 5



# Sketch: 25
1704617514 9
1704617522 4
1704617530 9
1704617538 3
1704617546 0
1704617554 5
1704617562 8
1704617570 6
1704617578 2
1704617586 2
1704617594 1
1704617602 9
1704617610 7
1704617618 7
1704617626 9
1704617634 7
1704617642 13
1704617650 4
1704617658 3
1704617666 5
1704617674 2
1704617682 1
1704617690 4
1704617698 22
1704617706 4
1704617714 6
1704617722 7
1704617730 7
1704617738 3
1704617746 4
1704617754 7
1704617762 7
1704617770 13
1704617778 5
1704617786 1
1704617794 0
1704617802 4
1704617810 6
1704617818 5
1704617826 4
1704617834 6
1704617842 13
1704617850 1
1704617858 5
1704617866 3
1704617874 14
1704617882 6
1704617890 4
1704617898 4
1704617906 3
1704617914 11
1704617922 14
1704617930 7
1704617938 9
1704617946 3
1704617954 5
1704617962 6
1704617970 1
1704617978 4
1704617986 9
1704617994 3
1704618002 9
1704618010 5
1704618018 3
1704618026 9
1704618034 5
1704618042 9
1704618050 7
1704618058 9
1704618066 4
1704618074 4
1704618082 2
1704618090 3
1704618098 3
1704618106 4



# Sketch: 26
1704617514 2
1704617522 12
1704617530 4
1704617538 9
1704617546 9
1704617554 8
1704617562 5
1704617570 17
1704617578 4
1704617586 1
1704617594 2
1704617602 12
1704617610 10
1704617618 4
1704617626 5
1704617634 9
1704617642 6
1704617650 13
1704617658 11
1704617666 0
1704617674 6
1704617682 5
1704617690 3
1704617698 8
1704617706 7
1704617714 5
1704617722 4
1704617730 4
1704617738 2
1704617746 5
1704617754 3
1704617762 9
1704617770 7
1704617778 1
1704617786 5
1704617794 8
1704617802 4
1704617810 6
1704617818 1
1704617826 13
1704617834 4
1704617842 9
1704617850 4
1704617858 0
1704617866 4
1704617874 3
1704617882 6
1704617890 5
1704617898 6
1704617906 8
1704617914 10
1704617922 4
1704617930 12
1704617938 9
1704617946 5
1704617954 6
1704617962 3
1704617970 6
1704617978 4
1704617986 6
1704617994 2
1704618002 6
1704618010 21
1704618018 5
1704618026 11
1704618034 6
1704618042 2
1704618050 2
1704618058 7
1704618066 6
1704618074 8
1704618082 2
1704618090 4
1704618098 4
1704618106 6



# Sketch: 27
1704617514 1
1704617522 4
1704617530 3
1704617538 5
1704617546 3
1704617554 10
1704617562 2
1704617570 2
1704617578 4
1704617586 8
1704617594 7
1704617602 6
1704617610 4
1704617618 4
1704617626 9
1704617634 4
1704617642 2
1704617650 7
1704617658 3
1704617666 7
1704617674 4
1704617682 2
1704617690 3
1704617698 8
1704617706 16
1704617714 13
1704617722 5
1704617730 9
1704617738 4
1704617746 3
1704617754 10
1704617762 15
1704617770 0
1704617778 2
1704617786 4
1704617794 8
1704617802 7
1704617810 3
1704617818 2
1704617826 0
1704617834 4
1704617842 1
1704617850 4
1704617858 6
1704617866 4
1704617874 2
1704617882 6
1704617890 5
1704617898 9
1704617906 6
1704617914 4
1704617922 2
1704617930 5
1704617938 3
1704617946 2
1704617954 9
1704617962 1
1704617970 4
1704617978 7
1704617986 4
1704617994 4
1704618002 11
1704618010 8
1704618018 7
1704618026 1
1704618034 4
1704618042 2
1704618050 4
1704618058 6
1704618066 2
1704618074 5
1704618082 4
1704618090 4
1704618098 3
1704618106 3



# Sketch: 28
1704617514 1
1704617522 3
1704617530 0
1704617538 3
1704617546 0
1704617554 2
1704617562 4
1704617570 7
1704617578 3
1704617586 3
1704617594 3
1704617602 7
1704617610 1
1704617618 8
1704617626 5
1704617634 2
1704617642 3
1704617650 9
1704617658 0
1704617666 1
1704617674 2
1704617682 2
1704617690 3
1704617698 7
1704617706 3
1704617714 4
1704617722 3
1704617730 0
1704617738 4
1704617746 1
1704617754 0
1704617762 7
1704617770 6
1704617778 2
1704617786 1
1704617794 8
1704617802 3
1704617810 0
1704617818 2
1704617826 6
1704617834 1
1704617842 3
1704617850 6
1704617858 5
1704617866 5
1704617874 2
1704617882 1
1704617890 3
1704617898 2
1704617906 2
1704617914 5
1704617922 0
1704617930 4
1704617938 3
1704617946 2
1704617954 2
1704617962 5
1704617970 2
1704617978 1
1704617986 0
1704617994 6
1704618002 3
1704618010 0
1704618018 5
1704618026 2
1704618034 0
1704618042 5
1704618050 1
1704618058 2
1704618066 3
1704618074 7
1704618082 3
1704618090 5
1704618098 1
1704618106 3



# Sketch: 29
1704617514 13
1704617522 3
1704617530 1
1704617538 0
1704617546 0
1704617554 10
1704617562 6
1704617570 2
1704617578 1
1704617586 4
1704617594 3
1704617602 4
1704617610 2
1704617618 11
1704617626 6
1704617634 2
1704617642 3
1704617650 3
1704617658 1
1704617666 3
1704617674 0
1704617682 5
1704617690 2
1704617698 17
1704617706 2
1704617714 5
1704617722 1
1704617730 2
1704617738 2
1704617746 3
1704617754 0
1704617762 4
1704617770 7
1704617778 12
1704617786 9
1704617794 4
1704617802 7
1704617810 7
1704617818 4
1704617826 2
1704617834 3
1704617842 6
1704617850 1
1704617858 3
1704617866 4
1704617874 4
1704617882 7
1704617890 0
1704617898 2
1704617906 10
1704617914 4
1704617922 0
1704617930 4
1704617938 4
1704617946 3
1704617954 0
1704617962 3
1704617970 3
1704617978 2
1704617986 6
1704617994 3
1704618002 10
1704618010 5
1704618018 28
1704618026 7
1704618034 8
1704618042 2
1704618050 1
1704618058 3
1704618066 3
1704618074 1
1704618082 3
1704618090 3
1704618098 4
1704618106 3



# Sketch: 30
1704617514 4
1704617522 8
1704617530 4
1704617538 4
1704617546 5
1704617554 8
1704617562 1
1704617570 5
1704617578 10
1704617586 14
1704617594 7
1704617602 9
1704617610 2
1704617618 9
1704617626 4
1704617634 2
1704617642 4
1704617650 6
1704617658 2
1704617666 3
1704617674 12
1704617682 2
1704617690 4
1704617698 17
1704617706 2
1704617714 3
1704617722 9
1704617730 13
1704617738 3
1704617746 1
1704617754 6
1704617762 5
1704617770 3
1704617778 5
1704617786 1
1704617794 4
1704617802 6
1704617810 4
1704617818 4
1704617826 1
1704617834 12
1704617842 1
1704617850 3
1704617858 10
1704617866 8
1704617874 4
1704617882 18
1704617890 6
1704617898 10
1704617906 3
1704617914 6
1704617922 3
1704617930 3
1704617938 0
1704617946 5
1704617954 3
1704617962 5
1704617970 1
1704617978 6
1704617986 5
1704617994 4
1704618002 5
1704618010 9
1704618018 4
1704618026 6
1704618034 3
1704618042 2
1704618050 9
1704618058 4
1704618066 0
1704618074 14
1704618082 2
1704618090 5
1704618098 3
1704618106 1



# Sketch: 31
1704617514 1
1704617522 8
1704617530 3
1704617538 1
1704617546 3
1704617554 5
1704617562 0
1704617570 1
1704617578 1
1704617586 1
1704617594 4
1704617602 5
1704617610 6
1704617618 0
1704617626 6
1704617634 1
1704617642 1
1704617650 3
1704617658 1
1704617666 0
1704617674 2
1704617682 1
1704617690 9
1704617698 4
1704617706 3
1704617714 1
1704617722 5
1704617730 4
1704617738 14
1704617746 2
1704617754 2
1704617762 2
1704617770 1
1704617778 7
1704617786 0
1704617794 2
1704617802 1
1704617810 1
1704617818 1
1704617826 3
1704617834 1
1704617842 6
1704617850 11
1704617858 3
1704617866 3
1704617874 2
1704617882 5
1704617890 2
1704617898 6
1704617906 6
1704617914 6
1704617922 4
1704617930 9
1704617938 6
1704617946 5
1704617954 3
1704617962 5
1704617970 3
1704617978 1
1704617986 1
1704617994 7
1704618002 8
1704618010 4
1704618018 4
1704618026 2
1704618034 5
1704618042 0
1704618050 5
1704618058 2
1704618066 0
1704618074 0
1704618082 3
1704618090 7
1704618098 0
1704618106 2

