

# Sketch: 0
0 0.737639
1 0.74794
2 0.700216
3 0.581015
4 0.528477
5 0.333495
6 0.458531
7 0.450642



# Sketch: 1
0 0.138977
1 0.31867
2 0.262956
3 0.069469
4 0.201039
5 0.14636
6 0.241598
7 0.362004



# Sketch: 2
0 0.201395
1 0.0972029
2 0.106361
3 0.289456
4 0.316344
5 0.44855
6 0.396619
7 2.0067



# Sketch: 3
0 0.226531
1 0.253932
2 0.489596
3 0.400288
4 0.280635
5 0.237746
6 0.346302
7 0.519666



# Sketch: 4
0 0.420311
1 0.414192
2 0.0991556
3 0.286257
4 0.242616
5 0.34013
6 0.369578
7 0.988127



# Sketch: 5
0 0.0810772
1 0.325928
2 0.55785
3 0.626711
4 0.494337
5 0.553653
6 0.515622
7 0.288013



# Sketch: 6
0 0.254142
1 0.481511
2 0.66971
3 0.862867
4 0.153139
5 0.105439
6 0.378659
7 0.817556



# Sketch: 7
0 0.418946
1 0.515193
2 0.431082
3 0.488126
4 0.936202
5 0.712892
6 0.534686
7 0.636035



# Sketch: 8
0 0.309724
1 0.435432
2 0.228715
3 0.264862
4 0.309516
5 0.403253
6 0.489907
7 1.24286



# Sketch: 9
0 0.404904
1 0.534177
2 0.688031
3 0.571499
4 0.428659
5 0.29322
6 0.437736
7 0.790478



# Sketch: 10
0 1.01403
1 1.0263
2 0.843837
3 0.655857
4 0.96722
5 1.55663
6 1.54272
7 2.26112



# Sketch: 11
0 0.593693
1 0.606849
2 0.624833
3 0.633253
4 0.553886
5 0.454232
6 1.05746
7 0.611906



# Sketch: 12
0 0.775285
1 0.655634
2 0.558252
3 0.51216
4 0.48725
5 0.296607
6 0.604361
7 0.505916



# Sketch: 13
0 0.459057
1 0.390357
2 0.323491
3 0.316513
4 0.363503
5 0.262183
6 0.94557
7 0.873612



# Sketch: 14
0 0.172121
1 0.217706
2 0.102711
3 0.116641
4 0.206465
5 0.201915
6 0.289118
7 0.634113



# Sketch: 15
0 1.43886
1 1.27215
2 0.93998
3 0.811946
4 0.419589
5 0.231202
6 0.452353
7 0.480714



# Sketch: 16
0 0.683597
1 0.883208
2 0.642832
3 0.180223
4 0.22069
5 0.203657
6 0.288088
7 0.684051



# Sketch: 17
0 0.296668
1 0.331939
2 0.365936
3 0.355231
4 0.331239
5 0.284761
6 0.52643
7 0.47034



# Sketch: 18
0 0.435524
1 0.321962
2 0.446697
3 0.501188
4 0.54013
5 0.200436
6 0.322995
7 0.316423



# Sketch: 19
0 0.176906
1 0.294464
2 0.469923
3 0.306064
4 0.537864
5 0.511238
6 0.249128
7 0.347125



# Sketch: 20
0 0.585335
1 0.597401
2 0.595051
3 0.476577
4 0.563047
5 0.549372
6 0.431249
7 3.92108



# Sketch: 21
0 0.338498
1 0.495108
2 0.593389
3 0.370303
4 0.342926
5 0.933673
6 0.370727
7 0.348716



# Sketch: 22
0 1.48498
1 1.49127
2 0.900941
3 1.15875
4 0.510193
5 0.440755
6 0.499618
7 0.666428



# Sketch: 23
0 2.98335
1 2.87774
2 2.4105
3 2.07343
4 2.04932
5 1.29351
6 1.18859
7 0.905971



# Sketch: 24
0 0.712433
1 0.699194
2 0.630558
3 0.688524
4 0.744831
5 0.741219
6 0.458383
7 0.380881



# Sketch: 25
0 0.49046
1 0.46586
2 0.379129
3 0.403026
4 0.423191
5 0.552773
6 0.503911
7 0.879933



# Sketch: 26
0 1.11011
1 0.91539
2 0.892718
3 0.715862
4 1.5216
5 1.25898
6 1.36945
7 0.694362



# Sketch: 27
0 0.2006
1 0.232464
2 0.474508
3 0.219212
4 0.252004
5 0.216076
6 0.304766
7 0.50395



# Sketch: 28
0 0.263527
1 0.371774
2 0.296181
3 0.37041
4 0.234783
5 0.381018
6 0.426102
7 0.700674



# Sketch: 29
0 0.232381
1 0.130487
2 0.0818839
3 0.0702331
4 0.276575
5 0.490256
6 0.369602
7 0.409895



# Sketch: 30
0 0.622818
1 0.571687
2 0.706731
3 0.472114
4 0.52999
5 0.453307
6 0.149401
7 1.74288



# Sketch: 31
0 0.571825
1 0.597276
2 0.48824
3 0.448942
4 0.393803
5 0.469333
6 0.75783
7 0.912784

