

# Sketch: 0
1704617514 28
1704617546 16
1704617578 9
1704617610 33
1704617642 32
1704617674 17
1704617706 17
1704617738 22
1704617770 24
1704617802 13
1704617834 16
1704617866 17
1704617898 22
1704617930 16
1704617962 20
1704617994 44
1704618026 20
1704618058 18
1704618090 8



# Sketch: 1
1704617514 16
1704617546 14
1704617578 26
1704617610 22
1704617642 8
1704617674 21
1704617706 24
1704617738 10
1704617770 5
1704617802 18
1704617834 22
1704617866 9
1704617898 13
1704617930 15
1704617962 8
1704617994 28
1704618026 6
1704618058 17
1704618090 24



# Sketch: 2
1704617514 13
1704617546 19
1704617578 13
1704617610 17
1704617642 27
1704617674 14
1704617706 31
1704617738 21
1704617770 9
1704617802 8
1704617834 5
1704617866 13
1704617898 17
1704617930 14
1704617962 15
1704617994 33
1704618026 19
1704618058 21
1704618090 9



# Sketch: 3
1704617514 15
1704617546 42
1704617578 12
1704617610 19
1704617642 7
1704617674 24
1704617706 16
1704617738 10
1704617770 13
1704617802 11
1704617834 14
1704617866 13
1704617898 7
1704617930 23
1704617962 11
1704617994 16
1704618026 14
1704618058 35
1704618090 7



# Sketch: 4
1704617514 22
1704617546 21
1704617578 33
1704617610 40
1704617642 14
1704617674 82
1704617706 11
1704617738 26
1704617770 19
1704617802 27
1704617834 25
1704617866 15
1704617898 29
1704617930 21
1704617962 16
1704617994 17
1704618026 18
1704618058 22
1704618090 11



# Sketch: 5
1704617514 11
1704617546 20
1704617578 19
1704617610 12
1704617642 15
1704617674 14
1704617706 20
1704617738 23
1704617770 8
1704617802 15
1704617834 17
1704617866 12
1704617898 19
1704617930 20
1704617962 11
1704617994 19
1704618026 22
1704618058 7
1704618090 9



# Sketch: 6
1704617514 8
1704617546 16
1704617578 10
1704617610 23
1704617642 14
1704617674 30
1704617706 12
1704617738 17
1704617770 9
1704617802 21
1704617834 22
1704617866 14
1704617898 23
1704617930 22
1704617962 16
1704617994 38
1704618026 6
1704618058 16
1704618090 10



# Sketch: 7
1704617514 16
1704617546 16
1704617578 25
1704617610 24
1704617642 11
1704617674 31
1704617706 30
1704617738 20
1704617770 19
1704617802 20
1704617834 10
1704617866 19
1704617898 24
1704617930 16
1704617962 18
1704617994 25
1704618026 18
1704618058 27
1704618090 7



# Sketch: 8
1704617514 20
1704617546 16
1704617578 25
1704617610 32
1704617642 17
1704617674 13
1704617706 13
1704617738 23
1704617770 15
1704617802 17
1704617834 15
1704617866 18
1704617898 48
1704617930 16
1704617962 13
1704617994 23
1704618026 22
1704618058 7
1704618090 14



# Sketch: 9
1704617514 16
1704617546 4
1704617578 20
1704617610 12
1704617642 7
1704617674 20
1704617706 22
1704617738 18
1704617770 17
1704617802 14
1704617834 16
1704617866 15
1704617898 12
1704617930 19
1704617962 11
1704617994 32
1704618026 10
1704618058 19
1704618090 7



# Sketch: 10
1704617514 8
1704617546 10
1704617578 20
1704617610 22
1704617642 9
1704617674 25
1704617706 39
1704617738 23
1704617770 10
1704617802 17
1704617834 18
1704617866 22
1704617898 13
1704617930 31
1704617962 30
1704617994 17
1704618026 12
1704618058 42
1704618090 18



# Sketch: 11
1704617514 16
1704617546 11
1704617578 15
1704617610 18
1704617642 11
1704617674 25
1704617706 18
1704617738 13
1704617770 15
1704617802 18
1704617834 18
1704617866 13
1704617898 18
1704617930 18
1704617962 30
1704617994 19
1704618026 9
1704618058 24
1704618090 15



# Sketch: 12
1704617514 26
1704617546 11
1704617578 19
1704617610 17
1704617642 23
1704617674 7
1704617706 22
1704617738 16
1704617770 18
1704617802 19
1704617834 25
1704617866 30
1704617898 15
1704617930 12
1704617962 14
1704617994 10
1704618026 18
1704618058 30
1704618090 8



# Sketch: 13
1704617514 24
1704617546 19
1704617578 15
1704617610 33
1704617642 24
1704617674 30
1704617706 24
1704617738 19
1704617770 12
1704617802 19
1704617834 15
1704617866 29
1704617898 20
1704617930 20
1704617962 16
1704617994 21
1704618026 27
1704618058 28
1704618090 10



# Sketch: 14
1704617514 10
1704617546 27
1704617578 18
1704617610 36
1704617642 17
1704617674 12
1704617706 43
1704617738 17
1704617770 29
1704617802 23
1704617834 38
1704617866 30
1704617898 14
1704617930 46
1704617962 25
1704617994 33
1704618026 14
1704618058 24
1704618090 17



# Sketch: 15
1704617514 8
1704617546 20
1704617578 15
1704617610 12
1704617642 14
1704617674 23
1704617706 15
1704617738 18
1704617770 14
1704617802 8
1704617834 11
1704617866 13
1704617898 33
1704617930 20
1704617962 25
1704617994 10
1704618026 14
1704618058 9
1704618090 12



# Sketch: 16
1704617514 16
1704617546 14
1704617578 26
1704617610 42
1704617642 7
1704617674 20
1704617706 11
1704617738 9
1704617770 21
1704617802 9
1704617834 16
1704617866 8
1704617898 11
1704617930 21
1704617962 17
1704617994 31
1704618026 20
1704618058 26
1704618090 8



# Sketch: 17
1704617514 18
1704617546 10
1704617578 10
1704617610 23
1704617642 13
1704617674 7
1704617706 17
1704617738 14
1704617770 17
1704617802 12
1704617834 17
1704617866 26
1704617898 25
1704617930 11
1704617962 16
1704617994 19
1704618026 24
1704618058 13
1704618090 17



# Sketch: 18
1704617514 13
1704617546 8
1704617578 15
1704617610 11
1704617642 9
1704617674 15
1704617706 20
1704617738 17
1704617770 10
1704617802 24
1704617834 14
1704617866 9
1704617898 30
1704617930 10
1704617962 15
1704617994 38
1704618026 18
1704618058 22
1704618090 19



# Sketch: 19
1704617514 19
1704617546 13
1704617578 19
1704617610 42
1704617642 20
1704617674 16
1704617706 39
1704617738 13
1704617770 19
1704617802 13
1704617834 9
1704617866 9
1704617898 19
1704617930 15
1704617962 17
1704617994 29
1704618026 11
1704618058 27
1704618090 39



# Sketch: 20
1704617514 12
1704617546 23
1704617578 12
1704617610 28
1704617642 6
1704617674 11
1704617706 26
1704617738 15
1704617770 9
1704617802 8
1704617834 7
1704617866 10
1704617898 20
1704617930 35
1704617962 23
1704617994 17
1704618026 12
1704618058 20
1704618090 8



# Sketch: 21
1704617514 35
1704617546 20
1704617578 18
1704617610 25
1704617642 30
1704617674 14
1704617706 24
1704617738 21
1704617770 28
1704617802 22
1704617834 26
1704617866 16
1704617898 20
1704617930 18
1704617962 16
1704617994 13
1704618026 12
1704618058 13
1704618090 11



# Sketch: 22
1704617514 13
1704617546 14
1704617578 24
1704617610 22
1704617642 13
1704617674 9
1704617706 15
1704617738 16
1704617770 11
1704617802 18
1704617834 16
1704617866 11
1704617898 22
1704617930 17
1704617962 14
1704617994 66
1704618026 24
1704618058 10
1704618090 9



# Sketch: 23
1704617514 11
1704617546 12
1704617578 11
1704617610 22
1704617642 14
1704617674 13
1704617706 18
1704617738 8
1704617770 23
1704617802 8
1704617834 19
1704617866 12
1704617898 27
1704617930 9
1704617962 9
1704617994 38
1704618026 8
1704618058 15
1704618090 19



# Sketch: 24
1704617514 8
1704617546 26
1704617578 13
1704617610 13
1704617642 11
1704617674 31
1704617706 12
1704617738 16
1704617770 13
1704617802 13
1704617834 7
1704617866 11
1704617898 15
1704617930 15
1704617962 17
1704617994 17
1704618026 19
1704618058 19
1704618090 15



# Sketch: 25
1704617514 14
1704617546 10
1704617578 22
1704617610 10
1704617642 9
1704617674 25
1704617706 15
1704617738 13
1704617770 16
1704617802 20
1704617834 20
1704617866 22
1704617898 24
1704617930 17
1704617962 17
1704617994 32
1704618026 16
1704618058 17
1704618090 6



# Sketch: 26
1704617514 19
1704617546 25
1704617578 10
1704617610 21
1704617642 22
1704617674 39
1704617706 17
1704617738 19
1704617770 17
1704617802 14
1704617834 20
1704617866 26
1704617898 32
1704617930 13
1704617962 23
1704617994 31
1704618026 34
1704618058 19
1704618090 9



# Sketch: 27
1704617514 7
1704617546 11
1704617578 24
1704617610 24
1704617642 13
1704617674 18
1704617706 27
1704617738 9
1704617770 16
1704617802 28
1704617834 21
1704617866 28
1704617898 12
1704617930 26
1704617962 15
1704617994 15
1704618026 18
1704618058 14
1704618090 5



# Sketch: 28
1704617514 21
1704617546 13
1704617578 41
1704617610 29
1704617642 15
1704617674 26
1704617706 12
1704617738 8
1704617770 18
1704617802 11
1704617834 13
1704617866 12
1704617898 28
1704617930 16
1704617962 10
1704617994 30
1704618026 16
1704618058 10
1704618090 5



# Sketch: 29
1704617514 12
1704617546 39
1704617578 24
1704617610 56
1704617642 24
1704617674 21
1704617706 11
1704617738 13
1704617770 19
1704617802 23
1704617834 18
1704617866 15
1704617898 35
1704617930 26
1704617962 26
1704617994 22
1704618026 21
1704618058 22
1704618090 8



# Sketch: 30
1704617514 6
1704617546 16
1704617578 6
1704617610 13
1704617642 21
1704617674 24
1704617706 24
1704617738 6
1704617770 10
1704617802 5
1704617834 12
1704617866 11
1704617898 12
1704617930 16
1704617962 24
1704617994 6
1704618026 4
1704618058 10
1704618090 8



# Sketch: 31
1704617514 18
1704617546 16
1704617578 20
1704617610 30
1704617642 19
1704617674 21
1704617706 36
1704617738 24
1704617770 24
1704617802 28
1704617834 47
1704617866 11
1704617898 19
1704617930 62
1704617962 36
1704617994 19
1704618026 26
1704618058 34
1704618090 21

