

# Sketch: 0
1704617514 11
1704617546 12
1704617578 20
1704617610 16
1704617642 10
1704617674 35
1704617706 21
1704617738 14
1704617770 20
1704617802 13
1704617834 11
1704617866 19
1704617898 16
1704617930 11
1704617962 13
1704617994 27
1704618026 9
1704618058 13
1704618090 8



# Sketch: 1
1704617514 18
1704617546 11
1704617578 14
1704617610 27
1704617642 14
1704617674 22
1704617706 23
1704617738 11
1704617770 16
1704617802 11
1704617834 15
1704617866 11
1704617898 24
1704617930 12
1704617962 11
1704617994 11
1704618026 15
1704618058 20
1704618090 5



# Sketch: 2
1704617514 15
1704617546 22
1704617578 18
1704617610 27
1704617642 9
1704617674 19
1704617706 33
1704617738 26
1704617770 11
1704617802 22
1704617834 23
1704617866 18
1704617898 33
1704617930 24
1704617962 35
1704617994 28
1704618026 15
1704618058 30
1704618090 15



# Sketch: 3
1704617514 10
1704617546 16
1704617578 14
1704617610 13
1704617642 11
1704617674 28
1704617706 11
1704617738 14
1704617770 19
1704617802 27
1704617834 24
1704617866 6
1704617898 13
1704617930 12
1704617962 10
1704617994 20
1704618026 16
1704618058 11
1704618090 5



# Sketch: 4
1704617514 34
1704617546 23
1704617578 9
1704617610 49
1704617642 21
1704617674 22
1704617706 22
1704617738 18
1704617770 13
1704617802 17
1704617834 16
1704617866 10
1704617898 21
1704617930 29
1704617962 18
1704617994 17
1704618026 24
1704618058 36
1704618090 15



# Sketch: 5
1704617514 11
1704617546 19
1704617578 26
1704617610 27
1704617642 23
1704617674 8
1704617706 23
1704617738 19
1704617770 21
1704617802 17
1704617834 10
1704617866 24
1704617898 34
1704617930 25
1704617962 18
1704617994 52
1704618026 26
1704618058 27
1704618090 17



# Sketch: 6
1704617514 24
1704617546 25
1704617578 18
1704617610 21
1704617642 15
1704617674 34
1704617706 14
1704617738 21
1704617770 16
1704617802 13
1704617834 3
1704617866 26
1704617898 37
1704617930 25
1704617962 25
1704617994 30
1704618026 19
1704618058 24
1704618090 20



# Sketch: 7
1704617514 22
1704617546 19
1704617578 17
1704617610 27
1704617642 26
1704617674 26
1704617706 14
1704617738 17
1704617770 18
1704617802 18
1704617834 11
1704617866 14
1704617898 26
1704617930 20
1704617962 19
1704617994 27
1704618026 22
1704618058 22
1704618090 6



# Sketch: 8
1704617514 11
1704617546 13
1704617578 25
1704617610 30
1704617642 9
1704617674 21
1704617706 60
1704617738 14
1704617770 14
1704617802 19
1704617834 30
1704617866 18
1704617898 9
1704617930 36
1704617962 25
1704617994 18
1704618026 14
1704618058 39
1704618090 22



# Sketch: 9
1704617514 6
1704617546 16
1704617578 23
1704617610 42
1704617642 9
1704617674 15
1704617706 5
1704617738 14
1704617770 13
1704617802 15
1704617834 12
1704617866 21
1704617898 12
1704617930 26
1704617962 18
1704617994 37
1704618026 11
1704618058 11
1704618090 12



# Sketch: 10
1704617514 17
1704617546 23
1704617578 14
1704617610 21
1704617642 17
1704617674 14
1704617706 19
1704617738 15
1704617770 21
1704617802 12
1704617834 26
1704617866 16
1704617898 26
1704617930 16
1704617962 19
1704617994 31
1704618026 18
1704618058 19
1704618090 44



# Sketch: 11
1704617514 14
1704617546 13
1704617578 23
1704617610 30
1704617642 27
1704617674 14
1704617706 17
1704617738 27
1704617770 20
1704617802 14
1704617834 14
1704617866 10
1704617898 27
1704617930 20
1704617962 16
1704617994 22
1704618026 19
1704618058 16
1704618090 15



# Sketch: 12
1704617514 17
1704617546 24
1704617578 9
1704617610 21
1704617642 17
1704617674 13
1704617706 17
1704617738 18
1704617770 16
1704617802 15
1704617834 13
1704617866 34
1704617898 29
1704617930 12
1704617962 22
1704617994 26
1704618026 18
1704618058 19
1704618090 9



# Sketch: 13
1704617514 17
1704617546 11
1704617578 35
1704617610 27
1704617642 32
1704617674 17
1704617706 33
1704617738 23
1704617770 18
1704617802 34
1704617834 38
1704617866 7
1704617898 22
1704617930 29
1704617962 20
1704617994 14
1704618026 13
1704618058 23
1704618090 15



# Sketch: 14
1704617514 13
1704617546 18
1704617578 21
1704617610 30
1704617642 13
1704617674 87
1704617706 13
1704617738 14
1704617770 24
1704617802 16
1704617834 14
1704617866 15
1704617898 13
1704617930 8
1704617962 16
1704617994 28
1704618026 22
1704618058 29
1704618090 7



# Sketch: 15
1704617514 18
1704617546 12
1704617578 37
1704617610 13
1704617642 11
1704617674 29
1704617706 17
1704617738 15
1704617770 22
1704617802 11
1704617834 19
1704617866 12
1704617898 18
1704617930 22
1704617962 26
1704617994 13
1704618026 25
1704618058 23
1704618090 15



# Sketch: 16
1704617514 10
1704617546 17
1704617578 14
1704617610 19
1704617642 12
1704617674 13
1704617706 28
1704617738 17
1704617770 6
1704617802 15
1704617834 11
1704617866 16
1704617898 4
1704617930 21
1704617962 15
1704617994 14
1704618026 13
1704618058 30
1704618090 29



# Sketch: 17
1704617514 21
1704617546 10
1704617578 40
1704617610 23
1704617642 13
1704617674 18
1704617706 13
1704617738 17
1704617770 9
1704617802 17
1704617834 40
1704617866 21
1704617898 20
1704617930 15
1704617962 11
1704617994 18
1704618026 11
1704618058 20
1704618090 7



# Sketch: 18
1704617514 24
1704617546 19
1704617578 19
1704617610 27
1704617642 16
1704617674 25
1704617706 21
1704617738 17
1704617770 22
1704617802 10
1704617834 23
1704617866 16
1704617898 16
1704617930 20
1704617962 14
1704617994 36
1704618026 22
1704618058 26
1704618090 17



# Sketch: 19
1704617514 6
1704617546 20
1704617578 8
1704617610 19
1704617642 7
1704617674 10
1704617706 27
1704617738 21
1704617770 20
1704617802 15
1704617834 9
1704617866 12
1704617898 25
1704617930 18
1704617962 21
1704617994 21
1704618026 15
1704618058 28
1704618090 10



# Sketch: 20
1704617514 13
1704617546 12
1704617578 14
1704617610 24
1704617642 6
1704617674 22
1704617706 8
1704617738 11
1704617770 10
1704617802 13
1704617834 24
1704617866 20
1704617898 22
1704617930 10
1704617962 22
1704617994 38
1704618026 28
1704618058 3
1704618090 2



# Sketch: 21
1704617514 24
1704617546 15
1704617578 18
1704617610 19
1704617642 21
1704617674 24
1704617706 28
1704617738 9
1704617770 8
1704617802 12
1704617834 14
1704617866 12
1704617898 19
1704617930 35
1704617962 17
1704617994 18
1704618026 13
1704618058 10
1704618090 6



# Sketch: 22
1704617514 12
1704617546 12
1704617578 8
1704617610 14
1704617642 16
1704617674 12
1704617706 28
1704617738 11
1704617770 15
1704617802 7
1704617834 17
1704617866 14
1704617898 16
1704617930 9
1704617962 15
1704617994 9
1704618026 19
1704618058 10
1704618090 6



# Sketch: 23
1704617514 21
1704617546 40
1704617578 15
1704617610 30
1704617642 21
1704617674 20
1704617706 20
1704617738 17
1704617770 22
1704617802 21
1704617834 21
1704617866 25
1704617898 36
1704617930 32
1704617962 21
1704617994 26
1704618026 18
1704618058 18
1704618090 9



# Sketch: 24
1704617514 11
1704617546 18
1704617578 27
1704617610 11
1704617642 9
1704617674 27
1704617706 26
1704617738 8
1704617770 20
1704617802 12
1704617834 11
1704617866 9
1704617898 13
1704617930 22
1704617962 13
1704617994 12
1704618026 11
1704618058 16
1704618090 10



# Sketch: 25
1704617514 12
1704617546 17
1704617578 18
1704617610 11
1704617642 14
1704617674 25
1704617706 31
1704617738 14
1704617770 14
1704617802 20
1704617834 10
1704617866 15
1704617898 31
1704617930 34
1704617962 20
1704617994 52
1704618026 28
1704618058 22
1704618090 8



# Sketch: 26
1704617514 14
1704617546 12
1704617578 16
1704617610 26
1704617642 27
1704617674 17
1704617706 9
1704617738 21
1704617770 19
1704617802 15
1704617834 19
1704617866 15
1704617898 13
1704617930 18
1704617962 20
1704617994 19
1704618026 11
1704618058 20
1704618090 13



# Sketch: 27
1704617514 13
1704617546 30
1704617578 25
1704617610 16
1704617642 19
1704617674 21
1704617706 19
1704617738 16
1704617770 12
1704617802 24
1704617834 17
1704617866 14
1704617898 22
1704617930 35
1704617962 25
1704617994 33
1704618026 11
1704618058 21
1704618090 8



# Sketch: 28
1704617514 23
1704617546 14
1704617578 8
1704617610 55
1704617642 13
1704617674 12
1704617706 27
1704617738 25
1704617770 16
1704617802 14
1704617834 19
1704617866 6
1704617898 22
1704617930 18
1704617962 23
1704617994 46
1704618026 17
1704618058 13
1704618090 11



# Sketch: 29
1704617514 16
1704617546 19
1704617578 9
1704617610 19
1704617642 16
1704617674 12
1704617706 13
1704617738 11
1704617770 16
1704617802 35
1704617834 30
1704617866 18
1704617898 21
1704617930 26
1704617962 6
1704617994 18
1704618026 8
1704618058 12
1704618090 10



# Sketch: 30
1704617514 13
1704617546 10
1704617578 20
1704617610 25
1704617642 17
1704617674 19
1704617706 13
1704617738 15
1704617770 9
1704617802 12
1704617834 17
1704617866 22
1704617898 12
1704617930 6
1704617962 12
1704617994 20
1704618026 11
1704618058 12
1704618090 10



# Sketch: 31
1704617514 8
1704617546 10
1704617578 7
1704617610 24
1704617642 5
1704617674 17
1704617706 28
1704617738 7
1704617770 7
1704617802 8
1704617834 8
1704617866 23
1704617898 26
1704617930 10
1704617962 8
1704617994 27
1704618026 10
1704618058 14
1704618090 7

