

# Sketch: 0
1704617514 20
1704617546 19
1704617578 39
1704617610 44
1704617642 22
1704617674 16
1704617706 52
1704617738 20
1704617770 16
1704617802 30
1704617834 45
1704617866 19
1704617898 28
1704617930 30
1704617962 26
1704617994 22
1704618026 17
1704618058 40
1704618090 15



# Sketch: 1
1704617514 10
1704617546 19
1704617578 11
1704617610 15
1704617642 11
1704617674 22
1704617706 9
1704617738 14
1704617770 5
1704617802 3
1704617834 16
1704617866 12
1704617898 15
1704617930 16
1704617962 7
1704617994 18
1704618026 16
1704618058 18
1704618090 35



# Sketch: 2
1704617514 7
1704617546 4
1704617578 22
1704617610 36
1704617642 11
1704617674 19
1704617706 20
1704617738 13
1704617770 13
1704617802 4
1704617834 15
1704617866 13
1704617898 25
1704617930 13
1704617962 18
1704617994 19
1704618026 15
1704618058 17
1704618090 17



# Sketch: 3
1704617514 31
1704617546 35
1704617578 11
1704617610 24
1704617642 15
1704617674 37
1704617706 23
1704617738 38
1704617770 27
1704617802 31
1704617834 19
1704617866 20
1704617898 19
1704617930 21
1704617962 14
1704617994 12
1704618026 18
1704618058 20
1704618090 18



# Sketch: 4
1704617514 20
1704617546 22
1704617578 20
1704617610 39
1704617642 18
1704617674 20
1704617706 17
1704617738 20
1704617770 16
1704617802 6
1704617834 34
1704617866 20
1704617898 10
1704617930 13
1704617962 14
1704617994 30
1704618026 19
1704618058 12
1704618090 12



# Sketch: 5
1704617514 16
1704617546 14
1704617578 11
1704617610 15
1704617642 15
1704617674 17
1704617706 19
1704617738 14
1704617770 16
1704617802 9
1704617834 14
1704617866 11
1704617898 19
1704617930 21
1704617962 11
1704617994 27
1704618026 14
1704618058 5
1704618090 10



# Sketch: 6
1704617514 11
1704617546 21
1704617578 11
1704617610 20
1704617642 18
1704617674 21
1704617706 12
1704617738 7
1704617770 11
1704617802 13
1704617834 8
1704617866 18
1704617898 34
1704617930 15
1704617962 15
1704617994 20
1704618026 11
1704618058 13
1704618090 3



# Sketch: 7
1704617514 20
1704617546 10
1704617578 21
1704617610 34
1704617642 8
1704617674 30
1704617706 15
1704617738 9
1704617770 12
1704617802 16
1704617834 13
1704617866 46
1704617898 17
1704617930 28
1704617962 19
1704617994 23
1704618026 18
1704618058 13
1704618090 12



# Sketch: 8
1704617514 12
1704617546 10
1704617578 22
1704617610 26
1704617642 7
1704617674 18
1704617706 18
1704617738 11
1704617770 8
1704617802 20
1704617834 15
1704617866 14
1704617898 8
1704617930 19
1704617962 19
1704617994 69
1704618026 14
1704618058 10
1704618090 14



# Sketch: 9
1704617514 9
1704617546 20
1704617578 19
1704617610 18
1704617642 5
1704617674 17
1704617706 12
1704617738 14
1704617770 23
1704617802 12
1704617834 13
1704617866 21
1704617898 12
1704617930 8
1704617962 11
1704617994 16
1704618026 7
1704618058 23
1704618090 13



# Sketch: 10
1704617514 15
1704617546 9
1704617578 23
1704617610 10
1704617642 15
1704617674 18
1704617706 38
1704617738 18
1704617770 11
1704617802 5
1704617834 18
1704617866 21
1704617898 20
1704617930 23
1704617962 21
1704617994 29
1704618026 21
1704618058 17
1704618090 18



# Sketch: 11
1704617514 12
1704617546 14
1704617578 25
1704617610 25
1704617642 56
1704617674 25
1704617706 18
1704617738 15
1704617770 24
1704617802 15
1704617834 16
1704617866 19
1704617898 37
1704617930 15
1704617962 19
1704617994 34
1704618026 26
1704618058 16
1704618090 8



# Sketch: 12
1704617514 14
1704617546 7
1704617578 10
1704617610 12
1704617642 12
1704617674 8
1704617706 8
1704617738 29
1704617770 9
1704617802 18
1704617834 17
1704617866 16
1704617898 26
1704617930 34
1704617962 28
1704617994 25
1704618026 11
1704618058 14
1704618090 7



# Sketch: 13
1704617514 22
1704617546 6
1704617578 13
1704617610 37
1704617642 12
1704617674 27
1704617706 19
1704617738 13
1704617770 13
1704617802 27
1704617834 11
1704617866 7
1704617898 22
1704617930 22
1704617962 15
1704617994 22
1704618026 10
1704618058 23
1704618090 6



# Sketch: 14
1704617514 15
1704617546 8
1704617578 21
1704617610 20
1704617642 26
1704617674 16
1704617706 23
1704617738 7
1704617770 15
1704617802 21
1704617834 12
1704617866 21
1704617898 17
1704617930 16
1704617962 24
1704617994 22
1704618026 14
1704618058 18
1704618090 12



# Sketch: 15
1704617514 15
1704617546 19
1704617578 13
1704617610 25
1704617642 16
1704617674 77
1704617706 16
1704617738 23
1704617770 15
1704617802 32
1704617834 11
1704617866 17
1704617898 18
1704617930 15
1704617962 16
1704617994 26
1704618026 13
1704618058 13
1704618090 15



# Sketch: 16
1704617514 14
1704617546 25
1704617578 14
1704617610 16
1704617642 11
1704617674 25
1704617706 15
1704617738 16
1704617770 7
1704617802 9
1704617834 12
1704617866 12
1704617898 22
1704617930 20
1704617962 15
1704617994 23
1704618026 18
1704618058 16
1704618090 13



# Sketch: 17
1704617514 15
1704617546 8
1704617578 11
1704617610 19
1704617642 13
1704617674 16
1704617706 23
1704617738 12
1704617770 32
1704617802 13
1704617834 10
1704617866 12
1704617898 18
1704617930 26
1704617962 20
1704617994 7
1704618026 12
1704618058 34
1704618090 12



# Sketch: 18
1704617514 5
1704617546 11
1704617578 3
1704617610 16
1704617642 8
1704617674 35
1704617706 18
1704617738 12
1704617770 14
1704617802 19
1704617834 14
1704617866 13
1704617898 23
1704617930 15
1704617962 16
1704617994 23
1704618026 13
1704618058 21
1704618090 8



# Sketch: 19
1704617514 22
1704617546 31
1704617578 18
1704617610 24
1704617642 14
1704617674 10
1704617706 15
1704617738 9
1704617770 12
1704617802 18
1704617834 20
1704617866 8
1704617898 17
1704617930 20
1704617962 24
1704617994 20
1704618026 7
1704618058 21
1704618090 13



# Sketch: 20
1704617514 16
1704617546 30
1704617578 15
1704617610 17
1704617642 11
1704617674 23
1704617706 36
1704617738 17
1704617770 11
1704617802 14
1704617834 6
1704617866 21
1704617898 16
1704617930 15
1704617962 24
1704617994 10
1704618026 20
1704618058 18
1704618090 12



# Sketch: 21
1704617514 15
1704617546 40
1704617578 16
1704617610 20
1704617642 24
1704617674 13
1704617706 24
1704617738 10
1704617770 24
1704617802 14
1704617834 9
1704617866 15
1704617898 22
1704617930 10
1704617962 22
1704617994 36
1704618026 15
1704618058 12
1704618090 9



# Sketch: 22
1704617514 14
1704617546 27
1704617578 35
1704617610 24
1704617642 16
1704617674 32
1704617706 16
1704617738 21
1704617770 19
1704617802 25
1704617834 9
1704617866 28
1704617898 26
1704617930 46
1704617962 21
1704617994 32
1704618026 23
1704618058 33
1704618090 14



# Sketch: 23
1704617514 10
1704617546 17
1704617578 8
1704617610 24
1704617642 5
1704617674 16
1704617706 16
1704617738 21
1704617770 12
1704617802 12
1704617834 6
1704617866 15
1704617898 30
1704617930 10
1704617962 16
1704617994 17
1704618026 38
1704618058 8
1704618090 7



# Sketch: 24
1704617514 11
1704617546 11
1704617578 27
1704617610 31
1704617642 9
1704617674 18
1704617706 51
1704617738 18
1704617770 19
1704617802 36
1704617834 40
1704617866 7
1704617898 17
1704617930 24
1704617962 26
1704617994 48
1704618026 17
1704618058 41
1704618090 19



# Sketch: 25
1704617514 9
1704617546 14
1704617578 33
1704617610 24
1704617642 7
1704617674 17
1704617706 42
1704617738 11
1704617770 11
1704617802 16
1704617834 12
1704617866 9
1704617898 13
1704617930 20
1704617962 8
1704617994 19
1704618026 8
1704618058 19
1704618090 15



# Sketch: 26
1704617514 23
1704617546 15
1704617578 25
1704617610 27
1704617642 19
1704617674 6
1704617706 8
1704617738 22
1704617770 15
1704617802 19
1704617834 30
1704617866 11
1704617898 15
1704617930 16
1704617962 14
1704617994 14
1704618026 11
1704618058 51
1704618090 9



# Sketch: 27
1704617514 21
1704617546 20
1704617578 11
1704617610 21
1704617642 33
1704617674 19
1704617706 17
1704617738 29
1704617770 32
1704617802 9
1704617834 21
1704617866 12
1704617898 41
1704617930 19
1704617962 18
1704617994 19
1704618026 24
1704618058 13
1704618090 19



# Sketch: 28
1704617514 12
1704617546 15
1704617578 21
1704617610 12
1704617642 13
1704617674 13
1704617706 15
1704617738 15
1704617770 11
1704617802 11
1704617834 43
1704617866 14
1704617898 16
1704617930 38
1704617962 23
1704617994 15
1704618026 24
1704618058 12
1704618090 9



# Sketch: 29
1704617514 24
1704617546 10
1704617578 10
1704617610 80
1704617642 20
1704617674 28
1704617706 20
1704617738 9
1704617770 26
1704617802 11
1704617834 31
1704617866 21
1704617898 37
1704617930 25
1704617962 11
1704617994 23
1704618026 17
1704618058 18
1704618090 7



# Sketch: 30
1704617514 20
1704617546 24
1704617578 24
1704617610 13
1704617642 14
1704617674 21
1704617706 35
1704617738 16
1704617770 18
1704617802 16
1704617834 16
1704617866 12
1704617898 19
1704617930 17
1704617962 14
1704617994 40
1704618026 14
1704618058 43
1704618090 10



# Sketch: 31
1704617514 19
1704617546 17
1704617578 26
1704617610 15
1704617642 12
1704617674 18
1704617706 11
1704617738 14
1704617770 10
1704617802 20
1704617834 13
1704617866 14
1704617898 19
1704617930 26
1704617962 25
1704617994 48
1704618026 27
1704618058 5
1704618090 2

