

# Sketch: 0
1704618114 60
1704618178 51
1704618242 79
1704618306 28
1704618370 35
1704618434 26
1704618498 46
1704618562 46
1704618626 24
1704618690 14



# Sketch: 1
1704618114 27
1704618178 44
1704618242 54
1704618306 43
1704618370 38
1704618434 26
1704618498 29
1704618562 39
1704618626 51
1704618690 9



# Sketch: 2
1704618114 34
1704618178 53
1704618242 42
1704618306 25
1704618370 35
1704618434 20
1704618498 28
1704618562 45
1704618626 27
1704618690 10



# Sketch: 3
1704618114 44
1704618178 26
1704618242 33
1704618306 10
1704618370 49
1704618434 33
1704618498 24
1704618562 24
1704618626 38
1704618690 9



# Sketch: 4
1704618114 25
1704618178 28
1704618242 14
1704618306 37
1704618370 31
1704618434 22
1704618498 35
1704618562 40
1704618626 34
1704618690 9



# Sketch: 5
1704618114 20
1704618178 42
1704618242 14
1704618306 36
1704618370 44
1704618434 29
1704618498 22
1704618562 23
1704618626 46
1704618690 6



# Sketch: 6
1704618114 31
1704618178 29
1704618242 46
1704618306 20
1704618370 36
1704618434 24
1704618498 20
1704618562 30
1704618626 19
1704618690 7



# Sketch: 7
1704618114 42
1704618178 68
1704618242 33
1704618306 33
1704618370 21
1704618434 33
1704618498 20
1704618562 60
1704618626 36
1704618690 8



# Sketch: 8
1704618114 33
1704618178 46
1704618242 35
1704618306 31
1704618370 26
1704618434 55
1704618498 49
1704618562 29
1704618626 32
1704618690 11



# Sketch: 9
1704618114 31
1704618178 58
1704618242 18
1704618306 51
1704618370 26
1704618434 47
1704618498 22
1704618562 38
1704618626 24
1704618690 13



# Sketch: 10
1704618114 33
1704618178 26
1704618242 25
1704618306 31
1704618370 40
1704618434 58
1704618498 28
1704618562 41
1704618626 41
1704618690 16



# Sketch: 11
1704618114 58
1704618178 22
1704618242 41
1704618306 27
1704618370 26
1704618434 43
1704618498 29
1704618562 24
1704618626 16
1704618690 10



# Sketch: 12
1704618114 35
1704618178 25
1704618242 24
1704618306 27
1704618370 28
1704618434 31
1704618498 32
1704618562 25
1704618626 30
1704618690 9



# Sketch: 13
1704618114 31
1704618178 32
1704618242 36
1704618306 22
1704618370 39
1704618434 22
1704618498 25
1704618562 71
1704618626 11
1704618690 18



# Sketch: 14
1704618114 24
1704618178 103
1704618242 36
1704618306 40
1704618370 36
1704618434 40
1704618498 49
1704618562 76
1704618626 47
1704618690 16



# Sketch: 15
1704618114 64
1704618178 35
1704618242 53
1704618306 39
1704618370 33
1704618434 24
1704618498 43
1704618562 52
1704618626 43
1704618690 20



# Sketch: 16
1704618114 44
1704618178 37
1704618242 30
1704618306 25
1704618370 22
1704618434 40
1704618498 39
1704618562 35
1704618626 44
1704618690 12



# Sketch: 17
1704618114 46
1704618178 33
1704618242 50
1704618306 40
1704618370 48
1704618434 38
1704618498 47
1704618562 47
1704618626 32
1704618690 32



# Sketch: 18
1704618114 38
1704618178 56
1704618242 37
1704618306 58
1704618370 36
1704618434 35
1704618498 28
1704618562 33
1704618626 32
1704618690 24



# Sketch: 19
1704618114 29
1704618178 25
1704618242 32
1704618306 37
1704618370 31
1704618434 38
1704618498 31
1704618562 22
1704618626 20
1704618690 18



# Sketch: 20
1704618114 40
1704618178 53
1704618242 62
1704618306 38
1704618370 32
1704618434 38
1704618498 42
1704618562 43
1704618626 31
1704618690 8



# Sketch: 21
1704618114 37
1704618178 22
1704618242 29
1704618306 26
1704618370 24
1704618434 16
1704618498 26
1704618562 36
1704618626 29
1704618690 11



# Sketch: 22
1704618114 36
1704618178 50
1704618242 33
1704618306 28
1704618370 37
1704618434 55
1704618498 37
1704618562 62
1704618626 40
1704618690 14



# Sketch: 23
1704618114 24
1704618178 47
1704618242 15
1704618306 36
1704618370 19
1704618434 29
1704618498 29
1704618562 23
1704618626 34
1704618690 12



# Sketch: 24
1704618114 37
1704618178 41
1704618242 25
1704618306 33
1704618370 27
1704618434 29
1704618498 51
1704618562 29
1704618626 23
1704618690 17



# Sketch: 25
1704618114 42
1704618178 18
1704618242 39
1704618306 43
1704618370 39
1704618434 22
1704618498 37
1704618562 40
1704618626 47
1704618690 21



# Sketch: 26
1704618114 43
1704618178 56
1704618242 17
1704618306 30
1704618370 29
1704618434 32
1704618498 29
1704618562 34
1704618626 41
1704618690 11



# Sketch: 27
1704618114 36
1704618178 31
1704618242 23
1704618306 34
1704618370 29
1704618434 38
1704618498 23
1704618562 36
1704618626 26
1704618690 14



# Sketch: 28
1704618114 46
1704618178 48
1704618242 51
1704618306 84
1704618370 29
1704618434 44
1704618498 31
1704618562 30
1704618626 44
1704618690 17



# Sketch: 29
1704618114 37
1704618178 35
1704618242 37
1704618306 35
1704618370 21
1704618434 35
1704618498 31
1704618562 29
1704618626 18
1704618690 19



# Sketch: 30
1704618114 44
1704618178 51
1704618242 42
1704618306 40
1704618370 57
1704618434 44
1704618498 48
1704618562 56
1704618626 61
1704618690 9



# Sketch: 31
1704618114 49
1704618178 28
1704618242 27
1704618306 39
1704618370 43
1704618434 48
1704618498 28
1704618562 39
1704618626 36
1704618690 15

