

# Sketch: 0
1704618114 34
1704618178 49
1704618242 27
1704618306 23
1704618370 27
1704618434 67
1704618498 38
1704618562 65
1704618626 55
1704618690 22



# Sketch: 1
1704618114 48
1704618178 26
1704618242 24
1704618306 36
1704618370 49
1704618434 33
1704618498 25
1704618562 30
1704618626 28
1704618690 26



# Sketch: 2
1704618114 25
1704618178 44
1704618242 36
1704618306 20
1704618370 34
1704618434 28
1704618498 35
1704618562 39
1704618626 29
1704618690 11



# Sketch: 3
1704618114 42
1704618178 38
1704618242 55
1704618306 75
1704618370 29
1704618434 38
1704618498 44
1704618562 38
1704618626 51
1704618690 15



# Sketch: 4
1704618114 27
1704618178 41
1704618242 21
1704618306 35
1704618370 20
1704618434 25
1704618498 40
1704618562 31
1704618626 32
1704618690 40



# Sketch: 5
1704618114 78
1704618178 39
1704618242 46
1704618306 39
1704618370 44
1704618434 50
1704618498 50
1704618562 45
1704618626 35
1704618690 16



# Sketch: 6
1704618114 29
1704618178 60
1704618242 43
1704618306 50
1704618370 46
1704618434 31
1704618498 22
1704618562 40
1704618626 28
1704618690 5



# Sketch: 7
1704618114 32
1704618178 27
1704618242 24
1704618306 38
1704618370 14
1704618434 42
1704618498 30
1704618562 26
1704618626 37
1704618690 10



# Sketch: 8
1704618114 26
1704618178 24
1704618242 32
1704618306 30
1704618370 27
1704618434 24
1704618498 27
1704618562 21
1704618626 26
1704618690 10



# Sketch: 9
1704618114 28
1704618178 30
1704618242 33
1704618306 22
1704618370 39
1704618434 22
1704618498 28
1704618562 34
1704618626 27
1704618690 14



# Sketch: 10
1704618114 44
1704618178 24
1704618242 22
1704618306 35
1704618370 35
1704618434 22
1704618498 21
1704618562 39
1704618626 32
1704618690 19



# Sketch: 11
1704618114 43
1704618178 36
1704618242 33
1704618306 38
1704618370 33
1704618434 39
1704618498 29
1704618562 38
1704618626 31
1704618690 11



# Sketch: 12
1704618114 30
1704618178 48
1704618242 27
1704618306 32
1704618370 36
1704618434 30
1704618498 30
1704618562 25
1704618626 20
1704618690 9



# Sketch: 13
1704618114 41
1704618178 41
1704618242 45
1704618306 39
1704618370 30
1704618434 39
1704618498 31
1704618562 67
1704618626 28
1704618690 18



# Sketch: 14
1704618114 17
1704618178 20
1704618242 22
1704618306 13
1704618370 39
1704618434 35
1704618498 34
1704618562 23
1704618626 31
1704618690 8



# Sketch: 15
1704618114 30
1704618178 35
1704618242 37
1704618306 34
1704618370 29
1704618434 41
1704618498 32
1704618562 29
1704618626 53
1704618690 8



# Sketch: 16
1704618114 36
1704618178 57
1704618242 31
1704618306 29
1704618370 33
1704618434 33
1704618498 22
1704618562 38
1704618626 37
1704618690 7



# Sketch: 17
1704618114 22
1704618178 64
1704618242 38
1704618306 27
1704618370 27
1704618434 29
1704618498 43
1704618562 28
1704618626 37
1704618690 11



# Sketch: 18
1704618114 40
1704618178 43
1704618242 24
1704618306 27
1704618370 35
1704618434 42
1704618498 22
1704618562 51
1704618626 47
1704618690 9



# Sketch: 19
1704618114 34
1704618178 47
1704618242 26
1704618306 24
1704618370 21
1704618434 28
1704618498 20
1704618562 19
1704618626 17
1704618690 11



# Sketch: 20
1704618114 48
1704618178 25
1704618242 60
1704618306 27
1704618370 27
1704618434 34
1704618498 26
1704618562 19
1704618626 23
1704618690 4



# Sketch: 21
1704618114 35
1704618178 49
1704618242 46
1704618306 29
1704618370 46
1704618434 49
1704618498 34
1704618562 52
1704618626 32
1704618690 14



# Sketch: 22
1704618114 26
1704618178 37
1704618242 25
1704618306 26
1704618370 23
1704618434 18
1704618498 22
1704618562 30
1704618626 21
1704618690 11



# Sketch: 23
1704618114 35
1704618178 63
1704618242 53
1704618306 37
1704618370 28
1704618434 28
1704618498 46
1704618562 73
1704618626 32
1704618690 13



# Sketch: 24
1704618114 82
1704618178 67
1704618242 43
1704618306 62
1704618370 59
1704618434 55
1704618498 47
1704618562 57
1704618626 55
1704618690 23



# Sketch: 25
1704618114 39
1704618178 64
1704618242 30
1704618306 22
1704618370 19
1704618434 17
1704618498 53
1704618562 48
1704618626 44
1704618690 19



# Sketch: 26
1704618114 29
1704618178 23
1704618242 33
1704618306 29
1704618370 29
1704618434 33
1704618498 32
1704618562 36
1704618626 50
1704618690 14



# Sketch: 27
1704618114 44
1704618178 53
1704618242 35
1704618306 46
1704618370 37
1704618434 24
1704618498 29
1704618562 40
1704618626 15
1704618690 14



# Sketch: 28
1704618114 46
1704618178 28
1704618242 42
1704618306 33
1704618370 17
1704618434 23
1704618498 33
1704618562 40
1704618626 47
1704618690 6



# Sketch: 29
1704618114 42
1704618178 20
1704618242 36
1704618306 67
1704618370 54
1704618434 27
1704618498 33
1704618562 46
1704618626 32
1704618690 15



# Sketch: 30
1704618114 35
1704618178 30
1704618242 26
1704618306 27
1704618370 35
1704618434 33
1704618498 34
1704618562 39
1704618626 15
1704618690 5



# Sketch: 31
1704618114 53
1704618178 67
1704618242 57
1704618306 55
1704618370 45
1704618434 75
1704618498 46
1704618562 51
1704618626 30
1704618690 21

