

# Sketch: 0
0 0.534948
1 0.572373
2 0.470336
3 0.534494
4 0.407625
5 0.469662
6 0.558639
7 0.328967



# Sketch: 1
0 0.393092
1 0.414472
2 0.384082
3 0.426537
4 0.457363
5 0.345407
6 0.600487
7 0.426353



# Sketch: 2
0 0.378474
1 0.265837
2 0.374512
3 0.596476
4 0.41115
5 0.672952
6 0.935478
7 0.59391



# Sketch: 3
0 1.14953
1 0.927324
2 1.02077
3 0.693524
4 0.944706
5 0.59101
6 1.26658
7 0.863624



# Sketch: 4
0 0.316954
1 0.256275
2 0.296168
3 0.0763508
4 0.311424
5 0.789771
6 0.227379
7 0.598786



# Sketch: 5
0 0.34288
1 0.31306
2 0.302321
3 0.299271
4 0.300442
5 0.312966
6 0.477022
7 1.36356



# Sketch: 6
0 1.63194
1 1.48906
2 1.20481
3 0.818005
4 0.518911
5 0.491942
6 0.398078
7 0.353579



# Sketch: 7
0 0.525702
1 0.452735
2 0.520829
3 0.210299
4 0.0675903
5 0.16051
6 0.399758
7 0.510588



# Sketch: 8
0 0.363049
1 0.575268
2 0.622281
3 0.672034
4 0.672466
5 0.700444
6 0.774044
7 0.681788



# Sketch: 9
0 0.810623
1 0.768697
2 0.88434
3 0.719744
4 0.574605
5 0.49041
6 0.826979
7 1.10584



# Sketch: 10
0 1.84288
1 1.64057
2 1.28545
3 0.839831
4 0.788066
5 0.475515
6 1.12307
7 0.773738



# Sketch: 11
0 0.379089
1 0.386716
2 0.390934
3 0.38142
4 0.38667
5 0.418886
6 0.64905
7 0.738714



# Sketch: 12
0 0.480467
1 0.425406
2 0.441841
3 0.336561
4 0.393096
5 0.553682
6 2.11241
7 0.936239



# Sketch: 13
0 0.16239
1 0.0693327
2 0.162062
3 0.143617
4 0.3768
5 0.12438
6 0.49764
7 0.353819



# Sketch: 14
0 0.716498
1 0.739978
2 0.747097
3 0.864684
4 1.07276
5 0.684932
6 0.2994
7 2.12329



# Sketch: 15
0 0.790465
1 0.791455
2 0.802835
3 0.794536
4 0.802469
5 0.708847
6 0.553486
7 0.844414



# Sketch: 16
0 0.14681
1 0.142935
2 0.121591
3 0.250355
4 0.084102
5 0.170501
6 0.606594
7 0.367645



# Sketch: 17
0 0.242649
1 0.494754
2 0.424115
3 1.13
4 1.09363
5 1.03468
6 0.748835
7 1.05624



# Sketch: 18
0 0.21216
1 0.272505
2 0.203104
3 0.197979
4 0.1962
5 0.274078
6 0.729345
7 0.661379



# Sketch: 19
0 1.15011
1 1.08303
2 1.48013
3 1.79548
4 1.5936
5 1.90799
6 0.388644
7 0.242557



# Sketch: 20
0 0.520955
1 0.268652
2 0.0473104
3 0.14721
4 0.134342
5 0.400724
6 0.607789
7 0.875424



# Sketch: 21
0 0.411494
1 0.42821
2 0.494815
3 0.598294
4 0.788725
5 0.625375
6 0.77369
7 0.753409



# Sketch: 22
0 0.47377
1 0.53384
2 0.547796
3 0.636687
4 0.674104
5 0.52661
6 0.54463
7 0.532442



# Sketch: 23
0 0.378439
1 0.390964
2 0.387383
3 0.364725
4 0.402057
5 0.450284
6 0.855112
7 0.341789



# Sketch: 24
0 0.493259
1 0.504148
2 0.599308
3 0.544974
4 0.551458
5 0.52992
6 0.674625
7 0.915515



# Sketch: 25
0 0.408288
1 0.387452
2 0.403321
3 0.384215
4 0.383631
5 0.350036
6 0.236936
7 0.559963



# Sketch: 26
0 0.399159
1 0.36397
2 0.525106
3 0.810122
4 0.640682
5 1.00484
6 3.81712
7 2.20722



# Sketch: 27
0 0.882212
1 0.812081
2 0.837031
3 0.745692
4 0.762798
5 0.596154
6 0.452007
7 0.594329



# Sketch: 28
0 0.617875
1 0.650257
2 0.67225
3 0.674608
4 0.666776
5 0.483036
6 0.448646
7 0.602249



# Sketch: 29
0 0.445836
1 0.480016
2 0.432694
3 0.394918
4 0.370667
5 0.344044
6 0.371667
7 0.38388



# Sketch: 30
0 0.373991
1 0.364945
2 0.361411
3 0.352935
4 0.364734
5 0.526608
6 0.252196
7 0.397745



# Sketch: 31
0 0.477587
1 0.235008
2 0.101852
3 0.321622
4 0.183398
5 0.324701
6 0.13142
7 0.348289

