

# Sketch: 0
1704618114 29
1704618178 39
1704618242 36
1704618306 37
1704618370 49
1704618434 24
1704618498 43
1704618562 53
1704618626 29
1704618690 11



# Sketch: 1
1704618114 44
1704618178 81
1704618242 35
1704618306 31
1704618370 29
1704618434 30
1704618498 51
1704618562 51
1704618626 31
1704618690 6



# Sketch: 2
1704618114 23
1704618178 33
1704618242 29
1704618306 34
1704618370 37
1704618434 32
1704618498 42
1704618562 30
1704618626 40
1704618690 10



# Sketch: 3
1704618114 23
1704618178 55
1704618242 59
1704618306 22
1704618370 19
1704618434 26
1704618498 33
1704618562 34
1704618626 39
1704618690 18



# Sketch: 4
1704618114 27
1704618178 44
1704618242 36
1704618306 19
1704618370 24
1704618434 37
1704618498 23
1704618562 22
1704618626 46
1704618690 17



# Sketch: 5
1704618114 35
1704618178 34
1704618242 30
1704618306 25
1704618370 32
1704618434 29
1704618498 31
1704618562 29
1704618626 18
1704618690 26



# Sketch: 6
1704618114 75
1704618178 50
1704618242 45
1704618306 42
1704618370 32
1704618434 38
1704618498 37
1704618562 39
1704618626 40
1704618690 32



# Sketch: 7
1704618114 24
1704618178 16
1704618242 50
1704618306 26
1704618370 35
1704618434 27
1704618498 28
1704618562 41
1704618626 32
1704618690 15



# Sketch: 8
1704618114 37
1704618178 46
1704618242 39
1704618306 38
1704618370 26
1704618434 51
1704618498 33
1704618562 31
1704618626 26
1704618690 21



# Sketch: 9
1704618114 36
1704618178 30
1704618242 36
1704618306 28
1704618370 27
1704618434 33
1704618498 28
1704618562 46
1704618626 28
1704618690 12



# Sketch: 10
1704618114 53
1704618178 34
1704618242 24
1704618306 32
1704618370 50
1704618434 40
1704618498 31
1704618562 28
1704618626 40
1704618690 12



# Sketch: 11
1704618114 44
1704618178 37
1704618242 28
1704618306 26
1704618370 24
1704618434 18
1704618498 26
1704618562 21
1704618626 34
1704618690 7



# Sketch: 12
1704618114 23
1704618178 39
1704618242 27
1704618306 27
1704618370 47
1704618434 22
1704618498 22
1704618562 36
1704618626 21
1704618690 14



# Sketch: 13
1704618114 33
1704618178 45
1704618242 22
1704618306 40
1704618370 35
1704618434 28
1704618498 32
1704618562 62
1704618626 28
1704618690 9



# Sketch: 14
1704618114 44
1704618178 24
1704618242 43
1704618306 25
1704618370 23
1704618434 33
1704618498 37
1704618562 33
1704618626 35
1704618690 19



# Sketch: 15
1704618114 43
1704618178 89
1704618242 35
1704618306 63
1704618370 45
1704618434 80
1704618498 55
1704618562 56
1704618626 44
1704618690 30



# Sketch: 16
1704618114 50
1704618178 29
1704618242 32
1704618306 40
1704618370 31
1704618434 31
1704618498 20
1704618562 45
1704618626 35
1704618690 8



# Sketch: 17
1704618114 31
1704618178 25
1704618242 31
1704618306 50
1704618370 41
1704618434 22
1704618498 28
1704618562 47
1704618626 29
1704618690 5



# Sketch: 18
1704618114 35
1704618178 34
1704618242 56
1704618306 23
1704618370 29
1704618434 19
1704618498 22
1704618562 48
1704618626 37
1704618690 7



# Sketch: 19
1704618114 41
1704618178 28
1704618242 29
1704618306 31
1704618370 30
1704618434 28
1704618498 18
1704618562 35
1704618626 51
1704618690 16



# Sketch: 20
1704618114 37
1704618178 40
1704618242 25
1704618306 61
1704618370 35
1704618434 47
1704618498 30
1704618562 56
1704618626 27
1704618690 3



# Sketch: 21
1704618114 38
1704618178 42
1704618242 36
1704618306 18
1704618370 26
1704618434 24
1704618498 24
1704618562 39
1704618626 30
1704618690 10



# Sketch: 22
1704618114 27
1704618178 35
1704618242 41
1704618306 45
1704618370 36
1704618434 44
1704618498 32
1704618562 30
1704618626 38
1704618690 15



# Sketch: 23
1704618114 44
1704618178 31
1704618242 24
1704618306 29
1704618370 29
1704618434 32
1704618498 44
1704618562 31
1704618626 37
1704618690 13



# Sketch: 24
1704618114 30
1704618178 32
1704618242 35
1704618306 16
1704618370 36
1704618434 43
1704618498 28
1704618562 30
1704618626 34
1704618690 17



# Sketch: 25
1704618114 41
1704618178 33
1704618242 23
1704618306 34
1704618370 27
1704618434 18
1704618498 37
1704618562 53
1704618626 27
1704618690 18



# Sketch: 26
1704618114 41
1704618178 48
1704618242 36
1704618306 73
1704618370 45
1704618434 42
1704618498 35
1704618562 31
1704618626 29
1704618690 10



# Sketch: 27
1704618114 36
1704618178 46
1704618242 28
1704618306 36
1704618370 23
1704618434 47
1704618498 23
1704618562 34
1704618626 35
1704618690 6



# Sketch: 28
1704618114 42
1704618178 38
1704618242 41
1704618306 36
1704618370 32
1704618434 54
1704618498 41
1704618562 33
1704618626 34
1704618690 8



# Sketch: 29
1704618114 37
1704618178 36
1704618242 24
1704618306 56
1704618370 33
1704618434 47
1704618498 47
1704618562 42
1704618626 53
1704618690 24



# Sketch: 30
1704618114 48
1704618178 83
1704618242 69
1704618306 37
1704618370 48
1704618434 50
1704618498 53
1704618562 70
1704618626 36
1704618690 10



# Sketch: 31
1704618114 49
1704618178 43
1704618242 28
1704618306 26
1704618370 31
1704618434 18
1704618498 24
1704618562 21
1704618626 14
1704618690 10

