

# Sketch: 0
1704618714 13
1704618746 19
1704618778 22
1704618810 19
1704618842 17
1704618874 11
1704618906 35
1704618938 20
1704618970 50
1704619002 24
1704619034 41
1704619066 17
1704619098 12
1704619130 24
1704619162 18
1704619194 22
1704619226 20
1704619258 19
1704619290 25



# Sketch: 1
1704618714 24
1704618746 22
1704618778 10
1704618810 11
1704618842 12
1704618874 39
1704618906 11
1704618938 18
1704618970 20
1704619002 4
1704619034 14
1704619066 19
1704619098 35
1704619130 6
1704619162 37
1704619194 23
1704619226 4
1704619258 6
1704619290 10



# Sketch: 2
1704618714 22
1704618746 10
1704618778 14
1704618810 20
1704618842 14
1704618874 35
1704618906 14
1704618938 17
1704618970 19
1704619002 16
1704619034 11
1704619066 11
1704619098 13
1704619130 8
1704619162 11
1704619194 7
1704619226 16
1704619258 24
1704619290 23



# Sketch: 3
1704618714 30
1704618746 25
1704618778 13
1704618810 32
1704618842 16
1704618874 26
1704618906 14
1704618938 12
1704618970 7
1704619002 13
1704619034 19
1704619066 19
1704619098 8
1704619130 8
1704619162 11
1704619194 12
1704619226 9
1704619258 13
1704619290 11



# Sketch: 4
1704618714 16
1704618746 12
1704618778 22
1704618810 22
1704618842 21
1704618874 32
1704618906 19
1704618938 20
1704618970 25
1704619002 15
1704619034 14
1704619066 15
1704619098 22
1704619130 17
1704619162 24
1704619194 14
1704619226 18
1704619258 20
1704619290 18



# Sketch: 5
1704618714 19
1704618746 11
1704618778 14
1704618810 11
1704618842 25
1704618874 37
1704618906 15
1704618938 23
1704618970 13
1704619002 15
1704619034 3
1704619066 29
1704619098 19
1704619130 16
1704619162 21
1704619194 18
1704619226 37
1704619258 10
1704619290 11



# Sketch: 6
1704618714 19
1704618746 11
1704618778 17
1704618810 16
1704618842 12
1704618874 10
1704618906 23
1704618938 15
1704618970 24
1704619002 10
1704619034 8
1704619066 9
1704619098 24
1704619130 10
1704619162 16
1704619194 13
1704619226 18
1704619258 18
1704619290 28



# Sketch: 7
1704618714 19
1704618746 17
1704618778 26
1704618810 16
1704618842 17
1704618874 29
1704618906 16
1704618938 25
1704618970 25
1704619002 10
1704619034 12
1704619066 10
1704619098 14
1704619130 14
1704619162 10
1704619194 26
1704619226 12
1704619258 22
1704619290 21



# Sketch: 8
1704618714 21
1704618746 17
1704618778 18
1704618810 5
1704618842 15
1704618874 14
1704618906 10
1704618938 13
1704618970 14
1704619002 11
1704619034 10
1704619066 22
1704619098 19
1704619130 14
1704619162 10
1704619194 8
1704619226 12
1704619258 17
1704619290 15



# Sketch: 9
1704618714 23
1704618746 14
1704618778 20
1704618810 27
1704618842 36
1704618874 12
1704618906 18
1704618938 11
1704618970 27
1704619002 27
1704619034 14
1704619066 11
1704619098 15
1704619130 15
1704619162 18
1704619194 15
1704619226 19
1704619258 14
1704619290 20



# Sketch: 10
1704618714 43
1704618746 15
1704618778 12
1704618810 4
1704618842 28
1704618874 33
1704618906 15
1704618938 18
1704618970 26
1704619002 20
1704619034 22
1704619066 23
1704619098 23
1704619130 19
1704619162 16
1704619194 27
1704619226 20
1704619258 16
1704619290 30



# Sketch: 11
1704618714 13
1704618746 30
1704618778 15
1704618810 11
1704618842 18
1704618874 10
1704618906 6
1704618938 9
1704618970 4
1704619002 23
1704619034 28
1704619066 24
1704619098 29
1704619130 10
1704619162 12
1704619194 7
1704619226 11
1704619258 8
1704619290 17



# Sketch: 12
1704618714 23
1704618746 18
1704618778 17
1704618810 19
1704618842 24
1704618874 9
1704618906 16
1704618938 15
1704618970 13
1704619002 32
1704619034 8
1704619066 19
1704619098 31
1704619130 21
1704619162 8
1704619194 16
1704619226 7
1704619258 19
1704619290 13



# Sketch: 13
1704618714 32
1704618746 23
1704618778 15
1704618810 17
1704618842 12
1704618874 15
1704618906 9
1704618938 19
1704618970 9
1704619002 13
1704619034 19
1704619066 16
1704619098 11
1704619130 9
1704619162 23
1704619194 12
1704619226 7
1704619258 17
1704619290 13



# Sketch: 14
1704618714 15
1704618746 13
1704618778 17
1704618810 14
1704618842 39
1704618874 22
1704618906 21
1704618938 29
1704618970 46
1704619002 16
1704619034 10
1704619066 21
1704619098 24
1704619130 20
1704619162 8
1704619194 23
1704619226 13
1704619258 25
1704619290 15



# Sketch: 15
1704618714 23
1704618746 21
1704618778 13
1704618810 11
1704618842 17
1704618874 20
1704618906 22
1704618938 24
1704618970 11
1704619002 8
1704619034 11
1704619066 80
1704619098 69
1704619130 19
1704619162 12
1704619194 30
1704619226 12
1704619258 12
1704619290 5



# Sketch: 16
1704618714 32
1704618746 19
1704618778 23
1704618810 39
1704618842 18
1704618874 34
1704618906 15
1704618938 12
1704618970 16
1704619002 8
1704619034 15
1704619066 22
1704619098 22
1704619130 12
1704619162 9
1704619194 12
1704619226 35
1704619258 14
1704619290 17



# Sketch: 17
1704618714 13
1704618746 11
1704618778 23
1704618810 12
1704618842 23
1704618874 29
1704618906 10
1704618938 20
1704618970 19
1704619002 25
1704619034 35
1704619066 10
1704619098 13
1704619130 13
1704619162 21
1704619194 11
1704619226 41
1704619258 9
1704619290 11



# Sketch: 18
1704618714 17
1704618746 13
1704618778 25
1704618810 35
1704618842 17
1704618874 21
1704618906 22
1704618938 24
1704618970 26
1704619002 28
1704619034 49
1704619066 18
1704619098 24
1704619130 25
1704619162 17
1704619194 12
1704619226 19
1704619258 26
1704619290 24



# Sketch: 19
1704618714 18
1704618746 16
1704618778 33
1704618810 18
1704618842 48
1704618874 31
1704618906 13
1704618938 26
1704618970 28
1704619002 14
1704619034 18
1704619066 9
1704619098 17
1704619130 12
1704619162 12
1704619194 25
1704619226 16
1704619258 23
1704619290 11



# Sketch: 20
1704618714 10
1704618746 22
1704618778 15
1704618810 16
1704618842 22
1704618874 23
1704618906 6
1704618938 20
1704618970 27
1704619002 11
1704619034 16
1704619066 16
1704619098 23
1704619130 24
1704619162 22
1704619194 34
1704619226 57
1704619258 20
1704619290 21



# Sketch: 21
1704618714 15
1704618746 13
1704618778 20
1704618810 30
1704618842 17
1704618874 26
1704618906 10
1704618938 27
1704618970 19
1704619002 13
1704619034 14
1704619066 21
1704619098 33
1704619130 14
1704619162 17
1704619194 13
1704619226 11
1704619258 6
1704619290 8



# Sketch: 22
1704618714 33
1704618746 24
1704618778 15
1704618810 7
1704618842 9
1704618874 19
1704618906 18
1704618938 15
1704618970 12
1704619002 16
1704619034 9
1704619066 19
1704619098 20
1704619130 17
1704619162 8
1704619194 21
1704619226 11
1704619258 9
1704619290 7



# Sketch: 23
1704618714 23
1704618746 26
1704618778 15
1704618810 12
1704618842 34
1704618874 14
1704618906 27
1704618938 12
1704618970 28
1704619002 21
1704619034 10
1704619066 9
1704619098 17
1704619130 14
1704619162 13
1704619194 17
1704619226 25
1704619258 18
1704619290 20



# Sketch: 24
1704618714 13
1704618746 12
1704618778 13
1704618810 33
1704618842 7
1704618874 17
1704618906 18
1704618938 11
1704618970 7
1704619002 14
1704619034 8
1704619066 10
1704619098 36
1704619130 14
1704619162 12
1704619194 15
1704619226 10
1704619258 13
1704619290 16



# Sketch: 25
1704618714 22
1704618746 21
1704618778 9
1704618810 22
1704618842 12
1704618874 33
1704618906 19
1704618938 22
1704618970 12
1704619002 13
1704619034 11
1704619066 20
1704619098 28
1704619130 17
1704619162 13
1704619194 18
1704619226 27
1704619258 12
1704619290 4



# Sketch: 26
1704618714 18
1704618746 14
1704618778 45
1704618810 7
1704618842 28
1704618874 22
1704618906 29
1704618938 16
1704618970 18
1704619002 13
1704619034 9
1704619066 18
1704619098 19
1704619130 15
1704619162 16
1704619194 24
1704619226 18
1704619258 16
1704619290 9



# Sketch: 27
1704618714 21
1704618746 20
1704618778 20
1704618810 22
1704618842 27
1704618874 45
1704618906 30
1704618938 34
1704618970 26
1704619002 38
1704619034 44
1704619066 26
1704619098 10
1704619130 24
1704619162 21
1704619194 17
1704619226 6
1704619258 39
1704619290 27



# Sketch: 28
1704618714 29
1704618746 10
1704618778 11
1704618810 12
1704618842 24
1704618874 46
1704618906 17
1704618938 10
1704618970 18
1704619002 22
1704619034 10
1704619066 13
1704619098 18
1704619130 27
1704619162 13
1704619194 12
1704619226 16
1704619258 16
1704619290 3



# Sketch: 29
1704618714 24
1704618746 18
1704618778 12
1704618810 8
1704618842 15
1704618874 30
1704618906 15
1704618938 11
1704618970 23
1704619002 5
1704619034 19
1704619066 5
1704619098 16
1704619130 14
1704619162 15
1704619194 9
1704619226 7
1704619258 6
1704619290 5



# Sketch: 30
1704618714 21
1704618746 16
1704618778 48
1704618810 35
1704618842 88
1704618874 14
1704618906 12
1704618938 19
1704618970 22
1704619002 20
1704619034 19
1704619066 15
1704619098 19
1704619130 14
1704619162 9
1704619194 27
1704619226 21
1704619258 18
1704619290 34



# Sketch: 31
1704618714 38
1704618746 15
1704618778 22
1704618810 14
1704618842 26
1704618874 25
1704618906 17
1704618938 17
1704618970 21
1704619002 35
1704619034 12
1704619066 29
1704619098 16
1704619130 9
1704619162 6
1704619194 18
1704619226 12
1704619258 12
1704619290 8

