

# Sketch: 0
1704618714 5
1704618722 4
1704618730 6
1704618738 10
1704618746 6
1704618754 4
1704618762 4
1704618770 3
1704618778 3
1704618786 3
1704618794 3
1704618802 4
1704618810 6
1704618818 0
1704618826 0
1704618834 0
1704618842 6
1704618850 7
1704618858 10
1704618866 4
1704618874 4
1704618882 1
1704618890 4
1704618898 1
1704618906 3
1704618914 4
1704618922 1
1704618930 6
1704618938 6
1704618946 0
1704618954 7
1704618962 4
1704618970 4
1704618978 5
1704618986 9
1704618994 4
1704619002 3
1704619010 4
1704619018 4
1704619026 2
1704619034 1
1704619042 1
1704619050 4
1704619058 2
1704619066 5
1704619074 2
1704619082 2
1704619090 3
1704619098 6
1704619106 3
1704619114 2
1704619122 2
1704619130 8
1704619138 0
1704619146 1
1704619154 4
1704619162 2
1704619170 9
1704619178 2
1704619186 0
1704619194 3
1704619202 3
1704619210 6
1704619218 3
1704619226 4
1704619234 2
1704619242 4
1704619250 3
1704619258 5
1704619266 5
1704619274 4
1704619282 1
1704619290 3
1704619298 1
1704619306 3



# Sketch: 1
1704618714 4
1704618722 2
1704618730 2
1704618738 2
1704618746 6
1704618754 5
1704618762 0
1704618770 3
1704618778 35
1704618786 8
1704618794 2
1704618802 8
1704618810 1
1704618818 2
1704618826 4
1704618834 0
1704618842 1
1704618850 2
1704618858 2
1704618866 9
1704618874 5
1704618882 2
1704618890 2
1704618898 6
1704618906 5
1704618914 0
1704618922 3
1704618930 12
1704618938 3
1704618946 4
1704618954 9
1704618962 2
1704618970 3
1704618978 2
1704618986 2
1704618994 3
1704619002 6
1704619010 2
1704619018 0
1704619026 0
1704619034 12
1704619042 3
1704619050 11
1704619058 4
1704619066 8
1704619074 2
1704619082 2
1704619090 3
1704619098 9
1704619106 3
1704619114 5
1704619122 8
1704619130 6
1704619138 3
1704619146 7
1704619154 1
1704619162 2
1704619170 2
1704619178 6
1704619186 9
1704619194 1
1704619202 7
1704619210 2
1704619218 2
1704619226 2
1704619234 4
1704619242 3
1704619250 3
1704619258 4
1704619266 3
1704619274 6
1704619282 3
1704619290 2
1704619298 4
1704619306 7



# Sketch: 2
1704618714 6
1704618722 7
1704618730 5
1704618738 9
1704618746 7
1704618754 22
1704618762 6
1704618770 3
1704618778 4
1704618786 5
1704618794 0
1704618802 6
1704618810 12
1704618818 5
1704618826 4
1704618834 1
1704618842 5
1704618850 4
1704618858 4
1704618866 7
1704618874 4
1704618882 8
1704618890 4
1704618898 11
1704618906 2
1704618914 13
1704618922 4
1704618930 4
1704618938 1
1704618946 6
1704618954 6
1704618962 6
1704618970 6
1704618978 1
1704618986 0
1704618994 6
1704619002 8
1704619010 3
1704619018 3
1704619026 1
1704619034 0
1704619042 2
1704619050 4
1704619058 4
1704619066 8
1704619074 6
1704619082 12
1704619090 51
1704619098 43
1704619106 4
1704619114 31
1704619122 5
1704619130 2
1704619138 1
1704619146 6
1704619154 3
1704619162 2
1704619170 1
1704619178 5
1704619186 5
1704619194 5
1704619202 3
1704619210 5
1704619218 1
1704619226 10
1704619234 4
1704619242 1
1704619250 0
1704619258 0
1704619266 6
1704619274 10
1704619282 1
1704619290 2
1704619298 6
1704619306 4



# Sketch: 3
1704618714 4
1704618722 4
1704618730 7
1704618738 4
1704618746 3
1704618754 4
1704618762 8
1704618770 6
1704618778 5
1704618786 2
1704618794 2
1704618802 2
1704618810 4
1704618818 2
1704618826 6
1704618834 1
1704618842 3
1704618850 8
1704618858 8
1704618866 7
1704618874 0
1704618882 14
1704618890 6
1704618898 3
1704618906 0
1704618914 6
1704618922 3
1704618930 6
1704618938 6
1704618946 1
1704618954 7
1704618962 2
1704618970 7
1704618978 9
1704618986 3
1704618994 4
1704619002 3
1704619010 2
1704619018 5
1704619026 2
1704619034 6
1704619042 3
1704619050 1
1704619058 1
1704619066 3
1704619074 2
1704619082 0
1704619090 5
1704619098 2
1704619106 6
1704619114 4
1704619122 4
1704619130 4
1704619138 4
1704619146 4
1704619154 7
1704619162 0
1704619170 0
1704619178 2
1704619186 3
1704619194 7
1704619202 8
1704619210 4
1704619218 5
1704619226 4
1704619234 3
1704619242 2
1704619250 1
1704619258 2
1704619266 3
1704619274 15
1704619282 2
1704619290 7
1704619298 33
1704619306 1



# Sketch: 4
1704618714 8
1704618722 2
1704618730 6
1704618738 1
1704618746 3
1704618754 6
1704618762 3
1704618770 3
1704618778 2
1704618786 5
1704618794 4
1704618802 3
1704618810 3
1704618818 4
1704618826 2
1704618834 2
1704618842 15
1704618850 5
1704618858 4
1704618866 2
1704618874 4
1704618882 11
1704618890 5
1704618898 11
1704618906 3
1704618914 2
1704618922 1
1704618930 4
1704618938 2
1704618946 0
1704618954 3
1704618962 8
1704618970 3
1704618978 7
1704618986 9
1704618994 4
1704619002 2
1704619010 5
1704619018 14
1704619026 5
1704619034 0
1704619042 3
1704619050 9
1704619058 0
1704619066 2
1704619074 1
1704619082 4
1704619090 9
1704619098 7
1704619106 8
1704619114 8
1704619122 5
1704619130 7
1704619138 2
1704619146 4
1704619154 2
1704619162 6
1704619170 2
1704619178 3
1704619186 1
1704619194 7
1704619202 4
1704619210 7
1704619218 1
1704619226 10
1704619234 3
1704619242 1
1704619250 4
1704619258 6
1704619266 2
1704619274 4
1704619282 4
1704619290 8
1704619298 10
1704619306 2



# Sketch: 5
1704618714 0
1704618722 7
1704618730 6
1704618738 8
1704618746 6
1704618754 4
1704618762 12
1704618770 1
1704618778 1
1704618786 3
1704618794 5
1704618802 2
1704618810 0
1704618818 3
1704618826 4
1704618834 1
1704618842 11
1704618850 5
1704618858 8
1704618866 3
1704618874 8
1704618882 13
1704618890 9
1704618898 24
1704618906 5
1704618914 3
1704618922 8
1704618930 6
1704618938 12
1704618946 3
1704618954 4
1704618962 3
1704618970 3
1704618978 3
1704618986 8
1704618994 9
1704619002 3
1704619010 3
1704619018 1
1704619026 1
1704619034 4
1704619042 3
1704619050 5
1704619058 2
1704619066 8
1704619074 5
1704619082 4
1704619090 6
1704619098 3
1704619106 3
1704619114 4
1704619122 8
1704619130 3
1704619138 4
1704619146 0
1704619154 2
1704619162 4
1704619170 1
1704619178 6
1704619186 4
1704619194 1
1704619202 4
1704619210 2
1704619218 1
1704619226 1
1704619234 11
1704619242 1
1704619250 13
1704619258 0
1704619266 5
1704619274 4
1704619282 3
1704619290 3
1704619298 2
1704619306 3



# Sketch: 6
1704618714 4
1704618722 5
1704618730 8
1704618738 6
1704618746 2
1704618754 8
1704618762 2
1704618770 1
1704618778 4
1704618786 5
1704618794 0
1704618802 6
1704618810 3
1704618818 7
1704618826 2
1704618834 2
1704618842 2
1704618850 1
1704618858 6
1704618866 3
1704618874 9
1704618882 5
1704618890 9
1704618898 17
1704618906 1
1704618914 2
1704618922 1
1704618930 4
1704618938 6
1704618946 4
1704618954 1
1704618962 1
1704618970 2
1704618978 4
1704618986 1
1704618994 6
1704619002 7
1704619010 9
1704619018 5
1704619026 1
1704619034 0
1704619042 2
1704619050 3
1704619058 4
1704619066 4
1704619074 4
1704619082 10
1704619090 1
1704619098 2
1704619106 1
1704619114 6
1704619122 11
1704619130 1
1704619138 3
1704619146 12
1704619154 7
1704619162 3
1704619170 0
1704619178 3
1704619186 5
1704619194 0
1704619202 3
1704619210 10
1704619218 6
1704619226 3
1704619234 0
1704619242 2
1704619250 6
1704619258 4
1704619266 1
1704619274 4
1704619282 7
1704619290 5
1704619298 0
1704619306 1



# Sketch: 7
1704618714 5
1704618722 4
1704618730 9
1704618738 2
1704618746 2
1704618754 2
1704618762 7
1704618770 5
1704618778 1
1704618786 7
1704618794 9
1704618802 2
1704618810 6
1704618818 7
1704618826 3
1704618834 0
1704618842 5
1704618850 7
1704618858 4
1704618866 2
1704618874 5
1704618882 5
1704618890 3
1704618898 5
1704618906 3
1704618914 11
1704618922 8
1704618930 0
1704618938 4
1704618946 0
1704618954 6
1704618962 1
1704618970 7
1704618978 9
1704618986 2
1704618994 2
1704619002 5
1704619010 6
1704619018 0
1704619026 3
1704619034 9
1704619042 1
1704619050 4
1704619058 8
1704619066 2
1704619074 16
1704619082 0
1704619090 8
1704619098 7
1704619106 2
1704619114 1
1704619122 6
1704619130 3
1704619138 2
1704619146 4
1704619154 5
1704619162 4
1704619170 3
1704619178 0
1704619186 4
1704619194 6
1704619202 2
1704619210 6
1704619218 5
1704619226 7
1704619234 4
1704619242 2
1704619250 3
1704619258 3
1704619266 8
1704619274 6
1704619282 13
1704619290 10
1704619298 10
1704619306 6



# Sketch: 8
1704618714 14
1704618722 5
1704618730 13
1704618738 1
1704618746 0
1704618754 3
1704618762 0
1704618770 5
1704618778 4
1704618786 6
1704618794 0
1704618802 8
1704618810 3
1704618818 3
1704618826 2
1704618834 4
1704618842 7
1704618850 8
1704618858 2
1704618866 4
1704618874 2
1704618882 6
1704618890 7
1704618898 21
1704618906 2
1704618914 3
1704618922 0
1704618930 6
1704618938 2
1704618946 4
1704618954 8
1704618962 3
1704618970 3
1704618978 4
1704618986 3
1704618994 3
1704619002 2
1704619010 1
1704619018 0
1704619026 1
1704619034 2
1704619042 4
1704619050 2
1704619058 2
1704619066 3
1704619074 2
1704619082 4
1704619090 1
1704619098 6
1704619106 6
1704619114 8
1704619122 8
1704619130 1
1704619138 4
1704619146 1
1704619154 4
1704619162 5
1704619170 1
1704619178 2
1704619186 1
1704619194 5
1704619202 2
1704619210 5
1704619218 3
1704619226 2
1704619234 1
1704619242 2
1704619250 7
1704619258 5
1704619266 1
1704619274 1
1704619282 0
1704619290 0
1704619298 3
1704619306 11



# Sketch: 9
1704618714 3
1704618722 6
1704618730 3
1704618738 17
1704618746 7
1704618754 3
1704618762 6
1704618770 3
1704618778 4
1704618786 9
1704618794 2
1704618802 8
1704618810 5
1704618818 4
1704618826 1
1704618834 22
1704618842 9
1704618850 8
1704618858 5
1704618866 3
1704618874 10
1704618882 3
1704618890 7
1704618898 2
1704618906 0
1704618914 2
1704618922 1
1704618930 7
1704618938 6
1704618946 1
1704618954 4
1704618962 4
1704618970 4
1704618978 5
1704618986 8
1704618994 1
1704619002 10
1704619010 3
1704619018 5
1704619026 2
1704619034 3
1704619042 3
1704619050 3
1704619058 3
1704619066 3
1704619074 5
1704619082 5
1704619090 4
1704619098 7
1704619106 4
1704619114 4
1704619122 8
1704619130 4
1704619138 2
1704619146 4
1704619154 3
1704619162 2
1704619170 6
1704619178 5
1704619186 7
1704619194 2
1704619202 5
1704619210 8
1704619218 11
1704619226 4
1704619234 1
1704619242 3
1704619250 3
1704619258 9
1704619266 5
1704619274 3
1704619282 0
1704619290 5
1704619298 4
1704619306 3



# Sketch: 10
1704618714 12
1704618722 6
1704618730 5
1704618738 4
1704618746 1
1704618754 2
1704618762 3
1704618770 4
1704618778 3
1704618786 10
1704618794 3
1704618802 10
1704618810 9
1704618818 2
1704618826 1
1704618834 3
1704618842 2
1704618850 5
1704618858 1
1704618866 10
1704618874 7
1704618882 16
1704618890 12
1704618898 21
1704618906 11
1704618914 5
1704618922 4
1704618930 6
1704618938 8
1704618946 8
1704618954 12
1704618962 7
1704618970 19
1704618978 7
1704618986 1
1704618994 7
1704619002 0
1704619010 8
1704619018 8
1704619026 5
1704619034 17
1704619042 9
1704619050 12
1704619058 4
1704619066 12
1704619074 2
1704619082 1
1704619090 6
1704619098 4
1704619106 8
1704619114 0
1704619122 4
1704619130 7
1704619138 9
1704619146 9
1704619154 6
1704619162 3
1704619170 7
1704619178 9
1704619186 4
1704619194 2
1704619202 4
1704619210 2
1704619218 2
1704619226 6
1704619234 3
1704619242 19
1704619250 4
1704619258 2
1704619266 25
1704619274 5
1704619282 3
1704619290 7
1704619298 9
1704619306 2



# Sketch: 11
1704618714 6
1704618722 11
1704618730 2
1704618738 6
1704618746 2
1704618754 3
1704618762 2
1704618770 5
1704618778 10
1704618786 2
1704618794 10
1704618802 10
1704618810 1
1704618818 4
1704618826 4
1704618834 8
1704618842 5
1704618850 1
1704618858 8
1704618866 8
1704618874 2
1704618882 3
1704618890 5
1704618898 4
1704618906 1
1704618914 10
1704618922 3
1704618930 8
1704618938 3
1704618946 3
1704618954 4
1704618962 6
1704618970 2
1704618978 4
1704618986 5
1704618994 1
1704619002 5
1704619010 5
1704619018 3
1704619026 2
1704619034 2
1704619042 4
1704619050 2
1704619058 1
1704619066 1
1704619074 1
1704619082 17
1704619090 5
1704619098 3
1704619106 5
1704619114 3
1704619122 5
1704619130 7
1704619138 1
1704619146 4
1704619154 7
1704619162 6
1704619170 1
1704619178 3
1704619186 5
1704619194 4
1704619202 10
1704619210 2
1704619218 9
1704619226 3
1704619234 3
1704619242 3
1704619250 2
1704619258 3
1704619266 4
1704619274 5
1704619282 3
1704619290 4
1704619298 6
1704619306 5



# Sketch: 12
1704618714 5
1704618722 4
1704618730 2
1704618738 2
1704618746 2
1704618754 5
1704618762 6
1704618770 0
1704618778 1
1704618786 4
1704618794 5
1704618802 2
1704618810 2
1704618818 7
1704618826 8
1704618834 3
1704618842 4
1704618850 8
1704618858 4
1704618866 8
1704618874 1
1704618882 1
1704618890 3
1704618898 16
1704618906 0
1704618914 4
1704618922 1
1704618930 2
1704618938 2
1704618946 6
1704618954 11
1704618962 6
1704618970 4
1704618978 2
1704618986 5
1704618994 4
1704619002 5
1704619010 0
1704619018 3
1704619026 3
1704619034 1
1704619042 3
1704619050 4
1704619058 3
1704619066 1
1704619074 6
1704619082 4
1704619090 6
1704619098 2
1704619106 4
1704619114 7
1704619122 2
1704619130 2
1704619138 3
1704619146 5
1704619154 8
1704619162 2
1704619170 6
1704619178 2
1704619186 2
1704619194 6
1704619202 5
1704619210 1
1704619218 3
1704619226 4
1704619234 18
1704619242 16
1704619250 12
1704619258 3
1704619266 10
1704619274 4
1704619282 3
1704619290 0
1704619298 5
1704619306 1



# Sketch: 13
1704618714 7
1704618722 3
1704618730 2
1704618738 4
1704618746 6
1704618754 10
1704618762 2
1704618770 2
1704618778 6
1704618786 18
1704618794 4
1704618802 5
1704618810 6
1704618818 6
1704618826 3
1704618834 3
1704618842 4
1704618850 1
1704618858 6
1704618866 6
1704618874 3
1704618882 4
1704618890 2
1704618898 7
1704618906 12
1704618914 5
1704618922 2
1704618930 19
1704618938 7
1704618946 2
1704618954 5
1704618962 6
1704618970 17
1704618978 4
1704618986 4
1704618994 5
1704619002 9
1704619010 1
1704619018 5
1704619026 10
1704619034 19
1704619042 5
1704619050 13
1704619058 13
1704619066 7
1704619074 11
1704619082 5
1704619090 2
1704619098 3
1704619106 5
1704619114 8
1704619122 2
1704619130 3
1704619138 5
1704619146 6
1704619154 9
1704619162 9
1704619170 8
1704619178 9
1704619186 5
1704619194 7
1704619202 8
1704619210 4
1704619218 1
1704619226 3
1704619234 9
1704619242 4
1704619250 11
1704619258 2
1704619266 14
1704619274 6
1704619282 5
1704619290 6
1704619298 0
1704619306 5



# Sketch: 14
1704618714 5
1704618722 6
1704618730 6
1704618738 2
1704618746 2
1704618754 4
1704618762 1
1704618770 4
1704618778 7
1704618786 6
1704618794 1
1704618802 5
1704618810 4
1704618818 1
1704618826 9
1704618834 4
1704618842 6
1704618850 9
1704618858 4
1704618866 5
1704618874 3
1704618882 2
1704618890 1
1704618898 4
1704618906 0
1704618914 2
1704618922 15
1704618930 8
1704618938 9
1704618946 3
1704618954 2
1704618962 0
1704618970 3
1704618978 16
1704618986 10
1704618994 5
1704619002 4
1704619010 11
1704619018 4
1704619026 5
1704619034 21
1704619042 4
1704619050 2
1704619058 6
1704619066 8
1704619074 8
1704619082 4
1704619090 4
1704619098 3
1704619106 14
1704619114 19
1704619122 3
1704619130 1
1704619138 4
1704619146 3
1704619154 0
1704619162 4
1704619170 5
1704619178 2
1704619186 5
1704619194 4
1704619202 5
1704619210 7
1704619218 2
1704619226 4
1704619234 3
1704619242 4
1704619250 1
1704619258 1
1704619266 5
1704619274 4
1704619282 2
1704619290 3
1704619298 4
1704619306 5



# Sketch: 15
1704618714 10
1704618722 6
1704618730 6
1704618738 4
1704618746 7
1704618754 5
1704618762 6
1704618770 4
1704618778 5
1704618786 0
1704618794 3
1704618802 7
1704618810 6
1704618818 2
1704618826 3
1704618834 2
1704618842 11
1704618850 13
1704618858 7
1704618866 10
1704618874 1
1704618882 2
1704618890 4
1704618898 13
1704618906 3
1704618914 4
1704618922 2
1704618930 6
1704618938 14
1704618946 0
1704618954 3
1704618962 2
1704618970 2
1704618978 4
1704618986 7
1704618994 4
1704619002 7
1704619010 12
1704619018 1
1704619026 7
1704619034 4
1704619042 2
1704619050 4
1704619058 3
1704619066 4
1704619074 2
1704619082 4
1704619090 4
1704619098 3
1704619106 4
1704619114 8
1704619122 4
1704619130 1
1704619138 5
1704619146 5
1704619154 1
1704619162 1
1704619170 7
1704619178 0
1704619186 1
1704619194 7
1704619202 8
1704619210 6
1704619218 1
1704619226 5
1704619234 2
1704619242 10
1704619250 2
1704619258 1
1704619266 9
1704619274 3
1704619282 3
1704619290 2
1704619298 2
1704619306 7



# Sketch: 16
1704618714 5
1704618722 1
1704618730 7
1704618738 6
1704618746 2
1704618754 9
1704618762 3
1704618770 3
1704618778 2
1704618786 6
1704618794 2
1704618802 6
1704618810 4
1704618818 4
1704618826 3
1704618834 24
1704618842 1
1704618850 6
1704618858 2
1704618866 5
1704618874 1
1704618882 8
1704618890 6
1704618898 10
1704618906 1
1704618914 2
1704618922 5
1704618930 1
1704618938 4
1704618946 0
1704618954 2
1704618962 8
1704618970 3
1704618978 6
1704618986 6
1704618994 6
1704619002 3
1704619010 6
1704619018 10
1704619026 3
1704619034 1
1704619042 3
1704619050 5
1704619058 2
1704619066 2
1704619074 7
1704619082 5
1704619090 3
1704619098 4
1704619106 3
1704619114 6
1704619122 1
1704619130 4
1704619138 2
1704619146 5
1704619154 3
1704619162 6
1704619170 6
1704619178 5
1704619186 0
1704619194 4
1704619202 5
1704619210 2
1704619218 2
1704619226 1
1704619234 0
1704619242 2
1704619250 2
1704619258 3
1704619266 1
1704619274 1
1704619282 6
1704619290 6
1704619298 5
1704619306 1



# Sketch: 17
1704618714 2
1704618722 5
1704618730 12
1704618738 1
1704618746 4
1704618754 12
1704618762 1
1704618770 0
1704618778 1
1704618786 6
1704618794 5
1704618802 2
1704618810 2
1704618818 0
1704618826 6
1704618834 2
1704618842 4
1704618850 5
1704618858 2
1704618866 1
1704618874 2
1704618882 4
1704618890 0
1704618898 10
1704618906 2
1704618914 5
1704618922 6
1704618930 5
1704618938 3
1704618946 3
1704618954 7
1704618962 1
1704618970 1
1704618978 3
1704618986 23
1704618994 6
1704619002 2
1704619010 3
1704619018 5
1704619026 1
1704619034 1
1704619042 2
1704619050 3
1704619058 3
1704619066 1
1704619074 6
1704619082 3
1704619090 4
1704619098 3
1704619106 2
1704619114 3
1704619122 4
1704619130 6
1704619138 4
1704619146 3
1704619154 1
1704619162 2
1704619170 2
1704619178 4
1704619186 5
1704619194 2
1704619202 7
1704619210 7
1704619218 4
1704619226 2
1704619234 1
1704619242 8
1704619250 6
1704619258 3
1704619266 8
1704619274 3
1704619282 0
1704619290 2
1704619298 10
1704619306 1



# Sketch: 18
1704618714 13
1704618722 5
1704618730 8
1704618738 10
1704618746 0
1704618754 15
1704618762 0
1704618770 1
1704618778 2
1704618786 5
1704618794 3
1704618802 7
1704618810 7
1704618818 4
1704618826 4
1704618834 8
1704618842 5
1704618850 8
1704618858 8
1704618866 4
1704618874 0
1704618882 7
1704618890 4
1704618898 19
1704618906 0
1704618914 0
1704618922 5
1704618930 4
1704618938 4
1704618946 2
1704618954 2
1704618962 5
1704618970 4
1704618978 4
1704618986 4
1704618994 3
1704619002 2
1704619010 8
1704619018 0
1704619026 2
1704619034 0
1704619042 5
1704619050 2
1704619058 0
1704619066 6
1704619074 4
1704619082 0
1704619090 3
1704619098 10
1704619106 7
1704619114 3
1704619122 9
1704619130 1
1704619138 6
1704619146 4
1704619154 4
1704619162 1
1704619170 3
1704619178 3
1704619186 0
1704619194 5
1704619202 1
1704619210 2
1704619218 3
1704619226 0
1704619234 4
1704619242 4
1704619250 2
1704619258 1
1704619266 2
1704619274 2
1704619282 4
1704619290 0
1704619298 0
1704619306 3



# Sketch: 19
1704618714 8
1704618722 1
1704618730 3
1704618738 1
1704618746 6
1704618754 5
1704618762 0
1704618770 4
1704618778 7
1704618786 7
1704618794 3
1704618802 8
1704618810 5
1704618818 5
1704618826 0
1704618834 25
1704618842 1
1704618850 1
1704618858 4
1704618866 3
1704618874 3
1704618882 12
1704618890 14
1704618898 11
1704618906 7
1704618914 6
1704618922 1
1704618930 4
1704618938 6
1704618946 1
1704618954 3
1704618962 6
1704618970 4
1704618978 4
1704618986 5
1704618994 7
1704619002 3
1704619010 9
1704619018 5
1704619026 3
1704619034 3
1704619042 3
1704619050 2
1704619058 1
1704619066 3
1704619074 2
1704619082 3
1704619090 2
1704619098 4
1704619106 4
1704619114 1
1704619122 4
1704619130 4
1704619138 2
1704619146 6
1704619154 1
1704619162 0
1704619170 3
1704619178 0
1704619186 5
1704619194 4
1704619202 2
1704619210 6
1704619218 5
1704619226 2
1704619234 3
1704619242 2
1704619250 3
1704619258 2
1704619266 3
1704619274 6
1704619282 0
1704619290 3
1704619298 1
1704619306 3



# Sketch: 20
1704618714 13
1704618722 8
1704618730 6
1704618738 1
1704618746 7
1704618754 7
1704618762 0
1704618770 1
1704618778 4
1704618786 3
1704618794 2
1704618802 10
1704618810 0
1704618818 3
1704618826 21
1704618834 13
1704618842 2
1704618850 2
1704618858 5
1704618866 2
1704618874 2
1704618882 1
1704618890 1
1704618898 12
1704618906 0
1704618914 1
1704618922 12
1704618930 4
1704618938 1
1704618946 7
1704618954 7
1704618962 0
1704618970 1
1704618978 2
1704618986 1
1704618994 3
1704619002 1
1704619010 3
1704619018 2
1704619026 5
1704619034 4
1704619042 0
1704619050 2
1704619058 6
1704619066 3
1704619074 7
1704619082 4
1704619090 5
1704619098 4
1704619106 4
1704619114 5
1704619122 14
1704619130 4
1704619138 2
1704619146 5
1704619154 6
1704619162 0
1704619170 5
1704619178 18
1704619186 3
1704619194 1
1704619202 2
1704619210 1
1704619218 3
1704619226 4
1704619234 7
1704619242 4
1704619250 1
1704619258 1
1704619266 1
1704619274 1
1704619282 6
1704619290 7
1704619298 21
1704619306 4



# Sketch: 21
1704618714 6
1704618722 2
1704618730 3
1704618738 12
1704618746 2
1704618754 0
1704618762 2
1704618770 3
1704618778 0
1704618786 3
1704618794 3
1704618802 5
1704618810 1
1704618818 3
1704618826 3
1704618834 3
1704618842 7
1704618850 2
1704618858 6
1704618866 6
1704618874 1
1704618882 7
1704618890 2
1704618898 3
1704618906 3
1704618914 4
1704618922 2
1704618930 3
1704618938 6
1704618946 2
1704618954 16
1704618962 6
1704618970 4
1704618978 4
1704618986 3
1704618994 11
1704619002 4
1704619010 0
1704619018 5
1704619026 2
1704619034 6
1704619042 1
1704619050 0
1704619058 1
1704619066 8
1704619074 2
1704619082 10
1704619090 0
1704619098 4
1704619106 3
1704619114 15
1704619122 5
1704619130 2
1704619138 0
1704619146 1
1704619154 3
1704619162 1
1704619170 1
1704619178 4
1704619186 3
1704619194 2
1704619202 4
1704619210 4
1704619218 1
1704619226 9
1704619234 20
1704619242 6
1704619250 1
1704619258 2
1704619266 2
1704619274 1
1704619282 2
1704619290 6
1704619298 3
1704619306 1



# Sketch: 22
1704618714 4
1704618722 4
1704618730 2
1704618738 6
1704618746 3
1704618754 5
1704618762 2
1704618770 0
1704618778 4
1704618786 5
1704618794 5
1704618802 9
1704618810 4
1704618818 4
1704618826 3
1704618834 6
1704618842 0
1704618850 5
1704618858 4
1704618866 3
1704618874 15
1704618882 8
1704618890 0
1704618898 7
1704618906 7
1704618914 10
1704618922 7
1704618930 5
1704618938 5
1704618946 4
1704618954 3
1704618962 5
1704618970 3
1704618978 4
1704618986 2
1704618994 4
1704619002 1
1704619010 3
1704619018 6
1704619026 4
1704619034 5
1704619042 9
1704619050 1
1704619058 1
1704619066 2
1704619074 3
1704619082 8
1704619090 2
1704619098 3
1704619106 2
1704619114 2
1704619122 0
1704619130 5
1704619138 4
1704619146 3
1704619154 2
1704619162 2
1704619170 3
1704619178 6
1704619186 1
1704619194 3
1704619202 3
1704619210 4
1704619218 0
1704619226 4
1704619234 4
1704619242 1
1704619250 2
1704619258 2
1704619266 4
1704619274 6
1704619282 2
1704619290 2
1704619298 1
1704619306 1



# Sketch: 23
1704618714 13
1704618722 5
1704618730 8
1704618738 3
1704618746 6
1704618754 4
1704618762 4
1704618770 3
1704618778 8
1704618786 4
1704618794 1
1704618802 1
1704618810 5
1704618818 7
1704618826 7
1704618834 6
1704618842 7
1704618850 7
1704618858 6
1704618866 8
1704618874 17
1704618882 1
1704618890 2
1704618898 2
1704618906 3
1704618914 1
1704618922 0
1704618930 3
1704618938 5
1704618946 7
1704618954 6
1704618962 6
1704618970 9
1704618978 8
1704618986 6
1704618994 10
1704619002 2
1704619010 8
1704619018 7
1704619026 0
1704619034 4
1704619042 3
1704619050 5
1704619058 0
1704619066 3
1704619074 4
1704619082 5
1704619090 1
1704619098 21
1704619106 4
1704619114 3
1704619122 3
1704619130 1
1704619138 2
1704619146 0
1704619154 5
1704619162 3
1704619170 4
1704619178 2
1704619186 4
1704619194 5
1704619202 4
1704619210 15
1704619218 2
1704619226 10
1704619234 2
1704619242 3
1704619250 10
1704619258 4
1704619266 4
1704619274 3
1704619282 14
1704619290 6
1704619298 8
1704619306 4



# Sketch: 24
1704618714 4
1704618722 3
1704618730 7
1704618738 3
1704618746 4
1704618754 6
1704618762 3
1704618770 1
1704618778 3
1704618786 2
1704618794 2
1704618802 9
1704618810 18
1704618818 11
1704618826 8
1704618834 2
1704618842 8
1704618850 32
1704618858 11
1704618866 0
1704618874 2
1704618882 7
1704618890 8
1704618898 8
1704618906 5
1704618914 7
1704618922 10
1704618930 4
1704618938 6
1704618946 2
1704618954 1
1704618962 6
1704618970 4
1704618978 3
1704618986 6
1704618994 6
1704619002 3
1704619010 4
1704619018 3
1704619026 19
1704619034 6
1704619042 3
1704619050 15
1704619058 1
1704619066 4
1704619074 3
1704619082 3
1704619090 4
1704619098 10
1704619106 3
1704619114 2
1704619122 3
1704619130 0
1704619138 4
1704619146 1
1704619154 4
1704619162 4
1704619170 6
1704619178 3
1704619186 3
1704619194 7
1704619202 7
1704619210 5
1704619218 5
1704619226 14
1704619234 5
1704619242 3
1704619250 10
1704619258 4
1704619266 1
1704619274 6
1704619282 1
1704619290 4
1704619298 7
1704619306 6



# Sketch: 25
1704618714 7
1704618722 7
1704618730 5
1704618738 12
1704618746 7
1704618754 4
1704618762 4
1704618770 17
1704618778 4
1704618786 0
1704618794 2
1704618802 3
1704618810 0
1704618818 1
1704618826 2
1704618834 5
1704618842 12
1704618850 4
1704618858 2
1704618866 3
1704618874 4
1704618882 7
1704618890 2
1704618898 4
1704618906 3
1704618914 4
1704618922 1
1704618930 3
1704618938 2
1704618946 5
1704618954 2
1704618962 1
1704618970 3
1704618978 20
1704618986 7
1704618994 2
1704619002 4
1704619010 6
1704619018 13
1704619026 5
1704619034 1
1704619042 1
1704619050 8
1704619058 10
1704619066 4
1704619074 3
1704619082 2
1704619090 2
1704619098 12
1704619106 6
1704619114 1
1704619122 5
1704619130 5
1704619138 3
1704619146 5
1704619154 2
1704619162 23
1704619170 1
1704619178 7
1704619186 4
1704619194 1
1704619202 4
1704619210 6
1704619218 1
1704619226 16
1704619234 3
1704619242 1
1704619250 3
1704619258 4
1704619266 3
1704619274 1
1704619282 4
1704619290 2
1704619298 8
1704619306 0



# Sketch: 26
1704618714 2
1704618722 1
1704618730 0
1704618738 1
1704618746 2
1704618754 1
1704618762 4
1704618770 2
1704618778 2
1704618786 0
1704618794 3
1704618802 7
1704618810 2
1704618818 1
1704618826 4
1704618834 2
1704618842 56
1704618850 5
1704618858 3
1704618866 4
1704618874 8
1704618882 9
1704618890 2
1704618898 3
1704618906 1
1704618914 2
1704618922 11
1704618930 1
1704618938 12
1704618946 2
1704618954 3
1704618962 0
1704618970 2
1704618978 0
1704618986 3
1704618994 6
1704619002 3
1704619010 2
1704619018 0
1704619026 2
1704619034 1
1704619042 0
1704619050 2
1704619058 0
1704619066 0
1704619074 0
1704619082 2
1704619090 2
1704619098 4
1704619106 4
1704619114 0
1704619122 3
1704619130 1
1704619138 2
1704619146 9
1704619154 0
1704619162 9
1704619170 4
1704619178 2
1704619186 1
1704619194 2
1704619202 4
1704619210 15
1704619218 2
1704619226 2
1704619234 4
1704619242 0
1704619250 2
1704619258 5
1704619266 2
1704619274 2
1704619282 6
1704619290 6
1704619298 12
1704619306 1



# Sketch: 27
1704618714 2
1704618722 3
1704618730 21
1704618738 3
1704618746 3
1704618754 1
1704618762 2
1704618770 1
1704618778 2
1704618786 5
1704618794 2
1704618802 5
1704618810 4
1704618818 3
1704618826 13
1704618834 4
1704618842 1
1704618850 0
1704618858 1
1704618866 8
1704618874 3
1704618882 0
1704618890 16
1704618898 2
1704618906 2
1704618914 0
1704618922 1
1704618930 5
1704618938 0
1704618946 2
1704618954 9
1704618962 6
1704618970 2
1704618978 7
1704618986 3
1704618994 5
1704619002 1
1704619010 4
1704619018 3
1704619026 7
1704619034 0
1704619042 1
1704619050 2
1704619058 1
1704619066 1
1704619074 4
1704619082 3
1704619090 4
1704619098 2
1704619106 1
1704619114 3
1704619122 6
1704619130 9
1704619138 0
1704619146 3
1704619154 0
1704619162 3
1704619170 4
1704619178 0
1704619186 6
1704619194 2
1704619202 5
1704619210 5
1704619218 2
1704619226 4
1704619234 4
1704619242 4
1704619250 5
1704619258 1
1704619266 3
1704619274 3
1704619282 3
1704619290 1
1704619298 8
1704619306 4



# Sketch: 28
1704618714 4
1704618722 4
1704618730 3
1704618738 7
1704618746 4
1704618754 3
1704618762 2
1704618770 12
1704618778 2
1704618786 4
1704618794 1
1704618802 10
1704618810 1
1704618818 1
1704618826 5
1704618834 0
1704618842 0
1704618850 2
1704618858 8
1704618866 9
1704618874 14
1704618882 12
1704618890 1
1704618898 6
1704618906 1
1704618914 1
1704618922 5
1704618930 1
1704618938 0
1704618946 2
1704618954 3
1704618962 3
1704618970 4
1704618978 3
1704618986 3
1704618994 4
1704619002 9
1704619010 3
1704619018 3
1704619026 3
1704619034 1
1704619042 5
1704619050 6
1704619058 10
1704619066 1
1704619074 7
1704619082 10
1704619090 4
1704619098 6
1704619106 1
1704619114 3
1704619122 2
1704619130 4
1704619138 3
1704619146 6
1704619154 7
1704619162 6
1704619170 2
1704619178 1
1704619186 1
1704619194 1
1704619202 3
1704619210 5
1704619218 5
1704619226 4
1704619234 6
1704619242 5
1704619250 0
1704619258 4
1704619266 10
1704619274 7
1704619282 3
1704619290 5
1704619298 7
1704619306 13



# Sketch: 29
1704618714 6
1704618722 4
1704618730 1
1704618738 4
1704618746 4
1704618754 7
1704618762 8
1704618770 7
1704618778 3
1704618786 1
1704618794 3
1704618802 3
1704618810 10
1704618818 3
1704618826 8
1704618834 0
1704618842 3
1704618850 6
1704618858 8
1704618866 17
1704618874 9
1704618882 2
1704618890 2
1704618898 8
1704618906 0
1704618914 2
1704618922 5
1704618930 7
1704618938 11
1704618946 2
1704618954 6
1704618962 4
1704618970 6
1704618978 3
1704618986 2
1704618994 4
1704619002 5
1704619010 5
1704619018 2
1704619026 5
1704619034 1
1704619042 15
1704619050 3
1704619058 8
1704619066 5
1704619074 2
1704619082 9
1704619090 1
1704619098 3
1704619106 4
1704619114 6
1704619122 3
1704619130 8
1704619138 4
1704619146 2
1704619154 5
1704619162 1
1704619170 1
1704619178 1
1704619186 5
1704619194 2
1704619202 5
1704619210 10
1704619218 4
1704619226 5
1704619234 2
1704619242 7
1704619250 2
1704619258 3
1704619266 3
1704619274 3
1704619282 1
1704619290 15
1704619298 3
1704619306 3



# Sketch: 30
1704618714 4
1704618722 9
1704618730 2
1704618738 4
1704618746 12
1704618754 11
1704618762 4
1704618770 3
1704618778 4
1704618786 6
1704618794 28
1704618802 7
1704618810 13
1704618818 2
1704618826 1
1704618834 2
1704618842 4
1704618850 4
1704618858 1
1704618866 2
1704618874 6
1704618882 6
1704618890 3
1704618898 11
1704618906 9
1704618914 7
1704618922 4
1704618930 10
1704618938 2
1704618946 2
1704618954 7
1704618962 18
1704618970 6
1704618978 6
1704618986 20
1704618994 16
1704619002 5
1704619010 8
1704619018 14
1704619026 8
1704619034 29
1704619042 2
1704619050 13
1704619058 3
1704619066 5
1704619074 7
1704619082 2
1704619090 7
1704619098 15
1704619106 10
1704619114 3
1704619122 3
1704619130 3
1704619138 8
1704619146 6
1704619154 11
1704619162 5
1704619170 10
1704619178 7
1704619186 1
1704619194 4
1704619202 16
1704619210 3
1704619218 1
1704619226 0
1704619234 10
1704619242 3
1704619250 2
1704619258 4
1704619266 9
1704619274 4
1704619282 15
1704619290 9
1704619298 16
1704619306 3



# Sketch: 31
1704618714 7
1704618722 6
1704618730 10
1704618738 12
1704618746 6
1704618754 6
1704618762 5
1704618770 6
1704618778 6
1704618786 6
1704618794 7
1704618802 4
1704618810 6
1704618818 2
1704618826 3
1704618834 6
1704618842 8
1704618850 5
1704618858 10
1704618866 7
1704618874 0
1704618882 6
1704618890 2
1704618898 5
1704618906 8
1704618914 1
1704618922 4
1704618930 10
1704618938 7
1704618946 1
1704618954 1
1704618962 24
1704618970 6
1704618978 1
1704618986 4
1704618994 4
1704619002 3
1704619010 7
1704619018 6
1704619026 5
1704619034 3
1704619042 3
1704619050 7
1704619058 1
1704619066 3
1704619074 3
1704619082 20
1704619090 7
1704619098 1
1704619106 10
1704619114 6
1704619122 5
1704619130 5
1704619138 6
1704619146 9
1704619154 3
1704619162 2
1704619170 9
1704619178 5
1704619186 3
1704619194 0
1704619202 12
1704619210 11
1704619218 7
1704619226 6
1704619234 5
1704619242 3
1704619250 2
1704619258 2
1704619266 5
1704619274 2
1704619282 0
1704619290 6
1704619298 27
1704619306 3

