

# Sketch: 0
1704618714 21
1704618746 7
1704618778 12
1704618810 15
1704618842 32
1704618874 31
1704618906 15
1704618938 16
1704618970 20
1704619002 16
1704619034 11
1704619066 18
1704619098 24
1704619130 34
1704619162 21
1704619194 30
1704619226 11
1704619258 15
1704619290 10



# Sketch: 1
1704618714 13
1704618746 14
1704618778 18
1704618810 8
1704618842 26
1704618874 29
1704618906 17
1704618938 13
1704618970 19
1704619002 10
1704619034 9
1704619066 17
1704619098 30
1704619130 12
1704619162 18
1704619194 8
1704619226 13
1704619258 19
1704619290 8



# Sketch: 2
1704618714 25
1704618746 15
1704618778 26
1704618810 27
1704618842 74
1704618874 21
1704618906 34
1704618938 32
1704618970 23
1704619002 17
1704619034 45
1704619066 24
1704619098 23
1704619130 30
1704619162 31
1704619194 15
1704619226 13
1704619258 21
1704619290 27



# Sketch: 3
1704618714 13
1704618746 13
1704618778 17
1704618810 8
1704618842 20
1704618874 81
1704618906 20
1704618938 40
1704618970 24
1704619002 8
1704619034 12
1704619066 19
1704619098 15
1704619130 9
1704619162 12
1704619194 20
1704619226 46
1704619258 11
1704619290 7



# Sketch: 4
1704618714 21
1704618746 15
1704618778 17
1704618810 9
1704618842 8
1704618874 19
1704618906 6
1704618938 17
1704618970 18
1704619002 9
1704619034 9
1704619066 20
1704619098 10
1704619130 15
1704619162 34
1704619194 10
1704619226 13
1704619258 20
1704619290 9



# Sketch: 5
1704618714 11
1704618746 6
1704618778 13
1704618810 7
1704618842 23
1704618874 7
1704618906 21
1704618938 14
1704618970 14
1704619002 12
1704619034 6
1704619066 16
1704619098 18
1704619130 13
1704619162 5
1704619194 9
1704619226 12
1704619258 6
1704619290 6



# Sketch: 6
1704618714 15
1704618746 19
1704618778 13
1704618810 11
1704618842 26
1704618874 38
1704618906 11
1704618938 16
1704618970 15
1704619002 23
1704619034 18
1704619066 13
1704619098 19
1704619130 10
1704619162 12
1704619194 18
1704619226 13
1704619258 14
1704619290 14



# Sketch: 7
1704618714 30
1704618746 9
1704618778 8
1704618810 11
1704618842 12
1704618874 20
1704618906 7
1704618938 16
1704618970 8
1704619002 28
1704619034 6
1704619066 15
1704619098 22
1704619130 7
1704619162 12
1704619194 12
1704619226 12
1704619258 13
1704619290 19



# Sketch: 8
1704618714 9
1704618746 21
1704618778 8
1704618810 13
1704618842 7
1704618874 22
1704618906 11
1704618938 12
1704618970 27
1704619002 16
1704619034 9
1704619066 18
1704619098 8
1704619130 11
1704619162 5
1704619194 16
1704619226 12
1704619258 9
1704619290 19



# Sketch: 9
1704618714 31
1704618746 14
1704618778 40
1704618810 18
1704618842 42
1704618874 13
1704618906 9
1704618938 22
1704618970 34
1704619002 10
1704619034 18
1704619066 16
1704619098 21
1704619130 15
1704619162 20
1704619194 14
1704619226 18
1704619258 14
1704619290 24



# Sketch: 10
1704618714 33
1704618746 27
1704618778 29
1704618810 24
1704618842 12
1704618874 31
1704618906 42
1704618938 40
1704618970 29
1704619002 31
1704619034 34
1704619066 17
1704619098 23
1704619130 25
1704619162 17
1704619194 19
1704619226 11
1704619258 32
1704619290 30



# Sketch: 11
1704618714 18
1704618746 39
1704618778 19
1704618810 9
1704618842 22
1704618874 38
1704618906 9
1704618938 10
1704618970 25
1704619002 16
1704619034 18
1704619066 19
1704619098 31
1704619130 26
1704619162 12
1704619194 11
1704619226 39
1704619258 20
1704619290 22



# Sketch: 12
1704618714 19
1704618746 7
1704618778 23
1704618810 12
1704618842 15
1704618874 20
1704618906 8
1704618938 14
1704618970 17
1704619002 45
1704619034 9
1704619066 15
1704619098 24
1704619130 10
1704619162 3
1704619194 13
1704619226 9
1704619258 9
1704619290 12



# Sketch: 13
1704618714 30
1704618746 10
1704618778 16
1704618810 16
1704618842 25
1704618874 32
1704618906 21
1704618938 26
1704618970 17
1704619002 23
1704619034 18
1704619066 20
1704619098 29
1704619130 17
1704619162 14
1704619194 24
1704619226 23
1704619258 11
1704619290 8



# Sketch: 14
1704618714 57
1704618746 39
1704618778 17
1704618810 17
1704618842 22
1704618874 31
1704618906 13
1704618938 24
1704618970 20
1704619002 11
1704619034 26
1704619066 22
1704619098 22
1704619130 16
1704619162 33
1704619194 20
1704619226 41
1704619258 19
1704619290 4



# Sketch: 15
1704618714 13
1704618746 12
1704618778 12
1704618810 31
1704618842 24
1704618874 27
1704618906 19
1704618938 20
1704618970 21
1704619002 28
1704619034 11
1704619066 21
1704619098 19
1704619130 12
1704619162 8
1704619194 12
1704619226 9
1704619258 19
1704619290 7



# Sketch: 16
1704618714 30
1704618746 10
1704618778 21
1704618810 7
1704618842 22
1704618874 14
1704618906 9
1704618938 22
1704618970 21
1704619002 13
1704619034 8
1704619066 9
1704619098 24
1704619130 20
1704619162 16
1704619194 16
1704619226 13
1704619258 12
1704619290 15



# Sketch: 17
1704618714 14
1704618746 25
1704618778 16
1704618810 15
1704618842 14
1704618874 21
1704618906 15
1704618938 7
1704618970 17
1704619002 17
1704619034 8
1704619066 38
1704619098 29
1704619130 3
1704619162 23
1704619194 8
1704619226 14
1704619258 12
1704619290 21



# Sketch: 18
1704618714 22
1704618746 8
1704618778 13
1704618810 12
1704618842 11
1704618874 19
1704618906 14
1704618938 12
1704618970 21
1704619002 16
1704619034 9
1704619066 7
1704619098 18
1704619130 8
1704619162 16
1704619194 9
1704619226 11
1704619258 12
1704619290 8



# Sketch: 19
1704618714 15
1704618746 19
1704618778 25
1704618810 42
1704618842 18
1704618874 21
1704618906 24
1704618938 10
1704618970 24
1704619002 11
1704619034 16
1704619066 7
1704619098 8
1704619130 20
1704619162 12
1704619194 17
1704619226 10
1704619258 11
1704619290 8



# Sketch: 20
1704618714 24
1704618746 20
1704618778 8
1704618810 8
1704618842 39
1704618874 21
1704618906 22
1704618938 13
1704618970 8
1704619002 22
1704619034 7
1704619066 15
1704619098 14
1704619130 9
1704619162 16
1704619194 11
1704619226 14
1704619258 19
1704619290 28



# Sketch: 21
1704618714 30
1704618746 12
1704618778 50
1704618810 15
1704618842 26
1704618874 16
1704618906 19
1704618938 14
1704618970 23
1704619002 23
1704619034 18
1704619066 17
1704619098 11
1704619130 14
1704619162 18
1704619194 23
1704619226 23
1704619258 7
1704619290 14



# Sketch: 22
1704618714 20
1704618746 18
1704618778 15
1704618810 16
1704618842 20
1704618874 30
1704618906 15
1704618938 13
1704618970 15
1704619002 13
1704619034 11
1704619066 17
1704619098 28
1704619130 11
1704619162 7
1704619194 29
1704619226 15
1704619258 20
1704619290 19



# Sketch: 23
1704618714 16
1704618746 28
1704618778 29
1704618810 40
1704618842 16
1704618874 18
1704618906 17
1704618938 22
1704618970 18
1704619002 17
1704619034 8
1704619066 9
1704619098 21
1704619130 10
1704619162 18
1704619194 21
1704619226 11
1704619258 31
1704619290 13



# Sketch: 24
1704618714 23
1704618746 29
1704618778 29
1704618810 42
1704618842 24
1704618874 46
1704618906 33
1704618938 21
1704618970 37
1704619002 21
1704619034 55
1704619066 25
1704619098 24
1704619130 32
1704619162 17
1704619194 47
1704619226 9
1704619258 17
1704619290 37



# Sketch: 25
1704618714 26
1704618746 10
1704618778 22
1704618810 19
1704618842 25
1704618874 17
1704618906 14
1704618938 16
1704618970 25
1704619002 11
1704619034 22
1704619066 19
1704619098 18
1704619130 17
1704619162 11
1704619194 19
1704619226 18
1704619258 14
1704619290 9



# Sketch: 26
1704618714 22
1704618746 18
1704618778 11
1704618810 40
1704618842 32
1704618874 22
1704618906 12
1704618938 21
1704618970 22
1704619002 24
1704619034 22
1704619066 70
1704619098 81
1704619130 21
1704619162 16
1704619194 25
1704619226 23
1704619258 22
1704619290 22



# Sketch: 27
1704618714 23
1704618746 19
1704618778 14
1704618810 38
1704618842 23
1704618874 24
1704618906 13
1704618938 19
1704618970 24
1704619002 19
1704619034 14
1704619066 22
1704619098 18
1704619130 15
1704619162 13
1704619194 25
1704619226 30
1704619258 16
1704619290 11



# Sketch: 28
1704618714 8
1704618746 12
1704618778 23
1704618810 6
1704618842 21
1704618874 9
1704618906 5
1704618938 23
1704618970 17
1704619002 8
1704619034 50
1704619066 9
1704619098 9
1704619130 9
1704619162 11
1704619194 8
1704619226 17
1704619258 21
1704619290 9



# Sketch: 29
1704618714 30
1704618746 13
1704618778 18
1704618810 11
1704618842 19
1704618874 13
1704618906 23
1704618938 14
1704618970 15
1704619002 16
1704619034 13
1704619066 6
1704619098 12
1704619130 12
1704619162 8
1704619194 13
1704619226 34
1704619258 24
1704619290 18



# Sketch: 30
1704618714 25
1704618746 23
1704618778 19
1704618810 15
1704618842 30
1704618874 19
1704618906 21
1704618938 12
1704618970 28
1704619002 9
1704619034 12
1704619066 20
1704619098 36
1704619130 22
1704619162 11
1704619194 12
1704619226 21
1704619258 23
1704619290 23



# Sketch: 31
1704618714 15
1704618746 17
1704618778 13
1704618810 15
1704618842 8
1704618874 13
1704618906 23
1704618938 13
1704618970 9
1704619002 10
1704619034 10
1704619066 25
1704619098 10
1704619130 10
1704619162 9
1704619194 24
1704619226 9
1704619258 4
1704619290 19

