

# Sketch: 0
1704618714 81
1704618842 97
1704618970 164
1704619098 162
1704619226 60



# Sketch: 1
1704618714 91
1704618842 76
1704618970 47
1704619098 59
1704619226 49



# Sketch: 2
1704618714 83
1704618842 67
1704618970 69
1704619098 35
1704619226 42



# Sketch: 3
1704618714 53
1704618842 87
1704618970 58
1704619098 62
1704619226 41



# Sketch: 4
1704618714 113
1704618842 131
1704618970 143
1704619098 111
1704619226 107



# Sketch: 5
1704618714 93
1704618842 121
1704618970 147
1704619098 79
1704619226 86



# Sketch: 6
1704618714 54
1704618842 78
1704618970 53
1704619098 75
1704619226 30



# Sketch: 7
1704618714 67
1704618842 72
1704618970 53
1704619098 60
1704619226 42



# Sketch: 8
1704618714 70
1704618842 83
1704618970 43
1704619098 83
1704619226 37



# Sketch: 9
1704618714 91
1704618842 104
1704618970 57
1704619098 82
1704619226 77



# Sketch: 10
1704618714 55
1704618842 92
1704618970 59
1704619098 54
1704619226 66



# Sketch: 11
1704618714 74
1704618842 54
1704618970 92
1704619098 89
1704619226 36



# Sketch: 12
1704618714 77
1704618842 62
1704618970 71
1704619098 56
1704619226 52



# Sketch: 13
1704618714 62
1704618842 60
1704618970 55
1704619098 66
1704619226 46



# Sketch: 14
1704618714 87
1704618842 78
1704618970 66
1704619098 54
1704619226 27



# Sketch: 15
1704618714 61
1704618842 73
1704618970 89
1704619098 60
1704619226 36



# Sketch: 16
1704618714 56
1704618842 75
1704618970 70
1704619098 67
1704619226 39



# Sketch: 17
1704618714 57
1704618842 64
1704618970 42
1704619098 60
1704619226 61



# Sketch: 18
1704618714 115
1704618842 126
1704618970 69
1704619098 87
1704619226 50



# Sketch: 19
1704618714 89
1704618842 87
1704618970 60
1704619098 80
1704619226 47



# Sketch: 20
1704618714 85
1704618842 105
1704618970 78
1704619098 71
1704619226 30



# Sketch: 21
1704618714 52
1704618842 66
1704618970 54
1704619098 71
1704619226 38



# Sketch: 22
1704618714 88
1704618842 77
1704618970 78
1704619098 73
1704619226 42



# Sketch: 23
1704618714 80
1704618842 56
1704618970 67
1704619098 43
1704619226 27



# Sketch: 24
1704618714 84
1704618842 80
1704618970 75
1704619098 50
1704619226 38



# Sketch: 25
1704618714 85
1704618842 83
1704618970 67
1704619098 80
1704619226 28



# Sketch: 26
1704618714 71
1704618842 111
1704618970 66
1704619098 57
1704619226 108



# Sketch: 27
1704618714 62
1704618842 81
1704618970 59
1704619098 52
1704619226 46



# Sketch: 28
1704618714 74
1704618842 58
1704618970 55
1704619098 70
1704619226 30



# Sketch: 29
1704618714 82
1704618842 54
1704618970 66
1704619098 62
1704619226 41



# Sketch: 30
1704618714 65
1704618842 95
1704618970 106
1704619098 53
1704619226 75



# Sketch: 31
1704618714 84
1704618842 94
1704618970 77
1704619098 68
1704619226 50

