

# Sketch: 0
0 1.07052
1 1.34866
2 1.05887
3 0.746715
4 1.11999
5 1.00381
6 0.574861
7 3.19982



# Sketch: 1
0 0.811579
1 0.844032
2 0.807866
3 1.43912
4 0.854795
5 0.685699
6 0.0576041
7 0.222631



# Sketch: 2
0 0.477409
1 0.224938
2 0.286048
3 0.48114
4 0.466295
5 0.299176
6 0.595222
7 0.659404



# Sketch: 3
0 0.54642
1 0.55274
2 0.403205
3 0.367291
4 0.314702
5 0.554032
6 0.39807
7 0.573478



# Sketch: 4
0 0.877923
1 0.750046
2 0.566751
3 0.460973
4 0.39973
5 0.383077
6 0.623787
7 0.712974



# Sketch: 5
0 0.713154
1 0.427737
2 0.454817
3 0.490026
4 0.246474
5 0.364431
6 0.398221
7 0.49947



# Sketch: 6
0 0.820769
1 0.626208
2 0.791429
3 0.757874
4 1.5131
5 0.662961
6 0.378133
7 0.705108



# Sketch: 7
0 0.565765
1 0.503351
2 0.415028
3 0.390094
4 0.569498
5 0.304075
6 0.43843
7 0.726003



# Sketch: 8
0 0.68665
1 0.757617
2 0.706082
3 0.436343
4 0.597478
5 0.448208
6 0.556237
7 0.380793



# Sketch: 9
0 0.776502
1 0.716935
2 0.600882
3 0.410259
4 0.584907
5 0.496623
6 0.510535
7 0.769136



# Sketch: 10
0 0.796776
1 0.457114
2 0.272851
3 0.451332
4 0.325626
5 0.282122
6 0.28438
7 0.289255



# Sketch: 11
0 0.735593
1 0.5994
2 0.430617
3 0.64747
4 0.358574
5 0.365291
6 0.574717
7 0.375785



# Sketch: 12
0 0.430342
1 0.48259
2 0.491715
3 0.283359
4 0.289151
5 0.318202
6 0.545751
7 1.89774



# Sketch: 13
0 0.704503
1 0.740493
2 0.806164
3 0.149005
4 0.263276
5 0.415757
6 0.277557
7 0.706729



# Sketch: 14
0 0.600676
1 0.886906
2 0.626705
3 0.441399
4 0.458861
5 0.401312
6 1.36577
7 0.583383



# Sketch: 15
0 1.24027
1 1.42256
2 1.40572
3 1.02057
4 0.460584
5 0.25471
6 0.594483
7 0.442613



# Sketch: 16
0 0.749152
1 1.12442
2 1.07136
3 1.52758
4 1.57595
5 1.07409
6 0.588259
7 0.280761



# Sketch: 17
0 0.709608
1 0.164221
2 0.0945981
3 0.29292
4 0.314139
5 0.362295
6 0.344016
7 0.48823



# Sketch: 18
0 0.263642
1 0.35141
2 0.192151
3 0.205859
4 0.213675
5 0.223978
6 1.37529
7 0.625745



# Sketch: 19
0 0.62062
1 0.664328
2 0.806348
3 0.669638
4 0.767274
5 0.829273
6 0.842517
7 1.08544



# Sketch: 20
0 2.22788
1 1.67552
2 1.13486
3 0.726283
4 0.582416
5 0.584855
6 0.989249
7 1.42802



# Sketch: 21
0 2.02567
1 2.58461
2 2.87791
3 2.34686
4 2.24122
5 2.29125
6 1.52784
7 1.76309



# Sketch: 22
0 0.584849
1 0.499119
2 0.529372
3 0.517691
4 0.632717
5 0.304498
6 0.42035
7 0.438538



# Sketch: 23
0 0.553511
1 0.530284
2 0.446081
3 0.29379
4 0.355252
5 0.298808
6 0.342752
7 0.68578



# Sketch: 24
0 0.553472
1 0.576249
2 0.269923
3 0.246663
4 0.300333
5 0.26634
6 0.435878
7 0.759401



# Sketch: 25
0 0.267388
1 0.180226
2 0.315916
3 0.242966
4 0.158086
5 0.273429
6 0.269999
7 0.577836



# Sketch: 26
0 0.263214
1 0.274687
2 0.57753
3 0.359327
4 0.26258
5 0.538671
6 0.384164
7 0.619769



# Sketch: 27
0 0.27743
1 0.324259
2 0.306672
3 0.238528
4 0.639415
5 1.53868
6 0.385126
7 0.592205



# Sketch: 28
0 0.661993
1 0.662464
2 0.656408
3 0.864526
4 0.843509
5 0.740113
6 0.538257
7 0.449937



# Sketch: 29
0 0.716276
1 0.63662
2 0.951191
3 0.961577
4 0.41802
5 0.408432
6 0.342106
7 0.414372



# Sketch: 30
0 1.22043
1 0.535779
2 0.251619
3 0.128821
4 0.320865
5 0.33334
6 0.330117
7 1.27765



# Sketch: 31
0 0.450345
1 0.492562
2 0.685452
3 0.75142
4 0.545905
5 0.686956
6 0.615875
7 0.991789

