

# Sketch: 0
1704618714 46
1704618778 53
1704618842 32
1704618906 36
1704618970 38
1704619034 78
1704619098 116
1704619162 38
1704619226 30
1704619290 22



# Sketch: 1
1704618714 46
1704618778 37
1704618842 71
1704618906 19
1704618970 36
1704619034 27
1704619098 33
1704619162 50
1704619226 31
1704619290 13



# Sketch: 2
1704618714 27
1704618778 45
1704618842 49
1704618906 27
1704618970 42
1704619034 27
1704619098 19
1704619162 36
1704619226 21
1704619290 6



# Sketch: 3
1704618714 32
1704618778 31
1704618842 25
1704618906 51
1704618970 13
1704619034 30
1704619098 27
1704619162 24
1704619226 31
1704619290 10



# Sketch: 4
1704618714 40
1704618778 32
1704618842 56
1704618906 24
1704618970 36
1704619034 31
1704619098 31
1704619162 38
1704619226 39
1704619290 13



# Sketch: 5
1704618714 40
1704618778 27
1704618842 31
1704618906 43
1704618970 37
1704619034 28
1704619098 28
1704619162 52
1704619226 23
1704619290 9



# Sketch: 6
1704618714 27
1704618778 26
1704618842 42
1704618906 32
1704618970 28
1704619034 36
1704619098 38
1704619162 13
1704619226 25
1704619290 19



# Sketch: 7
1704618714 32
1704618778 40
1704618842 65
1704618906 32
1704618970 37
1704619034 25
1704619098 38
1704619162 33
1704619226 25
1704619290 8



# Sketch: 8
1704618714 53
1704618778 17
1704618842 36
1704618906 55
1704618970 30
1704619034 24
1704619098 29
1704619162 37
1704619226 44
1704619290 2



# Sketch: 9
1704618714 49
1704618778 40
1704618842 53
1704618906 48
1704618970 44
1704619034 29
1704619098 20
1704619162 26
1704619226 28
1704619290 10



# Sketch: 10
1704618714 32
1704618778 36
1704618842 39
1704618906 34
1704618970 34
1704619034 29
1704619098 39
1704619162 42
1704619226 24
1704619290 24



# Sketch: 11
1704618714 49
1704618778 18
1704618842 45
1704618906 27
1704618970 38
1704619034 31
1704619098 39
1704619162 24
1704619226 27
1704619290 14



# Sketch: 12
1704618714 25
1704618778 24
1704618842 39
1704618906 30
1704618970 20
1704619034 46
1704619098 24
1704619162 12
1704619226 24
1704619290 7



# Sketch: 13
1704618714 52
1704618778 52
1704618842 61
1704618906 31
1704618970 31
1704619034 36
1704619098 61
1704619162 39
1704619226 37
1704619290 20



# Sketch: 14
1704618714 45
1704618778 45
1704618842 42
1704618906 49
1704618970 56
1704619034 68
1704619098 43
1704619162 27
1704619226 80
1704619290 33



# Sketch: 15
1704618714 53
1704618778 40
1704618842 105
1704618906 37
1704618970 64
1704619034 36
1704619098 28
1704619162 39
1704619226 37
1704619290 32



# Sketch: 16
1704618714 49
1704618778 67
1704618842 42
1704618906 24
1704618970 27
1704619034 30
1704619098 31
1704619162 36
1704619226 50
1704619290 21



# Sketch: 17
1704618714 38
1704618778 27
1704618842 66
1704618906 37
1704618970 36
1704619034 34
1704619098 54
1704619162 36
1704619226 30
1704619290 20



# Sketch: 18
1704618714 42
1704618778 50
1704618842 33
1704618906 57
1704618970 69
1704619034 54
1704619098 33
1704619162 35
1704619226 30
1704619290 17



# Sketch: 19
1704618714 31
1704618778 34
1704618842 35
1704618906 28
1704618970 50
1704619034 38
1704619098 43
1704619162 24
1704619226 29
1704619290 19



# Sketch: 20
1704618714 49
1704618778 79
1704618842 31
1704618906 39
1704618970 45
1704619034 35
1704619098 39
1704619162 23
1704619226 33
1704619290 12



# Sketch: 21
1704618714 28
1704618778 15
1704618842 34
1704618906 24
1704618970 24
1704619034 19
1704619098 32
1704619162 31
1704619226 31
1704619290 14



# Sketch: 22
1704618714 22
1704618778 51
1704618842 36
1704618906 34
1704618970 43
1704619034 47
1704619098 33
1704619162 34
1704619226 50
1704619290 23



# Sketch: 23
1704618714 54
1704618778 23
1704618842 47
1704618906 27
1704618970 24
1704619034 20
1704619098 18
1704619162 25
1704619226 38
1704619290 23



# Sketch: 24
1704618714 31
1704618778 32
1704618842 51
1704618906 32
1704618970 54
1704619034 12
1704619098 27
1704619162 24
1704619226 25
1704619290 14



# Sketch: 25
1704618714 42
1704618778 22
1704618842 53
1704618906 32
1704618970 36
1704619034 53
1704619098 39
1704619162 40
1704619226 34
1704619290 6



# Sketch: 26
1704618714 39
1704618778 34
1704618842 26
1704618906 35
1704618970 26
1704619034 48
1704619098 57
1704619162 31
1704619226 28
1704619290 9



# Sketch: 27
1704618714 37
1704618778 33
1704618842 29
1704618906 19
1704618970 30
1704619034 24
1704619098 31
1704619162 43
1704619226 30
1704619290 9



# Sketch: 28
1704618714 33
1704618778 29
1704618842 67
1704618906 39
1704618970 37
1704619034 37
1704619098 30
1704619162 48
1704619226 26
1704619290 30



# Sketch: 29
1704618714 40
1704618778 20
1704618842 56
1704618906 51
1704618970 25
1704619034 31
1704619098 22
1704619162 21
1704619226 33
1704619290 16



# Sketch: 30
1704618714 41
1704618778 42
1704618842 49
1704618906 38
1704618970 49
1704619034 52
1704619098 44
1704619162 41
1704619226 67
1704619290 20



# Sketch: 31
1704618714 26
1704618778 70
1704618842 75
1704618906 35
1704618970 49
1704619034 32
1704619098 48
1704619162 15
1704619226 24
1704619290 5

