

# Sketch: 0
0 0.193161
1 0.249508
2 0.253246
3 0.147558
4 0.25897
5 0.199114
6 0.375108
7 0.435754



# Sketch: 1
0 0.25914
1 0.277738
2 0.230666
3 0.421302
4 0.296383
5 0.563611
6 0.535361
7 0.478419



# Sketch: 2
0 0.50758
1 0.407189
2 0.452266
3 0.296862
4 0.400214
5 0.217498
6 0.227176
7 0.487208



# Sketch: 3
0 0.277468
1 0.303588
2 0.272585
3 0.276417
4 0.343664
5 0.378465
6 0.60229
7 0.433765



# Sketch: 4
0 0.671831
1 0.61339
2 0.678719
3 0.56237
4 0.485168
5 0.362329
6 0.536164
7 0.534773



# Sketch: 5
0 0.224899
1 0.155643
2 0.207721
3 0.325719
4 0.505508
5 0.310621
6 0.354891
7 0.476953



# Sketch: 6
0 0.192198
1 0.136608
2 0.205461
3 0.181316
4 0.226848
5 0.354283
6 0.309023
7 0.403098



# Sketch: 7
0 0.382857
1 0.411031
2 0.245391
3 0.265657
4 0.292803
5 0.363835
6 0.43573
7 0.504369



# Sketch: 8
0 0.654318
1 0.747326
2 0.915071
3 0.882882
4 0.911258
5 0.827012
6 0.839542
7 0.979277



# Sketch: 9
0 0.422941
1 0.180089
2 0.163021
3 0.393526
4 0.262687
5 0.355612
6 0.386199
7 3.30738



# Sketch: 10
0 0.269153
1 0.421265
2 0.42089
3 0.484235
4 0.791135
5 0.792385
6 0.702956
7 0.6766



# Sketch: 11
0 0.134901
1 0.203843
2 0.243833
3 0.348226
4 0.287414
5 0.35801
6 1.59842
7 0.554774



# Sketch: 12
0 1.47783
1 1.60759
2 1.86099
3 1.43153
4 0.852468
5 2.47305
6 1.04334
7 0.538955



# Sketch: 13
0 0.677018
1 0.633578
2 0.725863
3 0.932779
4 0.536893
5 0.143599
6 0.16
7 0.362735



# Sketch: 14
0 0.200901
1 0.27785
2 0.354913
3 0.263707
4 0.384734
5 0.363066
6 0.4778
7 0.754332



# Sketch: 15
0 1.89863
1 1.99893
2 1.61619
3 1.90291
4 2.02075
5 2.45272
6 3.0595
7 3.2472



# Sketch: 16
0 0.67769
1 0.647532
2 0.660719
3 0.63452
4 0.640039
5 0.537064
6 0.706737
7 0.348517



# Sketch: 17
0 0.407535
1 0.439823
2 0.521934
3 0.442092
4 0.365118
5 0.390861
6 0.572669
7 0.456288



# Sketch: 18
0 0.326722
1 0.361925
2 0.737305
3 1.54623
4 2.07045
5 1.58928
6 1.33278
7 2.7514



# Sketch: 19
0 1.23072
1 1.35226
2 2.46747
3 2.33635
4 2.21712
5 2.36643
6 1.90666
7 2.45742



# Sketch: 20
0 0.267898
1 0.3349
2 0.339104
3 0.304554
4 0.409912
5 0.551606
6 0.570876
7 0.484407



# Sketch: 21
0 0.174893
1 0.161606
2 0.191471
3 0.338524
4 0.199074
5 0.478065
6 0.439975
7 0.827328



# Sketch: 22
0 0.297961
1 0.446717
2 0.668502
3 0.93647
4 0.433209
5 0.344967
6 0.607131
7 0.452029



# Sketch: 23
0 0.237489
1 0.200513
2 0.273254
3 0.344339
4 0.57228
5 0.38483
6 2.50879
7 0.610715



# Sketch: 24
0 0.509694
1 0.393696
2 0.224661
3 0.337077
4 0.286448
5 0.350574
6 0.386951
7 0.608708



# Sketch: 25
0 1.08373
1 1.10853
2 0.986726
3 0.94595
4 0.859511
5 0.825766
6 0.542818
7 0.598405



# Sketch: 26
0 0.708147
1 0.765633
2 0.845955
3 0.928699
4 0.939026
5 0.858696
6 0.615196
7 0.481969



# Sketch: 27
0 0.573768
1 0.943246
2 0.744532
3 0.292103
4 0.21786
5 0.323842
6 0.399383
7 0.430407



# Sketch: 28
0 0.18708
1 0.189056
2 0.197124
3 0.324357
4 0.238666
5 0.478784
6 0.433536
7 0.393476



# Sketch: 29
0 0.522715
1 0.449412
2 0.42947
3 0.325296
4 0.250687
5 0.541653
6 0.532908
7 0.955311



# Sketch: 30
0 0.271959
1 0.246038
2 0.408774
3 0.498402
4 0.442156
5 0.312984
6 0.366161
7 0.598043



# Sketch: 31
0 0.482758
1 0.763201
2 0.587823
3 0.303613
4 0.556694
5 0.46575
6 0.396015
7 0.544984

