

# Sketch: 0
1704619314 40
1704619378 35
1704619442 39
1704619506 30
1704619570 31
1704619634 36
1704619698 35
1704619762 37
1704619826 44
1704619890 14



# Sketch: 1
1704619314 31
1704619378 56
1704619442 37
1704619506 20
1704619570 17
1704619634 29
1704619698 41
1704619762 19
1704619826 27
1704619890 22



# Sketch: 2
1704619314 24
1704619378 17
1704619442 36
1704619506 36
1704619570 25
1704619634 25
1704619698 40
1704619762 75
1704619826 29
1704619890 14



# Sketch: 3
1704619314 45
1704619378 20
1704619442 33
1704619506 102
1704619570 21
1704619634 32
1704619698 15
1704619762 27
1704619826 44
1704619890 16



# Sketch: 4
1704619314 32
1704619378 65
1704619442 29
1704619506 33
1704619570 31
1704619634 29
1704619698 34
1704619762 39
1704619826 69
1704619890 13



# Sketch: 5
1704619314 39
1704619378 18
1704619442 19
1704619506 33
1704619570 29
1704619634 22
1704619698 20
1704619762 44
1704619826 45
1704619890 11



# Sketch: 6
1704619314 32
1704619378 46
1704619442 17
1704619506 23
1704619570 38
1704619634 31
1704619698 22
1704619762 36
1704619826 30
1704619890 16



# Sketch: 7
1704619314 31
1704619378 53
1704619442 41
1704619506 36
1704619570 24
1704619634 28
1704619698 29
1704619762 31
1704619826 71
1704619890 13



# Sketch: 8
1704619314 64
1704619378 28
1704619442 39
1704619506 37
1704619570 28
1704619634 25
1704619698 26
1704619762 32
1704619826 51
1704619890 26



# Sketch: 9
1704619314 33
1704619378 27
1704619442 31
1704619506 30
1704619570 28
1704619634 37
1704619698 39
1704619762 53
1704619826 46
1704619890 8



# Sketch: 10
1704619314 31
1704619378 69
1704619442 52
1704619506 26
1704619570 24
1704619634 36
1704619698 24
1704619762 36
1704619826 33
1704619890 8



# Sketch: 11
1704619314 24
1704619378 88
1704619442 35
1704619506 25
1704619570 16
1704619634 28
1704619698 40
1704619762 27
1704619826 26
1704619890 6



# Sketch: 12
1704619314 38
1704619378 29
1704619442 42
1704619506 38
1704619570 40
1704619634 50
1704619698 30
1704619762 44
1704619826 54
1704619890 11



# Sketch: 13
1704619314 46
1704619378 36
1704619442 32
1704619506 46
1704619570 26
1704619634 43
1704619698 30
1704619762 32
1704619826 37
1704619890 14



# Sketch: 14
1704619314 39
1704619378 38
1704619442 40
1704619506 45
1704619570 48
1704619634 27
1704619698 51
1704619762 31
1704619826 34
1704619890 12



# Sketch: 15
1704619314 62
1704619378 32
1704619442 48
1704619506 31
1704619570 33
1704619634 56
1704619698 28
1704619762 28
1704619826 34
1704619890 20



# Sketch: 16
1704619314 54
1704619378 28
1704619442 40
1704619506 38
1704619570 40
1704619634 48
1704619698 49
1704619762 35
1704619826 43
1704619890 21



# Sketch: 17
1704619314 27
1704619378 46
1704619442 40
1704619506 46
1704619570 34
1704619634 19
1704619698 35
1704619762 40
1704619826 31
1704619890 22



# Sketch: 18
1704619314 35
1704619378 55
1704619442 40
1704619506 56
1704619570 38
1704619634 45
1704619698 48
1704619762 58
1704619826 47
1704619890 26



# Sketch: 19
1704619314 33
1704619378 37
1704619442 55
1704619506 51
1704619570 33
1704619634 34
1704619698 36
1704619762 32
1704619826 56
1704619890 45



# Sketch: 20
1704619314 33
1704619378 35
1704619442 43
1704619506 28
1704619570 24
1704619634 28
1704619698 37
1704619762 36
1704619826 29
1704619890 21



# Sketch: 21
1704619314 34
1704619378 28
1704619442 49
1704619506 128
1704619570 34
1704619634 27
1704619698 20
1704619762 35
1704619826 27
1704619890 6



# Sketch: 22
1704619314 22
1704619378 26
1704619442 40
1704619506 38
1704619570 44
1704619634 28
1704619698 40
1704619762 47
1704619826 24
1704619890 9



# Sketch: 23
1704619314 30
1704619378 28
1704619442 45
1704619506 46
1704619570 29
1704619634 39
1704619698 31
1704619762 47
1704619826 48
1704619890 9



# Sketch: 24
1704619314 18
1704619378 33
1704619442 36
1704619506 27
1704619570 32
1704619634 34
1704619698 20
1704619762 98
1704619826 33
1704619890 29



# Sketch: 25
1704619314 22
1704619378 33
1704619442 44
1704619506 46
1704619570 27
1704619634 40
1704619698 50
1704619762 32
1704619826 86
1704619890 19



# Sketch: 26
1704619314 57
1704619378 31
1704619442 45
1704619506 30
1704619570 28
1704619634 35
1704619698 38
1704619762 51
1704619826 39
1704619890 14



# Sketch: 27
1704619314 45
1704619378 60
1704619442 38
1704619506 42
1704619570 47
1704619634 58
1704619698 42
1704619762 36
1704619826 60
1704619890 22



# Sketch: 28
1704619314 26
1704619378 29
1704619442 68
1704619506 30
1704619570 29
1704619634 44
1704619698 44
1704619762 47
1704619826 30
1704619890 18



# Sketch: 29
1704619314 25
1704619378 17
1704619442 26
1704619506 52
1704619570 32
1704619634 22
1704619698 13
1704619762 33
1704619826 38
1704619890 10



# Sketch: 30
1704619314 36
1704619378 36
1704619442 42
1704619506 56
1704619570 55
1704619634 42
1704619698 38
1704619762 54
1704619826 37
1704619890 5



# Sketch: 31
1704619314 28
1704619378 47
1704619442 37
1704619506 21
1704619570 43
1704619634 23
1704619698 21
1704619762 28
1704619826 31
1704619890 10

