

# Sketch: 0
1704619314 12
1704619346 15
1704619378 16
1704619410 28
1704619442 18
1704619474 20
1704619506 23
1704619538 16
1704619570 11
1704619602 11
1704619634 7
1704619666 15
1704619698 11
1704619730 11
1704619762 8
1704619794 18
1704619826 20
1704619858 23
1704619890 21



# Sketch: 1
1704619314 18
1704619346 33
1704619378 10
1704619410 33
1704619442 29
1704619474 25
1704619506 10
1704619538 38
1704619570 14
1704619602 20
1704619634 11
1704619666 18
1704619698 13
1704619730 19
1704619762 13
1704619794 19
1704619826 21
1704619858 26
1704619890 10



# Sketch: 2
1704619314 21
1704619346 26
1704619378 17
1704619410 7
1704619442 32
1704619474 45
1704619506 26
1704619538 17
1704619570 22
1704619602 10
1704619634 26
1704619666 21
1704619698 19
1704619730 15
1704619762 24
1704619794 24
1704619826 21
1704619858 22
1704619890 36



# Sketch: 3
1704619314 11
1704619346 40
1704619378 12
1704619410 20
1704619442 15
1704619474 28
1704619506 13
1704619538 24
1704619570 16
1704619602 12
1704619634 8
1704619666 12
1704619698 18
1704619730 19
1704619762 27
1704619794 22
1704619826 15
1704619858 23
1704619890 12



# Sketch: 4
1704619314 12
1704619346 31
1704619378 20
1704619410 28
1704619442 14
1704619474 26
1704619506 16
1704619538 17
1704619570 19
1704619602 8
1704619634 16
1704619666 26
1704619698 15
1704619730 11
1704619762 15
1704619794 15
1704619826 17
1704619858 19
1704619890 15



# Sketch: 5
1704619314 18
1704619346 15
1704619378 11
1704619410 15
1704619442 9
1704619474 20
1704619506 83
1704619538 12
1704619570 11
1704619602 10
1704619634 8
1704619666 16
1704619698 9
1704619730 12
1704619762 72
1704619794 16
1704619826 26
1704619858 49
1704619890 26



# Sketch: 6
1704619314 8
1704619346 10
1704619378 10
1704619410 13
1704619442 10
1704619474 11
1704619506 18
1704619538 18
1704619570 13
1704619602 17
1704619634 22
1704619666 11
1704619698 11
1704619730 19
1704619762 12
1704619794 20
1704619826 21
1704619858 17
1704619890 12



# Sketch: 7
1704619314 13
1704619346 13
1704619378 13
1704619410 9
1704619442 17
1704619474 17
1704619506 23
1704619538 12
1704619570 13
1704619602 7
1704619634 14
1704619666 20
1704619698 12
1704619730 15
1704619762 21
1704619794 22
1704619826 25
1704619858 27
1704619890 6



# Sketch: 8
1704619314 6
1704619346 19
1704619378 13
1704619410 19
1704619442 7
1704619474 29
1704619506 18
1704619538 10
1704619570 5
1704619602 15
1704619634 5
1704619666 43
1704619698 7
1704619730 12
1704619762 8
1704619794 9
1704619826 12
1704619858 18
1704619890 15



# Sketch: 9
1704619314 12
1704619346 27
1704619378 15
1704619410 11
1704619442 3
1704619474 13
1704619506 10
1704619538 15
1704619570 15
1704619602 15
1704619634 4
1704619666 14
1704619698 4
1704619730 22
1704619762 7
1704619794 17
1704619826 14
1704619858 23
1704619890 17



# Sketch: 10
1704619314 12
1704619346 6
1704619378 35
1704619410 16
1704619442 19
1704619474 13
1704619506 10
1704619538 11
1704619570 19
1704619602 32
1704619634 16
1704619666 17
1704619698 11
1704619730 8
1704619762 9
1704619794 20
1704619826 11
1704619858 9
1704619890 20



# Sketch: 11
1704619314 21
1704619346 14
1704619378 27
1704619410 20
1704619442 27
1704619474 22
1704619506 17
1704619538 16
1704619570 15
1704619602 16
1704619634 6
1704619666 33
1704619698 26
1704619730 15
1704619762 12
1704619794 22
1704619826 13
1704619858 17
1704619890 12



# Sketch: 12
1704619314 25
1704619346 13
1704619378 9
1704619410 18
1704619442 13
1704619474 14
1704619506 18
1704619538 11
1704619570 21
1704619602 17
1704619634 14
1704619666 12
1704619698 20
1704619730 20
1704619762 15
1704619794 14
1704619826 15
1704619858 14
1704619890 7



# Sketch: 13
1704619314 16
1704619346 13
1704619378 26
1704619410 10
1704619442 19
1704619474 14
1704619506 22
1704619538 10
1704619570 10
1704619602 9
1704619634 3
1704619666 20
1704619698 21
1704619730 11
1704619762 9
1704619794 19
1704619826 16
1704619858 20
1704619890 14



# Sketch: 14
1704619314 24
1704619346 11
1704619378 18
1704619410 25
1704619442 21
1704619474 17
1704619506 21
1704619538 23
1704619570 14
1704619602 14
1704619634 8
1704619666 48
1704619698 19
1704619730 26
1704619762 20
1704619794 24
1704619826 14
1704619858 28
1704619890 23



# Sketch: 15
1704619314 25
1704619346 9
1704619378 11
1704619410 37
1704619442 10
1704619474 29
1704619506 19
1704619538 18
1704619570 10
1704619602 15
1704619634 16
1704619666 30
1704619698 10
1704619730 22
1704619762 28
1704619794 13
1704619826 18
1704619858 23
1704619890 19



# Sketch: 16
1704619314 10
1704619346 2
1704619378 42
1704619410 10
1704619442 16
1704619474 28
1704619506 15
1704619538 9
1704619570 7
1704619602 8
1704619634 10
1704619666 4
1704619698 10
1704619730 13
1704619762 40
1704619794 21
1704619826 6
1704619858 27
1704619890 12



# Sketch: 17
1704619314 30
1704619346 8
1704619378 14
1704619410 19
1704619442 19
1704619474 27
1704619506 28
1704619538 13
1704619570 30
1704619602 18
1704619634 14
1704619666 36
1704619698 16
1704619730 24
1704619762 14
1704619794 24
1704619826 33
1704619858 17
1704619890 8



# Sketch: 18
1704619314 30
1704619346 8
1704619378 25
1704619410 21
1704619442 18
1704619474 32
1704619506 24
1704619538 18
1704619570 42
1704619602 22
1704619634 12
1704619666 29
1704619698 13
1704619730 22
1704619762 20
1704619794 24
1704619826 44
1704619858 29
1704619890 18



# Sketch: 19
1704619314 22
1704619346 22
1704619378 30
1704619410 28
1704619442 15
1704619474 16
1704619506 30
1704619538 24
1704619570 37
1704619602 29
1704619634 27
1704619666 15
1704619698 10
1704619730 46
1704619762 38
1704619794 25
1704619826 14
1704619858 32
1704619890 33



# Sketch: 20
1704619314 12
1704619346 30
1704619378 10
1704619410 15
1704619442 21
1704619474 10
1704619506 6
1704619538 17
1704619570 17
1704619602 9
1704619634 13
1704619666 9
1704619698 17
1704619730 12
1704619762 11
1704619794 18
1704619826 10
1704619858 10
1704619890 7



# Sketch: 21
1704619314 24
1704619346 10
1704619378 18
1704619410 23
1704619442 25
1704619474 20
1704619506 135
1704619538 24
1704619570 27
1704619602 23
1704619634 18
1704619666 13
1704619698 8
1704619730 35
1704619762 18
1704619794 21
1704619826 22
1704619858 59
1704619890 18



# Sketch: 22
1704619314 13
1704619346 7
1704619378 14
1704619410 21
1704619442 22
1704619474 19
1704619506 14
1704619538 19
1704619570 8
1704619602 20
1704619634 20
1704619666 11
1704619698 7
1704619730 37
1704619762 8
1704619794 21
1704619826 26
1704619858 13
1704619890 9



# Sketch: 23
1704619314 19
1704619346 18
1704619378 17
1704619410 17
1704619442 13
1704619474 32
1704619506 20
1704619538 9
1704619570 20
1704619602 27
1704619634 26
1704619666 12
1704619698 11
1704619730 24
1704619762 68
1704619794 34
1704619826 24
1704619858 24
1704619890 12



# Sketch: 24
1704619314 23
1704619346 6
1704619378 19
1704619410 30
1704619442 25
1704619474 15
1704619506 31
1704619538 16
1704619570 8
1704619602 25
1704619634 17
1704619666 14
1704619698 10
1704619730 15
1704619762 12
1704619794 5
1704619826 11
1704619858 11
1704619890 10



# Sketch: 25
1704619314 15
1704619346 16
1704619378 14
1704619410 18
1704619442 37
1704619474 27
1704619506 14
1704619538 20
1704619570 12
1704619602 19
1704619634 28
1704619666 20
1704619698 37
1704619730 26
1704619762 16
1704619794 25
1704619826 25
1704619858 20
1704619890 18



# Sketch: 26
1704619314 41
1704619346 19
1704619378 15
1704619410 22
1704619442 24
1704619474 15
1704619506 14
1704619538 23
1704619570 6
1704619602 9
1704619634 19
1704619666 14
1704619698 12
1704619730 10
1704619762 15
1704619794 25
1704619826 15
1704619858 14
1704619890 24



# Sketch: 27
1704619314 14
1704619346 8
1704619378 29
1704619410 47
1704619442 13
1704619474 26
1704619506 25
1704619538 12
1704619570 10
1704619602 20
1704619634 18
1704619666 18
1704619698 12
1704619730 29
1704619762 30
1704619794 10
1704619826 23
1704619858 17
1704619890 16



# Sketch: 28
1704619314 54
1704619346 12
1704619378 18
1704619410 20
1704619442 8
1704619474 9
1704619506 19
1704619538 21
1704619570 10
1704619602 9
1704619634 9
1704619666 17
1704619698 12
1704619730 19
1704619762 14
1704619794 23
1704619826 20
1704619858 7
1704619890 16



# Sketch: 29
1704619314 37
1704619346 23
1704619378 33
1704619410 15
1704619442 16
1704619474 34
1704619506 12
1704619538 23
1704619570 14
1704619602 20
1704619634 13
1704619666 24
1704619698 9
1704619730 13
1704619762 27
1704619794 19
1704619826 10
1704619858 23
1704619890 16



# Sketch: 30
1704619314 10
1704619346 5
1704619378 16
1704619410 15
1704619442 17
1704619474 21
1704619506 17
1704619538 26
1704619570 20
1704619602 16
1704619634 22
1704619666 22
1704619698 22
1704619730 21
1704619762 26
1704619794 18
1704619826 23
1704619858 42
1704619890 17



# Sketch: 31
1704619314 22
1704619346 17
1704619378 10
1704619410 9
1704619442 12
1704619474 20
1704619506 30
1704619538 3
1704619570 11
1704619602 19
1704619634 17
1704619666 19
1704619698 10
1704619730 21
1704619762 19
1704619794 17
1704619826 21
1704619858 24
1704619890 11

