

# Sketch: 0
1704565314 80
1704565442 65
1704565570 75
1704565698 63
1704565826 41



# Sketch: 1
1704565314 60
1704565442 43
1704565570 76
1704565698 43
1704565826 46



# Sketch: 2
1704565314 63
1704565442 78
1704565570 74
1704565698 103
1704565826 42



# Sketch: 3
1704565314 114
1704565442 94
1704565570 76
1704565698 84
1704565826 50



# Sketch: 4
1704565314 60
1704565442 51
1704565570 59
1704565698 116
1704565826 68



# Sketch: 5
1704565314 48
1704565442 66
1704565570 69
1704565698 53
1704565826 29



# Sketch: 6
1704565314 40
1704565442 43
1704565570 56
1704565698 45
1704565826 40



# Sketch: 7
1704565314 52
1704565442 45
1704565570 52
1704565698 49
1704565826 65



# Sketch: 8
1704565314 81
1704565442 62
1704565570 55
1704565698 59
1704565826 40



# Sketch: 9
1704565314 55
1704565442 66
1704565570 77
1704565698 60
1704565826 55



# Sketch: 10
1704565314 36
1704565442 48
1704565570 51
1704565698 44
1704565826 44



# Sketch: 11
1704565314 66
1704565442 54
1704565570 69
1704565698 53
1704565826 52



# Sketch: 12
1704565314 62
1704565442 50
1704565570 82
1704565698 45
1704565826 48



# Sketch: 13
1704565314 58
1704565442 87
1704565570 53
1704565698 72
1704565826 46



# Sketch: 14
1704565314 85
1704565442 74
1704565570 89
1704565698 68
1704565826 56



# Sketch: 15
1704565314 72
1704565442 52
1704565570 53
1704565698 85
1704565826 45



# Sketch: 16
1704565314 95
1704565442 59
1704565570 92
1704565698 51
1704565826 46



# Sketch: 17
1704565314 42
1704565442 76
1704565570 79
1704565698 57
1704565826 46



# Sketch: 18
1704565314 41
1704565442 48
1704565570 84
1704565698 83
1704565826 52



# Sketch: 19
1704565314 87
1704565442 57
1704565570 77
1704565698 48
1704565826 32



# Sketch: 20
1704565314 95
1704565442 50
1704565570 73
1704565698 57
1704565826 35



# Sketch: 21
1704565314 58
1704565442 30
1704565570 61
1704565698 42
1704565826 27



# Sketch: 22
1704565314 84
1704565442 77
1704565570 67
1704565698 60
1704565826 57



# Sketch: 23
1704565314 36
1704565442 62
1704565570 54
1704565698 38
1704565826 43



# Sketch: 24
1704565314 42
1704565442 62
1704565570 75
1704565698 35
1704565826 45



# Sketch: 25
1704565314 62
1704565442 73
1704565570 58
1704565698 44
1704565826 39



# Sketch: 26
1704565314 48
1704565442 50
1704565570 61
1704565698 53
1704565826 30



# Sketch: 27
1704565314 55
1704565442 92
1704565570 94
1704565698 67
1704565826 71



# Sketch: 28
1704565314 56
1704565442 65
1704565570 84
1704565698 55
1704565826 47



# Sketch: 29
1704565314 84
1704565442 129
1704565570 84
1704565698 75
1704565826 63



# Sketch: 30
1704565314 76
1704565442 61
1704565570 50
1704565698 50
1704565826 64



# Sketch: 31
1704565314 108
1704565442 76
1704565570 101
1704565698 75
1704565826 67

