

# Sketch: 0
1704565314 24
1704565378 27
1704565442 21
1704565506 41
1704565570 48
1704565634 35
1704565698 38
1704565762 25
1704565826 23
1704565890 18



# Sketch: 1
1704565314 33
1704565378 21
1704565442 31
1704565506 25
1704565570 72
1704565634 31
1704565698 31
1704565762 28
1704565826 37
1704565890 10



# Sketch: 2
1704565314 11
1704565378 26
1704565442 26
1704565506 22
1704565570 27
1704565634 33
1704565698 16
1704565762 29
1704565826 14
1704565890 16



# Sketch: 3
1704565314 33
1704565378 35
1704565442 36
1704565506 41
1704565570 40
1704565634 26
1704565698 42
1704565762 29
1704565826 31
1704565890 9



# Sketch: 4
1704565314 32
1704565378 33
1704565442 19
1704565506 55
1704565570 24
1704565634 24
1704565698 37
1704565762 27
1704565826 41
1704565890 6



# Sketch: 5
1704565314 41
1704565378 31
1704565442 29
1704565506 29
1704565570 36
1704565634 45
1704565698 44
1704565762 36
1704565826 49
1704565890 11



# Sketch: 6
1704565314 26
1704565378 59
1704565442 40
1704565506 44
1704565570 31
1704565634 51
1704565698 19
1704565762 26
1704565826 31
1704565890 21



# Sketch: 7
1704565314 47
1704565378 27
1704565442 35
1704565506 22
1704565570 43
1704565634 37
1704565698 31
1704565762 32
1704565826 31
1704565890 22



# Sketch: 8
1704565314 31
1704565378 40
1704565442 25
1704565506 19
1704565570 26
1704565634 40
1704565698 17
1704565762 23
1704565826 47
1704565890 9



# Sketch: 9
1704565314 38
1704565378 28
1704565442 25
1704565506 25
1704565570 55
1704565634 42
1704565698 26
1704565762 27
1704565826 34
1704565890 11



# Sketch: 10
1704565314 31
1704565378 30
1704565442 18
1704565506 24
1704565570 26
1704565634 28
1704565698 37
1704565762 21
1704565826 60
1704565890 3



# Sketch: 11
1704565314 25
1704565378 79
1704565442 23
1704565506 43
1704565570 30
1704565634 34
1704565698 38
1704565762 25
1704565826 44
1704565890 13



# Sketch: 12
1704565314 21
1704565378 30
1704565442 32
1704565506 44
1704565570 29
1704565634 64
1704565698 18
1704565762 12
1704565826 18
1704565890 14



# Sketch: 13
1704565314 14
1704565378 33
1704565442 32
1704565506 24
1704565570 24
1704565634 30
1704565698 23
1704565762 22
1704565826 17
1704565890 11



# Sketch: 14
1704565314 10
1704565378 28
1704565442 23
1704565506 23
1704565570 15
1704565634 24
1704565698 29
1704565762 23
1704565826 36
1704565890 16



# Sketch: 15
1704565314 18
1704565378 77
1704565442 49
1704565506 28
1704565570 30
1704565634 30
1704565698 58
1704565762 41
1704565826 35
1704565890 25



# Sketch: 16
1704565314 31
1704565378 33
1704565442 42
1704565506 23
1704565570 24
1704565634 33
1704565698 22
1704565762 17
1704565826 27
1704565890 10



# Sketch: 17
1704565314 42
1704565378 27
1704565442 25
1704565506 34
1704565570 34
1704565634 42
1704565698 19
1704565762 27
1704565826 32
1704565890 5



# Sketch: 18
1704565314 24
1704565378 18
1704565442 36
1704565506 24
1704565570 47
1704565634 36
1704565698 25
1704565762 49
1704565826 35
1704565890 19



# Sketch: 19
1704565314 41
1704565378 31
1704565442 26
1704565506 11
1704565570 42
1704565634 26
1704565698 29
1704565762 29
1704565826 16
1704565890 19



# Sketch: 20
1704565314 16
1704565378 29
1704565442 26
1704565506 34
1704565570 29
1704565634 45
1704565698 45
1704565762 16
1704565826 56
1704565890 13



# Sketch: 21
1704565314 20
1704565378 28
1704565442 30
1704565506 57
1704565570 45
1704565634 30
1704565698 19
1704565762 13
1704565826 38
1704565890 15



# Sketch: 22
1704565314 19
1704565378 33
1704565442 18
1704565506 25
1704565570 28
1704565634 22
1704565698 45
1704565762 13
1704565826 23
1704565890 5



# Sketch: 23
1704565314 52
1704565378 21
1704565442 37
1704565506 18
1704565570 34
1704565634 36
1704565698 39
1704565762 31
1704565826 35
1704565890 8



# Sketch: 24
1704565314 49
1704565378 38
1704565442 66
1704565506 46
1704565570 57
1704565634 44
1704565698 45
1704565762 64
1704565826 50
1704565890 11



# Sketch: 25
1704565314 22
1704565378 48
1704565442 30
1704565506 39
1704565570 29
1704565634 34
1704565698 26
1704565762 30
1704565826 34
1704565890 21



# Sketch: 26
1704565314 23
1704565378 47
1704565442 37
1704565506 14
1704565570 36
1704565634 38
1704565698 42
1704565762 30
1704565826 24
1704565890 12



# Sketch: 27
1704565314 34
1704565378 38
1704565442 27
1704565506 63
1704565570 38
1704565634 17
1704565698 39
1704565762 42
1704565826 25
1704565890 28



# Sketch: 28
1704565314 27
1704565378 32
1704565442 29
1704565506 42
1704565570 31
1704565634 30
1704565698 20
1704565762 21
1704565826 47
1704565890 5



# Sketch: 29
1704565314 43
1704565378 27
1704565442 46
1704565506 27
1704565570 41
1704565634 37
1704565698 29
1704565762 29
1704565826 42
1704565890 13



# Sketch: 30
1704565314 27
1704565378 48
1704565442 34
1704565506 23
1704565570 37
1704565634 28
1704565698 24
1704565762 26
1704565826 28
1704565890 2



# Sketch: 31
1704565314 65
1704565378 29
1704565442 50
1704565506 33
1704565570 50
1704565634 30
1704565698 53
1704565762 44
1704565826 57
1704565890 13

